<!DOCTYPE HTML>
<html>
  <head>
    <meta charset="UTF-8">
    <title>STREME</title>
    <script>
      // @JSON_VAR data
      var data = {
        "program": "streme",
        "version": "5.3.0",
        "release": "Wed Nov 25 19:19:29 2020 -0800",
        "cmd": [
          "streme", "--p", "T95R-WT-intersect.fa", "--oc",
          "T95R-WT-intersect", "--maxw", "21"
        ],
        "options": {
          "strands": "both",
          "objfun": "Differential Enrichment",
          "test": "Fisher Exact Test",
          "minw": 8,
          "maxw": 21,
          "kmer": 3,
          "hofract": 0.1,
          "neval": 25,
          "nref": 4,
          "niter": 20,
          "patience": 3,
          "seed": 0,
          "useer": false,
          "minscore": 0,
          "ignore_depth": 5,
          "nsubsets": 1,
          "min_pal_ratio": 0.85,
          "max_pal_ed": 5,
          "cand": false,
          "experimental": false,
          "totallength": 0,
          "stop": {
            "pvt": "0.05"
          }
        },
        "alphabet": {
          "name": "DNA",
          "like": "dna",
          "ncore": 4,
          "symbols": [
            {
              "symbol": "A",
              "name": "Adenine",
              "colour": "CC0000",
              "complement": "T"
            }, {
              "symbol": "C",
              "name": "Cytosine",
              "colour": "0000CC",
              "complement": "G"
            }, {
              "symbol": "G",
              "name": "Guanine",
              "colour": "FFB300",
              "complement": "C"
            }, {
              "symbol": "T",
              "aliases": "U",
              "name": "Thymine",
              "colour": "008000",
              "complement": "A"
            }, {
              "symbol": "N",
              "aliases": "X.",
              "name": "Any base",
              "equals": "ACGT"
            }, {
              "symbol": "V",
              "name": "Not T",
              "equals": "ACG"
            }, {
              "symbol": "H",
              "name": "Not G",
              "equals": "ACT"
            }, {
              "symbol": "D",
              "name": "Not C",
              "equals": "AGT"
            }, {
              "symbol": "B",
              "name": "Not A",
              "equals": "CGT"
            }, {
              "symbol": "M",
              "name": "Amino",
              "equals": "AC"
            }, {
              "symbol": "R",
              "name": "Purine",
              "equals": "AG"
            }, {
              "symbol": "W",
              "name": "Weak",
              "equals": "AT"
            }, {
              "symbol": "S",
              "name": "Strong",
              "equals": "CG"
            }, {
              "symbol": "Y",
              "name": "Pyrimidine",
              "equals": "CT"
            }, {
              "symbol": "K",
              "name": "Keto",
              "equals": "GT"
            }
          ]
        },
        "background": {
          "freqs": [0.279, 0.221, 0.221, 0.279]
        },
        "train_positives": {
          "file": "T95R-WT-intersect.fa",
          "count": 15980,
          "positions": 3227959
        },
        "train_negatives": {
          "from": "shuffled",
          "count": 15980,
          "positions": 3227959
        },
        "test_positives": {
          "count": 1775,
          "positions": 358549
        },
        "test_negatives": {
          "count": 1775,
          "positions": 358549
        },
        "sequence_db": {},
        "motifs": [
          {
            "db": 0,
            "id": "1-ASWCCAGCCTGGGCRACA",
            "alt": "STREME-1",
            "width": 18,
            "initial_width": 13,
            "seed": "ACTCCAGCCTGGGCGACA",
            "score_threshold": 13.9714,
            "train_pos_count": 1271,
            "train_neg_count": 3,
            "train_log_pvalue": -386.347,
            "train_pvalue": "4.5e-387",
            "train_dtc": -1.0,
            "train_bernoulli": -1,
            "test_pos_count": 125,
            "test_neg_count": 0,
            "test_log_pvalue": -38.6115,
            "test_pvalue": "2.4e-039",
            "test_dtc": -1.0,
            "test_bernoulli": -1,
            "elapsed_time": 79.3,
            "len": 18,
            "nsites": 1396,
            "evalue": "2.4e-039",
            "pwm": [
              [0.961971, 0.0168899, 0.0152035, 0.00593587], 
              [0.00762216, 0.593312, 0.36952, 0.0295457], 
              [0.357723, 0.00930137, 0.00930156, 0.623675], 
              [0.0211132, 0.922334, 0.0278509, 0.0287023], 
              [0.000877049, 0.950156, 2.6894e-05, 0.0489397], 
              [0.985579, 2.6894e-05, 0.00761509, 0.00677922], 
              [0.0295439, 0.00592903, 0.961121, 0.00340646], 
              [0.0126819, 0.937511, 0.00845836, 0.0413492], 
              [0.0227997, 0.937511, 0.0101445, 0.0295447], 
              [0.00509271, 0.017733, 0.00508575, 0.972089], 
              [0.0497801, 0.017733, 0.920649, 0.0118379], 
              [0.0835309, 0.00424267, 0.896173, 0.0160537], 
              [0.050625, 0.21605, 0.720643, 0.0126814], 
              [0.0287022, 0.686043, 0.0135171, 0.271738], 
              [0.577985, 0.00845833, 0.406777, 0.00677911], 
              [0.950167, 0.0109877, 0.0312233, 0.00762214], 
              [0.0211128, 0.891137, 0.0270084, 0.0607417], 
              [0.945108, 0.0109877, 0.0362824, 0.00762216]
            ]
          }, {
            "db": 0,
            "id": "2-CTGTAATCCCAGCWMYTTGGG",
            "alt": "STREME-2",
            "width": 21,
            "initial_width": 15,
            "seed": "CTGTAATCCCAGCACCTGGGG",
            "score_threshold": 14.3641,
            "train_pos_count": 1081,
            "train_neg_count": 0,
            "train_log_pvalue": -333.625,
            "train_pvalue": "2.4e-334",
            "train_dtc": -1.0,
            "train_bernoulli": -1,
            "test_pos_count": 109,
            "test_neg_count": 0,
            "test_log_pvalue": -33.5552,
            "test_pvalue": "2.8e-034",
            "test_dtc": -1.0,
            "test_bernoulli": -1,
            "elapsed_time": 172.0,
            "len": 21,
            "nsites": 1190,
            "evalue": "2.8e-034",
            "pwm": [
              [0.0120743, 0.931374, 0.00836309, 0.048189], 
              [0.00559285, 0.0204, 0.00373322, 0.970274], 
              [0.0898552, 0.0120666, 0.892485, 0.00559279], 
              [0.00651874, 0.0296595, 0.00373324, 0.960089], 
              [0.956385, 0.0120668, 0.0287332, 0.00281505], 
              [0.737838, 0.0046592, 0.250984, 0.00651872], 
              [0.00929654, 0.0231778, 2.95347e-05, 0.967496], 
              [0.0148522, 0.917488, 0.0203999, 0.0472598], 
              [0.0120743, 0.894334, 0.00280729, 0.090784], 
              [0.00744467, 0.914706, 2.95347e-05, 0.0778194], 
              [0.970274, 0.0018814, 0.0185482, 0.0092965], 
              [0.0657823, 0.00465915, 0.925818, 0.00374099], 
              [0.0185558, 0.918414, 0.0102149, 0.0528158], 
              [0.496114, 0.0102147, 0.0139184, 0.479753], 
              [0.474198, 0.484994, 0.0222518, 0.0185559], 
              [0.00374094, 0.476042, 0.00465913, 0.515558], 
              [0.00837058, 0.0268816, 0.0139184, 0.950829], 
              [0.0241122, 0.300092, 0.0259556, 0.64984], 
              [0.193595, 0.0213262, 0.763745, 0.0213338], 
              [0.0722605, 0.00743693, 0.907302, 0.0130002], 
              [0.0667054, 0.000955446, 0.922117, 0.0102224]
            ]
          }, {
            "db": 0,
            "id": "3-CYGTCTCWAAAAAAAAAA",
            "alt": "STREME-3",
            "width": 18,
            "initial_width": 18,
            "seed": "CTGTCTCAAAAAAAAAAA",
            "score_threshold": 13.4772,
            "train_pos_count": 1139,
            "train_neg_count": 22,
            "train_log_pvalue": -311.99,
            "train_pvalue": "1.0e-312",
            "train_dtc": -1.0,
            "train_bernoulli": -1,
            "test_pos_count": 107,
            "test_neg_count": 2,
            "test_log_pvalue": -29.7238,
            "test_pvalue": "1.9e-030",
            "test_dtc": -1.0,
            "test_bernoulli": -1,
            "elapsed_time": 449.2,
            "len": 18,
            "nsites": 1246,
            "evalue": "1.9e-030",
            "pwm": [
              [0.00185034, 0.929152, 0.00819144, 0.0608064], 
              [0.0136406, 0.51168, 0.00819159, 0.466487], 
              [0.264834, 0.00819136, 0.711519, 0.0154557], 
              [0.010013, 0.0239867, 2.8929e-05, 0.965971], 
              [0.0100129, 0.960899, 0.0100055, 0.0190826], 
              [0.00457119, 0.00819136, 0.0036567, 0.983581], 
              [0.0345021, 0.928248, 0.00456367, 0.0326867], 
              [0.615202, 0.0163542, 0.010913, 0.357531], 
              [0.946925, 0.00909841, 0.033057, 0.0109198], 
              [0.652387, 0.301292, 0.0163538, 0.0299664], 
              [0.711339, 0.0208888, 0.0199816, 0.24779], 
              [0.943675, 0.0254235, 0.0145399, 0.0163613], 
              [0.942768, 0.0145399, 0.0227027, 0.0199891], 
              [0.930977, 0.0245168, 0.0245166, 0.0199893], 
              [0.925536, 0.0245166, 0.015447, 0.0345001], 
              [0.926443, 0.0100052, 0.0326797, 0.0308725], 
              [0.689572, 0.0217956, 0.0190749, 0.269557], 
              [0.910118, 0.0281441, 0.0127264, 0.0490116]
            ]
          }, {
            "db": 0,
            "id": "4-AGGCTGAGGCRGGAGRATCR",
            "alt": "STREME-4",
            "width": 20,
            "initial_width": 19,
            "seed": "AGGCTGAGGCAGGAGAATCA",
            "score_threshold": 13.7489,
            "train_pos_count": 1037,
            "train_neg_count": 2,
            "train_log_pvalue": -314.554,
            "train_pvalue": "2.8e-315",
            "train_dtc": -1.0,
            "train_bernoulli": -1,
            "test_pos_count": 100,
            "test_neg_count": 1,
            "test_log_pvalue": -29.0064,
            "test_pvalue": "9.9e-030",
            "test_dtc": -1.0,
            "test_bernoulli": -1,
            "elapsed_time": 279.7,
            "len": 20,
            "nsites": 1137,
            "evalue": "9.9e-030",
            "pwm": [
              [0.971863, 3.08371e-05, 0.0232331, 0.00487265], 
              [0.0464435, 0.00293113, 0.94962, 0.00100564], 
              [0.0319422, 0.00389785, 0.95252, 0.01164], 
              [0.00293917, 0.950587, 0.00389787, 0.0425763], 
              [0.0135735, 0.310383, 0.00873165, 0.667312], 
              [0.173096, 0.00583138, 0.817167, 0.00390596], 
              [0.988298, 0.00099758, 0.0106652, 3.88986e-05], 
              [0.0522446, 3.08371e-05, 0.941885, 0.00583944], 
              [0.0570786, 0.00776495, 0.92835, 0.00680623], 
              [0.0203409, 0.682776, 0.0125988, 0.284285], 
              [0.576432, 0.00873165, 0.401263, 0.0135735], 
              [0.0599788, 0.0271006, 0.897413, 0.0155073], 
              [0.0522447, 0.00486459, 0.942852, 3.88986e-05], 
              [0.659574, 0.177924, 0.00873158, 0.15377], 
              [0.127657, 0.00099758, 0.866472, 0.00487276], 
              [0.445909, 0.00486459, 0.549187, 3.88986e-05], 
              [0.988298, 0.00873165, 0.00099758, 0.00197243], 
              [0.0116402, 0.0338676, 0.00969848, 0.944794], 
              [0.0290421, 0.71462, 0.080327, 0.17601], 
              [0.530883, 0.0309685, 0.407172, 0.030977]
            ]
          }, {
            "db": 0,
            "id": "5-CCACCAYGCCYRGCYA",
            "alt": "STREME-5",
            "width": 16,
            "initial_width": 17,
            "seed": "CCACCACGCCCGGCTA",
            "score_threshold": 15.1026,
            "train_pos_count": 844,
            "train_neg_count": 9,
            "train_log_pvalue": -240.835,
            "train_pvalue": "1.5e-241",
            "train_dtc": -1.0,
            "train_bernoulli": -1,
            "test_pos_count": 92,
            "test_neg_count": 0,
            "test_log_pvalue": -28.2205,
            "test_pvalue": "6.0e-029",
            "test_dtc": -1.0,
            "test_bernoulli": -1,
            "elapsed_time": 608.9,
            "len": 16,
            "nsites": 936,
            "evalue": "6.0e-029",
            "pwm": [
              [0.00707544, 0.969412, 0.0023801, 0.0211325], 
              [0.0012185, 0.96707, 0.00355149, 0.0281603], 
              [0.979964, 0.00472294, 0.0152654, 4.7132e-05], 
              [0.0094183, 0.935441, 3.73642e-05, 0.0551038], 
              [0.00590407, 0.824841, 0.0110659, 0.158189], 
              [0.684278, 0.0058943, 0.296895, 0.0129325], 
              [0.00707541, 0.613253, 0.0105798, 0.369092], 
              [0.274181, 0.0164368, 0.702307, 0.00707533], 
              [4.7132e-05, 0.942469, 0.00823709, 0.0492467], 
              [0.00356128, 0.975269, 3.73642e-05, 0.0211321], 
              [0.0199614, 0.626138, 0.00472288, 0.349178], 
              [0.340967, 3.73642e-05, 0.656606, 0.00238986], 
              [0.0398751, 0.00589433, 0.954183, 4.7132e-05], 
              [0.0105898, 0.968241, 0.00823706, 0.0129324], 
              [0.0129323, 0.381924, 0.014094, 0.591049], 
              [0.690137, 0.109465, 0.0480644, 0.152334]
            ]
          }, {
            "db": 0,
            "id": "6-CTTGARCCCRGGAGKY",
            "alt": "STREME-6",
            "width": 16,
            "initial_width": 16,
            "seed": "CTTGAACCCGGGAGGC",
            "score_threshold": 13.1812,
            "train_pos_count": 973,
            "train_neg_count": 23,
            "train_log_pvalue": -259.703,
            "train_pvalue": "2.0e-260",
            "train_dtc": -1.0,
            "train_bernoulli": -1,
            "test_pos_count": 96,
            "test_neg_count": 1,
            "test_log_pvalue": -27.7704,
            "test_pvalue": "1.7e-028",
            "test_dtc": -1.0,
            "test_bernoulli": -1,
            "elapsed_time": 530.8,
            "len": 16,
            "nsites": 1069,
            "evalue": "1.7e-028",
            "pwm": [
              [4.10768e-05, 0.948837, 0.00207436, 0.0490473], 
              [0.0265848, 0.163492, 0.0694633, 0.74046], 
              [0.00310375, 0.0184088, 0.0102415, 0.968246], 
              [0.0378144, 3.25639e-05, 0.950882, 0.0112709], 
              [0.988664, 3.25639e-05, 0.0112624, 4.10768e-05], 
              [0.498416, 0.00615796, 0.495385, 4.10768e-05], 
              [0.0153548, 0.662811, 0.269726, 0.0521085], 
              [0.00922915, 0.749615, 0.00309524, 0.23806], 
              [0.0184171, 0.786469, 0.0081999, 0.186914], 
              [0.633298, 0.0112624, 0.345189, 0.01025], 
              [0.0500658, 0.0112624, 0.925359, 0.0133128], 
              [0.0439402, 0.00309533, 0.942714, 0.0102501], 
              [0.989685, 0.00207432, 0.00513699, 0.00310375], 
              [0.0674225, 0.00717889, 0.91719, 0.00820823], 
              [0.0173962, 0.0194296, 0.548434, 0.41474], 
              [0.00616641, 0.390165, 0.0153462, 0.588322]
            ]
          }, {
            "db": 0,
            "id": "7-GCAGTGAGCCRAGATCRYGCC",
            "alt": "STREME-7",
            "width": 21,
            "initial_width": 9,
            "seed": "GCAGTGAGCCGAGATCGCGCC",
            "score_threshold": 12.4669,
            "train_pos_count": 711,
            "train_neg_count": 2,
            "train_log_pvalue": -212.717,
            "train_pvalue": "1.9e-213",
            "train_dtc": -1.0,
            "train_bernoulli": -1,
            "test_pos_count": 69,
            "test_neg_count": 1,
            "test_log_pvalue": -19.5052,
            "test_pvalue": "3.1e-020",
            "test_dtc": -1.0,
            "test_bernoulli": -1,
            "elapsed_time": 361.1,
            "len": 21,
            "nsites": 780,
            "evalue": "3.1e-020",
            "pwm": [
              [0.0290777, 0.00294824, 0.9447, 0.0232739], 
              [0.00296034, 0.9447, 0.00294824, 0.0493912], 
              [0.918595, 0.0160069, 0.0522813, 0.0131171], 
              [0.0551957, 0.011654, 0.927288, 0.00586223], 
              [0.00441128, 0.0218109, 0.00875208, 0.965026], 
              [0.0319796, 0.00875208, 0.949053, 0.0102151], 
              [0.989692, 0.00149723, 0.00730114, 0.00150933], 
              [0.0363327, 0.0131049, 0.949053, 0.00150933], 
              [0.00441128, 0.960661, 0.00439912, 0.0305288], 
              [0.0334306, 0.644333, 0.0334185, 0.288818], 
              [0.327994, 0.0189088, 0.650137, 0.00296027], 
              [0.870712, 0.014556, 0.00439918, 0.110333], 
              [0.0290779, 0.011654, 0.938896, 0.020372], 
              [0.946163, 0.0145559, 0.0276151, 0.0116662], 
              [0.00586229, 0.0334185, 0.00149723, 0.959222], 
              [0.0305287, 0.682062, 0.0551846, 0.232224], 
              [0.336707, 0.0261639, 0.612405, 0.0247248], 
              [0.016019, 0.592089, 0.0334186, 0.358473], 
              [0.293169, 0.0261637, 0.671903, 0.00876418], 
              [0.0189209, 0.918583, 0.011654, 0.0508425], 
              [0.0145681, 0.941798, 0.00439918, 0.0392346]
            ]
          }, {
            "db": 0,
            "id": "8-AAAAAAAAAAAAAAANAAA",
            "alt": "STREME-8",
            "width": 19,
            "initial_width": 15,
            "seed": "AAAAAAAAAAAGAAAGAAA",
            "score_threshold": 10.7514,
            "train_pos_count": 1736,
            "train_neg_count": 751,
            "train_log_pvalue": -95.7459,
            "train_pvalue": "1.8e-096",
            "train_dtc": -1.0,
            "train_bernoulli": -1,
            "test_pos_count": 202,
            "test_neg_count": 88,
            "test_log_pvalue": -11.9177,
            "test_pvalue": "1.2e-012",
            "test_dtc": -1.0,
            "test_bernoulli": -1,
            "elapsed_time": 1126.8,
            "len": 19,
            "nsites": 1938,
            "evalue": "1.2e-012",
            "pwm": [
              [0.987229, 0.0127293, 1.84291e-05, 2.32468e-05], 
              [0.99994, 1.84291e-05, 1.84291e-05, 2.32468e-05], 
              [0.919969, 1.84291e-05, 0.0487901, 0.0312222], 
              [0.547476, 0.142151, 0.18613, 0.124243], 
              [0.760049, 0.149201, 0.0242844, 0.0664658], 
              [0.768256, 0.0832185, 0.0826381, 0.0658877], 
              [0.931475, 1.84291e-05, 0.068483, 2.32468e-05], 
              [0.62894, 0.140995, 0.114827, 0.115239], 
              [0.936963, 0.0242851, 0.0248621, 0.0138895], 
              [0.770569, 0.0965044, 0.132326, 0.000600997], 
              [0.716834, 0.104596, 0.0780173, 0.100553], 
              [0.497835, 0.151394, 0.222484, 0.128287], 
              [0.964119, 0.00926271, 0.0029072, 0.0237114], 
              [0.871608, 0.102283, 0.0226197, 0.0034898], 
              [0.873171, 0.00752932, 0.0875002, 0.0317999], 
              [0.316217, 0.199203, 0.316337, 0.168243], 
              [0.681749, 0.118004, 0.0828786, 0.117369], 
              [0.660661, 0.103842, 0.102108, 0.133389], 
              [0.739114, 0.107084, 0.0625257, 0.0912762]
            ]
          }, {
            "db": 0,
            "id": "9-GAGYGAGAC",
            "alt": "STREME-9",
            "width": 9,
            "initial_width": 9,
            "seed": "GAGCGAGAC",
            "score_threshold": 11.5972,
            "train_pos_count": 798,
            "train_neg_count": 179,
            "train_log_pvalue": -96.0938,
            "train_pvalue": "8.1e-097",
            "train_dtc": -1.0,
            "train_bernoulli": -1,
            "test_pos_count": 87,
            "test_neg_count": 24,
            "test_log_pvalue": -9.39866,
            "test_pvalue": "4.0e-010",
            "test_dtc": -1.0,
            "test_bernoulli": -1,
            "elapsed_time": 847.3,
            "len": 9,
            "nsites": 885,
            "evalue": "4.0e-010",
            "pwm": [
              [0.0104193, 0.0314384, 0.865612, 0.0925299], 
              [0.976028, 0.0237875, 8.14223e-05, 0.000102708], 
              [0.0192923, 0.00720531, 0.969467, 0.0040353], 
              [0.000102708, 0.658325, 8.14223e-05, 0.341491], 
              [0.192975, 8.14223e-05, 0.79501, 0.0119335], 
              [0.980292, 0.0016325, 0.0059653, 0.0121098], 
              [0.100248, 8.14223e-05, 0.899568, 0.000102708], 
              [0.988746, 8.14223e-05, 0.00502702, 0.00614555], 
              [0.00556018, 0.994256, 8.14223e-05, 0.000102708]
            ]
          }, {
            "db": 0,
            "id": "10-GAAASTGAAA",
            "alt": "STREME-10",
            "width": 10,
            "initial_width": 8,
            "seed": "GAAACTGAAA",
            "score_threshold": 10.5788,
            "train_pos_count": 831,
            "train_neg_count": 433,
            "train_log_pvalue": -30.1139,
            "train_pvalue": "7.7e-031",
            "train_dtc": -1.0,
            "train_bernoulli": -1,
            "test_pos_count": 121,
            "test_neg_count": 53,
            "test_log_pvalue": -7.16825,
            "test_pvalue": "6.8e-008",
            "test_dtc": -1.0,
            "test_bernoulli": -1,
            "elapsed_time": 1984.6,
            "len": 10,
            "nsites": 952,
            "evalue": "6.8e-008",
            "pwm": [
              [0.000247746, 0.000196403, 0.999308, 0.000247746], 
              [0.841367, 0.0509138, 0.0952696, 0.0124499], 
              [0.973322, 0.000196403, 0.000196403, 0.0262853], 
              [0.999359, 0.000196403, 0.000196403, 0.000247746], 
              [0.087968, 0.566631, 0.325203, 0.0201989], 
              [0.144042, 0.00919152, 0.0111775, 0.835589], 
              [0.0233536, 0.000196403, 0.952343, 0.0241074], 
              [0.900175, 0.0753115, 0.0131369, 0.0113762], 
              [0.857252, 0.00917115, 0.0954123, 0.0381646], 
              [0.976466, 0.0230903, 0.000196403, 0.000247746]
            ]
          }, {
            "db": 0,
            "id": "11-GGTTTCACCA",
            "alt": "STREME-11",
            "width": 10,
            "initial_width": 10,
            "seed": "GGTTTCACCA",
            "score_threshold": 17.1933,
            "train_pos_count": 242,
            "train_neg_count": 7,
            "train_log_pvalue": -62.2865,
            "train_pvalue": "5.2e-063",
            "train_dtc": -1.0,
            "train_bernoulli": -1,
            "test_pos_count": 26,
            "test_neg_count": 1,
            "test_log_pvalue": -6.71773,
            "test_pvalue": "1.9e-007",
            "test_dtc": -1.0,
            "test_bernoulli": -1,
            "elapsed_time": 1460.2,
            "len": 10,
            "nsites": 268,
            "evalue": "1.9e-007",
            "pwm": [
              [0.000187689, 0.000148791, 0.999476, 0.000187689], 
              [0.000187689, 0.000148791, 0.999476, 0.000187689], 
              [0.000187689, 0.000148791, 0.000148791, 0.999515], 
              [0.000187689, 0.000148791, 0.000148791, 0.999515], 
              [0.000187689, 0.000148791, 0.000148791, 0.999515], 
              [0.000187689, 0.999476, 0.000148791, 0.000187689], 
              [0.934125, 0.000148791, 0.0655386, 0.000187689], 
              [0.000187689, 0.999476, 0.000148791, 0.000187689], 
              [0.000187689, 0.991648, 0.00797658, 0.000187689], 
              [0.892369, 0.000148791, 0.107295, 0.000187689]
            ]
          }, {
            "db": 0,
            "id": "12-CATTTTACAGATGARGAAAC",
            "alt": "STREME-12",
            "width": 20,
            "initial_width": 9,
            "seed": "CATTTTACAGATGAAGAAAC",
            "score_threshold": 15.1433,
            "train_pos_count": 250,
            "train_neg_count": 7,
            "train_log_pvalue": -64.624,
            "train_pvalue": "2.4e-065",
            "train_dtc": -1.0,
            "train_bernoulli": -1,
            "test_pos_count": 27,
            "test_neg_count": 2,
            "test_log_pvalue": -6.12759,
            "test_pvalue": "7.5e-007",
            "test_dtc": -1.0,
            "test_bernoulli": -1,
            "elapsed_time": 1820.9,
            "len": 20,
            "nsites": 277,
            "evalue": "7.5e-007",
            "pwm": [
              [0.01266, 0.782996, 0.000132826, 0.204211], 
              [0.874642, 0.058431, 0.0376103, 0.0293166], 
              [0.0667941, 0.0625955, 0.0334464, 0.837164], 
              [0.00016755, 0.0251176, 0.000132826, 0.974582], 
              [0.00433165, 0.0376105, 0.0292819, 0.928776], 
              [0.00433165, 0.187521, 0.0251176, 0.78303], 
              [0.86215, 0.00429693, 0.0917444, 0.0418091], 
              [0.0584657, 0.70804, 0.0709237, 0.16257], 
              [0.949597, 0.00429693, 0.0209537, 0.0251524], 
              [0.21254, 0.0376103, 0.733026, 0.0168241], 
              [0.833, 0.00846103, 0.0917444, 0.0667943], 
              [0.0876152, 0.0501028, 0.0376103, 0.824672], 
              [0.21254, 0.000132826, 0.753846, 0.0334809], 
              [0.766374, 0.0417748, 0.100072, 0.0917789], 
              [0.316644, 0.0209537, 0.628921, 0.0334807], 
              [0.237525, 0.0292817, 0.674727, 0.0584659], 
              [0.978746, 0.000132826, 0.0126251, 0.00849594], 
              [0.878806, 0.0417746, 0.0459387, 0.0334807], 
              [0.841329, 0.058431, 0.0750876, 0.0251525], 
              [0.0543016, 0.695549, 0.058431, 0.191719]
            ]
          }, {
            "db": 0,
            "id": "13-GCACATAGTAGGTRC",
            "alt": "STREME-13",
            "width": 15,
            "initial_width": 10,
            "seed": "GCACATAGTAGATAC",
            "score_threshold": 14.8933,
            "train_pos_count": 116,
            "train_neg_count": 10,
            "train_log_pvalue": -23.6826,
            "train_pvalue": "2.1e-024",
            "train_dtc": -1.0,
            "train_bernoulli": -1,
            "test_pos_count": 17,
            "test_neg_count": 0,
            "test_log_pvalue": -5.13423,
            "test_pvalue": "7.3e-006",
            "test_dtc": -1.0,
            "test_bernoulli": -1,
            "elapsed_time": 3758.6,
            "len": 15,
            "nsites": 133,
            "evalue": "7.3e-006",
            "pwm": [
              [0.201638, 0.0389633, 0.673911, 0.085487], 
              [0.0312844, 0.85975, 0.00024699, 0.108718], 
              [0.852072, 0.0312202, 0.00024699, 0.116461], 
              [0.00805469, 0.813292, 0.00024699, 0.178406], 
              [0.968222, 0.0157332, 0.00024699, 0.0157978], 
              [0.0312848, 0.139626, 0.0931663, 0.735923], 
              [0.898532, 0.00024699, 0.0544496, 0.0467714], 
              [0.0390279, 0.00024699, 0.960414, 0.000311558], 
              [0.0235409, 0.038963, 0.00024699, 0.937249], 
              [0.999194, 0.00024699, 0.00024699, 0.000311558], 
              [0.279069, 0.0234767, 0.681656, 0.0157978], 
              [0.131949, 0.0389633, 0.743601, 0.085487], 
              [0.11646, 0.209315, 0.0544496, 0.619775], 
              [0.480395, 0.0699366, 0.43387, 0.0157978], 
              [0.0235413, 0.759088, 0.07768, 0.13969]
            ]
          }, {
            "db": 0,
            "id": "14-AGGAAGTG",
            "alt": "STREME-14",
            "width": 8,
            "initial_width": 8,
            "seed": "AGGAAGTG",
            "score_threshold": 10.1329,
            "train_pos_count": 1914,
            "train_neg_count": 1043,
            "train_log_pvalue": -63.7075,
            "train_pvalue": "2.0e-064",
            "train_dtc": -1.0,
            "train_bernoulli": -1,
            "test_pos_count": 203,
            "test_neg_count": 129,
            "test_log_pvalue": -4.91844,
            "test_pvalue": "1.2e-005",
            "test_dtc": -1.0,
            "test_bernoulli": -1,
            "elapsed_time": 1387.4,
            "len": 8,
            "nsites": 2117,
            "evalue": "1.2e-005",
            "pwm": [
              [0.863591, 0.102592, 0.0336772, 0.000139776], 
              [0.000139776, 0.00575617, 0.993964, 0.000139776], 
              [0.000139776, 0.000110808, 0.976101, 0.0236485], 
              [0.999639, 0.000110808, 0.000110808, 0.000139776], 
              [0.900995, 0.0351892, 0.000110808, 0.0637046], 
              [0.164577, 0.000110808, 0.835173, 0.000139776], 
              [0.0436766, 0.0144247, 0.0836456, 0.858253], 
              [0.0976731, 0.0791201, 0.798959, 0.024248]
            ]
          }, {
            "db": 0,
            "id": "15-ACACACACAYACA",
            "alt": "STREME-15",
            "width": 13,
            "initial_width": 13,
            "seed": "ACACACACATACA",
            "score_threshold": 13.3083,
            "train_pos_count": 487,
            "train_neg_count": 153,
            "train_log_pvalue": -41.8313,
            "train_pvalue": "1.5e-042",
            "train_dtc": -1.0,
            "train_bernoulli": -1,
            "test_pos_count": 46,
            "test_neg_count": 15,
            "test_log_pvalue": -4.41413,
            "test_pvalue": "3.9e-005",
            "test_dtc": -1.0,
            "test_bernoulli": -1,
            "elapsed_time": 1716.5,
            "len": 13,
            "nsites": 533,
            "evalue": "3.9e-005",
            "pwm": [
              [0.871687, 0.000106758, 0.0751321, 0.0530747], 
              [0.0492806, 0.644745, 0.000106758, 0.305868], 
              [0.966182, 0.0302292, 0.0034537, 0.000134667], 
              [0.00931037, 0.677005, 0.0335761, 0.280108], 
              [0.873242, 0.000106758, 0.126516, 0.000134667], 
              [0.000134667, 0.715487, 0.0794436, 0.204935], 
              [0.973095, 0.0083574, 0.000106758, 0.0184406], 
              [0.000134667, 0.812736, 0.000106758, 0.187022], 
              [0.905373, 0.0701598, 0.0243328, 0.000134667], 
              [0.0236024, 0.394977, 0.000106758, 0.581313], 
              [0.90078, 0.011251, 0.0878339, 0.000134667], 
              [0.000134667, 0.905993, 0.000106758, 0.0937652], 
              [0.937208, 0.0625507, 0.000106758, 0.000134667]
            ]
          }, {
            "db": 0,
            "id": "16-ATTTTTAAAA",
            "alt": "STREME-16",
            "width": 10,
            "initial_width": 10,
            "seed": "ATTTTTAAAA",
            "score_threshold": 11.7746,
            "train_pos_count": 749,
            "train_neg_count": 408,
            "train_log_pvalue": -24.2454,
            "train_pvalue": "5.7e-025",
            "train_dtc": -1.0,
            "train_bernoulli": -1,
            "test_pos_count": 86,
            "test_neg_count": 43,
            "test_log_pvalue": -4.13704,
            "test_pvalue": "7.3e-005",
            "test_dtc": -1.0,
            "test_bernoulli": -1,
            "elapsed_time": 2231.5,
            "len": 10,
            "nsites": 835,
            "evalue": "7.3e-005",
            "pwm": [
              [0.934266, 0.000259436, 0.0651471, 0.000327258], 
              [0.0877058, 0.000259436, 0.000259436, 0.911775], 
              [0.000327258, 0.0414665, 0.0243323, 0.933874], 
              [0.0970967, 0.000259436, 0.000259436, 0.902384], 
              [0.000327258, 0.000259436, 0.0401307, 0.959283], 
              [0.000327258, 0.000259436, 0.000259436, 0.999154], 
              [0.830573, 0.000259436, 0.000259436, 0.168908], 
              [0.999154, 0.000259436, 0.000259436, 0.000327258], 
              [0.855233, 0.000259436, 0.0451661, 0.0993412], 
              [0.828778, 0.00928824, 0.000259436, 0.161674]
            ]
          }, {
            "db": 0,
            "id": "17-CCACCTCC",
            "alt": "STREME-17",
            "width": 8,
            "initial_width": 8,
            "seed": "CCACCTCC",
            "score_threshold": 9.49579,
            "train_pos_count": 2518,
            "train_neg_count": 1919,
            "train_log_pvalue": -21.7654,
            "train_pvalue": "1.7e-022",
            "train_dtc": -1.0,
            "train_bernoulli": -1,
            "test_pos_count": 290,
            "test_neg_count": 212,
            "test_log_pvalue": -3.9927,
            "test_pvalue": "1.0e-004",
            "test_dtc": -1.0,
            "test_bernoulli": -1,
            "elapsed_time": 2731.7,
            "len": 8,
            "nsites": 2808,
            "evalue": "1.0e-004",
            "pwm": [
              [0.000207785, 0.967034, 0.000164723, 0.0325939], 
              [0.0052241, 0.73346, 0.0812708, 0.180045], 
              [0.680869, 0.000164723, 0.318758, 0.000207785], 
              [0.0279573, 0.889113, 0.000164723, 0.082765], 
              [0.0475072, 0.701574, 0.0306116, 0.220307], 
              [0.188576, 0.000164723, 0.0635806, 0.747678], 
              [0.156134, 0.843493, 0.000164723, 0.000207785], 
              [0.000207785, 0.99942, 0.000164723, 0.000207785]
            ]
          }, {
            "db": 0,
            "id": "18-VTGASTCAB",
            "alt": "STREME-18",
            "width": 9,
            "initial_width": 5,
            "seed": "ATGACTCAG",
            "score_threshold": 10.8044,
            "train_pos_count": 996,
            "train_neg_count": 630,
            "train_log_pvalue": -20.27,
            "train_pvalue": "5.4e-021",
            "train_dtc": -1.0,
            "train_bernoulli": -1,
            "test_pos_count": 116,
            "test_neg_count": 68,
            "test_log_pvalue": -3.75774,
            "test_pvalue": "1.7e-004",
            "test_dtc": -1.0,
            "test_bernoulli": -1,
            "elapsed_time": 2549.4,
            "len": 9,
            "nsites": 1112,
            "evalue": "1.7e-004",
            "pwm": [
              [0.407061, 0.227544, 0.269042, 0.0963528], 
              [0.000221806, 0.000175839, 0.000175839, 0.999427], 
              [0.000221806, 0.000175839, 0.667368, 0.332235], 
              [0.999427, 0.000175839, 0.000175839, 0.000221806], 
              [0.000221806, 0.499778, 0.499778, 0.000221806], 
              [0.000221806, 0.000175839, 0.000175839, 0.999427], 
              [0.332235, 0.667368, 0.000175839, 0.000221806], 
              [0.999427, 0.000175839, 0.000175839, 0.000221806], 
              [0.0963528, 0.269042, 0.227544, 0.407061]
            ]
          }, {
            "db": 0,
            "id": "19-CCCCACCCCC",
            "alt": "STREME-19",
            "width": 10,
            "initial_width": 10,
            "seed": "CCCCACCCCC",
            "score_threshold": 13.5197,
            "train_pos_count": 645,
            "train_neg_count": 151,
            "train_log_pvalue": -74.7115,
            "train_pvalue": "1.9e-075",
            "train_dtc": -1.0,
            "train_bernoulli": -1,
            "test_pos_count": 62,
            "test_neg_count": 28,
            "test_log_pvalue": -3.73293,
            "test_pvalue": "1.8e-004",
            "test_dtc": -1.0,
            "test_bernoulli": -1,
            "elapsed_time": 1272.3,
            "len": 10,
            "nsites": 707,
            "evalue": "1.8e-004",
            "pwm": [
              [0.00908854, 0.983358, 0.000262003, 0.00729132], 
              [0.0171078, 0.968889, 0.00520957, 0.0087932], 
              [0.0048085, 0.989869, 0.00138315, 0.00393982], 
              [0.020962, 0.957224, 0.0129078, 0.00890584], 
              [0.790385, 0.00010017, 0.137061, 0.0724542], 
              [0.0470181, 0.855589, 0.0765305, 0.0208619], 
              [0.00986718, 0.958729, 0.0176758, 0.013728], 
              [0.0198987, 0.94352, 0.015544, 0.0210373], 
              [0.0876061, 0.871169, 0.0211546, 0.0200703], 
              [0.069096, 0.850162, 0.066806, 0.0139364]
            ]
          }, {
            "db": 0,
            "id": "20-CCCCTCCC",
            "alt": "STREME-20",
            "width": 8,
            "initial_width": 8,
            "seed": "CCCCTCCC",
            "score_threshold": 10.4103,
            "train_pos_count": 2000,
            "train_neg_count": 1275,
            "train_log_pvalue": -40.5395,
            "train_pvalue": "2.9e-041",
            "train_dtc": -1.0,
            "train_bernoulli": -1,
            "test_pos_count": 201,
            "test_neg_count": 147,
            "test_log_pvalue": -2.86426,
            "test_pvalue": "1.4e-003",
            "test_dtc": -1.0,
            "test_bernoulli": -1,
            "elapsed_time": 1532.3,
            "len": 8,
            "nsites": 2201,
            "evalue": "1.4e-003",
            "pwm": [
              [0.000298647, 0.726901, 0.000236755, 0.272563], 
              [0.000298647, 0.999166, 0.000236755, 0.000298647], 
              [0.000298647, 0.999166, 0.000236755, 0.000298647], 
              [0.0728101, 0.744502, 0.000236755, 0.182451], 
              [0.000298647, 0.000236755, 0.329598, 0.669867], 
              [0.000298647, 0.999166, 0.000236755, 0.000298647], 
              [0.000298647, 0.999166, 0.000236755, 0.000298647], 
              [0.000298647, 0.999166, 0.000236755, 0.000298647]
            ]
          }, {
            "db": 0,
            "id": "21-AATAAATR",
            "alt": "STREME-21",
            "width": 8,
            "initial_width": 8,
            "seed": "AATAAATA",
            "score_threshold": 8.3908,
            "train_pos_count": 4036,
            "train_neg_count": 3203,
            "train_log_pvalue": -28.3407,
            "train_pvalue": "4.6e-029",
            "train_dtc": -1.0,
            "train_bernoulli": -1,
            "test_pos_count": 453,
            "test_neg_count": 377,
            "test_log_pvalue": -2.83488,
            "test_pvalue": "1.5e-003",
            "test_dtc": -1.0,
            "test_bernoulli": -1,
            "elapsed_time": 2075.1,
            "len": 8,
            "nsites": 4489,
            "evalue": "1.5e-003",
            "pwm": [
              [0.926219, 0.000174599, 0.011866, 0.0617406], 
              [0.826625, 0.000174599, 0.0779635, 0.0952373], 
              [0.000220243, 0.000174599, 0.000174599, 0.999431], 
              [0.876113, 0.000174599, 0.123492, 0.000220243], 
              [0.822762, 0.0666682, 0.000174599, 0.110395], 
              [0.71599, 0.22295, 0.0425796, 0.0184799], 
              [0.000220243, 0.0688433, 0.000174599, 0.930762], 
              [0.629375, 0.000174599, 0.37023, 0.000220243]
            ]
          }, {
            "db": 0,
            "id": "22-GCGTGAGCCACYGYRCC",
            "alt": "STREME-22",
            "width": 17,
            "initial_width": 11,
            "seed": "GCGTGAGCCACTGCATC",
            "score_threshold": 18.3622,
            "train_pos_count": 126,
            "train_neg_count": 1,
            "train_log_pvalue": -36.2293,
            "train_pvalue": "5.9e-037",
            "train_dtc": -1.0,
            "train_bernoulli": -1,
            "test_pos_count": 9,
            "test_neg_count": 0,
            "test_log_pvalue": -2.71368,
            "test_pvalue": "1.9e-003",
            "test_dtc": -1.0,
            "test_bernoulli": -1,
            "elapsed_time": 1901.3,
            "len": 17,
            "nsites": 135,
            "evalue": "1.9e-003",
            "pwm": [
              [0.0322842, 0.0162364, 0.951158, 0.000321516], 
              [0.000321516, 0.687462, 0.000254884, 0.311961], 
              [0.272008, 0.000254884, 0.727415, 0.000321516], 
              [0.0242937, 0.000254884, 0.000254884, 0.975197], 
              [0.0482658, 0.0561898, 0.847278, 0.0482662], 
              [0.991178, 0.00824548, 0.000254884, 0.000321516], 
              [0.0322846, 0.000254884, 0.967139, 0.000321516], 
              [0.0163031, 0.895222, 0.000254884, 0.0882198], 
              [0.000321516, 0.943167, 0.0162361, 0.0402752], 
              [0.927252, 0.0322176, 0.0402086, 0.000321516], 
              [0.000321516, 0.935176, 0.0162364, 0.0482658], 
