<!DOCTYPE HTML>
<html>
  <head>
    <meta charset="UTF-8">
    <title>STREME</title>
    <script>
      // @JSON_VAR data
      var data = {
        "program": "streme",
        "version": "5.3.0",
        "release": "Wed Nov 25 19:19:29 2020 -0800",
        "cmd": [
          "streme", "--p",
          "/mnt/md1/home/oriol//CAM/resources/IRF4/ChIP-seq/T95R-WT-intersect.fa",
          "--oc", "T95R-WT-intersect", "--maxw", "19"
        ],
        "options": {
          "strands": "both",
          "objfun": "Differential Enrichment",
          "test": "Fisher Exact Test",
          "minw": 8,
          "maxw": 19,
          "kmer": 3,
          "hofract": 0.1,
          "neval": 25,
          "nref": 4,
          "niter": 20,
          "patience": 3,
          "seed": 0,
          "useer": false,
          "minscore": 0,
          "ignore_depth": 5,
          "nsubsets": 1,
          "min_pal_ratio": 0.85,
          "max_pal_ed": 5,
          "cand": false,
          "experimental": false,
          "totallength": 0,
          "stop": {
            "pvt": "0.05"
          }
        },
        "alphabet": {
          "name": "DNA",
          "like": "dna",
          "ncore": 4,
          "symbols": [
            {
              "symbol": "A",
              "name": "Adenine",
              "colour": "CC0000",
              "complement": "T"
            }, {
              "symbol": "C",
              "name": "Cytosine",
              "colour": "0000CC",
              "complement": "G"
            }, {
              "symbol": "G",
              "name": "Guanine",
              "colour": "FFB300",
              "complement": "C"
            }, {
              "symbol": "T",
              "aliases": "U",
              "name": "Thymine",
              "colour": "008000",
              "complement": "A"
            }, {
              "symbol": "N",
              "aliases": "X.",
              "name": "Any base",
              "equals": "ACGT"
            }, {
              "symbol": "V",
              "name": "Not T",
              "equals": "ACG"
            }, {
              "symbol": "H",
              "name": "Not G",
              "equals": "ACT"
            }, {
              "symbol": "D",
              "name": "Not C",
              "equals": "AGT"
            }, {
              "symbol": "B",
              "name": "Not A",
              "equals": "CGT"
            }, {
              "symbol": "M",
              "name": "Amino",
              "equals": "AC"
            }, {
              "symbol": "R",
              "name": "Purine",
              "equals": "AG"
            }, {
              "symbol": "W",
              "name": "Weak",
              "equals": "AT"
            }, {
              "symbol": "S",
              "name": "Strong",
              "equals": "CG"
            }, {
              "symbol": "Y",
              "name": "Pyrimidine",
              "equals": "CT"
            }, {
              "symbol": "K",
              "name": "Keto",
              "equals": "GT"
            }
          ]
        },
        "background": {
          "freqs": [0.279, 0.221, 0.221, 0.279]
        },
        "train_positives": {
          "file": "/mnt/md1/home/oriol//CAM/resources/IRF4/ChIP-seq/T95R-WT-intersect.fa",
          "count": 19608,
          "positions": 3960815
        },
        "train_negatives": {
          "from": "shuffled",
          "count": 19608,
          "positions": 3960815
        },
        "test_positives": {
          "count": 2178,
          "positions": 439955
        },
        "test_negatives": {
          "count": 2178,
          "positions": 439955
        },
        "sequence_db": {},
        "motifs": [
          {
            "db": 0,
            "id": "1-ATGASTCAT",
            "alt": "STREME-1",
            "width": 9,
            "initial_width": 9,
            "seed": "TATGAGTCA",
            "score_threshold": 8.81639,
            "train_pos_count": 7551,
            "train_neg_count": 1682,
            "train_log_pvalue": -1128.96,
            "train_pvalue": "1.1e-1129",
            "train_dtc": -1.0,
            "train_bernoulli": -1,
            "test_pos_count": 855,
            "test_neg_count": 186,
            "test_log_pvalue": -132.041,
            "test_pvalue": "9.1e-133",
            "test_dtc": -1.0,
            "test_bernoulli": -1,
            "elapsed_time": 691.9,
            "len": 9,
            "nsites": 8406,
            "evalue": "9.1e-133",
            "pwm": [
              [0.602907, 0.170424, 0.0984057, 0.128264], 
              [1.059e-05, 0.00158507, 8.37494e-06, 0.998396], 
              [1.059e-05, 8.37494e-06, 0.874095, 0.125886], 
              [0.999044, 0.000937428, 8.37494e-06, 1.059e-05], 
              [0.0303608, 0.469639, 0.469639, 0.0303608], 
              [1.059e-05, 8.37494e-06, 0.000937428, 0.999044], 
              [0.125886, 0.874095, 8.37494e-06, 1.059e-05], 
              [0.998396, 8.37494e-06, 0.00158507, 1.059e-05], 
              [0.128264, 0.0984057, 0.170424, 0.602907]
            ]
          }, {
            "db": 0,
            "id": "2-GGAASTGAAASY",
            "alt": "STREME-2",
            "width": 12,
            "initial_width": 10,
            "seed": "GGAAGTGAAAGT",
            "score_threshold": 9.57274,
            "train_pos_count": 5245,
            "train_neg_count": 1164,
            "train_log_pvalue": -722.702,
            "train_pvalue": "2.0e-723",
            "train_dtc": -1.0,
            "train_bernoulli": -1,
            "test_pos_count": 592,
            "test_neg_count": 142,
            "test_log_pvalue": -77.8423,
            "test_pvalue": "1.4e-078",
            "test_dtc": -1.0,
            "test_bernoulli": -1,
            "elapsed_time": 1465.2,
            "len": 12,
            "nsites": 5837,
            "evalue": "1.4e-078",
            "pwm": [
              [0.186295, 0.0289165, 0.784778, 1.08414e-05], 
              [0.308477, 0.0058705, 0.665334, 0.0203189], 
              [0.990014, 8.57372e-06, 8.57372e-06, 0.00996858], 
              [0.979643, 8.57372e-06, 8.57372e-06, 0.0203395], 
              [0.12894, 0.396491, 0.454088, 0.0204813], 
              [0.0718128, 0.0763451, 0.0378841, 0.813958], 
              [0.0056137, 8.57372e-06, 0.994367, 1.08414e-05], 
              [0.92585, 0.0388446, 0.0352948, 1.08414e-05], 
              [0.775938, 0.00753161, 0.15744, 0.05909], 
              [0.997827, 8.57372e-06, 8.57372e-06, 0.00215583], 
              [0.130055, 0.514058, 0.298551, 0.0573356], 
              [0.148894, 0.272996, 0.0626428, 0.515467]
            ]
          }, {
            "db": 0,
            "id": "3-WAACCACAR",
            "alt": "STREME-3",
            "width": 9,
            "initial_width": 9,
            "seed": "AAACCACAA",
            "score_threshold": 8.11645,
            "train_pos_count": 6390,
            "train_neg_count": 2540,
            "train_log_pvalue": -480.896,
            "train_pvalue": "1.3e-481",
            "train_dtc": -1.0,
            "train_bernoulli": -1,
            "test_pos_count": 674,
            "test_neg_count": 268,
            "test_log_pvalue": -51.1029,
            "test_pvalue": "7.9e-052",
            "test_dtc": -1.0,
            "test_bernoulli": -1,
            "elapsed_time": 1810.4,
            "len": 9,
            "nsites": 7064,
            "evalue": "7.9e-052",
            "pwm": [
              [0.536417, 0.147803, 1.56874e-05, 0.315765], 
              [0.795327, 1.56874e-05, 0.204638, 1.98366e-05], 
              [0.856723, 0.0343279, 0.108929, 1.98366e-05], 
              [1.98366e-05, 0.999945, 1.56874e-05, 1.98366e-05], 
              [1.98366e-05, 0.999945, 1.56874e-05, 1.98366e-05], 
              [0.857282, 0.0267012, 0.0905135, 0.0255029], 
              [1.98366e-05, 0.999945, 1.56874e-05, 1.98366e-05], 
              [0.95716, 0.012445, 0.00431081, 0.0260842], 
              [0.462542, 0.0508399, 0.378783, 0.107835]
            ]
          }, {
            "db": 0,
            "id": "4-YCACTTCCTCTTY",
            "alt": "STREME-4",
            "width": 13,
            "initial_width": 8,
            "seed": "CCACTTCCTCTTC",
            "score_threshold": 10.0116,
            "train_pos_count": 3787,
            "train_neg_count": 1167,
            "train_log_pvalue": -362.025,
            "train_pvalue": "9.4e-363",
            "train_dtc": -1.0,
            "train_bernoulli": -1,
            "test_pos_count": 368,
            "test_neg_count": 131,
            "test_log_pvalue": -29.8228,
            "test_pvalue": "1.5e-030",
            "test_dtc": -1.0,
            "test_bernoulli": -1,
            "elapsed_time": 2113.2,
            "len": 13,
            "nsites": 4155,
            "evalue": "1.5e-030",
            "pwm": [
              [0.0697241, 0.561779, 0.0656214, 0.302875], 
              [0.112236, 0.627311, 0.0515772, 0.208876], 
              [0.683446, 0.102466, 0.139823, 0.0742649], 
              [1.14149e-05, 0.838167, 0.042555, 0.119266], 
              [0.103929, 0.0328905, 0.000859189, 0.862321], 
              [1.14149e-05, 9.02722e-06, 9.02722e-06, 0.999971], 
              [1.14149e-05, 0.998965, 0.00101241, 1.14149e-05], 
              [1.14149e-05, 0.999968, 9.02722e-06, 1.14149e-05], 
              [1.14149e-05, 0.147195, 0.0714933, 0.7813], 
              [0.0244591, 0.553694, 0.242891, 0.178955], 
              [0.126095, 0.2776, 0.0276704, 0.568635], 
              [0.0496471, 0.253685, 0.0749977, 0.62167], 
              [0.0775955, 0.321277, 0.0954865, 0.505641]
            ]
          }, {
            "db": 0,
            "id": "5-AGTCATTTC",
            "alt": "STREME-5",
            "width": 9,
            "initial_width": 9,
            "seed": "AGTCATTTC",
            "score_threshold": 8.98306,
            "train_pos_count": 3440,
            "train_neg_count": 1674,
            "train_log_pvalue": -156.704,
            "train_pvalue": "2.0e-157",
            "train_dtc": -1.0,
            "train_bernoulli": -1,
            "test_pos_count": 371,
            "test_neg_count": 170,
            "test_log_pvalue": -20.0875,
            "test_pvalue": "8.2e-021",
            "test_dtc": -1.0,
            "test_bernoulli": -1,
            "elapsed_time": 2259.3,
            "len": 9,
            "nsites": 3811,
            "evalue": "8.2e-021",
            "pwm": [
              [0.906635, 0.0214279, 4.36632e-05, 0.0718932], 
              [0.0782792, 0.0674337, 0.744906, 0.109381], 
              [0.016721, 0.00466489, 0.00608239, 0.972532], 
              [0.00479885, 0.983653, 4.36632e-05, 0.011504], 
              [0.987796, 4.36632e-05, 0.0121056, 5.52118e-05], 
              [0.00874529, 0.0129072, 4.36632e-05, 0.978304], 
              [0.112099, 0.130286, 4.36632e-05, 0.757572], 
              [0.0168631, 0.0464153, 0.00314577, 0.933576], 
              [0.0773894, 0.755948, 0.109908, 0.0567537]
            ]
          }, {
            "db": 0,
            "id": "6-AGTTTCATTATGAS",
            "alt": "STREME-6",
            "width": 14,
            "initial_width": 11,
            "seed": "AGTTTCATTATGAA",
            "score_threshold": 11.2647,
            "train_pos_count": 1659,
            "train_neg_count": 379,
            "train_log_pvalue": -199.47,
            "train_pvalue": "3.4e-200",
            "train_dtc": -1.0,
            "train_bernoulli": -1,
            "test_pos_count": 173,
            "test_neg_count": 46,
            "test_log_pvalue": -18.9298,
            "test_pvalue": "1.2e-019",
            "test_dtc": -1.0,
            "test_bernoulli": -1,
            "elapsed_time": 2992.7,
            "len": 14,
            "nsites": 1832,
            "evalue": "1.2e-019",
            "pwm": [
              [0.640507, 0.00495269, 0.220619, 0.133921], 
              [0.029085, 0.280051, 0.645417, 0.0454471], 
              [0.00605399, 0.00221088, 0.00166252, 0.990073], 
              [0.135648, 0.0221795, 0.0170025, 0.82517], 
              [0.0260224, 0.0022109, 0.0641287, 0.907638], 
              [0.00660233, 0.990068, 1.74675e-05, 0.00331223], 
              [0.674683, 0.0946979, 0.0915931, 0.139026], 
              [0.212113, 0.109298, 0.191199, 0.48739], 
              [0.237918, 0.0304047, 0.028439, 0.703239], 
              [0.598766, 0.10978, 0.0134056, 0.278048], 
              [0.00715072, 0.00495269, 0.00385597, 0.984041], 
              [0.0140096, 0.0435654, 0.697489, 0.244936], 
              [0.927988, 0.0126297, 0.0047761, 0.0546059], 
              [0.210249, 0.428357, 0.266763, 0.094631]
            ]
          }, {
            "db": 0,
            "id": "7-AAAAAAAAAAAARAA",
            "alt": "STREME-7",
            "width": 15,
            "initial_width": 15,
            "seed": "AAAAAAAAAAAAGAA",
            "score_threshold": 15.648,
            "train_pos_count": 705,
            "train_neg_count": 75,
            "train_log_pvalue": -131.079,
            "train_pvalue": "8.3e-132",
            "train_dtc": -1.0,
            "train_bernoulli": -1,
            "test_pos_count": 79,
            "test_neg_count": 5,
            "test_log_pvalue": -18.0444,
            "test_pvalue": "9.0e-019",
            "test_dtc": -1.0,
            "test_bernoulli": -1,
            "elapsed_time": 2402.8,
            "len": 15,
            "nsites": 784,
            "evalue": "9.0e-019",
            "pwm": [
              [0.999832, 5.13432e-05, 5.13432e-05, 6.49232e-05], 
              [0.991617, 5.13432e-05, 0.00826678, 6.49232e-05], 
              [0.968106, 0.000952936, 0.0308759, 6.49232e-05], 
              [0.947885, 0.0467194, 0.00533025, 6.49232e-05], 
              [0.790456, 0.203967, 0.00551222, 6.49232e-05], 
              [0.960977, 5.13432e-05, 0.0176804, 0.021291], 
              [0.993399, 5.13432e-05, 0.00648473, 6.49232e-05], 
              [0.948063, 0.00837942, 0.0434932, 6.49232e-05], 
              [0.881734, 0.0952314, 0.0229698, 6.49232e-05], 
              [0.85379, 0.14287, 5.13432e-05, 0.00328857], 
              [0.996609, 5.13432e-05, 5.13432e-05, 0.00328857], 
              [0.987358, 0.00166314, 0.0109138, 6.49232e-05], 
              [0.567126, 0.100393, 0.332416, 6.49232e-05], 
              [0.965222, 0.00674305, 5.13432e-05, 0.0279834], 
              [0.840571, 0.0908527, 0.0481154, 0.0204613]
            ]
          }, {
            "db": 0,
            "id": "8-GGAAATYCCC",
            "alt": "STREME-8",
            "width": 10,
            "initial_width": 10,
            "seed": "GGAAATCCCC",
            "score_threshold": 10.5741,
            "train_pos_count": 1226,
            "train_neg_count": 429,
            "train_log_pvalue": -92.0439,
            "train_pvalue": "9.0e-093",
            "train_dtc": -1.0,
            "train_bernoulli": -1,
            "test_pos_count": 145,
            "test_neg_count": 51,
            "test_log_pvalue": -11.67,
            "test_pvalue": "2.1e-012",
            "test_dtc": -1.0,
            "test_bernoulli": -1,
            "elapsed_time": 3409.4,
            "len": 10,
            "nsites": 1371,
            "evalue": "2.1e-012",
            "pwm": [
              [0.119529, 0.0245018, 0.85588, 8.86503e-05], 
              [0.0253235, 7.01074e-05, 0.972684, 0.00192269], 
              [0.889962, 0.00285584, 0.100177, 0.00700468], 
              [0.95684, 0.0280092, 0.0118474, 0.00330386], 
              [0.841097, 0.0115193, 0.0634602, 0.0839239], 
              [0.0392721, 0.0741715, 0.241286, 0.64527], 
              [0.0680455, 0.606124, 0.00989942, 0.315931], 
              [0.00936679, 0.990474, 7.01074e-05, 8.86503e-05], 
              [8.86503e-05, 0.998198, 0.00162498, 8.86503e-05], 
              [0.0198874, 0.973528, 0.0015723, 0.0050123]
            ]
          }, {
            "db": 0,
            "id": "9-ACTCCAGCCTGGGCRACA",
            "alt": "STREME-9",
            "width": 18,
            "initial_width": 13,
            "seed": "ACTCCAGCCTGGGTGACA",
            "score_threshold": 13.5079,
            "train_pos_count": 395,
            "train_neg_count": 5,
            "train_log_pvalue": -110.335,
            "train_pvalue": "4.6e-111",
            "train_dtc": -1.0,
            "train_bernoulli": -1,
            "test_pos_count": 34,
            "test_neg_count": 0,
            "test_log_pvalue": -10.2914,
            "test_pvalue": "5.1e-011",
            "test_dtc": -1.0,
            "test_bernoulli": -1,
            "elapsed_time": 2517.3,
            "len": 18,
            "nsites": 429,
            "evalue": "5.1e-011",
            "pwm": [
              [0.922454, 0.0284173, 0.036145, 0.0129832], 
              [0.028439, 0.752416, 0.193282, 0.0258631], 
              [0.206184, 0.0412967, 0.0155377, 0.736982], 
              [0.0207112, 0.878642, 0.0412972, 0.0593501], 
              [0.00783144, 0.925008, 0.00780983, 0.0593503], 
              [0.99458, 8.20543e-05, 8.20543e-05, 0.00525554], 
              [0.0387426, 0.0155378, 0.945616, 0.000103757], 
              [0.0207116, 0.9044, 0.0103857, 0.064503], 
              [0.000103757, 0.948192, 0.0206895, 0.0310147], 
              [0.0129833, 0.0129616, 8.20543e-05, 0.973973], 
              [0.0541981, 0.0155376, 0.930161, 0.000103757], 
              [0.0593503, 0.00523384, 0.93016, 0.00525564], 
              [0.0438945, 0.0876666, 0.847728, 0.0207113], 
              [0.0258631, 0.644187, 0.0155375, 0.314412], 
              [0.525658, 0.00523384, 0.461276, 0.00783153], 
              [0.932758, 0.0155376, 0.0490245, 0.00267965], 
              [0.0104075, 0.901825, 0.033569, 0.0541983], 
              [0.930182, 0.00780983, 0.0387212, 0.023287]
            ]
          }, {
            "db": 0,
            "id": "10-CCCCDCCCCCRSC",
            "alt": "STREME-10",
            "width": 13,
            "initial_width": 10,
            "seed": "CCCCACCCCCACC",
            "score_threshold": 10.4137,
            "train_pos_count": 2320,
            "train_neg_count": 1239,
            "train_log_pvalue": -81.0838,
            "train_pvalue": "8.2e-082",
            "train_dtc": -1.0,
            "train_bernoulli": -1,
            "test_pos_count": 255,
            "test_neg_count": 136,
            "test_log_pvalue": -9.82298,
            "test_pvalue": "1.5e-010",
            "test_dtc": -1.0,
            "test_bernoulli": -1,
            "elapsed_time": 3653.7,
            "len": 13,
            "nsites": 2575,
            "evalue": "1.5e-010",
            "pwm": [
              [0.00972931, 0.867559, 0.0237384, 0.098973], 
              [0.160034, 0.59672, 0.15353, 0.0897162], 
              [0.0107408, 0.969931, 0.00999802, 0.00933041], 
              [0.0325013, 0.844752, 0.062324, 0.0604227], 
              [0.409683, 0.00114073, 0.370218, 0.218959], 
              [0.00887616, 0.908179, 0.0224894, 0.0604552], 
              [0.0645625, 0.773048, 0.148652, 0.0137373], 
              [0.0710301, 0.794785, 0.0999705, 0.0342143], 
              [0.123563, 0.746121, 0.0680757, 0.06224], 
              [0.0488751, 0.873214, 0.03732, 0.0405908], 
              [0.434674, 0.150329, 0.267911, 0.147086], 
              [0.0937873, 0.561926, 0.287311, 0.056976], 
              [0.078697, 0.708758, 0.149943, 0.0626018]
            ]
          }, {
            "db": 0,
            "id": "11-AGYGAGACTCYGTCTC",
            "alt": "STREME-11",
            "width": 16,
            "initial_width": 16,
            "seed": "AGCGAGACTCTGTCTC",
            "score_threshold": 15.6803,
            "train_pos_count": 341,
            "train_neg_count": 0,
            "train_log_pvalue": -103.299,
            "train_pvalue": "5.0e-104",
            "train_dtc": -1.0,
            "train_bernoulli": -1,
            "test_pos_count": 36,
            "test_neg_count": 1,
            "test_log_pvalue": -9.61824,
            "test_pvalue": "2.4e-010",
            "test_dtc": -1.0,
            "test_bernoulli": -1,
            "elapsed_time": 3187.0,
            "len": 16,
            "nsites": 377,
            "evalue": "2.4e-010",
            "pwm": [
              [0.918402, 0.0031064, 0.0542864, 0.0242056], 
              [0.0272169, 9.58987e-05, 0.972566, 0.000121263], 
              [0.000121263, 0.539025, 0.0271908, 0.433663], 
              [0.319258, 9.58987e-05, 0.677514, 0.00313177], 
              [0.987645, 0.00611691, 0.00611691, 0.000121263], 
              [0.216888, 0.00912752, 0.767842, 0.00614238], 
              [0.957539, 0.00611702, 0.0332118, 0.00313177], 
              [0.00614238, 0.924397, 0.00912741, 0.0603331], 
              [0.00313177, 0.31922, 0.00912752, 0.66852], 
              [0.00614238, 0.873218, 0.0151485, 0.105491], 
              [0.00313177, 0.412562, 0.00611691, 0.578189], 
              [0.250014, 0.00611691, 0.737726, 0.00614238], 
              [0.00313177, 0.0211697, 9.58987e-05, 0.975603], 
              [0.00915289, 0.957514, 0.00611702, 0.0272159], 
              [0.00313177, 0.0031064, 9.58987e-05, 0.993666], 
              [0.0362481, 0.894293, 0.0271907, 0.0422686]
            ]
          }, {
            "db": 0,
            "id": "12-ACACACACACACACAC",
            "alt": "STREME-12",
            "width": 16,
            "initial_width": 16,
            "seed": "ACACACACACACACAC",
            "score_threshold": 14.9518,
            "train_pos_count": 295,
            "train_neg_count": 36,
            "train_log_pvalue": -51.673,
            "train_pvalue": "2.1e-052",
            "train_dtc": -1.0,
            "train_bernoulli": -1,
            "test_pos_count": 42,
            "test_neg_count": 4,
            "test_log_pvalue": -8.66463,
            "test_pvalue": "2.2e-009",
            "test_dtc": -1.0,
            "test_bernoulli": -1,
            "elapsed_time": 4111.5,
            "len": 16,
            "nsites": 337,
            "evalue": "2.2e-009",
            "pwm": [
              [0.883582, 0.0106619, 0.105614, 0.000141649], 
              [0.0212415, 0.891248, 0.0141785, 0.0733321], 
              [0.890617, 0.0141788, 0.0774795, 0.017725], 
              [0.000141649, 0.888399, 0.00011202, 0.111347], 
              [0.936335, 0.0212118, 0.042312, 0.000141649], 
              [0.000141649, 0.879065, 0.0106621, 0.110132], 
              [0.896677, 0.0669285, 0.0362531, 0.000141649], 
              [0.0357257, 0.772244, 0.0226715, 0.169359], 
              [0.844483, 0.0176952, 0.134163, 0.00365831], 
              [0.0177249, 0.828928, 0.0582553, 0.095092], 
              [0.909374, 0.00011202, 0.0552061, 0.035308], 
              [0.0493747, 0.830806, 0.0458283, 0.0739913], 
              [0.844902, 0.0563784, 0.0598953, 0.0388247], 
              [0.0319615, 0.850098, 0.0193309, 0.0986093], 
              [0.982051, 0.00362887, 0.0141785, 0.000141649], 
              [0.106543, 0.817713, 0.0017503, 0.0739935]
            ]
          }, {
            "db": 0,
            "id": "13-TATTAATA",
            "alt": "STREME-13",
            "width": 8,
            "initial_width": 8,
            "seed": "TATTAATA",
            "score_threshold": 9.5963,
            "train_pos_count": 2303,
            "train_neg_count": 1211,
            "train_log_pvalue": -83.7092,
            "train_pvalue": "2.0e-084",
            "train_dtc": -1.0,
            "train_bernoulli": -1,
            "test_pos_count": 256,
            "test_neg_count": 145,
            "test_log_pvalue": -8.47338,
            "test_pvalue": "3.4e-009",
            "test_dtc": -1.0,
            "test_bernoulli": -1,
            "elapsed_time": 2611.0,
            "len": 8,
            "nsites": 2559,
            "evalue": "3.4e-009",
            "pwm": [
              [0.0142349, 0.000127855, 0.0439945, 0.941643], 
              [0.999583, 0.000127855, 0.000127855, 0.000161672], 
              [0.22931, 0.0854117, 0.212775, 0.472504], 
              [0.151648, 0.0106633, 0.000127855, 0.837561], 
              [0.999583, 0.000127855, 0.000127855, 0.000161672], 
              [0.999583, 0.000127855, 0.000127855, 0.000161672], 
              [0.000161672, 0.000127855, 0.000127855, 0.999583], 
              [0.999583, 0.000127855, 0.000127855, 0.000161672]
            ]
          }, {
            "db": 0,
            "id": "14-AAAGGAAA",
            "alt": "STREME-14",
            "width": 8,
            "initial_width": 8,
            "seed": "AAAGGAAA",
            "score_threshold": 8.72516,
            "train_pos_count": 3947,
            "train_neg_count": 2639,
            "train_log_pvalue": -69.7169,
            "train_pvalue": "1.9e-070",
            "train_dtc": -1.0,
            "train_bernoulli": -1,
            "test_pos_count": 426,
            "test_neg_count": 285,
            "test_log_pvalue": -8.36347,
            "test_pvalue": "4.3e-009",
            "test_dtc": -1.0,
            "test_bernoulli": -1,
            "elapsed_time": 3764.8,
            "len": 8,
            "nsites": 4373,
            "evalue": "4.3e-009",
            "pwm": [
              [0.977201, 0.000817852, 0.0192977, 0.00268384], 
              [0.8463, 0.150861, 0.000143069, 0.00269613], 
              [0.881489, 0.00719371, 0.0469033, 0.0644143], 
              [0.000180909, 0.019718, 0.97992, 0.000180909], 
              [0.000180909, 0.0728143, 0.926672, 0.000333186], 
              [0.883893, 0.0161339, 0.0990022, 0.000970603], 
              [0.94499, 0.000721049, 0.0540193, 0.000269398], 
              [0.866727, 0.00190157, 0.131125, 0.000246122]
            ]
          }, {
            "db": 0,
            "id": "15-ATTTGCATA",
            "alt": "STREME-15",
            "width": 9,
            "initial_width": 9,
            "seed": "ATTTGCATA",
            "score_threshold": 10.9146,
            "train_pos_count": 1127,
            "train_neg_count": 531,
            "train_log_pvalue": -51.0388,
            "train_pvalue": "9.1e-052",
            "train_dtc": -1.0,
            "train_bernoulli": -1,
            "test_pos_count": 138,
            "test_neg_count": 64,
            "test_log_pvalue": -7.27293,
            "test_pvalue": "5.3e-008",
            "test_dtc": -1.0,
            "test_bernoulli": -1,
            "elapsed_time": 4323.1,
            "len": 9,
            "nsites": 1265,
            "evalue": "5.3e-008",
            "pwm": [
              [0.91456, 0.0558777, 0.0293878, 0.000174813], 
              [0.00811338, 0.00263894, 0.0123764, 0.976871], 
              [0.00399395, 0.0057306, 0.00185079, 0.988425], 
              [0.0331804, 0.00174665, 0.00142301, 0.96365], 
              [0.0765074, 0.000138247, 0.92318, 0.000174813], 
              [0.0327549, 0.93857, 0.0211097, 0.00756495], 
              [0.930071, 0.0183174, 0.0122501, 0.0393613], 
              [0.0350786, 0.000138247, 0.000138247, 0.964645], 
              [0.607752, 0.0605102, 0.0711335, 0.260605]
            ]
          }, {
            "db": 0,
            "id": "16-GGAGGCYGAGGYRGGAGGA",
            "alt": "STREME-16",
            "width": 19,
            "initial_width": 16,
            "seed": "GGAGGCTGAGGCAGGAAAA",
            "score_threshold": 15.4527,
            "train_pos_count": 242,
            "train_neg_count": 3,
            "train_log_pvalue": -67.6799,
            "train_pvalue": "2.1e-068",
            "train_dtc": -1.0,
            "train_bernoulli": -1,
            "test_pos_count": 19,
            "test_neg_count": 0,
            "test_log_pvalue": -5.73669,
            "test_pvalue": "1.8e-006",
            "test_dtc": -1.0,
            "test_bernoulli": -1,
            "elapsed_time": 4228.8,
            "len": 19,
            "nsites": 261,
            "evalue": "1.8e-006",
            "pwm": [
              [0.0448522, 0.00825451, 0.910166, 0.0367272], 
              [0.0570399, 0.000129411, 0.934542, 0.00828888], 
              [0.958952, 0.000129411, 0.024505, 0.016414], 
              [0.0773531, 0.0123172, 0.910166, 0.00016364], 
              [0.077353, 0.0326302, 0.889853, 0.00016364], 
              [0.00828873, 0.950792, 0.00825466, 0.0326645], 
              [0.00016364, 0.398265, 0.0123172, 0.589254], 
              [0.247983, 0.0123172, 0.731411, 0.00828888], 
              [0.930513, 0.0204421, 0.0245048, 0.0245395], 
              [0.101728, 0.0204423, 0.869541, 0.00828873], 
              [0.0732904, 0.00825466, 0.889853, 0.0286019], 
              [0.0326642, 0.524214, 0.000129411, 0.442992], 
              [0.463309, 0.0245048, 0.49171, 0.0204764], 
              [0.0692284, 0.0204423, 0.881727, 0.0286019], 
              [0.0692275, 0.00825466, 0.918292, 0.00422619], 
              [0.568938, 0.18701, 0.0366926, 0.207359], 
              [0.19517, 0.000129411, 0.796412, 0.00828873], 
              [0.203299, 0.00825466, 0.788283, 0.00016364], 
              [0.954889, 0.024505, 0.0204424, 0.00016364]
            ]
          }, {
            "db": 0,
            "id": "17-GAGCCACYGYRCCYGGCC",
            "alt": "STREME-17",
            "width": 18,
            "initial_width": 13,
            "seed": "GAGCCACTGCACCTGGCC",
            "score_threshold": 17.2094,
            "train_pos_count": 157,
            "train_neg_count": 1,
            "train_log_pvalue": -45.4958,
            "train_pvalue": "3.2e-046",
            "train_dtc": -1.0,
            "train_bernoulli": -1,
            "test_pos_count": 19,
            "test_neg_count": 0,
            "test_log_pvalue": -5.73669,
            "test_pvalue": "1.8e-006",
            "test_dtc": -1.0,
            "test_bernoulli": -1,
            "elapsed_time": 4849.9,
            "len": 18,
            "nsites": 176,
            "evalue": "1.8e-006",
            "pwm": [
              [0.0255476, 0.0065246, 0.967673, 0.000254698], 
              [0.967727, 0.019171, 0.000201423, 0.012901], 
              [0.0445172, 0.000201423, 0.955027, 0.000254698], 
              [0.0129013, 0.986643, 0.000201423, 0.000254698], 
              [0.0129013, 0.929732, 0.000201423, 0.0571649], 
              [0.95508, 0.012848, 0.0254944, 0.00657787], 
              [0.000254698, 0.94238, 0.000201423, 0.0571637], 
              [0.00657787, 0.442835, 0.0318175, 0.51877], 
              [0.29113, 0.0254944, 0.645182, 0.038194], 
              [0.0255474, 0.512394, 0.0065246, 0.455534], 
              [0.335392, 0.012848, 0.613566, 0.0381942], 
              [0.0129013, 0.879147, 0.0191712, 0.0887801], 
              [0.000254698, 0.898117, 0.0254946, 0.0761333], 
              [0.00657787, 0.436512, 0.0381409, 0.518769], 
              [0.234221, 0.0444644, 0.70209, 0.0192245], 
              [0.0445172, 0.0254944, 0.929734, 0.000254698], 
              [0.000254698, 0.898117, 0.0065246, 0.0951033], 
              [0.0255474, 0.759006, 0.0444639, 0.170982]
            ]
          }, {
            "db": 0,
            "id": "18-AGCAKCTGC",
            "alt": "STREME-18",
            "width": 9,
            "initial_width": 8,
            "seed": "AGCATCTGC",
            "score_threshold": 9.78885,
            "train_pos_count": 1668,
            "train_neg_count": 1031,
            "train_log_pvalue": -36.7622,
            "train_pvalue": "1.7e-037",
            "train_dtc": -1.0,
            "train_bernoulli": -1,
            "test_pos_count": 170,
            "test_neg_count": 99,
            "test_log_pvalue": -5.32459,
            "test_pvalue": "4.7e-006",
            "test_dtc": -1.0,
            "test_bernoulli": -1,
            "elapsed_time": 5313.0,
            "len": 9,
            "nsites": 1838,
            "evalue": "4.7e-006",
            "pwm": [
              [0.929513, 0.037129, 0.000127169, 0.0332312], 
              [0.284448, 0.031327, 0.682426, 0.00179912], 
              [0.0270137, 0.956185, 0.00426587, 0.0125358], 
              [0.966248, 0.0318999, 0.00169146, 0.000160804], 
              [0.0389958, 0.124267, 0.365968, 0.470769], 
              [0.00363224, 0.918061, 0.00671749, 0.0715896], 
              [0.0628193, 0.0309756, 0.000309977, 0.905895], 
              [0.00587924, 0.000127169, 0.990272, 0.00372137], 
              [0.0374563, 0.702493, 0.0846653, 0.175385]
            ]
          }, {
            "db": 0,
            "id": "19-TCATCTGTAAAATGGGR",
            "alt": "STREME-19",
            "width": 17,
            "initial_width": 11,
            "seed": "TCATCTGTAAAATGGGG",
            "score_threshold": 14.9575,
            "train_pos_count": 194,
            "train_neg_count": 15,
            "train_log_pvalue": -40.596,
            "train_pvalue": "2.5e-041",
            "train_dtc": -1.0,
            "train_bernoulli": -1,
            "test_pos_count": 20,
            "test_neg_count": 1,
            "test_log_pvalue": -4.99642,
            "test_pvalue": "1.0e-005",
            "test_dtc": -1.0,
            "test_bernoulli": -1,
            "elapsed_time": 4521.0,
            "len": 17,
            "nsites": 214,
            "evalue": "1.0e-005",
            "pwm": [
              [0.0645097, 0.148567, 0.0100516, 0.776872], 
              [0.0199874, 0.855982, 0.000157582, 0.123873], 
              [0.979698, 0.0100514, 0.0100514, 0.000199261], 
              [0.0100931, 0.0298394, 0.0397333, 0.920334], 
              [0.029881, 0.855982, 0.0248923, 0.089245], 
              [0.0793506, 0.0100516, 0.000157582, 0.91044], 
              [0.0694568, 0.0298394, 0.900505, 0.000199261], 
              [0.0249341, 0.113938, 0.000157582, 0.860971], 
              [0.806554, 0.039733, 0.123832, 0.029881], 
              [0.8956, 0.0397332, 0.064468, 0.000199261], 
              [0.95991, 0.0149985, 0.0100514, 0.0150402], 
              [0.766978, 0.0892029, 0.123832, 0.0199872], 
              [0.0397752, 0.178248, 0.0199452, 0.762032], 
              [0.148608, 0.0347864, 0.66305, 0.153555], 
              [0.272281, 0.0248925, 0.603688, 0.0991384], 
              [0.212919, 0.0100514, 0.717467, 0.0595626], 
              [0.326699, 0.084256, 0.559164, 0.0298809]
            ]
          }, {
            "db": 0,
            "id": "20-TAAAAACAARA",
            "alt": "STREME-20",
            "width": 11,
            "initial_width": 11,
            "seed": "TAAAAACAAAA",
            "score_threshold": 10.5267,
            "train_pos_count": 1149,
            "train_neg_count": 707,
            "train_log_pvalue": -25.5269,
            "train_pvalue": "3.0e-026",
            "train_dtc": -1.0,
            "train_bernoulli": -1,
            "test_pos_count": 150,
            "test_neg_count": 86,
            "test_log_pvalue": -4.95118,
            "test_pvalue": "1.1e-005",
            "test_dtc": -1.0,
            "test_bernoulli": -1,
            "elapsed_time": 5408.0,
            "len": 11,
            "nsites": 1299,
            "evalue": "1.1e-005",
            "pwm": [
              [0.000112102, 8.86537e-05, 8.86537e-05, 0.999711], 
              [0.780681, 0.219118, 8.86537e-05, 0.000112102], 
              [0.845503, 8.86537e-05, 0.154296, 0.000112102], 
              [0.570593, 0.124653, 0.0234378, 0.281315], 
              [0.913167, 8.86537e-05, 8.86537e-05, 0.0866558], 
              [0.9682, 8.86537e-05, 8.86537e-05, 0.0316228], 
              [0.000112102, 0.940724, 0.0590522, 0.000112102], 
              [0.713115, 0.0126514, 0.156105, 0.118129], 
              [0.770883, 0.0425451, 0.177732, 0.00883947], 
              [0.452126, 0.171153, 0.347246, 0.029475], 
              [0.917016, 0.0513171, 8.86537e-05, 0.0315784]
            ]
          }, {
            "db": 0,
            "id": "21-GCAGTGGCRCGATC",
            "alt": "STREME-21",
            "width": 14,
            "initial_width": 8,
            "seed": "GCAGTGGCGCGATC",
            "score_threshold": 17.3703,
            "train_pos_count": 176,
            "train_neg_count": 0,
            "train_log_pvalue": -53.1526,
            "train_pvalue": "7.0e-054",
            "train_dtc": -1.0,
            "train_bernoulli": -1,
            "test_pos_count": 14,
            "test_neg_count": 0,
            "test_log_pvalue": -4.22352,
            "test_pvalue": "6.0e-005",
            "test_dtc": -1.0,
            "test_bernoulli": -1,
            "elapsed_time": 3994.5,
            "len": 14,
            "nsites": 190,
            "evalue": "6.0e-005",
            "pwm": [
              [0.101194, 0.0214281, 0.877164, 0.000214073], 
              [0.000214073, 0.988773, 0.000169295, 0.0108433], 
              [0.951615, 0.0214279, 0.0267427, 0.000214073], 
              [0.164972, 0.0426867, 0.792127, 0.000214073], 
              [0.000214073, 0.0267425, 0.0107985, 0.962245], 
              [0.00552868, 0.000169295, 0.988773, 0.00552868], 
              [0.0427315, 0.000169295, 0.951571, 0.00552868], 
              [0.0108435, 0.696436, 0.000169295, 0.292551], 
              [0.366951, 0.0107987, 0.616722, 0.00552868], 
              [0.0214729, 0.632664, 0.0320571, 0.313806], 
              [0.207494, 0.0214279, 0.765549, 0.00552868], 
              [0.978189, 0.0161133, 0.0054839, 0.000214073], 
              [0.000214073, 0.0161133, 0.0214279, 0.962245], 
              [0.000214073, 0.95157, 0.0267427, 0.0214729]
            ]
          }, {
            "db": 0,
            "id": "22-GAAACCAM",
            "alt": "STREME-22",
            "width": 8,
            "initial_width": 8,
            "seed": "GAAACCAA",
            "score_threshold": 8.35982,
            "train_pos_count": 4419,
            "train_neg_count": 3162,
            "train_log_pvalue": -57.8332,
            "train_pvalue": "1.5e-058",
            "train_dtc": -1.0,
            "train_bernoulli": -1,
            "test_pos_count": 491,
            "test_neg_count": 389,
            "test_log_pvalue": -4.16615,
            "test_pvalue": "6.8e-005",
            "test_dtc": -1.0,
            "test_bernoulli": -1,
            "elapsed_time": 3874.1,
            "len": 8,
            "nsites": 4910,
            "evalue": "6.8e-005",
            "pwm": [
              [0.0914464, 0.00493124, 0.878371, 0.0252517], 
              [0.886006, 0.0054241, 0.0350427, 0.0735276], 
              [0.995617, 0.000105447, 0.000105447, 0.00417178], 
              [0.993679, 0.000105447, 0.00608247, 0.000133337], 
              [0.000133337, 0.870388, 0.129345, 0.000133337], 
              [0.000133337, 0.94038, 0.00251652, 0.0569704], 
              [0.778385, 0.113979, 0.107503, 0.000133337], 
              [0.453934, 0.298465, 0.178426, 0.0691743]
            ]
          }, {
            "db": 0,
            "id": "23-CCTGTAATCCCAGCACTT",
            "alt": "STREME-23",
            "width": 18,
            "initial_width": 10,
            "seed": "CCTGTAATCCCAGCACTT",
            "score_threshold": 12.3474,
            "train_pos_count": 305,
            "train_neg_count": 4,
            "train_log_pvalue": -84.9454,
            "train_pvalue": "1.1e-085",
            "train_dtc": -1.0,
            "train_bernoulli": -1,
            "test_pos_count": 24,
            "test_neg_count": 4,
            "test_log_pvalue": -4.06517,
            "test_pvalue": "8.6e-005",
            "test_dtc": -1.0,
            "test_bernoulli": -1,
            "elapsed_time": 2715.0,
            "len": 18,
            "nsites": 329,
            "evalue": "8.6e-005",
            "pwm": [
              [0.003739, 0.880983, 0.000114493, 0.115163], 
              [0.000144775, 0.938493, 0.00370872, 0.0576535], 
              [0.0145219, 0.0144915, 0.0108973, 0.960089], 
              [0.0828152, 0.00370872, 0.909737, 0.003739], 
              [0.003739, 0.0324638, 0.00370872, 0.960088], 
              [0.967278, 0.0216801, 0.00370872, 0.00733335], 
              [0.827088, 0.00730307, 0.165464, 0.000144775], 
              [0.000144775, 0.00730307, 0.00370872, 0.988843], 
              [0.018116, 0.934899, 0.000114493, 0.0468705], 
