MEME version 4

ALPHABET= ACGT

strands: + -

Background letter frequencies (from uniform background):
A 0.25000 C 0.25000 G 0.25000 T 0.25000

MOTIF CAM;l=19 CTAGACTCCCATGGGGGGC
letter-probability matrix: alength= 4 w= 19 nsites= 44 E= 0 0.05296039  0.72289505   0.1514802  0.07266436
 0.05095246  0.03199556  0.16469391  0.75235807
 0.79027188  0.03199556  0.14573701  0.03199556
 0.03199556  0.08886628   0.8281857  0.05095246
 0.77131497  0.16469391  0.03199556  0.03199556
 0.24052155   0.6007028  0.06990937  0.08886628
 0.24052155  0.06990937  0.29739227  0.39217681
 0.10782319  0.67653043  0.06990937  0.14573701
 0.35426299  0.48696135   0.1267801  0.03199556
 0.08886628  0.54383208  0.22156464  0.14573701
 0.71444425  0.20260773  0.03199556  0.05095246
 0.10782319  0.24052155  0.18365082  0.46800444
 0.10782319  0.20260773  0.41113372  0.27843536
 0.18365082  0.08886628  0.65757353  0.06990937
 0.10782319  0.14573701  0.63861662  0.10782319
 0.28381563  0.28381563  0.38043171  0.05193703
 0.26449241  0.10990668  0.55434066  0.07126025
  0.1514802  0.05296039  0.64407921   0.1514802
 0.13177624  0.44703961  0.32881584  0.09236832
