MEME version 4

ALPHABET= ACGT

strands: + -

Background letter frequencies (from uniform background):
A 0.25000 C 0.25000 G 0.25000 T 0.25000

MOTIF CAM;l=19 GGGCTATTGGATAGCGTTT
letter-probability matrix: alength= 4 w= 19 nsites= 5 E= 0 0.07725425  0.07725425  0.63004065  0.21545085
 0.21545085  0.07725425  0.63004065  0.07725425
 0.07725425  0.35364745  0.49184405  0.07725425
 0.21545085  0.49184405  0.21545085  0.07725425
 0.07725425  0.07725425  0.07725425  0.76823725
 0.49184405  0.07725425  0.07725425  0.35364745
 0.07725425  0.21545085  0.07725425  0.63004065
 0.07725425  0.21545085  0.21545085  0.49184405
 0.07725425  0.35364745  0.49184405  0.07725425
 0.07725425  0.07725425  0.63004065  0.21545085
 0.76823725  0.07725425  0.07725425  0.07725425
 0.07725425  0.07725425  0.21545085  0.63004065
 0.49184405  0.07725425  0.35364745  0.07725425
 0.35364745  0.07725425  0.49184405  0.07725425
 0.21545085  0.63004065  0.07725425  0.07725425
 0.21545085  0.07725425  0.63004065  0.07725425
 0.21545085  0.21545085  0.21545085  0.35364745
 0.07725425  0.07725425  0.07725425  0.76823725
 0.07725425  0.07725425  0.07725425  0.76823725
