MEME version 4

ALPHABET= ACGT

strands: + -

Background letter frequencies (from uniform background):
A 0.25000 C 0.25000 G 0.25000 T 0.25000

MOTIF CAM;l=19 CGGTCCCTCGGAATAAATA
letter-probability matrix: alength= 4 w= 19 nsites= 89 E= 0 0.19666325  0.37953211  0.09506944   0.3287352
 0.04427253  0.02395377  0.65383541   0.2779383
 0.09506944  0.03411315  0.69447293  0.17634449
 0.02395377  0.04427253   0.3287352   0.6030385
 0.15602572  0.37953211  0.25761954  0.20682263
 0.03411315  0.65383541  0.15602572  0.15602572
  0.1153882  0.35921335  0.30841644  0.21698201
 0.19666325  0.23730077  0.10522882  0.46080716
 0.17634449  0.37953211  0.30841644  0.13570696
 0.03411315  0.34905397  0.55224159  0.06459129
 0.02395377  0.03411315  0.53192283  0.41001025
 0.50144469  0.34905397  0.02395377  0.12554758
 0.86718241  0.03411315  0.05443191  0.04427253
 0.05443191   0.3287352  0.05443191  0.56240097
 0.75542922  0.04427253  0.10522882  0.09506944
 0.68431355  0.04427253  0.24746015  0.02395377
 0.82654489  0.05443191  0.08491005  0.03411315
 0.14586634  0.02395377  0.28809768  0.54208221
 0.36290019  0.18841808  0.34237288  0.10630885
