MEME version 4

ALPHABET= ACGT

strands: + -

Background letter frequencies (from uniform background):
A 0.25000 C 0.25000 G 0.25000 T 0.25000

MOTIF CAM;l=19 ATTACAGACTCTCTTCCGT
letter-probability matrix: alength= 4 w= 19 nsites= 46 E= 0 0.52473335   0.3542092  0.08894942  0.03210803
 0.03210803  0.05105516  0.37315633  0.54368048
 0.03210803  0.08894942  0.24052644  0.63841611
 0.42999771  0.05105516  0.18368505  0.33526207
  0.1457908  0.46789197  0.07000229  0.31631495
 0.88472877  0.05105516  0.03210803  0.03210803
 0.18368505  0.08894942   0.6952575  0.03210803
 0.67631037  0.05105516  0.20263218  0.07000229
 0.16473793  0.54368048  0.03210803  0.25947356
 0.05105516  0.10789654  0.24052644  0.60052186
 0.03210803  0.63841611  0.20263218  0.12684367
  0.1457908  0.31631495  0.08894942  0.44894484
 0.05105516  0.86578164  0.05105516  0.03210803
 0.22157931  0.05105516  0.18368505  0.54368048
 0.05105516  0.22157931  0.27842069  0.44894484
 0.10789654  0.60052186  0.25947356  0.03210803
 0.12684367  0.54368048  0.12684367  0.20263218
 0.22157931  0.20263218  0.29736782  0.27842069
 0.05204119  0.20654563  0.03272814  0.70868504
