MEME version 4

ALPHABET= ACGT

strands: + -

Background letter frequencies (from uniform background):
A 0.25000 C 0.25000 G 0.25000 T 0.25000

MOTIF CAM;l=19 ACAGGGAAGAGCTCTCTGG
letter-probability matrix: alength= 4 w= 19 nsites= 52 E= 0 0.80438523  0.11560358  0.04840537  0.03160582
 0.06207636  0.79777742  0.11005686  0.03008936
 0.72655655  0.07565004  0.15313891  0.04465449
 0.18413446  0.18413446  0.60257436  0.02915672
 0.16863669  0.19963223  0.50958771  0.12214336
 0.06015227  0.26162333  0.61807213  0.06015227
 0.63356991  0.09114782  0.24612556  0.02915672
 0.68006323  0.04465449  0.24612556  0.02915672
 0.10664559   0.2771211  0.43209884  0.18413446
 0.61807213  0.06015227  0.29261888  0.02915672
 0.02915672  0.35460997  0.55608104  0.06015227
  0.2771211  0.37010775  0.32361443  0.02915672
  0.3391122  0.21513001  0.02915672  0.41660107
 0.30811665  0.46309439  0.15313891  0.07565004
 0.07565004  0.06015227  0.21513001  0.64906768
 0.16863669  0.37010775  0.30811665  0.15313891
 0.07565004  0.02915672  0.02915672  0.86603652
 0.02915672  0.37010775  0.44759662  0.15313891
 0.19963223  0.07565004  0.64906768  0.07565004
