<!DOCTYPE HTML>
<html>
  <head>
    <meta charset="UTF-8">
    <title>TOMTOM</title>
    <script>
      // @JSON_VAR data
      var data = {
        "program": "Tomtom",
        "version": "5.3.0",
        "release": "Wed Nov 25 19:19:29 2020 -0800",
        "cmd": [
          "tomtom", "-o", "./Tomtom/4_PAD186_vs._JASPAR2020",
          "./4_PAD186_IRF4_hg38/motifs/filters.meme",
          "./JASPAR2020_CORE_vertebrates_non-redundant_pfms_meme.txt"
        ],
        "options": {
          "strands": "both",
          "distance_measure": "ed",
          "threshold_type": "qvalue",
          "threshold_value": 0.5,
          "background_source": "--query--"
        },
        "alphabet": {
          "name": "DNA",
          "like": "dna",
          "ncore": 4,
          "symbols": [
            {
              "symbol": "A",
              "name": "Adenine",
              "colour": "CC0000",
              "complement": "T"
            }, {
              "symbol": "C",
              "name": "Cytosine",
              "colour": "0000CC",
              "complement": "G"
            }, {
              "symbol": "G",
              "name": "Guanine",
              "colour": "FFB300",
              "complement": "C"
            }, {
              "symbol": "T",
              "aliases": "U",
              "name": "Thymine",
              "colour": "008000",
              "complement": "A"
            }, {
              "symbol": "N",
              "aliases": "X.",
              "name": "Any base",
              "equals": "ACGT"
            }, {
              "symbol": "V",
              "name": "Not T",
              "equals": "ACG"
            }, {
              "symbol": "H",
              "name": "Not G",
              "equals": "ACT"
            }, {
              "symbol": "D",
              "name": "Not C",
              "equals": "AGT"
            }, {
              "symbol": "B",
              "name": "Not A",
              "equals": "CGT"
            }, {
              "symbol": "M",
              "name": "Amino",
              "equals": "AC"
            }, {
              "symbol": "R",
              "name": "Purine",
              "equals": "AG"
            }, {
              "symbol": "W",
              "name": "Weak",
              "equals": "AT"
            }, {
              "symbol": "S",
              "name": "Strong",
              "equals": "CG"
            }, {
              "symbol": "Y",
              "name": "Pyrimidine",
              "equals": "CT"
            }, {
              "symbol": "K",
              "name": "Keto",
              "equals": "GT"
            }
          ]
        },
        "background": [0.25, 0.25, 0.25, 0.25],
        "query_dbs": [
          {
            "source": "./4_PAD186_IRF4_hg38/motifs/filters.meme",
            "name": "filters",
            "loaded": 16,
            "excluded": 0,
            "last_modified": "Tue Aug 10 01:06:26 2021"
          }
        ],
        "target_dbs": [
          {
            "source": "./JASPAR2020_CORE_vertebrates_non-redundant_pfms_meme.txt",
            "name": "JASPAR2020_CORE_vertebrates_non-redundant_pfms_meme.txt",
            "loaded": 746,
            "excluded": 0,
            "last_modified": "Thu Oct  1 07:12:36 2020"
          }
        ],
        "queries": [
          {
            "db": 0,
            "id": "filter0",
            "alt": "4_PAD186_IRF4_hg38",
            "len": 19,
            "nsites": 8322,
            "pwm": [
              [0.137709, 0.460223, 0.128817, 0.273251], 
              [0.213816, 0.190711, 0.0738678, 0.521606], 
              [0.219093, 0.420046, 0.0307902, 0.330071], 
              [0.503926, 0.119883, 0.143454, 0.232738], 
              [0.0610329, 0.36167, 0.0968909, 0.480406], 
              [0.152817, 0.106581, 0.180677, 0.559925], 
              [0.0331583, 0.192304, 0.280876, 0.493662], 
              [0.0563404, 0.499819, 0.130668, 0.313172], 
              [0.00378636, 0.0808722, 0.0332256, 0.882116], 
              [0.124854, 0.14578, 0.387442, 0.341924], 
              [0.0393735, 0.258808, 0.068931, 0.632887], 
              [0.609714, 0.054034, 0.127809, 0.208442], 
              [0.392644, 0.000948843, 0.0424475, 0.563959], 
              [0.0209297, 0.0522606, 3.00405e-06, 0.926807], 
              [0.0105255, 0.397965, 0.000239461, 0.59127], 
              [0.534165, 0.273469, 0.00295875, 0.189407], 
              [3.00405e-06, 0.616808, 3.00405e-06, 0.383186], 
              [0.973604, 0.000949623, 0.014794, 0.0106525], 
              [0.0082084, 0.0316354, 0.70531, 0.254846]
            ]
          }, {
            "db": 0,
            "id": "filter1",
            "alt": "4_PAD186_IRF4_hg38",
            "len": 19,
            "nsites": 1102,
            "pwm": [
              [0.0326876, 0.191475, 0.572566, 0.203271], 
              [2.2684e-05, 2.2684e-05, 0.0145404, 0.985414], 
              [0.156088, 0.371132, 0.0345023, 0.438277], 
              [0.0372244, 0.036317, 0.0399465, 0.886512], 
              [0.0326876, 0.885605, 0.00818891, 0.0735187], 
              [0.377484, 0.447351, 0.111628, 0.0635378], 
              [0.429203, 0.0662599, 0.166977, 0.33756], 
              [0.339375, 2.2684e-05, 0.0136331, 0.646969], 
              [0.833885, 0.00455948, 2.2684e-05, 0.161533], 
              [2.2684e-05, 2.2684e-05, 2.2684e-05, 0.999932], 
              [2.2684e-05, 0.000930042, 0.973619, 0.0254287], 
              [0.999932, 2.2684e-05, 2.2684e-05, 2.2684e-05], 
              [0.033595, 0.764926, 0.199642, 0.0018374], 
              [0.00455948, 0.00455948, 2.2684e-05, 0.990858], 
              [0.345726, 0.521754, 0.112535, 0.0199846], 
              [0.669653, 0.036317, 0.132497, 0.161533], 
              [0.146107, 0.120701, 0.378391, 0.3548], 
              [0.195459, 0.489069, 0.137283, 0.178188], 
              [0.381591, 0.193994, 0.138444, 0.285971]
            ]
          }, {
            "db": 0,
            "id": "filter10",
            "alt": "4_PAD186_IRF4_hg38",
            "len": 19,
            "nsites": 358,
            "pwm": [
              [0.1006, 0.0447501, 0.684236, 0.170413], 
              [0.178791, 0.47759, 0.0894303, 0.254189], 
              [0.120148, 0.136903, 0.0140324, 0.728917], 
              [0.0112399, 0.167621, 0.631178, 0.189961], 
              [0.999791, 6.98129e-05, 6.98129e-05, 6.98129e-05], 
              [6.98129e-05, 0.156451, 0.787559, 0.0559201], 
              [6.98129e-05, 6.98129e-05, 6.98129e-05, 0.999791], 
              [0.0252025, 0.974658, 6.98129e-05, 6.98129e-05], 
              [0.999791, 6.98129e-05, 6.98129e-05, 6.98129e-05], 
              [0.0587127, 6.98129e-05, 0.00286233, 0.938355], 
              [0.709369, 6.98129e-05, 6.98129e-05, 0.290491], 
              [0.229056, 0.139696, 0.0224099, 0.608838], 
              [0.0531276, 0.0950154, 0.539025, 0.312832], 
              [0.0363725, 0.00286233, 0.93277, 0.027995], 
              [0.689821, 0.0782603, 0.1006, 0.131318], 
              [0.485968, 0.0419576, 0.298869, 0.173206], 
              [0.994206, 0.00565484, 6.98129e-05, 6.98129e-05], 
              [0.0810528, 0.614423, 0.279321, 0.0252025], 
              [0.0531276, 0.162036, 0.00565484, 0.779182]
            ]
          }, {
            "db": 0,
            "id": "filter11",
            "alt": "4_PAD186_IRF4_hg38",
            "len": 19,
            "nsites": 3435,
            "pwm": [
              [0.31208, 0.227657, 0.28064, 0.179624], 
              [0.270718, 0.272753, 0.185812, 0.270718], 
              [0.332073, 0.306239, 0.132659, 0.229028], 
              [0.326759, 0.182954, 0.350533, 0.139754], 
              [0.342507, 0.145178, 0.196466, 0.315849], 
              [0.241968, 0.062813, 0.237048, 0.45817], 
              [0.894657, 0.0431195, 0.0538252, 0.00839823], 
              [7.27781e-06, 7.27781e-06, 7.27781e-06, 0.999978], 
              [7.27781e-06, 7.27781e-06, 0.979145, 0.02084], 
              [0.999978, 7.27781e-06, 7.27781e-06, 7.27781e-06], 
              [0.000296619, 0.568278, 0.43055, 0.000875313], 
              [7.27781e-06, 7.27781e-06, 7.27781e-06, 0.999978], 
              [0.00955561, 0.99043, 7.27781e-06, 7.27781e-06], 
              [0.999978, 7.27781e-06, 7.27781e-06, 7.27781e-06], 
              [0.00608349, 0.0448555, 0.114009, 0.835052], 
              [0.401443, 0.271779, 0.0694698, 0.257308], 
              [0.331108, 0.224124, 0.126127, 0.318641], 
              [0.157287, 0.254498, 0.258851, 0.329365], 
              [0.167589, 0.0891711, 0.331104, 0.412136]
            ]
          }, {
            "db": 0,
            "id": "filter12",
            "alt": "4_PAD186_IRF4_hg38",
            "len": 19,
            "nsites": 3455,
            "pwm": [
              [0.422282, 0.251809, 0.109121, 0.216788], 
              [0.483529, 0.220683, 0.0947474, 0.201041], 
              [0.20473, 0.282006, 0.0755529, 0.437711], 
              [0.112587, 0.425276, 0.143683, 0.318455], 
              [0.33151, 0.298158, 0.133988, 0.236343], 
              [0.499705, 0.120406, 0.000294587, 0.379594], 
              [0.831018, 0.00201867, 0.166956, 7.23568e-06], 
              [0.993944, 0.00431745, 0.00173133, 7.23568e-06], 
              [7.23568e-06, 0.999978, 7.23568e-06, 7.23568e-06], 
              [7.23568e-06, 0.999978, 7.23568e-06, 7.23568e-06], 
              [0.998542, 7.23568e-06, 0.00144397, 7.23568e-06], 
              [7.23568e-06, 0.999978, 7.23568e-06, 7.23568e-06], 
              [0.963485, 0.0057542, 0.028742, 0.00201867], 
              [0.407648, 0.0247476, 0.418292, 0.149312], 
              [0.348613, 0.251442, 0.110731, 0.289215], 
              [0.157624, 0.289549, 0.442258, 0.11057], 
              [0.379008, 0.150914, 0.137326, 0.332753], 
              [0.219004, 0.200755, 0.306777, 0.273464], 
              [0.29805, 0.233789, 0.233208, 0.234952]
            ]
          }, {
            "db": 0,
            "id": "filter13",
            "alt": "4_PAD186_IRF4_hg38",
            "len": 19,
            "nsites": 786,
            "pwm": [
              [0.443996, 0.115793, 0.211201, 0.22901], 
              [0.391342, 0.141056, 0.238883, 0.228719], 
              [0.345121, 0.0303693, 0.329952, 0.294558], 
              [0.444982, 0.0556505, 0.297086, 0.202282], 
              [0.302143, 0.0265771, 0.396947, 0.274333], 
              [0.12391, 0.00888024, 0.57518, 0.29203], 
              [0.122646, 0.0834599, 0.348913, 0.444982], 
              [0.0809317, 3.18026e-05, 0.233883, 0.685153], 
              [0.118854, 3.18026e-05, 0.778694, 0.102421], 
              [3.18026e-05, 3.18026e-05, 0.999905, 3.18026e-05], 
              [0.452566, 0.150455, 0.00382399, 0.393155], 
              [0.101157, 0.642175, 0.045538, 0.21113], 
              [3.18026e-05, 0.991056, 0.00255993, 0.00635211], 
              [0.228827, 0.600461, 0.0948364, 0.0758755], 
              [0.0961005, 0.882347, 3.18026e-05, 0.0215208], 
              [0.106347, 0.753101, 0.00889144, 0.131661], 
              [0.417491, 0.342628, 0.00383843, 0.236042], 
              [0.375302, 0.211201, 0.0572764, 0.356221], 
              [0.285162, 0.351649, 0.0831414, 0.280047]
            ]
          }, {
            "db": 0,
            "id": "filter14",
            "alt": "4_PAD186_IRF4_hg38",
            "len": 19,
            "nsites": 4234,
            "pwm": [
              [0.270429, 0.143366, 0.208551, 0.377654], 
              [0.12227, 0.424872, 0.00658934, 0.446269], 
              [0.000474823, 0.0208729, 0.00211605, 0.976536], 
              [5.90444e-06, 5.90444e-06, 0.999982, 5.90444e-06], 
              [5.90444e-06, 5.90444e-06, 5.90444e-06, 0.999982], 
              [5.90444e-06, 5.90444e-06, 0.999982, 5.90444e-06], 
              [5.90444e-06, 5.90444e-06, 0.999982, 5.90444e-06], 
              [5.90444e-06, 0.00398521, 0.000942212, 0.995067], 
              [0.000239979, 0.0779535, 5.90444e-06, 0.921801], 
              [0.301872, 0.000942652, 0.132555, 0.56463], 
              [0.263553, 0.196669, 0.238911, 0.300867], 
              [0.321024, 0.182974, 0.333488, 0.162514], 
              [0.451905, 0.136495, 0.249411, 0.16219], 
              [0.237421, 0.142927, 0.231042, 0.38861], 
              [0.302247, 0.13089, 0.23219, 0.334673], 
              [0.281776, 0.100027, 0.183893, 0.434303], 
              [0.244402, 0.168654, 0.3242, 0.262744], 
              [0.249164, 0.299808, 0.202103, 0.248925], 
              [0.379473, 0.214853, 0.198752, 0.206922]
            ]
          }, {
            "db": 0,
            "id": "filter15",
            "alt": "4_PAD186_IRF4_hg38",
            "len": 19,
            "nsites": 1601,
            "pwm": [
              [0.279199, 0.191134, 0.224861, 0.304806], 
              [0.214466, 0.280547, 0.18953, 0.315457], 
              [0.28331, 0.135125, 0.161898, 0.419666], 
              [0.481973, 0.231678, 0.184476, 0.101873], 
              [0.689991, 0.0142739, 0.0328716, 0.262863], 
              [0.595143, 0.00807463, 0.157476, 0.239306], 
              [0.888436, 0.00621102, 0.00992826, 0.0954248], 
              [0.270755, 0.149944, 0.513614, 0.0656869], 
              [0.376076, 0.120826, 0.180921, 0.322176], 
              [0.206322, 0.0458616, 0.747181, 0.000635156], 
              [0.458475, 1.56143e-05, 0.541494, 1.56143e-05], 
              [0.993138, 1.56143e-05, 0.000635156, 0.00621102], 
              [0.999953, 1.56143e-05, 1.56143e-05, 1.56143e-05], 
              [0.0501983, 0.600969, 0.348817, 1.56143e-05], 
              [0.0192214, 0.00992826, 0.0148846, 0.955966], 
              [0.000635156, 1.56143e-05, 0.999334, 1.56143e-05], 
              [0.999953, 1.56143e-05, 1.56143e-05, 1.56143e-05], 
              [0.8017, 1.56143e-05, 0.179682, 0.0186018], 
              [0.999953, 1.56143e-05, 1.56143e-05, 1.56143e-05]
            ]
          }, {
            "db": 0,
            "id": "filter2",
            "alt": "4_PAD186_IRF4_hg38",
            "len": 19,
            "nsites": 1203,
            "pwm": [
              [0.41312, 0.201168, 0.118049, 0.267663], 
              [0.383198, 0.359924, 0.059035, 0.197843], 
              [0.212451, 0.362646, 0.101257, 0.323645], 
              [0.220566, 0.584549, 0.0688376, 0.126047], 
              [0.26429, 0.371158, 0.0174178, 0.347134], 
              [0.00167764, 0.0861777, 2.07797e-05, 0.912124], 
              [2.07797e-05, 0.479683, 0.113516, 0.406781], 
              [0.0671237, 2.07797e-05, 0.931178, 0.00167764], 
              [0.940291, 2.07797e-05, 0.000849211, 0.0588394], 
              [0.0679522, 0.376129, 2.07797e-05, 0.555898], 
              [0.475895, 0.107985, 0.332219, 0.0839008], 
              [0.554883, 0.000852661, 0.428438, 0.0158265], 
              [0.341659, 0.00502036, 0.563307, 0.0900133], 
              [0.328589, 0.068577, 0.439784, 0.163051], 
              [0.0385435, 0.0980026, 0.741165, 0.122289], 
              [0.270359, 0.0747417, 0.442469, 0.21243], 
              [0.280403, 0.145279, 0.303205, 0.271113], 
              [0.275188, 0.325989, 0.251482, 0.147341], 
              [0.276684, 0.267291, 0.146038, 0.309986]
            ]
          }, {
            "db": 0,
            "id": "filter3",
            "alt": "4_PAD186_IRF4_hg38",
            "len": 19,
            "nsites": 4632,
            "pwm": [
              [0.230354, 0.127377, 0.353841, 0.288427], 
              [0.185314, 0.119178, 0.31737, 0.378138], 
              [0.0985317, 0.234592, 0.588604, 0.078272], 
              [0.0291988, 0.0484495, 0.242226, 0.680126], 
              [0.0347415, 0.178528, 0.469679, 0.317051], 
              [0.393574, 0.0237244, 0.518256, 0.0644457], 
              [5.39712e-06, 0.999984, 5.39712e-06, 5.39712e-06], 
              [0.999984, 5.39712e-06, 5.39712e-06, 5.39712e-06], 
              [0.999984, 5.39712e-06, 5.39712e-06, 5.39712e-06], 
              [0.00189334, 0.366266, 0.3992, 0.232641], 
              [0.235368, 0.537439, 0.193834, 0.033359], 
              [0.590425, 0.152331, 0.137644, 0.1196], 
              [0.331791, 0.131543, 0.250893, 0.285774], 
              [0.364933, 0.247845, 0.0695856, 0.317636], 
              [0.152926, 0.401133, 0.216871, 0.229071], 
              [0.264476, 0.218573, 0.138768, 0.378182], 
              [0.278176, 0.201563, 0.207472, 0.312789], 
              [0.270361, 0.129472, 0.39475, 0.205417], 
              [0.182341, 0.091916, 0.300784, 0.424959]
            ]
          }, {
            "db": 0,
            "id": "filter4",
            "alt": "4_PAD186_IRF4_hg38",
            "len": 19,
            "nsites": 2272,
            "pwm": [
              [0.258802, 0.326581, 0.232395, 0.182221], 
              [0.401222, 0.216419, 0.24583, 0.136528], 
              [0.383466, 0.093142, 0.431562, 0.0918303], 
              [0.74059, 0.0157308, 0.214849, 0.0288307], 
              [0.859921, 0.0205162, 0.0501833, 0.0693797], 
              [0.769141, 0.00697934, 0.116295, 0.107585], 
              [0.071872, 0.177268, 0.732557, 0.0183029], 
              [0.612789, 0.0466117, 0.333184, 0.00741486], 
              [1.1003e-05, 1.1003e-05, 0.999967, 1.1003e-05], 
              [0.0701299, 1.1003e-05, 0.929848, 1.1003e-05], 
              [0.999967, 1.1003e-05, 1.1003e-05, 1.1003e-05], 
              [0.999967, 1.1003e-05, 1.1003e-05, 1.1003e-05], 
              [0.0335461, 0.179881, 0.786562, 1.1003e-05], 
              [1.1003e-05, 0.0300619, 0.00218861, 0.967738], 
              [0.131103, 0.117166, 0.740397, 0.0113345], 
              [0.581574, 0.202445, 0.212916, 0.00306497], 
              [0.336098, 0.297638, 0.232518, 0.133746], 
              [0.600597, 0.111992, 0.137363, 0.150048], 
              [0.235088, 0.350873, 0.230703, 0.183336]
            ]
          }, {
            "db": 0,
            "id": "filter5",
            "alt": "4_PAD186_IRF4_hg38",
            "len": 19,
            "nsites": 55933,
            "pwm": [
              [0.264853, 0.209233, 0.352082, 0.173833], 
              [0.352171, 0.241579, 0.219265, 0.186985], 
              [0.233771, 0.216277, 0.24495, 0.305002], 
              [0.305889, 0.18648, 0.301237, 0.206393], 
              [0.298872, 0.201409, 0.202586, 0.297133], 
              [0.257516, 0.181248, 0.277283, 0.283953], 
              [0.319085, 0.224614, 0.272565, 0.183737], 
              [0.403362, 0.124941, 0.132834, 0.338862], 
              [0.400031, 0.124394, 0.167892, 0.307683], 
              [0.579163, 0.0017683, 0.412101, 0.00696786], 
              [0.315134, 0.0887276, 0.300294, 0.295844], 
              [0.777204, 0.00304532, 0.0352587, 0.184492], 
              [0.569184, 0.00425635, 0.322791, 0.103768], 
              [0.6629, 0.310595, 0.0265047, 4.46963e-07], 
              [0.00148828, 0.057161, 4.46963e-07, 0.94135], 
              [0.172987, 4.46963e-07, 0.827012, 4.46963e-07], 
              [0.171715, 0.0255502, 0.193515, 0.609219], 
              [0.375309, 0.046084, 0.434046, 0.14456], 
              [0.577339, 0.0286895, 0.112987, 0.280985]
            ]
          }, {
            "db": 0,
            "id": "filter6",
            "alt": "4_PAD186_IRF4_hg38",
            "len": 19,
            "nsites": 5213,
            "pwm": [
              [0.298867, 0.260119, 0.121046, 0.319968], 
              [0.333587, 0.304322, 0.168135, 0.193957], 
              [0.225272, 0.166573, 0.243568, 0.364587], 
              [0.200343, 0.116441, 0.483443, 0.199773], 
              [0.337949, 0.0901359, 0.204365, 0.36755], 
              [0.220433, 0.257771, 0.35557, 0.166226], 
              [0.135695, 0.240348, 0.214611, 0.409346], 
              [0.042167, 0.609182, 0.00227361, 0.346377], 
              [0.339382, 0.211383, 0.134432, 0.314803], 
              [0.359423, 0.0476499, 0.551705, 0.0412216], 
              [0.657016, 0.0901902, 0.252789, 4.79561e-06], 
              [4.79561e-06, 4.79561e-06, 4.79561e-06, 0.999986], 
              [4.79561e-06, 0.0287431, 4.79561e-06, 0.971247], 
              [0.0052987, 0.00302989, 0.991667, 4.79561e-06], 
              [0.800406, 0.00322077, 0.169317, 0.0270569], 
              [0.34154, 0.118775, 0.427161, 0.112524], 
              [0.189103, 0.12702, 0.311182, 0.372696], 
              [0.238576, 0.284462, 0.11177, 0.365192], 
              [0.24914, 0.202523, 0.215515, 0.332822]
            ]
          }, {
            "db": 0,
            "id": "filter7",
            "alt": "4_PAD186_IRF4_hg38",
            "len": 19,
            "nsites": 909501,
            "pwm": [
              [0.282681, 0.217705, 0.216732, 0.282881], 
              [0.282681, 0.217705, 0.216733, 0.282881], 
              [0.282681, 0.217705, 0.216734, 0.282881], 
              [0.28268, 0.217704, 0.216734, 0.282882], 
              [0.28268, 0.217704, 0.216733, 0.282882], 
              [0.28268, 0.217704, 0.216733, 0.282883], 
              [0.28268, 0.217704, 0.216734, 0.282883], 
              [0.282679, 0.217703, 0.216734, 0.282884], 
              [0.282679, 0.217703, 0.216735, 0.282883], 
              [0.28268, 0.217703, 0.216734, 0.282883], 
              [0.28268, 0.217703, 0.216734, 0.282883], 
              [0.28268, 0.217702, 0.216735, 0.282882], 
              [0.28268, 0.217703, 0.216735, 0.282882], 
              [0.28268, 0.217703, 0.216734, 0.282883], 
              [0.28268, 0.217703, 0.216734, 0.282883], 
              [0.28268, 0.217703, 0.216735, 0.282882], 
              [0.282681, 0.217702, 0.216735, 0.282882], 
              [0.28268, 0.217702, 0.216736, 0.282882], 
              [0.28268, 0.217702, 0.216735, 0.282882]
            ]
          }, {
            "db": 0,
            "id": "filter8",
            "alt": "4_PAD186_IRF4_hg38",
            "len": 19,
            "nsites": 2083,
            "pwm": [
              [0.170911, 0.25204, 0.42726, 0.149789], 
              [0.0632576, 0.057508, 0.0493628, 0.829872], 
              [0.11447, 0.225576, 0.106329, 0.553625], 
              [0.00288542, 0.0886093, 0.0426345, 0.865871], 
              [1.20013e-05, 0.896521, 0.0196471, 0.0838202], 
              [0.973624, 1.20013e-05, 0.0263517, 1.20013e-05], 
              [1.20013e-05, 0.579486, 0.353443, 0.0670586], 
              [1.20013e-05, 1.20013e-05, 1.20013e-05, 0.999964], 
              [1.20013e-05, 1.20013e-05, 1.20013e-05, 0.999964], 
              [1.20013e-05, 0.836179, 1.20013e-05, 0.163797], 
              [1.20013e-05, 0.997569, 1.20013e-05, 0.00240653], 
              [0.045029, 0.226055, 0.0713687, 0.657547], 
              [0.0177315, 0.653716, 0.144162, 0.18439], 
              [0.0766367, 0.0632274, 0.00144871, 0.858687], 
              [0.0767101, 0.052742, 0.00768181, 0.862866], 
              [0.0595101, 0.159793, 0.0168058, 0.763891], 
              [0.0619092, 0.35796, 0.117089, 0.463042], 
              [0.209237, 0.187593, 0.186631, 0.416538], 
              [0.218586, 0.231103, 0.26673, 0.28358]
            ]
          }, {
            "db": 0,
            "id": "filter9",
            "alt": "4_PAD186_IRF4_hg38",
            "len": 19,
            "nsites": 15821,
            "pwm": [
              [0.269073, 0.143797, 0.2436, 0.34353], 
              [0.399444, 0.291044, 0.0862807, 0.223231], 
              [0.477337, 0.00320307, 0.515001, 0.00445855], 
              [0.542563, 0.0957883, 0.34842, 0.0132287], 
              [0.496835, 0.00219414, 0.0113402, 0.489631], 
              [1.58017e-06, 0.995234, 0.000126869, 0.00463727], 
              [1.58017e-06, 0.342479, 1.58017e-06, 0.657518], 
              [0.121477, 0.000189529, 0.00125455, 0.877079], 
              [0.291142, 0.0115081, 0.0972381, 0.600112], 
              [0.156841, 0.0139386, 0.0887615, 0.740459], 
              [0.197621, 0.141196, 0.331339, 0.329844], 
              [0.106787, 0.3232, 0.372232, 0.19778], 
              [0.246211, 0.313883, 0.201006, 0.2389], 
              [0.220088, 0.161589, 0.281031, 0.337292], 
              [0.315713, 0.239333, 0.164525, 0.280429], 
              [0.322784, 0.120598, 0.215534, 0.341084], 
              [0.241382, 0.188256, 0.249948, 0.320414], 
              [0.399011, 0.0890259, 0.226249, 0.285714], 
              [0.339401, 0.155592, 0.238639, 0.266368]
            ]
          }
        ],
        "targets": [
          {
            "db": 0,
            "id": "MA0002.2",
            "alt": "RUNX1",
            "len": 11,
            "nsites": 2000,
            "url": "http://jaspar.genereg.net/matrix/MA0002.2",
            "pwm": [
              [0.143505, 0.248, 0.347995, 0.260499], 
              [0.117007, 0.2425, 0.233501, 0.406992], 
              [0.0615094, 0.535986, 0.0745088, 0.327996], 
              [0.0285111, 1.24994e-05, 0.00351232, 0.967964], 
              [1.24994e-05, 0.0375106, 0.935966, 0.0265112], 
              [0.0435103, 0.0635093, 0.0350107, 0.85797], 
              [1.24994e-05, 1.24994e-05, 0.993463, 0.00651217], 
              [0.00851207, 0.0210114, 0.923966, 0.0465102], 
              [0.00501225, 0.200002, 0.125506, 0.669479], 
              [0.0655092, 0.231501, 0.0405105, 0.662479], 
              [0.25, 0.0790085, 0.144505, 0.526486]
            ]
          }, {
            "db": 0,
            "id": "MA0019.1",
            "alt": "Ddit3::Cebpa",
            "len": 12,
            "nsites": 39,
            "url": "http://jaspar.genereg.net/matrix/MA0019.1",
            "pwm": [
              [0.358695, 0.179667, 0.307544, 0.154092], 
              [0.281969, 0.179667, 0.358695, 0.179667], 
              [0.460997, 0.0773657, 0.384271, 0.0773657], 
              [0.000639386, 0.0262148, 0.000639386, 0.972506], 
              [0.000639386, 0.000639386, 0.972506, 0.0262148], 
              [0.102941, 0.844629, 0.000639386, 0.0517902], 
              [0.972506, 0.0262148, 0.000639386, 0.000639386], 
              [0.921356, 0.0517902, 0.0262148, 0.000639386], 
              [0.000639386, 0.154092, 0.000639386, 0.844629], 
              [0.358695, 0.435422, 0.128516, 0.0773657], 
              [0.102941, 0.588875, 0.230818, 0.0773657], 
              [0.000639386, 0.665601, 0.154092, 0.179667]
            ]
          }, {
            "db": 0,
            "id": "MA0028.2",
            "alt": "ELK1",
            "len": 10,
            "nsites": 67234,
            "url": "http://jaspar.genereg.net/matrix/MA0028.2",
            "pwm": [
              [0.681306, 0.0409023, 0.192745, 0.0850462], 
              [0.0249703, 0.939861, 0.0303253, 0.00484236], 
              [0.00776336, 0.990506, 0.00127637, 0.000454371], 
              [3.71835e-07, 0.000458371, 0.998974, 0.000567371], 
              [8.63717e-05, 0.000880371, 0.983721, 0.0153123], 
              [0.993062, 0.00505136, 0.00134437, 0.000542371], 
              [0.94711, 0.00688536, 0.00124137, 0.0447643], 
              [0.0585883, 0.0458643, 0.889835, 0.00571136], 
              [0.0169143, 0.116499, 0.0207373, 0.845849], 
              [0.289781, 0.145676, 0.377082, 0.18746]
            ]
          }, {
            "db": 0,
            "id": "MA0043.3",
            "alt": "HLF",
            "len": 14,
            "nsites": 24424,
            "url": "http://jaspar.genereg.net/matrix/MA0043.3",
            "pwm": [
              [0.278824, 0.207296, 0.230347, 0.283533], 
              [0.25348, 0.164142, 0.25782, 0.324558], 
              [0.359851, 0.181461, 0.400957, 0.0577308], 
              [0.012079, 0.00990898, 0.006061, 0.971951], 
              [0.006634, 0.00393201, 0.0366449, 0.952789], 
              [0.931294, 0.005119, 0.0550288, 0.00855799], 
              [0.00806699, 0.0633808, 0.01036, 0.918192], 
              [0.0990016, 0.004587, 0.888672, 0.00773899], 
              [0.015109, 0.704346, 0.00814899, 0.272396], 
              [0.989024, 0.004996, 0.00196602, 0.00401301], 
              [0.984889, 0.00274401, 0.00773899, 0.004628], 
              [0.0572808, 0.541966, 0.135113, 0.26564], 
              [0.364273, 0.262529, 0.131756, 0.241443], 
              [0.282591, 0.215649, 0.22613, 0.275631]
            ]
          }, {
            "db": 0,
            "id": "MA0046.2",
            "alt": "HNF1A",
            "len": 15,
            "nsites": 14149,
            "url": "http://jaspar.genereg.net/matrix/MA0046.2",
            "pwm": [
              [0.368152, 0.172522, 0.246661, 0.212665], 
              [0.459275, 0.0273046, 0.471577, 0.0418435], 
              [0.0228056, 0.0642903, 0.0547684, 0.858135], 
              [0.147344, 0.109724, 0.0275086, 0.715424], 
              [0.981746, 0.000209765, 0.0170706, 0.00097276], 
              [0.933676, 0.0417725, 0.000529763, 0.0240216], 
              [0.0803642, 0.0266846, 0.000443764, 0.892507], 
              [0.236076, 0.265055, 0.320892, 0.177977], 
              [0.934046, 0.000595763, 0.0223806, 0.0429775], 
              [0.0452364, 0.000828761, 0.0537614, 0.900173], 
              [0.00291375, 0.0158097, 0.000278765, 0.980998], 
              [0.814984, 0.0136527, 0.0770132, 0.0943501], 
              [0.878107, 0.0431345, 0.0679593, 0.0108007], 
              [0.0864822, 0.822325, 0.0380695, 0.0531224], 
              [0.280727, 0.242208, 0.16079, 0.316277]
            ]
          }, {
            "db": 0,
            "id": "MA0050.2",
            "alt": "IRF1",
            "len": 21,
            "nsites": 1362,
            "url": "http://jaspar.genereg.net/matrix/MA0050.2",
            "pwm": [
              [0.232013, 0.23495, 0.195305, 0.337733], 
              [0.184293, 0.20852, 0.184293, 0.422894], 
              [0.127028, 0.237886, 0.15566, 0.479425], 
              [0.101333, 0.315707, 0.108674, 0.474286], 
              [0.539627, 0.0741689, 0.26505, 0.121154], 
              [0.0176381, 0.581474, 0.371503, 0.0293852], 
              [0.00882871, 1.8354e-05, 1.8354e-05, 0.991135], 
              [1.8354e-05, 0.0227777, 1.8354e-05, 0.977186], 
              [1.8354e-05, 0.0411313, 0.00295514, 0.955895], 
              [1.8354e-05, 0.916985, 1.8354e-05, 0.0829783], 
              [0.670307, 0.0286503, 0.174749, 0.126294], 
              [0.0147013, 0.577803, 0.253304, 0.154192], 
              [0.0117645, 0.0007523, 1.8354e-05, 0.987464], 
              [0.00515798, 0.0102966, 0.00368908, 0.980856], 
              [0.00809376, 0.0425992, 1.8354e-05, 0.949288], 
              [0.0124994, 0.751064, 0.0205748, 0.215862], 
              [0.376643, 0.179888, 0.193102, 0.250367], 
              [0.160066, 0.340668, 0.213659, 0.285606], 
              [0.106472, 0.136572, 0.0837122, 0.673244], 
              [0.145382, 0.141711, 0.0727, 0.640206], 
              [0.121889, 0.243026, 0.110876, 0.524209]
            ]
          }, {
            "db": 0,
            "id": "MA0051.1",
            "alt": "IRF2",
            "len": 18,
            "nsites": 12,
            "url": "http://jaspar.genereg.net/matrix/MA0051.1",
            "pwm": [
              [0.00206612, 0.332644, 0.580578, 0.0847104], 
              [0.167356, 0.00206612, 0.828512, 0.00206612], 
              [0.993802, 0.00206612, 0.00206612, 0.00206612], 
              [0.911157, 0.00206612, 0.00206612, 0.0847104], 
              [0.993802, 0.00206612, 0.00206612, 0.00206612], 
              [0.167356, 0.00206612, 0.828512, 0.00206612], 
              [0.00206612, 0.497934, 0.00206612, 0.497934], 
              [0.00206612, 0.00206612, 0.993802, 0.00206612], 
              [0.993802, 0.00206612, 0.00206612, 0.00206612], 
              [0.993802, 0.00206612, 0.00206612, 0.00206612], 
              [0.993802, 0.00206612, 0.00206612, 0.00206612], 
              [0.00206612, 0.497934, 0.497934, 0.00206612], 
              [0.00206612, 0.580578, 0.167356, 0.25], 
              [0.41529, 0.167356, 0.25, 0.167356], 
              [0.497934, 0.00206612, 0.167356, 0.332644], 
              [0.497934, 0.0847104, 0.0847104, 0.332644], 
              [0.41529, 0.167356, 0.0847104, 0.332644], 
              [0.25, 0.497934, 0.0847104, 0.167356]
            ]
          }, {
            "db": 0,
            "id": "MA0056.2",
            "alt": "MZF1",
            "len": 13,
            "nsites": 8242,
            "url": "http://jaspar.genereg.net/matrix/MA0056.2",
            "pwm": [
              [0.259767, 0.274205, 0.219364, 0.246663], 
              [0.300533, 0.235865, 0.187213, 0.276389], 
              [0.71038, 0.123273, 0.12121, 0.0451375], 
              [0.86738, 0.0516884, 0.0467145, 0.0342176], 
              [0.0128639, 0.00679695, 0.0118929, 0.968445], 
              [0.0121359, 0.964441, 0.0121359, 0.0112869], 
              [0.0163828, 0.963228, 0.00655495, 0.0138349], 
              [0.0134709, 0.960801, 0.00703995, 0.0186878], 
              [0.0141989, 0.930955, 0.0100729, 0.0447735], 
              [0.732341, 0.0741341, 0.0587263, 0.134798], 
              [0.205412, 0.364838, 0.184786, 0.244965], 
              [0.254307, 0.252123, 0.179812, 0.313758], 
              [0.213783, 0.267653, 0.215118, 0.303445]
            ]
          }, {
            "db": 0,
            "id": "MA0060.3",
            "alt": "NFYA",
            "len": 11,
            "nsites": 4825,
            "url": "http://jaspar.genereg.net/matrix/MA0060.3",
            "pwm": [
              [0.393158, 0.156893, 0.376163, 0.0737857], 
              [0.398753, 0.0837344, 0.385075, 0.132437], 
              [0.00477208, 0.965166, 0.00705204, 0.0230097], 
              [0.00643005, 0.976773, 0.00580806, 0.010989], 
              [0.970555, 0.00601506, 0.00352811, 0.0199008], 
              [0.950037, 0.0194868, 0.0257036, 0.00477208], 
              [0.00767302, 0.0273626, 0.00228513, 0.962679], 
              [0.0344085, 0.873562, 0.0661178, 0.0259116], 
              [0.847242, 0.0441493, 0.10135, 0.00725903], 
              [0.126635, 0.234404, 0.562274, 0.0766876], 
              [0.384453, 0.28373, 0.183835, 0.147981]
            ]
          }, {
            "db": 0,
            "id": "MA0062.3",
            "alt": "GABPA",
            "len": 14,
            "nsites": 65479,
            "url": "http://jaspar.genereg.net/matrix/MA0062.3",
            "pwm": [
              [0.242627, 0.258434, 0.243513, 0.255425], 
              [0.167703, 0.331083, 0.210006, 0.291208], 
              [0.116663, 0.632232, 0.106737, 0.144367], 
              [0.798117, 0.0609053, 0.0744213, 0.0665563], 
              [0.0141884, 0.850104, 0.0331253, 0.102583], 
              [0.0593323, 0.0220383, 0.0147384, 0.903892], 
              [0.0131654, 0.0187854, 0.0249393, 0.943111], 
              [0.0213503, 0.937292, 0.0175634, 0.0237943], 
              [0.0151654, 0.963774, 0.00794137, 0.0131194], 
              [0.0262993, 0.0235503, 0.0696563, 0.880495], 
              [0.0338893, 0.0966422, 0.792925, 0.0765443], 
              [0.0816143, 0.183356, 0.1179, 0.617128], 
              [0.181783, 0.277249, 0.230318, 0.310649], 
              [0.206509, 0.265459, 0.201393, 0.326639]
            ]
          }, {
            "db": 0,
            "id": "MA0063.2",
            "alt": "NKX2-5",
            "len": 11,
            "nsites": 5444,
            "url": "http://jaspar.genereg.net/matrix/MA0063.2",
            "pwm": [
              [0.316494, 0.188098, 0.309881, 0.185526], 
              [0.280308, 0.30235, 0.242101, 0.17524], 
              [0.0176383, 0.918798, 0.00441351, 0.0591515], 
              [0.963617, 0.00882143, 0.0139643, 0.0135973], 
              [0.0264551, 0.936431, 0.00900543, 0.0281081], 
              [0.0248021, 0.0150663, 0.0112094, 0.948922], 
              [0.0407828, 0.79334, 0.0113934, 0.154484], 
              [0.885183, 0.0220472, 0.0398639, 0.0529056], 
              [0.905756, 0.030313, 0.0180053, 0.0459257], 
              [0.272777, 0.258266, 0.271492, 0.197466], 
              [0.335597, 0.229794, 0.199119, 0.235489]
            ]
          }, {
            "db": 0,
            "id": "MA0070.1",
            "alt": "PBX1",
            "len": 12,
            "nsites": 18,
            "url": "http://jaspar.genereg.net/matrix/MA0070.1",
            "pwm": [
              [0.277625, 0.332873, 0.111878, 0.277625], 
              [0.167127, 0.498619, 0.167127, 0.167127], 
              [0.885359, 0.0566303, 0.0566303, 0.00138122], 
              [0.0566303, 0.0566303, 0.00138122, 0.885359], 
              [0.00138122, 0.995856, 0.00138122, 0.00138122], 
              [0.940607, 0.0566303, 0.00138122, 0.00138122], 
              [0.940607, 0.00138122, 0.00138122, 0.0566303], 
              [0.00138122, 0.00138122, 0.0566303, 0.940607], 
              [0.00138122, 0.995856, 0.00138122, 0.00138122], 
              [0.885359, 0.0566303, 0.00138122, 0.0566303], 
              [0.664365, 0.00138122, 0.0566303, 0.277625], 
              [0.44337, 0.111878, 0.111878, 0.332873]
            ]
          }, {
            "db": 0,
            "id": "MA0072.1",
            "alt": "RORA(var.2)",
            "len": 14,
            "nsites": 36,
            "url": "http://jaspar.genereg.net/matrix/MA0072.1",
            "pwm": [
              [0.25, 0.222299, 0.222299, 0.305402], 
              [0.471606, 0.0560946, 0.194598, 0.277701], 
              [0.416205, 0.000692521, 0.0837947, 0.499307], 
              [0.970221, 0.0283936, 0.000692521, 0.000692521], 
              [0.637812, 0.000692521, 0.000692521, 0.360803], 
              [0.0560946, 0.333102, 0.360803, 0.25], 
              [0.000692521, 0.000692521, 0.000692521, 0.997922], 
              [0.776316, 0.000692521, 0.222299, 0.000692521], 
              [0.000692521, 0.000692521, 0.997922, 0.000692521], 
              [0.000692521, 0.000692521, 0.997922, 0.000692521], 
              [0.000692521, 0.000692521, 0.000692521, 0.997922], 
              [0.000692521, 0.997922, 0.000692521, 0.000692521], 
              [0.997922, 0.000692521, 0.000692521, 0.000692521], 
              [0.416205, 0.166898, 0.277701, 0.139197]
            ]
          }, {
            "db": 0,
            "id": "MA0076.2",
            "alt": "ELK4",
            "len": 11,
            "nsites": 3427,
            "url": "http://jaspar.genereg.net/matrix/MA0076.2",
            "pwm": [
              [0.0869618, 0.42544, 0.258535, 0.229064], 
              [0.114098, 0.555871, 0.166328, 0.163703], 
              [0.593512, 0.0423171, 0.302887, 0.0612835], 
              [7.2948e-06, 0.784343, 0.00467616, 0.210973], 
              [0.00234123, 7.2948e-06, 7.2948e-06, 0.997644], 
              [7.2948e-06, 7.2948e-06, 7.2948e-06, 0.999978], 
              [7.2948e-06, 0.999978, 7.2948e-06, 7.2948e-06], 
              [7.2948e-06, 0.999978, 7.2948e-06, 7.2948e-06], 
              [7.2948e-06, 7.2948e-06, 0.85058, 0.149405], 
              [7.2948e-06, 0.146195, 0.829572, 0.0242256], 
              [0.0846268, 0.365623, 0.194925, 0.354826]
            ]
          }, {
            "db": 0,
            "id": "MA0078.1",
            "alt": "Sox17",
            "len": 9,
            "nsites": 31,
            "url": "http://jaspar.genereg.net/matrix/MA0078.1",
            "pwm": [
              [0.225884, 0.290193, 0.19373, 0.290193], 
              [0.258039, 0.258039, 0.129421, 0.354502], 
              [0.0972667, 0.579582, 0.0329581, 0.290193], 
              [0.965434, 0.000803859, 0.000803859, 0.0329581], 
              [0.000803859, 0.0329581, 0.000803859, 0.965434], 
              [0.000803859, 0.000803859, 0.000803859, 0.997588], 
              [0.000803859, 0.000803859, 0.997588, 0.000803859], 
              [0.000803859, 0.000803859, 0.0651124, 0.93328], 
              [0.000803859, 0.547428, 0.322348, 0.129421]
            ]
          }, {
            "db": 0,
            "id": "MA0080.5",
            "alt": "SPI1",
            "len": 20,
            "nsites": 133203,
            "url": "http://jaspar.genereg.net/matrix/MA0080.5",
            "pwm": [
