>CHCAGCHS	1-CHCAGCHS	5.964171	-2091.843823	0	T:11515.0(59.60%),B:27458.0(34.07%),P:1e-908	Tpos:99.8,Tstd:56.4,Bpos:100.3,Bstd:88.9,StrandBias:-0.0,Multiplicity:1.71
0.001	0.997	0.001	0.001
0.340	0.283	0.001	0.376
0.001	0.997	0.001	0.001
0.670	0.001	0.001	0.328
0.001	0.001	0.997	0.001
0.001	0.754	0.244	0.001
0.352	0.358	0.001	0.289
0.166	0.301	0.368	0.165
>CCAGGCWG	2-CCAGGCWG	6.518583	-2078.028019	0	T:6833.0(35.37%),B:11398.5(14.14%),P:1e-902	Tpos:102.6,Tstd:55.8,Bpos:99.9,Bstd:90.6,StrandBias:-0.1,Multiplicity:1.52
0.001	0.562	0.316	0.121
0.001	0.771	0.227	0.001
0.723	0.001	0.001	0.275
0.001	0.001	0.997	0.001
0.001	0.241	0.757	0.001
0.067	0.656	0.276	0.001
0.446	0.001	0.001	0.552
0.001	0.064	0.934	0.001
>BCTCAGWG	3-BCTCAGWG	4.938083	-1676.554593	0	T:11295.0(58.46%),B:28657.6(35.55%),P:1e-728	Tpos:97.0,Tstd:56.0,Bpos:100.0,Bstd:88.8,StrandBias:0.0,Multiplicity:1.38
0.114	0.293	0.256	0.337
0.001	0.902	0.001	0.096
0.263	0.118	0.001	0.618
0.001	0.883	0.115	0.001
0.583	0.001	0.001	0.415
0.001	0.245	0.753	0.001
0.453	0.001	0.195	0.351
0.095	0.001	0.903	0.001
>CCTGGCCT	4-CCTGGCCT	5.412782	-1520.637809	0	T:10168.0(52.63%),B:25116.9(31.16%),P:1e-660	Tpos:98.9,Tstd:56.1,Bpos:98.8,Bstd:89.5,StrandBias:-0.0,Multiplicity:1.56
0.001	0.896	0.001	0.102
0.001	0.936	0.001	0.062
0.245	0.001	0.001	0.753
0.001	0.001	0.997	0.001
0.286	0.140	0.573	0.001
0.030	0.755	0.214	0.001
0.180	0.641	0.001	0.178
0.117	0.249	0.001	0.633
>TCTGYCTC	5-TCTGYCTC	5.702722	-1497.728757	0	T:8738.0(45.23%),B:19983.3(24.79%),P:1e-650	Tpos:98.1,Tstd:56.2,Bpos:99.2,Bstd:91.1,StrandBias:0.1,Multiplicity:1.36
0.047	0.301	0.001	0.651
0.001	0.968	0.030	0.001
0.179	0.117	0.136	0.568
0.001	0.168	0.713	0.118
0.062	0.426	0.066	0.446
0.001	0.633	0.130	0.236
0.024	0.026	0.079	0.871
0.001	0.801	0.151	0.047
>HCASWGNH	6-HCASWGNH	4.029560	-1462.120068	0	T:16715.0(86.52%),B:54902.9(68.11%),P:1e-634	Tpos:98.8,Tstd:57.1,Bpos:100.3,Bstd:87.1,StrandBias:-0.0,Multiplicity:1.37
0.254	0.380	0.117	0.249
0.063	0.828	0.001	0.108
0.665	0.008	0.027	0.300
0.093	0.432	0.474	0.001
0.511	0.001	0.119	0.369
0.069	0.028	0.788	0.115
0.247	0.250	0.257	0.247
0.251	0.390	0.066	0.293
>AGCWGCTG	7-AGCWGCTG	4.436557	-1439.468640	0	T:13842.0(71.65%),B:40823.7(50.65%),P:1e-625	Tpos:97.7,Tstd:56.7,Bpos:100.0,Bstd:90.1,StrandBias:0.0,Multiplicity:1.49
0.571	0.001	0.224	0.204
0.080	0.119	0.800	0.001
0.083	0.808	0.108	0.001
0.546	0.001	0.001	0.452
0.001	0.001	0.939	0.059
0.050	0.635	0.314	0.001
0.415	0.001	0.001	0.583
0.001	0.001	0.997	0.001
>CTGRAAAT	8-CTGRAAAT	5.051415	-1408.242277	0	T:13253.0(68.60%),B:38386.9(47.62%),P:1e-611	Tpos:97.9,Tstd:56.9,Bpos:100.1,Bstd:87.5,StrandBias:-0.1,Multiplicity:1.36
0.132	0.792	0.052	0.024
0.279	0.001	0.001	0.719
0.022	0.141	0.705	0.132
0.414	0.247	0.338	0.001
0.714	0.140	0.145	0.001
0.984	0.014	0.001	0.001
0.524	0.315	0.160	0.001
0.235	0.230	0.109	0.426
>TKGGGAAA	9-TKGGGAAA	5.459963	-1256.754063	0	T:11587.0(59.97%),B:32259.0(40.02%),P:1e-545	Tpos:101.4,Tstd:56.6,Bpos:100.4,Bstd:89.7,StrandBias:0.0,Multiplicity:1.30
0.067	0.001	0.001	0.931
0.001	0.001	0.464	0.534
0.117	0.001	0.566	0.316
0.152	0.001	0.812	0.035
0.260	0.054	0.685	0.001
0.688	0.001	0.310	0.001
0.743	0.001	0.255	0.001
0.717	0.001	0.281	0.001
>TTTYATTT	10-TTTYATTT	6.114413	-1152.014866	0	T:8736.0(45.22%),B:21833.6(27.09%),P:1e-500	Tpos:101.2,Tstd:56.2,Bpos:100.5,Bstd:89.1,StrandBias:0.3,Multiplicity:1.54
0.113	0.050	0.007	0.830
0.007	0.066	0.049	0.878
0.019	0.044	0.168	0.769
0.078	0.461	0.133	0.327
0.470	0.153	0.104	0.272
0.021	0.073	0.080	0.826
0.029	0.040	0.037	0.894
0.015	0.086	0.028	0.871
>CTTCCTGG	11-CTTCCTGG	5.862917	-1084.560690	0	T:6493.0(33.61%),B:14353.3(17.81%),P:1e-471	Tpos:94.7,Tstd:56.5,Bpos:99.1,Bstd:91.2,StrandBias:0.3,Multiplicity:1.16
0.032	0.790	0.031	0.147
0.030	0.127	0.022	0.821
0.004	0.109	0.001	0.886
0.004	0.880	0.028	0.088
0.029	0.827	0.031	0.113
0.148	0.083	0.132	0.637
0.065	0.116	0.652	0.167
0.133	0.164	0.510	0.193
>CCTGTAAT	12-CCTGTAAT	9.005754	-963.816320	0	T:1370.0(7.09%),B:885.9(1.10%),P:1e-418	Tpos:106.8,Tstd:55.6,Bpos:105.1,Bstd:81.8,StrandBias:0.4,Multiplicity:1.10
0.001	0.997	0.001	0.001
0.001	0.997	0.001	0.001
0.001	0.001	0.001	0.997
0.001	0.001	0.997	0.001
0.001	0.001	0.001	0.997
0.997	0.001	0.001	0.001
0.871	0.001	0.127	0.001
0.001	0.001	0.001	0.997
>GTGGCTCA	13-GTGGCTCA	8.715106	-763.425734	0	T:1437.0(7.44%),B:1328.3(1.65%),P:1e-331	Tpos:100.1,Tstd:57.1,Bpos:98.8,Bstd:86.0,StrandBias:0.5,Multiplicity:1.02
0.001	0.001	0.853	0.145
0.001	0.001	0.001	0.997
0.001	0.001	0.997	0.001
0.111	0.001	0.887	0.001
0.001	0.997	0.001	0.001
0.001	0.001	0.001	0.997
0.001	0.997	0.001	0.001
0.997	0.001	0.001	0.001
>CASAGATG	14-CASAGATG	6.504032	-755.016891	0	T:5665.0(29.32%),B:13391.5(16.61%),P:1e-327	Tpos:97.3,Tstd:57.2,Bpos:100.5,Bstd:87.9,StrandBias:-0.1,Multiplicity:1.08
0.001	0.579	0.001	0.419
0.661	0.001	0.001	0.337
0.001	0.525	0.473	0.001
0.997	0.001	0.001	0.001
0.247	0.076	0.676	0.001
0.723	0.095	0.124	0.058
0.376	0.001	0.001	0.622
0.001	0.001	0.997	0.001
>TTTTTAAA	15-TTTTTAAA	6.503231	-636.770249	0	T:4061.0(21.02%),B:8824.5(10.95%),P:1e-276	Tpos:107.4,Tstd:55.6,Bpos:99.1,Bstd:81.4,StrandBias:-0.0,Multiplicity:1.19
0.084	0.065	0.022	0.829
0.019	0.022	0.018	0.941
0.001	0.023	0.001	0.975
0.009	0.031	0.021	0.939
0.191	0.062	0.049	0.698
0.930	0.013	0.001	0.056
0.997	0.001	0.001	0.001
0.985	0.001	0.013	0.001
>AAAAAAAA	16-AAAAAAAA	8.236954	-584.973399	0	T:1910.0(9.89%),B:2842.0(3.53%),P:1e-254	Tpos:110.1,Tstd:54.9,Bpos:98.0,Bstd:97.8,StrandBias:-1.0,Multiplicity:1.10
0.700	0.100	0.100	0.100
0.700	0.100	0.100	0.100
0.700	0.100	0.100	0.100
0.700	0.100	0.100	0.100
0.700	0.100	0.100	0.100
0.700	0.100	0.100	0.100
0.700	0.100	0.100	0.100
0.700	0.100	0.100	0.100
>AGGCAGGA	17-AGGCAGGA	8.236954	-580.268665	0	T:932.0(4.82%),B:705.3(0.88%),P:1e-252	Tpos:106.1,Tstd:55.2,Bpos:92.5,Bstd:82.8,StrandBias:-0.3,Multiplicity:1.00
0.700	0.100	0.100	0.100
0.100	0.100	0.700	0.100
0.100	0.100	0.700	0.100
0.100	0.700	0.100	0.100
0.700	0.100	0.100	0.100
0.100	0.100	0.700	0.100
0.100	0.100	0.700	0.100
0.700	0.100	0.100	0.100
>GTGGTGGC	18-GTGGTGGC	9.110327	-386.326666	0	T:857.0(4.44%),B:923.7(1.15%),P:1e-167	Tpos:106.7,Tstd:56.9,Bpos:101.2,Bstd:77.8,StrandBias:0.1,Multiplicity:1.00
0.141	0.001	0.857	0.001
0.001	0.001	0.001	0.997
0.001	0.001	0.997	0.001
0.001	0.001	0.997	0.001
0.001	0.001	0.001	0.997
0.001	0.001	0.997	0.001
0.001	0.001	0.997	0.001
0.001	0.997	0.001	0.001
>CAAGTGAT	19-CAAGTGAT	10.050445	-347.675160	0	T:743.0(3.85%),B:771.0(0.96%),P:1e-150	Tpos:109.4,Tstd:55.0,Bpos:99.0,Bstd:81.2,StrandBias:-0.1,Multiplicity:1.04
0.001	0.997	0.001	0.001
0.997	0.001	0.001	0.001
0.997	0.001	0.001	0.001
0.001	0.001	0.997	0.001
0.001	0.361	0.001	0.637
0.001	0.001	0.997	0.001
0.997	0.001	0.001	0.001
0.001	0.001	0.001	0.997
>AATTAGCC	20-AATTAGCC	8.236954	-333.937929	0	T:549.0(2.84%),B:425.7(0.53%),P:1e-145	Tpos:107.8,Tstd:59.6,Bpos:97.7,Bstd:82.6,StrandBias:0.5,Multiplicity:1.00
0.700	0.100	0.100	0.100
0.700	0.100	0.100	0.100
0.100	0.100	0.100	0.700
0.100	0.100	0.100	0.700
0.700	0.100	0.100	0.100
0.100	0.100	0.700	0.100
0.100	0.700	0.100	0.100
0.100	0.700	0.100	0.100
>GTTTCACC	21-GTTTCACC	8.236954	-318.616849	0	T:546.0(2.83%),B:445.6(0.55%),P:1e-138	Tpos:108.7,Tstd:56.6,Bpos:106.1,Bstd:74.5,StrandBias:-0.4,Multiplicity:1.01
0.100	0.100	0.700	0.100
0.100	0.100	0.100	0.700
0.100	0.100	0.100	0.700
0.100	0.100	0.100	0.700
0.100	0.700	0.100	0.100
0.700	0.100	0.100	0.100
0.100	0.700	0.100	0.100
0.100	0.700	0.100	0.100
>GGGCGGGG	22-GGGCGGGG	9.088821	-309.888677	0	T:1815.0(9.39%),B:3683.8(4.57%),P:1e-134	Tpos:107.7,Tstd:57.8,Bpos:95.2,Bstd:91.0,StrandBias:-0.1,Multiplicity:1.17
0.001	0.001	0.997	0.001
0.001	0.001	0.997	0.001
0.001	0.001	0.997	0.001
0.138	0.544	0.001	0.317
0.001	0.001	0.997	0.001
0.001	0.001	0.997	0.001
0.001	0.001	0.997	0.001
0.001	0.001	0.997	0.001
>TGTGTGTG	23-TGTGTGTG	8.236954	-283.689735	0	T:578.0(2.99%),B:571.6(0.71%),P:1e-123	Tpos:110.6,Tstd:56.3,Bpos:100.0,Bstd:89.6,StrandBias:0.2,Multiplicity:1.14
0.100	0.100	0.100	0.700
0.100	0.100	0.700	0.100
0.100	0.100	0.100	0.700
0.100	0.100	0.700	0.100
0.100	0.100	0.100	0.700
0.100	0.100	0.700	0.100
0.100	0.100	0.100	0.700
0.100	0.100	0.700	0.100
>ACAGAGCR	24-ACAGAGCR	5.717439	-202.891535	0	T:930.0(4.81%),B:1663.4(2.06%),P:1e-88	Tpos:106.3,Tstd:56.4,Bpos:97.4,Bstd:93.0,StrandBias:-0.8,Multiplicity:1.01
0.997	0.001	0.001	0.001
0.001	0.997	0.001	0.001
0.997	0.001	0.001	0.001
0.001	0.009	0.989	0.001
0.997	0.001	0.001	0.001
0.001	0.001	0.997	0.001
0.001	0.997	0.001	0.001
0.525	0.001	0.473	0.001
>AGAGATGG	25-AGAGATGG	8.236954	-133.968833	0	T:461.0(2.39%),B:697.8(0.87%),P:1e-58	Tpos:106.6,Tstd:54.9,Bpos:96.1,Bstd:88.2,StrandBias:-0.2,Multiplicity:1.01
0.700	0.100	0.100	0.100
0.100	0.100	0.700	0.100
0.700	0.100	0.100	0.100
0.100	0.100	0.700	0.100
0.700	0.100	0.100	0.100
0.100	0.100	0.100	0.700
0.100	0.100	0.700	0.100
0.100	0.100	0.700	0.100
