>YYYTDGRRAR	1-YYYTDGRRAR	5.229102	-2086.025769	0	T:10606.0(54.90%),B:24005.8(29.78%),P:1e-905	Tpos:100.6,Tstd:56.0,Bpos:100.3,Bstd:87.6,StrandBias:0.1,Multiplicity:1.17
0.186	0.379	0.130	0.305
0.170	0.366	0.029	0.435
0.001	0.461	0.001	0.537
0.001	0.346	0.144	0.509
0.290	0.001	0.302	0.408
0.264	0.001	0.734	0.001
0.371	0.001	0.520	0.108
0.492	0.056	0.451	0.001
0.565	0.021	0.413	0.001
0.395	0.201	0.403	0.001
>BBCAGCCTCM	2-BBCAGCCTCM	5.932127	-2012.313831	0	T:6936.0(35.90%),B:11925.3(14.80%),P:1e-873	Tpos:102.7,Tstd:55.3,Bpos:100.7,Bstd:90.0,StrandBias:0.0,Multiplicity:1.53
0.087	0.366	0.316	0.231
0.086	0.354	0.286	0.275
0.065	0.619	0.315	0.001
0.533	0.065	0.073	0.329
0.081	0.047	0.867	0.005
0.030	0.533	0.378	0.059
0.011	0.984	0.001	0.004
0.207	0.061	0.001	0.731
0.056	0.534	0.368	0.042
0.283	0.403	0.185	0.129
>YCWGAGVAAN	3-YCWGAGVAAN	5.227603	-1957.484774	0	T:13089.0(67.75%),B:34585.2(42.91%),P:1e-850	Tpos:98.3,Tstd:56.4,Bpos:99.3,Bstd:88.0,StrandBias:-0.1,Multiplicity:1.39
0.185	0.257	0.181	0.377
0.043	0.867	0.089	0.001
0.469	0.001	0.001	0.529
0.001	0.327	0.671	0.001
0.560	0.001	0.180	0.259
0.001	0.001	0.997	0.001
0.375	0.368	0.243	0.014
0.649	0.325	0.001	0.025
0.495	0.173	0.196	0.136
0.290	0.234	0.245	0.231
>YVAKCCCAGG	4-YVAKCCCAGG	6.115752	-1858.887427	0	T:8349.0(43.21%),B:17001.6(21.09%),P:1e-807	Tpos:100.0,Tstd:55.3,Bpos:99.5,Bstd:87.5,StrandBias:0.0,Multiplicity:1.52
0.162	0.361	0.191	0.286
0.275	0.330	0.394	0.001
0.436	0.129	0.253	0.181
0.076	0.190	0.435	0.299
0.001	0.769	0.229	0.001
0.001	0.708	0.001	0.290
0.001	0.997	0.001	0.001
0.715	0.001	0.001	0.283
0.001	0.001	0.997	0.001
0.074	0.334	0.591	0.001
>CWGSCWGBNN	5-CWGSCWGBNN	5.298660	-1753.223502	0	T:10470.0(54.19%),B:25065.0(31.10%),P:1e-761	Tpos:98.8,Tstd:56.3,Bpos:98.9,Bstd:87.3,StrandBias:0.0,Multiplicity:1.20
0.288	0.710	0.001	0.001
0.554	0.001	0.001	0.444
0.001	0.001	0.779	0.219
0.044	0.407	0.463	0.086
0.252	0.682	0.065	0.001
0.504	0.001	0.001	0.494
0.001	0.001	0.689	0.309
0.001	0.277	0.402	0.320
0.234	0.304	0.196	0.266
0.225	0.213	0.250	0.311
>YCTCTCTCTS	6-YCTCTCTCTS	4.659113	-1658.058803	0	T:12745.0(65.97%),B:34719.6(43.07%),P:1e-720	Tpos:97.3,Tstd:55.7,Bpos:100.3,Bstd:94.5,StrandBias:0.2,Multiplicity:1.55
0.210	0.278	0.120	0.393
0.012	0.528	0.213	0.247
0.233	0.201	0.068	0.498
0.009	0.539	0.245	0.207
0.187	0.232	0.073	0.508
0.001	0.494	0.277	0.228
0.153	0.247	0.001	0.599
0.001	0.646	0.256	0.097
0.307	0.025	0.001	0.667
0.055	0.321	0.456	0.168
>CCTGTAATCC	7-CCTGTAATCC	9.801292	-1508.319585	0	T:1054.0(5.46%),B:71.4(0.09%),P:1e-655	Tpos:103.8,Tstd:62.2,Bpos:105.0,Bstd:60.0,StrandBias:0.3,Multiplicity:1.02
0.001	0.997	0.001	0.001
0.001	0.997	0.001	0.001
0.001	0.001	0.001	0.997
0.001	0.001	0.997	0.001
0.001	0.001	0.001	0.997
0.977	0.001	0.021	0.001
0.876	0.001	0.122	0.001
0.001	0.001	0.001	0.997
0.001	0.956	0.042	0.001
0.001	0.997	0.001	0.001
>GGRGGBKGRG	8-GGRGGBKGRG	6.853983	-1449.054163	0	T:7175.0(37.14%),B:14872.1(18.45%),P:1e-629	Tpos:103.0,Tstd:55.9,Bpos:99.1,Bstd:95.6,StrandBias:-0.1,Multiplicity:1.28
0.263	0.001	0.525	0.211
0.001	0.001	0.997	0.001
0.421	0.001	0.521	0.057
0.306	0.001	0.692	0.001
0.289	0.072	0.458	0.181
0.162	0.226	0.295	0.316
0.194	0.004	0.408	0.394
0.001	0.001	0.997	0.001
0.396	0.001	0.486	0.117
0.001	0.001	0.997	0.001
>CAGSHSTGWG	9-CAGSHSTGWG	3.172939	-1266.176090	0	T:4627.0(23.95%),B:7804.6(9.68%),P:1e-549	Tpos:96.4,Tstd:57.2,Bpos:100.4,Bstd:88.6,StrandBias:-0.0,Multiplicity:1.08
0.001	0.997	0.001	0.001
0.997	0.001	0.001	0.001
0.001	0.001	0.997	0.001
0.182	0.452	0.364	0.001
0.252	0.255	0.151	0.343
0.181	0.374	0.444	0.001
0.001	0.001	0.001	0.997
0.001	0.001	0.997	0.001
0.417	0.001	0.138	0.444
0.001	0.001	0.997	0.001
>SCAGCWGCWG	10-SCAGCWGCWG	4.783587	-1211.443136	0	T:8773.0(45.41%),B:21626.1(26.83%),P:1e-526	Tpos:96.4,Tstd:56.5,Bpos:100.3,Bstd:88.3,StrandBias:-0.0,Multiplicity:1.32
0.177	0.315	0.392	0.115
0.118	0.652	0.199	0.031
0.632	0.023	0.042	0.303
0.037	0.180	0.724	0.059
0.115	0.629	0.214	0.042
0.450	0.016	0.022	0.512
0.083	0.166	0.662	0.089
0.047	0.670	0.244	0.039
0.380	0.127	0.025	0.469
0.073	0.195	0.572	0.160
>AAAAAAAAAA	11-AAAAAAAAAA	13.718331	-1065.492576	0	T:1204.0(6.23%),B:518.1(0.64%),P:1e-462	Tpos:111.7,Tstd:54.3,Bpos:96.6,Bstd:101.7,StrandBias:-1.1,Multiplicity:1.04
0.938	0.060	0.001	0.001
0.997	0.001	0.001	0.001
0.997	0.001	0.001	0.001
0.997	0.001	0.001	0.001
0.997	0.001	0.001	0.001
0.997	0.001	0.001	0.001
0.997	0.001	0.001	0.001
0.997	0.001	0.001	0.001
0.997	0.001	0.001	0.001
0.945	0.001	0.053	0.001
>GCCACTGCAM	12-GCCACTGCAM	7.911800	-1044.663431	0	T:1510.0(7.82%),B:1004.3(1.25%),P:1e-453	Tpos:108.2,Tstd:55.3,Bpos:97.6,Bstd:84.8,StrandBias:-0.2,Multiplicity:1.22
0.066	0.334	0.558	0.042
0.052	0.532	0.072	0.344
0.074	0.824	0.057	0.045
0.724	0.112	0.072	0.092
0.049	0.871	0.053	0.027
0.097	0.109	0.058	0.736
0.098	0.045	0.803	0.054
0.050	0.863	0.053	0.034
0.674	0.136	0.127	0.063
0.303	0.415	0.215	0.067
>TTTCAGTTYC	13-TTTCAGTTYC	6.780475	-1036.066146	0	T:5490.0(28.42%),B:11336.6(14.06%),P:1e-449	Tpos:90.7,Tstd:57.0,Bpos:99.6,Bstd:90.9,StrandBias:0.2,Multiplicity:1.14
0.046	0.193	0.021	0.740
0.001	0.162	0.120	0.717
0.032	0.251	0.064	0.653
0.011	0.941	0.029	0.019
0.800	0.020	0.006	0.174
0.016	0.084	0.555	0.345
0.035	0.122	0.056	0.787
0.010	0.030	0.003	0.957
0.080	0.422	0.031	0.467
0.152	0.501	0.032	0.315
>AAAAAAAAAA	14-AAAAAAAAAA	6.585997	-973.482393	0	T:5948.0(30.79%),B:13122.1(16.28%),P:1e-422	Tpos:106.4,Tstd:54.9,Bpos:99.9,Bstd:92.7,StrandBias:-0.4,Multiplicity:1.31
0.781	0.084	0.046	0.089
0.588	0.095	0.140	0.177
0.854	0.034	0.027	0.085
0.671	0.196	0.062	0.071
0.629	0.173	0.084	0.114
0.601	0.148	0.118	0.133
0.730	0.133	0.075	0.062
0.768	0.120	0.062	0.050
0.724	0.159	0.017	0.100
0.562	0.132	0.049	0.257
>CTTTGGGAGG	15-CTTTGGGAGG	10.215215	-896.944320	0	T:669.0(3.46%),B:69.9(0.09%),P:1e-389	Tpos:102.9,Tstd:55.6,Bpos:107.8,Bstd:79.5,StrandBias:0.9,Multiplicity:1.00
0.001	0.997	0.001	0.001
0.001	0.028	0.001	0.970
0.001	0.001	0.001	0.997
0.001	0.001	0.001	0.997
0.001	0.001	0.997	0.001
0.001	0.001	0.997	0.001
0.001	0.001	0.997	0.001
0.997	0.001	0.001	0.001
0.045	0.001	0.953	0.001
0.001	0.001	0.997	0.001
>CAAGCGATTC	16-CAAGCGATTC	10.471659	-845.714732	0	T:747.0(3.87%),B:165.8(0.21%),P:1e-367	Tpos:111.8,Tstd:54.2,Bpos:93.1,Bstd:77.6,StrandBias:0.0,Multiplicity:1.02
0.042	0.934	0.023	0.001
0.945	0.053	0.001	0.001
0.799	0.138	0.037	0.026
0.012	0.001	0.986	0.001
0.089	0.501	0.064	0.346
0.307	0.171	0.521	0.001
0.820	0.049	0.060	0.071
0.026	0.022	0.001	0.951
0.005	0.417	0.001	0.577
0.001	0.968	0.001	0.030
>GGCGTGGTGG	17-GGCGTGGTGG	12.046682	-759.523226	0	T:665.0(3.44%),B:142.6(0.18%),P:1e-329	Tpos:108.1,Tstd:56.6,Bpos:106.0,Bstd:94.1,StrandBias:0.2,Multiplicity:1.03
0.006	0.001	0.992	0.001
0.003	0.001	0.995	0.001
0.012	0.737	0.001	0.250
0.269	0.027	0.691	0.013
0.006	0.014	0.001	0.979
0.001	0.001	0.997	0.001
0.002	0.001	0.996	0.001
0.001	0.005	0.001	0.993
0.001	0.001	0.997	0.001
0.007	0.001	0.991	0.001
>TTTTAAAAAD	18-TTTTAAAAAD	5.993625	-675.932116	0	T:5281.0(27.33%),B:12577.5(15.60%),P:1e-293	Tpos:105.8,Tstd:55.2,Bpos:99.6,Bstd:80.6,StrandBias:0.0,Multiplicity:1.24
0.034	0.108	0.013	0.845
0.001	0.038	0.003	0.958
0.024	0.108	0.022	0.846
0.264	0.173	0.121	0.442
0.624	0.124	0.169	0.083
0.862	0.035	0.102	0.001
0.891	0.001	0.106	0.002
0.726	0.035	0.143	0.096
0.442	0.078	0.228	0.252
0.284	0.106	0.300	0.311
>GAGATGGGGT	19-GAGATGGGGT	11.257019	-675.409522	0	T:559.0(2.89%),B:96.9(0.12%),P:1e-293	Tpos:109.4,Tstd:55.5,Bpos:85.6,Bstd:85.3,StrandBias:-0.1,Multiplicity:1.03
0.001	0.001	0.997	0.001
0.988	0.001	0.010	0.001
0.008	0.001	0.990	0.001
0.997	0.001	0.001	0.001
0.001	0.409	0.001	0.589
0.001	0.001	0.997	0.001
0.018	0.004	0.971	0.007
0.138	0.001	0.846	0.015
0.001	0.001	0.997	0.001
0.010	0.001	0.021	0.968
>AACATGGTGA	20-AACATGGTGA	9.453124	-559.904995	0	T:624.0(3.23%),B:256.9(0.32%),P:1e-243	Tpos:105.5,Tstd:56.0,Bpos:102.1,Bstd:93.3,StrandBias:0.3,Multiplicity:1.01
0.986	0.006	0.007	0.001
0.997	0.001	0.001	0.001
0.001	0.947	0.016	0.036
0.965	0.006	0.011	0.018
0.001	0.073	0.001	0.925
0.101	0.001	0.897	0.001
0.012	0.001	0.980	0.007
0.027	0.044	0.013	0.916
0.021	0.001	0.977	0.001
0.997	0.001	0.001	0.001
>CCAAGGCGGG	21-CCAAGGCGGG	9.613633	-456.892729	0	T:687.0(3.56%),B:473.2(0.59%),P:1e-198	Tpos:104.5,Tstd:53.8,Bpos:102.5,Bstd:72.9,StrandBias:0.5,Multiplicity:1.02
0.001	0.974	0.024	0.001
0.001	0.997	0.001	0.001
0.515	0.030	0.356	0.099
0.912	0.001	0.086	0.001
0.001	0.001	0.997	0.001
0.001	0.001	0.997	0.001
0.001	0.828	0.001	0.170
0.165	0.001	0.635	0.199
0.001	0.001	0.997	0.001
0.001	0.001	0.997	0.001
>CACACACACA	22-CACACACACA	8.674302	-318.221984	0	T:680.0(3.52%),B:705.5(0.88%),P:1e-138	Tpos:107.4,Tstd:55.8,Bpos:99.9,Bstd:81.5,StrandBias:-0.2,Multiplicity:1.14
0.028	0.924	0.012	0.036
0.958	0.013	0.013	0.016
0.009	0.967	0.013	0.011
0.979	0.009	0.007	0.005
0.001	0.982	0.001	0.016
0.984	0.001	0.005	0.010
0.008	0.961	0.006	0.025
0.980	0.001	0.008	0.011
0.017	0.942	0.014	0.027
0.933	0.022	0.019	0.026
>GCGATCTCGG	23-GCGATCTCGG	7.203717	-272.559550	0	T:412.0(2.13%),B:285.5(0.35%),P:1e-118	Tpos:114.1,Tstd:53.7,Bpos:96.5,Bstd:78.2,StrandBias:0.8,Multiplicity:1.01
0.106	0.001	0.892	0.001
0.001	0.807	0.001	0.191
0.192	0.001	0.806	0.001
0.997	0.001	0.001	0.001
0.001	0.001	0.001	0.997
0.001	0.997	0.001	0.001
0.001	0.001	0.001	0.997
0.001	0.918	0.001	0.080
0.001	0.001	0.997	0.001
0.001	0.001	0.997	0.001
>GTGCAATGGC	24-GTGCAATGGC	11.005684	-108.253022	0	T:114.0(0.59%),B:42.4(0.05%),P:1e-47	Tpos:103.7,Tstd:51.9,Bpos:76.5,Bstd:87.0,StrandBias:1.3,Multiplicity:1.00
0.001	0.001	0.997	0.001
0.001	0.001	0.001	0.997
0.001	0.001	0.997	0.001
0.001	0.997	0.001	0.001
0.997	0.001	0.001	0.001
0.939	0.059	0.001	0.001
0.001	0.001	0.001	0.997
0.001	0.001	0.997	0.001
0.001	0.001	0.997	0.001
0.001	0.997	0.001	0.001
>ATATATATAT	25-ATATATATAT	8.164352	-73.291871	0	T:595.0(3.08%),B:1360.6(1.69%),P:1e-31	Tpos:113.2,Tstd:52.5,Bpos:100.7,Bstd:63.4,StrandBias:0.1,Multiplicity:1.10
0.909	0.025	0.043	0.023
0.052	0.211	0.001	0.736
0.822	0.014	0.108	0.056
0.082	0.129	0.001	0.788
0.973	0.001	0.025	0.001
0.022	0.227	0.001	0.750
0.736	0.001	0.179	0.084
0.021	0.197	0.007	0.775
0.684	0.008	0.047	0.261
0.051	0.101	0.018	0.830
>CWSHANBCCCAG	1-CWSHANBCCCAG	5.485124	-2344.451932	0	T:10423.0(53.95%),B:22220.2(27.57%),P:1e-1018	Tpos:97.3,Tstd:55.2,Bpos:100.9,Bstd:88.3,StrandBias:-0.0,Multiplicity:1.45
0.068	0.656	0.134	0.142
0.414	0.033	0.001	0.552
0.015	0.422	0.503	0.060
0.282	0.372	0.105	0.241
0.383	0.223	0.195	0.200
0.286	0.217	0.265	0.231
0.150	0.315	0.220	0.315
0.010	0.693	0.121	0.176
0.137	0.609	0.001	0.253
0.079	0.908	0.001	0.012
0.696	0.001	0.001	0.302
0.039	0.068	0.889	0.004
>RGGAGGCYGAGR	2-RGGAGGCYGAGR	10.845525	-2041.784606	0	T:1594.0(8.25%),B:225.9(0.28%),P:1e-886	Tpos:107.4,Tstd:54.4,Bpos:105.3,Bstd:95.2,StrandBias:0.1,Multiplicity:1.37
0.494	0.029	0.447	0.030
0.059	0.001	0.925	0.015
0.040	0.006	0.953	0.001
0.979	0.001	0.002	0.018
0.067	0.001	0.931	0.001
0.066	0.012	0.615	0.307
0.066	0.541	0.005	0.388
0.096	0.382	0.162	0.360
0.197	0.022	0.780	0.001
0.925	0.007	0.053	0.015
0.029	0.001	0.969	0.001
0.394	0.060	0.529	0.017
>NCAGCCTGGGMH	3-NCAGCCTGGGMH	5.181548	-2035.525941	0	T:10036.0(51.95%),B:22131.2(27.46%),P:1e-884	Tpos:98.6,Tstd:55.5,Bpos:99.0,Bstd:87.5,StrandBias:-0.0,Multiplicity:1.25
0.248	0.263	0.269	0.220
0.247	0.516	0.183	0.054
0.555	0.013	0.053	0.379
0.066	0.198	0.583	0.153
0.087	0.576	0.233	0.104
0.058	0.877	0.001	0.064
0.364	0.061	0.001	0.574
0.027	0.001	0.746	0.226
0.158	0.002	0.624	0.216
0.145	0.238	0.527	0.090
0.241	0.375	0.209	0.175
0.282	0.286	0.104	0.328
>GGGYGYRGTGGC	4-GGGYGYRGTGGC	9.937977	-1955.127271	0	T:1560.0(8.07%),B:243.1(0.30%),P:1e-849	Tpos:107.0,Tstd:55.1,Bpos:110.6,Bstd:80.3,StrandBias:0.5,Multiplicity:1.11
0.223	0.013	0.722	0.042
0.349	0.001	0.649	0.001
0.046	0.001	0.951	0.002
0.038	0.488	0.012	0.462
0.267	0.032	0.668	0.033
0.009	0.480	0.001	0.510
0.409	0.013	0.555	0.023
0.083	0.001	0.915	0.001
0.005	0.001	0.001	0.993
0.038	0.001	0.947	0.014
0.051	0.001	0.947	0.001
0.001	0.809	0.001	0.189
>GCCTGTAATCCC	5-GCCTGTAATCCC	10.482128	-1901.948472	0	T:1316.0(6.81%),B:84.7(0.11%),P:1e-826	Tpos:108.8,Tstd:57.2,Bpos:111.3,Bstd:73.1,StrandBias:0.2,Multiplicity:1.02
0.293	0.024	0.659	0.024
0.001	0.975	0.001	0.023
0.023	0.952	0.001	0.024
0.001	0.001	0.001	0.997
0.291	0.047	0.638	0.024
0.001	0.001	0.046	0.952
0.953	0.001	0.023	0.023
0.688	0.023	0.288	0.001
0.023	0.095	0.001	0.881
0.131	0.773	0.001	0.095
0.047	0.783	0.024	0.146
0.096	0.696	0.001	0.207
>GAGAGAGAGAGA	6-GAGAGAGAGAGA	4.944375	-1873.352921	0	T:13416.0(69.44%),B:36446.3(45.22%),P:1e-813	Tpos:98.5,Tstd:54.7,Bpos:99.6,Bstd:100.6,StrandBias:-0.3,Multiplicity:1.64
0.226	0.192	0.547	0.035
0.650	0.001	0.274	0.075
0.174	0.145	0.680	0.001
0.719	0.001	0.218	0.062
0.182	0.172	0.645	0.001
0.692	0.001	0.233	0.074
0.222	0.216	0.561	0.001
0.723	0.013	0.171	0.093
0.229	0.088	0.682	0.001
0.751	0.001	0.189	0.059
0.295	0.087	0.609	0.009
0.607	0.068	0.259	0.066
>AAACCCCGTCTC	7-AAACCCCGTCTC	9.507167	-1837.556557	0	T:1519.0(7.86%),B:274.4(0.34%),P:1e-798	Tpos:105.6,Tstd:54.9,Bpos:94.0,Bstd:79.4,StrandBias:0.1,Multiplicity:1.04
0.981	0.008	0.001	0.010
0.579	0.003	0.415	0.003
0.901	0.057	0.034	0.008
0.033	0.925	0.011	0.031
0.037	0.651	0.005	0.307
0.018	0.911	0.008	0.063
0.033	0.573	0.021	0.373
0.261	0.029	0.675	0.035
0.001	0.047	0.015	0.937
0.005	0.942	0.021	0.032
0.003	0.008	0.003	0.986
0.008	0.939	0.013	0.040
>CAGSCTGGSNWR	8-CAGSCTGGSNWR	8.135835	-1757.960597	0	T:2055.0(10.64%),B:977.7(1.21%),P:1e-763	Tpos:106.8,Tstd:54.6,Bpos:103.3,Bstd:90.2,StrandBias:0.1,Multiplicity:1.43
0.085	0.758	0.133	0.024
0.824	0.041	0.012	0.123
0.132	0.095	0.631	0.142
0.027	0.533	0.404	0.036
0.105	0.778	0.004	0.113
0.131	0.016	0.001	0.852
0.016	0.009	0.934	0.041
0.116	0.008	0.836	0.040
0.180	0.295	0.349	0.176
0.167	0.306	0.310	0.216
0.380	0.152	0.208	0.259
0.395	0.125	0.367	0.113
>TGKGATYMCAGS	9-TGKGATYMCAGS	10.185738	-1756.994870	0	T:1235.0(6.39%),B:89.8(0.11%),P:1e-763	Tpos:107.5,Tstd:54.5,Bpos:89.4,Bstd:76.4,StrandBias:0.0,Multiplicity:1.10
0.002	0.003	0.016	0.979
0.141	0.003	0.855	0.001
0.178	0.065	0.383	0.375
0.376	0.058	0.562	0.004
0.714	0.046	0.191	0.049
0.045	0.256	0.014	0.685
0.001	0.523	0.049	0.427
0.432	0.380	0.001	0.187
0.001	0.890	0.001	0.108
0.997	0.001	0.001	0.001
0.135	0.056	0.808	0.001
0.117	0.406	0.414	0.064
>AAAAAAAAAAAA	10-AAAAAAAAAAAA	10.062221	-1558.025283	0	T:2355.0(12.19%),B:1712.7(2.12%),P:1e-676	Tpos:110.5,Tstd:54.1,Bpos:93.9,Bstd:103.9,StrandBias:-0.9,Multiplicity:1.13
0.817	0.048	0.010	0.125
0.811	0.111	0.022	0.056
0.878	0.061	0.028	0.033
0.860	0.070	0.022	0.048
0.783	0.075	0.019	0.123
0.803	0.064	0.010	0.123
0.832	0.117	0.021	0.030
0.792	0.153	0.021	0.034
0.871	0.066	0.032	0.031
0.873	0.064	0.028	0.035
0.827	0.048	0.059	0.066
0.855	0.053	0.040	0.052
>TCARGYRATCCT	11-TCARGYRATCCT	9.963770	-1350.115644	0	T:1060.0(5.49%),B:148.7(0.18%),P:1e-586	Tpos:108.1,Tstd:54.5,Bpos:102.3,Bstd:73.2,StrandBias:-0.2,Multiplicity:1.09
0.024	0.127	0.014	0.835
0.001	0.855	0.069	0.075
0.897	0.069	0.033	0.001
0.515	0.030	0.439	0.016
0.108	0.027	0.864	0.001
0.001	0.420	0.050	0.529
0.347	0.177	0.446	0.030
0.701	0.039	0.219	0.041
0.001	0.078	0.132	0.789
0.023	0.578	0.048	0.351
0.025	0.596	0.001	0.378
0.199	0.001	0.235	0.565
>NSCCCHGCCCCC	12-NSCCCHGCCCCC	5.796053	-1295.320060	0	T:5593.0(28.95%),B:10527.1(13.06%),P:1e-562	Tpos:106.2,Tstd:56.5,Bpos:98.3,Bstd:87.7,StrandBias:-0.1,Multiplicity:1.31
0.220	0.265	0.320	0.196
0.068	0.418	0.282	0.232
0.001	0.511	0.195	0.293
0.132	0.457	0.161	0.251
0.001	0.997	0.001	0.001
0.344	0.323	0.107	0.225
0.219	0.211	0.372	0.198
0.079	0.524	0.364	0.033
0.048	0.579	0.046	0.327
0.120	0.487	0.062	0.331
0.072	0.619	0.002	0.307
0.214	0.411	0.138	0.237
>GGCTCACTGCAA	13-GGCTCACTGCAA	9.834707	-1224.963466	0	T:816.0(4.22%),B:33.8(0.04%),P:1e-531	Tpos:110.7,Tstd:54.4,Bpos:102.9,Bstd:84.5,StrandBias:0.7,Multiplicity:1.00
0.205	0.009	0.744	0.042
0.015	0.001	0.980	0.004
0.001	0.982	0.001	0.016
0.001	0.008	0.001	0.990
0.003	0.968	0.011	0.018
0.988	0.001	0.010	0.001
0.001	0.985	0.001	0.013
0.006	0.020	0.002	0.972
0.017	0.002	0.979	0.002
0.016	0.967	0.001	0.016
0.989	0.004	0.001	0.006
0.909	0.001	0.089	0.001
>SCWGCWGCWGCC	14-SCWGCWGCWGCC	6.296209	-1200.057304	0	T:4772.0(24.70%),B:8462.4(10.50%),P:1e-521	Tpos:97.0,Tstd:57.0,Bpos:100.7,Bstd:87.0,StrandBias:-0.0,Multiplicity:1.15
0.086	0.347	0.443	0.123
0.043	0.850	0.106	0.001
0.473	0.121	0.062	0.344
0.052	0.154	0.740	0.054
0.001	0.798	0.200	0.001
0.342	0.219	0.070	0.369
0.043	0.239	0.503	0.215
0.001	0.947	0.051	0.001
0.290	0.237	0.046	0.427
0.078	0.152	0.490	0.280
0.001	0.585	0.292	0.122
0.164	0.424	0.145	0.267
>ACTTTGGGAGGC	15-ACTTTGGGAGGC	10.579178	-1166.900281	0	T:862.0(4.46%),B:85.2(0.11%),P:1e-506	Tpos:102.1,Tstd:57.7,Bpos:105.9,Bstd:61.3,StrandBias:0.5,Multiplicity:1.01
0.853	0.001	0.116	0.030
0.001	0.913	0.001	0.085
0.001	0.029	0.001	0.969
0.001	0.058	0.058	0.883
0.001	0.058	0.058	0.883
0.028	0.029	0.942	0.001
0.320	0.029	0.622	0.029
0.260	0.001	0.738	0.001
0.789	0.001	0.122	0.088
0.240	0.001	0.758	0.001
0.230	0.173	0.568	0.029
0.001	0.912	0.001	0.086
>GGAGTTCRAGAC	16-GGAGTTCRAGAC	10.656718	-1127.765153	0	T:795.0(4.11%),B:56.8(0.07%),P:1e-489	Tpos:105.7,Tstd:54.0,Bpos:99.6,Bstd:69.9,StrandBias:0.7,Multiplicity:1.00
0.135	0.010	0.845	0.010
0.066	0.015	0.894	0.025
0.886	0.013	0.076	0.025
0.041	0.030	0.904	0.025
0.199	0.053	0.020	0.728
0.005	0.019	0.020	0.956
0.051	0.657	0.051	0.241
0.427	0.049	0.506	0.018
0.945	0.020	0.025	0.010
0.071	0.020	0.904	0.005
0.906	0.013	0.071	0.010
0.025	0.875	0.041	0.059
>GATCGYGCCAYT	17-GATCGYGCCAYT	9.974440	-947.168964	0	T:739.0(3.83%),B:98.4(0.12%),P:1e-411	Tpos:111.8,Tstd:53.0,Bpos:98.9,Bstd:67.9,StrandBias:-0.8,Multiplicity:1.05
0.094	0.047	0.831	0.028
0.776	0.009	0.038	0.177
0.019	0.063	0.019	0.899
0.056	0.459	0.254	0.231
0.309	0.103	0.510	0.078
0.084	0.454	0.009	0.452
0.306	0.109	0.576	0.009
0.019	0.853	0.056	0.072
0.038	0.934	0.009	0.019
0.906	0.037	0.038	0.019
0.019	0.549	0.009	0.423
0.028	0.056	0.047	0.869
>CAGAGYGAGACT	18-CAGAGYGAGACT	10.397987	-926.896487	0	T:766.0(3.96%),B:132.3(0.16%),P:1e-402	Tpos:109.4,Tstd:55.4,Bpos:92.9,Bstd:71.3,StrandBias:-1.0,Multiplicity:1.01
0.214	0.672	0.031	0.083
0.997	0.001	0.001	0.001
0.164	0.127	0.506	0.203
0.937	0.001	0.061	0.001
0.099	0.001	0.880	0.020
0.001	0.529	0.001	0.469
0.309	0.115	0.504	0.072
0.869	0.001	0.093	0.037
0.283	0.001	0.685	0.031
0.859	0.010	0.093	0.038
0.051	0.854	0.001	0.094
0.021	0.336	0.010	0.633
>CAAAAATTAGCC	19-CAAAAATTAGCC	10.928697	-906.784436	0	T:624.0(3.23%),B:35.3(0.04%),P:1e-393	Tpos:108.4,Tstd:61.6,Bpos:94.0,Bstd:78.2,StrandBias:0.0,Multiplicity:1.00
0.248	0.609	0.053	0.090
0.991	0.001	0.004	0.004
0.983	0.001	0.015	0.001
0.982	0.004	0.007	0.007
0.966	0.013	0.020	0.001
0.988	0.001	0.004	0.007
0.007	0.001	0.009	0.983
0.001	0.005	0.007	0.987
0.992	0.001	0.006	0.001
0.001	0.003	0.995	0.001
0.004	0.968	0.001	0.027
0.001	0.910	0.007	0.082
>CACCATGTTGGC	20-CACCATGTTGGC	10.262234	-728.760315	0	T:472.0(2.44%),B:12.3(0.02%),P:1e-316	Tpos:106.1,Tstd:58.2,Bpos:89.7,Bstd:32.1,StrandBias:-0.2,Multiplicity:1.00
0.001	0.997	0.001	0.001
0.967	0.001	0.031	0.001
0.001	0.967	0.001	0.031
0.001	0.936	0.001	0.062
0.968	0.001	0.021	0.010
0.010	0.010	0.001	0.979
0.021	0.011	0.957	0.011
0.001	0.010	0.001	0.988
0.001	0.001	0.020	0.978
0.041	0.001	0.957	0.001
0.042	0.042	0.905	0.011
0.021	0.852	0.001	0.126
>WWWTTTTWAAAA	21-WWWTTTTWAAAA	7.604738	-614.327486	0	T:2087.0(10.80%),B:3197.8(3.97%),P:1e-266	Tpos:109.5,Tstd:54.2,Bpos:100.9,Bstd:76.4,StrandBias:-0.0,Multiplicity:1.11
0.309	0.156	0.124	0.412
0.277	0.178	0.142	0.403
0.310	0.167	0.106	0.416
0.229	0.155	0.055	0.561
0.045	0.085	0.002	0.868
0.001	0.043	0.006	0.950
0.158	0.089	0.075	0.678
0.382	0.108	0.110	0.401
0.703	0.043	0.051	0.203
0.914	0.009	0.060	0.017
0.703	0.053	0.113	0.131
0.535	0.060	0.167	0.238
>ACACACACACAC	22-ACACACACACAC	10.182723	-362.049290	0	T:324.0(1.68%),B:74.7(0.09%),P:1e-157	Tpos:110.5,Tstd:54.6,Bpos:103.4,Bstd:79.7,StrandBias:-0.3,Multiplicity:1.14
0.750	0.087	0.082	0.081
0.072	0.798	0.031	0.099
0.844	0.034	0.074	0.048
0.020	0.849	0.044	0.087
0.885	0.022	0.057	0.036
0.024	0.841	0.035	0.100
0.903	0.013	0.056	0.028
0.022	0.870	0.033	0.075
0.875	0.028	0.062	0.035
0.047	0.819	0.048	0.086
0.850	0.047	0.051	0.052
0.070	0.717	0.086	0.127
>GGATCACGAGGT	23-GGATCACGAGGT	11.020472	-254.038529	0	T:177.0(0.92%),B:11.6(0.01%),P:1e-110	Tpos:106.7,Tstd:52.8,Bpos:99.3,Bstd:36.5,StrandBias:0.8,Multiplicity:1.00
0.156	0.001	0.837	0.006
0.019	0.006	0.974	0.001
0.997	0.001	0.001	0.001
0.001	0.001	0.001	0.997
0.006	0.992	0.001	0.001
0.987	0.006	0.006	0.001
0.007	0.828	0.015	0.150
0.170	0.007	0.816	0.007
0.974	0.001	0.006	0.019
0.014	0.001	0.984	0.001
0.001	0.001	0.992	0.006
0.001	0.001	0.001	0.997
>AATAAATGAATG	24-AATAAATGAATG	12.237623	-139.017979	0	T:116.0(0.60%),B:21.3(0.03%),P:1e-60	Tpos:115.6,Tstd:50.3,Bpos:78.2,Bstd:40.9,StrandBias:-1.3,Multiplicity:1.04
0.997	0.001	0.001	0.001
0.997	0.001	0.001	0.001
0.022	0.001	0.001	0.976
0.737	0.001	0.261	0.001
0.997	0.001	0.001	0.001
0.997	0.001	0.001	0.001
0.001	0.001	0.001	0.997
0.060	0.006	0.933	0.001
0.997	0.001	0.001	0.001
0.997	0.001	0.001	0.001
0.001	0.001	0.001	0.997
0.292	0.001	0.706	0.001
>TATTATTATTAT	25-TATTATTATTAT	11.542189	-127.939624	0	T:200.0(1.04%),B:146.6(0.18%),P:1e-55	Tpos:122.5,Tstd:51.2,Bpos:95.9,Bstd:54.7,StrandBias:0.3,Multiplicity:1.02
0.001	0.105	0.100	0.794
0.861	0.001	0.090	0.048
0.001	0.317	0.001	0.681
0.001	0.001	0.102	0.896
0.696	0.001	0.001	0.302
0.001	0.131	0.072	0.796
0.120	0.033	0.001	0.846
0.997	0.001	0.001	0.001
0.071	0.003	0.068	0.858
0.001	0.083	0.001	0.915
0.773	0.017	0.055	0.155
0.068	0.046	0.001	0.885
>CHCAGCHS	1-CHCAGCHS	5.964171	-2091.843823	0	T:11515.0(59.60%),B:27458.0(34.07%),P:1e-908	Tpos:99.8,Tstd:56.4,Bpos:100.3,Bstd:88.9,StrandBias:-0.0,Multiplicity:1.71
0.001	0.997	0.001	0.001
0.340	0.283	0.001	0.376
0.001	0.997	0.001	0.001
0.670	0.001	0.001	0.328
0.001	0.001	0.997	0.001
0.001	0.754	0.244	0.001
0.352	0.358	0.001	0.289
0.166	0.301	0.368	0.165
>CCAGGCWG	2-CCAGGCWG	6.518583	-2078.028019	0	T:6833.0(35.37%),B:11398.5(14.14%),P:1e-902	Tpos:102.6,Tstd:55.8,Bpos:99.9,Bstd:90.6,StrandBias:-0.1,Multiplicity:1.52
0.001	0.562	0.316	0.121
0.001	0.771	0.227	0.001
0.723	0.001	0.001	0.275
0.001	0.001	0.997	0.001
0.001	0.241	0.757	0.001
0.067	0.656	0.276	0.001
0.446	0.001	0.001	0.552
0.001	0.064	0.934	0.001
>BCTCAGWG	3-BCTCAGWG	4.938083	-1676.554593	0	T:11295.0(58.46%),B:28657.6(35.55%),P:1e-728	Tpos:97.0,Tstd:56.0,Bpos:100.0,Bstd:88.8,StrandBias:0.0,Multiplicity:1.38
0.114	0.293	0.256	0.337
0.001	0.902	0.001	0.096
0.263	0.118	0.001	0.618
0.001	0.883	0.115	0.001
0.583	0.001	0.001	0.415
0.001	0.245	0.753	0.001
0.453	0.001	0.195	0.351
0.095	0.001	0.903	0.001
>CCTGGCCT	4-CCTGGCCT	5.412782	-1520.637809	0	T:10168.0(52.63%),B:25116.9(31.16%),P:1e-660	Tpos:98.9,Tstd:56.1,Bpos:98.8,Bstd:89.5,StrandBias:-0.0,Multiplicity:1.56
0.001	0.896	0.001	0.102
0.001	0.936	0.001	0.062
0.245	0.001	0.001	0.753
0.001	0.001	0.997	0.001
0.286	0.140	0.573	0.001
0.030	0.755	0.214	0.001
0.180	0.641	0.001	0.178
0.117	0.249	0.001	0.633
>TCTGYCTC	5-TCTGYCTC	5.702722	-1497.728757	0	T:8738.0(45.23%),B:19983.3(24.79%),P:1e-650	Tpos:98.1,Tstd:56.2,Bpos:99.2,Bstd:91.1,StrandBias:0.1,Multiplicity:1.36
0.047	0.301	0.001	0.651
0.001	0.968	0.030	0.001
0.179	0.117	0.136	0.568
0.001	0.168	0.713	0.118
0.062	0.426	0.066	0.446
0.001	0.633	0.130	0.236
0.024	0.026	0.079	0.871
0.001	0.801	0.151	0.047
>HCASWGNH	6-HCASWGNH	4.029560	-1462.120068	0	T:16715.0(86.52%),B:54902.9(68.11%),P:1e-634	Tpos:98.8,Tstd:57.1,Bpos:100.3,Bstd:87.1,StrandBias:-0.0,Multiplicity:1.37
0.254	0.380	0.117	0.249
0.063	0.828	0.001	0.108
0.665	0.008	0.027	0.300
0.093	0.432	0.474	0.001
0.511	0.001	0.119	0.369
0.069	0.028	0.788	0.115
0.247	0.250	0.257	0.247
0.251	0.390	0.066	0.293
>AGCWGCTG	7-AGCWGCTG	4.436557	-1439.468640	0	T:13842.0(71.65%),B:40823.7(50.65%),P:1e-625	Tpos:97.7,Tstd:56.7,Bpos:100.0,Bstd:90.1,StrandBias:0.0,Multiplicity:1.49
0.571	0.001	0.224	0.204
0.080	0.119	0.800	0.001
0.083	0.808	0.108	0.001
0.546	0.001	0.001	0.452
0.001	0.001	0.939	0.059
0.050	0.635	0.314	0.001
0.415	0.001	0.001	0.583
0.001	0.001	0.997	0.001
>CTGRAAAT	8-CTGRAAAT	5.051415	-1408.242277	0	T:13253.0(68.60%),B:38386.9(47.62%),P:1e-611	Tpos:97.9,Tstd:56.9,Bpos:100.1,Bstd:87.5,StrandBias:-0.1,Multiplicity:1.36
0.132	0.792	0.052	0.024
0.279	0.001	0.001	0.719
0.022	0.141	0.705	0.132
0.414	0.247	0.338	0.001
0.714	0.140	0.145	0.001
0.984	0.014	0.001	0.001
0.524	0.315	0.160	0.001
0.235	0.230	0.109	0.426
>TKGGGAAA	9-TKGGGAAA	5.459963	-1256.754063	0	T:11587.0(59.97%),B:32259.0(40.02%),P:1e-545	Tpos:101.4,Tstd:56.6,Bpos:100.4,Bstd:89.7,StrandBias:0.0,Multiplicity:1.30
0.067	0.001	0.001	0.931
0.001	0.001	0.464	0.534
0.117	0.001	0.566	0.316
0.152	0.001	0.812	0.035
0.260	0.054	0.685	0.001
0.688	0.001	0.310	0.001
0.743	0.001	0.255	0.001
0.717	0.001	0.281	0.001
>TTTYATTT	10-TTTYATTT	6.114413	-1152.014866	0	T:8736.0(45.22%),B:21833.6(27.09%),P:1e-500	Tpos:101.2,Tstd:56.2,Bpos:100.5,Bstd:89.1,StrandBias:0.3,Multiplicity:1.54
0.113	0.050	0.007	0.830
0.007	0.066	0.049	0.878
0.019	0.044	0.168	0.769
0.078	0.461	0.133	0.327
0.470	0.153	0.104	0.272
0.021	0.073	0.080	0.826
0.029	0.040	0.037	0.894
0.015	0.086	0.028	0.871
>CTTCCTGG	11-CTTCCTGG	5.862917	-1084.560690	0	T:6493.0(33.61%),B:14353.3(17.81%),P:1e-471	Tpos:94.7,Tstd:56.5,Bpos:99.1,Bstd:91.2,StrandBias:0.3,Multiplicity:1.16
0.032	0.790	0.031	0.147
0.030	0.127	0.022	0.821
0.004	0.109	0.001	0.886
0.004	0.880	0.028	0.088
0.029	0.827	0.031	0.113
0.148	0.083	0.132	0.637
0.065	0.116	0.652	0.167
0.133	0.164	0.510	0.193
>CCTGTAAT	12-CCTGTAAT	9.005754	-963.816320	0	T:1370.0(7.09%),B:885.9(1.10%),P:1e-418	Tpos:106.8,Tstd:55.6,Bpos:105.1,Bstd:81.8,StrandBias:0.4,Multiplicity:1.10
0.001	0.997	0.001	0.001
0.001	0.997	0.001	0.001
0.001	0.001	0.001	0.997
0.001	0.001	0.997	0.001
0.001	0.001	0.001	0.997
0.997	0.001	0.001	0.001
0.871	0.001	0.127	0.001
0.001	0.001	0.001	0.997
>GTGGCTCA	13-GTGGCTCA	8.715106	-763.425734	0	T:1437.0(7.44%),B:1328.3(1.65%),P:1e-331	Tpos:100.1,Tstd:57.1,Bpos:98.8,Bstd:86.0,StrandBias:0.5,Multiplicity:1.02
0.001	0.001	0.853	0.145
0.001	0.001	0.001	0.997
0.001	0.001	0.997	0.001
0.111	0.001	0.887	0.001
0.001	0.997	0.001	0.001
0.001	0.001	0.001	0.997
0.001	0.997	0.001	0.001
0.997	0.001	0.001	0.001
>CASAGATG	14-CASAGATG	6.504032	-755.016891	0	T:5665.0(29.32%),B:13391.5(16.61%),P:1e-327	Tpos:97.3,Tstd:57.2,Bpos:100.5,Bstd:87.9,StrandBias:-0.1,Multiplicity:1.08
0.001	0.579	0.001	0.419
0.661	0.001	0.001	0.337
0.001	0.525	0.473	0.001
0.997	0.001	0.001	0.001
0.247	0.076	0.676	0.001
0.723	0.095	0.124	0.058
0.376	0.001	0.001	0.622
0.001	0.001	0.997	0.001
>TTTTTAAA	15-TTTTTAAA	6.503231	-636.770249	0	T:4061.0(21.02%),B:8824.5(10.95%),P:1e-276	Tpos:107.4,Tstd:55.6,Bpos:99.1,Bstd:81.4,StrandBias:-0.0,Multiplicity:1.19
0.084	0.065	0.022	0.829
0.019	0.022	0.018	0.941
0.001	0.023	0.001	0.975
0.009	0.031	0.021	0.939
0.191	0.062	0.049	0.698
0.930	0.013	0.001	0.056
0.997	0.001	0.001	0.001
0.985	0.001	0.013	0.001
>AAAAAAAA	16-AAAAAAAA	8.236954	-584.973399	0	T:1910.0(9.89%),B:2842.0(3.53%),P:1e-254	Tpos:110.1,Tstd:54.9,Bpos:98.0,Bstd:97.8,StrandBias:-1.0,Multiplicity:1.10
0.700	0.100	0.100	0.100
0.700	0.100	0.100	0.100
0.700	0.100	0.100	0.100
0.700	0.100	0.100	0.100
0.700	0.100	0.100	0.100
0.700	0.100	0.100	0.100
0.700	0.100	0.100	0.100
0.700	0.100	0.100	0.100
>AGGCAGGA	17-AGGCAGGA	8.236954	-580.268665	0	T:932.0(4.82%),B:705.3(0.88%),P:1e-252	Tpos:106.1,Tstd:55.2,Bpos:92.5,Bstd:82.8,StrandBias:-0.3,Multiplicity:1.00
0.700	0.100	0.100	0.100
0.100	0.100	0.700	0.100
0.100	0.100	0.700	0.100
0.100	0.700	0.100	0.100
0.700	0.100	0.100	0.100
0.100	0.100	0.700	0.100
0.100	0.100	0.700	0.100
0.700	0.100	0.100	0.100
>GTGGTGGC	18-GTGGTGGC	9.110327	-386.326666	0	T:857.0(4.44%),B:923.7(1.15%),P:1e-167	Tpos:106.7,Tstd:56.9,Bpos:101.2,Bstd:77.8,StrandBias:0.1,Multiplicity:1.00
0.141	0.001	0.857	0.001
0.001	0.001	0.001	0.997
0.001	0.001	0.997	0.001
0.001	0.001	0.997	0.001
0.001	0.001	0.001	0.997
0.001	0.001	0.997	0.001
0.001	0.001	0.997	0.001
0.001	0.997	0.001	0.001
>CAAGTGAT	19-CAAGTGAT	10.050445	-347.675160	0	T:743.0(3.85%),B:771.0(0.96%),P:1e-150	Tpos:109.4,Tstd:55.0,Bpos:99.0,Bstd:81.2,StrandBias:-0.1,Multiplicity:1.04
0.001	0.997	0.001	0.001
0.997	0.001	0.001	0.001
0.997	0.001	0.001	0.001
0.001	0.001	0.997	0.001
0.001	0.361	0.001	0.637
0.001	0.001	0.997	0.001
0.997	0.001	0.001	0.001
0.001	0.001	0.001	0.997
>AATTAGCC	20-AATTAGCC	8.236954	-333.937929	0	T:549.0(2.84%),B:425.7(0.53%),P:1e-145	Tpos:107.8,Tstd:59.6,Bpos:97.7,Bstd:82.6,StrandBias:0.5,Multiplicity:1.00
0.700	0.100	0.100	0.100
0.700	0.100	0.100	0.100
0.100	0.100	0.100	0.700
0.100	0.100	0.100	0.700
0.700	0.100	0.100	0.100
0.100	0.100	0.700	0.100
0.100	0.700	0.100	0.100
0.100	0.700	0.100	0.100
>GTTTCACC	21-GTTTCACC	8.236954	-318.616849	0	T:546.0(2.83%),B:445.6(0.55%),P:1e-138	Tpos:108.7,Tstd:56.6,Bpos:106.1,Bstd:74.5,StrandBias:-0.4,Multiplicity:1.01
0.100	0.100	0.700	0.100
0.100	0.100	0.100	0.700
0.100	0.100	0.100	0.700
0.100	0.100	0.100	0.700
0.100	0.700	0.100	0.100
0.700	0.100	0.100	0.100
0.100	0.700	0.100	0.100
0.100	0.700	0.100	0.100
>GGGCGGGG	22-GGGCGGGG	9.088821	-309.888677	0	T:1815.0(9.39%),B:3683.8(4.57%),P:1e-134	Tpos:107.7,Tstd:57.8,Bpos:95.2,Bstd:91.0,StrandBias:-0.1,Multiplicity:1.17
0.001	0.001	0.997	0.001
0.001	0.001	0.997	0.001
0.001	0.001	0.997	0.001
0.138	0.544	0.001	0.317
0.001	0.001	0.997	0.001
0.001	0.001	0.997	0.001
0.001	0.001	0.997	0.001
0.001	0.001	0.997	0.001
>TGTGTGTG	23-TGTGTGTG	8.236954	-283.689735	0	T:578.0(2.99%),B:571.6(0.71%),P:1e-123	Tpos:110.6,Tstd:56.3,Bpos:100.0,Bstd:89.6,StrandBias:0.2,Multiplicity:1.14
0.100	0.100	0.100	0.700
0.100	0.100	0.700	0.100
0.100	0.100	0.100	0.700
0.100	0.100	0.700	0.100
0.100	0.100	0.100	0.700
0.100	0.100	0.700	0.100
0.100	0.100	0.100	0.700
0.100	0.100	0.700	0.100
>ACAGAGCR	24-ACAGAGCR	5.717439	-202.891535	0	T:930.0(4.81%),B:1663.4(2.06%),P:1e-88	Tpos:106.3,Tstd:56.4,Bpos:97.4,Bstd:93.0,StrandBias:-0.8,Multiplicity:1.01
0.997	0.001	0.001	0.001
0.001	0.997	0.001	0.001
0.997	0.001	0.001	0.001
0.001	0.009	0.989	0.001
0.997	0.001	0.001	0.001
0.001	0.001	0.997	0.001
0.001	0.997	0.001	0.001
0.525	0.001	0.473	0.001
>AGAGATGG	25-AGAGATGG	8.236954	-133.968833	0	T:461.0(2.39%),B:697.8(0.87%),P:1e-58	Tpos:106.6,Tstd:54.9,Bpos:96.1,Bstd:88.2,StrandBias:-0.2,Multiplicity:1.01
0.700	0.100	0.100	0.100
0.100	0.100	0.700	0.100
0.700	0.100	0.100	0.100
0.100	0.100	0.700	0.100
0.700	0.100	0.100	0.100
0.100	0.100	0.100	0.700
0.100	0.100	0.700	0.100
0.100	0.100	0.700	0.100
