>YYYTDGRRAR	1-YYYTDGRRAR	5.229102	-2086.025769	0	T:10606.0(54.90%),B:24005.8(29.78%),P:1e-905	Tpos:100.6,Tstd:56.0,Bpos:100.3,Bstd:87.6,StrandBias:0.1,Multiplicity:1.17
0.186	0.379	0.130	0.305
0.170	0.366	0.029	0.435
0.001	0.461	0.001	0.537
0.001	0.346	0.144	0.509
0.290	0.001	0.302	0.408
0.264	0.001	0.734	0.001
0.371	0.001	0.520	0.108
0.492	0.056	0.451	0.001
0.565	0.021	0.413	0.001
0.395	0.201	0.403	0.001
>BBCAGCCTCM	2-BBCAGCCTCM	5.932127	-2012.313831	0	T:6936.0(35.90%),B:11925.3(14.80%),P:1e-873	Tpos:102.7,Tstd:55.3,Bpos:100.7,Bstd:90.0,StrandBias:0.0,Multiplicity:1.53
0.087	0.366	0.316	0.231
0.086	0.354	0.286	0.275
0.065	0.619	0.315	0.001
0.533	0.065	0.073	0.329
0.081	0.047	0.867	0.005
0.030	0.533	0.378	0.059
0.011	0.984	0.001	0.004
0.207	0.061	0.001	0.731
0.056	0.534	0.368	0.042
0.283	0.403	0.185	0.129
>YCWGAGVAAN	3-YCWGAGVAAN	5.227603	-1957.484774	0	T:13089.0(67.75%),B:34585.2(42.91%),P:1e-850	Tpos:98.3,Tstd:56.4,Bpos:99.3,Bstd:88.0,StrandBias:-0.1,Multiplicity:1.39
0.185	0.257	0.181	0.377
0.043	0.867	0.089	0.001
0.469	0.001	0.001	0.529
0.001	0.327	0.671	0.001
0.560	0.001	0.180	0.259
0.001	0.001	0.997	0.001
0.375	0.368	0.243	0.014
0.649	0.325	0.001	0.025
0.495	0.173	0.196	0.136
0.290	0.234	0.245	0.231
>YVAKCCCAGG	4-YVAKCCCAGG	6.115752	-1858.887427	0	T:8349.0(43.21%),B:17001.6(21.09%),P:1e-807	Tpos:100.0,Tstd:55.3,Bpos:99.5,Bstd:87.5,StrandBias:0.0,Multiplicity:1.52
0.162	0.361	0.191	0.286
0.275	0.330	0.394	0.001
0.436	0.129	0.253	0.181
0.076	0.190	0.435	0.299
0.001	0.769	0.229	0.001
0.001	0.708	0.001	0.290
0.001	0.997	0.001	0.001
0.715	0.001	0.001	0.283
0.001	0.001	0.997	0.001
0.074	0.334	0.591	0.001
>CWGSCWGBNN	5-CWGSCWGBNN	5.298660	-1753.223502	0	T:10470.0(54.19%),B:25065.0(31.10%),P:1e-761	Tpos:98.8,Tstd:56.3,Bpos:98.9,Bstd:87.3,StrandBias:0.0,Multiplicity:1.20
0.288	0.710	0.001	0.001
0.554	0.001	0.001	0.444
0.001	0.001	0.779	0.219
0.044	0.407	0.463	0.086
0.252	0.682	0.065	0.001
0.504	0.001	0.001	0.494
0.001	0.001	0.689	0.309
0.001	0.277	0.402	0.320
0.234	0.304	0.196	0.266
0.225	0.213	0.250	0.311
>YCTCTCTCTS	6-YCTCTCTCTS	4.659113	-1658.058803	0	T:12745.0(65.97%),B:34719.6(43.07%),P:1e-720	Tpos:97.3,Tstd:55.7,Bpos:100.3,Bstd:94.5,StrandBias:0.2,Multiplicity:1.55
0.210	0.278	0.120	0.393
0.012	0.528	0.213	0.247
0.233	0.201	0.068	0.498
0.009	0.539	0.245	0.207
0.187	0.232	0.073	0.508
0.001	0.494	0.277	0.228
0.153	0.247	0.001	0.599
0.001	0.646	0.256	0.097
0.307	0.025	0.001	0.667
0.055	0.321	0.456	0.168
>CCTGTAATCC	7-CCTGTAATCC	9.801292	-1508.319585	0	T:1054.0(5.46%),B:71.4(0.09%),P:1e-655	Tpos:103.8,Tstd:62.2,Bpos:105.0,Bstd:60.0,StrandBias:0.3,Multiplicity:1.02
0.001	0.997	0.001	0.001
0.001	0.997	0.001	0.001
0.001	0.001	0.001	0.997
0.001	0.001	0.997	0.001
0.001	0.001	0.001	0.997
0.977	0.001	0.021	0.001
0.876	0.001	0.122	0.001
0.001	0.001	0.001	0.997
0.001	0.956	0.042	0.001
0.001	0.997	0.001	0.001
>GGRGGBKGRG	8-GGRGGBKGRG	6.853983	-1449.054163	0	T:7175.0(37.14%),B:14872.1(18.45%),P:1e-629	Tpos:103.0,Tstd:55.9,Bpos:99.1,Bstd:95.6,StrandBias:-0.1,Multiplicity:1.28
0.263	0.001	0.525	0.211
0.001	0.001	0.997	0.001
0.421	0.001	0.521	0.057
0.306	0.001	0.692	0.001
0.289	0.072	0.458	0.181
0.162	0.226	0.295	0.316
0.194	0.004	0.408	0.394
0.001	0.001	0.997	0.001
0.396	0.001	0.486	0.117
0.001	0.001	0.997	0.001
>CAGSHSTGWG	9-CAGSHSTGWG	3.172939	-1266.176090	0	T:4627.0(23.95%),B:7804.6(9.68%),P:1e-549	Tpos:96.4,Tstd:57.2,Bpos:100.4,Bstd:88.6,StrandBias:-0.0,Multiplicity:1.08
0.001	0.997	0.001	0.001
0.997	0.001	0.001	0.001
0.001	0.001	0.997	0.001
0.182	0.452	0.364	0.001
0.252	0.255	0.151	0.343
0.181	0.374	0.444	0.001
0.001	0.001	0.001	0.997
0.001	0.001	0.997	0.001
0.417	0.001	0.138	0.444
0.001	0.001	0.997	0.001
>SCAGCWGCWG	10-SCAGCWGCWG	4.783587	-1211.443136	0	T:8773.0(45.41%),B:21626.1(26.83%),P:1e-526	Tpos:96.4,Tstd:56.5,Bpos:100.3,Bstd:88.3,StrandBias:-0.0,Multiplicity:1.32
0.177	0.315	0.392	0.115
0.118	0.652	0.199	0.031
0.632	0.023	0.042	0.303
0.037	0.180	0.724	0.059
0.115	0.629	0.214	0.042
0.450	0.016	0.022	0.512
0.083	0.166	0.662	0.089
0.047	0.670	0.244	0.039
0.380	0.127	0.025	0.469
0.073	0.195	0.572	0.160
>AAAAAAAAAA	11-AAAAAAAAAA	13.718331	-1065.492576	0	T:1204.0(6.23%),B:518.1(0.64%),P:1e-462	Tpos:111.7,Tstd:54.3,Bpos:96.6,Bstd:101.7,StrandBias:-1.1,Multiplicity:1.04
0.938	0.060	0.001	0.001
0.997	0.001	0.001	0.001
0.997	0.001	0.001	0.001
0.997	0.001	0.001	0.001
0.997	0.001	0.001	0.001
0.997	0.001	0.001	0.001
0.997	0.001	0.001	0.001
0.997	0.001	0.001	0.001
0.997	0.001	0.001	0.001
0.945	0.001	0.053	0.001
>GCCACTGCAM	12-GCCACTGCAM	7.911800	-1044.663431	0	T:1510.0(7.82%),B:1004.3(1.25%),P:1e-453	Tpos:108.2,Tstd:55.3,Bpos:97.6,Bstd:84.8,StrandBias:-0.2,Multiplicity:1.22
0.066	0.334	0.558	0.042
0.052	0.532	0.072	0.344
0.074	0.824	0.057	0.045
0.724	0.112	0.072	0.092
0.049	0.871	0.053	0.027
0.097	0.109	0.058	0.736
0.098	0.045	0.803	0.054
0.050	0.863	0.053	0.034
0.674	0.136	0.127	0.063
0.303	0.415	0.215	0.067
>TTTCAGTTYC	13-TTTCAGTTYC	6.780475	-1036.066146	0	T:5490.0(28.42%),B:11336.6(14.06%),P:1e-449	Tpos:90.7,Tstd:57.0,Bpos:99.6,Bstd:90.9,StrandBias:0.2,Multiplicity:1.14
0.046	0.193	0.021	0.740
0.001	0.162	0.120	0.717
0.032	0.251	0.064	0.653
0.011	0.941	0.029	0.019
0.800	0.020	0.006	0.174
0.016	0.084	0.555	0.345
0.035	0.122	0.056	0.787
0.010	0.030	0.003	0.957
0.080	0.422	0.031	0.467
0.152	0.501	0.032	0.315
>AAAAAAAAAA	14-AAAAAAAAAA	6.585997	-973.482393	0	T:5948.0(30.79%),B:13122.1(16.28%),P:1e-422	Tpos:106.4,Tstd:54.9,Bpos:99.9,Bstd:92.7,StrandBias:-0.4,Multiplicity:1.31
0.781	0.084	0.046	0.089
0.588	0.095	0.140	0.177
0.854	0.034	0.027	0.085
0.671	0.196	0.062	0.071
0.629	0.173	0.084	0.114
0.601	0.148	0.118	0.133
0.730	0.133	0.075	0.062
0.768	0.120	0.062	0.050
0.724	0.159	0.017	0.100
0.562	0.132	0.049	0.257
>CTTTGGGAGG	15-CTTTGGGAGG	10.215215	-896.944320	0	T:669.0(3.46%),B:69.9(0.09%),P:1e-389	Tpos:102.9,Tstd:55.6,Bpos:107.8,Bstd:79.5,StrandBias:0.9,Multiplicity:1.00
0.001	0.997	0.001	0.001
0.001	0.028	0.001	0.970
0.001	0.001	0.001	0.997
0.001	0.001	0.001	0.997
0.001	0.001	0.997	0.001
0.001	0.001	0.997	0.001
0.001	0.001	0.997	0.001
0.997	0.001	0.001	0.001
0.045	0.001	0.953	0.001
0.001	0.001	0.997	0.001
>CAAGCGATTC	16-CAAGCGATTC	10.471659	-845.714732	0	T:747.0(3.87%),B:165.8(0.21%),P:1e-367	Tpos:111.8,Tstd:54.2,Bpos:93.1,Bstd:77.6,StrandBias:0.0,Multiplicity:1.02
0.042	0.934	0.023	0.001
0.945	0.053	0.001	0.001
0.799	0.138	0.037	0.026
0.012	0.001	0.986	0.001
0.089	0.501	0.064	0.346
0.307	0.171	0.521	0.001
0.820	0.049	0.060	0.071
0.026	0.022	0.001	0.951
0.005	0.417	0.001	0.577
0.001	0.968	0.001	0.030
>GGCGTGGTGG	17-GGCGTGGTGG	12.046682	-759.523226	0	T:665.0(3.44%),B:142.6(0.18%),P:1e-329	Tpos:108.1,Tstd:56.6,Bpos:106.0,Bstd:94.1,StrandBias:0.2,Multiplicity:1.03
0.006	0.001	0.992	0.001
0.003	0.001	0.995	0.001
0.012	0.737	0.001	0.250
0.269	0.027	0.691	0.013
0.006	0.014	0.001	0.979
0.001	0.001	0.997	0.001
0.002	0.001	0.996	0.001
0.001	0.005	0.001	0.993
0.001	0.001	0.997	0.001
0.007	0.001	0.991	0.001
>TTTTAAAAAD	18-TTTTAAAAAD	5.993625	-675.932116	0	T:5281.0(27.33%),B:12577.5(15.60%),P:1e-293	Tpos:105.8,Tstd:55.2,Bpos:99.6,Bstd:80.6,StrandBias:0.0,Multiplicity:1.24
0.034	0.108	0.013	0.845
0.001	0.038	0.003	0.958
0.024	0.108	0.022	0.846
0.264	0.173	0.121	0.442
0.624	0.124	0.169	0.083
0.862	0.035	0.102	0.001
0.891	0.001	0.106	0.002
0.726	0.035	0.143	0.096
0.442	0.078	0.228	0.252
0.284	0.106	0.300	0.311
>GAGATGGGGT	19-GAGATGGGGT	11.257019	-675.409522	0	T:559.0(2.89%),B:96.9(0.12%),P:1e-293	Tpos:109.4,Tstd:55.5,Bpos:85.6,Bstd:85.3,StrandBias:-0.1,Multiplicity:1.03
0.001	0.001	0.997	0.001
0.988	0.001	0.010	0.001
0.008	0.001	0.990	0.001
0.997	0.001	0.001	0.001
0.001	0.409	0.001	0.589
0.001	0.001	0.997	0.001
0.018	0.004	0.971	0.007
0.138	0.001	0.846	0.015
0.001	0.001	0.997	0.001
0.010	0.001	0.021	0.968
>AACATGGTGA	20-AACATGGTGA	9.453124	-559.904995	0	T:624.0(3.23%),B:256.9(0.32%),P:1e-243	Tpos:105.5,Tstd:56.0,Bpos:102.1,Bstd:93.3,StrandBias:0.3,Multiplicity:1.01
0.986	0.006	0.007	0.001
0.997	0.001	0.001	0.001
0.001	0.947	0.016	0.036
0.965	0.006	0.011	0.018
0.001	0.073	0.001	0.925
0.101	0.001	0.897	0.001
0.012	0.001	0.980	0.007
0.027	0.044	0.013	0.916
0.021	0.001	0.977	0.001
0.997	0.001	0.001	0.001
>CCAAGGCGGG	21-CCAAGGCGGG	9.613633	-456.892729	0	T:687.0(3.56%),B:473.2(0.59%),P:1e-198	Tpos:104.5,Tstd:53.8,Bpos:102.5,Bstd:72.9,StrandBias:0.5,Multiplicity:1.02
0.001	0.974	0.024	0.001
0.001	0.997	0.001	0.001
0.515	0.030	0.356	0.099
0.912	0.001	0.086	0.001
0.001	0.001	0.997	0.001
0.001	0.001	0.997	0.001
0.001	0.828	0.001	0.170
0.165	0.001	0.635	0.199
0.001	0.001	0.997	0.001
0.001	0.001	0.997	0.001
>CACACACACA	22-CACACACACA	8.674302	-318.221984	0	T:680.0(3.52%),B:705.5(0.88%),P:1e-138	Tpos:107.4,Tstd:55.8,Bpos:99.9,Bstd:81.5,StrandBias:-0.2,Multiplicity:1.14
0.028	0.924	0.012	0.036
0.958	0.013	0.013	0.016
0.009	0.967	0.013	0.011
0.979	0.009	0.007	0.005
0.001	0.982	0.001	0.016
0.984	0.001	0.005	0.010
0.008	0.961	0.006	0.025
0.980	0.001	0.008	0.011
0.017	0.942	0.014	0.027
0.933	0.022	0.019	0.026
>GCGATCTCGG	23-GCGATCTCGG	7.203717	-272.559550	0	T:412.0(2.13%),B:285.5(0.35%),P:1e-118	Tpos:114.1,Tstd:53.7,Bpos:96.5,Bstd:78.2,StrandBias:0.8,Multiplicity:1.01
0.106	0.001	0.892	0.001
0.001	0.807	0.001	0.191
0.192	0.001	0.806	0.001
0.997	0.001	0.001	0.001
0.001	0.001	0.001	0.997
0.001	0.997	0.001	0.001
0.001	0.001	0.001	0.997
0.001	0.918	0.001	0.080
0.001	0.001	0.997	0.001
0.001	0.001	0.997	0.001
>GTGCAATGGC	24-GTGCAATGGC	11.005684	-108.253022	0	T:114.0(0.59%),B:42.4(0.05%),P:1e-47	Tpos:103.7,Tstd:51.9,Bpos:76.5,Bstd:87.0,StrandBias:1.3,Multiplicity:1.00
0.001	0.001	0.997	0.001
0.001	0.001	0.001	0.997
0.001	0.001	0.997	0.001
0.001	0.997	0.001	0.001
0.997	0.001	0.001	0.001
0.939	0.059	0.001	0.001
0.001	0.001	0.001	0.997
0.001	0.001	0.997	0.001
0.001	0.001	0.997	0.001
0.001	0.997	0.001	0.001
>ATATATATAT	25-ATATATATAT	8.164352	-73.291871	0	T:595.0(3.08%),B:1360.6(1.69%),P:1e-31	Tpos:113.2,Tstd:52.5,Bpos:100.7,Bstd:63.4,StrandBias:0.1,Multiplicity:1.10
0.909	0.025	0.043	0.023
0.052	0.211	0.001	0.736
0.822	0.014	0.108	0.056
0.082	0.129	0.001	0.788
0.973	0.001	0.025	0.001
0.022	0.227	0.001	0.750
0.736	0.001	0.179	0.084
0.021	0.197	0.007	0.775
0.684	0.008	0.047	0.261
0.051	0.101	0.018	0.830
