>CWSHANBCCCAG	1-CWSHANBCCCAG	5.485124	-2344.451932	0	T:10423.0(53.95%),B:22220.2(27.57%),P:1e-1018	Tpos:97.3,Tstd:55.2,Bpos:100.9,Bstd:88.3,StrandBias:-0.0,Multiplicity:1.45
0.068	0.656	0.134	0.142
0.414	0.033	0.001	0.552
0.015	0.422	0.503	0.060
0.282	0.372	0.105	0.241
0.383	0.223	0.195	0.200
0.286	0.217	0.265	0.231
0.150	0.315	0.220	0.315
0.010	0.693	0.121	0.176
0.137	0.609	0.001	0.253
0.079	0.908	0.001	0.012
0.696	0.001	0.001	0.302
0.039	0.068	0.889	0.004
>RGGAGGCYGAGR	2-RGGAGGCYGAGR	10.845525	-2041.784606	0	T:1594.0(8.25%),B:225.9(0.28%),P:1e-886	Tpos:107.4,Tstd:54.4,Bpos:105.3,Bstd:95.2,StrandBias:0.1,Multiplicity:1.37
0.494	0.029	0.447	0.030
0.059	0.001	0.925	0.015
0.040	0.006	0.953	0.001
0.979	0.001	0.002	0.018
0.067	0.001	0.931	0.001
0.066	0.012	0.615	0.307
0.066	0.541	0.005	0.388
0.096	0.382	0.162	0.360
0.197	0.022	0.780	0.001
0.925	0.007	0.053	0.015
0.029	0.001	0.969	0.001
0.394	0.060	0.529	0.017
>NCAGCCTGGGMH	3-NCAGCCTGGGMH	5.181548	-2035.525941	0	T:10036.0(51.95%),B:22131.2(27.46%),P:1e-884	Tpos:98.6,Tstd:55.5,Bpos:99.0,Bstd:87.5,StrandBias:-0.0,Multiplicity:1.25
0.248	0.263	0.269	0.220
0.247	0.516	0.183	0.054
0.555	0.013	0.053	0.379
0.066	0.198	0.583	0.153
0.087	0.576	0.233	0.104
0.058	0.877	0.001	0.064
0.364	0.061	0.001	0.574
0.027	0.001	0.746	0.226
0.158	0.002	0.624	0.216
0.145	0.238	0.527	0.090
0.241	0.375	0.209	0.175
0.282	0.286	0.104	0.328
>GGGYGYRGTGGC	4-GGGYGYRGTGGC	9.937977	-1955.127271	0	T:1560.0(8.07%),B:243.1(0.30%),P:1e-849	Tpos:107.0,Tstd:55.1,Bpos:110.6,Bstd:80.3,StrandBias:0.5,Multiplicity:1.11
0.223	0.013	0.722	0.042
0.349	0.001	0.649	0.001
0.046	0.001	0.951	0.002
0.038	0.488	0.012	0.462
0.267	0.032	0.668	0.033
0.009	0.480	0.001	0.510
0.409	0.013	0.555	0.023
0.083	0.001	0.915	0.001
0.005	0.001	0.001	0.993
0.038	0.001	0.947	0.014
0.051	0.001	0.947	0.001
0.001	0.809	0.001	0.189
>GCCTGTAATCCC	5-GCCTGTAATCCC	10.482128	-1901.948472	0	T:1316.0(6.81%),B:84.7(0.11%),P:1e-826	Tpos:108.8,Tstd:57.2,Bpos:111.3,Bstd:73.1,StrandBias:0.2,Multiplicity:1.02
0.293	0.024	0.659	0.024
0.001	0.975	0.001	0.023
0.023	0.952	0.001	0.024
0.001	0.001	0.001	0.997
0.291	0.047	0.638	0.024
0.001	0.001	0.046	0.952
0.953	0.001	0.023	0.023
0.688	0.023	0.288	0.001
0.023	0.095	0.001	0.881
0.131	0.773	0.001	0.095
0.047	0.783	0.024	0.146
0.096	0.696	0.001	0.207
>GAGAGAGAGAGA	6-GAGAGAGAGAGA	4.944375	-1873.352921	0	T:13416.0(69.44%),B:36446.3(45.22%),P:1e-813	Tpos:98.5,Tstd:54.7,Bpos:99.6,Bstd:100.6,StrandBias:-0.3,Multiplicity:1.64
0.226	0.192	0.547	0.035
0.650	0.001	0.274	0.075
0.174	0.145	0.680	0.001
0.719	0.001	0.218	0.062
0.182	0.172	0.645	0.001
0.692	0.001	0.233	0.074
0.222	0.216	0.561	0.001
0.723	0.013	0.171	0.093
0.229	0.088	0.682	0.001
0.751	0.001	0.189	0.059
0.295	0.087	0.609	0.009
0.607	0.068	0.259	0.066
>AAACCCCGTCTC	7-AAACCCCGTCTC	9.507167	-1837.556557	0	T:1519.0(7.86%),B:274.4(0.34%),P:1e-798	Tpos:105.6,Tstd:54.9,Bpos:94.0,Bstd:79.4,StrandBias:0.1,Multiplicity:1.04
0.981	0.008	0.001	0.010
0.579	0.003	0.415	0.003
0.901	0.057	0.034	0.008
0.033	0.925	0.011	0.031
0.037	0.651	0.005	0.307
0.018	0.911	0.008	0.063
0.033	0.573	0.021	0.373
0.261	0.029	0.675	0.035
0.001	0.047	0.015	0.937
0.005	0.942	0.021	0.032
0.003	0.008	0.003	0.986
0.008	0.939	0.013	0.040
>CAGSCTGGSNWR	8-CAGSCTGGSNWR	8.135835	-1757.960597	0	T:2055.0(10.64%),B:977.7(1.21%),P:1e-763	Tpos:106.8,Tstd:54.6,Bpos:103.3,Bstd:90.2,StrandBias:0.1,Multiplicity:1.43
0.085	0.758	0.133	0.024
0.824	0.041	0.012	0.123
0.132	0.095	0.631	0.142
0.027	0.533	0.404	0.036
0.105	0.778	0.004	0.113
0.131	0.016	0.001	0.852
0.016	0.009	0.934	0.041
0.116	0.008	0.836	0.040
0.180	0.295	0.349	0.176
0.167	0.306	0.310	0.216
0.380	0.152	0.208	0.259
0.395	0.125	0.367	0.113
>TGKGATYMCAGS	9-TGKGATYMCAGS	10.185738	-1756.994870	0	T:1235.0(6.39%),B:89.8(0.11%),P:1e-763	Tpos:107.5,Tstd:54.5,Bpos:89.4,Bstd:76.4,StrandBias:0.0,Multiplicity:1.10
0.002	0.003	0.016	0.979
0.141	0.003	0.855	0.001
0.178	0.065	0.383	0.375
0.376	0.058	0.562	0.004
0.714	0.046	0.191	0.049
0.045	0.256	0.014	0.685
0.001	0.523	0.049	0.427
0.432	0.380	0.001	0.187
0.001	0.890	0.001	0.108
0.997	0.001	0.001	0.001
0.135	0.056	0.808	0.001
0.117	0.406	0.414	0.064
>AAAAAAAAAAAA	10-AAAAAAAAAAAA	10.062221	-1558.025283	0	T:2355.0(12.19%),B:1712.7(2.12%),P:1e-676	Tpos:110.5,Tstd:54.1,Bpos:93.9,Bstd:103.9,StrandBias:-0.9,Multiplicity:1.13
0.817	0.048	0.010	0.125
0.811	0.111	0.022	0.056
0.878	0.061	0.028	0.033
0.860	0.070	0.022	0.048
0.783	0.075	0.019	0.123
0.803	0.064	0.010	0.123
0.832	0.117	0.021	0.030
0.792	0.153	0.021	0.034
0.871	0.066	0.032	0.031
0.873	0.064	0.028	0.035
0.827	0.048	0.059	0.066
0.855	0.053	0.040	0.052
>TCARGYRATCCT	11-TCARGYRATCCT	9.963770	-1350.115644	0	T:1060.0(5.49%),B:148.7(0.18%),P:1e-586	Tpos:108.1,Tstd:54.5,Bpos:102.3,Bstd:73.2,StrandBias:-0.2,Multiplicity:1.09
0.024	0.127	0.014	0.835
0.001	0.855	0.069	0.075
0.897	0.069	0.033	0.001
0.515	0.030	0.439	0.016
0.108	0.027	0.864	0.001
0.001	0.420	0.050	0.529
0.347	0.177	0.446	0.030
0.701	0.039	0.219	0.041
0.001	0.078	0.132	0.789
0.023	0.578	0.048	0.351
0.025	0.596	0.001	0.378
0.199	0.001	0.235	0.565
>NSCCCHGCCCCC	12-NSCCCHGCCCCC	5.796053	-1295.320060	0	T:5593.0(28.95%),B:10527.1(13.06%),P:1e-562	Tpos:106.2,Tstd:56.5,Bpos:98.3,Bstd:87.7,StrandBias:-0.1,Multiplicity:1.31
0.220	0.265	0.320	0.196
0.068	0.418	0.282	0.232
0.001	0.511	0.195	0.293
0.132	0.457	0.161	0.251
0.001	0.997	0.001	0.001
0.344	0.323	0.107	0.225
0.219	0.211	0.372	0.198
0.079	0.524	0.364	0.033
0.048	0.579	0.046	0.327
0.120	0.487	0.062	0.331
0.072	0.619	0.002	0.307
0.214	0.411	0.138	0.237
>GGCTCACTGCAA	13-GGCTCACTGCAA	9.834707	-1224.963466	0	T:816.0(4.22%),B:33.8(0.04%),P:1e-531	Tpos:110.7,Tstd:54.4,Bpos:102.9,Bstd:84.5,StrandBias:0.7,Multiplicity:1.00
0.205	0.009	0.744	0.042
0.015	0.001	0.980	0.004
0.001	0.982	0.001	0.016
0.001	0.008	0.001	0.990
0.003	0.968	0.011	0.018
0.988	0.001	0.010	0.001
0.001	0.985	0.001	0.013
0.006	0.020	0.002	0.972
0.017	0.002	0.979	0.002
0.016	0.967	0.001	0.016
0.989	0.004	0.001	0.006
0.909	0.001	0.089	0.001
>SCWGCWGCWGCC	14-SCWGCWGCWGCC	6.296209	-1200.057304	0	T:4772.0(24.70%),B:8462.4(10.50%),P:1e-521	Tpos:97.0,Tstd:57.0,Bpos:100.7,Bstd:87.0,StrandBias:-0.0,Multiplicity:1.15
0.086	0.347	0.443	0.123
0.043	0.850	0.106	0.001
0.473	0.121	0.062	0.344
0.052	0.154	0.740	0.054
0.001	0.798	0.200	0.001
0.342	0.219	0.070	0.369
0.043	0.239	0.503	0.215
0.001	0.947	0.051	0.001
0.290	0.237	0.046	0.427
0.078	0.152	0.490	0.280
0.001	0.585	0.292	0.122
0.164	0.424	0.145	0.267
>ACTTTGGGAGGC	15-ACTTTGGGAGGC	10.579178	-1166.900281	0	T:862.0(4.46%),B:85.2(0.11%),P:1e-506	Tpos:102.1,Tstd:57.7,Bpos:105.9,Bstd:61.3,StrandBias:0.5,Multiplicity:1.01
0.853	0.001	0.116	0.030
0.001	0.913	0.001	0.085
0.001	0.029	0.001	0.969
0.001	0.058	0.058	0.883
0.001	0.058	0.058	0.883
0.028	0.029	0.942	0.001
0.320	0.029	0.622	0.029
0.260	0.001	0.738	0.001
0.789	0.001	0.122	0.088
0.240	0.001	0.758	0.001
0.230	0.173	0.568	0.029
0.001	0.912	0.001	0.086
>GGAGTTCRAGAC	16-GGAGTTCRAGAC	10.656718	-1127.765153	0	T:795.0(4.11%),B:56.8(0.07%),P:1e-489	Tpos:105.7,Tstd:54.0,Bpos:99.6,Bstd:69.9,StrandBias:0.7,Multiplicity:1.00
0.135	0.010	0.845	0.010
0.066	0.015	0.894	0.025
0.886	0.013	0.076	0.025
0.041	0.030	0.904	0.025
0.199	0.053	0.020	0.728
0.005	0.019	0.020	0.956
0.051	0.657	0.051	0.241
0.427	0.049	0.506	0.018
0.945	0.020	0.025	0.010
0.071	0.020	0.904	0.005
0.906	0.013	0.071	0.010
0.025	0.875	0.041	0.059
>GATCGYGCCAYT	17-GATCGYGCCAYT	9.974440	-947.168964	0	T:739.0(3.83%),B:98.4(0.12%),P:1e-411	Tpos:111.8,Tstd:53.0,Bpos:98.9,Bstd:67.9,StrandBias:-0.8,Multiplicity:1.05
0.094	0.047	0.831	0.028
0.776	0.009	0.038	0.177
0.019	0.063	0.019	0.899
0.056	0.459	0.254	0.231
0.309	0.103	0.510	0.078
0.084	0.454	0.009	0.452
0.306	0.109	0.576	0.009
0.019	0.853	0.056	0.072
0.038	0.934	0.009	0.019
0.906	0.037	0.038	0.019
0.019	0.549	0.009	0.423
0.028	0.056	0.047	0.869
>CAGAGYGAGACT	18-CAGAGYGAGACT	10.397987	-926.896487	0	T:766.0(3.96%),B:132.3(0.16%),P:1e-402	Tpos:109.4,Tstd:55.4,Bpos:92.9,Bstd:71.3,StrandBias:-1.0,Multiplicity:1.01
0.214	0.672	0.031	0.083
0.997	0.001	0.001	0.001
0.164	0.127	0.506	0.203
0.937	0.001	0.061	0.001
0.099	0.001	0.880	0.020
0.001	0.529	0.001	0.469
0.309	0.115	0.504	0.072
0.869	0.001	0.093	0.037
0.283	0.001	0.685	0.031
0.859	0.010	0.093	0.038
0.051	0.854	0.001	0.094
0.021	0.336	0.010	0.633
>CAAAAATTAGCC	19-CAAAAATTAGCC	10.928697	-906.784436	0	T:624.0(3.23%),B:35.3(0.04%),P:1e-393	Tpos:108.4,Tstd:61.6,Bpos:94.0,Bstd:78.2,StrandBias:0.0,Multiplicity:1.00
0.248	0.609	0.053	0.090
0.991	0.001	0.004	0.004
0.983	0.001	0.015	0.001
0.982	0.004	0.007	0.007
0.966	0.013	0.020	0.001
0.988	0.001	0.004	0.007
0.007	0.001	0.009	0.983
0.001	0.005	0.007	0.987
0.992	0.001	0.006	0.001
0.001	0.003	0.995	0.001
0.004	0.968	0.001	0.027
0.001	0.910	0.007	0.082
>CACCATGTTGGC	20-CACCATGTTGGC	10.262234	-728.760315	0	T:472.0(2.44%),B:12.3(0.02%),P:1e-316	Tpos:106.1,Tstd:58.2,Bpos:89.7,Bstd:32.1,StrandBias:-0.2,Multiplicity:1.00
0.001	0.997	0.001	0.001
0.967	0.001	0.031	0.001
0.001	0.967	0.001	0.031
0.001	0.936	0.001	0.062
0.968	0.001	0.021	0.010
0.010	0.010	0.001	0.979
0.021	0.011	0.957	0.011
0.001	0.010	0.001	0.988
0.001	0.001	0.020	0.978
0.041	0.001	0.957	0.001
0.042	0.042	0.905	0.011
0.021	0.852	0.001	0.126
>WWWTTTTWAAAA	21-WWWTTTTWAAAA	7.604738	-614.327486	0	T:2087.0(10.80%),B:3197.8(3.97%),P:1e-266	Tpos:109.5,Tstd:54.2,Bpos:100.9,Bstd:76.4,StrandBias:-0.0,Multiplicity:1.11
0.309	0.156	0.124	0.412
0.277	0.178	0.142	0.403
0.310	0.167	0.106	0.416
0.229	0.155	0.055	0.561
0.045	0.085	0.002	0.868
0.001	0.043	0.006	0.950
0.158	0.089	0.075	0.678
0.382	0.108	0.110	0.401
0.703	0.043	0.051	0.203
0.914	0.009	0.060	0.017
0.703	0.053	0.113	0.131
0.535	0.060	0.167	0.238
>ACACACACACAC	22-ACACACACACAC	10.182723	-362.049290	0	T:324.0(1.68%),B:74.7(0.09%),P:1e-157	Tpos:110.5,Tstd:54.6,Bpos:103.4,Bstd:79.7,StrandBias:-0.3,Multiplicity:1.14
0.750	0.087	0.082	0.081
0.072	0.798	0.031	0.099
0.844	0.034	0.074	0.048
0.020	0.849	0.044	0.087
0.885	0.022	0.057	0.036
0.024	0.841	0.035	0.100
0.903	0.013	0.056	0.028
0.022	0.870	0.033	0.075
0.875	0.028	0.062	0.035
0.047	0.819	0.048	0.086
0.850	0.047	0.051	0.052
0.070	0.717	0.086	0.127
>GGATCACGAGGT	23-GGATCACGAGGT	11.020472	-254.038529	0	T:177.0(0.92%),B:11.6(0.01%),P:1e-110	Tpos:106.7,Tstd:52.8,Bpos:99.3,Bstd:36.5,StrandBias:0.8,Multiplicity:1.00
0.156	0.001	0.837	0.006
0.019	0.006	0.974	0.001
0.997	0.001	0.001	0.001
0.001	0.001	0.001	0.997
0.006	0.992	0.001	0.001
0.987	0.006	0.006	0.001
0.007	0.828	0.015	0.150
0.170	0.007	0.816	0.007
0.974	0.001	0.006	0.019
0.014	0.001	0.984	0.001
0.001	0.001	0.992	0.006
0.001	0.001	0.001	0.997
>AATAAATGAATG	24-AATAAATGAATG	12.237623	-139.017979	0	T:116.0(0.60%),B:21.3(0.03%),P:1e-60	Tpos:115.6,Tstd:50.3,Bpos:78.2,Bstd:40.9,StrandBias:-1.3,Multiplicity:1.04
0.997	0.001	0.001	0.001
0.997	0.001	0.001	0.001
0.022	0.001	0.001	0.976
0.737	0.001	0.261	0.001
0.997	0.001	0.001	0.001
0.997	0.001	0.001	0.001
0.001	0.001	0.001	0.997
0.060	0.006	0.933	0.001
0.997	0.001	0.001	0.001
0.997	0.001	0.001	0.001
0.001	0.001	0.001	0.997
0.292	0.001	0.706	0.001
>TATTATTATTAT	25-TATTATTATTAT	11.542189	-127.939624	0	T:200.0(1.04%),B:146.6(0.18%),P:1e-55	Tpos:122.5,Tstd:51.2,Bpos:95.9,Bstd:54.7,StrandBias:0.3,Multiplicity:1.02
0.001	0.105	0.100	0.794
0.861	0.001	0.090	0.048
0.001	0.317	0.001	0.681
0.001	0.001	0.102	0.896
0.696	0.001	0.001	0.302
0.001	0.131	0.072	0.796
0.120	0.033	0.001	0.846
0.997	0.001	0.001	0.001
0.071	0.003	0.068	0.858
0.001	0.083	0.001	0.915
0.773	0.017	0.055	0.155
0.068	0.046	0.001	0.885
