>TCTCTCTCTCTC	5-TCTCTCTCTCTC,BestGuess:RAMOSA1/MA1416.1/Jaspar(0.927)	3.834738	-2067.173884	0	T:22883.0(67.61%),B:68780.5(48.40%),P:1e-897
0.050	0.089	0.052	0.809
0.038	0.663	0.080	0.219
0.025	0.019	0.001	0.955
0.016	0.718	0.113	0.153
0.060	0.092	0.043	0.805
0.018	0.787	0.058	0.137
0.023	0.052	0.010	0.915
0.004	0.766	0.102	0.128
0.048	0.124	0.016	0.812
0.006	0.666	0.202	0.126
0.076	0.115	0.028	0.781
0.001	0.665	0.149	0.185
