>TGAACCCRGGAG	9-CTCCYGGGTTCA	9.917623	-1472.586058	0	T:1274.0(3.76%),B:264.8(0.19%),P:1e-639
0.039	0.009	0.058	0.894
0.035	0.035	0.852	0.078
0.912	0.004	0.014	0.070
0.574	0.018	0.399	0.009
0.001	0.939	0.034	0.026
0.075	0.833	0.001	0.091
0.149	0.674	0.001	0.176
0.440	0.017	0.331	0.211
0.039	0.001	0.925	0.035
0.091	0.031	0.877	0.001
0.973	0.001	0.001	0.025
0.080	0.082	0.837	0.001
