>GGTTGCAGTGAG	8-CTCACTGCAACC	10.479451	-1534.226675	0	T:1131.0(3.34%),B:110.9(0.08%),P:1e-666
0.101	0.014	0.864	0.021
0.077	0.055	0.794	0.074
0.033	0.347	0.032	0.588
0.021	0.018	0.063	0.898
0.077	0.027	0.836	0.060
0.021	0.798	0.032	0.149
0.798	0.014	0.108	0.080
0.056	0.048	0.873	0.023
0.018	0.032	0.036	0.914
0.024	0.066	0.892	0.018
0.876	0.012	0.067	0.045
0.076	0.034	0.874	0.016
