>NNSAGGCTGRGN	1-NNSAGGCTGRGN	5.622708	-3543.437235	0	T:13681.0(40.42%),B:25730.1(18.11%),P:1e-1538
0.328	0.203	0.205	0.265
0.200	0.185	0.307	0.308
0.228	0.328	0.394	0.051
0.487	0.001	0.182	0.330
0.154	0.001	0.798	0.047
0.087	0.294	0.553	0.066
0.128	0.792	0.079	0.001
0.381	0.001	0.001	0.617
0.001	0.022	0.976	0.001
0.354	0.001	0.457	0.188
0.203	0.113	0.547	0.137
0.239	0.241	0.331	0.190
