>HTTTDRRAARHW	3-HTTTDRRAARHW	5.824242	-2417.188325	0	T:14951.0(44.17%),B:35005.0(24.63%),P:1e-1049
0.222	0.307	0.105	0.366
0.182	0.309	0.001	0.508
0.001	0.251	0.019	0.729
0.001	0.014	0.276	0.709
0.225	0.069	0.362	0.344
0.389	0.001	0.397	0.213
0.544	0.041	0.414	0.001
0.683	0.001	0.315	0.001
0.545	0.001	0.366	0.088
0.372	0.156	0.291	0.181
0.338	0.292	0.173	0.197
0.438	0.238	0.001	0.324
