>SAGAVCAGHCTG	4-CAGDCTGBTCTS	5.271251	-2324.049081	0	T:19863.0(58.69%),B:54321.0(38.23%),P:1e-1009
0.195	0.371	0.433	0.001
0.708	0.001	0.027	0.264
0.317	0.112	0.570	0.001
0.576	0.074	0.283	0.067
0.297	0.330	0.273	0.100
0.336	0.640	0.001	0.023
0.651	0.001	0.001	0.347
0.098	0.237	0.431	0.234
0.263	0.391	0.100	0.246
0.251	0.566	0.001	0.182
0.301	0.001	0.001	0.697
0.008	0.125	0.636	0.231
