>GAGAGAGAGAGA	5-TCTCTCTCTCTC	3.834738	-2067.173884	0	T:22883.0(67.61%),B:68780.5(48.40%),P:1e-897
0.185	0.149	0.665	0.001
0.781	0.028	0.115	0.076
0.126	0.202	0.666	0.006
0.812	0.016	0.124	0.048
0.128	0.102	0.766	0.004
0.915	0.010	0.052	0.023
0.137	0.058	0.787	0.018
0.805	0.043	0.092	0.060
0.153	0.113	0.718	0.016
0.955	0.001	0.019	0.025
0.219	0.080	0.663	0.038
0.809	0.052	0.089	0.050
