>TTCATTCATTCA	23-TTCATTCATTCA,BestGuess:PB0028.1_Hbp1_1/Jaspar(0.904)	9.394658	-180.046386	0	T:819.0(2.42%),B:1459.2(1.03%),P:1e-78
0.131	0.091	0.071	0.707
0.075	0.104	0.132	0.689
0.039	0.770	0.035	0.156
0.932	0.021	0.040	0.007
0.011	0.090	0.021	0.878
0.001	0.074	0.022	0.903
0.001	0.863	0.018	0.118
0.944	0.001	0.034	0.021
0.018	0.066	0.071	0.845
0.055	0.108	0.052	0.785
0.065	0.722	0.091	0.122
0.869	0.031	0.040	0.060
