>GATCCTCCYGCC	10-GGCRGGAGGATC	10.379163	-1408.729106	0	T:1046.0(3.09%),B:106.8(0.08%),P:1e-611
0.179	0.109	0.675	0.037
0.786	0.086	0.072	0.056
0.014	0.041	0.089	0.856
0.033	0.709	0.047	0.211
0.009	0.742	0.001	0.248
0.138	0.009	0.231	0.622
0.005	0.942	0.019	0.034
0.064	0.857	0.009	0.070
0.038	0.453	0.019	0.490
0.357	0.044	0.548	0.051
0.051	0.900	0.023	0.026
0.037	0.885	0.009	0.069
