>AGMHWYTGWNWH	11-DWNWCARWDKCT	5.074519	-1367.337145	0	T:16669.0(49.25%),B:48065.8(33.82%),P:1e-593
0.555	0.001	0.056	0.388
0.372	0.001	0.626	0.001
0.419	0.300	0.257	0.024
0.339	0.352	0.084	0.225
0.444	0.117	0.001	0.438
0.192	0.374	0.189	0.245
0.357	0.001	0.001	0.641
0.029	0.001	0.613	0.357
0.261	0.139	0.210	0.391
0.198	0.326	0.211	0.265
0.361	0.205	0.001	0.433
0.219	0.272	0.178	0.331
