>GGCRGGAGGATC	10-GGCRGGAGGATC,BestGuess:SF2(RRM)/Drosophila_melanogaster-RNCMPT00066-PBM/HughesRNA(0.707)	10.379163	-1408.729106	0	T:1046.0(3.09%),B:106.8(0.08%),P:1e-611
0.069	0.009	0.885	0.037
0.026	0.023	0.900	0.051
0.051	0.548	0.044	0.357
0.490	0.019	0.453	0.038
0.070	0.009	0.857	0.064
0.034	0.019	0.942	0.005
0.622	0.231	0.009	0.138
0.248	0.001	0.742	0.009
0.211	0.047	0.709	0.033
0.856	0.089	0.041	0.014
0.056	0.072	0.086	0.786
0.037	0.675	0.109	0.179
