>TGAATGAATGAA	23-TTCATTCATTCA	9.394658	-180.046386	0	T:819.0(2.42%),B:1459.2(1.03%),P:1e-78
0.060	0.040	0.031	0.869
0.122	0.091	0.722	0.065
0.785	0.052	0.108	0.055
0.845	0.071	0.066	0.018
0.021	0.034	0.001	0.944
0.118	0.018	0.863	0.001
0.903	0.022	0.074	0.001
0.878	0.021	0.090	0.011
0.007	0.040	0.021	0.932
0.156	0.035	0.770	0.039
0.689	0.132	0.104	0.075
0.707	0.071	0.091	0.131
