>ACACACACACAC	20-ACACACACACAC,BestGuess:SeqBias: CA-repeat(0.855)	10.075269	-632.824035	0	T:816.0(2.41%),B:443.4(0.31%),P:1e-274
0.841	0.055	0.070	0.034
0.024	0.594	0.037	0.345
0.963	0.001	0.035	0.001
0.017	0.651	0.017	0.315
0.961	0.001	0.037	0.001
0.001	0.694	0.001	0.304
0.975	0.001	0.023	0.001
0.001	0.680	0.001	0.318
0.971	0.001	0.027	0.001
0.015	0.635	0.061	0.289
0.820	0.050	0.078	0.052
0.030	0.567	0.065	0.338
