>TGCTCWCWGCAG	1-TGCTCWCWGCAG	5.397469	-4509.084848	0	T:22951.0(53.65%),B:51723.0(28.94%),P:1e-1958	Tpos:99.4,Tstd:55.2,Bpos:99.7,Bstd:88.6,StrandBias:0.1,Multiplicity:1.42
0.287	0.007	0.267	0.439
0.124	0.191	0.441	0.244
0.183	0.428	0.186	0.203
0.265	0.273	0.001	0.462
0.003	0.836	0.153	0.008
0.438	0.177	0.002	0.382
0.004	0.674	0.311	0.011
0.556	0.003	0.003	0.438
0.006	0.035	0.899	0.060
0.199	0.545	0.247	0.009
0.579	0.027	0.002	0.392
0.246	0.185	0.465	0.103
>NNSAGGCTGRGV	2-NNSAGGCTGRGV	5.745133	-4426.594968	0	T:16797.0(39.26%),B:30964.2(17.32%),P:1e-1922	Tpos:104.9,Tstd:54.5,Bpos:99.8,Bstd:92.3,StrandBias:-0.2,Multiplicity:1.62
0.211	0.204	0.313	0.272
0.237	0.237	0.331	0.194
0.062	0.398	0.536	0.004
0.767	0.001	0.069	0.163
0.106	0.001	0.877	0.016
0.212	0.249	0.465	0.073
0.046	0.775	0.136	0.043
0.352	0.029	0.009	0.610
0.001	0.066	0.932	0.001
0.447	0.011	0.464	0.077
0.197	0.044	0.665	0.094
0.328	0.224	0.308	0.140
>NHWYTTTGGRAA	3-NHWYTTTGGRAA	5.774183	-4119.771718	0	T:22781.0(53.25%),B:52889.6(29.59%),P:1e-1789	Tpos:100.4,Tstd:55.3,Bpos:100.0,Bstd:86.0,StrandBias:0.0,Multiplicity:1.21
0.262	0.207	0.223	0.308
0.210	0.353	0.170	0.267
0.316	0.259	0.001	0.424
0.076	0.337	0.135	0.452
0.001	0.315	0.001	0.683
0.001	0.146	0.205	0.648
0.001	0.001	0.407	0.591
0.092	0.001	0.596	0.311
0.382	0.001	0.554	0.063
0.538	0.001	0.460	0.001
0.606	0.001	0.391	0.002
0.583	0.001	0.384	0.032
>NTCTKBCTCTGN	4-NTCTKBCTCTGN	5.061118	-3725.256349	0	T:28644.0(66.95%),B:78477.9(43.90%),P:1e-1617	Tpos:96.1,Tstd:56.0,Bpos:100.1,Bstd:89.6,StrandBias:0.2,Multiplicity:1.38
0.202	0.290	0.240	0.269
0.186	0.169	0.132	0.513
0.033	0.553	0.225	0.189
0.206	0.033	0.001	0.760
0.057	0.025	0.432	0.487
0.071	0.262	0.305	0.362
0.060	0.740	0.055	0.145
0.163	0.141	0.001	0.695
0.022	0.650	0.188	0.140
0.283	0.001	0.001	0.715
0.022	0.052	0.753	0.173
0.255	0.174	0.269	0.303
>NCCCTGTBTCTG	5-NCCCTGTBTCTG	4.440746	-3237.738099	0	T:29456.0(68.85%),B:84849.9(47.47%),P:1e-1406	Tpos:96.4,Tstd:56.2,Bpos:100.3,Bstd:87.9,StrandBias:0.0,Multiplicity:1.30
0.246	0.194	0.255	0.304
0.182	0.396	0.229	0.193
0.259	0.541	0.040	0.160
0.289	0.470	0.027	0.214
0.358	0.043	0.040	0.559
0.096	0.289	0.440	0.176
0.316	0.039	0.159	0.486
0.089	0.338	0.349	0.224
0.237	0.257	0.041	0.465
0.061	0.667	0.212	0.060
0.364	0.018	0.021	0.597
0.070	0.071	0.778	0.081
>DGAGGCCAGGAR	6-DGAGGCCAGGAR	5.243640	-3197.409261	0	T:23114.0(54.03%),B:58896.2(32.95%),P:1e-1388	Tpos:101.7,Tstd:55.1,Bpos:99.6,Bstd:93.3,StrandBias:-0.1,Multiplicity:1.39
0.312	0.049	0.288	0.351
0.188	0.217	0.527	0.068
0.685	0.001	0.115	0.199
0.262	0.001	0.648	0.089
0.165	0.145	0.623	0.067
0.124	0.522	0.259	0.095
0.181	0.816	0.001	0.002
0.777	0.001	0.001	0.221
0.127	0.001	0.792	0.080
0.208	0.111	0.671	0.010
0.591	0.089	0.238	0.082
0.349	0.114	0.359	0.178
>CCTGTAATCCCA	7-CCTGTAATCCCA	9.631021	-3063.157757	0	T:2122.0(4.96%),B:131.7(0.07%),P:1e-1330	Tpos:121.7,Tstd:50.9,Bpos:100.6,Bstd:75.3,StrandBias:0.6,Multiplicity:1.08
0.001	0.961	0.010	0.028
0.002	0.972	0.002	0.024
0.001	0.006	0.002	0.991
0.040	0.004	0.951	0.005
0.004	0.011	0.002	0.983
0.990	0.001	0.008	0.001
0.842	0.003	0.152	0.003
0.003	0.012	0.002	0.983
0.001	0.968	0.008	0.023
0.002	0.960	0.002	0.036
0.001	0.952	0.001	0.046
0.992	0.002	0.002	0.004
>CCAGGCTGGWCT	8-CCAGGCTGGWCT	8.511414	-2910.903527	0	T:2536.0(5.93%),B:545.0(0.30%),P:1e-1264	Tpos:114.8,Tstd:54.8,Bpos:111.2,Bstd:78.7,StrandBias:-0.3,Multiplicity:1.00
0.143	0.740	0.008	0.109
0.226	0.573	0.002	0.199
0.695	0.009	0.100	0.196
0.213	0.053	0.464	0.269
0.101	0.073	0.792	0.034
0.162	0.584	0.074	0.180
0.291	0.035	0.020	0.654
0.171	0.008	0.563	0.258
0.019	0.188	0.511	0.282
0.279	0.097	0.217	0.407
0.041	0.497	0.318	0.145
0.009	0.007	0.003	0.981
>AGACGGAGTCTC	9-AGACGGAGTCTC	11.156251	-2277.189704	0	T:1642.0(3.84%),B:136.8(0.08%),P:1e-988	Tpos:116.6,Tstd:56.0,Bpos:113.3,Bstd:90.3,StrandBias:2.1,Multiplicity:1.01
0.997	0.001	0.001	0.001
0.026	0.013	0.960	0.001
0.986	0.001	0.001	0.012
0.023	0.586	0.008	0.383
0.356	0.013	0.591	0.040
0.220	0.097	0.617	0.066
0.699	0.026	0.223	0.052
0.039	0.021	0.939	0.001
0.001	0.012	0.001	0.986
0.001	0.740	0.001	0.258
0.001	0.013	0.039	0.947
0.043	0.813	0.001	0.143
>TTTTTTTTTTTT	10-TTTTTTTTTTTT	13.689552	-2055.145078	0	T:1927.0(4.50%),B:516.8(0.29%),P:1e-892	Tpos:105.8,Tstd:56.0,Bpos:102.6,Bstd:103.0,StrandBias:2.0,Multiplicity:1.02
0.021	0.056	0.014	0.909
0.001	0.028	0.007	0.964
0.001	0.017	0.004	0.978
0.001	0.014	0.001	0.984
0.001	0.010	0.004	0.985
0.004	0.008	0.005	0.983
0.001	0.006	0.006	0.987
0.001	0.007	0.001	0.991
0.001	0.001	0.001	0.997
0.001	0.001	0.001	0.997
0.001	0.007	0.004	0.988
0.023	0.010	0.067	0.900
>RGGYGYGGTGGC	11-RGGYGYGGTGGC	10.746314	-2015.190725	0	T:1445.0(3.38%),B:114.8(0.06%),P:1e-875	Tpos:122.5,Tstd:51.8,Bpos:106.8,Bstd:80.8,StrandBias:0.8,Multiplicity:1.06
0.435	0.001	0.509	0.055
0.050	0.001	0.943	0.006
0.052	0.033	0.905	0.010
0.027	0.541	0.027	0.405
0.396	0.003	0.574	0.027
0.028	0.489	0.015	0.469
0.367	0.023	0.582	0.028
0.073	0.007	0.905	0.015
0.012	0.034	0.003	0.951
0.047	0.004	0.948	0.001
0.033	0.007	0.945	0.015
0.001	0.815	0.003	0.181
>WGMWGCWGCWGC	12-WGMWGCWGCWGC	6.288405	-1674.808776	0	T:5819.0(13.60%),B:9136.6(5.11%),P:1e-727	Tpos:98.7,Tstd:55.5,Bpos:97.7,Bstd:90.8,StrandBias:0.0,Multiplicity:1.05
0.488	0.001	0.075	0.436
0.115	0.199	0.685	0.001
0.387	0.441	0.001	0.171
0.390	0.001	0.153	0.457
0.001	0.001	0.997	0.001
0.077	0.921	0.001	0.001
0.443	0.001	0.001	0.555
0.001	0.001	0.992	0.006
0.001	0.804	0.194	0.001
0.517	0.001	0.001	0.481
0.001	0.001	0.997	0.001
0.234	0.442	0.243	0.080
>DGDDGDDGDRRN	13-DGDDGDDGDRRN	5.275282	-1649.387156	0	T:15204.0(35.54%),B:39051.7(21.85%),P:1e-716	Tpos:99.4,Tstd:56.0,Bpos:99.7,Bstd:98.4,StrandBias:-0.1,Multiplicity:1.21
0.305	0.001	0.342	0.352
0.223	0.001	0.513	0.263
0.314	0.001	0.410	0.275
0.331	0.001	0.376	0.292
0.290	0.001	0.463	0.245
0.276	0.165	0.320	0.239
0.273	0.002	0.333	0.391
0.001	0.001	0.971	0.027
0.354	0.001	0.361	0.285
0.321	0.001	0.415	0.264
0.429	0.001	0.569	0.001
0.288	0.212	0.283	0.217
>AGTGGCGCGATC	14-AGTGGCGCGATC	9.542322	-1627.601160	0	T:1179.0(2.76%),B:99.2(0.06%),P:1e-706	Tpos:115.8,Tstd:51.0,Bpos:99.3,Bstd:80.5,StrandBias:2.6,Multiplicity:1.00
0.993	0.001	0.005	0.001
0.066	0.001	0.932	0.001
0.001	0.001	0.001	0.997
0.002	0.001	0.996	0.001
0.014	0.001	0.984	0.001
0.009	0.795	0.001	0.195
0.186	0.015	0.796	0.003
0.006	0.870	0.018	0.106
0.128	0.021	0.841	0.010
0.997	0.001	0.001	0.001
0.001	0.003	0.001	0.995
0.002	0.996	0.001	0.001
>AAAAAAAAAAAA	15-AAAAAAAAAAAA	6.438986	-1607.726388	0	T:13258.0(30.99%),B:32497.7(18.18%),P:1e-698	Tpos:105.8,Tstd:54.6,Bpos:99.7,Bstd:92.4,StrandBias:-0.7,Multiplicity:1.23
0.538	0.145	0.124	0.193
0.619	0.137	0.127	0.117
0.689	0.089	0.129	0.093
0.536	0.125	0.190	0.149
0.551	0.159	0.103	0.187
0.638	0.168	0.101	0.093
0.593	0.190	0.124	0.093
0.428	0.209	0.195	0.168
0.644	0.187	0.080	0.089
0.607	0.187	0.126	0.080
0.673	0.149	0.078	0.100
0.435	0.142	0.159	0.264
>GGTTCAAGCSAT	16-GGTTCAAGCSAT	10.677996	-1502.159623	0	T:1166.0(2.73%),B:148.2(0.08%),P:1e-652	Tpos:122.1,Tstd:50.1,Bpos:100.3,Bstd:50.4,StrandBias:1.4,Multiplicity:1.00
0.087	0.015	0.873	0.025
0.048	0.033	0.904	0.015
0.005	0.302	0.010	0.683
0.010	0.001	0.005	0.984
0.015	0.907	0.010	0.068
0.974	0.020	0.005	0.001
0.721	0.198	0.041	0.040
0.033	0.005	0.957	0.005
0.046	0.666	0.010	0.278
0.255	0.290	0.421	0.035
0.936	0.015	0.044	0.005
0.005	0.020	0.001	0.974
>TTTTWAAAADND	17-TTTTWAAAADND	7.511602	-1485.257594	0	T:7960.0(18.61%),B:15974.1(8.94%),P:1e-645	Tpos:103.0,Tstd:54.5,Bpos:100.9,Bstd:79.3,StrandBias:-0.0,Multiplicity:1.13
0.258	0.230	0.052	0.459
0.102	0.064	0.001	0.833
0.001	0.001	0.001	0.997
0.088	0.050	0.001	0.861
0.293	0.131	0.155	0.421
0.599	0.123	0.104	0.174
0.989	0.001	0.009	0.001
0.997	0.001	0.001	0.001
0.711	0.001	0.152	0.136
0.338	0.163	0.238	0.261
0.305	0.190	0.208	0.297
0.334	0.162	0.215	0.289
>GGGAGGATCACT	18-GGGAGGATCACT	10.104165	-1404.951333	0	T:1176.0(2.75%),B:210.3(0.12%),P:1e-610	Tpos:119.1,Tstd:51.7,Bpos:121.0,Bstd:64.2,StrandBias:0.6,Multiplicity:1.02
0.343	0.014	0.589	0.054
0.060	0.001	0.933	0.006
0.041	0.014	0.934	0.011
0.476	0.209	0.027	0.288
0.213	0.001	0.773	0.013
0.132	0.020	0.814	0.034
0.799	0.090	0.057	0.054
0.027	0.007	0.062	0.904
0.014	0.818	0.018	0.150
0.514	0.137	0.297	0.052
0.007	0.836	0.027	0.130
0.077	0.146	0.057	0.720
>TAGAGATGGGGT	19-TAGAGATGGGGT	10.365016	-1195.116987	0	T:934.0(2.18%),B:122.1(0.07%),P:1e-519	Tpos:124.8,Tstd:50.8,Bpos:100.1,Bstd:68.6,StrandBias:-0.4,Multiplicity:1.00
0.001	0.008	0.001	0.990
0.991	0.001	0.007	0.001
0.016	0.011	0.972	0.001
0.979	0.006	0.009	0.006
0.015	0.007	0.977	0.001
0.983	0.004	0.007	0.006
0.001	0.310	0.011	0.678
0.030	0.002	0.967	0.001
0.021	0.004	0.962	0.013
0.026	0.001	0.966	0.007
0.028	0.001	0.970	0.001
0.009	0.007	0.018	0.966
>CAACATGGTGAA	20-CAACATGGTGAA	10.953191	-997.673842	0	T:876.0(2.05%),B:186.1(0.10%),P:1e-433	Tpos:125.7,Tstd:52.6,Bpos:89.1,Bstd:80.3,StrandBias:0.8,Multiplicity:1.00
0.030	0.879	0.060	0.031
0.917	0.053	0.011	0.019
0.897	0.031	0.048	0.024
0.040	0.844	0.072	0.044
0.859	0.063	0.038	0.040
0.082	0.033	0.065	0.820
0.166	0.018	0.697	0.119
0.041	0.053	0.866	0.040
0.052	0.158	0.047	0.743
0.146	0.020	0.791	0.043
0.896	0.047	0.026	0.031
0.791	0.038	0.124	0.047
>CACACACACACA	21-CACACACACACA	10.346421	-873.323583	0	T:1026.0(2.40%),B:465.3(0.26%),P:1e-379	Tpos:114.4,Tstd:53.3,Bpos:100.1,Bstd:78.1,StrandBias:-0.2,Multiplicity:1.21
0.029	0.613	0.006	0.352
0.882	0.024	0.073	0.021
0.039	0.603	0.015	0.343
0.954	0.001	0.037	0.008
0.001	0.679	0.010	0.310
0.948	0.001	0.050	0.001
0.014	0.719	0.007	0.260
0.959	0.001	0.039	0.001
0.001	0.713	0.020	0.266
0.942	0.006	0.028	0.024
0.056	0.625	0.017	0.302
0.826	0.021	0.075	0.078
>GAGGTCRGGAGT	22-GAGGTCRGGAGT	12.294561	-730.705403	0	T:540.0(1.26%),B:51.9(0.03%),P:1e-317	Tpos:127.2,Tstd:52.2,Bpos:127.9,Bstd:49.1,StrandBias:2.0,Multiplicity:1.00
0.057	0.001	0.852	0.090
0.909	0.001	0.089	0.001
0.092	0.090	0.817	0.001
0.057	0.001	0.885	0.057
0.001	0.001	0.001	0.997
0.001	0.756	0.004	0.239
0.516	0.001	0.482	0.001
0.001	0.001	0.997	0.001
0.001	0.001	0.997	0.001
0.997	0.001	0.001	0.001
0.089	0.001	0.909	0.001
0.320	0.001	0.001	0.678
>CCTCCDCCTCCC	23-CCTCCDCCTCCC	10.345132	-710.732570	0	T:1015.0(2.37%),B:643.2(0.36%),P:1e-308	Tpos:114.9,Tstd:54.3,Bpos:95.8,Bstd:96.6,StrandBias:1.0,Multiplicity:1.03
0.001	0.855	0.143	0.001
0.001	0.814	0.001	0.184
0.052	0.160	0.106	0.682
0.001	0.954	0.016	0.029
0.001	0.997	0.001	0.001
0.283	0.001	0.336	0.380
0.010	0.955	0.025	0.010
0.071	0.873	0.010	0.046
0.001	0.001	0.055	0.943
0.061	0.840	0.011	0.088
0.028	0.912	0.001	0.059
0.072	0.542	0.070	0.316
>TTCATTCATTCA	24-TTCATTCATTCA	10.298923	-226.759921	0	T:615.0(1.44%),B:780.8(0.44%),P:1e-98	Tpos:98.1,Tstd:54.8,Bpos:100.0,Bstd:82.5,StrandBias:0.2,Multiplicity:1.05
0.079	0.201	0.021	0.699
0.046	0.108	0.054	0.792
0.030	0.657	0.016	0.297
0.924	0.012	0.063	0.001
0.001	0.132	0.022	0.845
0.001	0.134	0.007	0.858
0.001	0.924	0.001	0.074
0.979	0.019	0.001	0.001
0.018	0.158	0.001	0.823
0.048	0.092	0.001	0.859
0.001	0.812	0.040	0.147
0.958	0.001	0.025	0.016
>ATATATATATAT	25-ATATATATATAT	10.102407	-215.151146	0	T:650.0(1.52%),B:894.4(0.50%),P:1e-93	Tpos:125.5,Tstd:47.8,Bpos:100.4,Bstd:61.3,StrandBias:0.0,Multiplicity:1.13
0.568	0.052	0.208	0.172
0.272	0.204	0.001	0.523
0.804	0.001	0.182	0.013
0.193	0.195	0.015	0.597
0.921	0.028	0.001	0.050
0.001	0.202	0.017	0.780
0.751	0.037	0.116	0.096
0.001	0.224	0.001	0.774
0.825	0.001	0.082	0.092
0.001	0.001	0.032	0.966
0.708	0.084	0.126	0.082
0.046	0.068	0.019	0.867
