>CWSWGVCT	1-CWSWGVCT	4.774107	-4097.172309	0	T:32430.0(75.80%),B:93480.0(52.30%),P:1e-1779	Tpos:96.8,Tstd:57.6,Bpos:99.6,Bstd:89.9,StrandBias:-0.0,Multiplicity:1.47
0.036	0.911	0.001	0.052
0.500	0.001	0.001	0.498
0.001	0.498	0.500	0.001
0.506	0.001	0.001	0.492
0.001	0.001	0.997	0.001
0.282	0.278	0.377	0.064
0.311	0.575	0.113	0.001
0.275	0.281	0.001	0.443
>TCAGSCTG	2-TCAGSCTG	5.776385	-4023.856487	0	T:15187.0(35.50%),B:27439.7(15.35%),P:1e-1747	Tpos:105.8,Tstd:55.2,Bpos:100.5,Bstd:91.5,StrandBias:-0.0,Multiplicity:1.53
0.102	0.279	0.190	0.430
0.124	0.598	0.277	0.001
0.641	0.001	0.001	0.357
0.001	0.013	0.972	0.014
0.001	0.556	0.442	0.001
0.035	0.893	0.071	0.001
0.365	0.026	0.001	0.608
0.045	0.366	0.549	0.040
>YCTGRRAD	3-YCTGRRAD	5.083167	-3905.628937	0	T:30189.0(70.56%),B:84245.4(47.13%),P:1e-1696	Tpos:101.2,Tstd:56.2,Bpos:100.4,Bstd:89.5,StrandBias:0.0,Multiplicity:1.62
0.086	0.501	0.001	0.412
0.001	0.997	0.001	0.001
0.396	0.001	0.001	0.602
0.001	0.001	0.997	0.001
0.374	0.004	0.437	0.185
0.487	0.165	0.348	0.001
0.454	0.191	0.288	0.067
0.305	0.136	0.219	0.340
>BTSCTGGG	4-BTSCTGGG	5.731871	-3896.974067	0	T:20239.0(47.31%),B:44686.5(25.00%),P:1e-1692	Tpos:101.5,Tstd:56.2,Bpos:99.5,Bstd:89.5,StrandBias:-0.0,Multiplicity:1.52
0.095	0.366	0.281	0.258
0.224	0.149	0.159	0.469
0.001	0.526	0.393	0.080
0.001	0.997	0.001	0.001
0.363	0.001	0.001	0.635
0.001	0.001	0.997	0.001
0.310	0.001	0.495	0.194
0.001	0.001	0.997	0.001
>WGCWGCWG	5-WGCWGCWG	5.020467	-3199.080773	0	T:24009.0(56.12%),B:62380.6(34.90%),P:1e-1389	Tpos:99.4,Tstd:56.2,Bpos:99.5,Bstd:90.9,StrandBias:-0.0,Multiplicity:1.36
0.419	0.001	0.220	0.360
0.001	0.170	0.770	0.059
0.166	0.804	0.001	0.029
0.455	0.001	0.001	0.543
0.001	0.084	0.709	0.206
0.151	0.566	0.282	0.001
0.492	0.001	0.001	0.506
0.001	0.001	0.915	0.083
>CACAGWGW	6-CACAGWGW	5.024374	-3043.788833	0	T:22903.0(53.53%),B:58948.7(32.98%),P:1e-1321	Tpos:96.8,Tstd:56.3,Bpos:99.6,Bstd:90.2,StrandBias:-0.1,Multiplicity:1.45
0.001	0.734	0.264	0.001
0.457	0.191	0.066	0.286
0.058	0.552	0.389	0.001
0.749	0.001	0.001	0.249
0.052	0.330	0.617	0.001
0.535	0.001	0.001	0.463
0.001	0.240	0.758	0.001
0.375	0.160	0.213	0.252
>RRGGCAGG	7-RRGGCAGG	5.150467	-2928.565450	0	T:23184.0(54.19%),B:60709.7(33.96%),P:1e-1271	Tpos:102.1,Tstd:56.5,Bpos:100.2,Bstd:96.5,StrandBias:-0.1,Multiplicity:1.37
0.403	0.039	0.380	0.177
0.442	0.005	0.422	0.131
0.078	0.078	0.828	0.016
0.272	0.267	0.442	0.019
0.186	0.723	0.090	0.001
0.816	0.013	0.001	0.170
0.053	0.048	0.874	0.025
0.144	0.009	0.820	0.027
>BCYTGGCT	8-BCYTGGCT	6.330719	-2752.243807	0	T:10419.0(24.35%),B:17970.4(10.05%),P:1e-1195	Tpos:104.2,Tstd:57.7,Bpos:101.2,Bstd:90.0,StrandBias:0.2,Multiplicity:1.04
0.061	0.356	0.281	0.303
0.001	0.972	0.001	0.026
0.088	0.515	0.001	0.396
0.161	0.034	0.041	0.764
0.034	0.001	0.954	0.011
0.040	0.047	0.866	0.047
0.001	0.578	0.388	0.033
0.033	0.300	0.001	0.666
>CTGCCMAG	9-CTGCCMAG	5.605703	-2531.639539	0	T:19528.0(45.64%),B:49180.0(27.51%),P:1e-1099	Tpos:98.9,Tstd:56.3,Bpos:100.6,Bstd:89.2,StrandBias:-0.0,Multiplicity:1.10
0.143	0.582	0.001	0.274
0.381	0.001	0.001	0.617
0.001	0.153	0.728	0.118
0.001	0.966	0.020	0.013
0.333	0.665	0.001	0.001
0.469	0.426	0.001	0.104
0.574	0.001	0.025	0.400
0.001	0.036	0.962	0.001
>YTTTGAAA	10-YTTTGAAA	3.673306	-2390.921527	0	T:28249.0(66.03%),B:85070.9(47.59%),P:1e-1038	Tpos:101.3,Tstd:55.7,Bpos:99.8,Bstd:85.4,StrandBias:0.1,Multiplicity:1.59
0.001	0.440	0.001	0.558
0.001	0.001	0.001	0.997
0.001	0.001	0.001	0.997
0.001	0.001	0.280	0.718
0.281	0.001	0.471	0.248
0.798	0.001	0.200	0.001
0.721	0.001	0.277	0.001
0.919	0.001	0.079	0.001
>TTTCCYCA	11-TTTCCYCA	5.868007	-2265.848105	0	T:22027.0(51.49%),B:60342.4(33.76%),P:1e-984	Tpos:97.1,Tstd:57.4,Bpos:99.3,Bstd:92.5,StrandBias:0.1,Multiplicity:1.15
0.049	0.380	0.001	0.570
0.001	0.040	0.001	0.958
0.001	0.026	0.001	0.972
0.001	0.553	0.171	0.275
0.065	0.787	0.001	0.147
0.001	0.463	0.001	0.535
0.072	0.855	0.001	0.072
0.766	0.079	0.001	0.154
>CTGGCTTC	12-CTGGCTTC	6.258566	-2076.285385	0	T:10575.0(24.72%),B:21190.2(11.85%),P:1e-901	Tpos:99.1,Tstd:58.3,Bpos:101.7,Bstd:88.9,StrandBias:-0.0,Multiplicity:1.03
0.090	0.772	0.069	0.069
0.029	0.014	0.011	0.946
0.001	0.003	0.955	0.041
0.081	0.177	0.667	0.075
0.036	0.591	0.188	0.185
0.038	0.181	0.002	0.779
0.021	0.069	0.113	0.797
0.055	0.724	0.045	0.176
>AAATGAAA	13-AAATGAAA	5.610026	-1990.181591	0	T:28381.0(66.34%),B:88589.6(49.56%),P:1e-864	Tpos:99.4,Tstd:56.3,Bpos:100.0,Bstd:90.6,StrandBias:-0.3,Multiplicity:1.78
0.798	0.051	0.125	0.026
0.914	0.031	0.034	0.021
0.831	0.085	0.065	0.019
0.280	0.091	0.186	0.442
0.244	0.098	0.613	0.045
0.774	0.112	0.068	0.046
0.818	0.097	0.064	0.021
0.809	0.008	0.046	0.137
>CCACTGCA	14-CCACTGCA	10.099103	-1647.021536	0	T:2591.0(6.06%),B:1916.1(1.07%),P:1e-715	Tpos:112.3,Tstd:53.7,Bpos:98.5,Bstd:87.2,StrandBias:-0.3,Multiplicity:1.20
0.001	0.619	0.001	0.379
0.001	0.997	0.001	0.001
0.997	0.001	0.001	0.001
0.001	0.997	0.001	0.001
0.001	0.001	0.001	0.997
0.001	0.001	0.997	0.001
0.001	0.997	0.001	0.001
0.997	0.001	0.001	0.001
>YCATKTBT	15-YCATKTBT	5.147714	-1555.075625	0	T:30225.0(70.65%),B:100335.5(56.13%),P:1e-675	Tpos:98.0,Tstd:56.7,Bpos:100.0,Bstd:86.3,StrandBias:0.0,Multiplicity:1.38
0.253	0.404	0.001	0.342
0.001	0.989	0.009	0.001
0.997	0.001	0.001	0.001
0.001	0.001	0.419	0.579
0.058	0.119	0.444	0.380
0.088	0.001	0.349	0.562
0.001	0.317	0.398	0.285
0.230	0.001	0.218	0.551
>GGNGGTGG	16-GGNGGTGG	6.244350	-1045.692097	0	T:9264.0(21.65%),B:22612.5(12.65%),P:1e-454	Tpos:101.3,Tstd:57.3,Bpos:100.6,Bstd:93.6,StrandBias:-0.2,Multiplicity:1.16
0.053	0.012	0.755	0.180
0.038	0.001	0.853	0.108
0.330	0.192	0.211	0.267
0.178	0.001	0.677	0.144
0.033	0.069	0.891	0.007
0.152	0.073	0.112	0.663
0.043	0.003	0.927	0.027
0.066	0.024	0.906	0.004
>CCTCCCAC	17-CCTCCCAC	6.939470	-1038.513288	0	T:2934.0(6.86%),B:3895.1(2.18%),P:1e-451	Tpos:99.0,Tstd:55.6,Bpos:97.1,Bstd:93.3,StrandBias:0.1,Multiplicity:1.02
0.001	0.997	0.001	0.001
0.001	0.997	0.001	0.001
0.203	0.001	0.001	0.795
0.001	0.997	0.001	0.001
0.001	0.997	0.001	0.001
0.001	0.997	0.001	0.001
0.997	0.001	0.001	0.001
0.001	0.919	0.079	0.001
>YTCATTYW	18-YTCATTYW	5.895135	-951.392016	0	T:15799.0(36.93%),B:46783.3(26.17%),P:1e-413	Tpos:96.0,Tstd:56.9,Bpos:99.4,Bstd:85.2,StrandBias:0.1,Multiplicity:1.12
0.161	0.423	0.051	0.365
0.212	0.168	0.100	0.520
0.001	0.954	0.044	0.001
0.778	0.041	0.001	0.180
0.001	0.001	0.348	0.650
0.013	0.234	0.001	0.752
0.001	0.448	0.001	0.550
0.388	0.105	0.148	0.359
>TTTTTTTT	19-TTTTTTTT	8.236954	-856.076118	0	T:4892.0(11.43%),B:9870.7(5.52%),P:1e-371	Tpos:104.7,Tstd:56.7,Bpos:100.1,Bstd:97.4,StrandBias:1.5,Multiplicity:1.10
0.100	0.100	0.100	0.700
0.100	0.100	0.100	0.700
0.100	0.100	0.100	0.700
0.100	0.100	0.100	0.700
0.100	0.100	0.100	0.700
0.100	0.100	0.100	0.700
0.100	0.100	0.100	0.700
0.100	0.100	0.100	0.700
>TGACTCAT	20-TGACTCAT	7.548792	-811.056186	0	T:2708.0(6.33%),B:4033.5(2.26%),P:1e-352	Tpos:58.7,Tstd:52.6,Bpos:99.1,Bstd:84.0,StrandBias:0.1,Multiplicity:1.02
0.001	0.001	0.001	0.997
0.001	0.001	0.997	0.001
0.997	0.001	0.001	0.001
0.001	0.651	0.347	0.001
0.001	0.001	0.001	0.997
0.001	0.997	0.001	0.001
0.997	0.001	0.001	0.001
0.001	0.085	0.127	0.787
>CATGGTGG	21-CATGGTGG	6.872777	-699.017482	0	T:3720.0(8.70%),B:7212.7(4.04%),P:1e-303	Tpos:110.0,Tstd:57.4,Bpos:101.0,Bstd:87.2,StrandBias:-0.1,Multiplicity:1.19
0.001	0.997	0.001	0.001
0.905	0.015	0.065	0.015
0.038	0.001	0.033	0.928
0.001	0.001	0.944	0.054
0.008	0.018	0.741	0.233
0.001	0.001	0.007	0.991
0.001	0.001	0.997	0.001
0.271	0.001	0.716	0.012
>CACACACA	22-CACACACA	8.236954	-621.250977	0	T:1339.0(3.13%),B:1393.3(0.78%),P:1e-269	Tpos:112.5,Tstd:55.9,Bpos:100.2,Bstd:87.0,StrandBias:-0.1,Multiplicity:1.18
0.100	0.700	0.100	0.100
0.700	0.100	0.100	0.100
0.100	0.700	0.100	0.100
0.700	0.100	0.100	0.100
0.100	0.700	0.100	0.100
0.700	0.100	0.100	0.100
0.100	0.700	0.100	0.100
0.700	0.100	0.100	0.100
>TCACTTGA	23-TCACTTGA	9.564244	-443.135507	0	T:1378.0(3.22%),B:1937.3(1.08%),P:1e-192	Tpos:118.1,Tstd:51.7,Bpos:103.4,Bstd:81.4,StrandBias:-0.4,Multiplicity:1.02
0.001	0.001	0.001	0.997
0.001	0.997	0.001	0.001
0.776	0.001	0.222	0.001
0.001	0.997	0.001	0.001
0.001	0.001	0.001	0.997
0.001	0.001	0.001	0.997
0.001	0.001	0.997	0.001
0.997	0.001	0.001	0.001
>GCTCTGTC	24-GCTCTGTC	8.236954	-340.316597	0	T:777.0(1.82%),B:851.6(0.48%),P:1e-147	Tpos:114.4,Tstd:54.7,Bpos:99.5,Bstd:83.9,StrandBias:2.1,Multiplicity:1.00
0.100	0.100	0.700	0.100
0.100	0.700	0.100	0.100
0.100	0.100	0.100	0.700
0.100	0.700	0.100	0.100
0.100	0.100	0.100	0.700
0.100	0.100	0.700	0.100
0.100	0.100	0.100	0.700
0.100	0.700	0.100	0.100
>ATATATAT	25-ATATATAT	8.236954	-61.459006	0	T:608.0(1.42%),B:1481.2(0.83%),P:1e-26	Tpos:121.6,Tstd:49.8,Bpos:101.9,Bstd:69.0,StrandBias:0.0,Multiplicity:1.26
0.700	0.100	0.100	0.100
0.100	0.100	0.100	0.700
0.700	0.100	0.100	0.100
0.100	0.100	0.100	0.700
0.700	0.100	0.100	0.100
0.100	0.100	0.100	0.700
0.700	0.100	0.100	0.100
0.100	0.100	0.100	0.700
