>NSTCCCAGCA	1-NSTCCCAGCA	5.004305	-4465.053974	0	T:30775.0(71.93%),B:83884.7(46.93%),P:1e-1939	Tpos:100.9,Tstd:55.6,Bpos:99.6,Bstd:89.2,StrandBias:0.1,Multiplicity:1.80
0.275	0.197	0.260	0.267
0.179	0.378	0.267	0.177
0.107	0.363	0.012	0.518
0.005	0.663	0.071	0.261
0.211	0.469	0.003	0.317
0.001	0.988	0.010	0.001
0.644	0.001	0.001	0.354
0.001	0.037	0.961	0.001
0.159	0.564	0.276	0.001
0.534	0.165	0.001	0.300
>CYCWGCCTCN	2-CYCWGCCTCN	5.648170	-4446.181826	0	T:17751.0(41.49%),B:33938.7(18.99%),P:1e-1930	Tpos:104.1,Tstd:55.2,Bpos:100.0,Bstd:91.9,StrandBias:0.1,Multiplicity:1.65
0.069	0.605	0.183	0.143
0.160	0.356	0.011	0.474
0.002	0.762	0.235	0.001
0.535	0.020	0.001	0.444
0.001	0.200	0.786	0.013
0.022	0.529	0.226	0.223
0.033	0.866	0.001	0.100
0.399	0.042	0.001	0.558
0.016	0.575	0.344	0.065
0.197	0.240	0.236	0.327
>YYYCCMAADR	3-YYYCCMAADR	5.836309	-3974.986592	0	T:21034.0(49.16%),B:47165.6(26.39%),P:1e-1726	Tpos:99.8,Tstd:56.0,Bpos:99.2,Bstd:86.5,StrandBias:-0.0,Multiplicity:1.18
0.001	0.449	0.001	0.549
0.001	0.429	0.001	0.569
0.001	0.490	0.001	0.508
0.001	0.670	0.001	0.328
0.302	0.468	0.001	0.228
0.454	0.544	0.001	0.001
0.664	0.312	0.001	0.023
0.495	0.180	0.323	0.001
0.417	0.001	0.307	0.275
0.337	0.001	0.441	0.221
>KGRGCCCAGG	4-KGRGCCCAGG	4.952250	-3237.852224	0	T:19033.0(44.49%),B:43563.0(24.37%),P:1e-1406	Tpos:103.3,Tstd:55.6,Bpos:99.9,Bstd:89.1,StrandBias:0.0,Multiplicity:1.39
0.162	0.147	0.315	0.377
0.203	0.099	0.516	0.182
0.376	0.015	0.389	0.219
0.105	0.176	0.685	0.034
0.080	0.698	0.173	0.049
0.087	0.612	0.008	0.293
0.066	0.869	0.064	0.001
0.778	0.006	0.040	0.176
0.119	0.002	0.775	0.104
0.177	0.131	0.633	0.059
>CWGBCWKBCW	5-CWGBCWKBCW	5.183325	-2953.054803	0	T:24633.0(57.58%),B:66299.7(37.09%),P:1e-1282	Tpos:98.9,Tstd:56.2,Bpos:99.6,Bstd:89.7,StrandBias:0.0,Multiplicity:1.20
0.237	0.498	0.115	0.150
0.555	0.001	0.001	0.443
0.001	0.001	0.629	0.369
0.005	0.341	0.317	0.338
0.001	0.818	0.001	0.180
0.434	0.032	0.001	0.533
0.001	0.134	0.465	0.401
0.002	0.371	0.274	0.353
0.101	0.569	0.132	0.198
0.501	0.105	0.001	0.393
>ARAAAGRAAA	6-ARAAAGRAAA	5.803158	-2795.902692	0	T:25846.0(60.41%),B:72202.9(40.39%),P:1e-1214	Tpos:98.8,Tstd:56.2,Bpos:100.1,Bstd:101.8,StrandBias:-0.4,Multiplicity:1.43
0.572	0.024	0.224	0.180
0.482	0.049	0.434	0.035
0.577	0.043	0.379	0.001
0.604	0.114	0.281	0.001
0.781	0.001	0.186	0.032
0.326	0.090	0.519	0.065
0.486	0.055	0.452	0.007
0.664	0.050	0.285	0.001
0.912	0.028	0.059	0.001
0.582	0.071	0.250	0.097
>WCWSWSWSWG	7-WCWSWSWSWG	4.941099	-2761.220059	0	T:21427.0(50.08%),B:54932.8(30.73%),P:1e-1199	Tpos:93.3,Tstd:56.6,Bpos:99.7,Bstd:87.9,StrandBias:0.0,Multiplicity:1.20
0.364	0.190	0.181	0.266
0.227	0.465	0.306	0.001
0.414	0.131	0.001	0.454
0.055	0.519	0.425	0.001
0.501	0.070	0.001	0.428
0.001	0.488	0.510	0.001
0.435	0.055	0.001	0.509
0.001	0.491	0.507	0.001
0.542	0.001	0.001	0.456
0.065	0.269	0.466	0.200
>CAGCAGCWGN	8-CAGCAGCWGN	4.486661	-2397.998315	0	T:17918.0(41.88%),B:44098.5(24.67%),P:1e-1041	Tpos:96.8,Tstd:55.7,Bpos:99.2,Bstd:90.4,StrandBias:-0.0,Multiplicity:1.20
0.226	0.510	0.127	0.137
0.516	0.004	0.155	0.325
0.124	0.147	0.623	0.106
0.244	0.555	0.136	0.065
0.548	0.022	0.033	0.397
0.186	0.139	0.538	0.137
0.173	0.651	0.146	0.030
0.463	0.077	0.002	0.458
0.100	0.141	0.558	0.201
0.239	0.295	0.233	0.233
>CCTGTAATCC	9-CCTGTAATCC	12.003321	-2145.508212	0	T:1495.0(3.49%),B:94.7(0.05%),P:1e-931	Tpos:121.5,Tstd:54.4,Bpos:96.3,Bstd:83.8,StrandBias:0.7,Multiplicity:1.03
0.001	0.997	0.001	0.001
0.001	0.997	0.001	0.001
0.001	0.001	0.001	0.997
0.001	0.001	0.997	0.001
0.001	0.001	0.001	0.997
0.997	0.001	0.001	0.001
0.838	0.001	0.160	0.001
0.001	0.001	0.001	0.997
0.001	0.997	0.001	0.001
0.001	0.997	0.001	0.001
>AAAAAAAAAA	10-AAAAAAAAAA	13.779332	-1737.041505	0	T:2718.0(6.35%),B:1999.5(1.12%),P:1e-754	Tpos:104.6,Tstd:56.4,Bpos:100.1,Bstd:103.6,StrandBias:-1.8,Multiplicity:1.04
0.945	0.053	0.001	0.001
0.997	0.001	0.001	0.001
0.997	0.001	0.001	0.001
0.997	0.001	0.001	0.001
0.997	0.001	0.001	0.001
0.997	0.001	0.001	0.001
0.997	0.001	0.001	0.001
0.997	0.001	0.001	0.001
0.997	0.001	0.001	0.001
0.997	0.001	0.001	0.001
>CCCCACCCCM	11-CCCCACCCCM	6.566762	-1564.624546	0	T:7140.0(16.69%),B:13199.6(7.38%),P:1e-679	Tpos:103.0,Tstd:56.3,Bpos:100.3,Bstd:97.5,StrandBias:0.1,Multiplicity:1.18
0.026	0.827	0.036	0.111
0.192	0.555	0.028	0.225
0.046	0.887	0.006	0.061
0.066	0.878	0.025	0.031
0.693	0.012	0.147	0.148
0.129	0.567	0.140	0.164
0.100	0.710	0.075	0.115
0.165	0.505	0.018	0.312
0.122	0.672	0.029	0.177
0.249	0.380	0.141	0.229
>NTTTTTWAAA	12-NTTTTTWAAA	6.597068	-1531.531257	0	T:12829.0(29.99%),B:31505.6(17.63%),P:1e-665	Tpos:102.4,Tstd:54.8,Bpos:100.3,Bstd:81.5,StrandBias:0.0,Multiplicity:1.26
0.277	0.269	0.154	0.299
0.227	0.170	0.117	0.486
0.090	0.115	0.027	0.768
0.001	0.031	0.001	0.967
0.001	0.067	0.020	0.912
0.160	0.149	0.143	0.548
0.462	0.078	0.137	0.323
0.798	0.001	0.148	0.053
0.997	0.001	0.001	0.001
0.866	0.001	0.097	0.036
>TGCCTGTAAT	13-TGCCTGTAAT	10.641450	-1498.517217	0	T:1175.0(2.75%),B:157.7(0.09%),P:1e-650	Tpos:134.0,Tstd:47.9,Bpos:102.8,Bstd:85.9,StrandBias:-0.5,Multiplicity:1.00
0.001	0.147	0.001	0.851
0.001	0.001	0.997	0.001
0.001	0.997	0.001	0.001
0.001	0.997	0.001	0.001
0.001	0.001	0.001	0.997
0.001	0.001	0.997	0.001
0.001	0.001	0.001	0.997
0.997	0.001	0.001	0.001
0.720	0.001	0.278	0.001
0.001	0.001	0.001	0.997
>GGCRTGGTGG	14-GGCRTGGTGG	10.350150	-1280.627241	0	T:1198.0(2.80%),B:314.4(0.18%),P:1e-556	Tpos:126.4,Tstd:52.2,Bpos:103.6,Bstd:80.5,StrandBias:0.1,Multiplicity:1.03
0.001	0.001	0.997	0.001
0.001	0.001	0.997	0.001
0.010	0.811	0.013	0.166
0.451	0.007	0.525	0.017
0.001	0.084	0.001	0.914
0.001	0.001	0.997	0.001
0.006	0.001	0.992	0.001
0.001	0.001	0.001	0.997
0.001	0.001	0.997	0.001
0.005	0.001	0.993	0.001
>GAGATGGGGT	15-GAGATGGGGT	11.136706	-1127.614103	0	T:1017.0(2.38%),B:237.5(0.13%),P:1e-489	Tpos:119.4,Tstd:53.2,Bpos:101.8,Bstd:85.8,StrandBias:0.9,Multiplicity:1.02
0.001	0.005	0.993	0.001
0.991	0.001	0.007	0.001
0.008	0.001	0.990	0.001
0.990	0.001	0.008	0.001
0.001	0.236	0.001	0.762
0.015	0.001	0.983	0.001
0.017	0.001	0.977	0.005
0.318	0.001	0.676	0.005
0.013	0.004	0.982	0.001
0.014	0.013	0.014	0.959
>AAATGNAAAN	16-AAATGNAAAN	6.990599	-1056.156393	0	T:10907.0(25.49%),B:28129.6(15.74%),P:1e-458	Tpos:96.0,Tstd:56.3,Bpos:100.8,Bstd:84.0,StrandBias:-0.2,Multiplicity:1.12
0.770	0.095	0.108	0.027
0.600	0.133	0.001	0.266
0.587	0.411	0.001	0.001
0.102	0.001	0.146	0.751
0.001	0.001	0.988	0.010
0.291	0.278	0.277	0.154
0.977	0.014	0.001	0.008
0.776	0.089	0.118	0.017
0.714	0.127	0.059	0.100
0.295	0.196	0.225	0.284
>AGTTCGAGAC	17-AGTTCGAGAC	10.648547	-899.248070	0	T:840.0(1.96%),B:218.9(0.12%),P:1e-390	Tpos:127.0,Tstd:50.4,Bpos:104.1,Bstd:63.3,StrandBias:1.4,Multiplicity:1.00
0.997	0.001	0.001	0.001
0.001	0.001	0.997	0.001
0.110	0.001	0.001	0.888
0.001	0.001	0.001	0.997
0.001	0.925	0.001	0.073
0.365	0.001	0.633	0.001
0.997	0.001	0.001	0.001
0.001	0.001	0.997	0.001
0.997	0.001	0.001	0.001
0.001	0.997	0.001	0.001
>GGTGGCTCAC	18-GGTGGCTCAC	12.721160	-806.731510	0	T:587.0(1.37%),B:50.8(0.03%),P:1e-350	Tpos:122.3,Tstd:50.4,Bpos:120.2,Bstd:75.4,StrandBias:2.2,Multiplicity:1.06
0.001	0.001	0.997	0.001
0.001	0.001	0.997	0.001
0.001	0.001	0.001	0.997
0.001	0.001	0.997	0.001
0.001	0.001	0.997	0.001
0.328	0.670	0.001	0.001
0.001	0.001	0.001	0.997
0.001	0.997	0.001	0.001
0.997	0.001	0.001	0.001
0.001	0.997	0.001	0.001
>CACACACACA	19-CACACACACA	10.614178	-797.099188	0	T:729.0(1.70%),B:177.0(0.10%),P:1e-346	Tpos:115.8,Tstd:54.6,Bpos:98.3,Bstd:78.2,StrandBias:-0.2,Multiplicity:1.18
0.021	0.921	0.009	0.049
0.984	0.001	0.007	0.008
0.001	0.975	0.007	0.017
0.985	0.006	0.008	0.001
0.001	0.967	0.012	0.020
0.992	0.001	0.006	0.001
0.001	0.974	0.007	0.018
0.986	0.001	0.007	0.006
0.013	0.947	0.012	0.028
0.961	0.012	0.013	0.014
>CTTGCTCTGT	20-CTTGCTCTGT	10.023473	-673.137460	0	T:770.0(1.80%),B:330.9(0.19%),P:1e-292	Tpos:104.2,Tstd:54.6,Bpos:97.6,Bstd:85.5,StrandBias:1.4,Multiplicity:1.00
0.001	0.986	0.001	0.012
0.010	0.005	0.001	0.984
0.010	0.334	0.006	0.650
0.011	0.013	0.975	0.001
0.001	0.989	0.001	0.009
0.001	0.015	0.001	0.983
0.034	0.882	0.062	0.022
0.013	0.001	0.001	0.985
0.010	0.026	0.963	0.001
0.054	0.014	0.043	0.889
>GGGTTCAAGC	21-GGGTTCAAGC	11.064208	-652.405316	0	T:642.0(1.50%),B:193.9(0.11%),P:1e-283	Tpos:125.6,Tstd:48.1,Bpos:106.0,Bstd:79.8,StrandBias:2.1,Multiplicity:1.00
0.081	0.001	0.917	0.001
0.001	0.001	0.997	0.001
0.001	0.001	0.997	0.001
0.001	0.001	0.001	0.997
0.001	0.001	0.001	0.997
0.001	0.997	0.001	0.001
0.991	0.007	0.001	0.001
0.897	0.101	0.001	0.001
0.001	0.001	0.997	0.001
0.001	0.861	0.001	0.137
>ATCCKCCCRC	22-ATCCKCCCRC	10.343724	-569.219636	0	T:757.0(1.77%),B:428.3(0.24%),P:1e-247	Tpos:115.7,Tstd:51.8,Bpos:95.2,Bstd:77.8,StrandBias:-0.4,Multiplicity:1.01
0.986	0.012	0.001	0.001
0.001	0.025	0.001	0.973
0.001	0.997	0.001	0.001
0.001	0.711	0.001	0.287
0.188	0.001	0.406	0.405
0.001	0.986	0.012	0.001
0.178	0.820	0.001	0.001
0.001	0.805	0.001	0.193
0.500	0.001	0.498	0.001
0.178	0.820	0.001	0.001
>ATAYAAAWAW	23-ATAYAAAWAW	5.308761	-563.973954	0	T:7781.0(18.19%),B:21252.5(11.89%),P:1e-244	Tpos:113.6,Tstd:53.4,Bpos:99.0,Bstd:80.4,StrandBias:-0.4,Multiplicity:1.20
0.996	0.001	0.002	0.001
0.396	0.001	0.001	0.602
0.996	0.001	0.001	0.002
0.001	0.512	0.001	0.486
0.997	0.001	0.001	0.001
0.909	0.086	0.001	0.004
0.997	0.001	0.001	0.001
0.516	0.086	0.001	0.397
0.997	0.001	0.001	0.001
0.397	0.086	0.001	0.516
>TTTTTGTTTT	24-TTTTTGTTTT	9.480928	-262.733522	0	T:1774.0(4.15%),B:3766.7(2.11%),P:1e-114	Tpos:90.8,Tstd:56.6,Bpos:101.4,Bstd:88.7,StrandBias:0.4,Multiplicity:1.03
0.001	0.053	0.001	0.945
0.001	0.001	0.001	0.997
0.001	0.001	0.376	0.622
0.001	0.001	0.001	0.997
0.001	0.001	0.056	0.942
0.001	0.001	0.997	0.001
0.001	0.001	0.001	0.997
0.001	0.001	0.001	0.997
0.001	0.001	0.320	0.678
0.001	0.001	0.001	0.997
>TATTATTATT	25-TATTATTATT	10.296193	-66.787023	0	T:264.0(0.62%),B:437.1(0.24%),P:1e-29	Tpos:108.6,Tstd:54.6,Bpos:101.4,Bstd:64.4,StrandBias:0.7,Multiplicity:1.01
0.100	0.100	0.100	0.700
0.700	0.100	0.100	0.100
0.100	0.100	0.100	0.700
0.100	0.100	0.100	0.700
0.700	0.100	0.100	0.100
0.100	0.100	0.100	0.700
0.100	0.100	0.100	0.700
0.700	0.100	0.100	0.100
0.100	0.100	0.100	0.700
0.100	0.100	0.100	0.700
>TGCTCWCWGCAG	1-TGCTCWCWGCAG	5.397469	-4509.084848	0	T:22951.0(53.65%),B:51723.0(28.94%),P:1e-1958	Tpos:99.4,Tstd:55.2,Bpos:99.7,Bstd:88.6,StrandBias:0.1,Multiplicity:1.42
0.287	0.007	0.267	0.439
0.124	0.191	0.441	0.244
0.183	0.428	0.186	0.203
0.265	0.273	0.001	0.462
0.003	0.836	0.153	0.008
0.438	0.177	0.002	0.382
0.004	0.674	0.311	0.011
0.556	0.003	0.003	0.438
0.006	0.035	0.899	0.060
0.199	0.545	0.247	0.009
0.579	0.027	0.002	0.392
0.246	0.185	0.465	0.103
>NNSAGGCTGRGV	2-NNSAGGCTGRGV	5.745133	-4426.594968	0	T:16797.0(39.26%),B:30964.2(17.32%),P:1e-1922	Tpos:104.9,Tstd:54.5,Bpos:99.8,Bstd:92.3,StrandBias:-0.2,Multiplicity:1.62
0.211	0.204	0.313	0.272
0.237	0.237	0.331	0.194
0.062	0.398	0.536	0.004
0.767	0.001	0.069	0.163
0.106	0.001	0.877	0.016
0.212	0.249	0.465	0.073
0.046	0.775	0.136	0.043
0.352	0.029	0.009	0.610
0.001	0.066	0.932	0.001
0.447	0.011	0.464	0.077
0.197	0.044	0.665	0.094
0.328	0.224	0.308	0.140
>NHWYTTTGGRAA	3-NHWYTTTGGRAA	5.774183	-4119.771718	0	T:22781.0(53.25%),B:52889.6(29.59%),P:1e-1789	Tpos:100.4,Tstd:55.3,Bpos:100.0,Bstd:86.0,StrandBias:0.0,Multiplicity:1.21
0.262	0.207	0.223	0.308
0.210	0.353	0.170	0.267
0.316	0.259	0.001	0.424
0.076	0.337	0.135	0.452
0.001	0.315	0.001	0.683
0.001	0.146	0.205	0.648
0.001	0.001	0.407	0.591
0.092	0.001	0.596	0.311
0.382	0.001	0.554	0.063
0.538	0.001	0.460	0.001
0.606	0.001	0.391	0.002
0.583	0.001	0.384	0.032
>NTCTKBCTCTGN	4-NTCTKBCTCTGN	5.061118	-3725.256349	0	T:28644.0(66.95%),B:78477.9(43.90%),P:1e-1617	Tpos:96.1,Tstd:56.0,Bpos:100.1,Bstd:89.6,StrandBias:0.2,Multiplicity:1.38
0.202	0.290	0.240	0.269
0.186	0.169	0.132	0.513
0.033	0.553	0.225	0.189
0.206	0.033	0.001	0.760
0.057	0.025	0.432	0.487
0.071	0.262	0.305	0.362
0.060	0.740	0.055	0.145
0.163	0.141	0.001	0.695
0.022	0.650	0.188	0.140
0.283	0.001	0.001	0.715
0.022	0.052	0.753	0.173
0.255	0.174	0.269	0.303
>NCCCTGTBTCTG	5-NCCCTGTBTCTG	4.440746	-3237.738099	0	T:29456.0(68.85%),B:84849.9(47.47%),P:1e-1406	Tpos:96.4,Tstd:56.2,Bpos:100.3,Bstd:87.9,StrandBias:0.0,Multiplicity:1.30
0.246	0.194	0.255	0.304
0.182	0.396	0.229	0.193
0.259	0.541	0.040	0.160
0.289	0.470	0.027	0.214
0.358	0.043	0.040	0.559
0.096	0.289	0.440	0.176
0.316	0.039	0.159	0.486
0.089	0.338	0.349	0.224
0.237	0.257	0.041	0.465
0.061	0.667	0.212	0.060
0.364	0.018	0.021	0.597
0.070	0.071	0.778	0.081
>DGAGGCCAGGAR	6-DGAGGCCAGGAR	5.243640	-3197.409261	0	T:23114.0(54.03%),B:58896.2(32.95%),P:1e-1388	Tpos:101.7,Tstd:55.1,Bpos:99.6,Bstd:93.3,StrandBias:-0.1,Multiplicity:1.39
0.312	0.049	0.288	0.351
0.188	0.217	0.527	0.068
0.685	0.001	0.115	0.199
0.262	0.001	0.648	0.089
0.165	0.145	0.623	0.067
0.124	0.522	0.259	0.095
0.181	0.816	0.001	0.002
0.777	0.001	0.001	0.221
0.127	0.001	0.792	0.080
0.208	0.111	0.671	0.010
0.591	0.089	0.238	0.082
0.349	0.114	0.359	0.178
>CCTGTAATCCCA	7-CCTGTAATCCCA	9.631021	-3063.157757	0	T:2122.0(4.96%),B:131.7(0.07%),P:1e-1330	Tpos:121.7,Tstd:50.9,Bpos:100.6,Bstd:75.3,StrandBias:0.6,Multiplicity:1.08
0.001	0.961	0.010	0.028
0.002	0.972	0.002	0.024
0.001	0.006	0.002	0.991
0.040	0.004	0.951	0.005
0.004	0.011	0.002	0.983
0.990	0.001	0.008	0.001
0.842	0.003	0.152	0.003
0.003	0.012	0.002	0.983
0.001	0.968	0.008	0.023
0.002	0.960	0.002	0.036
0.001	0.952	0.001	0.046
0.992	0.002	0.002	0.004
>CCAGGCTGGWCT	8-CCAGGCTGGWCT	8.511414	-2910.903527	0	T:2536.0(5.93%),B:545.0(0.30%),P:1e-1264	Tpos:114.8,Tstd:54.8,Bpos:111.2,Bstd:78.7,StrandBias:-0.3,Multiplicity:1.00
0.143	0.740	0.008	0.109
0.226	0.573	0.002	0.199
0.695	0.009	0.100	0.196
0.213	0.053	0.464	0.269
0.101	0.073	0.792	0.034
0.162	0.584	0.074	0.180
0.291	0.035	0.020	0.654
0.171	0.008	0.563	0.258
0.019	0.188	0.511	0.282
0.279	0.097	0.217	0.407
0.041	0.497	0.318	0.145
0.009	0.007	0.003	0.981
>AGACGGAGTCTC	9-AGACGGAGTCTC	11.156251	-2277.189704	0	T:1642.0(3.84%),B:136.8(0.08%),P:1e-988	Tpos:116.6,Tstd:56.0,Bpos:113.3,Bstd:90.3,StrandBias:2.1,Multiplicity:1.01
0.997	0.001	0.001	0.001
0.026	0.013	0.960	0.001
0.986	0.001	0.001	0.012
0.023	0.586	0.008	0.383
0.356	0.013	0.591	0.040
0.220	0.097	0.617	0.066
0.699	0.026	0.223	0.052
0.039	0.021	0.939	0.001
0.001	0.012	0.001	0.986
0.001	0.740	0.001	0.258
0.001	0.013	0.039	0.947
0.043	0.813	0.001	0.143
>TTTTTTTTTTTT	10-TTTTTTTTTTTT	13.689552	-2055.145078	0	T:1927.0(4.50%),B:516.8(0.29%),P:1e-892	Tpos:105.8,Tstd:56.0,Bpos:102.6,Bstd:103.0,StrandBias:2.0,Multiplicity:1.02
0.021	0.056	0.014	0.909
0.001	0.028	0.007	0.964
0.001	0.017	0.004	0.978
0.001	0.014	0.001	0.984
0.001	0.010	0.004	0.985
0.004	0.008	0.005	0.983
0.001	0.006	0.006	0.987
0.001	0.007	0.001	0.991
0.001	0.001	0.001	0.997
0.001	0.001	0.001	0.997
0.001	0.007	0.004	0.988
0.023	0.010	0.067	0.900
>RGGYGYGGTGGC	11-RGGYGYGGTGGC	10.746314	-2015.190725	0	T:1445.0(3.38%),B:114.8(0.06%),P:1e-875	Tpos:122.5,Tstd:51.8,Bpos:106.8,Bstd:80.8,StrandBias:0.8,Multiplicity:1.06
0.435	0.001	0.509	0.055
0.050	0.001	0.943	0.006
0.052	0.033	0.905	0.010
0.027	0.541	0.027	0.405
0.396	0.003	0.574	0.027
0.028	0.489	0.015	0.469
0.367	0.023	0.582	0.028
0.073	0.007	0.905	0.015
0.012	0.034	0.003	0.951
0.047	0.004	0.948	0.001
0.033	0.007	0.945	0.015
0.001	0.815	0.003	0.181
>WGMWGCWGCWGC	12-WGMWGCWGCWGC	6.288405	-1674.808776	0	T:5819.0(13.60%),B:9136.6(5.11%),P:1e-727	Tpos:98.7,Tstd:55.5,Bpos:97.7,Bstd:90.8,StrandBias:0.0,Multiplicity:1.05
0.488	0.001	0.075	0.436
0.115	0.199	0.685	0.001
0.387	0.441	0.001	0.171
0.390	0.001	0.153	0.457
0.001	0.001	0.997	0.001
0.077	0.921	0.001	0.001
0.443	0.001	0.001	0.555
0.001	0.001	0.992	0.006
0.001	0.804	0.194	0.001
0.517	0.001	0.001	0.481
0.001	0.001	0.997	0.001
0.234	0.442	0.243	0.080
>DGDDGDDGDRRN	13-DGDDGDDGDRRN	5.275282	-1649.387156	0	T:15204.0(35.54%),B:39051.7(21.85%),P:1e-716	Tpos:99.4,Tstd:56.0,Bpos:99.7,Bstd:98.4,StrandBias:-0.1,Multiplicity:1.21
0.305	0.001	0.342	0.352
0.223	0.001	0.513	0.263
0.314	0.001	0.410	0.275
0.331	0.001	0.376	0.292
0.290	0.001	0.463	0.245
0.276	0.165	0.320	0.239
0.273	0.002	0.333	0.391
0.001	0.001	0.971	0.027
0.354	0.001	0.361	0.285
0.321	0.001	0.415	0.264
0.429	0.001	0.569	0.001
0.288	0.212	0.283	0.217
>AGTGGCGCGATC	14-AGTGGCGCGATC	9.542322	-1627.601160	0	T:1179.0(2.76%),B:99.2(0.06%),P:1e-706	Tpos:115.8,Tstd:51.0,Bpos:99.3,Bstd:80.5,StrandBias:2.6,Multiplicity:1.00
0.993	0.001	0.005	0.001
0.066	0.001	0.932	0.001
0.001	0.001	0.001	0.997
0.002	0.001	0.996	0.001
0.014	0.001	0.984	0.001
0.009	0.795	0.001	0.195
0.186	0.015	0.796	0.003
0.006	0.870	0.018	0.106
0.128	0.021	0.841	0.010
0.997	0.001	0.001	0.001
0.001	0.003	0.001	0.995
0.002	0.996	0.001	0.001
>AAAAAAAAAAAA	15-AAAAAAAAAAAA	6.438986	-1607.726388	0	T:13258.0(30.99%),B:32497.7(18.18%),P:1e-698	Tpos:105.8,Tstd:54.6,Bpos:99.7,Bstd:92.4,StrandBias:-0.7,Multiplicity:1.23
0.538	0.145	0.124	0.193
0.619	0.137	0.127	0.117
0.689	0.089	0.129	0.093
0.536	0.125	0.190	0.149
0.551	0.159	0.103	0.187
0.638	0.168	0.101	0.093
0.593	0.190	0.124	0.093
0.428	0.209	0.195	0.168
0.644	0.187	0.080	0.089
0.607	0.187	0.126	0.080
0.673	0.149	0.078	0.100
0.435	0.142	0.159	0.264
>GGTTCAAGCSAT	16-GGTTCAAGCSAT	10.677996	-1502.159623	0	T:1166.0(2.73%),B:148.2(0.08%),P:1e-652	Tpos:122.1,Tstd:50.1,Bpos:100.3,Bstd:50.4,StrandBias:1.4,Multiplicity:1.00
0.087	0.015	0.873	0.025
0.048	0.033	0.904	0.015
0.005	0.302	0.010	0.683
0.010	0.001	0.005	0.984
0.015	0.907	0.010	0.068
0.974	0.020	0.005	0.001
0.721	0.198	0.041	0.040
0.033	0.005	0.957	0.005
0.046	0.666	0.010	0.278
0.255	0.290	0.421	0.035
0.936	0.015	0.044	0.005
0.005	0.020	0.001	0.974
>TTTTWAAAADND	17-TTTTWAAAADND	7.511602	-1485.257594	0	T:7960.0(18.61%),B:15974.1(8.94%),P:1e-645	Tpos:103.0,Tstd:54.5,Bpos:100.9,Bstd:79.3,StrandBias:-0.0,Multiplicity:1.13
0.258	0.230	0.052	0.459
0.102	0.064	0.001	0.833
0.001	0.001	0.001	0.997
0.088	0.050	0.001	0.861
0.293	0.131	0.155	0.421
0.599	0.123	0.104	0.174
0.989	0.001	0.009	0.001
0.997	0.001	0.001	0.001
0.711	0.001	0.152	0.136
0.338	0.163	0.238	0.261
0.305	0.190	0.208	0.297
0.334	0.162	0.215	0.289
>GGGAGGATCACT	18-GGGAGGATCACT	10.104165	-1404.951333	0	T:1176.0(2.75%),B:210.3(0.12%),P:1e-610	Tpos:119.1,Tstd:51.7,Bpos:121.0,Bstd:64.2,StrandBias:0.6,Multiplicity:1.02
0.343	0.014	0.589	0.054
0.060	0.001	0.933	0.006
0.041	0.014	0.934	0.011
0.476	0.209	0.027	0.288
0.213	0.001	0.773	0.013
0.132	0.020	0.814	0.034
0.799	0.090	0.057	0.054
0.027	0.007	0.062	0.904
0.014	0.818	0.018	0.150
0.514	0.137	0.297	0.052
0.007	0.836	0.027	0.130
0.077	0.146	0.057	0.720
>TAGAGATGGGGT	19-TAGAGATGGGGT	10.365016	-1195.116987	0	T:934.0(2.18%),B:122.1(0.07%),P:1e-519	Tpos:124.8,Tstd:50.8,Bpos:100.1,Bstd:68.6,StrandBias:-0.4,Multiplicity:1.00
0.001	0.008	0.001	0.990
0.991	0.001	0.007	0.001
0.016	0.011	0.972	0.001
0.979	0.006	0.009	0.006
0.015	0.007	0.977	0.001
0.983	0.004	0.007	0.006
0.001	0.310	0.011	0.678
0.030	0.002	0.967	0.001
0.021	0.004	0.962	0.013
0.026	0.001	0.966	0.007
0.028	0.001	0.970	0.001
0.009	0.007	0.018	0.966
>CAACATGGTGAA	20-CAACATGGTGAA	10.953191	-997.673842	0	T:876.0(2.05%),B:186.1(0.10%),P:1e-433	Tpos:125.7,Tstd:52.6,Bpos:89.1,Bstd:80.3,StrandBias:0.8,Multiplicity:1.00
0.030	0.879	0.060	0.031
0.917	0.053	0.011	0.019
0.897	0.031	0.048	0.024
0.040	0.844	0.072	0.044
0.859	0.063	0.038	0.040
0.082	0.033	0.065	0.820
0.166	0.018	0.697	0.119
0.041	0.053	0.866	0.040
0.052	0.158	0.047	0.743
0.146	0.020	0.791	0.043
0.896	0.047	0.026	0.031
0.791	0.038	0.124	0.047
>CACACACACACA	21-CACACACACACA	10.346421	-873.323583	0	T:1026.0(2.40%),B:465.3(0.26%),P:1e-379	Tpos:114.4,Tstd:53.3,Bpos:100.1,Bstd:78.1,StrandBias:-0.2,Multiplicity:1.21
0.029	0.613	0.006	0.352
0.882	0.024	0.073	0.021
0.039	0.603	0.015	0.343
0.954	0.001	0.037	0.008
0.001	0.679	0.010	0.310
0.948	0.001	0.050	0.001
0.014	0.719	0.007	0.260
0.959	0.001	0.039	0.001
0.001	0.713	0.020	0.266
0.942	0.006	0.028	0.024
0.056	0.625	0.017	0.302
0.826	0.021	0.075	0.078
>GAGGTCRGGAGT	22-GAGGTCRGGAGT	12.294561	-730.705403	0	T:540.0(1.26%),B:51.9(0.03%),P:1e-317	Tpos:127.2,Tstd:52.2,Bpos:127.9,Bstd:49.1,StrandBias:2.0,Multiplicity:1.00
0.057	0.001	0.852	0.090
0.909	0.001	0.089	0.001
0.092	0.090	0.817	0.001
0.057	0.001	0.885	0.057
0.001	0.001	0.001	0.997
0.001	0.756	0.004	0.239
0.516	0.001	0.482	0.001
0.001	0.001	0.997	0.001
0.001	0.001	0.997	0.001
0.997	0.001	0.001	0.001
0.089	0.001	0.909	0.001
0.320	0.001	0.001	0.678
>CCTCCDCCTCCC	23-CCTCCDCCTCCC	10.345132	-710.732570	0	T:1015.0(2.37%),B:643.2(0.36%),P:1e-308	Tpos:114.9,Tstd:54.3,Bpos:95.8,Bstd:96.6,StrandBias:1.0,Multiplicity:1.03
0.001	0.855	0.143	0.001
0.001	0.814	0.001	0.184
0.052	0.160	0.106	0.682
0.001	0.954	0.016	0.029
0.001	0.997	0.001	0.001
0.283	0.001	0.336	0.380
0.010	0.955	0.025	0.010
0.071	0.873	0.010	0.046
0.001	0.001	0.055	0.943
0.061	0.840	0.011	0.088
0.028	0.912	0.001	0.059
0.072	0.542	0.070	0.316
>TTCATTCATTCA	24-TTCATTCATTCA	10.298923	-226.759921	0	T:615.0(1.44%),B:780.8(0.44%),P:1e-98	Tpos:98.1,Tstd:54.8,Bpos:100.0,Bstd:82.5,StrandBias:0.2,Multiplicity:1.05
0.079	0.201	0.021	0.699
0.046	0.108	0.054	0.792
0.030	0.657	0.016	0.297
0.924	0.012	0.063	0.001
0.001	0.132	0.022	0.845
0.001	0.134	0.007	0.858
0.001	0.924	0.001	0.074
0.979	0.019	0.001	0.001
0.018	0.158	0.001	0.823
0.048	0.092	0.001	0.859
0.001	0.812	0.040	0.147
0.958	0.001	0.025	0.016
>ATATATATATAT	25-ATATATATATAT	10.102407	-215.151146	0	T:650.0(1.52%),B:894.4(0.50%),P:1e-93	Tpos:125.5,Tstd:47.8,Bpos:100.4,Bstd:61.3,StrandBias:0.0,Multiplicity:1.13
0.568	0.052	0.208	0.172
0.272	0.204	0.001	0.523
0.804	0.001	0.182	0.013
0.193	0.195	0.015	0.597
0.921	0.028	0.001	0.050
0.001	0.202	0.017	0.780
0.751	0.037	0.116	0.096
0.001	0.224	0.001	0.774
0.825	0.001	0.082	0.092
0.001	0.001	0.032	0.966
0.708	0.084	0.126	0.082
0.046	0.068	0.019	0.867
>CWSWGVCT	1-CWSWGVCT	4.774107	-4097.172309	0	T:32430.0(75.80%),B:93480.0(52.30%),P:1e-1779	Tpos:96.8,Tstd:57.6,Bpos:99.6,Bstd:89.9,StrandBias:-0.0,Multiplicity:1.47
0.036	0.911	0.001	0.052
0.500	0.001	0.001	0.498
0.001	0.498	0.500	0.001
0.506	0.001	0.001	0.492
0.001	0.001	0.997	0.001
0.282	0.278	0.377	0.064
0.311	0.575	0.113	0.001
0.275	0.281	0.001	0.443
>TCAGSCTG	2-TCAGSCTG	5.776385	-4023.856487	0	T:15187.0(35.50%),B:27439.7(15.35%),P:1e-1747	Tpos:105.8,Tstd:55.2,Bpos:100.5,Bstd:91.5,StrandBias:-0.0,Multiplicity:1.53
0.102	0.279	0.190	0.430
0.124	0.598	0.277	0.001
0.641	0.001	0.001	0.357
0.001	0.013	0.972	0.014
0.001	0.556	0.442	0.001
0.035	0.893	0.071	0.001
0.365	0.026	0.001	0.608
0.045	0.366	0.549	0.040
>YCTGRRAD	3-YCTGRRAD	5.083167	-3905.628937	0	T:30189.0(70.56%),B:84245.4(47.13%),P:1e-1696	Tpos:101.2,Tstd:56.2,Bpos:100.4,Bstd:89.5,StrandBias:0.0,Multiplicity:1.62
0.086	0.501	0.001	0.412
0.001	0.997	0.001	0.001
0.396	0.001	0.001	0.602
0.001	0.001	0.997	0.001
0.374	0.004	0.437	0.185
0.487	0.165	0.348	0.001
0.454	0.191	0.288	0.067
0.305	0.136	0.219	0.340
>BTSCTGGG	4-BTSCTGGG	5.731871	-3896.974067	0	T:20239.0(47.31%),B:44686.5(25.00%),P:1e-1692	Tpos:101.5,Tstd:56.2,Bpos:99.5,Bstd:89.5,StrandBias:-0.0,Multiplicity:1.52
0.095	0.366	0.281	0.258
0.224	0.149	0.159	0.469
0.001	0.526	0.393	0.080
0.001	0.997	0.001	0.001
0.363	0.001	0.001	0.635
0.001	0.001	0.997	0.001
0.310	0.001	0.495	0.194
0.001	0.001	0.997	0.001
>WGCWGCWG	5-WGCWGCWG	5.020467	-3199.080773	0	T:24009.0(56.12%),B:62380.6(34.90%),P:1e-1389	Tpos:99.4,Tstd:56.2,Bpos:99.5,Bstd:90.9,StrandBias:-0.0,Multiplicity:1.36
0.419	0.001	0.220	0.360
0.001	0.170	0.770	0.059
0.166	0.804	0.001	0.029
0.455	0.001	0.001	0.543
0.001	0.084	0.709	0.206
0.151	0.566	0.282	0.001
0.492	0.001	0.001	0.506
0.001	0.001	0.915	0.083
>CACAGWGW	6-CACAGWGW	5.024374	-3043.788833	0	T:22903.0(53.53%),B:58948.7(32.98%),P:1e-1321	Tpos:96.8,Tstd:56.3,Bpos:99.6,Bstd:90.2,StrandBias:-0.1,Multiplicity:1.45
0.001	0.734	0.264	0.001
0.457	0.191	0.066	0.286
0.058	0.552	0.389	0.001
0.749	0.001	0.001	0.249
0.052	0.330	0.617	0.001
0.535	0.001	0.001	0.463
0.001	0.240	0.758	0.001
0.375	0.160	0.213	0.252
>RRGGCAGG	7-RRGGCAGG	5.150467	-2928.565450	0	T:23184.0(54.19%),B:60709.7(33.96%),P:1e-1271	Tpos:102.1,Tstd:56.5,Bpos:100.2,Bstd:96.5,StrandBias:-0.1,Multiplicity:1.37
0.403	0.039	0.380	0.177
0.442	0.005	0.422	0.131
0.078	0.078	0.828	0.016
0.272	0.267	0.442	0.019
0.186	0.723	0.090	0.001
0.816	0.013	0.001	0.170
0.053	0.048	0.874	0.025
0.144	0.009	0.820	0.027
>BCYTGGCT	8-BCYTGGCT	6.330719	-2752.243807	0	T:10419.0(24.35%),B:17970.4(10.05%),P:1e-1195	Tpos:104.2,Tstd:57.7,Bpos:101.2,Bstd:90.0,StrandBias:0.2,Multiplicity:1.04
0.061	0.356	0.281	0.303
0.001	0.972	0.001	0.026
0.088	0.515	0.001	0.396
0.161	0.034	0.041	0.764
0.034	0.001	0.954	0.011
0.040	0.047	0.866	0.047
0.001	0.578	0.388	0.033
0.033	0.300	0.001	0.666
>CTGCCMAG	9-CTGCCMAG	5.605703	-2531.639539	0	T:19528.0(45.64%),B:49180.0(27.51%),P:1e-1099	Tpos:98.9,Tstd:56.3,Bpos:100.6,Bstd:89.2,StrandBias:-0.0,Multiplicity:1.10
0.143	0.582	0.001	0.274
0.381	0.001	0.001	0.617
0.001	0.153	0.728	0.118
0.001	0.966	0.020	0.013
0.333	0.665	0.001	0.001
0.469	0.426	0.001	0.104
0.574	0.001	0.025	0.400
0.001	0.036	0.962	0.001
>YTTTGAAA	10-YTTTGAAA	3.673306	-2390.921527	0	T:28249.0(66.03%),B:85070.9(47.59%),P:1e-1038	Tpos:101.3,Tstd:55.7,Bpos:99.8,Bstd:85.4,StrandBias:0.1,Multiplicity:1.59
0.001	0.440	0.001	0.558
0.001	0.001	0.001	0.997
0.001	0.001	0.001	0.997
0.001	0.001	0.280	0.718
0.281	0.001	0.471	0.248
0.798	0.001	0.200	0.001
0.721	0.001	0.277	0.001
0.919	0.001	0.079	0.001
>TTTCCYCA	11-TTTCCYCA	5.868007	-2265.848105	0	T:22027.0(51.49%),B:60342.4(33.76%),P:1e-984	Tpos:97.1,Tstd:57.4,Bpos:99.3,Bstd:92.5,StrandBias:0.1,Multiplicity:1.15
0.049	0.380	0.001	0.570
0.001	0.040	0.001	0.958
0.001	0.026	0.001	0.972
0.001	0.553	0.171	0.275
0.065	0.787	0.001	0.147
0.001	0.463	0.001	0.535
0.072	0.855	0.001	0.072
0.766	0.079	0.001	0.154
>CTGGCTTC	12-CTGGCTTC	6.258566	-2076.285385	0	T:10575.0(24.72%),B:21190.2(11.85%),P:1e-901	Tpos:99.1,Tstd:58.3,Bpos:101.7,Bstd:88.9,StrandBias:-0.0,Multiplicity:1.03
0.090	0.772	0.069	0.069
0.029	0.014	0.011	0.946
0.001	0.003	0.955	0.041
0.081	0.177	0.667	0.075
0.036	0.591	0.188	0.185
0.038	0.181	0.002	0.779
0.021	0.069	0.113	0.797
0.055	0.724	0.045	0.176
>AAATGAAA	13-AAATGAAA	5.610026	-1990.181591	0	T:28381.0(66.34%),B:88589.6(49.56%),P:1e-864	Tpos:99.4,Tstd:56.3,Bpos:100.0,Bstd:90.6,StrandBias:-0.3,Multiplicity:1.78
0.798	0.051	0.125	0.026
0.914	0.031	0.034	0.021
0.831	0.085	0.065	0.019
0.280	0.091	0.186	0.442
0.244	0.098	0.613	0.045
0.774	0.112	0.068	0.046
0.818	0.097	0.064	0.021
0.809	0.008	0.046	0.137
>CCACTGCA	14-CCACTGCA	10.099103	-1647.021536	0	T:2591.0(6.06%),B:1916.1(1.07%),P:1e-715	Tpos:112.3,Tstd:53.7,Bpos:98.5,Bstd:87.2,StrandBias:-0.3,Multiplicity:1.20
0.001	0.619	0.001	0.379
0.001	0.997	0.001	0.001
0.997	0.001	0.001	0.001
0.001	0.997	0.001	0.001
0.001	0.001	0.001	0.997
0.001	0.001	0.997	0.001
0.001	0.997	0.001	0.001
0.997	0.001	0.001	0.001
>YCATKTBT	15-YCATKTBT	5.147714	-1555.075625	0	T:30225.0(70.65%),B:100335.5(56.13%),P:1e-675	Tpos:98.0,Tstd:56.7,Bpos:100.0,Bstd:86.3,StrandBias:0.0,Multiplicity:1.38
0.253	0.404	0.001	0.342
0.001	0.989	0.009	0.001
0.997	0.001	0.001	0.001
0.001	0.001	0.419	0.579
0.058	0.119	0.444	0.380
0.088	0.001	0.349	0.562
0.001	0.317	0.398	0.285
0.230	0.001	0.218	0.551
>GGNGGTGG	16-GGNGGTGG	6.244350	-1045.692097	0	T:9264.0(21.65%),B:22612.5(12.65%),P:1e-454	Tpos:101.3,Tstd:57.3,Bpos:100.6,Bstd:93.6,StrandBias:-0.2,Multiplicity:1.16
0.053	0.012	0.755	0.180
0.038	0.001	0.853	0.108
0.330	0.192	0.211	0.267
0.178	0.001	0.677	0.144
0.033	0.069	0.891	0.007
0.152	0.073	0.112	0.663
0.043	0.003	0.927	0.027
0.066	0.024	0.906	0.004
>CCTCCCAC	17-CCTCCCAC	6.939470	-1038.513288	0	T:2934.0(6.86%),B:3895.1(2.18%),P:1e-451	Tpos:99.0,Tstd:55.6,Bpos:97.1,Bstd:93.3,StrandBias:0.1,Multiplicity:1.02
0.001	0.997	0.001	0.001
0.001	0.997	0.001	0.001
0.203	0.001	0.001	0.795
0.001	0.997	0.001	0.001
0.001	0.997	0.001	0.001
0.001	0.997	0.001	0.001
0.997	0.001	0.001	0.001
0.001	0.919	0.079	0.001
>YTCATTYW	18-YTCATTYW	5.895135	-951.392016	0	T:15799.0(36.93%),B:46783.3(26.17%),P:1e-413	Tpos:96.0,Tstd:56.9,Bpos:99.4,Bstd:85.2,StrandBias:0.1,Multiplicity:1.12
0.161	0.423	0.051	0.365
0.212	0.168	0.100	0.520
0.001	0.954	0.044	0.001
0.778	0.041	0.001	0.180
0.001	0.001	0.348	0.650
0.013	0.234	0.001	0.752
0.001	0.448	0.001	0.550
0.388	0.105	0.148	0.359
>TTTTTTTT	19-TTTTTTTT	8.236954	-856.076118	0	T:4892.0(11.43%),B:9870.7(5.52%),P:1e-371	Tpos:104.7,Tstd:56.7,Bpos:100.1,Bstd:97.4,StrandBias:1.5,Multiplicity:1.10
0.100	0.100	0.100	0.700
0.100	0.100	0.100	0.700
0.100	0.100	0.100	0.700
0.100	0.100	0.100	0.700
0.100	0.100	0.100	0.700
0.100	0.100	0.100	0.700
0.100	0.100	0.100	0.700
0.100	0.100	0.100	0.700
>TGACTCAT	20-TGACTCAT	7.548792	-811.056186	0	T:2708.0(6.33%),B:4033.5(2.26%),P:1e-352	Tpos:58.7,Tstd:52.6,Bpos:99.1,Bstd:84.0,StrandBias:0.1,Multiplicity:1.02
0.001	0.001	0.001	0.997
0.001	0.001	0.997	0.001
0.997	0.001	0.001	0.001
0.001	0.651	0.347	0.001
0.001	0.001	0.001	0.997
0.001	0.997	0.001	0.001
0.997	0.001	0.001	0.001
0.001	0.085	0.127	0.787
>CATGGTGG	21-CATGGTGG	6.872777	-699.017482	0	T:3720.0(8.70%),B:7212.7(4.04%),P:1e-303	Tpos:110.0,Tstd:57.4,Bpos:101.0,Bstd:87.2,StrandBias:-0.1,Multiplicity:1.19
0.001	0.997	0.001	0.001
0.905	0.015	0.065	0.015
0.038	0.001	0.033	0.928
0.001	0.001	0.944	0.054
0.008	0.018	0.741	0.233
0.001	0.001	0.007	0.991
0.001	0.001	0.997	0.001
0.271	0.001	0.716	0.012
>CACACACA	22-CACACACA	8.236954	-621.250977	0	T:1339.0(3.13%),B:1393.3(0.78%),P:1e-269	Tpos:112.5,Tstd:55.9,Bpos:100.2,Bstd:87.0,StrandBias:-0.1,Multiplicity:1.18
0.100	0.700	0.100	0.100
0.700	0.100	0.100	0.100
0.100	0.700	0.100	0.100
0.700	0.100	0.100	0.100
0.100	0.700	0.100	0.100
0.700	0.100	0.100	0.100
0.100	0.700	0.100	0.100
0.700	0.100	0.100	0.100
>TCACTTGA	23-TCACTTGA	9.564244	-443.135507	0	T:1378.0(3.22%),B:1937.3(1.08%),P:1e-192	Tpos:118.1,Tstd:51.7,Bpos:103.4,Bstd:81.4,StrandBias:-0.4,Multiplicity:1.02
0.001	0.001	0.001	0.997
0.001	0.997	0.001	0.001
0.776	0.001	0.222	0.001
0.001	0.997	0.001	0.001
0.001	0.001	0.001	0.997
0.001	0.001	0.001	0.997
0.001	0.001	0.997	0.001
0.997	0.001	0.001	0.001
>GCTCTGTC	24-GCTCTGTC	8.236954	-340.316597	0	T:777.0(1.82%),B:851.6(0.48%),P:1e-147	Tpos:114.4,Tstd:54.7,Bpos:99.5,Bstd:83.9,StrandBias:2.1,Multiplicity:1.00
0.100	0.100	0.700	0.100
0.100	0.700	0.100	0.100
0.100	0.100	0.100	0.700
0.100	0.700	0.100	0.100
0.100	0.100	0.100	0.700
0.100	0.100	0.700	0.100
0.100	0.100	0.100	0.700
0.100	0.700	0.100	0.100
>ATATATAT	25-ATATATAT	8.236954	-61.459006	0	T:608.0(1.42%),B:1481.2(0.83%),P:1e-26	Tpos:121.6,Tstd:49.8,Bpos:101.9,Bstd:69.0,StrandBias:0.0,Multiplicity:1.26
0.700	0.100	0.100	0.100
0.100	0.100	0.100	0.700
0.700	0.100	0.100	0.100
0.100	0.100	0.100	0.700
0.700	0.100	0.100	0.100
0.100	0.100	0.100	0.700
0.700	0.100	0.100	0.100
0.100	0.100	0.100	0.700
