>NSTCCCAGCA	1-NSTCCCAGCA	5.004305	-4465.053974	0	T:30775.0(71.93%),B:83884.7(46.93%),P:1e-1939	Tpos:100.9,Tstd:55.6,Bpos:99.6,Bstd:89.2,StrandBias:0.1,Multiplicity:1.80
0.275	0.197	0.260	0.267
0.179	0.378	0.267	0.177
0.107	0.363	0.012	0.518
0.005	0.663	0.071	0.261
0.211	0.469	0.003	0.317
0.001	0.988	0.010	0.001
0.644	0.001	0.001	0.354
0.001	0.037	0.961	0.001
0.159	0.564	0.276	0.001
0.534	0.165	0.001	0.300
>CYCWGCCTCN	2-CYCWGCCTCN	5.648170	-4446.181826	0	T:17751.0(41.49%),B:33938.7(18.99%),P:1e-1930	Tpos:104.1,Tstd:55.2,Bpos:100.0,Bstd:91.9,StrandBias:0.1,Multiplicity:1.65
0.069	0.605	0.183	0.143
0.160	0.356	0.011	0.474
0.002	0.762	0.235	0.001
0.535	0.020	0.001	0.444
0.001	0.200	0.786	0.013
0.022	0.529	0.226	0.223
0.033	0.866	0.001	0.100
0.399	0.042	0.001	0.558
0.016	0.575	0.344	0.065
0.197	0.240	0.236	0.327
>YYYCCMAADR	3-YYYCCMAADR	5.836309	-3974.986592	0	T:21034.0(49.16%),B:47165.6(26.39%),P:1e-1726	Tpos:99.8,Tstd:56.0,Bpos:99.2,Bstd:86.5,StrandBias:-0.0,Multiplicity:1.18
0.001	0.449	0.001	0.549
0.001	0.429	0.001	0.569
0.001	0.490	0.001	0.508
0.001	0.670	0.001	0.328
0.302	0.468	0.001	0.228
0.454	0.544	0.001	0.001
0.664	0.312	0.001	0.023
0.495	0.180	0.323	0.001
0.417	0.001	0.307	0.275
0.337	0.001	0.441	0.221
>KGRGCCCAGG	4-KGRGCCCAGG	4.952250	-3237.852224	0	T:19033.0(44.49%),B:43563.0(24.37%),P:1e-1406	Tpos:103.3,Tstd:55.6,Bpos:99.9,Bstd:89.1,StrandBias:0.0,Multiplicity:1.39
0.162	0.147	0.315	0.377
0.203	0.099	0.516	0.182
0.376	0.015	0.389	0.219
0.105	0.176	0.685	0.034
0.080	0.698	0.173	0.049
0.087	0.612	0.008	0.293
0.066	0.869	0.064	0.001
0.778	0.006	0.040	0.176
0.119	0.002	0.775	0.104
0.177	0.131	0.633	0.059
>CWGBCWKBCW	5-CWGBCWKBCW	5.183325	-2953.054803	0	T:24633.0(57.58%),B:66299.7(37.09%),P:1e-1282	Tpos:98.9,Tstd:56.2,Bpos:99.6,Bstd:89.7,StrandBias:0.0,Multiplicity:1.20
0.237	0.498	0.115	0.150
0.555	0.001	0.001	0.443
0.001	0.001	0.629	0.369
0.005	0.341	0.317	0.338
0.001	0.818	0.001	0.180
0.434	0.032	0.001	0.533
0.001	0.134	0.465	0.401
0.002	0.371	0.274	0.353
0.101	0.569	0.132	0.198
0.501	0.105	0.001	0.393
>ARAAAGRAAA	6-ARAAAGRAAA	5.803158	-2795.902692	0	T:25846.0(60.41%),B:72202.9(40.39%),P:1e-1214	Tpos:98.8,Tstd:56.2,Bpos:100.1,Bstd:101.8,StrandBias:-0.4,Multiplicity:1.43
0.572	0.024	0.224	0.180
0.482	0.049	0.434	0.035
0.577	0.043	0.379	0.001
0.604	0.114	0.281	0.001
0.781	0.001	0.186	0.032
0.326	0.090	0.519	0.065
0.486	0.055	0.452	0.007
0.664	0.050	0.285	0.001
0.912	0.028	0.059	0.001
0.582	0.071	0.250	0.097
>WCWSWSWSWG	7-WCWSWSWSWG	4.941099	-2761.220059	0	T:21427.0(50.08%),B:54932.8(30.73%),P:1e-1199	Tpos:93.3,Tstd:56.6,Bpos:99.7,Bstd:87.9,StrandBias:0.0,Multiplicity:1.20
0.364	0.190	0.181	0.266
0.227	0.465	0.306	0.001
0.414	0.131	0.001	0.454
0.055	0.519	0.425	0.001
0.501	0.070	0.001	0.428
0.001	0.488	0.510	0.001
0.435	0.055	0.001	0.509
0.001	0.491	0.507	0.001
0.542	0.001	0.001	0.456
0.065	0.269	0.466	0.200
>CAGCAGCWGN	8-CAGCAGCWGN	4.486661	-2397.998315	0	T:17918.0(41.88%),B:44098.5(24.67%),P:1e-1041	Tpos:96.8,Tstd:55.7,Bpos:99.2,Bstd:90.4,StrandBias:-0.0,Multiplicity:1.20
0.226	0.510	0.127	0.137
0.516	0.004	0.155	0.325
0.124	0.147	0.623	0.106
0.244	0.555	0.136	0.065
0.548	0.022	0.033	0.397
0.186	0.139	0.538	0.137
0.173	0.651	0.146	0.030
0.463	0.077	0.002	0.458
0.100	0.141	0.558	0.201
0.239	0.295	0.233	0.233
>CCTGTAATCC	9-CCTGTAATCC	12.003321	-2145.508212	0	T:1495.0(3.49%),B:94.7(0.05%),P:1e-931	Tpos:121.5,Tstd:54.4,Bpos:96.3,Bstd:83.8,StrandBias:0.7,Multiplicity:1.03
0.001	0.997	0.001	0.001
0.001	0.997	0.001	0.001
0.001	0.001	0.001	0.997
0.001	0.001	0.997	0.001
0.001	0.001	0.001	0.997
0.997	0.001	0.001	0.001
0.838	0.001	0.160	0.001
0.001	0.001	0.001	0.997
0.001	0.997	0.001	0.001
0.001	0.997	0.001	0.001
>AAAAAAAAAA	10-AAAAAAAAAA	13.779332	-1737.041505	0	T:2718.0(6.35%),B:1999.5(1.12%),P:1e-754	Tpos:104.6,Tstd:56.4,Bpos:100.1,Bstd:103.6,StrandBias:-1.8,Multiplicity:1.04
0.945	0.053	0.001	0.001
0.997	0.001	0.001	0.001
0.997	0.001	0.001	0.001
0.997	0.001	0.001	0.001
0.997	0.001	0.001	0.001
0.997	0.001	0.001	0.001
0.997	0.001	0.001	0.001
0.997	0.001	0.001	0.001
0.997	0.001	0.001	0.001
0.997	0.001	0.001	0.001
>CCCCACCCCM	11-CCCCACCCCM	6.566762	-1564.624546	0	T:7140.0(16.69%),B:13199.6(7.38%),P:1e-679	Tpos:103.0,Tstd:56.3,Bpos:100.3,Bstd:97.5,StrandBias:0.1,Multiplicity:1.18
0.026	0.827	0.036	0.111
0.192	0.555	0.028	0.225
0.046	0.887	0.006	0.061
0.066	0.878	0.025	0.031
0.693	0.012	0.147	0.148
0.129	0.567	0.140	0.164
0.100	0.710	0.075	0.115
0.165	0.505	0.018	0.312
0.122	0.672	0.029	0.177
0.249	0.380	0.141	0.229
>NTTTTTWAAA	12-NTTTTTWAAA	6.597068	-1531.531257	0	T:12829.0(29.99%),B:31505.6(17.63%),P:1e-665	Tpos:102.4,Tstd:54.8,Bpos:100.3,Bstd:81.5,StrandBias:0.0,Multiplicity:1.26
0.277	0.269	0.154	0.299
0.227	0.170	0.117	0.486
0.090	0.115	0.027	0.768
0.001	0.031	0.001	0.967
0.001	0.067	0.020	0.912
0.160	0.149	0.143	0.548
0.462	0.078	0.137	0.323
0.798	0.001	0.148	0.053
0.997	0.001	0.001	0.001
0.866	0.001	0.097	0.036
>TGCCTGTAAT	13-TGCCTGTAAT	10.641450	-1498.517217	0	T:1175.0(2.75%),B:157.7(0.09%),P:1e-650	Tpos:134.0,Tstd:47.9,Bpos:102.8,Bstd:85.9,StrandBias:-0.5,Multiplicity:1.00
0.001	0.147	0.001	0.851
0.001	0.001	0.997	0.001
0.001	0.997	0.001	0.001
0.001	0.997	0.001	0.001
0.001	0.001	0.001	0.997
0.001	0.001	0.997	0.001
0.001	0.001	0.001	0.997
0.997	0.001	0.001	0.001
0.720	0.001	0.278	0.001
0.001	0.001	0.001	0.997
>GGCRTGGTGG	14-GGCRTGGTGG	10.350150	-1280.627241	0	T:1198.0(2.80%),B:314.4(0.18%),P:1e-556	Tpos:126.4,Tstd:52.2,Bpos:103.6,Bstd:80.5,StrandBias:0.1,Multiplicity:1.03
0.001	0.001	0.997	0.001
0.001	0.001	0.997	0.001
0.010	0.811	0.013	0.166
0.451	0.007	0.525	0.017
0.001	0.084	0.001	0.914
0.001	0.001	0.997	0.001
0.006	0.001	0.992	0.001
0.001	0.001	0.001	0.997
0.001	0.001	0.997	0.001
0.005	0.001	0.993	0.001
>GAGATGGGGT	15-GAGATGGGGT	11.136706	-1127.614103	0	T:1017.0(2.38%),B:237.5(0.13%),P:1e-489	Tpos:119.4,Tstd:53.2,Bpos:101.8,Bstd:85.8,StrandBias:0.9,Multiplicity:1.02
0.001	0.005	0.993	0.001
0.991	0.001	0.007	0.001
0.008	0.001	0.990	0.001
0.990	0.001	0.008	0.001
0.001	0.236	0.001	0.762
0.015	0.001	0.983	0.001
0.017	0.001	0.977	0.005
0.318	0.001	0.676	0.005
0.013	0.004	0.982	0.001
0.014	0.013	0.014	0.959
>AAATGNAAAN	16-AAATGNAAAN	6.990599	-1056.156393	0	T:10907.0(25.49%),B:28129.6(15.74%),P:1e-458	Tpos:96.0,Tstd:56.3,Bpos:100.8,Bstd:84.0,StrandBias:-0.2,Multiplicity:1.12
0.770	0.095	0.108	0.027
0.600	0.133	0.001	0.266
0.587	0.411	0.001	0.001
0.102	0.001	0.146	0.751
0.001	0.001	0.988	0.010
0.291	0.278	0.277	0.154
0.977	0.014	0.001	0.008
0.776	0.089	0.118	0.017
0.714	0.127	0.059	0.100
0.295	0.196	0.225	0.284
>AGTTCGAGAC	17-AGTTCGAGAC	10.648547	-899.248070	0	T:840.0(1.96%),B:218.9(0.12%),P:1e-390	Tpos:127.0,Tstd:50.4,Bpos:104.1,Bstd:63.3,StrandBias:1.4,Multiplicity:1.00
0.997	0.001	0.001	0.001
0.001	0.001	0.997	0.001
0.110	0.001	0.001	0.888
0.001	0.001	0.001	0.997
0.001	0.925	0.001	0.073
0.365	0.001	0.633	0.001
0.997	0.001	0.001	0.001
0.001	0.001	0.997	0.001
0.997	0.001	0.001	0.001
0.001	0.997	0.001	0.001
>GGTGGCTCAC	18-GGTGGCTCAC	12.721160	-806.731510	0	T:587.0(1.37%),B:50.8(0.03%),P:1e-350	Tpos:122.3,Tstd:50.4,Bpos:120.2,Bstd:75.4,StrandBias:2.2,Multiplicity:1.06
0.001	0.001	0.997	0.001
0.001	0.001	0.997	0.001
0.001	0.001	0.001	0.997
0.001	0.001	0.997	0.001
0.001	0.001	0.997	0.001
0.328	0.670	0.001	0.001
0.001	0.001	0.001	0.997
0.001	0.997	0.001	0.001
0.997	0.001	0.001	0.001
0.001	0.997	0.001	0.001
>CACACACACA	19-CACACACACA	10.614178	-797.099188	0	T:729.0(1.70%),B:177.0(0.10%),P:1e-346	Tpos:115.8,Tstd:54.6,Bpos:98.3,Bstd:78.2,StrandBias:-0.2,Multiplicity:1.18
0.021	0.921	0.009	0.049
0.984	0.001	0.007	0.008
0.001	0.975	0.007	0.017
0.985	0.006	0.008	0.001
0.001	0.967	0.012	0.020
0.992	0.001	0.006	0.001
0.001	0.974	0.007	0.018
0.986	0.001	0.007	0.006
0.013	0.947	0.012	0.028
0.961	0.012	0.013	0.014
>CTTGCTCTGT	20-CTTGCTCTGT	10.023473	-673.137460	0	T:770.0(1.80%),B:330.9(0.19%),P:1e-292	Tpos:104.2,Tstd:54.6,Bpos:97.6,Bstd:85.5,StrandBias:1.4,Multiplicity:1.00
0.001	0.986	0.001	0.012
0.010	0.005	0.001	0.984
0.010	0.334	0.006	0.650
0.011	0.013	0.975	0.001
0.001	0.989	0.001	0.009
0.001	0.015	0.001	0.983
0.034	0.882	0.062	0.022
0.013	0.001	0.001	0.985
0.010	0.026	0.963	0.001
0.054	0.014	0.043	0.889
>GGGTTCAAGC	21-GGGTTCAAGC	11.064208	-652.405316	0	T:642.0(1.50%),B:193.9(0.11%),P:1e-283	Tpos:125.6,Tstd:48.1,Bpos:106.0,Bstd:79.8,StrandBias:2.1,Multiplicity:1.00
0.081	0.001	0.917	0.001
0.001	0.001	0.997	0.001
0.001	0.001	0.997	0.001
0.001	0.001	0.001	0.997
0.001	0.001	0.001	0.997
0.001	0.997	0.001	0.001
0.991	0.007	0.001	0.001
0.897	0.101	0.001	0.001
0.001	0.001	0.997	0.001
0.001	0.861	0.001	0.137
>ATCCKCCCRC	22-ATCCKCCCRC	10.343724	-569.219636	0	T:757.0(1.77%),B:428.3(0.24%),P:1e-247	Tpos:115.7,Tstd:51.8,Bpos:95.2,Bstd:77.8,StrandBias:-0.4,Multiplicity:1.01
0.986	0.012	0.001	0.001
0.001	0.025	0.001	0.973
0.001	0.997	0.001	0.001
0.001	0.711	0.001	0.287
0.188	0.001	0.406	0.405
0.001	0.986	0.012	0.001
0.178	0.820	0.001	0.001
0.001	0.805	0.001	0.193
0.500	0.001	0.498	0.001
0.178	0.820	0.001	0.001
>ATAYAAAWAW	23-ATAYAAAWAW	5.308761	-563.973954	0	T:7781.0(18.19%),B:21252.5(11.89%),P:1e-244	Tpos:113.6,Tstd:53.4,Bpos:99.0,Bstd:80.4,StrandBias:-0.4,Multiplicity:1.20
0.996	0.001	0.002	0.001
0.396	0.001	0.001	0.602
0.996	0.001	0.001	0.002
0.001	0.512	0.001	0.486
0.997	0.001	0.001	0.001
0.909	0.086	0.001	0.004
0.997	0.001	0.001	0.001
0.516	0.086	0.001	0.397
0.997	0.001	0.001	0.001
0.397	0.086	0.001	0.516
>TTTTTGTTTT	24-TTTTTGTTTT	9.480928	-262.733522	0	T:1774.0(4.15%),B:3766.7(2.11%),P:1e-114	Tpos:90.8,Tstd:56.6,Bpos:101.4,Bstd:88.7,StrandBias:0.4,Multiplicity:1.03
0.001	0.053	0.001	0.945
0.001	0.001	0.001	0.997
0.001	0.001	0.376	0.622
0.001	0.001	0.001	0.997
0.001	0.001	0.056	0.942
0.001	0.001	0.997	0.001
0.001	0.001	0.001	0.997
0.001	0.001	0.001	0.997
0.001	0.001	0.320	0.678
0.001	0.001	0.001	0.997
>TATTATTATT	25-TATTATTATT	10.296193	-66.787023	0	T:264.0(0.62%),B:437.1(0.24%),P:1e-29	Tpos:108.6,Tstd:54.6,Bpos:101.4,Bstd:64.4,StrandBias:0.7,Multiplicity:1.01
0.100	0.100	0.100	0.700
0.700	0.100	0.100	0.100
0.100	0.100	0.100	0.700
0.100	0.100	0.100	0.700
0.700	0.100	0.100	0.100
0.100	0.100	0.100	0.700
0.100	0.100	0.100	0.700
0.700	0.100	0.100	0.100
0.100	0.100	0.100	0.700
0.100	0.100	0.100	0.700
