<!DOCTYPE HTML>
<html>
  <head>
    <meta charset="UTF-8">
    <title>TOMTOM</title>
    <script>
      // @JSON_VAR data
      var data = {
        "program": "Tomtom",
        "version": "5.3.0",
        "release": "Wed Nov 25 19:19:29 2020 -0800",
        "cmd": [
          "tomtom", "-o", "./Tomtom/2_PAD114_vs._4_PAD186",
          "./2_PAD114_IRF4_hg38/motifs/filters.meme",
          "./4_PAD186_IRF4_hg38/motifs/filters.meme"
        ],
        "options": {
          "strands": "both",
          "distance_measure": "ed",
          "threshold_type": "qvalue",
          "threshold_value": 0.5,
          "background_source": "--query--"
        },
        "alphabet": {
          "name": "DNA",
          "like": "dna",
          "ncore": 4,
          "symbols": [
            {
              "symbol": "A",
              "name": "Adenine",
              "colour": "CC0000",
              "complement": "T"
            }, {
              "symbol": "C",
              "name": "Cytosine",
              "colour": "0000CC",
              "complement": "G"
            }, {
              "symbol": "G",
              "name": "Guanine",
              "colour": "FFB300",
              "complement": "C"
            }, {
              "symbol": "T",
              "aliases": "U",
              "name": "Thymine",
              "colour": "008000",
              "complement": "A"
            }, {
              "symbol": "N",
              "aliases": "X.",
              "name": "Any base",
              "equals": "ACGT"
            }, {
              "symbol": "V",
              "name": "Not T",
              "equals": "ACG"
            }, {
              "symbol": "H",
              "name": "Not G",
              "equals": "ACT"
            }, {
              "symbol": "D",
              "name": "Not C",
              "equals": "AGT"
            }, {
              "symbol": "B",
              "name": "Not A",
              "equals": "CGT"
            }, {
              "symbol": "M",
              "name": "Amino",
              "equals": "AC"
            }, {
              "symbol": "R",
              "name": "Purine",
              "equals": "AG"
            }, {
              "symbol": "W",
              "name": "Weak",
              "equals": "AT"
            }, {
              "symbol": "S",
              "name": "Strong",
              "equals": "CG"
            }, {
              "symbol": "Y",
              "name": "Pyrimidine",
              "equals": "CT"
            }, {
              "symbol": "K",
              "name": "Keto",
              "equals": "GT"
            }
          ]
        },
        "background": [0.25, 0.25, 0.25, 0.25],
        "query_dbs": [
          {
            "source": "./2_PAD114_IRF4_hg38/motifs/filters.meme",
            "name": "filters",
            "loaded": 16,
            "excluded": 0,
            "last_modified": "Mon Sep 20 09:40:10 2021"
          }
        ],
        "target_dbs": [
          {
            "source": "./4_PAD186_IRF4_hg38/motifs/filters.meme",
            "name": "filters",
            "loaded": 16,
            "excluded": 0,
            "last_modified": "Mon Sep 20 09:42:38 2021"
          }
        ],
        "queries": [
          {
            "db": 0,
            "id": "filter0",
            "alt": "2_PAD114_IRF4_hg38",
            "len": 19,
            "nsites": 31312,
            "pwm": [
              [0.162526, 0.155787, 0.535097, 0.14659], 
              [0.104892, 0.237166, 0.598538, 0.0594034], 
              [0.263068, 0.275828, 0.190929, 0.270175], 
              [0.156519, 0.238039, 0.523609, 0.0818341], 
              [0.175325, 0.109963, 0.558031, 0.156681], 
              [0.162823, 0.464255, 0.28521, 0.0877122], 
              [0.207755, 0.300889, 0.450268, 0.0410885], 
              [0.0251591, 0.413729, 0.555298, 0.00581366], 
              [0.654847, 0.225374, 0.0319558, 0.0878232], 
              [0.0595657, 0.00533771, 0.923471, 0.0116255], 
              [0.120253, 0.0712319, 0.793667, 0.0148483], 
              [0.328033, 0.292274, 0.274226, 0.105467], 
              [0.373306, 0.123054, 0.276363, 0.227277], 
              [0.0585601, 0.0269904, 0.843839, 0.0706101], 
              [0.0635465, 0.451138, 0.311288, 0.174027], 
              [0.202077, 0.199666, 0.344386, 0.253871], 
              [0.0391605, 0.232202, 0.654097, 0.0745405], 
              [0.144919, 0.210101, 0.456617, 0.188363], 
              [0.204612, 0.158491, 0.523965, 0.112932]
            ]
          }, {
            "db": 0,
            "id": "filter1",
            "alt": "2_PAD114_IRF4_hg38",
            "len": 19,
            "nsites": 27909,
            "pwm": [
              [0.599232, 0.18331, 0.143682, 0.0737761], 
              [0.543715, 0.15677, 0.205981, 0.0935342], 
              [0.325962, 0.260976, 0.152121, 0.260941], 
              [0.309328, 0.33848, 0.283639, 0.0685519], 
              [0.451474, 0.0687414, 0.166667, 0.313117], 
              [0.387327, 0.0718646, 0.0260223, 0.514786], 
              [0.109511, 0.729062, 0.157097, 0.00433003], 
              [0.479745, 0.123563, 0.072073, 0.324619], 
              [0.624482, 0.0452238, 0.000895713, 0.329398], 
              [0.48916, 0.129009, 0.340124, 0.0417076], 
              [0.675994, 0.0100184, 0.262487, 0.0514999], 
              [0.710328, 0.0490437, 0.226522, 0.0141067], 
              [0.0536203, 0.295409, 0.153565, 0.497406], 
              [0.176198, 0.28866, 0.0820689, 0.453073], 
              [0.258599, 0.181711, 0.350601, 0.209089], 
              [0.33802, 0.0698879, 0.406306, 0.185786], 
              [0.430006, 0.106962, 0.314815, 0.148218], 
              [0.223637, 0.165962, 0.48127, 0.129132], 
              [0.294314, 0.17448, 0.169736, 0.36147]
            ]
          }, {
            "db": 0,
            "id": "filter10",
            "alt": "2_PAD114_IRF4_hg38",
            "len": 19,
            "nsites": 7117,
            "pwm": [
              [0.277785, 0.21821, 0.228748, 0.275256], 
              [0.304778, 0.241476, 0.243572, 0.210174], 
              [0.287418, 0.252323, 0.210848, 0.24941], 
              [0.334759, 0.254003, 0.135562, 0.275676], 
              [0.322124, 0.278067, 0.130938, 0.268872], 
              [0.329878, 0.26033, 0.165691, 0.244102], 
              [0.239131, 0.277717, 0.150817, 0.332336], 
              [0.248615, 0.198352, 0.228618, 0.324415], 
              [0.245829, 0.196314, 0.361274, 0.196583], 
              [0.543224, 0.114831, 0.000271179, 0.341674], 
              [0.795802, 0.00600904, 0.174297, 0.0238921], 
              [0.816552, 0.0780109, 0.105433, 3.51267e-06], 
              [3.51267e-06, 0.999989, 3.51267e-06, 3.51267e-06], 
              [3.51267e-06, 0.999856, 3.51267e-06, 0.000136631], 
              [0.874193, 0.0323513, 0.042069, 0.0513872], 
              [0.0012035, 0.967323, 0.00933671, 0.0221365], 
              [0.826207, 0.0756484, 0.0219606, 0.076184], 
              [0.320914, 0.0821812, 0.365701, 0.231204], 
              [0.338377, 0.279459, 0.166893, 0.215271]
            ]
          }, {
            "db": 0,
            "id": "filter11",
            "alt": "2_PAD114_IRF4_hg38",
            "len": 19,
            "nsites": 18982,
            "pwm": [
              [0.14066, 0.170267, 0.457432, 0.231641], 
              [0.20495, 0.185683, 0.397681, 0.211686], 
              [0.438177, 0.217168, 0.241003, 0.103651], 
              [0.131127, 0.275112, 0.33972, 0.254041], 
              [0.252143, 0.175607, 0.28402, 0.288229], 
              [0.177232, 0.150276, 0.428301, 0.244191], 
              [1.31703e-06, 0.993261, 0.000912892, 0.00582525], 
              [0.504935, 0.251835, 0.0899203, 0.153309], 
              [0.643433, 0.108261, 0.00339233, 0.244913], 
              [0.622025, 0.0564339, 0.0277874, 0.293754], 
              [0.675929, 0.222509, 0.0413134, 0.0602481], 
              [0.515745, 0.179523, 0.301435, 0.00329761], 
              [0.546162, 0.0621983, 0.350904, 0.0407352], 
              [0.504073, 0.0763681, 0.214546, 0.205013], 
              [0.0756056, 0.223623, 0.339577, 0.361193], 
              [0.142497, 0.142187, 0.225868, 0.489448], 
              [0.143102, 0.079467, 0.37736, 0.400072], 
              [0.250974, 0.137745, 0.169481, 0.4418], 
              [0.217373, 0.17076, 0.264352, 0.347515]
            ]
          }, {
            "db": 0,
            "id": "filter12",
            "alt": "2_PAD114_IRF4_hg38",
            "len": 19,
            "nsites": 1667,
            "pwm": [
              [0.230955, 0.0665977, 0.0635985, 0.638849], 
              [0.155601, 0.0813985, 0.208261, 0.554739], 
              [0.0810107, 0.010735, 0.3907, 0.517554], 
              [0.104336, 0.112634, 0.772938, 0.0100915], 
              [1.49961e-05, 1.49961e-05, 0.0810752, 0.918895], 
              [1.49961e-05, 1.49961e-05, 0.000606681, 0.999363], 
              [0.0171737, 0.0136236, 0.969188, 1.49961e-05], 
              [0.00119836, 0.544361, 0.117168, 0.337273], 
              [0.435492, 0.348515, 0.155627, 0.0603664], 
              [0.292897, 0.374549, 0.113026, 0.219528], 
              [0.191354, 0.576995, 0.170621, 0.0610303], 
              [0.234598, 0.441339, 0.0918341, 0.232229], 
              [0.260225, 0.493761, 0.0681793, 0.177835], 
              [0.349135, 0.338465, 0.140493, 0.171907], 
              [0.462576, 0.191215, 0.0683007, 0.277908], 
              [0.391063, 0.308925, 0.119055, 0.180957], 
              [0.371096, 0.159478, 0.109121, 0.360305], 
              [0.205317, 0.399146, 0.157614, 0.237923], 
              [0.266182, 0.168789, 0.191171, 0.373858]
            ]
          }, {
            "db": 0,
            "id": "filter13",
            "alt": "2_PAD114_IRF4_hg38",
            "len": 19,
            "nsites": 1382,
            "pwm": [
              [0.390728, 0.0166594, 0.533988, 0.0586246], 
              [0.260806, 0.0389202, 0.679364, 0.0209099], 
              [0.133531, 0.228695, 0.198157, 0.439617], 
              [0.228892, 0.111664, 0.653844, 0.00560037], 
              [0.0328026, 0.680297, 0.255464, 0.0314366], 
              [0.379705, 0.339395, 0.00781986, 0.27308], 
              [1.80884e-05, 0.999946, 1.80884e-05, 1.80884e-05], 
              [1.80884e-05, 0.619798, 1.80884e-05, 0.380166], 
              [0.0552211, 0.837473, 0.0552211, 0.0520846], 
              [0.122343, 0.688174, 0.0941142, 0.0953688], 
              [0.0131915, 0.130498, 1.80884e-05, 0.856292], 
              [0.116697, 0.386439, 0.135516, 0.361347], 
              [0.126186, 0.399864, 0.415556, 0.0583943], 
              [0.345276, 0.374205, 0.142775, 0.137744], 
              [0.145128, 0.268693, 0.21293, 0.373248], 
              [0.139232, 0.356636, 0.149403, 0.354729], 
              [0.390655, 0.0677881, 0.256393, 0.285164], 
              [0.298265, 0.1764, 0.255933, 0.269402], 
              [0.335906, 0.106393, 0.284975, 0.272726]
            ]
          }, {
            "db": 0,
            "id": "filter14",
            "alt": "2_PAD114_IRF4_hg38",
            "len": 19,
            "nsites": 3262,
            "pwm": [
              [0.21582, 0.290005, 0.324645, 0.16953], 
              [0.177942, 0.258683, 0.33851, 0.224864], 
              [0.138008, 0.507423, 0.173797, 0.180773], 
              [0.0630335, 0.245477, 0.078413, 0.613077], 
              [0.00929438, 0.0068978, 0.983201, 0.000606805], 
              [0.0116491, 0.131645, 0.00209715, 0.854608], 
              [7.66377e-06, 0.117616, 0.882369, 7.66377e-06], 
              [0.00538063, 7.66377e-06, 0.994604, 7.66377e-06], 
              [7.66377e-06, 0.299103, 0.00150016, 0.699389], 
              [7.66377e-06, 0.227165, 0.00955961, 0.763268], 
              [0.178862, 0.00747234, 0.106006, 0.70766], 
              [0.0854802, 0.629994, 0.122239, 0.162286], 
              [0.217236, 0.409929, 0.215142, 0.157693], 
              [0.254191, 0.292813, 0.297903, 0.155093], 
              [0.239137, 0.233144, 0.331733, 0.195986], 
              [0.270895, 0.296751, 0.238124, 0.194229], 
              [0.275466, 0.195903, 0.374921, 0.15371], 
              [0.162885, 0.290644, 0.30457, 0.241902], 
              [0.0951994, 0.357357, 0.380166, 0.167277]
            ]
          }, {
            "db": 0,
            "id": "filter15",
            "alt": "2_PAD114_IRF4_hg38",
            "len": 19,
            "nsites": 379,
            "pwm": [
              [0.134595, 0.134595, 0.503891, 0.226919], 
              [0.203179, 0.105579, 0.440583, 0.250659], 
              [0.150422, 0.150422, 0.641058, 0.0580981], 
              [0.0367055, 0.198966, 0.37693, 0.387398], 
              [0.492124, 0.263017, 0.109412, 0.135447], 
              [6.59457e-05, 0.833179, 0.117984, 0.048771], 
              [0.25255, 0.624901, 0.00516664, 0.117382], 
              [0.68343, 0.265819, 0.0380306, 0.0127208], 
              [0.210137, 0.387306, 0.344279, 0.0582784], 
              [0.537803, 0.166689, 0.0379347, 0.257574], 
              [6.59457e-05, 0.429246, 6.59457e-05, 0.570622], 
              [6.59457e-05, 0.0783281, 6.59457e-05, 0.92154], 
              [0.0152135, 6.59457e-05, 6.59457e-05, 0.984655], 
              [0.0682298, 6.59457e-05, 0.00511512, 0.926589], 
              [0.0203138, 0.0506855, 0.0380306, 0.89097], 
              [0.117083, 0.0585747, 0.557171, 0.267171], 
              [0.145808, 0.263424, 0.309447, 0.281322], 
              [0.0954016, 0.347912, 0.221657, 0.335029], 
              [0.259738, 0.322059, 0.168853, 0.249351]
            ]
          }, {
            "db": 0,
            "id": "filter2",
            "alt": "2_PAD114_IRF4_hg38",
            "len": 19,
            "nsites": 2671,
            "pwm": [
              [0.279669, 0.287157, 0.20704, 0.226133], 
              [0.341906, 0.163687, 0.192023, 0.302384], 
              [0.416258, 0.169702, 0.29298, 0.121059], 
              [0.706822, 0.0358675, 0.142333, 0.114977], 
              [0.693846, 0.0363917, 0.116506, 0.153256], 
              [0.744312, 0.0248804, 0.0713308, 0.159477], 
              [0.291073, 0.201823, 0.453909, 0.053195], 
              [0.517808, 0.11855, 0.194548, 0.169094], 
              [0.0355926, 9.35944e-06, 0.961847, 0.00255102], 
              [0.249455, 9.35944e-06, 0.750526, 9.35944e-06], 
              [0.999972, 9.35944e-06, 9.35944e-06, 9.35944e-06], 
              [0.998883, 9.35944e-06, 9.35944e-06, 0.00109864], 
              [0.230211, 0.344223, 0.425556, 9.35944e-06], 
              [0.00182483, 0.048664, 9.35944e-06, 0.949502], 
              [0.0668188, 0.00799744, 0.925174, 9.35944e-06], 
              [0.88124, 0.0355926, 0.0758961, 0.00727125], 
              [0.672461, 0.0664557, 0.213146, 0.0479378], 
              [0.84985, 0.0447187, 0.0494441, 0.0559869], 
              [0.175703, 0.44379, 0.256457, 0.12405]
            ]
          }, {
            "db": 0,
            "id": "filter3",
            "alt": "2_PAD114_IRF4_hg38",
            "len": 19,
            "nsites": 1859,
            "pwm": [
              [0.201724, 0.267885, 0.306076, 0.224316], 
              [0.212334, 0.297048, 0.267559, 0.223058], 
              [0.393575, 0.203746, 0.203746, 0.198933], 
              [0.322284, 0.253875, 0.223946, 0.199896], 
              [0.427113, 0.0560702, 0.462348, 0.0544686], 
              [0.37066, 0.0730762, 0.502386, 0.0538772], 
              [0.197336, 0.0352116, 0.677844, 0.0896086], 
              [0.272532, 0.182404, 0.422391, 0.122674], 
              [0.173337, 0.379726, 0.222935, 0.224001], 
              [0.355194, 0.290131, 0.283732, 0.070943], 
              [0.00321328, 0.517852, 0.475188, 0.00374658], 
              [0.115741, 0.489587, 0.00534649, 0.389326], 
              [1.34474e-05, 0.000546749, 1.34474e-05, 0.999426], 
              [0.0058798, 0.179204, 1.34474e-05, 0.814903], 
              [0.0512107, 1.34474e-05, 0.948762, 1.34474e-05], 
              [0.350235, 0.295246, 0.152168, 0.202352], 
              [0.0187491, 0.815815, 0.0187491, 0.146686], 
              [0.445688, 0.352683, 0.0828047, 0.118824], 
              [0.203886, 0.371622, 0.300968, 0.123524]
            ]
          }, {
            "db": 0,
            "id": "filter4",
            "alt": "2_PAD114_IRF4_hg38",
            "len": 19,
            "nsites": 1441,
            "pwm": [
              [0.275501, 0.140882, 0.145045, 0.438571], 
              [0.279036, 0.0563708, 0.231616, 0.432977], 
              [0.149322, 0.0513836, 0.0986406, 0.700654], 
              [0.253588, 0.109374, 0.0198383, 0.617199], 
              [1.73479e-05, 0.0422775, 0.000698961, 0.957006], 
              [0.995177, 1.73479e-05, 0.00478866, 1.73479e-05], 
              [0.0634076, 1.73479e-05, 0.0020622, 0.934513], 
              [0.391947, 1.73479e-05, 1.73479e-05, 0.608019], 
              [0.305381, 0.0020622, 0.00274381, 0.689813], 
              [0.784557, 0.0484121, 0.0122864, 0.154744], 
              [0.0211619, 0.0498093, 1.73479e-05, 0.929012], 
              [0.708985, 0.0314359, 0.168721, 0.090858], 
              [0.384659, 0.0766718, 0.232719, 0.305951], 
              [0.561105, 0.289832, 0.059766, 0.0892969], 
              [0.346412, 0.219699, 0.0757697, 0.358119], 
              [0.486191, 0.10139, 0.0862183, 0.326202], 
              [0.309125, 0.170822, 0.0961379, 0.423916], 
              [0.525016, 0.0716396, 0.172467, 0.230878], 
              [0.278399, 0.256662, 0.0848642, 0.380075]
            ]
          }, {
            "db": 0,
            "id": "filter5",
            "alt": "2_PAD114_IRF4_hg38",
            "len": 19,
            "nsites": 1480,
            "pwm": [
              [0.270945, 0.170276, 0.229731, 0.329049], 
              [0.123096, 0.176984, 0.43046, 0.26946], 
              [0.342701, 0.181823, 0.236757, 0.238719], 
              [0.330147, 0.178758, 0.145045, 0.346049], 
              [0.142074, 0.567629, 0.158063, 0.132234], 
              [0.420566, 0.149826, 0.0577747, 0.371833], 
              [0.444627, 0.241945, 0.130647, 0.182781], 
              [0.543658, 0.0620817, 0.198279, 0.195981], 
              [0.392827, 0.115984, 0.352466, 0.138723], 
              [1.68908e-05, 0.0600914, 0.00170123, 0.93819], 
              [0.000578333, 0.357657, 0.100515, 0.541249], 
              [0.000578333, 0.282985, 0.705752, 0.0106843], 
              [0.869133, 1.68908e-05, 0.130833, 1.68908e-05], 
              [0.994335, 1.68908e-05, 0.00170123, 0.00394701], 
              [0.00227026, 0.348726, 0.21465, 0.434354], 
              [0.408591, 0.263157, 0.0962187, 0.232033], 
              [0.524768, 0.0193888, 0.362386, 0.0934579], 
              [0.464516, 0.00573732, 0.431338, 0.0984084], 
              [0.423464, 0.0828652, 0.324506, 0.169165]
            ]
          }, {
            "db": 0,
            "id": "filter6",
            "alt": "2_PAD114_IRF4_hg38",
            "len": 19,
            "nsites": 1974,
            "pwm": [
              [0.626121, 0.194532, 0.0906869, 0.0886607], 
              [1.2664e-05, 0.00203378, 1.2664e-05, 0.997941], 
              [1.2664e-05, 0.00253907, 0.920128, 0.0773205], 
              [0.999962, 1.2664e-05, 1.2664e-05, 1.2664e-05], 
              [0.0106235, 0.479523, 0.503272, 0.0065813], 
              [1.2664e-05, 1.2664e-05, 1.2664e-05, 0.999962], 
              [0.0540776, 0.945897, 1.2664e-05, 1.2664e-05], 
              [0.999962, 1.2664e-05, 1.2664e-05, 1.2664e-05], 
              [0.0672149, 0.0121394, 0.0434668, 0.877179], 
              [0.431522, 0.163218, 0.0232555, 0.382004], 
              [0.199699, 0.183522, 0.0773596, 0.539419], 
              [0.119379, 0.486584, 0.102688, 0.291348], 
              [0.260495, 0.139611, 0.303487, 0.296406], 
              [0.375816, 0.0844798, 0.324225, 0.21548], 
              [0.296406, 0.176028, 0.34648, 0.181086], 
              [0.690924, 0.176028, 0.052615, 0.0804335], 
              [0.266059, 0.342939, 0.199294, 0.191708], 
              [0.185226, 0.205974, 0.11944, 0.48936], 
              [0.287162, 0.22476, 0.203452, 0.284625]
            ]
          }, {
            "db": 0,
            "id": "filter7",
            "alt": "2_PAD114_IRF4_hg38",
            "len": 19,
            "nsites": 31398,
            "pwm": [
              [0.266291, 0.271164, 0.164406, 0.29814], 
              [0.2589, 0.324496, 0.129546, 0.287058], 
              [0.145094, 0.281462, 0.276673, 0.296771], 
              [0.148308, 0.189376, 0.173162, 0.489153], 
              [0.206614, 0.138956, 0.480293, 0.174138], 
              [0.216613, 0.0832797, 0.190255, 0.509852], 
              [0.000154546, 0.913467, 7.96227e-07, 0.0863781], 
              [0.858854, 3.15461e-05, 0.140406, 0.000708054], 
              [0.993848, 7.96227e-07, 0.00612009, 3.15461e-05], 
              [0.141306, 0.0759456, 0.516216, 0.266533], 
              [0.128958, 0.291741, 0.43312, 0.146181], 
              [0.29779, 0.199459, 0.283184, 0.219567], 
              [0.313755, 0.0933879, 0.346038, 0.246818], 
              [0.229023, 0.252075, 0.231779, 0.287124], 
              [0.185608, 0.302309, 0.2306, 0.281483], 
              [0.286867, 0.263956, 0.194462, 0.254715], 
              [0.205597, 0.287009, 0.205184, 0.30221], 
              [0.294631, 0.293448, 0.199329, 0.212592], 
              [0.245583, 0.255766, 0.202056, 0.296595]
            ]
          }, {
            "db": 0,
            "id": "filter8",
            "alt": "2_PAD114_IRF4_hg38",
            "len": 19,
            "nsites": 87815,
            "pwm": [
              [0.152719, 0.366054, 0.198486, 0.282742], 
              [0.115703, 0.604352, 0.124973, 0.154973], 
              [0.281253, 0.405202, 0.193571, 0.119974], 
              [0.00876114, 0.952434, 0.0377688, 0.00103627], 
              [0.399838, 0.00965634, 0.202924, 0.387582], 
              [0.00267778, 0.347613, 0.467414, 0.182295], 
              [0.00675985, 0.929704, 0.03625, 0.027286], 
              [0.107554, 0.513452, 0.0618759, 0.317117], 
              [0.093684, 0.269714, 0.36288, 0.273722], 
              [0.0223157, 0.588602, 0.217685, 0.171397], 
              [0.109313, 0.434231, 0.287111, 0.169345], 
              [0.174064, 0.380835, 0.202829, 0.242272], 
              [0.143196, 0.404321, 0.244755, 0.207727], 
              [0.162096, 0.403081, 0.217623, 0.2172], 
              [0.245394, 0.275488, 0.26785, 0.211268], 
              [0.118043, 0.50384, 0.223078, 0.155039], 
              [0.159775, 0.424998, 0.252463, 0.162763], 
              [0.105874, 0.329242, 0.356999, 0.207885], 
              [0.165012, 0.420201, 0.249752, 0.165036]
            ]
          }, {
            "db": 0,
            "id": "filter9",
            "alt": "2_PAD114_IRF4_hg38",
            "len": 19,
            "nsites": 4423,
            "pwm": [
              [0.0832052, 0.467325, 0.134075, 0.315395], 
              [0.78654, 0.00226192, 0.161329, 0.0498691], 
              [0.000681007, 0.35817, 0.591167, 0.049982], 
              [5.65214e-06, 5.65214e-06, 5.65214e-06, 0.999983], 
              [0.000230467, 0.00382751, 5.65214e-06, 0.995936], 
              [5.65214e-06, 0.211557, 5.65214e-06, 0.788432], 
              [5.65214e-06, 0.995487, 5.65214e-06, 0.00450195], 
              [0.593967, 0.0701479, 0.123204, 0.212681], 
              [0.0694735, 0.360159, 0.383315, 0.187052], 
              [0.0559846, 0.00292825, 0.00854863, 0.932539], 
              [0.138554, 0.0245215, 0.00832755, 0.828597], 
              [0.00789191, 0.351057, 0.00834255, 0.632709], 
              [0.0351955, 0.476422, 0.184075, 0.304307], 
              [0.362565, 0.153709, 0.126359, 0.357366], 
              [0.161387, 0.333181, 0.275916, 0.229516], 
              [0.207702, 0.10827, 0.103514, 0.580513], 
              [0.249262, 0.245399, 0.11475, 0.39059], 
              [0.331585, 0.133457, 0.141656, 0.393301], 
              [0.245606, 0.233052, 0.195162, 0.32618]
            ]
          }
        ],
        "targets": [
          {
            "db": 0,
            "id": "filter0",
            "alt": "4_PAD186_IRF4_hg38",
            "len": 19,
            "nsites": 12838,
            "pwm": [
              [0.165759, 0.236797, 0.211638, 0.385807], 
              [0.0324026, 0.210878, 0.188812, 0.567907], 
              [0.0235951, 0.653237, 0.0946849, 0.228483], 
              [0.847318, 0.0056595, 0.135628, 0.0113946], 
              [1.94733e-06, 0.486204, 0.351983, 0.161811], 
              [1.94733e-06, 1.94733e-06, 1.94733e-06, 0.999994], 
              [1.94733e-06, 1.94733e-06, 1.94733e-06, 0.999994], 
              [1.94733e-06, 0.567762, 1.94733e-06, 0.432234], 
              [1.94733e-06, 0.996507, 1.94733e-06, 0.00348894], 
              [0.180269, 0.253507, 0.0821527, 0.484072], 
              [0.0198437, 0.545417, 0.243063, 0.191676], 
              [0.0766918, 0.0968529, 0.0080664, 0.818389], 
              [0.0601396, 0.107629, 0.023669, 0.808562], 
              [0.0542886, 0.264212, 0.0203497, 0.661149], 
              [0.0822911, 0.408648, 0.100024, 0.409037], 
              [0.21437, 0.242999, 0.190577, 0.352055], 
              [0.218378, 0.271446, 0.235755, 0.274421], 
              [0.23528, 0.182211, 0.170514, 0.411994], 
              [0.250059, 0.242023, 0.136612, 0.371306]
            ]
          }, {
            "db": 0,
            "id": "filter1",
            "alt": "4_PAD186_IRF4_hg38",
            "len": 19,
            "nsites": 10002,
            "pwm": [
              [0.205259, 0.481801, 0.15257, 0.160369], 
              [0.306057, 0.310327, 0.100001, 0.283614], 
              [0.229259, 0.463251, 0.179541, 0.127948], 
              [0.286467, 0.214509, 0.218415, 0.280609], 
              [0.367528, 0.42439, 0.160419, 0.0476626], 
              [0.429091, 0.209359, 0.0500596, 0.311491], 
              [0.316848, 0.0639791, 9.74185e-05, 0.619076], 
              [0.0914575, 0.782399, 0.0321481, 0.0939954], 
              [0.992906, 2.49948e-06, 0.00708868, 2.49948e-06], 
              [0.999993, 2.49948e-06, 2.49948e-06, 2.49948e-06], 
              [2.49948e-06, 0.235338, 0.475056, 0.289603], 
              [0.075081, 0.0775059, 0.101382, 0.746031], 
              [0.0651077, 0.0345139, 0.420108, 0.48027], 
              [0.280048, 0.0327569, 0.391656, 0.295539], 
              [0.197797, 0.131492, 0.414735, 0.255977], 
              [0.125597, 0.18947, 0.508367, 0.176565], 
              [0.324278, 0.194549, 0.267235, 0.213938], 
              [0.248118, 0.269571, 0.26656, 0.215751], 
              [0.187111, 0.290715, 0.348744, 0.17343]
            ]
          }, {
            "db": 0,
            "id": "filter10",
            "alt": "4_PAD186_IRF4_hg38",
            "len": 19,
            "nsites": 39905,
            "pwm": [
              [0.0324025, 0.341686, 0.15993, 0.465981], 
              [0.0907847, 0.250612, 0.0209431, 0.637661], 
              [0.130192, 0.116398, 0.0973015, 0.656109], 
              [0.220009, 0.0312567, 0.162433, 0.586301], 
              [0.0751865, 0.00902788, 0.626195, 0.28959], 
              [0.00626417, 0.262059, 0.0952608, 0.636416], 
              [0.0619421, 0.46513, 0.215587, 0.257342], 
              [0.143923, 0.170304, 0.481681, 0.204092], 
              [0.382499, 0.0142417, 0.487098, 0.116162], 
              [0.298756, 0.394989, 0.195645, 0.110609], 
              [0.110531, 0.270358, 0.299955, 0.319156], 
              [0.353958, 0.348508, 0.140802, 0.156732], 
              [0.19845, 0.500597, 0.149778, 0.151174], 
              [0.102158, 0.598353, 0.040654, 0.258835], 
              [0.0583372, 0.761601, 0.0416839, 0.138378], 
              [0.151709, 0.512966, 0.037708, 0.297617], 
              [0.185905, 0.300479, 0.0635153, 0.4501], 
              [0.180452, 0.544016, 0.150541, 0.124991], 
              [0.233287, 0.249579, 0.18148, 0.335653]
            ]
          }, {
            "db": 0,
            "id": "filter11",
            "alt": "4_PAD186_IRF4_hg38",
            "len": 19,
            "nsites": 11257,
            "pwm": [
              [0.196145, 0.304788, 0.265346, 0.233721], 
              [0.240057, 0.15121, 0.252458, 0.356275], 
              [0.171245, 0.352114, 0.0928213, 0.383819], 
              [0.0439898, 0.0416098, 0.0454884, 0.868912], 
              [2.22082e-06, 2.22082e-06, 0.999993, 2.22082e-06], 
              [0.000614315, 0.0285959, 2.22082e-06, 0.970788], 
              [2.22082e-06, 2.22082e-06, 0.999993, 2.22082e-06], 
              [2.22082e-06, 2.22082e-06, 0.999993, 2.22082e-06], 
              [2.22082e-06, 0.0699561, 0.0322685, 0.897773], 
              [0.0239719, 0.17995, 0.00560098, 0.790477], 
              [0.301637, 0.00473031, 0.176255, 0.517378], 
              [0.214599, 0.241237, 0.275236, 0.268927], 
              [0.293363, 0.203125, 0.30179, 0.201721], 
              [0.38479, 0.141012, 0.271912, 0.202286], 
              [0.23768, 0.182933, 0.222428, 0.356959], 
              [0.252452, 0.13714, 0.268711, 0.341698], 
              [0.246918, 0.152019, 0.279113, 0.321951], 
              [0.257056, 0.170689, 0.291959, 0.280295], 
              [0.215001, 0.248257, 0.269623, 0.267119]
            ]
          }, {
            "db": 0,
            "id": "filter12",
            "alt": "4_PAD186_IRF4_hg38",
            "len": 19,
            "nsites": 1963,
            "pwm": [
              [0.0519714, 0.204791, 0.407531, 0.335706], 
              [0.98266, 1.2735e-05, 0.00153938, 0.015788], 
              [0.00255714, 0.234606, 0.708882, 0.053954], 
              [1.2735e-05, 1.2735e-05, 1.2735e-05, 0.999962], 
              [0.0809246, 0.915997, 0.00306602, 1.2735e-05], 
              [0.999962, 1.2735e-05, 1.2735e-05, 1.2735e-05], 
              [0.13741, 1.2735e-05, 0.00459265, 0.857984], 
              [0.626444, 0.0229123, 1.2735e-05, 0.350631], 
              [0.334856, 0.173541, 0.0646405, 0.426963], 
              [0.0509007, 0.144535, 0.420348, 0.384217], 
              [0.0936466, 0.00917258, 0.853404, 0.0437764], 
              [0.865617, 0.0458119, 0.0595517, 0.0290189], 
              [0.435105, 0.0290189, 0.312974, 0.222902], 
              [0.986222, 0.0122259, 1.2735e-05, 0.00153938], 
              [0.149623, 0.540443, 0.263613, 0.0463208], 
              [0.153186, 0.145552, 0.0168058, 0.684456], 
              [0.335365, 0.172523, 0.239186, 0.252926], 
              [0.253055, 0.246945, 0.242363, 0.257637], 
              [0.291389, 0.233827, 0.235864, 0.238921]
            ]
          }, {
            "db": 0,
            "id": "filter13",
            "alt": "4_PAD186_IRF4_hg38",
            "len": 19,
            "nsites": 909501,
            "pwm": [
              [0.28135, 0.219299, 0.219655, 0.279696], 
              [0.28135, 0.219299, 0.219655, 0.279696], 
              [0.281349, 0.219299, 0.219656, 0.279696], 
              [0.281349, 0.219299, 0.219657, 0.279695], 
              [0.281349, 0.219298, 0.219658, 0.279695], 
              [0.281348, 0.219298, 0.219659, 0.279695], 
              [0.281348, 0.219298, 0.219659, 0.279695], 
              [0.281349, 0.219298, 0.219658, 0.279695], 
              [0.281349, 0.219297, 0.219659, 0.279695], 
              [0.281348, 0.219297, 0.21966, 0.279695], 
              [0.281348, 0.219297, 0.219661, 0.279694], 
              [0.281348, 0.219297, 0.219661, 0.279695], 
              [0.281347, 0.219298, 0.21966, 0.279695], 
              [0.281347, 0.219298, 0.21966, 0.279694], 
              [0.281347, 0.219298, 0.21966, 0.279695], 
              [0.281346, 0.219299, 0.21966, 0.279695], 
              [0.281346, 0.219299, 0.219659, 0.279696], 
              [0.281346, 0.2193, 0.219659, 0.279695], 
              [0.281345, 0.219299, 0.219659, 0.279696]
            ]
          }, {
            "db": 0,
            "id": "filter14",
            "alt": "4_PAD186_IRF4_hg38",
            "len": 19,
            "nsites": 31391,
            "pwm": [
              [0.102068, 0.45959, 0.151349, 0.286993], 
              [0.0827321, 0.273058, 0.186431, 0.457778], 
              [0.143497, 0.0874284, 0.126068, 0.643007], 
              [0.515286, 0.099587, 0.260886, 0.124241], 
              [0.0607171, 0.130904, 0.0916827, 0.716696], 
              [0.091716, 0.326168, 0.0958102, 0.486306], 
              [0.0471245, 0.871341, 0.0378664, 0.0436681], 
              [0.304416, 0.516348, 0.112176, 0.0670597], 
              [0.387086, 0.332655, 0.0722983, 0.20796], 
              [0.357393, 0.164193, 0.0548445, 0.423569], 
              [0.173893, 0.472316, 0.0347054, 0.319086], 
              [0.0683056, 0.209134, 0.00298798, 0.719572], 
              [0.117782, 0.125759, 0.013091, 0.743369], 
              [0.318914, 0.0489269, 0.06464, 0.567519], 
              [0.17307, 0.0411329, 0.102708, 0.683089], 
              [0.0542984, 0.144177, 0.152392, 0.649132], 
              [0.284711, 0.132529, 0.179109, 0.403652], 
              [0.182067, 0.121896, 0.0920596, 0.603977], 
              [0.141447, 0.206826, 0.199263, 0.452465]
            ]
          }, {
            "db": 0,
            "id": "filter15",
            "alt": "4_PAD186_IRF4_hg38",
            "len": 19,
            "nsites": 11769,
            "pwm": [
              [0.202481, 0.154304, 0.244881, 0.398333], 
              [0.173396, 0.177197, 0.11495, 0.534457], 
              [0.139899, 0.099389, 0.183344, 0.577369], 
              [0.301235, 0.246913, 0.109063, 0.34279], 
              [0.0757175, 0.0439204, 0.018848, 0.861514], 
              [0.624583, 0.00322844, 0.119128, 0.253061], 
              [0.454086, 0.000827877, 0.0241142, 0.520972], 
              [0.54627, 0.00734954, 0.00115789, 0.445222], 
              [0.582759, 0.00462521, 2.12421e-06, 0.412613], 
              [0.939893, 0.00718443, 0.00916576, 0.0437564], 
              [0.000827677, 0.181128, 2.12421e-06, 0.818042], 
              [0.928831, 0.000167233, 0.0679451, 0.00305667], 
              [0.109158, 0.0434333, 0.397901, 0.449507], 
              [0.310265, 0.159717, 0.0402198, 0.489799], 
              [0.218166, 0.157643, 0.0333683, 0.590823], 
              [0.438516, 0.254237, 0.0932217, 0.214025], 
              [0.170144, 0.370076, 0.0102657, 0.449514], 
              [0.337587, 0.100354, 0.199782, 0.362277], 
              [0.189158, 0.158167, 0.134691, 0.517985]
            ]
          }, {
            "db": 0,
            "id": "filter2",
            "alt": "4_PAD186_IRF4_hg38",
            "len": 19,
            "nsites": 28166,
            "pwm": [
              [0.212455, 0.318575, 0.182916, 0.286054], 
              [0.230943, 0.288405, 0.151501, 0.329151], 
              [0.318505, 0.265709, 0.155678, 0.260108], 
              [0.234111, 0.225268, 0.252922, 0.287699], 
              [0.230624, 0.22485, 0.28227, 0.262255], 
              [0.304039, 0.165007, 0.221588, 0.309366], 
              [0.232401, 0.201033, 0.341721, 0.224845], 
              [0.30139, 0.137121, 0.29418, 0.267308], 
              [0.240795, 0.244542, 0.135353, 0.37931], 
              [0.225734, 0.14697, 0.186318, 0.440978], 
              [0.136481, 0.264403, 0.47003, 0.129087], 
              [0.536054, 0.145964, 0.317126, 0.000855675], 
              [8.87592e-07, 8.87592e-07, 8.87592e-07, 0.999997], 
              [6.92573e-05, 0.00759008, 8.87592e-07, 0.99234], 
              [0.00359037, 8.87592e-07, 0.996408, 8.87592e-07], 
              [0.154539, 0.230915, 0.274067, 0.340479], 
              [0.476621, 0.129815, 0.354213, 0.0393501], 
              [0.519203, 0.241725, 0.137465, 0.101607], 
              [0.182433, 0.340371, 0.167723, 0.309473]
            ]
          }, {
            "db": 0,
            "id": "filter3",
            "alt": "4_PAD186_IRF4_hg38",
            "len": 19,
            "nsites": 3976,
            "pwm": [
              [0.266851, 0.141602, 0.329475, 0.262072], 
              [0.295368, 0.058578, 0.357694, 0.288359], 
              [0.130416, 0.0871121, 0.633141, 0.149331], 
              [0.314652, 0.0565385, 0.37416, 0.254649], 
              [0.202608, 0.189576, 0.365377, 0.242439], 
              [0.0952883, 0.0675787, 0.327417, 0.509716], 
              [0.141179, 0.0160923, 0.752448, 0.0902801], 
              [0.259576, 0.0787576, 0.605749, 0.0559173], 
              [6.28757e-06, 0.990748, 6.28757e-06, 0.00923901], 
              [0.954291, 0.0007165, 0.00308386, 0.0419086], 
              [0.986487, 0.0085288, 6.28757e-06, 0.00497775], 
              [0.18953, 0.248282, 0.295426, 0.266761], 
              [0.11609, 0.78274, 0.0997432, 0.00142771], 
              [0.355532, 0.456501, 0.0696893, 0.118278], 
              [0.418899, 0.180244, 0.0793204, 0.321537], 
              [0.269935, 0.43275, 0.0499931, 0.247322], 
              [0.269295, 0.388527, 0.122584, 0.219595], 
              [0.329418, 0.200768, 0.0776277, 0.392186], 
              [0.266891, 0.263525, 0.169273, 0.300311]
            ]
          }, {
            "db": 0,
            "id": "filter4",
            "alt": "4_PAD186_IRF4_hg38",
            "len": 19,
            "nsites": 2504,
            "pwm": [
              [0.401751, 0.156953, 0.214858, 0.226439], 
              [0.435329, 0.115007, 0.353756, 0.0959075], 
              [0.775773, 0.0206441, 0.122624, 0.0809591], 
              [0.849302, 0.0142838, 0.0519508, 0.0844634], 
              [0.799583, 0.00870529, 0.0834059, 0.108306], 
              [0.206382, 0.154001, 0.614007, 0.0256096], 
              [0.605963, 0.0633185, 0.250885, 0.0798338], 
              [0.00353787, 9.98363e-06, 0.996442, 9.98363e-06], 
              [0.206195, 9.98363e-06, 0.793785, 9.98363e-06], 
              [0.99997, 9.98363e-06, 9.98363e-06, 9.98363e-06], 
              [0.99997, 9.98363e-06, 9.98363e-06, 9.98363e-06], 
              [0.0807594, 0.343783, 0.575448, 9.98363e-06], 
              [0.000793962, 0.0278411, 0.00118595, 0.970179], 
              [0.0599841, 0.0160815, 0.923924, 9.98363e-06], 
              [0.879238, 0.0580241, 0.0603761, 0.00236191], 
              [0.621405, 0.091807, 0.192627, 0.0941608], 
              [0.857904, 0.0396473, 0.054168, 0.0482812], 
              [0.170534, 0.445179, 0.220826, 0.163461], 
              [0.229651, 0.19662, 0.104607, 0.469122]
            ]
          }, {
            "db": 0,
            "id": "filter5",
            "alt": "4_PAD186_IRF4_hg38",
            "len": 19,
            "nsites": 11351,
            "pwm": [
              [0.431767, 0.129417, 0.231874, 0.206942], 
              [0.453869, 0.100823, 0.311025, 0.134284], 
              [0.451007, 0.0831688, 0.281296, 0.184528], 
              [0.641551, 0.011526, 0.261954, 0.0849688], 
              [0.436598, 0.0519332, 0.335209, 0.176261], 
              [0.506413, 0.0211062, 0.251899, 0.220581], 
              [0.321667, 2.20243e-06, 0.678328, 2.20243e-06], 
              [0.0101832, 0.000502908, 0.989312, 2.20243e-06], 
              [0.257198, 0.0100163, 0.000920164, 0.731866], 
              [2.20243e-06, 0.770837, 0.0288762, 0.200284], 
              [2.20243e-06, 0.820681, 2.20243e-06, 0.179314], 
              [0.418167, 0.144558, 0.105591, 0.331685], 
              [0.350423, 0.331962, 0.0451474, 0.272468], 
              [0.215919, 0.309127, 0.0382436, 0.43671], 
              [0.325216, 0.190581, 0.114333, 0.36987], 
              [0.263189, 0.262174, 0.15903, 0.315606], 
              [0.23122, 0.282716, 0.182784, 0.30328], 
              [0.279542, 0.250768, 0.186561, 0.283128], 
              [0.275075, 0.285285, 0.198284, 0.241356]
            ]
          }, {
            "db": 0,
            "id": "filter6",
            "alt": "4_PAD186_IRF4_hg38",
            "len": 19,
            "nsites": 15009,
            "pwm": [
