MEME version 4

ALPHABET= ACGT

strands: + -

Background letter frequencies (from uniform background):
A 0.25000 C 0.25000 G 0.25000 T 0.25000

MOTIF filter0 SOX2.NA AGTTACCAACCCCCCCCCT
letter-probability matrix: alength= 4 w= 19 nsites= 46 E= 0
 0.45652174  0.08695652   0.2173913  0.23913043
 0.17391304  0.15217391  0.36956522  0.30434783
 0.25531915  0.25531915  0.21276596  0.27659574
 0.21276596  0.31914894  0.10638298  0.36170213
 0.39583333  0.22916667       0.125        0.25
        0.2        0.36        0.08        0.36
  0.2745098  0.31372549  0.09803922  0.31372549
 0.37254902  0.15686275   0.1372549  0.33333333
 0.43137255  0.09803922   0.1372549  0.33333333
 0.19607843  0.60784314  0.05882353   0.1372549
        0.0  0.98039216         0.0  0.01960784
 0.03921569   0.7254902         0.0  0.23529412
        0.0  0.90196078  0.01960784  0.07843137
        0.0  0.92156863         0.0  0.07843137
 0.01960784  0.76470588  0.03921569  0.17647059
 0.17647059  0.49019608  0.09803922  0.23529412
 0.21568627  0.43137255  0.09803922  0.25490196
 0.10204082  0.48979592  0.08163265  0.32653061
  0.2244898  0.26530612  0.12244898   0.3877551

MOTIF filter1 SOX2.NA AAAAGAGGGGGGGGGCCCC
letter-probability matrix: alength= 4 w= 19 nsites= 919 E= 0
 0.33841132  0.30794342  0.16213275  0.19151251
 0.52314316  0.23573735  0.10548977  0.13562971
 0.34185304  0.23322684  0.20447284  0.22044728
 0.36687631  0.12997904  0.33333333  0.16981132
 0.36070686  0.12266112  0.38877339  0.12785863
 0.48140496   0.1053719  0.31818182  0.09504132
 0.13888889  0.07304527  0.56584362  0.22222222
 0.35963115  0.13934426  0.40881148  0.09221311
  0.2716175   0.1861648  0.36113937  0.18107833
 0.26012146   0.2034413   0.4048583  0.13157895
 0.29393939  0.18989899  0.43232323  0.08383838
  0.0796371  0.32056452  0.53024194  0.06955645
  0.1733871  0.31754032  0.46673387  0.04233871
 0.30947581  0.24294355  0.39112903  0.05645161
 0.21572581   0.2358871  0.36189516  0.18649194
 0.08366935   0.5141129  0.23991935  0.16229839
 0.06451613   0.7016129  0.09677419  0.13709677
 0.01008065  0.62903226  0.05947581  0.30141129
 0.07467205  0.48335015  0.12310797  0.31886983

MOTIF filter2 SOX2.NA ATAAGAAAAAAGTTCCTTT
letter-probability matrix: alength= 4 w= 19 nsites= 34 E= 0
 0.44117647  0.23529412  0.05882353  0.26470588
 0.05882353  0.41176471         0.0  0.52941176
        0.5         0.0  0.11764706  0.38235294
 0.82352941         0.0  0.05882353  0.11764706
 0.08571429  0.08571429         0.6  0.22857143
 0.52777778  0.33333333         0.0  0.13888889
      0.625         0.0       0.375         0.0
 0.91304348  0.02173913  0.04347826  0.02173913
 0.56521739         0.0  0.06521739  0.36956522
 0.92307692  0.01923077  0.03846154  0.01923077
 0.44897959  0.04081633  0.26530612  0.24489796
 0.19047619  0.21428571  0.30952381  0.28571429
 0.05263158  0.44736842         0.0         0.5
        0.0        0.25         0.0        0.75
 0.03333333         0.5  0.16666667         0.3
 0.10344828  0.79310345  0.10344828         0.0
 0.17857143  0.28571429  0.03571429         0.5
        0.0  0.21428571  0.03571429        0.75
 0.21428571  0.14285714  0.07142857  0.57142857

MOTIF filter3 SOX2.NA CACCCAGGGGGGACCGGAG
letter-probability matrix: alength= 4 w= 19 nsites= 42 E= 0
 0.16666667         0.5  0.26190476  0.07142857
  0.4047619  0.21428571  0.30952381  0.07142857
 0.07142857  0.80952381  0.04761905  0.07142857
 0.23809524  0.71428571         0.0  0.04761905
 0.07142857  0.83333333         0.0   0.0952381
 0.47619048  0.19047619  0.19047619  0.14285714
 0.14285714  0.16666667  0.52380952  0.16666667
  0.0952381  0.21428571  0.66666667  0.02380952
 0.21428571   0.0952381  0.66666667  0.02380952
 0.02380952         0.0  0.92857143  0.04761905
  0.2195122  0.02439024  0.70731707  0.04878049
       0.25       0.075       0.575         0.1
       0.35        0.25         0.2         0.2
       0.15       0.525        0.15       0.175
       0.25        0.35        0.25        0.15
      0.425         0.0        0.45       0.125
      0.175        0.15       0.475         0.2
        0.4       0.325       0.125        0.15
        0.3       0.125         0.4       0.175

MOTIF filter4 SOX2.NA AATTATCTAAGAGGTGTGT
letter-probability matrix: alength= 4 w= 19 nsites= 1286 E= 0
 0.61741835   0.0155521  0.18662519  0.18040435
 0.61568323  0.01164596  0.35326087  0.01940994
 0.00776398  0.08773292   0.2189441  0.68555901
 0.33709981  0.20150659  0.10546139   0.3559322
 0.36129032  0.07096774  0.33548387  0.23225806
 0.10967742  0.18709677  0.05806452  0.64516129
        0.0   0.8081761   0.0408805   0.1509434
        0.0    0.428125    0.021875        0.55
 0.46788991  0.32110092  0.09480122  0.11620795
 0.56637168  0.03539823  0.07079646  0.32743363
 0.34042553  0.00911854  0.49240122  0.15805471
 0.39440994  0.16770186  0.27329193  0.16459627
 0.04191617  0.23652695  0.41916168  0.30239521
 0.01578947  0.28157895         0.5  0.20263158
        0.0  0.32989691        0.25  0.42010309
 0.00253165  0.28607595  0.51392405  0.19746835
 0.05089059  0.08396947  0.27480916  0.59033079
 0.09254499  0.13367609  0.75835476  0.01542416
 0.03664921  0.05235602  0.08115183  0.82984293

MOTIF filter5 SOX2.NA AAAAAAAAAAAAAAAAAAA
letter-probability matrix: alength= 4 w= 19 nsites= 320040 E= 0
 0.29965004  0.20445257  0.20823022  0.28766717
 0.29965004  0.20445257  0.20823022  0.28766717
 0.29965004  0.20445257  0.20823022  0.28766717
 0.29965004  0.20445257  0.20823022  0.28766717
 0.29965004  0.20445257  0.20823022  0.28766717
 0.29965004  0.20445257  0.20823022  0.28766717
 0.29965004  0.20445257  0.20823022  0.28766717
 0.29965004  0.20445257  0.20823022  0.28766717
 0.29965004  0.20445257  0.20823022  0.28766717
 0.29965004  0.20445257  0.20823022  0.28766717
 0.29965004  0.20445257  0.20823022  0.28766717
 0.29965004  0.20445257  0.20823022  0.28766717
 0.29965004  0.20445257  0.20823022  0.28766717
 0.29965004  0.20445257  0.20823022  0.28766717
 0.29965004  0.20445257  0.20823022  0.28766717
 0.29965004  0.20445257  0.20823022  0.28766717
 0.29965004  0.20445257  0.20823022  0.28766717
 0.29965004  0.20445257  0.20823022  0.28766717
 0.29965004  0.20445257  0.20823022  0.28766717

MOTIF filter6 SOX2.NA AAAATTCAATTCATTAAAC
letter-probability matrix: alength= 4 w= 19 nsites= 277 E= 0
 0.36101083  0.18050542   0.2166065  0.24187726
  0.3728223  0.23344948  0.18466899  0.20905923
 0.40878378  0.16216216  0.14527027  0.28378378
 0.36038961  0.13961039  0.20779221  0.29220779
 0.25696594  0.17647059  0.15479876  0.41176471
 0.34883721  0.11918605   0.1627907  0.36918605
 0.14893617  0.44946809  0.05851064  0.34308511
 0.45742092  0.20924574  0.00729927  0.32603406
        1.0         0.0         0.0         0.0
        0.0         0.0         0.0         1.0
        0.0         0.0         0.0         1.0
 0.01528384  0.50436681  0.48034934         0.0
 0.90611354         0.0         0.0  0.09388646
 0.34497817  0.08515284  0.04585153  0.52401747
 0.33406114   0.1441048  0.12663755  0.39519651
 0.31728665  0.22100656  0.15317287  0.30853392
 0.33112583  0.16777042  0.20309051  0.29801325
 0.27578475  0.23542601  0.23991031  0.24887892
 0.24263039  0.28798186  0.20634921  0.26303855

MOTIF filter7 SOX2.NA GGTTTATTACCTGTGTGAA
letter-probability matrix: alength= 4 w= 19 nsites= 35 E= 0
 0.42857143         0.0  0.45714286  0.11428571
 0.11111111  0.02777778  0.69444444  0.16666667
       0.25        0.25  0.05555556  0.44444444
 0.33333333         0.0  0.11111111  0.55555556
 0.30555556  0.02777778  0.08333333  0.58333333
 0.41666667  0.13888889  0.08333333  0.36111111
 0.19444444  0.22222222         0.0  0.58333333
 0.33333333  0.11111111         0.0  0.55555556
 0.91666667         0.0  0.02777778  0.05555556
        0.0  0.88888889  0.02777778  0.08333333
        0.0  0.77777778         0.0  0.22222222
 0.08333333  0.05555556  0.08333333  0.77777778
 0.13888889         0.0  0.83333333  0.02777778
 0.11111111  0.13888889  0.08333333  0.66666667
 0.19444444  0.02777778  0.77777778         0.0
 0.02777778         0.0  0.30555556  0.66666667
 0.05555556  0.19444444        0.75         0.0
 0.91666667         0.0  0.08333333         0.0
       0.75  0.05555556  0.11111111  0.08333333

MOTIF filter8 SOX2.NA CGAGGAGAACAATGGAATC
letter-probability matrix: alength= 4 w= 19 nsites= 74 E= 0
 0.18918919  0.32432432  0.25675676  0.22972973
 0.27631579  0.15789474  0.39473684  0.17105263
 0.32926829  0.23170732  0.25609756  0.18292683
 0.29885057   0.2183908   0.4137931  0.06896552
 0.18681319  0.27472527  0.34065934   0.1978022
 0.40217391  0.20652174  0.31521739  0.07608696
 0.36170213  0.06382979  0.40425532  0.17021277
 0.71276596   0.0106383  0.25531915   0.0212766
        1.0         0.0         0.0         0.0
        0.0         1.0         0.0         0.0
        1.0         0.0         0.0         0.0
        1.0         0.0         0.0         0.0
 0.07446809         0.0         0.0  0.92553191
 0.17021277  0.13829787  0.59574468  0.09574468
 0.11827957  0.23655914  0.44086022  0.20430108
 0.33333333  0.20430108  0.23655914  0.22580645
 0.41935484  0.31182796  0.13978495  0.12903226
  0.1827957  0.29032258   0.1827957  0.34408602
 0.12903226  0.31182796  0.25806452  0.30107527

MOTIF filter9 SOX2.NA GTTATGAATTGAATTTATT
letter-probability matrix: alength= 4 w= 19 nsites= 245 E= 0
 0.27346939  0.17142857  0.28979592  0.26530612
 0.24489796   0.2244898  0.22040816  0.31020408
 0.18367347  0.19591837  0.30204082  0.31836735
 0.38367347  0.10204082  0.30612245  0.20816327
        0.0         0.0         0.0         1.0
 0.00408163         0.0  0.99591837         0.0
 0.89795918         0.0         0.0  0.10204082
        1.0         0.0         0.0         0.0
 0.00408163         0.0         0.0  0.99591837
 0.28095238         0.0  0.24761905  0.47142857
 0.29015544  0.06735751  0.49222798  0.15025907
 0.38728324  0.15028902  0.16763006  0.29479769
 0.37724551  0.13772455  0.21556886  0.26946108
 0.30573248  0.05732484  0.25477707  0.38216561
 0.24836601  0.15686275  0.15686275   0.4379085
 0.20666667  0.25333333        0.22        0.32
 0.30344828  0.12413793  0.29655172  0.27586207
 0.29166667  0.19444444  0.20138889      0.3125
 0.28358209  0.14925373   0.2761194  0.29104478

MOTIF filter10 SOX2.NA TCAATATTAGTCTTTTTTT
letter-probability matrix: alength= 4 w= 19 nsites= 4 E= 0
       0.25         0.0        0.25         0.5
        0.0        0.75        0.25         0.0
        1.0         0.0         0.0         0.0
        1.0         0.0         0.0         0.0
        0.0         0.0         0.0         1.0
       0.75         0.0        0.25         0.0
        0.0        0.25        0.25         0.5
       0.25        0.25         0.0         0.5
        0.5         0.0         0.5         0.0
        0.0        0.25         0.5        0.25
        0.0         0.0        0.25        0.75
        0.0         0.5         0.0         0.5
       0.25         0.0        0.25         0.5
        0.0         0.0         0.0         1.0
        0.0         0.0         0.0         1.0
        0.0         0.0         0.0         1.0
        0.0         0.0         0.0         1.0
        0.0         0.0         0.0         1.0
 0.33333333         0.0         0.0  0.66666667

MOTIF filter11 SOX2.NA GCACTTTCTATTGTTTTTC
letter-probability matrix: alength= 4 w= 19 nsites= 156 E= 0
       0.25  0.19871795   0.3525641  0.19871795
 0.17948718  0.28846154  0.26923077  0.26282051
 0.33333333  0.21794872  0.23717949  0.21153846
 0.23076923  0.30769231  0.21794872  0.24358974
 0.25641026  0.26282051  0.19871795  0.28205128
 0.21153846  0.20512821  0.22435897  0.35897436
 0.17834395  0.19745223  0.17197452   0.4522293
 0.14012739  0.38216561  0.22929936  0.24840764
 0.15822785  0.34810127  0.03164557  0.46202532
        1.0         0.0         0.0         0.0
        0.0         0.0         0.0         1.0
        0.0         0.0         0.0         1.0
        0.0         0.0         1.0         0.0
        0.0         0.0         0.0         1.0
  0.0443038  0.13924051  0.05063291  0.76582278
       0.25  0.25641026  0.16025641  0.33333333
 0.22875817  0.25490196  0.16993464  0.34640523
  0.2244898  0.21088435  0.21088435   0.3537415
 0.25531915  0.28368794  0.21985816  0.24113475

MOTIF filter12 SOX2.NA CATGCAAAACAATGGAATT
letter-probability matrix: alength= 4 w= 19 nsites= 125 E= 0
      0.232       0.296       0.184       0.288
   0.328125   0.1953125     0.28125   0.1953125
 0.17142857  0.27857143  0.22857143  0.32142857
 0.21088435  0.23129252  0.30612245  0.25170068
  0.2516129  0.27096774  0.22580645   0.2516129
 0.35151515         0.2         0.2  0.24848485
 0.41764706  0.07058824  0.28235294  0.22941176
 0.73529412  0.04705882  0.15294118  0.06470588
        1.0         0.0         0.0         0.0
        0.0         1.0         0.0         0.0
        1.0         0.0         0.0         0.0
        1.0         0.0         0.0         0.0
        0.0         0.0         0.0         1.0
 0.33529412  0.02352941  0.38235294  0.25882353
 0.27647059  0.14705882  0.41764706  0.15882353
 0.37647059  0.22352941  0.24117647  0.15882353
 0.30588235  0.22941176  0.22941176  0.23529412
 0.23529412  0.21176471  0.27058824  0.28235294
 0.24117647  0.22352941  0.24705882  0.28823529

MOTIF filter13 SOX2.NA AATTACAAAAAAGGGGGGA
letter-probability matrix: alength= 4 w= 19 nsites= 82 E= 0
 0.52439024  0.13414634  0.08536585  0.25609756
  0.4939759  0.06024096  0.08433735  0.36144578
 0.20481928  0.18072289  0.15662651  0.45783133
 0.30120482  0.10843373  0.21686747  0.37349398
 0.34939759  0.15662651  0.19277108  0.30120482
 0.27380952  0.35714286  0.20238095  0.16666667
  0.5952381  0.11904762  0.17857143  0.10714286
 0.39285714  0.27380952  0.16666667  0.16666667
 0.47619048  0.08333333  0.29761905  0.14285714
 0.38095238  0.16666667  0.33333333  0.11904762
 0.42857143   0.0952381  0.38095238   0.0952381
 0.45238095  0.05952381  0.38095238  0.10714286
 0.27380952  0.01190476  0.69047619  0.02380952
 0.04761905         0.0  0.95238095         0.0
 0.19047619  0.02380952  0.78571429         0.0
       0.25  0.01190476  0.72619048  0.01190476
 0.05952381         0.0  0.94047619         0.0
 0.34939759  0.01204819  0.43373494  0.20481928
 0.30120482  0.26506024  0.13253012  0.30120482

MOTIF filter14 SOX2.NA ATTCCCAGGGGGGATTTTT
letter-probability matrix: alength= 4 w= 19 nsites= 34931 E= 0
 0.31648106   0.2087544  0.18401992  0.29074461
 0.28883883  0.20260636  0.20058173  0.30797308
 0.24009894  0.23512353  0.16450118  0.36027635
 0.23688759  0.40310561  0.06276388  0.29724292
 0.20065539  0.52495833  0.04545326  0.22893302
 0.21610337  0.45655363  0.12303222  0.20431078
  0.3137168  0.31092809  0.22455628  0.15079882
 0.19262284  0.22995084   0.3329865  0.24443982
 0.25585866  0.22569499  0.36167836  0.15676799
 0.15499247  0.20699413  0.43548471  0.20252869
 0.14095302  0.26488776  0.43655165  0.15760757
 0.20036956  0.12297002  0.45588695  0.22077347
  0.2769969  0.16601038  0.41074921  0.14624351
 0.46284729  0.17432895  0.18188233  0.18094143
 0.27990769  0.19869408  0.19009283   0.3313054
 0.29534265  0.22812837  0.10975963  0.36676934
 0.25252552  0.25202306  0.20785952   0.2875919
 0.12734371  0.27407447   0.2382217  0.36036012
 0.20038957  0.15086586   0.2555434  0.39320116

MOTIF filter15 SOX2.NA GGCGGTTGGTGGGGGGGGG
letter-probability matrix: alength= 4 w= 19 nsites= 12 E= 0
 0.08333333         0.0  0.66666667        0.25
       0.25        0.25  0.33333333  0.16666667
        0.0  0.41666667        0.25  0.33333333
        0.0         0.0  0.66666667  0.33333333
 0.16666667         0.0        0.75  0.08333333
 0.33333333  0.08333333  0.16666667  0.41666667
 0.15384615         0.0  0.38461538  0.46153846
 0.07142857         0.0  0.64285714  0.28571429
        0.0  0.28571429  0.57142857  0.14285714
 0.21428571         0.0  0.28571429         0.5
 0.07142857         0.0  0.78571429  0.14285714
 0.21428571         0.0         0.5  0.28571429
 0.21428571         0.0  0.64285714  0.14285714
 0.14285714         0.0  0.64285714  0.21428571
        0.0         0.0         1.0         0.0
        0.0         0.0  0.64285714  0.35714286
 0.07142857         0.0  0.64285714  0.28571429
 0.14285714  0.07142857         0.5  0.28571429
 0.21428571         0.0  0.64285714  0.14285714
