MEME version 4

ALPHABET= ACGT

strands: + -

Background letter frequencies (from uniform background):
A 0.25000 C 0.25000 G 0.25000 T 0.25000

MOTIF filter0 SOX2.NA AGTTACCAACCCCCCCCCT
letter-probability matrix: alength= 4 w= 19 nsites= 51 E= 0
 0.41176471  0.11764706  0.23529412  0.23529412
 0.15686275  0.21568627  0.33333333  0.29411765
 0.26923077        0.25  0.19230769  0.28846154
 0.19230769  0.32692308  0.13461538  0.34615385
 0.41509434  0.22641509  0.11320755  0.24528302
 0.18181818         0.4  0.07272727  0.34545455
 0.26785714  0.32142857  0.10714286  0.30357143
 0.35714286  0.16071429  0.21428571  0.26785714
 0.39285714  0.08928571  0.17857143  0.33928571
 0.17857143  0.58928571  0.05357143  0.17857143
        0.0  0.98214286         0.0  0.01785714
 0.03571429        0.75         0.0  0.21428571
        0.0  0.91071429  0.01785714  0.07142857
        0.0  0.94642857         0.0  0.05357143
 0.01785714  0.78571429  0.01785714  0.17857143
 0.17857143         0.5  0.08928571  0.23214286
 0.17857143  0.44642857  0.10714286  0.26785714
 0.12962963  0.46296296  0.09259259  0.31481481
 0.25925926  0.27777778  0.11111111  0.35185185

MOTIF filter1 SOX2.NA AAAAGAGGGGGGGGGCCCC
letter-probability matrix: alength= 4 w= 19 nsites= 912 E= 0
  0.3377193  0.30482456  0.15789474   0.1995614
 0.52329361  0.23185265  0.10834236  0.13651138
 0.33547696   0.2357985  0.20471597  0.22400857
 0.37697994  0.12882788  0.32523759  0.16895459
 0.36020942  0.12565445  0.37486911  0.13926702
  0.4880333  0.11030177  0.30801249  0.09365245
 0.13871636  0.07867495  0.56728778  0.21532091
  0.3436214  0.14917695  0.41563786  0.09156379
 0.27374872  0.19611849  0.35240041  0.17773238
 0.26653103  0.20956256  0.39369278  0.13021363
 0.29035533  0.19390863  0.43350254   0.0822335
 0.07700101  0.32928065  0.52786221  0.06585613
 0.17122594  0.32522796  0.45997974  0.04356636
 0.31914894  0.24214792  0.38703141  0.05167173
 0.21073961  0.24620061  0.35967579  0.18338399
 0.07801418  0.52279635  0.24417427   0.1550152
 0.06281662  0.70820669  0.09625127  0.13272543
 0.01013171  0.63323202  0.06180344  0.29483283
 0.07606491  0.48478702  0.12373225  0.31541582

MOTIF filter2 SOX2.NA ATAAGAAAAAAGTTCCTTT
letter-probability matrix: alength= 4 w= 19 nsites= 30 E= 0
 0.46666667  0.23333333  0.03333333  0.26666667
 0.03333333         0.4         0.0  0.56666667
        0.5         0.0  0.13333333  0.36666667
        0.8         0.0  0.06666667  0.13333333
 0.06666667         0.1  0.66666667  0.16666667
 0.51612903  0.32258065         0.0  0.16129032
 0.70588235         0.0  0.29411765         0.0
 0.94871795         0.0  0.02564103  0.02564103
        0.5         0.0       0.075       0.425
 0.93478261  0.02173913  0.04347826         0.0
 0.44186047  0.04651163  0.27906977  0.23255814
 0.21621622  0.21621622  0.32432432  0.24324324
 0.06060606  0.45454545         0.0  0.48484848
        0.0  0.27586207         0.0  0.72413793
 0.03703704  0.48148148  0.22222222  0.25925926
 0.07692308  0.76923077  0.15384615         0.0
       0.16        0.28        0.04        0.52
        0.0        0.24        0.04        0.72
       0.24        0.12         0.0        0.64

MOTIF filter3 SOX2.NA CACCCAGGGGGGACAAGAG
letter-probability matrix: alength= 4 w= 19 nsites= 67 E= 0
 0.14925373  0.44776119  0.32835821  0.07462687
 0.37313433  0.32835821  0.23880597  0.05970149
 0.11940299  0.74626866  0.04477612  0.08955224
 0.25373134  0.71641791         0.0  0.02985075
 0.10447761   0.8358209         0.0  0.05970149
 0.49253731  0.23880597  0.17910448  0.08955224
 0.11940299   0.1641791  0.53731343  0.17910448
 0.07462687   0.2238806  0.59701493  0.10447761
 0.17910448  0.08955224  0.68656716  0.04477612
 0.02985075  0.01492537  0.85074627  0.10447761
  0.2238806  0.02985075  0.73134328  0.01492537
 0.23880597  0.08955224  0.53731343  0.13432836
 0.35820896  0.23880597  0.20895522  0.19402985
 0.11940299  0.52238806  0.20895522  0.14925373
 0.32835821  0.28358209  0.25373134  0.13432836
 0.43283582  0.02985075  0.40298507  0.13432836
 0.16666667  0.16666667  0.42424242  0.24242424
 0.33846154  0.27692308  0.13846154  0.24615385
 0.32307692  0.13846154  0.36923077  0.16923077

MOTIF filter4 SOX2.NA AATTATCTAAGAGGTGTGT
letter-probability matrix: alength= 4 w= 19 nsites= 1264 E= 0
 0.61787975  0.01582278  0.18591772  0.18037975
 0.61453397  0.01184834  0.35308057  0.02053712
   0.007109  0.08846761  0.21800948   0.6864139
 0.34030418  0.19771863   0.1026616  0.35931559
      0.375  0.06578947  0.32236842  0.23684211
 0.10526316  0.17434211  0.05921053  0.66118421
        0.0  0.80511182  0.03833866  0.15654952
        0.0  0.42675159  0.02229299  0.55095541
 0.47648903  0.31661442  0.09090909  0.11598746
 0.56363636  0.03333333  0.08181818  0.32121212
 0.34782609  0.00621118  0.48136646  0.16459627
 0.38535032  0.17834395  0.25796178  0.17834395
  0.0398773  0.24846626  0.40184049  0.30981595
 0.01612903  0.29032258  0.50268817  0.19086022
        0.0  0.33333333  0.23544974  0.43121693
 0.00260417  0.28645833   0.5234375      0.1875
 0.04712042  0.07329843  0.28272251  0.59685864
 0.08201058  0.14814815  0.75396825  0.01587302
 0.03773585  0.05121294  0.08086253  0.83018868

MOTIF filter5 SOX2.NA AAAAAAAAAAAAAAAAAAA
letter-probability matrix: alength= 4 w= 19 nsites= 316980 E= 0
 0.29977601   0.2042621  0.20815824  0.28780365
 0.29977601   0.2042621  0.20815824  0.28780365
 0.29977601   0.2042621  0.20815824  0.28780365
 0.29977601   0.2042621  0.20815824  0.28780365
 0.29977601   0.2042621  0.20815824  0.28780365
 0.29977601   0.2042621  0.20815824  0.28780365
 0.29977601   0.2042621  0.20815824  0.28780365
 0.29977601   0.2042621  0.20815824  0.28780365
 0.29977601   0.2042621  0.20815824  0.28780365
 0.29977601   0.2042621  0.20815824  0.28780365
 0.29977601   0.2042621  0.20815824  0.28780365
 0.29977601   0.2042621  0.20815824  0.28780365
 0.29977601   0.2042621  0.20815824  0.28780365
 0.29977601   0.2042621  0.20815824  0.28780365
 0.29977601   0.2042621  0.20815824  0.28780365
 0.29977601   0.2042621  0.20815824  0.28780365
 0.29977601   0.2042621  0.20815824  0.28780365
 0.29977601   0.2042621  0.20815824  0.28780365
 0.29977601   0.2042621  0.20815824  0.28780365

MOTIF filter6 SOX2.NA AAAATTCAATTGATTAAAC
letter-probability matrix: alength= 4 w= 19 nsites= 279 E= 0
 0.34767025  0.18996416  0.22222222  0.24014337
 0.37370242  0.24221453    0.183391  0.20069204
 0.40604027  0.17449664   0.1442953  0.27516779
 0.36451613  0.14193548  0.20967742  0.28387097
 0.25460123  0.17484663  0.15337423  0.41717791
 0.34393064  0.12138728  0.16184971  0.37283237
 0.14550265  0.45238095  0.06084656  0.34126984
 0.46829268  0.20487805  0.00731707   0.3195122
        1.0         0.0         0.0         0.0
        0.0         0.0         0.0         1.0
        0.0         0.0         0.0         1.0
 0.01746725  0.48908297  0.49344978         0.0
 0.90611354         0.0         0.0  0.09388646
  0.3580786  0.08515284  0.04366812  0.51310044
 0.32969432  0.13973799  0.12882096  0.40174672
 0.31728665   0.2166302  0.15536105   0.3107221
 0.33333333  0.16997792   0.1986755  0.29801325
 0.27130045  0.23318386  0.23991031  0.25560538
 0.24318182  0.29318182  0.20454545  0.25909091

MOTIF filter7 SOX2.NA GGTTTATTACCTGTGTGAA
letter-probability matrix: alength= 4 w= 19 nsites= 34 E= 0
 0.38235294         0.0         0.5  0.11764706
 0.08571429  0.02857143  0.71428571  0.17142857
 0.25714286  0.25714286  0.02857143  0.45714286
 0.31428571         0.0  0.11428571  0.57142857
 0.31428571  0.02857143  0.08571429  0.57142857
        0.4  0.14285714  0.08571429  0.37142857
        0.2  0.25714286         0.0  0.54285714
 0.31428571  0.11428571         0.0  0.57142857
 0.91428571         0.0  0.02857143  0.05714286
        0.0  0.88571429  0.02857143  0.08571429
        0.0  0.77142857         0.0  0.22857143
 0.08571429  0.05714286  0.08571429  0.77142857
 0.14285714         0.0  0.82857143  0.02857143
 0.11428571  0.14285714  0.08571429  0.65714286
        0.2  0.02857143  0.77142857         0.0
 0.02857143         0.0  0.31428571  0.65714286
 0.05714286         0.2  0.74285714         0.0
 0.91428571         0.0  0.08571429         0.0
 0.74285714  0.05714286  0.11428571  0.08571429

MOTIF filter8 SOX2.NA CGAGGAGAACAATGGAATC
letter-probability matrix: alength= 4 w= 19 nsites= 74 E= 0
 0.17567568  0.32432432  0.27027027  0.22972973
 0.27631579  0.17105263  0.38157895  0.17105263
 0.34146341  0.23170732  0.25609756  0.17073171
 0.28735632  0.22988506   0.4137931  0.06896552
 0.17582418  0.28571429  0.35164835  0.18681319
 0.40217391   0.2173913  0.30434783  0.07608696
 0.37234043  0.06382979  0.39361702  0.17021277
 0.72340426   0.0106383  0.24468085   0.0212766
        1.0         0.0         0.0         0.0
        0.0         1.0         0.0         0.0
        1.0         0.0         0.0         0.0
        1.0         0.0         0.0         0.0
 0.08510638         0.0         0.0  0.91489362
 0.17021277  0.13829787  0.59574468  0.09574468
 0.12903226  0.23655914  0.44086022  0.19354839
 0.34408602  0.20430108  0.24731183  0.20430108
 0.40860215  0.32258065  0.13978495  0.12903226
  0.1827957  0.27956989  0.19354839  0.34408602
 0.11827957  0.33333333  0.24731183  0.30107527

MOTIF filter9 SOX2.NA GTTATGAATTGAATTTATT
letter-probability matrix: alength= 4 w= 19 nsites= 237 E= 0
 0.27004219  0.17721519  0.29113924  0.26160338
 0.24894515  0.21518987  0.22362869  0.31223629
 0.18987342  0.19409283  0.29957806   0.3164557
 0.38818565  0.10126582  0.30801688  0.20253165
        0.0         0.0         0.0         1.0
 0.00421941         0.0  0.99578059         0.0
 0.90295359         0.0         0.0  0.09704641
        1.0         0.0         0.0         0.0
 0.00421941         0.0         0.0  0.99578059
 0.29268293         0.0  0.23902439  0.46829268
 0.30319149  0.06914894  0.48404255  0.14361702
 0.37869822  0.14792899  0.17159763  0.30177515
  0.3803681  0.13496933   0.2208589  0.26380368
 0.30718954  0.06535948  0.24836601  0.37908497
 0.23489933  0.16107383  0.16107383  0.44295302
 0.19863014  0.26027397  0.21917808  0.32191781
 0.30985915  0.11971831   0.3028169  0.26760563
 0.30496454  0.18439716  0.19148936  0.31914894
 0.27480916  0.15267176  0.27480916  0.29770992

MOTIF filter10 SOX2.NA TCAATATTAGTCTTTTTTT
letter-probability matrix: alength= 4 w= 19 nsites= 4 E= 0
       0.25         0.0        0.25         0.5
        0.0        0.75        0.25         0.0
        1.0         0.0         0.0         0.0
        1.0         0.0         0.0         0.0
        0.0         0.0         0.0         1.0
       0.75         0.0        0.25         0.0
        0.0        0.25        0.25         0.5
       0.25        0.25         0.0         0.5
        0.5         0.0         0.5         0.0
        0.0        0.25         0.5        0.25
        0.0         0.0        0.25        0.75
        0.0         0.5         0.0         0.5
       0.25         0.0        0.25         0.5
        0.0         0.0         0.0         1.0
        0.0         0.0         0.0         1.0
        0.0         0.0         0.0         1.0
        0.0         0.0         0.0         1.0
        0.0         0.0         0.0         1.0
 0.33333333         0.0         0.0  0.66666667

MOTIF filter11 SOX2.NA GCACTTTCTATTGTTTTTC
letter-probability matrix: alength= 4 w= 19 nsites= 162 E= 0
 0.25308642  0.19135802  0.35802469  0.19753086
 0.19753086  0.27777778  0.25925926   0.2654321
 0.32716049  0.22222222  0.24074074  0.20987654
 0.22222222  0.30246914  0.22222222  0.25308642
 0.25308642  0.25925926  0.20987654  0.27777778
 0.20987654   0.2037037   0.2345679  0.35185185
 0.17791411  0.19018405  0.16564417  0.46625767
 0.14110429   0.3803681  0.23312883  0.24539877
 0.15243902  0.35365854   0.0304878  0.46341463
        1.0         0.0         0.0         0.0
        0.0         0.0         0.0         1.0
        0.0         0.0         0.0         1.0
        0.0         0.0         1.0         0.0
        0.0         0.0         0.0         1.0
 0.05487805   0.1402439  0.04878049  0.75609756
 0.24691358  0.27160494  0.14814815  0.33333333
 0.22012579  0.25786164  0.16981132  0.35220126
 0.21568627  0.20915033  0.21568627  0.35947712
 0.24489796  0.28571429  0.21768707  0.25170068

MOTIF filter12 SOX2.NA CATGCAAAACAATGGAATT
letter-probability matrix: alength= 4 w= 19 nsites= 125 E= 0
      0.224       0.296       0.192       0.288
   0.328125      0.1875     0.28125    0.203125
 0.17142857  0.27857143  0.22857143  0.32142857
 0.21088435   0.2244898  0.31292517  0.25170068
  0.2516129  0.27096774  0.23225806  0.24516129
 0.35151515         0.2         0.2  0.24848485
  0.4260355  0.07100592  0.27810651  0.22485207
 0.73372781  0.04733728  0.15384615  0.06508876
        1.0         0.0         0.0         0.0
        0.0         1.0         0.0         0.0
        1.0         0.0         0.0         0.0
        1.0         0.0         0.0         0.0
        0.0         0.0         0.0         1.0
 0.33727811  0.02366864  0.37869822  0.26035503
 0.27810651  0.14792899  0.42011834  0.15384615
 0.37278107  0.22485207  0.24260355  0.15976331
 0.30177515  0.23668639  0.22485207  0.23668639
 0.23076923  0.21893491  0.26627219  0.28402367
 0.24260355  0.23076923  0.24260355  0.28402367

MOTIF filter13 SOX2.NA AATTACAAAGAAGGGGGGA
letter-probability matrix: alength= 4 w= 19 nsites= 76 E= 0
 0.52631579  0.13157895  0.09210526        0.25
 0.55128205  0.05128205  0.06410256  0.33333333
 0.21794872  0.17948718  0.16666667  0.43589744
 0.29487179   0.1025641  0.21794872  0.38461538
 0.37179487  0.12820513  0.20512821  0.29487179
 0.29113924  0.34177215  0.20253165  0.16455696
 0.58227848  0.10126582  0.20253165  0.11392405
 0.40506329  0.24050633  0.18987342  0.16455696
 0.48101266  0.07594937  0.30379747  0.13924051
 0.34177215  0.17721519  0.35443038  0.12658228
 0.41772152  0.10126582  0.35443038  0.12658228
 0.44303797  0.06329114  0.36708861  0.12658228
 0.25316456  0.01265823  0.70886076  0.02531646
 0.05063291  0.01265823  0.93670886         0.0
 0.16455696  0.03797468  0.79746835         0.0
 0.27848101  0.01265823  0.69620253  0.01265823
 0.06329114         0.0  0.93670886         0.0
 0.32911392         0.0  0.44303797   0.2278481
 0.32911392  0.26582278  0.11392405  0.29113924

MOTIF filter14 SOX2.NA ATTCCCAGGGGGGATTTTT
letter-probability matrix: alength= 4 w= 19 nsites= 34507 E= 0
 0.31590692  0.20897209  0.18500594  0.29011505
 0.29004042  0.20210739  0.20190531  0.30594688
 0.24132969  0.23540078  0.16505972  0.35820981
 0.23830153  0.40304117  0.06320471  0.29545259
 0.20108711  0.52538979  0.04534401  0.22817909
 0.21667952  0.45678695  0.12282506  0.20370847
  0.3135061  0.31044493  0.22547105  0.15057793
 0.19170398  0.22954964  0.33407954  0.24466684
 0.25543778  0.22550696  0.36224718  0.15680808
  0.1542201  0.20722094  0.43506937  0.20348959
  0.1408284  0.26511506  0.43576594   0.1582906
 0.20078491  0.12358426  0.45556551  0.22006532
 0.27786868  0.16644674  0.41011295  0.14557162
 0.46324755    0.174756  0.18147433  0.18052213
 0.27956047  0.19975051  0.18995674  0.33073228
 0.29468663  0.22950863  0.10914517  0.36665956
 0.25151272  0.25239625  0.20797858  0.28811245
 0.12649582  0.27412806  0.23820152   0.3611746
 0.19943266  0.14985817  0.25708497  0.39362421

MOTIF filter15 SOX2.NA GGCGGTTGGTGGGGGGGGG
letter-probability matrix: alength= 4 w= 19 nsites= 12 E= 0
 0.08333333         0.0  0.66666667        0.25
       0.25        0.25  0.33333333  0.16666667
        0.0  0.41666667        0.25  0.33333333
        0.0         0.0  0.66666667  0.33333333
 0.16666667         0.0        0.75  0.08333333
 0.33333333  0.08333333  0.16666667  0.41666667
 0.15384615         0.0  0.38461538  0.46153846
 0.07142857         0.0  0.64285714  0.28571429
        0.0  0.28571429  0.57142857  0.14285714
 0.21428571         0.0  0.28571429         0.5
 0.07142857         0.0  0.78571429  0.14285714
 0.21428571         0.0         0.5  0.28571429
 0.21428571         0.0  0.64285714  0.14285714
 0.14285714         0.0  0.64285714  0.21428571
        0.0         0.0         1.0         0.0
        0.0         0.0  0.64285714  0.35714286
 0.07142857         0.0  0.64285714  0.28571429
 0.14285714  0.07142857         0.5  0.28571429
 0.21428571         0.0  0.64285714  0.14285714
