>ACCCCATCTCTA	10-TAGAGATGGGGT	9.845192	-1935.235783	0	T:1559.0(5.52%),B:243.5(0.21%),P:1e-840
0.763	0.062	0.147	0.028
0.063	0.741	0.041	0.155
0.032	0.744	0.014	0.210
0.047	0.749	0.001	0.203
0.018	0.700	0.027	0.255
0.565	0.027	0.355	0.053
0.037	0.023	0.186	0.754
0.009	0.891	0.023	0.077
0.001	0.032	0.001	0.966
0.001	0.804	0.109	0.086
0.133	0.071	0.009	0.787
0.736	0.051	0.167	0.046
