>SGGAGGCWGRGG	1-SGGAGGCWGRGG,BestGuess:ZNF460/MA1596.1/Jaspar(0.816)	5.734583	-3103.182538	0	T:13318.0(47.13%),B:26969.9(22.93%),P:1e-1347
0.165	0.368	0.284	0.183
0.172	0.152	0.471	0.206
0.047	0.220	0.730	0.003
0.781	0.004	0.112	0.103
0.089	0.001	0.902	0.008
0.205	0.063	0.710	0.022
0.059	0.773	0.086	0.082
0.361	0.061	0.077	0.501
0.043	0.059	0.897	0.001
0.432	0.075	0.451	0.043
0.363	0.009	0.618	0.010
0.195	0.106	0.569	0.130
