>NCCCAGCTSCTB	3-NCCCAGCTSCTB	6.059175	-2839.005076	0	T:11253.0(39.82%),B:21194.8(18.02%),P:1e-1232
0.243	0.295	0.170	0.292
0.150	0.549	0.154	0.147
0.264	0.485	0.015	0.236
0.018	0.980	0.001	0.001
0.727	0.001	0.001	0.271
0.002	0.325	0.641	0.032
0.047	0.726	0.070	0.157
0.380	0.020	0.002	0.598
0.105	0.333	0.424	0.138
0.051	0.774	0.030	0.145
0.269	0.169	0.001	0.561
0.050	0.343	0.346	0.261
