>RRAVCWGSCWGB	4-VCWGSCWGBTYY	5.211570	-2694.634337	0	T:16079.0(56.90%),B:38847.0(33.02%),P:1e-1170
0.395	0.082	0.304	0.219
0.323	0.258	0.415	0.004
0.434	0.209	0.265	0.092
0.324	0.325	0.312	0.040
0.391	0.607	0.001	0.001
0.551	0.001	0.001	0.447
0.024	0.132	0.657	0.187
0.130	0.444	0.334	0.092
0.230	0.714	0.001	0.055
0.476	0.001	0.001	0.522
0.001	0.032	0.679	0.288
0.162	0.255	0.317	0.266
