>AGAVAGAGAGAG	11-AGAVAGAGAGAG,BestGuess:BPC6(BBRBPC)/col-BPC6-DAP-Seq(GSE60143)/Homer(0.869)	5.574555	-1893.036093	0	T:14686.0(51.97%),B:37779.1(32.11%),P:1e-822
0.612	0.001	0.073	0.314
0.103	0.259	0.634	0.004
0.842	0.001	0.102	0.055
0.313	0.272	0.414	0.001
0.976	0.001	0.012	0.011
0.211	0.193	0.595	0.001
0.693	0.051	0.046	0.210
0.214	0.147	0.638	0.001
0.807	0.034	0.052	0.107
0.354	0.139	0.505	0.002
0.960	0.001	0.002	0.037
0.267	0.250	0.431	0.052
