>CTCTCTCTBTCT	11-AGAVAGAGAGAG	5.574555	-1893.036093	0	T:14686.0(51.97%),B:37779.1(32.11%),P:1e-822
0.052	0.431	0.250	0.267
0.037	0.002	0.001	0.960
0.002	0.505	0.139	0.354
0.107	0.052	0.034	0.807
0.001	0.638	0.147	0.214
0.210	0.046	0.051	0.693
0.001	0.595	0.193	0.211
0.011	0.012	0.001	0.976
0.001	0.414	0.272	0.313
0.055	0.102	0.001	0.842
0.004	0.634	0.259	0.103
0.314	0.073	0.001	0.612
