>CACACACACACA	23-CACACACACACA,BestGuess:SeqBias: CA-repeat(0.922)	11.734385	-564.510598	0	T:411.0(1.45%),B:36.0(0.03%),P:1e-245
0.094	0.770	0.053	0.083
0.777	0.064	0.090	0.069
0.077	0.791	0.055	0.077
0.858	0.023	0.084	0.035
0.001	0.863	0.040	0.096
0.941	0.001	0.057	0.001
0.004	0.855	0.028	0.113
0.938	0.005	0.056	0.001
0.031	0.848	0.045	0.076
0.851	0.035	0.093	0.021
0.092	0.749	0.089	0.070
0.756	0.099	0.052	0.093
