>WWWWAAAAAAAW	19-WWWWAAAAAAAW	9.084518	-1166.821449	0	T:3950.0(13.98%),B:6090.3(5.18%),P:1e-506
0.535	0.001	0.001	0.463
0.509	0.001	0.001	0.489
0.543	0.001	0.001	0.455
0.533	0.001	0.001	0.465
0.664	0.001	0.001	0.334
0.764	0.001	0.001	0.234
0.795	0.001	0.001	0.203
0.760	0.001	0.001	0.238
0.739	0.001	0.001	0.259
0.647	0.001	0.001	0.351
0.594	0.001	0.001	0.404
0.492	0.001	0.001	0.506
