>AAAAAAAAAAAA	9-AAAAAAAAAAAA,BestGuess:VRN1(ABI3VP1)/col-VRN1-DAP-Seq(GSE60143)/Homer(0.912)	10.286550	-2071.366669	0	T:3341.0(11.82%),B:2628.6(2.23%),P:1e-899
0.819	0.048	0.006	0.127
0.819	0.120	0.005	0.056
0.878	0.068	0.023	0.031
0.851	0.073	0.028	0.048
0.783	0.076	0.023	0.118
0.796	0.068	0.023	0.113
0.838	0.128	0.020	0.014
0.795	0.161	0.025	0.019
0.876	0.070	0.026	0.028
0.871	0.053	0.037	0.039
0.826	0.049	0.065	0.060
0.850	0.060	0.039	0.051
