>CRYRCCACTGCA	18-CRYRCCACTGCA	9.508989	-1275.491148	0	T:1010.0(3.57%),B:142.3(0.12%),P:1e-553
0.068	0.475	0.164	0.293
0.336	0.095	0.417	0.153
0.101	0.492	0.039	0.369
0.375	0.039	0.462	0.124
0.036	0.751	0.151	0.062
0.046	0.831	0.009	0.114
0.728	0.082	0.115	0.075
0.023	0.746	0.047	0.184
0.114	0.054	0.030	0.802
0.086	0.044	0.850	0.020
0.058	0.731	0.058	0.153
0.787	0.053	0.052	0.108
