>TGTGTGTGTGTG	23-CACACACACACA	11.734385	-564.510598	0	T:411.0(1.45%),B:36.0(0.03%),P:1e-245
0.093	0.052	0.099	0.756
0.070	0.089	0.749	0.092
0.021	0.093	0.035	0.851
0.076	0.045	0.848	0.031
0.001	0.056	0.005	0.938
0.113	0.028	0.855	0.004
0.001	0.057	0.001	0.941
0.096	0.040	0.863	0.001
0.035	0.084	0.023	0.858
0.077	0.055	0.791	0.077
0.069	0.090	0.064	0.777
0.083	0.053	0.770	0.094
