>CCYCWGCCTCCS	1-SGGAGGCWGRGG	5.734583	-3103.182538	0	T:13318.0(47.13%),B:26969.9(22.93%),P:1e-1347
0.130	0.569	0.106	0.195
0.010	0.618	0.009	0.363
0.043	0.451	0.075	0.432
0.001	0.897	0.059	0.043
0.501	0.077	0.061	0.361
0.082	0.086	0.773	0.059
0.022	0.710	0.063	0.205
0.008	0.902	0.001	0.089
0.103	0.112	0.004	0.781
0.003	0.730	0.220	0.047
0.206	0.471	0.152	0.172
0.183	0.284	0.368	0.165
