<!DOCTYPE HTML>
<html>
  <head>
    <meta charset="UTF-8">
    <title>TOMTOM</title>
    <script>
      // @JSON_VAR data
      var data = {
        "program": "Tomtom",
        "version": "5.3.0",
        "release": "Wed Nov 25 19:19:29 2020 -0800",
        "cmd": [
          "tomtom", "-o", "./Tomtom/2_PAD114_vs._JASPAR2020",
          "./2_PAD114_IRF4_hg38/motifs/filters.meme",
          "./Tomtom/JASPAR2020_CORE_vertebrates_non-redundant_pfms_meme.txt"
        ],
        "options": {
          "strands": "both",
          "distance_measure": "ed",
          "threshold_type": "qvalue",
          "threshold_value": 0.5,
          "background_source": "--query--"
        },
        "alphabet": {
          "name": "DNA",
          "like": "dna",
          "ncore": 4,
          "symbols": [
            {
              "symbol": "A",
              "name": "Adenine",
              "colour": "CC0000",
              "complement": "T"
            }, {
              "symbol": "C",
              "name": "Cytosine",
              "colour": "0000CC",
              "complement": "G"
            }, {
              "symbol": "G",
              "name": "Guanine",
              "colour": "FFB300",
              "complement": "C"
            }, {
              "symbol": "T",
              "aliases": "U",
              "name": "Thymine",
              "colour": "008000",
              "complement": "A"
            }, {
              "symbol": "N",
              "aliases": "X.",
              "name": "Any base",
              "equals": "ACGT"
            }, {
              "symbol": "V",
              "name": "Not T",
              "equals": "ACG"
            }, {
              "symbol": "H",
              "name": "Not G",
              "equals": "ACT"
            }, {
              "symbol": "D",
              "name": "Not C",
              "equals": "AGT"
            }, {
              "symbol": "B",
              "name": "Not A",
              "equals": "CGT"
            }, {
              "symbol": "M",
              "name": "Amino",
              "equals": "AC"
            }, {
              "symbol": "R",
              "name": "Purine",
              "equals": "AG"
            }, {
              "symbol": "W",
              "name": "Weak",
              "equals": "AT"
            }, {
              "symbol": "S",
              "name": "Strong",
              "equals": "CG"
            }, {
              "symbol": "Y",
              "name": "Pyrimidine",
              "equals": "CT"
            }, {
              "symbol": "K",
              "name": "Keto",
              "equals": "GT"
            }
          ]
        },
        "background": [0.25, 0.25, 0.25, 0.25],
        "query_dbs": [
          {
            "source": "./2_PAD114_IRF4_hg38/motifs/filters.meme",
            "name": "filters",
            "loaded": 16,
            "excluded": 0,
            "last_modified": "Mon Sep 20 09:40:10 2021"
          }
        ],
        "target_dbs": [
          {
            "source": "./Tomtom/JASPAR2020_CORE_vertebrates_non-redundant_pfms_meme.txt",
            "name": "JASPAR2020_CORE_vertebrates_non-redundant_pfms_meme.txt",
            "loaded": 746,
            "excluded": 0,
            "last_modified": "Thu Oct  1 07:12:36 2020"
          }
        ],
        "queries": [
          {
            "db": 0,
            "id": "filter0",
            "alt": "2_PAD114_IRF4_hg38",
            "len": 19,
            "nsites": 31312,
            "pwm": [
              [0.162526, 0.155787, 0.535097, 0.14659], 
              [0.104892, 0.237166, 0.598538, 0.0594034], 
              [0.263068, 0.275828, 0.190929, 0.270175], 
              [0.156519, 0.238039, 0.523609, 0.0818341], 
              [0.175325, 0.109963, 0.558031, 0.156681], 
              [0.162823, 0.464255, 0.28521, 0.0877122], 
              [0.207755, 0.300889, 0.450268, 0.0410885], 
              [0.0251591, 0.413729, 0.555298, 0.00581366], 
              [0.654847, 0.225374, 0.0319558, 0.0878232], 
              [0.0595657, 0.00533771, 0.923471, 0.0116255], 
              [0.120253, 0.0712319, 0.793667, 0.0148483], 
              [0.328033, 0.292274, 0.274226, 0.105467], 
              [0.373306, 0.123054, 0.276363, 0.227277], 
              [0.0585601, 0.0269904, 0.843839, 0.0706101], 
              [0.0635465, 0.451138, 0.311288, 0.174027], 
              [0.202077, 0.199666, 0.344386, 0.253871], 
              [0.0391605, 0.232202, 0.654097, 0.0745405], 
              [0.144919, 0.210101, 0.456617, 0.188363], 
              [0.204612, 0.158491, 0.523965, 0.112932]
            ]
          }, {
            "db": 0,
            "id": "filter1",
            "alt": "2_PAD114_IRF4_hg38",
            "len": 19,
            "nsites": 27909,
            "pwm": [
              [0.599232, 0.18331, 0.143682, 0.0737761], 
              [0.543715, 0.15677, 0.205981, 0.0935342], 
              [0.325962, 0.260976, 0.152121, 0.260941], 
              [0.309328, 0.33848, 0.283639, 0.0685519], 
              [0.451474, 0.0687414, 0.166667, 0.313117], 
              [0.387327, 0.0718646, 0.0260223, 0.514786], 
              [0.109511, 0.729062, 0.157097, 0.00433003], 
              [0.479745, 0.123563, 0.072073, 0.324619], 
              [0.624482, 0.0452238, 0.000895713, 0.329398], 
              [0.48916, 0.129009, 0.340124, 0.0417076], 
              [0.675994, 0.0100184, 0.262487, 0.0514999], 
              [0.710328, 0.0490437, 0.226522, 0.0141067], 
              [0.0536203, 0.295409, 0.153565, 0.497406], 
              [0.176198, 0.28866, 0.0820689, 0.453073], 
              [0.258599, 0.181711, 0.350601, 0.209089], 
              [0.33802, 0.0698879, 0.406306, 0.185786], 
              [0.430006, 0.106962, 0.314815, 0.148218], 
              [0.223637, 0.165962, 0.48127, 0.129132], 
              [0.294314, 0.17448, 0.169736, 0.36147]
            ]
          }, {
            "db": 0,
            "id": "filter10",
            "alt": "2_PAD114_IRF4_hg38",
            "len": 19,
            "nsites": 7117,
            "pwm": [
              [0.277785, 0.21821, 0.228748, 0.275256], 
              [0.304778, 0.241476, 0.243572, 0.210174], 
              [0.287418, 0.252323, 0.210848, 0.24941], 
              [0.334759, 0.254003, 0.135562, 0.275676], 
              [0.322124, 0.278067, 0.130938, 0.268872], 
              [0.329878, 0.26033, 0.165691, 0.244102], 
              [0.239131, 0.277717, 0.150817, 0.332336], 
              [0.248615, 0.198352, 0.228618, 0.324415], 
              [0.245829, 0.196314, 0.361274, 0.196583], 
              [0.543224, 0.114831, 0.000271179, 0.341674], 
              [0.795802, 0.00600904, 0.174297, 0.0238921], 
              [0.816552, 0.0780109, 0.105433, 3.51267e-06], 
              [3.51267e-06, 0.999989, 3.51267e-06, 3.51267e-06], 
              [3.51267e-06, 0.999856, 3.51267e-06, 0.000136631], 
              [0.874193, 0.0323513, 0.042069, 0.0513872], 
              [0.0012035, 0.967323, 0.00933671, 0.0221365], 
              [0.826207, 0.0756484, 0.0219606, 0.076184], 
              [0.320914, 0.0821812, 0.365701, 0.231204], 
              [0.338377, 0.279459, 0.166893, 0.215271]
            ]
          }, {
            "db": 0,
            "id": "filter11",
            "alt": "2_PAD114_IRF4_hg38",
            "len": 19,
            "nsites": 18982,
            "pwm": [
              [0.14066, 0.170267, 0.457432, 0.231641], 
              [0.20495, 0.185683, 0.397681, 0.211686], 
              [0.438177, 0.217168, 0.241003, 0.103651], 
              [0.131127, 0.275112, 0.33972, 0.254041], 
              [0.252143, 0.175607, 0.28402, 0.288229], 
              [0.177232, 0.150276, 0.428301, 0.244191], 
              [1.31703e-06, 0.993261, 0.000912892, 0.00582525], 
              [0.504935, 0.251835, 0.0899203, 0.153309], 
              [0.643433, 0.108261, 0.00339233, 0.244913], 
              [0.622025, 0.0564339, 0.0277874, 0.293754], 
              [0.675929, 0.222509, 0.0413134, 0.0602481], 
              [0.515745, 0.179523, 0.301435, 0.00329761], 
              [0.546162, 0.0621983, 0.350904, 0.0407352], 
              [0.504073, 0.0763681, 0.214546, 0.205013], 
              [0.0756056, 0.223623, 0.339577, 0.361193], 
              [0.142497, 0.142187, 0.225868, 0.489448], 
              [0.143102, 0.079467, 0.37736, 0.400072], 
              [0.250974, 0.137745, 0.169481, 0.4418], 
              [0.217373, 0.17076, 0.264352, 0.347515]
            ]
          }, {
            "db": 0,
            "id": "filter12",
            "alt": "2_PAD114_IRF4_hg38",
            "len": 19,
            "nsites": 1667,
            "pwm": [
              [0.230955, 0.0665977, 0.0635985, 0.638849], 
              [0.155601, 0.0813985, 0.208261, 0.554739], 
              [0.0810107, 0.010735, 0.3907, 0.517554], 
              [0.104336, 0.112634, 0.772938, 0.0100915], 
              [1.49961e-05, 1.49961e-05, 0.0810752, 0.918895], 
              [1.49961e-05, 1.49961e-05, 0.000606681, 0.999363], 
              [0.0171737, 0.0136236, 0.969188, 1.49961e-05], 
              [0.00119836, 0.544361, 0.117168, 0.337273], 
              [0.435492, 0.348515, 0.155627, 0.0603664], 
              [0.292897, 0.374549, 0.113026, 0.219528], 
              [0.191354, 0.576995, 0.170621, 0.0610303], 
              [0.234598, 0.441339, 0.0918341, 0.232229], 
              [0.260225, 0.493761, 0.0681793, 0.177835], 
              [0.349135, 0.338465, 0.140493, 0.171907], 
              [0.462576, 0.191215, 0.0683007, 0.277908], 
              [0.391063, 0.308925, 0.119055, 0.180957], 
              [0.371096, 0.159478, 0.109121, 0.360305], 
              [0.205317, 0.399146, 0.157614, 0.237923], 
              [0.266182, 0.168789, 0.191171, 0.373858]
            ]
          }, {
            "db": 0,
            "id": "filter13",
            "alt": "2_PAD114_IRF4_hg38",
            "len": 19,
            "nsites": 1382,
            "pwm": [
              [0.390728, 0.0166594, 0.533988, 0.0586246], 
              [0.260806, 0.0389202, 0.679364, 0.0209099], 
              [0.133531, 0.228695, 0.198157, 0.439617], 
              [0.228892, 0.111664, 0.653844, 0.00560037], 
              [0.0328026, 0.680297, 0.255464, 0.0314366], 
              [0.379705, 0.339395, 0.00781986, 0.27308], 
              [1.80884e-05, 0.999946, 1.80884e-05, 1.80884e-05], 
              [1.80884e-05, 0.619798, 1.80884e-05, 0.380166], 
              [0.0552211, 0.837473, 0.0552211, 0.0520846], 
              [0.122343, 0.688174, 0.0941142, 0.0953688], 
              [0.0131915, 0.130498, 1.80884e-05, 0.856292], 
              [0.116697, 0.386439, 0.135516, 0.361347], 
              [0.126186, 0.399864, 0.415556, 0.0583943], 
              [0.345276, 0.374205, 0.142775, 0.137744], 
              [0.145128, 0.268693, 0.21293, 0.373248], 
              [0.139232, 0.356636, 0.149403, 0.354729], 
              [0.390655, 0.0677881, 0.256393, 0.285164], 
              [0.298265, 0.1764, 0.255933, 0.269402], 
              [0.335906, 0.106393, 0.284975, 0.272726]
            ]
          }, {
            "db": 0,
            "id": "filter14",
            "alt": "2_PAD114_IRF4_hg38",
            "len": 19,
            "nsites": 3262,
            "pwm": [
              [0.21582, 0.290005, 0.324645, 0.16953], 
              [0.177942, 0.258683, 0.33851, 0.224864], 
              [0.138008, 0.507423, 0.173797, 0.180773], 
              [0.0630335, 0.245477, 0.078413, 0.613077], 
              [0.00929438, 0.0068978, 0.983201, 0.000606805], 
              [0.0116491, 0.131645, 0.00209715, 0.854608], 
              [7.66377e-06, 0.117616, 0.882369, 7.66377e-06], 
              [0.00538063, 7.66377e-06, 0.994604, 7.66377e-06], 
              [7.66377e-06, 0.299103, 0.00150016, 0.699389], 
              [7.66377e-06, 0.227165, 0.00955961, 0.763268], 
              [0.178862, 0.00747234, 0.106006, 0.70766], 
              [0.0854802, 0.629994, 0.122239, 0.162286], 
              [0.217236, 0.409929, 0.215142, 0.157693], 
              [0.254191, 0.292813, 0.297903, 0.155093], 
              [0.239137, 0.233144, 0.331733, 0.195986], 
              [0.270895, 0.296751, 0.238124, 0.194229], 
              [0.275466, 0.195903, 0.374921, 0.15371], 
              [0.162885, 0.290644, 0.30457, 0.241902], 
              [0.0951994, 0.357357, 0.380166, 0.167277]
            ]
          }, {
            "db": 0,
            "id": "filter15",
            "alt": "2_PAD114_IRF4_hg38",
            "len": 19,
            "nsites": 379,
            "pwm": [
              [0.134595, 0.134595, 0.503891, 0.226919], 
              [0.203179, 0.105579, 0.440583, 0.250659], 
              [0.150422, 0.150422, 0.641058, 0.0580981], 
              [0.0367055, 0.198966, 0.37693, 0.387398], 
              [0.492124, 0.263017, 0.109412, 0.135447], 
              [6.59457e-05, 0.833179, 0.117984, 0.048771], 
              [0.25255, 0.624901, 0.00516664, 0.117382], 
              [0.68343, 0.265819, 0.0380306, 0.0127208], 
              [0.210137, 0.387306, 0.344279, 0.0582784], 
              [0.537803, 0.166689, 0.0379347, 0.257574], 
              [6.59457e-05, 0.429246, 6.59457e-05, 0.570622], 
              [6.59457e-05, 0.0783281, 6.59457e-05, 0.92154], 
              [0.0152135, 6.59457e-05, 6.59457e-05, 0.984655], 
              [0.0682298, 6.59457e-05, 0.00511512, 0.926589], 
              [0.0203138, 0.0506855, 0.0380306, 0.89097], 
              [0.117083, 0.0585747, 0.557171, 0.267171], 
              [0.145808, 0.263424, 0.309447, 0.281322], 
              [0.0954016, 0.347912, 0.221657, 0.335029], 
              [0.259738, 0.322059, 0.168853, 0.249351]
            ]
          }, {
            "db": 0,
            "id": "filter2",
            "alt": "2_PAD114_IRF4_hg38",
            "len": 19,
            "nsites": 2671,
            "pwm": [
              [0.279669, 0.287157, 0.20704, 0.226133], 
              [0.341906, 0.163687, 0.192023, 0.302384], 
              [0.416258, 0.169702, 0.29298, 0.121059], 
              [0.706822, 0.0358675, 0.142333, 0.114977], 
              [0.693846, 0.0363917, 0.116506, 0.153256], 
              [0.744312, 0.0248804, 0.0713308, 0.159477], 
              [0.291073, 0.201823, 0.453909, 0.053195], 
              [0.517808, 0.11855, 0.194548, 0.169094], 
              [0.0355926, 9.35944e-06, 0.961847, 0.00255102], 
              [0.249455, 9.35944e-06, 0.750526, 9.35944e-06], 
              [0.999972, 9.35944e-06, 9.35944e-06, 9.35944e-06], 
              [0.998883, 9.35944e-06, 9.35944e-06, 0.00109864], 
              [0.230211, 0.344223, 0.425556, 9.35944e-06], 
              [0.00182483, 0.048664, 9.35944e-06, 0.949502], 
              [0.0668188, 0.00799744, 0.925174, 9.35944e-06], 
              [0.88124, 0.0355926, 0.0758961, 0.00727125], 
              [0.672461, 0.0664557, 0.213146, 0.0479378], 
              [0.84985, 0.0447187, 0.0494441, 0.0559869], 
              [0.175703, 0.44379, 0.256457, 0.12405]
            ]
          }, {
            "db": 0,
            "id": "filter3",
            "alt": "2_PAD114_IRF4_hg38",
            "len": 19,
            "nsites": 1859,
            "pwm": [
              [0.201724, 0.267885, 0.306076, 0.224316], 
              [0.212334, 0.297048, 0.267559, 0.223058], 
              [0.393575, 0.203746, 0.203746, 0.198933], 
              [0.322284, 0.253875, 0.223946, 0.199896], 
              [0.427113, 0.0560702, 0.462348, 0.0544686], 
              [0.37066, 0.0730762, 0.502386, 0.0538772], 
              [0.197336, 0.0352116, 0.677844, 0.0896086], 
              [0.272532, 0.182404, 0.422391, 0.122674], 
              [0.173337, 0.379726, 0.222935, 0.224001], 
              [0.355194, 0.290131, 0.283732, 0.070943], 
              [0.00321328, 0.517852, 0.475188, 0.00374658], 
              [0.115741, 0.489587, 0.00534649, 0.389326], 
              [1.34474e-05, 0.000546749, 1.34474e-05, 0.999426], 
              [0.0058798, 0.179204, 1.34474e-05, 0.814903], 
              [0.0512107, 1.34474e-05, 0.948762, 1.34474e-05], 
              [0.350235, 0.295246, 0.152168, 0.202352], 
              [0.0187491, 0.815815, 0.0187491, 0.146686], 
              [0.445688, 0.352683, 0.0828047, 0.118824], 
              [0.203886, 0.371622, 0.300968, 0.123524]
            ]
          }, {
            "db": 0,
            "id": "filter4",
            "alt": "2_PAD114_IRF4_hg38",
            "len": 19,
            "nsites": 1441,
            "pwm": [
              [0.275501, 0.140882, 0.145045, 0.438571], 
              [0.279036, 0.0563708, 0.231616, 0.432977], 
              [0.149322, 0.0513836, 0.0986406, 0.700654], 
              [0.253588, 0.109374, 0.0198383, 0.617199], 
              [1.73479e-05, 0.0422775, 0.000698961, 0.957006], 
              [0.995177, 1.73479e-05, 0.00478866, 1.73479e-05], 
              [0.0634076, 1.73479e-05, 0.0020622, 0.934513], 
              [0.391947, 1.73479e-05, 1.73479e-05, 0.608019], 
              [0.305381, 0.0020622, 0.00274381, 0.689813], 
              [0.784557, 0.0484121, 0.0122864, 0.154744], 
              [0.0211619, 0.0498093, 1.73479e-05, 0.929012], 
              [0.708985, 0.0314359, 0.168721, 0.090858], 
              [0.384659, 0.0766718, 0.232719, 0.305951], 
              [0.561105, 0.289832, 0.059766, 0.0892969], 
              [0.346412, 0.219699, 0.0757697, 0.358119], 
              [0.486191, 0.10139, 0.0862183, 0.326202], 
              [0.309125, 0.170822, 0.0961379, 0.423916], 
              [0.525016, 0.0716396, 0.172467, 0.230878], 
              [0.278399, 0.256662, 0.0848642, 0.380075]
            ]
          }, {
            "db": 0,
            "id": "filter5",
            "alt": "2_PAD114_IRF4_hg38",
            "len": 19,
            "nsites": 1480,
            "pwm": [
              [0.270945, 0.170276, 0.229731, 0.329049], 
              [0.123096, 0.176984, 0.43046, 0.26946], 
              [0.342701, 0.181823, 0.236757, 0.238719], 
              [0.330147, 0.178758, 0.145045, 0.346049], 
              [0.142074, 0.567629, 0.158063, 0.132234], 
              [0.420566, 0.149826, 0.0577747, 0.371833], 
              [0.444627, 0.241945, 0.130647, 0.182781], 
              [0.543658, 0.0620817, 0.198279, 0.195981], 
              [0.392827, 0.115984, 0.352466, 0.138723], 
              [1.68908e-05, 0.0600914, 0.00170123, 0.93819], 
              [0.000578333, 0.357657, 0.100515, 0.541249], 
              [0.000578333, 0.282985, 0.705752, 0.0106843], 
              [0.869133, 1.68908e-05, 0.130833, 1.68908e-05], 
              [0.994335, 1.68908e-05, 0.00170123, 0.00394701], 
              [0.00227026, 0.348726, 0.21465, 0.434354], 
              [0.408591, 0.263157, 0.0962187, 0.232033], 
              [0.524768, 0.0193888, 0.362386, 0.0934579], 
              [0.464516, 0.00573732, 0.431338, 0.0984084], 
              [0.423464, 0.0828652, 0.324506, 0.169165]
            ]
          }, {
            "db": 0,
            "id": "filter6",
            "alt": "2_PAD114_IRF4_hg38",
            "len": 19,
            "nsites": 1974,
            "pwm": [
              [0.626121, 0.194532, 0.0906869, 0.0886607], 
              [1.2664e-05, 0.00203378, 1.2664e-05, 0.997941], 
              [1.2664e-05, 0.00253907, 0.920128, 0.0773205], 
              [0.999962, 1.2664e-05, 1.2664e-05, 1.2664e-05], 
              [0.0106235, 0.479523, 0.503272, 0.0065813], 
              [1.2664e-05, 1.2664e-05, 1.2664e-05, 0.999962], 
              [0.0540776, 0.945897, 1.2664e-05, 1.2664e-05], 
              [0.999962, 1.2664e-05, 1.2664e-05, 1.2664e-05], 
              [0.0672149, 0.0121394, 0.0434668, 0.877179], 
              [0.431522, 0.163218, 0.0232555, 0.382004], 
              [0.199699, 0.183522, 0.0773596, 0.539419], 
              [0.119379, 0.486584, 0.102688, 0.291348], 
              [0.260495, 0.139611, 0.303487, 0.296406], 
              [0.375816, 0.0844798, 0.324225, 0.21548], 
              [0.296406, 0.176028, 0.34648, 0.181086], 
              [0.690924, 0.176028, 0.052615, 0.0804335], 
              [0.266059, 0.342939, 0.199294, 0.191708], 
              [0.185226, 0.205974, 0.11944, 0.48936], 
              [0.287162, 0.22476, 0.203452, 0.284625]
            ]
          }, {
            "db": 0,
            "id": "filter7",
            "alt": "2_PAD114_IRF4_hg38",
            "len": 19,
            "nsites": 31398,
            "pwm": [
              [0.266291, 0.271164, 0.164406, 0.29814], 
              [0.2589, 0.324496, 0.129546, 0.287058], 
              [0.145094, 0.281462, 0.276673, 0.296771], 
              [0.148308, 0.189376, 0.173162, 0.489153], 
              [0.206614, 0.138956, 0.480293, 0.174138], 
              [0.216613, 0.0832797, 0.190255, 0.509852], 
              [0.000154546, 0.913467, 7.96227e-07, 0.0863781], 
              [0.858854, 3.15461e-05, 0.140406, 0.000708054], 
              [0.993848, 7.96227e-07, 0.00612009, 3.15461e-05], 
              [0.141306, 0.0759456, 0.516216, 0.266533], 
              [0.128958, 0.291741, 0.43312, 0.146181], 
              [0.29779, 0.199459, 0.283184, 0.219567], 
              [0.313755, 0.0933879, 0.346038, 0.246818], 
              [0.229023, 0.252075, 0.231779, 0.287124], 
              [0.185608, 0.302309, 0.2306, 0.281483], 
              [0.286867, 0.263956, 0.194462, 0.254715], 
              [0.205597, 0.287009, 0.205184, 0.30221], 
              [0.294631, 0.293448, 0.199329, 0.212592], 
              [0.245583, 0.255766, 0.202056, 0.296595]
            ]
          }, {
            "db": 0,
            "id": "filter8",
            "alt": "2_PAD114_IRF4_hg38",
            "len": 19,
            "nsites": 87815,
            "pwm": [
              [0.152719, 0.366054, 0.198486, 0.282742], 
              [0.115703, 0.604352, 0.124973, 0.154973], 
              [0.281253, 0.405202, 0.193571, 0.119974], 
              [0.00876114, 0.952434, 0.0377688, 0.00103627], 
              [0.399838, 0.00965634, 0.202924, 0.387582], 
              [0.00267778, 0.347613, 0.467414, 0.182295], 
              [0.00675985, 0.929704, 0.03625, 0.027286], 
              [0.107554, 0.513452, 0.0618759, 0.317117], 
              [0.093684, 0.269714, 0.36288, 0.273722], 
              [0.0223157, 0.588602, 0.217685, 0.171397], 
              [0.109313, 0.434231, 0.287111, 0.169345], 
              [0.174064, 0.380835, 0.202829, 0.242272], 
              [0.143196, 0.404321, 0.244755, 0.207727], 
              [0.162096, 0.403081, 0.217623, 0.2172], 
              [0.245394, 0.275488, 0.26785, 0.211268], 
              [0.118043, 0.50384, 0.223078, 0.155039], 
              [0.159775, 0.424998, 0.252463, 0.162763], 
              [0.105874, 0.329242, 0.356999, 0.207885], 
              [0.165012, 0.420201, 0.249752, 0.165036]
            ]
          }, {
            "db": 0,
            "id": "filter9",
            "alt": "2_PAD114_IRF4_hg38",
            "len": 19,
            "nsites": 4423,
            "pwm": [
              [0.0832052, 0.467325, 0.134075, 0.315395], 
              [0.78654, 0.00226192, 0.161329, 0.0498691], 
              [0.000681007, 0.35817, 0.591167, 0.049982], 
              [5.65214e-06, 5.65214e-06, 5.65214e-06, 0.999983], 
              [0.000230467, 0.00382751, 5.65214e-06, 0.995936], 
              [5.65214e-06, 0.211557, 5.65214e-06, 0.788432], 
              [5.65214e-06, 0.995487, 5.65214e-06, 0.00450195], 
              [0.593967, 0.0701479, 0.123204, 0.212681], 
              [0.0694735, 0.360159, 0.383315, 0.187052], 
              [0.0559846, 0.00292825, 0.00854863, 0.932539], 
              [0.138554, 0.0245215, 0.00832755, 0.828597], 
              [0.00789191, 0.351057, 0.00834255, 0.632709], 
              [0.0351955, 0.476422, 0.184075, 0.304307], 
              [0.362565, 0.153709, 0.126359, 0.357366], 
              [0.161387, 0.333181, 0.275916, 0.229516], 
              [0.207702, 0.10827, 0.103514, 0.580513], 
              [0.249262, 0.245399, 0.11475, 0.39059], 
              [0.331585, 0.133457, 0.141656, 0.393301], 
              [0.245606, 0.233052, 0.195162, 0.32618]
            ]
          }
        ],
        "targets": [
          {
            "db": 0,
            "id": "MA0002.2",
            "alt": "RUNX1",
            "len": 11,
            "nsites": 2000,
            "url": "http://jaspar.genereg.net/matrix/MA0002.2",
            "pwm": [
              [0.143505, 0.248, 0.347995, 0.260499], 
              [0.117007, 0.2425, 0.233501, 0.406992], 
              [0.0615094, 0.535986, 0.0745088, 0.327996], 
              [0.0285111, 1.24994e-05, 0.00351232, 0.967964], 
              [1.24994e-05, 0.0375106, 0.935966, 0.0265112], 
              [0.0435103, 0.0635093, 0.0350107, 0.85797], 
              [1.24994e-05, 1.24994e-05, 0.993463, 0.00651217], 
              [0.00851207, 0.0210114, 0.923966, 0.0465102], 
              [0.00501225, 0.200002, 0.125506, 0.669479], 
              [0.0655092, 0.231501, 0.0405105, 0.662479], 
              [0.25, 0.0790085, 0.144505, 0.526486]
            ]
          }, {
            "db": 0,
            "id": "MA0003.4",
            "alt": "TFAP2A",
            "len": 14,
            "nsites": 15968,
            "url": "http://jaspar.genereg.net/matrix/MA0003.4",
            "pwm": [
              [0.27148, 0.256263, 0.25501, 0.217247], 
              [0.173034, 0.289329, 0.211298, 0.32634], 
              [0.177981, 0.164956, 0.237412, 0.419651], 
              [0.0681371, 0.22639, 0.623808, 0.0816641], 
              [0.0175365, 0.959477, 0.0117125, 0.0112745], 
              [0.00726652, 0.961356, 0.0132785, 0.0181005], 
              [0.0174115, 0.0734601, 0.0469703, 0.862158], 
              [0.0331924, 0.847691, 0.088052, 0.0310634], 
              [0.849633, 0.0462813, 0.0769671, 0.0271184], 
              [0.0116495, 0.0135915, 0.966429, 0.00833051], 
              [0.00964551, 0.0146555, 0.965803, 0.0098965], 
              [0.0764661, 0.591493, 0.256638, 0.0754021], 
              [0.264279, 0.299537, 0.19107, 0.245115], 
              [0.325902, 0.245178, 0.240544, 0.188377]
            ]
          }, {
            "db": 0,
            "id": "MA0025.2",
            "alt": "NFIL3",
            "len": 13,
            "nsites": 22996,
            "url": "http://jaspar.genereg.net/matrix/MA0025.2",
            "pwm": [
              [0.276918, 0.169769, 0.244173, 0.309141], 
              [0.393154, 0.169421, 0.315751, 0.121674], 
              [0.0378339, 0.029615, 0.022527, 0.910025], 
              [0.020352, 0.00904605, 0.0745358, 0.896066], 
              [0.92855, 0.00956805, 0.0430519, 0.01883], 
              [0.028658, 0.0657078, 0.021396, 0.884238], 
              [0.0634898, 0.020309, 0.889673, 0.026527], 
              [0.0590548, 0.522003, 0.019744, 0.399199], 
              [0.950075, 0.023614, 0.00743705, 0.018874], 
              [0.952815, 0.010916, 0.015656, 0.020613], 
              [0.0953647, 0.215646, 0.117456, 0.571533], 
              [0.33358, 0.244825, 0.180553, 0.241042], 
              [0.291007, 0.214342, 0.194903, 0.299748]
            ]
          }, {
            "db": 0,
            "id": "MA0028.2",
            "alt": "ELK1",
            "len": 10,
            "nsites": 67234,
            "url": "http://jaspar.genereg.net/matrix/MA0028.2",
            "pwm": [
              [0.681306, 0.0409023, 0.192745, 0.0850462], 
              [0.0249703, 0.939861, 0.0303253, 0.00484236], 
              [0.00776336, 0.990506, 0.00127637, 0.000454371], 
              [3.71835e-07, 0.000458371, 0.998974, 0.000567371], 
              [8.63717e-05, 0.000880371, 0.983721, 0.0153123], 
              [0.993062, 0.00505136, 0.00134437, 0.000542371], 
              [0.94711, 0.00688536, 0.00124137, 0.0447643], 
              [0.0585883, 0.0458643, 0.889835, 0.00571136], 
              [0.0169143, 0.116499, 0.0207373, 0.845849], 
              [0.289781, 0.145676, 0.377082, 0.18746]
            ]
          }, {
            "db": 0,
            "id": "MA0032.2",
            "alt": "FOXC1",
            "len": 11,
            "nsites": 19566,
            "url": "http://jaspar.genereg.net/matrix/MA0032.2",
            "pwm": [
              [0.329756, 0.0394571, 0.0155382, 0.615249], 
              [0.695237, 0.0353361, 0.202155, 0.0672729], 
              [0.344387, 0.0876138, 0.105678, 0.462323], 
              [0.257364, 0.0178012, 0.722132, 0.00270326], 
              [0.108395, 0.0717429, 0.0169382, 0.802924], 
              [0.706923, 0.289518, 0.00113327, 0.00242627], 
              [0.991151, 0.00579125, 1.27772e-06, 0.00305726], 
              [0.983558, 0.00298026, 0.00750224, 0.00595925], 
              [0.00649824, 0.467699, 0.00878823, 0.517014], 
              [0.966337, 0.00141227, 0.0226322, 0.00961823], 
              [0.31682, 0.0736509, 0.052332, 0.557198]
            ]
          }, {
            "db": 0,
            "id": "MA0036.3",
            "alt": "GATA2",
            "len": 11,
            "nsites": 14213,
            "url": "http://jaspar.genereg.net/matrix/MA0036.3",
            "pwm": [
              [0.232393, 0.209526, 0.225216, 0.332863], 
              [0.139732, 0.288398, 0.208682, 0.363188], 
              [0.0661383, 0.746286, 0.0860492, 0.101528], 
              [0.0312405, 0.0182246, 0.0105557, 0.93998], 
              [0.0293406, 0.00239374, 0.00147975, 0.966786], 
              [0.991904, 0.000986752, 0.00302674, 0.00408273], 
              [0.0102037, 0.00541972, 0.00337874, 0.980998], 
              [0.00675571, 0.969952, 0.0088667, 0.0144247], 
              [0.166961, 0.0346175, 0.0258226, 0.772599], 
              [0.204883, 0.26131, 0.257229, 0.276578], 
              [0.230634, 0.272567, 0.155915, 0.340884]
            ]
          }, {
            "db": 0,
            "id": "MA0039.4",
            "alt": "KLF4",
            "len": 12,
            "nsites": 55817,
            "url": "http://jaspar.genereg.net/matrix/MA0039.4",
            "pwm": [
              [0.2252, 0.313883, 0.255173, 0.205744], 
              [0.205798, 0.2515, 0.330957, 0.211746], 
              [0.0441624, 0.881612, 0.0283614, 0.0458644], 
              [0.0377134, 0.857533, 0.0217504, 0.0830033], 
              [0.125786, 0.813461, 0.0254764, 0.0352764], 
              [0.0210154, 0.947291, 0.0142074, 0.0174864], 
              [0.81699, 0.00288444, 0.118208, 0.0619173], 
              [0.0152644, 0.938172, 0.0263364, 0.0202274], 
              [0.0289704, 0.915706, 0.0335024, 0.0218214], 
              [0.0215354, 0.914505, 0.0180054, 0.0459544], 
              [0.291381, 0.326943, 0.112726, 0.26895], 
              [0.178422, 0.344286, 0.25838, 0.218912]
            ]
          }, {
            "db": 0,
            "id": "MA0040.1",
            "alt": "Foxq1",
            "len": 11,
            "nsites": 18,
            "url": "http://jaspar.genereg.net/matrix/MA0040.1",
            "pwm": [
              [0.222375, 0.222375, 0.167127, 0.388122], 
              [0.719613, 0.0566303, 0.167127, 0.0566303], 
              [0.277625, 0.111878, 0.00138122, 0.609116], 
              [0.167127, 0.00138122, 0.00138122, 0.83011], 
              [0.00138122, 0.00138122, 0.995856, 0.00138122], 
              [0.00138122, 0.00138122, 0.00138122, 0.995856], 
              [0.00138122, 0.00138122, 0.00138122, 0.995856], 
              [0.00138122, 0.00138122, 0.00138122, 0.995856], 
              [0.940607, 0.00138122, 0.0566303, 0.00138122], 
              [0.00138122, 0.0566303, 0.222375, 0.719613], 
              [0.332873, 0.00138122, 0.167127, 0.498619]
            ]
          }, {
            "db": 0,
            "id": "MA0043.3",
            "alt": "HLF",
            "len": 14,
            "nsites": 24424,
            "url": "http://jaspar.genereg.net/matrix/MA0043.3",
            "pwm": [
              [0.278824, 0.207296, 0.230347, 0.283533], 
              [0.25348, 0.164142, 0.25782, 0.324558], 
              [0.359851, 0.181461, 0.400957, 0.0577308], 
              [0.012079, 0.00990898, 0.006061, 0.971951], 
              [0.006634, 0.00393201, 0.0366449, 0.952789], 
              [0.931294, 0.005119, 0.0550288, 0.00855799], 
              [0.00806699, 0.0633808, 0.01036, 0.918192], 
              [0.0990016, 0.004587, 0.888672, 0.00773899], 
              [0.015109, 0.704346, 0.00814899, 0.272396], 
              [0.989024, 0.004996, 0.00196602, 0.00401301], 
              [0.984889, 0.00274401, 0.00773899, 0.004628], 
              [0.0572808, 0.541966, 0.135113, 0.26564], 
              [0.364273, 0.262529, 0.131756, 0.241443], 
              [0.282591, 0.215649, 0.22613, 0.275631]
            ]
          }, {
            "db": 0,
            "id": "MA0046.2",
            "alt": "HNF1A",
            "len": 15,
            "nsites": 14149,
            "url": "http://jaspar.genereg.net/matrix/MA0046.2",
            "pwm": [
              [0.368152, 0.172522, 0.246661, 0.212665], 
              [0.459275, 0.0273046, 0.471577, 0.0418435], 
              [0.0228056, 0.0642903, 0.0547684, 0.858135], 
              [0.147344, 0.109724, 0.0275086, 0.715424], 
              [0.981746, 0.000209765, 0.0170706, 0.00097276], 
              [0.933676, 0.0417725, 0.000529763, 0.0240216], 
              [0.0803642, 0.0266846, 0.000443764, 0.892507], 
              [0.236076, 0.265055, 0.320892, 0.177977], 
              [0.934046, 0.000595763, 0.0223806, 0.0429775], 
              [0.0452364, 0.000828761, 0.0537614, 0.900173], 
              [0.00291375, 0.0158097, 0.000278765, 0.980998], 
              [0.814984, 0.0136527, 0.0770132, 0.0943501], 
              [0.878107, 0.0431345, 0.0679593, 0.0108007], 
              [0.0864822, 0.822325, 0.0380695, 0.0531224], 
              [0.280727, 0.242208, 0.16079, 0.316277]
            ]
          }, {
            "db": 0,
            "id": "MA0047.3",
            "alt": "FOXA2",
            "len": 11,
            "nsites": 262153,
            "url": "http://jaspar.genereg.net/matrix/MA0047.3",
            "pwm": [
              [0.428151, 0.13, 0.243392, 0.198457], 
              [0.357577, 0.0474231, 0.147006, 0.447994], 
              [0.0715991, 0.0111691, 0.901424, 0.0158081], 
              [0.0142551, 0.00777009, 0.00721009, 0.970765], 
              [0.93001, 0.0359481, 0.0100741, 0.0239671], 
              [0.850881, 0.0855571, 0.0247341, 0.0388281], 
              [0.946829, 0.0126991, 0.0107001, 0.0297731], 
              [0.00919709, 0.751351, 0.0137441, 0.225708], 
              [0.94092, 0.0117721, 0.0113831, 0.0359261], 
              [0.293531, 0.192926, 0.192739, 0.320805], 
              [0.325802, 0.204587, 0.216027, 0.253585]
            ]
          }, {
            "db": 0,
            "id": "MA0050.2",
            "alt": "IRF1",
            "len": 21,
            "nsites": 1362,
            "url": "http://jaspar.genereg.net/matrix/MA0050.2",
            "pwm": [
              [0.232013, 0.23495, 0.195305, 0.337733], 
              [0.184293, 0.20852, 0.184293, 0.422894], 
              [0.127028, 0.237886, 0.15566, 0.479425], 
              [0.101333, 0.315707, 0.108674, 0.474286], 
              [0.539627, 0.0741689, 0.26505, 0.121154], 
              [0.0176381, 0.581474, 0.371503, 0.0293852], 
              [0.00882871, 1.8354e-05, 1.8354e-05, 0.991135], 
              [1.8354e-05, 0.0227777, 1.8354e-05, 0.977186], 
              [1.8354e-05, 0.0411313, 0.00295514, 0.955895], 
              [1.8354e-05, 0.916985, 1.8354e-05, 0.0829783], 
              [0.670307, 0.0286503, 0.174749, 0.126294], 
              [0.0147013, 0.577803, 0.253304, 0.154192], 
              [0.0117645, 0.0007523, 1.8354e-05, 0.987464], 
              [0.00515798, 0.0102966, 0.00368908, 0.980856], 
              [0.00809376, 0.0425992, 1.8354e-05, 0.949288], 
              [0.0124994, 0.751064, 0.0205748, 0.215862], 
              [0.376643, 0.179888, 0.193102, 0.250367], 
              [0.160066, 0.340668, 0.213659, 0.285606], 
              [0.106472, 0.136572, 0.0837122, 0.673244], 
              [0.145382, 0.141711, 0.0727, 0.640206], 
              [0.121889, 0.243026, 0.110876, 0.524209]
            ]
          }, {
            "db": 0,
            "id": "MA0051.1",
            "alt": "IRF2",
            "len": 18,
            "nsites": 12,
            "url": "http://jaspar.genereg.net/matrix/MA0051.1",
            "pwm": [
              [0.00206612, 0.332644, 0.580578, 0.0847104], 
              [0.167356, 0.00206612, 0.828512, 0.00206612], 
              [0.993802, 0.00206612, 0.00206612, 0.00206612], 
              [0.911157, 0.00206612, 0.00206612, 0.0847104], 
              [0.993802, 0.00206612, 0.00206612, 0.00206612], 
              [0.167356, 0.00206612, 0.828512, 0.00206612], 
              [0.00206612, 0.497934, 0.00206612, 0.497934], 
              [0.00206612, 0.00206612, 0.993802, 0.00206612], 
              [0.993802, 0.00206612, 0.00206612, 0.00206612], 
              [0.993802, 0.00206612, 0.00206612, 0.00206612], 
              [0.993802, 0.00206612, 0.00206612, 0.00206612], 
              [0.00206612, 0.497934, 0.497934, 0.00206612], 
              [0.00206612, 0.580578, 0.167356, 0.25], 
              [0.41529, 0.167356, 0.25, 0.167356], 
              [0.497934, 0.00206612, 0.167356, 0.332644], 
              [0.497934, 0.0847104, 0.0847104, 0.332644], 
              [0.41529, 0.167356, 0.0847104, 0.332644], 
              [0.25, 0.497934, 0.0847104, 0.167356]
            ]
          }, {
            "db": 0,
            "id": "MA0052.4",
            "alt": "MEF2A",
            "len": 15,
            "nsites": 16162,
            "url": "http://jaspar.genereg.net/matrix/MA0052.4",
            "pwm": [
              [0.314008, 0.131111, 0.2259, 0.328982], 
              [0.249536, 0.121273, 0.277998, 0.351193], 
              [0.122758, 0.675594, 0.0623082, 0.13934], 
              [0.0387963, 0.184012, 0.0146035, 0.762588], 
              [0.769518, 0.0626792, 0.0659581, 0.101845], 
              [0.81252, 0.0156554, 0.0377443, 0.134081], 
              [0.908299, 0.00872549, 0.0313094, 0.0516652], 
              [0.894254, 0.0142945, 0.0149135, 0.0765391], 
              [0.925377, 0.0107055, 0.0124995, 0.0514182], 
              [0.0272874, 0.0215954, 0.0133045, 0.937813], 
              [0.964109, 0.00309553, 0.0261124, 0.00668351], 
              [0.158768, 0.0655871, 0.687041, 0.088604], 
              [0.476982, 0.249907, 0.0993079, 0.173803], 
              [0.381821, 0.21798, 0.111992, 0.288207], 
              [0.325084, 0.235862, 0.153385, 0.28567]
            ]
          }, {
            "db": 0,
            "id": "MA0056.2",
            "alt": "MZF1",
            "len": 13,
            "nsites": 8242,
            "url": "http://jaspar.genereg.net/matrix/MA0056.2",
            "pwm": [
              [0.259767, 0.274205, 0.219364, 0.246663], 
              [0.300533, 0.235865, 0.187213, 0.276389], 
              [0.71038, 0.123273, 0.12121, 0.0451375], 
              [0.86738, 0.0516884, 0.0467145, 0.0342176], 
              [0.0128639, 0.00679695, 0.0118929, 0.968445], 
              [0.0121359, 0.964441, 0.0121359, 0.0112869], 
              [0.0163828, 0.963228, 0.00655495, 0.0138349], 
              [0.0134709, 0.960801, 0.00703995, 0.0186878], 
              [0.0141989, 0.930955, 0.0100729, 0.0447735], 
              [0.732341, 0.0741341, 0.0587263, 0.134798], 
              [0.205412, 0.364838, 0.184786, 0.244965], 
              [0.254307, 0.252123, 0.179812, 0.313758], 
              [0.213783, 0.267653, 0.215118, 0.303445]
            ]
          }, {
            "db": 0,
            "id": "MA0057.1",
            "alt": "MZF1(var.2)",
            "len": 10,
            "nsites": 16,
            "url": "http://jaspar.genereg.net/matrix/MA0057.1",
            "pwm": [
              [0.0636646, 0.25, 0.436335, 0.25], 
