<!DOCTYPE HTML>
<html>
  <head>
    <meta charset="UTF-8">
    <title>TOMTOM</title>
    <script>
      // @JSON_VAR data
      var data = {
        "program": "Tomtom",
        "version": "5.3.0",
        "release": "Wed Nov 25 19:19:29 2020 -0800",
        "cmd": [
          "tomtom", "-no-ssc", "-verbosity", "1", "-min-overlap", "5",
          "-dist", "pearson", "-evalue", "-thresh", "10.0", "-oc",
          "CAM.Affi-seq.WT",
          "/mnt/md1/home/oriol//CAM/results/IRF4/CAM/Affi-seq/WT/motifs/filters.meme",
          "JASPAR2022_CORE_vertebrates_non-redundant_pfms_meme.txt"
        ],
        "options": {
          "strands": "both",
          "distance_measure": "pearson",
          "threshold_type": "evalue",
          "threshold_value": 10,
          "background_source": "--query--"
        },
        "alphabet": {
          "name": "DNA",
          "like": "dna",
          "ncore": 4,
          "symbols": [
            {
              "symbol": "A",
              "name": "Adenine",
              "colour": "CC0000",
              "complement": "T"
            }, {
              "symbol": "C",
              "name": "Cytosine",
              "colour": "0000CC",
              "complement": "G"
            }, {
              "symbol": "G",
              "name": "Guanine",
              "colour": "FFB300",
              "complement": "C"
            }, {
              "symbol": "T",
              "aliases": "U",
              "name": "Thymine",
              "colour": "008000",
              "complement": "A"
            }, {
              "symbol": "N",
              "aliases": "X.",
              "name": "Any base",
              "equals": "ACGT"
            }, {
              "symbol": "V",
              "name": "Not T",
              "equals": "ACG"
            }, {
              "symbol": "H",
              "name": "Not G",
              "equals": "ACT"
            }, {
              "symbol": "D",
              "name": "Not C",
              "equals": "AGT"
            }, {
              "symbol": "B",
              "name": "Not A",
              "equals": "CGT"
            }, {
              "symbol": "M",
              "name": "Amino",
              "equals": "AC"
            }, {
              "symbol": "R",
              "name": "Purine",
              "equals": "AG"
            }, {
              "symbol": "W",
              "name": "Weak",
              "equals": "AT"
            }, {
              "symbol": "S",
              "name": "Strong",
              "equals": "CG"
            }, {
              "symbol": "Y",
              "name": "Pyrimidine",
              "equals": "CT"
            }, {
              "symbol": "K",
              "name": "Keto",
              "equals": "GT"
            }
          ]
        },
        "background": [0.25, 0.25, 0.25, 0.25],
        "query_dbs": [
          {
            "source": "/mnt/md1/home/oriol//CAM/results/IRF4/CAM/Affi-seq/WT/motifs/filters.meme",
            "name": "filters",
            "loaded": 16,
            "excluded": 0,
            "last_modified": "Tue Oct 26 05:32:33 2021"
          }
        ],
        "target_dbs": [
          {
            "source": "JASPAR2022_CORE_vertebrates_non-redundant_pfms_meme.txt",
            "name": "JASPAR2022_CORE_vertebrates_non-redundant_pfms_meme.txt",
            "loaded": 841,
            "excluded": 0,
            "last_modified": "Mon Nov  1 17:31:08 2021"
          }
        ],
        "queries": [
          {
            "db": 0,
            "id": "filter0",
            "alt": "Affi-seq.WT",
            "len": 19,
            "nsites": 5018,
            "pwm": [
              [0.877229, 0.00159921, 0.109409, 0.0117624], 
              [0.955347, 4.98197e-06, 4.98197e-06, 0.0446434], 
              [0.997793, 0.000802096, 4.98197e-06, 0.00139993], 
              [0.00757757, 0.786956, 0.205461, 4.98197e-06], 
              [4.98197e-06, 0.281586, 4.98197e-06, 0.718404], 
              [4.98197e-06, 4.98197e-06, 0.999985, 4.98197e-06], 
              [0.999985, 4.98197e-06, 4.98197e-06, 4.98197e-06], 
              [0.174573, 4.98197e-06, 0.825417, 4.98197e-06], 
              [0.999985, 4.98197e-06, 4.98197e-06, 4.98197e-06], 
              [0.978463, 0.00159921, 0.0195343, 0.000403544], 
              [0.539253, 0.155442, 0.000802096, 0.304503], 
              [0.289415, 0.354194, 0.195138, 0.161254], 
              [0.228669, 0.0931052, 0.584523, 0.0937033], 
              [0.594889, 0.0861277, 0.253987, 0.0649957], 
              [0.484729, 0.0882092, 0.222311, 0.20475], 
              [0.824399, 0.057335, 0.0627285, 0.0555372], 
              [0.195884, 0.39596, 0.18529, 0.222867], 
              [0.176861, 0.107683, 0.116105, 0.599351], 
              [0.107182, 0.0582445, 0.604037, 0.230536]
            ]
          }, {
            "db": 0,
            "id": "filter1",
            "alt": "Affi-seq.WT",
            "len": 19,
            "nsites": 1673,
            "pwm": [
              [0.215782, 0.264793, 0.194265, 0.32516], 
              [0.251448, 0.171499, 0.292581, 0.284471], 
              [0.304929, 0.224217, 0.145186, 0.325668], 
              [0.280215, 0.175072, 0.117623, 0.42709], 
              [0.256033, 0.136418, 0.178388, 0.42916], 
              [0.227577, 0.269604, 0.159923, 0.342896], 
              [0.176742, 0.274419, 0.0921545, 0.456685], 
              [0.415029, 0.0893651, 0.0532344, 0.442371], 
              [0.107012, 0.0972854, 0.107499, 0.688203], 
              [0.0805536, 0.478395, 1.49423e-05, 0.441037], 
              [0.808591, 0.0867346, 0.00825088, 0.0964239], 
              [0.999471, 1.49423e-05, 0.000499413, 1.49423e-05], 
              [0.999955, 1.49423e-05, 1.49423e-05, 1.49423e-05], 
              [0.114349, 0.000499413, 0.000499413, 0.884652], 
              [0.00243728, 1.49423e-05, 1.49423e-05, 0.997533], 
              [0.0126355, 0.0252562, 0.0344789, 0.927629], 
              [0.441122, 0.0288359, 0.09869, 0.431352], 
              [0.523279, 0.0554309, 0.361445, 0.0598446], 
              [0.497754, 0.194847, 0.0525651, 0.254834]
            ]
          }, {
            "db": 0,
            "id": "filter10",
            "alt": "Affi-seq.WT",
            "len": 19,
            "nsites": 74138,
            "pwm": [
              [0.459616, 0.265694, 0.150625, 0.124066], 
              [0.689241, 0.152106, 0.040693, 0.11796], 
              [0.561661, 0.145964, 0.167978, 0.124397], 
              [0.189615, 0.485446, 0.124447, 0.200493], 
              [0.155732, 0.297794, 0.220322, 0.326153], 
              [0.154806, 0.0345036, 0.774838, 0.0358524], 
              [0.756243, 0.043855, 0.137822, 0.0620805], 
              [0.937316, 0.00915218, 0.0329858, 0.0205462], 
              [0.945091, 0.0293831, 0.00590204, 0.0196238], 
              [0.118372, 0.62304, 0.179812, 0.0787756], 
              [0.00155197, 0.530355, 3.37209e-07, 0.468092], 
              [3.37209e-07, 3.37209e-07, 0.999999, 3.37209e-07], 
              [0.999999, 3.37209e-07, 3.37209e-07, 3.37209e-07], 
              [0.999705, 3.37209e-07, 3.37209e-07, 0.000294457], 
              [0.999999, 3.37209e-07, 3.37209e-07, 3.37209e-07], 
              [3.37209e-07, 0.966295, 0.0337043, 3.37209e-07], 
              [0.00400509, 0.463848, 3.37209e-07, 0.532147], 
              [0.434054, 0.0387033, 0.478272, 0.0489707], 
              [0.537502, 0.163541, 0.1855, 0.113457]
            ]
          }, {
            "db": 0,
            "id": "filter11",
            "alt": "Affi-seq.WT",
            "len": 19,
            "nsites": 6205,
            "pwm": [
              [0.416275, 0.0477067, 0.351489, 0.18453], 
              [0.510112, 0.0761538, 0.316392, 0.097342], 
              [0.461156, 0.127405, 0.0376524, 0.373787], 
              [0.389914, 0.0575343, 0.012648, 0.539904], 
              [0.0433241, 0.425801, 0.10413, 0.426746], 
              [0.0150886, 0.482397, 0.00314666, 0.499367], 
              [0.0211726, 0.247737, 0.70056, 0.0305297], 
              [0.939397, 4.02894e-06, 0.0595214, 0.00107779], 
              [0.414478, 0.00920775, 0.572168, 0.0041457], 
              [0.522008, 4.02894e-06, 4.02894e-06, 0.477984], 
              [0.0200988, 0.221507, 0.107074, 0.65132], 
              [4.02894e-06, 0.00138459, 4.02894e-06, 0.998607], 
              [4.02894e-06, 0.47691, 0.523082, 4.02894e-06], 
              [0.886169, 4.02894e-06, 0.113823, 4.02894e-06], 
              [0.843736, 0.0340787, 0.116963, 0.00522267], 
              [0.693375, 4.02894e-06, 4.02894e-06, 0.306617], 
              [0.165564, 0.485134, 0.0191012, 0.3302], 
              [0.00481239, 0.435393, 0.00279598, 0.556998], 
              [0.318612, 0.378915, 0.164927, 0.137545]
            ]
          }, {
            "db": 0,
            "id": "filter12",
            "alt": "Affi-seq.WT",
            "len": 19,
            "nsites": 26304,
            "pwm": [
              [0.294442, 0.351695, 0.101886, 0.251977], 
              [0.173227, 0.272365, 0.20642, 0.347988], 
              [0.224129, 0.244284, 0.0997045, 0.431883], 
              [0.502791, 0.163243, 0.154419, 0.179547], 
              [0.216525, 0.127912, 0.373852, 0.281712], 
              [0.0734921, 0.118463, 0.243827, 0.564218], 
              [0.100742, 0.318672, 0.0592508, 0.521335], 
              [0.122923, 0.291646, 0.126984, 0.458448], 
              [0.0273799, 0.306448, 0.0102796, 0.655893], 
              [0.584534, 9.50422e-07, 0.415437, 2.81703e-05], 
              [9.50422e-07, 0.00380353, 0.996195, 9.50422e-07], 
              [9.50422e-07, 9.50422e-07, 9.50422e-07, 0.999997], 
              [9.50422e-07, 9.50422e-07, 9.50422e-07, 0.999997], 
              [9.50422e-07, 9.50422e-07, 9.50422e-07, 0.999997], 
              [9.50422e-07, 0.999997, 9.50422e-07, 9.50422e-07], 
              [0.301097, 9.50422e-07, 0.697823, 0.00107886], 
              [0.144047, 0.0802376, 0.504357, 0.271358], 
              [0.0940863, 0.00248878, 0.0784525, 0.824972], 
              [0.0514502, 0.038937, 0.0265379, 0.883075]
            ]
          }, {
            "db": 0,
            "id": "filter13",
            "alt": "Affi-seq.WT",
            "len": 19,
            "nsites": 8907,
            "pwm": [
              [0.337374, 0.0793777, 0.431905, 0.151343], 
              [0.379547, 0.0959027, 0.136674, 0.387877], 
              [0.306316, 0.0124634, 0.00260328, 0.678617], 
              [0.366464, 0.128474, 0.0192789, 0.485782], 
              [0.000860247, 0.21104, 0.000324343, 0.787775], 
              [0.00184403, 0.180034, 0.812085, 0.00603793], 
              [0.996636, 2.80675e-06, 0.00305372, 0.000307903], 
              [0.795564, 0.00508302, 0.127008, 0.072345], 
              [0.711029, 2.80675e-06, 2.80675e-06, 0.288965], 
              [0.0022381, 0.650168, 0.0970348, 0.250559], 
              [2.80675e-06, 0.000307623, 2.80675e-06, 0.999687], 
              [0.0129065, 0.363543, 0.623548, 2.80675e-06], 
              [0.99308, 2.80675e-06, 0.006914, 2.80675e-06], 
              [0.722799, 0.0037679, 0.16933, 0.104103], 
              [0.963764, 2.80675e-06, 0.000308953, 0.0359244], 
              [0.167949, 0.525066, 0.0676735, 0.239311], 
              [0.111561, 0.481732, 0.0202861, 0.386421], 
              [0.37466, 0.11545, 0.363834, 0.146056], 
              [0.342491, 0.255804, 0.197445, 0.20426]
            ]
          }, {
            "db": 0,
            "id": "filter14",
            "alt": "Affi-seq.WT",
            "len": 19,
            "nsites": 67776,
            "pwm": [
              [0.138427, 0.188459, 0.425504, 0.24761], 
              [0.489923, 0.0816078, 0.189852, 0.238617], 
              [0.426043, 0.268899, 0.0963013, 0.208757], 
              [0.849754, 2.93888e-05, 0.130931, 0.0192853], 
              [0.000450198, 0.145295, 0.854254, 3.68862e-07], 
              [3.68862e-07, 0.00281542, 3.68862e-07, 0.997184], 
              [3.68862e-07, 3.68862e-07, 0.391235, 0.608764], 
              [0.401698, 3.68862e-07, 3.68862e-07, 0.598302], 
              [0.40103, 0.598969, 3.68862e-07, 3.68862e-07], 
              [0.982804, 3.68862e-07, 0.0171954, 3.68862e-07], 
              [3.68862e-07, 0.639338, 0.358674, 0.00198833], 
              [0.0092322, 0.0277829, 4.39188e-05, 0.962941], 
              [0.1174, 0.0468469, 0.263013, 0.57274], 
              [0.26623, 0.0617146, 0.0434349, 0.628621], 
              [0.225672, 0.565339, 0.142955, 0.0660335], 
              [0.66964, 0.0886334, 0.144685, 0.0970419], 
              [0.253356, 0.141053, 0.519884, 0.0857074], 
              [0.212777, 0.0845924, 0.0873188, 0.615312], 
              [0.153741, 0.0543615, 0.270289, 0.521609]
            ]
          }, {
            "db": 0,
            "id": "filter15",
            "alt": "Affi-seq.WT",
            "len": 19,
            "nsites": 753081,
            "pwm": [
              [0.291614, 0.21073, 0.231113, 0.266542], 
              [0.291615, 0.21073, 0.231113, 0.266542], 
              [0.291615, 0.21073, 0.231114, 0.266542], 
              [0.291614, 0.210729, 0.231115, 0.266541], 
              [0.291614, 0.210729, 0.231115, 0.266542], 
              [0.291615, 0.210729, 0.231114, 0.266542], 
              [0.291614, 0.210729, 0.231114, 0.266543], 
              [0.291614, 0.21073, 0.231114, 0.266543], 
              [0.291615, 0.210729, 0.231113, 0.266542], 
              [0.291615, 0.21073, 0.231113, 0.266542], 
              [0.291614, 0.21073, 0.231113, 0.266543], 
              [0.291614, 0.21073, 0.231113, 0.266544], 
              [0.291613, 0.21073, 0.231112, 0.266545], 
              [0.291613, 0.210731, 0.231112, 0.266544], 
              [0.291614, 0.21073, 0.231112, 0.266544], 
              [0.291614, 0.210731, 0.231111, 0.266544], 
              [0.291613, 0.210732, 0.231111, 0.266543], 
              [0.291613, 0.210732, 0.231111, 0.266544], 
              [0.291612, 0.210733, 0.23111, 0.266544]
            ]
          }, {
            "db": 0,
            "id": "filter2",
            "alt": "Affi-seq.WT",
            "len": 19,
            "nsites": 78459,
            "pwm": [
              [0.0692593, 0.522884, 0.0309464, 0.37691], 
              [0.586324, 0.000799848, 0.412199, 0.000676838], 
              [3.18637e-07, 0.0405297, 0.95947, 3.18637e-07], 
              [3.18637e-07, 3.18637e-07, 3.18637e-07, 0.999999], 
              [3.72186e-05, 3.18637e-07, 3.18637e-07, 0.999962], 
              [3.18637e-07, 3.18637e-07, 3.18637e-07, 0.999999], 
              [3.18637e-07, 0.999999, 3.18637e-07, 3.18637e-07], 
              [0.464569, 3.18637e-07, 0.535369, 6.18186e-05], 
              [0.0354143, 0.241227, 0.656248, 0.0671109], 
              [0.0206935, 0.00388029, 0.0245242, 0.950902], 
              [0.0740976, 0.012249, 0.00901399, 0.904639], 
              [0.0573963, 0.173564, 0.0419535, 0.727086], 
              [0.0353479, 0.679534, 0.0389771, 0.246141], 
              [0.378538, 0.188664, 0.336913, 0.0958851], 
              [0.251299, 0.127073, 0.492693, 0.128935], 
              [0.172088, 0.155192, 0.161609, 0.511111], 
              [0.141895, 0.0501577, 0.134841, 0.673107], 
              [0.119383, 0.201906, 0.200345, 0.478366], 
              [0.164922, 0.276745, 0.210288, 0.348044]
            ]
          }, {
            "db": 0,
            "id": "filter3",
            "alt": "Affi-seq.WT",
            "len": 19,
            "nsites": 1186,
            "pwm": [
              [0.132388, 0.0210986, 0.0303726, 0.816141], 
              [0.0217948, 0.0795789, 0.085441, 0.813185], 
              [0.0200695, 0.322467, 0.0484715, 0.608992], 
              [0.487053, 0.0400511, 0.0775792, 0.395317], 
              [0.365295, 0.0508925, 0.191831, 0.391981], 
              [0.0141984, 0.0392171, 0.00919461, 0.93739], 
              [0.00252296, 0.000855037, 0.00585879, 0.990763], 
              [0.0383831, 0.0125305, 0.150134, 0.798953], 
              [0.619652, 0.17682, 0.153469, 0.0500586], 
              [0.742244, 0.0450548, 0.193499, 0.0192021], 
              [0.74558, 2.10775e-05, 0.0116965, 0.242703], 
              [0.130952, 2.10775e-05, 0.819802, 0.0492246], 
              [0.917375, 0.081749, 0.000855037, 2.10775e-05], 
              [0.18933, 0.359457, 0.00836065, 0.442853], 
              [0.85948, 0.048512, 0.00587342, 0.0861342], 
              [0.635182, 0.174396, 0.0623579, 0.128064], 
              [0.339248, 0.114225, 0.0380889, 0.508438], 
              [0.169802, 0.19881, 0.26621, 0.365178], 
              [0.367548, 0.251941, 0.0371189, 0.343392]
            ]
          }, {
            "db": 0,
            "id": "filter4",
            "alt": "Affi-seq.WT",
            "len": 19,
            "nsites": 19265,
            "pwm": [
              [0.159928, 0.143317, 0.344303, 0.352452], 
              [0.278391, 0.0803088, 0.5805, 0.0608007], 
              [0.56829, 0.0866301, 0.253943, 0.0911365], 
              [0.907039, 0.0050144, 0.0137993, 0.0741475], 
              [0.984187, 0.00157264, 4.89174e-05, 0.014191], 
              [0.206657, 0.501118, 0.212657, 0.0795685], 
              [9.65272e-05, 0.599684, 1.29768e-06, 0.400218], 
              [1.29768e-06, 1.29768e-06, 0.999996, 1.29768e-06], 
              [0.999996, 1.29768e-06, 1.29768e-06, 1.29768e-06], 
              [0.999996, 1.29768e-06, 1.29768e-06, 1.29768e-06], 
              [0.999996, 1.29768e-06, 1.29768e-06, 1.29768e-06], 
              [1.29768e-06, 0.997806, 0.00219166, 1.29768e-06], 
              [1.29768e-06, 0.17817, 1.29768e-06, 0.821827], 
              [0.350799, 0.00850228, 0.603812, 0.0368869], 
              [0.587838, 0.0913984, 0.24476, 0.0760042], 
              [0.641395, 0.0253195, 0.261671, 0.0716142], 
              [0.742514, 0.135441, 0.0654146, 0.0566307], 
              [0.401918, 0.262044, 0.188001, 0.148037], 
              [0.278834, 0.202226, 0.180816, 0.338124]
            ]
          }, {
            "db": 0,
            "id": "filter5",
            "alt": "Affi-seq.WT",
            "len": 19,
            "nsites": 5741,
            "pwm": [
              [0.0132422, 4.35457e-06, 0.257098, 0.729655], 
              [0.242869, 4.35457e-06, 4.35457e-06, 0.757122], 
              [4.35457e-06, 0.000483966, 4.35457e-06, 0.999507], 
              [4.35457e-06, 0.988157, 4.35457e-06, 0.0118347], 
              [0.00320174, 4.35457e-06, 0.99679, 4.35457e-06], 
              [0.184334, 0.000164222, 0.815498, 4.35457e-06], 
              [0.268745, 4.35457e-06, 4.35457e-06, 0.731247], 
              [0.246363, 4.35457e-06, 4.35457e-06, 0.753628], 
              [4.35457e-06, 0.179857, 0.0641119, 0.756026], 
              [0.0426895, 0.938437, 4.35457e-06, 0.0188689], 
              [0.00224253, 4.35457e-06, 0.997749, 4.35457e-06], 
              [0.251679, 0.0673201, 0.680197, 0.000803831], 
              [0.0684394, 0.000164252, 0.18964, 0.741757], 
              [0.199073, 0.0163136, 0.000803831, 0.783809], 
              [0.0227131, 0.140574, 0.0135976, 0.823115], 
              [0.00144479, 0.934047, 0.0296133, 0.0348949], 
              [0.0953937, 0.00562494, 0.836829, 0.062152], 
              [0.13267, 0.0479829, 0.766534, 0.052813], 
              [0.108873, 0.245, 0.139034, 0.507092]
            ]
          }, {
            "db": 0,
            "id": "filter6",
            "alt": "Affi-seq.WT",
            "len": 19,
            "nsites": 25122,
            "pwm": [
              [0.369636, 0.0214164, 0.0267503, 0.582198], 
              [0.446685, 0.0464331, 0.0122704, 0.494612], 
              [0.0215376, 0.41143, 0.0237708, 0.543262], 
              [0.00854039, 0.945655, 0.00203419, 0.04377], 
              [0.166732, 9.9514e-07, 0.833266, 9.9514e-07], 
              [0.491634, 0.0459355, 0.461898, 0.000532643], 
              [0.495427, 9.9514e-07, 9.9514e-07, 0.504571], 
              [0.586091, 0.000249094, 9.9514e-07, 0.413659], 
              [0.00623901, 0.516516, 0.0326797, 0.444566], 
              [0.000390874, 0.95424, 9.9514e-07, 0.0453684], 
              [0.00570736, 9.9514e-07, 0.990534, 0.00375798], 
              [0.644111, 0.00411241, 0.326575, 0.0252012], 
              [0.539412, 9.9514e-07, 0.0122644, 0.448323], 
              [0.607676, 0.00581369, 9.9514e-07, 0.38651], 
              [0.0118395, 0.610285, 0.0192828, 0.358593], 
              [0.0163548, 0.823794, 0.00883419, 0.151017], 
              [0.283856, 0.084869, 0.564683, 0.0665914], 
              [0.446027, 0.0990304, 0.426837, 0.0281059], 
              [0.389721, 0.232053, 0.146389, 0.231837]
            ]
          }, {
            "db": 0,
            "id": "filter7",
            "alt": "Affi-seq.WT",
            "len": 19,
            "nsites": 31162,
            "pwm": [
              [0.263751, 0.138823, 0.327161, 0.270265], 
              [0.0951455, 0.0570056, 0.135872, 0.711977], 
              [0.182693, 0.323283, 0.161157, 0.332868], 
              [0.113672, 0.298216, 0.117174, 0.470938], 
              [0.147288, 0.379048, 0.197446, 0.276219], 
              [0.198809, 0.242371, 0.265882, 0.292938], 
              [0.560637, 0.000115942, 0.305075, 0.134172], 
              [0.00119182, 0.153358, 0.617201, 0.22825], 
              [8.02257e-07, 8.02257e-07, 8.02257e-07, 0.999998], 
              [8.02257e-07, 0.128422, 8.02257e-07, 0.871576], 
              [8.02257e-07, 8.02257e-07, 8.02257e-07, 0.999998], 
              [8.02257e-07, 0.999998, 8.02257e-07, 8.02257e-07], 
              [0.653697, 8.02257e-07, 0.346302, 8.02257e-07], 
              [0.000284171, 0.255795, 0.743325, 0.00059587], 
              [8.02257e-07, 8.02257e-07, 8.02257e-07, 0.999998], 
              [0.0218199, 8.02257e-07, 8.02257e-07, 0.978178], 
              [8.02257e-07, 0.0170027, 8.02257e-07, 0.982996], 
              [8.02257e-07, 0.993253, 8.02257e-07, 0.0067449], 
              [0.664, 0.0635925, 0.261936, 0.0104714]
            ]
          }, {
            "db": 0,
            "id": "filter8",
            "alt": "Affi-seq.WT",
            "len": 19,
            "nsites": 509076,
            "pwm": [
              [0.148703, 0.304188, 0.171503, 0.375606], 
              [0.187394, 0.349805, 0.19657, 0.266231], 
              [0.198273, 0.178677, 0.426286, 0.196765], 
              [0.132925, 0.349941, 0.38378, 0.133354], 
              [0.267662, 0.276253, 0.233754, 0.222331], 
              [0.26039, 0.210021, 0.237046, 0.292543], 
              [0.181755, 0.194664, 0.420083, 0.203498], 
              [0.398256, 0.00855702, 0.588535, 0.00465248], 
              [0.000323529, 0.0177562, 0.893181, 0.088739], 
              [0.0175489, 0.97001, 0.0124084, 3.23491e-05], 
              [0.123515, 0.380863, 0.0176146, 0.478008], 
              [0.183664, 0.302894, 0.235387, 0.278054], 
              [0.216964, 0.205142, 0.292238, 0.285656], 
              [0.379198, 0.2112, 0.288029, 0.121573], 
              [0.31734, 0.181768, 0.332188, 0.168703], 
              [0.298998, 0.304759, 0.240478, 0.155765], 
              [0.288109, 0.161928, 0.227256, 0.322707], 
              [0.223891, 0.218344, 0.276019, 0.281747], 
              [0.270561, 0.24574, 0.238159, 0.245541]
            ]
          }, {
            "db": 0,
            "id": "filter9",
            "alt": "Affi-seq.WT",
            "len": 19,
            "nsites": 681646,
            "pwm": [
              [0.286614, 0.209638, 0.171852, 0.331897], 
              [0.281962, 0.187979, 0.198179, 0.331881], 
              [0.245098, 0.176313, 0.257121, 0.321468], 
              [0.393326, 0.144798, 0.207784, 0.254091], 
              [0.454372, 0.136383, 0.188047, 0.221198], 
              [0.307151, 0.146831, 0.19607, 0.349948], 
              [0.458918, 0.306044, 0.0217969, 0.213241], 
              [0.187854, 0.206683, 0.0711708, 0.534292], 
              [0.229429, 0.283603, 0.195432, 0.291536], 
              [0.227968, 0.0302012, 0.445996, 0.295835], 
              [0.452319, 0.104075, 0.38003, 0.0635758], 
              [0.547986, 0.0105095, 0.173028, 0.268476], 
              [0.499699, 0.0433106, 0.0613434, 0.395647], 
              [0.0530327, 0.159801, 0.322684, 0.464483], 
              [0.369184, 0.337966, 0.0632069, 0.229643], 
              [0.32835, 0.227435, 0.238441, 0.205774], 
              [0.536987, 0.217586, 0.0277089, 0.217719], 
              [0.188378, 0.201739, 0.304396, 0.305487], 
              [0.426715, 0.214908, 0.108491, 0.249886]
            ]
          }
        ],
        "targets": [
          {
            "db": 0,
            "id": "MA0028.2",
            "alt": "ELK1",
            "len": 10,
            "nsites": 67234,
            "pwm": [
              [0.681306, 0.0409022, 0.192745, 0.0850465], 
              [0.0249706, 0.939861, 0.0303257, 0.00484258], 
              [0.00776319, 0.990506, 0.00127616, 0.000454461], 
              [3.71835e-07, 0.000458351, 0.998974, 0.000567391], 
              [8.62717e-05, 0.000880861, 0.983721, 0.0153123], 
              [0.993062, 0.00505163, 0.00134449, 0.000542351], 
              [0.947109, 0.0068855, 0.00124094, 0.0447641], 
              [0.0585884, 0.0458646, 0.889835, 0.00571154], 
              [0.0169148, 0.116499, 0.0207371, 0.845849], 
              [0.289781, 0.145677, 0.377082, 0.187461]
            ]
          }, {
            "db": 0,
            "id": "MA0030.1",
            "alt": "FOXF2",
            "len": 14,
            "nsites": 27,
            "pwm": [
              [0.0378229, 0.369926, 0.259225, 0.333026], 
              [0.369926, 0.259225, 0.185424, 0.185424], 
              [0.628229, 0.148524, 0.0747232, 0.148524], 
              [0.463495, 0.178835, 0.178835, 0.178835], 
              [0.136783, 0.499077, 0.363217, 0.000922509], 
              [0.259225, 0.000922509, 0.73893, 0.000922509], 
              [0.000922509, 0.000922509, 0.000922509, 0.997232], 
              [0.997232, 0.000922509, 0.000922509, 0.000922509], 
              [0.997232, 0.000922509, 0.000922509, 0.000922509], 
              [0.997232, 0.000922509, 0.000922509, 0.000922509], 
              [0.000922509, 0.923432, 0.000922509, 0.0747232], 
              [0.997232, 0.000922509, 0.000922509, 0.000922509], 
              [0.591328, 0.148524, 0.0747232, 0.185424], 
              [0.259225, 0.148524, 0.222325, 0.369926]
            ]
          }, {
            "db": 0,
            "id": "MA0035.4",
            "alt": "GATA1",
            "len": 11,
            "nsites": 71828,
            "pwm": [
              [0.309197, 0.169976, 0.194284, 0.326544], 
              [0.241243, 0.201718, 0.154369, 0.40267], 
              [0.0550345, 0.869006, 0.0377572, 0.0382027], 
              [0.018294, 0.00828402, 0.00907758, 0.964344], 
              [0.691819, 0.00988505, 0.0119177, 0.286379], 
              [0.94044, 0.0179877, 0.0137554, 0.0278168], 
              [0.0307126, 0.0172359, 0.00860423, 0.943447], 
              [0.0357384, 0.917984, 0.0204798, 0.0257981], 
              [0.102982, 0.0421148, 0.0106508, 0.844252], 
              [0.369563, 0.155733, 0.199894, 0.274809], 
              [0.31542, 0.212466, 0.129824, 0.34229]
            ]
          }, {
            "db": 0,
            "id": "MA0037.4",
            "alt": "Gata3",
            "len": 12,
            "nsites": 24868,
            "pwm": [
              [0.253338, 0.1894, 0.255107, 0.302155], 
              [0.293228, 0.224626, 0.146011, 0.336134], 
              [0.0810687, 0.15518, 0.102582, 0.661169], 
              [0.0380417, 0.792261, 0.0870603, 0.082637], 
              [0.0319295, 0.0373179, 0.0112604, 0.919492], 
              [0.0395698, 0.0304818, 0.0386047, 0.891344], 
              [0.923835, 0.0227611, 0.021233, 0.0321707], 
              [0.0171716, 0.0113408, 0.0117027, 0.959785], 
              [0.0118234, 0.958619, 0.0102551, 0.0193028], 
              [0.124659, 0.0363126, 0.02445, 0.814579], 
              [0.209144, 0.263029, 0.269905, 0.257922], 
              [0.250764, 0.257158, 0.15896, 0.333119]
            ]
          }, {
            "db": 0,
            "id": "MA0041.2",
            "alt": "FOXD3",
            "len": 16,
            "nsites": 206,
            "pwm": [
              [0.417394, 0.106866, 0.0631975, 0.412542], 
              [0.568566, 0.0806509, 0.246447, 0.104336], 
              [0.347281, 0.171794, 0.171794, 0.309132], 
              [0.282812, 0.0859382, 0.580648, 0.0506018], 
              [0.255811, 0.281638, 0.0207831, 0.441767], 
              [0.810155, 0.175392, 0.00485834, 0.00959537], 
              [0.91903, 0.0431112, 0.0001213, 0.0377375], 
              [0.944414, 0.00564348, 0.0387766, 0.0111657], 
              [0.0001213, 0.251461, 0.0001213, 0.748296], 
              [0.929018, 0.0218499, 0.0109856, 0.0381463], 
              [0.850455, 0.0548211, 0.039903, 0.0548211], 
              [0.703484, 0.0700462, 0.0823859, 0.144084], 
              [0.0573622, 0.75306, 0.0573622, 0.132216], 
              [0.562911, 0.0901677, 0.135191, 0.21173], 
              [0.461885, 0.111178, 0.233926, 0.19301], 
              [0.174455, 0.255811, 0.157022, 0.412712]
            ]
          }, {
            "db": 0,
            "id": "MA0046.2",
            "alt": "HNF1A",
            "len": 15,
            "nsites": 14149,
            "pwm": [
              [0.368152, 0.172522, 0.246661, 0.212665], 
              [0.459275, 0.0273042, 0.471577, 0.0418436], 
              [0.0228061, 0.0642905, 0.0547685, 0.858135], 
              [0.147344, 0.109724, 0.0275083, 0.715424], 
              [0.981746, 0.000209925, 0.0170708, 0.00097317], 
              [0.933676, 0.0417726, 0.000529673, 0.0240217], 
              [0.0803645, 0.0266842, 0.000443324, 0.892508], 
              [0.236076, 0.265055, 0.320893, 0.177976], 
              [0.934046, 0.000595903, 0.0223808, 0.0429774], 
              [0.0452362, 0.000828841, 0.0537614, 0.900174], 
              [0.00291377, 0.0158097, 0.000279095, 0.980997], 
              [0.814984, 0.013653, 0.0770129, 0.0943505], 
              [0.878106, 0.0431343, 0.0679588, 0.0108004], 
              [0.0864826, 0.822325, 0.0380696, 0.0531224], 
              [0.280726, 0.242208, 0.160789, 0.316276]
            ]
          }, {
            "db": 0,
            "id": "MA0047.3",
            "alt": "FOXA2",
            "len": 11,
            "nsites": 262153,
            "pwm": [
              [0.428151, 0.13, 0.243392, 0.198457], 
              [0.357577, 0.0474228, 0.147006, 0.447994], 
              [0.0715995, 0.0111691, 0.901424, 0.0158076], 
              [0.0142551, 0.00777036, 0.00720962, 0.970765], 
              [0.93001, 0.0359486, 0.0100744, 0.023967], 
              [0.850881, 0.085557, 0.0247337, 0.0388286], 
              [0.946828, 0.0126988, 0.0107, 0.0297728], 
              [0.00919701, 0.751351, 0.013744, 0.225708], 
              [0.94092, 0.0117718, 0.0113828, 0.0359257], 
              [0.293531, 0.192926, 0.192739, 0.320805], 
              [0.325802, 0.204587, 0.216027, 0.253585]
            ]
          }, {
            "db": 0,
            "id": "MA0050.3",
            "alt": "Irf1",
            "len": 15,
            "nsites": 15640,
            "pwm": [
              [0.514896, 0.134975, 0.140602, 0.209527], 
              [0.288427, 0.251343, 0.245524, 0.214706], 
              [0.238107, 0.0826098, 0.130116, 0.549167], 
              [0.106203, 0.0407302, 0.810866, 0.0422008], 
              [0.880559, 0.0230833, 0.0654743, 0.0308838], 
              [0.945967, 0.016178, 0.0164977, 0.021357], 
              [0.951274, 0.0112547, 0.0153468, 0.0221242], 
              [0.123978, 0.628003, 0.211957, 0.0360627], 
              [0.121484, 0.0596559, 0.0175207, 0.801339], 
              [0.0650268, 0.0200782, 0.895968, 0.0189273], 
              [0.904408, 0.0190552, 0.0495537, 0.0269835], 
              [0.922246, 0.0225718, 0.0319068, 0.0232751], 
              [0.906134, 0.023339, 0.0388121, 0.0317149], 
              [0.170077, 0.32289, 0.383567, 0.123466], 
              [0.22711, 0.261317, 0.122891, 0.388682]
            ]
          }, {
            "db": 0,
            "id": "MA0051.1",
            "alt": "IRF2",
            "len": 18,
            "nsites": 12,
            "pwm": [
              [0.00206612, 0.332645, 0.580579, 0.0847107], 
              [0.167355, 0.00206612, 0.828512, 0.00206612], 
              [0.993802, 0.00206612, 0.00206612, 0.00206612], 
              [0.911157, 0.00206612, 0.00206612, 0.0847107], 
              [0.993802, 0.00206612, 0.00206612, 0.00206612], 
              [0.167355, 0.00206612, 0.828512, 0.00206612], 
              [0.00206612, 0.497934, 0.00206612, 0.497934], 
              [0.00206612, 0.00206612, 0.993802, 0.00206612], 
              [0.993802, 0.00206612, 0.00206612, 0.00206612], 
              [0.993802, 0.00206612, 0.00206612, 0.00206612], 
              [0.993802, 0.00206612, 0.00206612, 0.00206612], 
              [0.00206612, 0.497934, 0.497934, 0.00206612], 
              [0.00206612, 0.580579, 0.167355, 0.25], 
              [0.415289, 0.167355, 0.25, 0.167355], 
              [0.497934, 0.00206612, 0.167355, 0.332645], 
              [0.497934, 0.0847107, 0.0847107, 0.332645], 
              [0.415289, 0.167355, 0.0847107, 0.332645], 
              [0.25, 0.497934, 0.0847107, 0.167355]
            ]
          }, {
            "db": 0,
            "id": "MA0052.4",
            "alt": "MEF2A",
            "len": 15,
            "nsites": 16162,
            "pwm": [
              [0.314008, 0.131111, 0.2259, 0.328981], 
              [0.249536, 0.121273, 0.277998, 0.351194], 
              [0.122758, 0.675594, 0.0623078, 0.13934], 
              [0.038796, 0.184012, 0.0146036, 0.762588], 
              [0.769518, 0.062679, 0.0659583, 0.101845], 
              [0.81252, 0.0156554, 0.0377442, 0.134081], 
              [0.908299, 0.00872566, 0.0313094, 0.0516656], 
              [0.894254, 0.0142942, 0.014913, 0.0765386], 
              [0.925376, 0.0107056, 0.0124999, 0.0514181], 
              [0.0272876, 0.0215953, 0.0133043, 0.937813], 
              [0.964109, 0.00309521, 0.026112, 0.00668385], 
              [0.158768, 0.0655871, 0.687041, 0.0886039], 
              [0.476982, 0.249907, 0.099308, 0.173803], 
              [0.381821, 0.217981, 0.111992, 0.288207], 
              [0.325083, 0.235862, 0.153385, 0.28567]
            ]
          }, {
            "db": 0,
            "id": "MA0060.3",
            "alt": "NFYA",
            "len": 11,
            "nsites": 4825,
            "pwm": [
              [0.393158, 0.156893, 0.376163, 0.073786], 
              [0.398753, 0.083734, 0.385075, 0.132438], 
              [0.00477192, 0.965167, 0.00705167, 0.0230099], 
              [0.00642992, 0.976772, 0.00580817, 0.0109894], 
              [0.970555, 0.00601542, 0.00352843, 0.0199011], 
              [0.950037, 0.0194866, 0.0257041, 0.00477192], 
              [0.00767341, 0.0273621, 0.00228492, 0.96268], 
              [0.0344086, 0.873562, 0.0661178, 0.0259114], 
              [0.847242, 0.0441493, 0.10135, 0.00725892], 
              [0.126635, 0.234404, 0.562273, 0.0766875], 
              [0.384453, 0.28373, 0.183836, 0.147981]
            ]
          }, {
            "db": 0,
            "id": "MA0062.3",
            "alt": "GABPA",
            "len": 14,
            "nsites": 65479,
            "pwm": [
              [0.242627, 0.258434, 0.243513, 0.255425], 
              [0.167703, 0.331083, 0.210006, 0.291208], 
              [0.116664, 0.632233, 0.106737, 0.144367], 
              [0.798118, 0.0609053, 0.0744211, 0.066556], 
              [0.0141881, 0.850104, 0.0331255, 0.102583], 
              [0.0593323, 0.0220379, 0.0147379, 0.903892], 
              [0.0131649, 0.018785, 0.0249396, 0.94311], 
              [0.0213507, 0.937292, 0.0175632, 0.0237942], 
              [0.0151655, 0.963774, 0.00794185, 0.0131191], 
              [0.0262989, 0.0235499, 0.0696562, 0.880495], 
              [0.0338891, 0.0966419, 0.792925, 0.0765439], 
              [0.0816142, 0.183357, 0.117901, 0.617129], 
              [0.181784, 0.277249, 0.230318, 0.310649], 
              [0.206509, 0.265459, 0.201393, 0.326639]
            ]
          }, {
            "db": 0,
            "id": "MA0080.6",
            "alt": "Spi1",
            "len": 17,
            "nsites": 105198,
            "pwm": [
              [0.394485, 0.147037, 0.262961, 0.195517], 
              [0.35667, 0.141647, 0.348191, 0.153492], 
              [0.632436, 0.0652391, 0.216801, 0.0855246], 
              [0.782144, 0.0547351, 0.100896, 0.0622257], 
              [0.774358, 0.0221489, 0.0971503, 0.106342], 
              [0.082093, 0.115981, 0.760337, 0.0415884], 
              [0.855073, 0.0246585, 0.0915989, 0.02867], 
              [0.0387557, 0.00522847, 0.944504, 0.0115119], 
              [0.0192781, 0.00789962, 0.963734, 0.00908786], 
              [0.969714, 0.0104092, 0.010105, 0.00977228], 
              [0.94611, 0.00910687, 0.0173199, 0.0274627], 
              [0.072397, 0.0671783, 0.847354, 0.0130708], 
              [0.161572, 0.0353241, 0.0487464, 0.754358], 
              [0.0947928, 0.0577484, 0.792648, 0.0548111], 
              [0.22048, 0.11005, 0.548195, 0.121276], 
              [0.373828, 0.165716, 0.264957, 0.195498], 
              [0.355225, 0.162199, 0.249159, 0.233417]
            ]
          }, {
            "db": 0,
            "id": "MA0081.2",
            "alt": "SPIB",
            "len": 16,
            "nsites": 26930,
            "pwm": [
              [0.198552, 0.215262, 0.149499, 0.436687], 
              [0.173858, 0.307946, 0.168734, 0.349461], 
              [0.0809141, 0.23873, 0.118567, 0.561789], 
              [0.0140744, 0.89012, 0.0639071, 0.0318983], 
              [0.903043, 0.0229864, 0.024843, 0.0491281], 
              [0.00887576, 0.844038, 0.093428, 0.0536584], 
              [0.0167109, 0.00876436, 0.00583084, 0.968694], 
              [0.00705623, 0.00742756, 0.00902428, 0.976492], 
              [0.00765036, 0.970848, 0.00568231, 0.0158197], 
              [0.0102126, 0.9466, 0.00479111, 0.0383966], 
              [0.0321211, 0.167731, 0.0679175, 0.73223], 
              [0.0378768, 0.74686, 0.0860013, 0.129261], 
              [0.184293, 0.145637, 0.0290019, 0.641068], 
              [0.105385, 0.201448, 0.0774979, 0.615669], 
              [0.154438, 0.223877, 0.0894547, 0.532231], 
              [0.149499, 0.318938, 0.154661, 0.376903]
            ]
          }, {
            "db": 0,
            "id": "MA0090.3",
            "alt": "TEAD1",
            "len": 13,
            "nsites": 70398,
            "pwm": [
              [0.251271, 0.273758, 0.204963, 0.270008], 
              [0.236527, 0.313347, 0.171212, 0.278914], 
              [0.824312, 0.0177281, 0.130387, 0.0275721], 
              [0.0865936, 0.870422, 0.0273164, 0.0156684], 
              [0.967441, 0.00917674, 0.0134382, 0.0099438], 
              [0.00759999, 0.0099438, 0.00917674, 0.973279], 
              [0.0706841, 0.00883582, 0.0171883, 0.903292], 
              [0.0191486, 0.951063, 0.0108671, 0.0189213], 
              [0.00997221, 0.960751, 0.005313, 0.0239641], 
              [0.81238, 0.0245607, 0.0291347, 0.133924], 
              [0.129606, 0.088284, 0.679791, 0.102318], 
              [0.188244, 0.284127, 0.376786, 0.150842], 
              [0.27265, 0.303389, 0.232166, 0.191795]
            ]
          }, {
            "db": 0,
            "id": "MA0098.3",
            "alt": "ETS1",
            "len": 10,
            "nsites": 3774,
            "pwm": [
              [0.710905, 0.055649, 0.169583, 0.0638629], 
              [0.0565733, 0.843165, 0.0933417, 0.00692033], 
              [0.13644, 0.8613, 0.00225375, 6.6241e-06], 
