<!DOCTYPE HTML>
<html>
  <head>
    <meta charset="UTF-8">
    <title>STREME</title>
    <script>
      // @JSON_VAR data
      var data = {
        "program": "streme",
        "version": "5.3.0",
        "release": "Wed Nov 25 19:19:29 2020 -0800",
        "cmd": [
          "streme", "--p", "WT-unique.fa", "--oc", "WT-unique", "--maxw",
          "21"
        ],
        "options": {
          "strands": "both",
          "objfun": "Differential Enrichment",
          "test": "Fisher Exact Test",
          "minw": 8,
          "maxw": 21,
          "kmer": 3,
          "hofract": 0.1,
          "neval": 25,
          "nref": 4,
          "niter": 20,
          "patience": 3,
          "seed": 0,
          "useer": false,
          "minscore": 0,
          "ignore_depth": 5,
          "nsubsets": 1,
          "min_pal_ratio": 0.85,
          "max_pal_ed": 5,
          "cand": false,
          "experimental": false,
          "totallength": 0,
          "stop": {
            "pvt": "0.05"
          }
        },
        "alphabet": {
          "name": "DNA",
          "like": "dna",
          "ncore": 4,
          "symbols": [
            {
              "symbol": "A",
              "name": "Adenine",
              "colour": "CC0000",
              "complement": "T"
            }, {
              "symbol": "C",
              "name": "Cytosine",
              "colour": "0000CC",
              "complement": "G"
            }, {
              "symbol": "G",
              "name": "Guanine",
              "colour": "FFB300",
              "complement": "C"
            }, {
              "symbol": "T",
              "aliases": "U",
              "name": "Thymine",
              "colour": "008000",
              "complement": "A"
            }, {
              "symbol": "N",
              "aliases": "X.",
              "name": "Any base",
              "equals": "ACGT"
            }, {
              "symbol": "V",
              "name": "Not T",
              "equals": "ACG"
            }, {
              "symbol": "H",
              "name": "Not G",
              "equals": "ACT"
            }, {
              "symbol": "D",
              "name": "Not C",
              "equals": "AGT"
            }, {
              "symbol": "B",
              "name": "Not A",
              "equals": "CGT"
            }, {
              "symbol": "M",
              "name": "Amino",
              "equals": "AC"
            }, {
              "symbol": "R",
              "name": "Purine",
              "equals": "AG"
            }, {
              "symbol": "W",
              "name": "Weak",
              "equals": "AT"
            }, {
              "symbol": "S",
              "name": "Strong",
              "equals": "CG"
            }, {
              "symbol": "Y",
              "name": "Pyrimidine",
              "equals": "CT"
            }, {
              "symbol": "K",
              "name": "Keto",
              "equals": "GT"
            }
          ]
        },
        "background": {
          "freqs": [0.263, 0.237, 0.237, 0.263]
        },
        "train_positives": {
          "file": "WT-unique.fa",
          "count": 17388,
          "positions": 3512375
        },
        "train_negatives": {
          "from": "shuffled",
          "count": 17388,
          "positions": 3512375
        },
        "test_positives": {
          "count": 1932,
          "positions": 390263
        },
        "test_negatives": {
          "count": 1932,
          "positions": 390263
        },
        "sequence_db": {},
        "motifs": [
          {
            "db": 0,
            "id": "1-CAGCCTGGSCAACAKRG",
            "alt": "STREME-1",
            "width": 17,
            "initial_width": 7,
            "seed": "CAGCCTGGGCGACAGAG",
            "score_threshold": 14.355,
            "train_pos_count": 1553,
            "train_neg_count": 7,
            "train_log_pvalue": -466.582,
            "train_pvalue": "2.6e-467",
            "train_dtc": -1.0,
            "train_bernoulli": -1,
            "test_pos_count": 162,
            "test_neg_count": 0,
            "test_log_pvalue": -50.297,
            "test_pvalue": "5.0e-051",
            "test_dtc": -1.0,
            "test_bernoulli": -1,
            "elapsed_time": 215.2,
            "len": 17,
            "nsites": 1715,
            "evalue": "5.0e-051",
            "pwm": [
              [0.0058443, 0.958543, 0.00390202, 0.0317112], 
              [0.982472, 0.00196205, 0.011015, 0.004551], 
              [0.0258907, 0.0129551, 0.892574, 0.0685805], 
              [0.004551, 0.95919, 0.00648854, 0.0297707], 
              [0.00519766, 0.96307, 0.00584191, 0.0258904], 
              [0.00196448, 0.0136018, 0.00131542, 0.983118], 
              [0.0394711, 0.003902, 0.952723, 0.00390439], 
              [0.0983422, 0.00196208, 0.892558, 0.00713756], 
              [0.0258906, 0.335382, 0.619303, 0.0194244], 
              [0.0226581, 0.754692, 0.00713543, 0.215514], 
              [0.687968, 0.00972212, 0.297112, 0.00519778], 
              [0.97588, 0.000668776, 0.0188998, 0.00455106], 
              [0.0187775, 0.902928, 0.0213624, 0.0569321], 
              [0.950138, 0.00584189, 0.0375287, 0.00649097], 
              [0.111284, 0.0789242, 0.397439, 0.412353], 
              [0.539724, 0.00519527, 0.43889, 0.0161908], 
              [0.112575, 0.00713523, 0.871859, 0.00843081]
            ]
          }, {
            "db": 0,
            "id": "2-AGGCYGAGGCRGGAGRATCRC",
            "alt": "STREME-2",
            "width": 21,
            "initial_width": 18,
            "seed": "AGGCTGAGGCAGGAGAATTGC",
            "score_threshold": 13.8241,
            "train_pos_count": 1444,
            "train_neg_count": 2,
            "train_log_pvalue": -442.812,
            "train_pvalue": "1.5e-443",
            "train_dtc": -1.0,
            "train_bernoulli": -1,
            "test_pos_count": 161,
            "test_neg_count": 0,
            "test_log_pvalue": -49.9767,
            "test_pvalue": "1.1e-050",
            "test_dtc": -1.0,
            "test_bernoulli": -1,
            "elapsed_time": 326.5,
            "len": 21,
            "nsites": 1605,
            "evalue": "1.1e-050",
            "pwm": [
              [0.962437, 0.00349497, 0.0208511, 0.0132169], 
              [0.0423753, 0.00280073, 0.947161, 0.00766296], 
              [0.0291846, 0.0111316, 0.949244, 0.01044], 
              [0.0104399, 0.959657, 0.00557772, 0.0243249], 
              [0.0118285, 0.348561, 0.00835466, 0.631256], 
              [0.15624, 0.00835468, 0.827743, 0.00766296], 
              [0.977016, 0.00349497, 0.0118259, 0.00766296], 
              [0.0430699, 0.00557769, 0.945772, 0.00558027], 
              [0.0514008, 0.00349497, 0.936053, 0.00905144], 
              [0.0152997, 0.729158, 0.0090489, 0.246493], 
              [0.555583, 0.00904892, 0.411044, 0.0243248], 
              [0.0534833, 0.0284882, 0.897869, 0.0201595], 
              [0.0722293, 0.00627196, 0.918695, 0.00280327], 
              [0.588903, 0.211785, 0.0229338, 0.176378], 
              [0.127773, 0.00904907, 0.85482, 0.00835731], 
              [0.419503, 0.0111316, 0.566563, 0.00280327], 
              [0.974933, 0.00557772, 0.0152971, 0.00419176], 
              [0.00349751, 0.0333479, 0.00210649, 0.961048], 
              [0.0139113, 0.730501, 0.0646084, 0.190979], 
              [0.549944, 0.0222396, 0.399326, 0.0284906], 
              [0.0139112, 0.908283, 0.0152971, 0.0625088]
            ]
          }, {
            "db": 0,
            "id": "3-CTGTAATCCCAGCWMYTYGGG",
            "alt": "STREME-3",
            "width": 21,
            "initial_width": 11,
            "seed": "CTGTAATCCCAGCTACTTGGG",
            "score_threshold": 11.2605,
            "train_pos_count": 1497,
            "train_neg_count": 3,
            "train_log_pvalue": -457.355,
            "train_pvalue": "4.4e-458",
            "train_dtc": -1.0,
            "train_bernoulli": -1,
            "test_pos_count": 156,
            "test_neg_count": 0,
            "test_log_pvalue": -48.3769,
            "test_pvalue": "4.2e-049",
            "test_dtc": -1.0,
            "test_bernoulli": -1,
            "elapsed_time": 89.7,
            "len": 21,
            "nsites": 1653,
            "evalue": "4.2e-049",
            "pwm": [
              [0.00679899, 0.956283, 0.00303488, 0.0338827], 
              [0.00378988, 0.0128146, 0.0052917, 0.978104], 
              [0.0594641, 0.0113099, 0.925436, 0.00378988], 
              [0.00604689, 0.013567, 0.00378719, 0.976599], 
              [0.960801, 0.0128147, 0.0165761, 0.0098081], 
              [0.76966, 0.00830083, 0.215993, 0.00604672], 
              [0.00679907, 0.0120622, 0.00378712, 0.977352], 
              [0.0143218, 0.928449, 0.0143192, 0.0429099], 
              [0.0180833, 0.899855, 0.00830095, 0.0737604], 
              [0.00378988, 0.94199, 0.0045394, 0.0496803], 
              [0.975094, 0.00679625, 0.0135672, 0.00454219], 
              [0.0436668, 0.00980535, 0.941233, 0.00529446], 
              [0.0135695, 0.937477, 0.016576, 0.0323776], 
              [0.437803, 0.0180806, 0.0113099, 0.532807], 
              [0.516256, 0.416731, 0.0301175, 0.0368954], 
              [0.00679898, 0.520767, 0.00980535, 0.462628], 
              [0.00529443, 0.0218421, 0.00905329, 0.96381], 
              [0.0210923, 0.35523, 0.0210901, 0.602588], 
              [0.181406, 0.0188326, 0.774154, 0.0256066], 
              [0.0624698, 0.00378712, 0.921678, 0.012065], 
              [0.0496811, 0.0105578, 0.927696, 0.0120649]
            ]
          }, {
            "db": 0,
            "id": "4-TWKTWGAGACRGRGTYT",
            "alt": "STREME-4",
            "width": 17,
            "initial_width": 7,
            "seed": "TAGTAGAGACGGAGTTT",
            "score_threshold": 13.7079,
            "train_pos_count": 1433,
            "train_neg_count": 17,
            "train_log_pvalue": -410.396,
            "train_pvalue": "4.0e-411",
            "train_dtc": -1.0,
            "train_bernoulli": -1,
            "test_pos_count": 147,
            "test_neg_count": 2,
            "test_log_pvalue": -42.026,
            "test_pvalue": "9.4e-043",
            "test_dtc": -1.0,
            "test_bernoulli": -1,
            "elapsed_time": 640.1,
            "len": 17,
            "nsites": 1580,
            "evalue": "9.4e-043",
            "pwm": [
              [0.0145645, 0.0257972, 0.0251367, 0.934502], 
              [0.428692, 0.0125794, 0.036372, 0.522356], 
              [0.0363739, 0.0099359, 0.513949, 0.439741], 
              [0.0105992, 0.0271191, 0.00464877, 0.957633], 
              [0.566162, 0.00993583, 0.0324062, 0.391496], 
              [0.0343912, 0.0132405, 0.940447, 0.0119215], 
              [0.986712, 2.26253e-05, 0.00663152, 0.00663386], 
              [0.0258, 0.0105968, 0.954987, 0.00861649], 
              [0.945076, 0.00398798, 0.0416587, 0.00927737], 
              [0.00729474, 0.662018, 0.00795322, 0.322734], 
              [0.355055, 0.00927503, 0.618461, 0.0172084], 
              [0.0899067, 0.0099358, 0.881628, 0.0185299], 
              [0.376943, 0.00795325, 0.591287, 0.0238169], 
              [0.0588453, 0.00464877, 0.914011, 0.022495], 
              [0.00861649, 0.0125795, 0.0218323, 0.956972], 
              [0.00399037, 0.439069, 0.00464877, 0.552292], 
              [0.00266859, 0.0291017, 0.00530965, 0.96292]
            ]
          }, {
            "db": 0,
            "id": "5-GRGYGCRGTGGC",
            "alt": "STREME-5",
            "width": 12,
            "initial_width": 12,
            "seed": "GAGTGCAGTGGC",
            "score_threshold": 12.3453,
            "train_pos_count": 1594,
            "train_neg_count": 103,
            "train_log_pvalue": -358.119,
            "train_pvalue": "7.6e-359",
            "train_dtc": -1.0,
            "train_bernoulli": -1,
            "test_pos_count": 152,
            "test_neg_count": 11,
            "test_log_pvalue": -33.6121,
            "test_pvalue": "2.4e-034",
            "test_dtc": -1.0,
            "test_bernoulli": -1,
            "elapsed_time": 418.8,
            "len": 12,
            "nsites": 1746,
            "evalue": "2.4e-034",
            "pwm": [
              [0.119366, 2.28702e-05, 0.880586, 2.53182e-05], 
              [0.513137, 2.28702e-05, 0.4774, 0.00944088], 
              [0.0384721, 2.28702e-05, 0.96148, 2.53182e-05], 
              [2.53182e-05, 0.340895, 2.28702e-05, 0.659057], 
              [0.139142, 2.28702e-05, 0.86081, 2.53182e-05], 
              [2.53182e-05, 0.741796, 2.28702e-05, 0.258156], 
              [0.588864, 0.010712, 0.400399, 2.53182e-05], 
              [0.0999596, 2.28702e-05, 0.899992, 2.53182e-05], 
              [2.53182e-05, 0.0201272, 2.28702e-05, 0.979825], 
              [0.00769234, 2.28702e-05, 0.992259, 2.53182e-05], 
              [0.0334316, 2.28702e-05, 0.96652, 2.53182e-05], 
              [2.53182e-05, 0.761882, 2.28702e-05, 0.23807]
            ]
          }, {
            "db": 0,
            "id": "6-GAGGTTGCAGTGAGCYGAGAT",
            "alt": "STREME-6",
            "width": 21,
            "initial_width": 15,
            "seed": "GAGGTTGCAGTGAGCTGAGAT",
            "score_threshold": 10.8313,
            "train_pos_count": 889,
            "train_neg_count": 2,
            "train_log_pvalue": -267.655,
            "train_pvalue": "2.2e-268",
            "train_dtc": -1.0,
            "train_bernoulli": -1,
            "test_pos_count": 105,
            "test_neg_count": 0,
            "test_log_pvalue": -32.239,
            "test_pvalue": "5.8e-033",
            "test_dtc": -1.0,
            "test_bernoulli": -1,
            "elapsed_time": 509.4,
            "len": 21,
            "nsites": 994,
            "evalue": "5.8e-033",
            "pwm": [
              [0.0672359, 0.00244072, 0.926678, 0.00364493], 
              [0.985474, 0.0012409, 0.0108395, 0.00244511], 
              [0.0456396, 0.00963974, 0.937476, 0.00724439], 
              [0.0444393, 0.106852, 0.829465, 0.0192434], 
              [0.00124529, 0.187216, 0.00963969, 0.801899], 
              [0.00604457, 0.00364054, 0.00604018, 0.984275], 
              [0.0420397, 0.0012409, 0.936277, 0.0204424], 
              [0.00964408, 0.923077, 0.00484036, 0.0624383], 
              [0.921882, 0.00724005, 0.0624334, 0.00844426], 
              [0.0372403, 0.00963969, 0.945876, 0.00724444], 
              [0.00484475, 0.0336362, 0.00963964, 0.951879], 
              [0.0444391, 0.0120394, 0.935077, 0.00844421], 
              [0.975876, 0.00364054, 0.0168387, 0.00364493], 
              [0.0420398, 0.00364054, 0.950675, 0.00364493], 
              [0.0120437, 0.933877, 0.00843982, 0.0456394], 
              [0.050443, 0.606183, 0.0276372, 0.315737], 
              [0.312076, 0.0120393, 0.66624, 0.00964403], 
              [0.811499, 0.0168386, 0.0156388, 0.156024], 
              [0.0408394, 0.0144389, 0.930278, 0.0144434], 
              [0.938681, 0.00963964, 0.0336364, 0.0180429], 
              [0.00484475, 0.0684333, 0.00963964, 0.917082]
            ]
          }, {
            "db": 0,
            "id": "7-GTCTCGAACTCCTGACCT",
            "alt": "STREME-7",
            "width": 18,
            "initial_width": 15,
            "seed": "GTCTCGAACTCCTGATCT",
            "score_threshold": 12.747,
            "train_pos_count": 863,
            "train_neg_count": 8,
            "train_log_pvalue": -247.969,
            "train_pvalue": "1.1e-248",
            "train_dtc": -1.0,
            "train_bernoulli": -1,
            "test_pos_count": 84,
            "test_neg_count": 1,
            "test_log_pvalue": -24.0442,
            "test_pvalue": "9.0e-025",
            "test_dtc": -1.0,
            "test_bernoulli": -1,
            "elapsed_time": 739.4,
            "len": 18,
            "nsites": 947,
            "evalue": "9.0e-025",
            "pwm": [
              [0.0369706, 0.0155257, 0.933165, 0.0143387], 
              [0.0024274, 0.027437, 0.00361417, 0.966521], 
              [0.0083831, 0.934356, 0.00718761, 0.050073], 
              [0.0024274, 0.0107611, 0.00837869, 0.978433], 
              [0.0119565, 0.655471, 0.0322015, 0.300371], 
              [0.259797, 0.0298204, 0.705573, 0.00480966], 
              [0.982006, 0.00361417, 0.0131432, 0.00123627], 
              [0.843803, 0.00242306, 0.0167167, 0.137058], 
              [0.00600079, 0.955797, 0.00599643, 0.0322058], 
              [0.00957418, 0.0298205, 0.00599643, 0.954609], 
              [0.0024274, 0.949841, 0.0131433, 0.0345883], 
              [0.0083831, 0.927209, 0.00599643, 0.0584118], 
              [0.00838305, 0.0536434, 0.00837869, 0.929595], 
              [0.0310147, 0.00837869, 0.946268, 0.0143388], 
              [0.744951, 0.00956981, 0.235905, 0.00957423], 
              [0.0286326, 0.771159, 0.162047, 0.0381617], 
              [0.00957418, 0.930782, 0.00361417, 0.0560298], 
              [0.00838305, 0.0119522, 0.0107609, 0.968904]
            ]
          }, {
            "db": 0,
            "id": "8-CCTCCYGGGTTCAA",
            "alt": "STREME-8",
            "width": 14,
            "initial_width": 14,
            "seed": "CCTCCCGGGTTCAA",
            "score_threshold": 13.8843,
            "train_pos_count": 716,
            "train_neg_count": 13,
            "train_log_pvalue": -195.216,
            "train_pvalue": "6.1e-196",
            "train_dtc": -1.0,
            "train_bernoulli": -1,
            "test_pos_count": 81,
            "test_neg_count": 5,
            "test_log_pvalue": -18.6479,
            "test_pvalue": "2.2e-019",
            "test_dtc": -1.0,
            "test_bernoulli": -1,
            "elapsed_time": 873.9,
            "len": 14,
            "nsites": 797,
            "evalue": "2.2e-019",
            "pwm": [
              [0.0467827, 0.926212, 0.00429607, 0.0227092], 
              [0.00146951, 0.968694, 4.84717e-05, 0.0297879], 
              [0.0102378, 0.00571188, 0.0085436, 0.975507], 
              [0.00571704, 0.94604, 0.00854372, 0.0396995], 
              [0.00854885, 0.946868, 0.00429607, 0.0402869], 
              [0.00430126, 0.619932, 0.000636081, 0.375131], 
              [0.317509, 0.00629952, 0.654312, 0.0218796], 
              [0.0396997, 0.00429607, 0.946868, 0.00913646], 
              [0.0297875, 0.0113755, 0.94604, 0.0127965], 
              [0.0057171, 0.171407, 0.00995974, 0.812916], 
              [5.366e-05, 0.00854396, 0.00429607, 0.987106], 
              [0.00288535, 0.977191, 0.00995939, 0.00996476], 
              [0.967284, 0.0113755, 0.0198705, 0.00146951], 
              [0.855817, 0.0882723, 0.0346184, 0.0212925]
            ]
          }, {
            "db": 0,
            "id": "9-AAAAATTAGCC",
            "alt": "STREME-9",
            "width": 11,
            "initial_width": 11,
            "seed": "AAAAATTAGCC",
            "score_threshold": 13.7117,
            "train_pos_count": 645,
            "train_neg_count": 25,
            "train_log_pvalue": -158.853,
            "train_pvalue": "1.4e-159",
            "train_dtc": -1.0,
            "train_bernoulli": -1,
            "test_pos_count": 66,
            "test_neg_count": 6,
            "test_log_pvalue": -13.6437,
            "test_pvalue": "2.3e-014",
            "test_dtc": -1.0,
            "test_bernoulli": -1,
            "elapsed_time": 1001.3,
            "len": 11,
            "nsites": 711,
            "evalue": "2.3e-014",
            "pwm": [
              [0.946293, 0.0395832, 0.0105878, 0.00353642], 
              [0.992873, 0.00181451, 0.00451787, 0.000794628], 
              [0.984353, 0.00181451, 0.00323803, 0.0105942], 
              [0.980594, 0.0114253, 0.00181451, 0.0061665], 
              [0.989517, 0.000537304, 0.00987897, 6.64927e-05], 
              [6.64927e-05, 0.00616007, 0.00246171, 0.991312], 
              [6.64927e-05, 6.00636e-05, 6.00636e-05, 0.999813], 
              [0.998059, 0.00181451, 6.00636e-05, 6.64927e-05], 
              [0.0183044, 6.00636e-05, 0.977811, 0.00382481], 
              [0.00421981, 0.967978, 6.00636e-05, 0.0277417], 
              [0.000567487, 0.756817, 0.00566185, 0.236954]
            ]
          }, {
            "db": 0,
            "id": "10-RGGCRYGGTGGCKCAYGC",
            "alt": "STREME-10",
            "width": 18,
            "initial_width": 14,
            "seed": "AGGCATGGTGGCTCACGC",
            "score_threshold": 14.6779,
            "train_pos_count": 554,
            "train_neg_count": 20,
            "train_log_pvalue": -137.936,
            "train_pvalue": "1.2e-138",
            "train_dtc": -1.0,
            "train_bernoulli": -1,
            "test_pos_count": 60,
            "test_neg_count": 6,
            "test_log_pvalue": -12.0298,
            "test_pvalue": "9.3e-013",
            "test_dtc": -1.0,
            "test_bernoulli": -1,
            "elapsed_time": 1574.7,
            "len": 18,
            "nsites": 614,
            "evalue": "9.3e-013",
            "pwm": [
              [0.479665, 0.079405, 0.395019, 0.0459103], 
              [0.0353309, 0.0106396, 0.943383, 0.0106461], 
              [0.0952799, 0.0511933, 0.834065, 0.0194621], 
              [0.0459105, 0.789984, 0.0423774, 0.121728], 
              [0.497297, 0.0494302, 0.38973, 0.0635426], 
              [0.0388574, 0.326255, 0.0194557, 0.615432], 
              [0.142888, 0.0265085, 0.786457, 0.044147], 
              [0.0547263, 0.00534998, 0.922225, 0.0176989], 
              [0.0124093, 0.0494301, 0.0335613, 0.904599], 
              [0.0935169, 6.03636e-05, 0.886961, 0.0194621], 
              [0.0653055, 0.014166, 0.895777, 0.0247517], 
              [0.0106461, 0.770589, 0.00534998, 0.213415], 
              [0.206364, 0.0176924, 0.283937, 0.492007], 
              [0.00711965, 0.731798, 0.14817, 0.112912], 
              [0.670092, 0.00182357, 0.317438, 0.0106461], 
              [0.0159358, 0.578395, 0.00534998, 0.400319], 
              [0.246916, 0.00182357, 0.740614, 0.0106461], 
              [0.00359324, 0.952199, 6.03636e-05, 0.044147]
            ]
          }, {
            "db": 0,
            "id": "11-AAAAAAAAAAAAAAAAAAA",
            "alt": "STREME-11",
            "width": 19,
            "initial_width": 19,
            "seed": "AAAAAAAAAAAAAAAAAAA",
            "score_threshold": 13.0087,
            "train_pos_count": 1245,
            "train_neg_count": 282,
            "train_log_pvalue": -149.93,
            "train_pvalue": "1.2e-150",
            "train_dtc": -1.0,
            "train_bernoulli": -1,
            "test_pos_count": 103,
            "test_neg_count": 30,
            "test_log_pvalue": -10.4481,
            "test_pvalue": "3.6e-011",
            "test_dtc": -1.0,
            "test_bernoulli": -1,
            "elapsed_time": 1255.0,
            "len": 19,
            "nsites": 1348,
            "evalue": "3.6e-011",
            "pwm": [
              [0.984891, 0.0121936, 2.77648e-05, 0.00288788], 
              [0.970717, 0.029225, 2.77648e-05, 3.07367e-05], 
              [0.921051, 0.00813822, 0.014652, 0.0561587], 
              [0.913413, 0.00489378, 0.0411114, 0.0405822], 
              [0.639557, 0.241078, 0.0270159, 0.0923493], 
              [0.908476, 0.000838768, 0.0692316, 0.0214535], 
              [0.921245, 0.0121934, 0.00408278, 0.0624787], 
              [0.885245, 0.0162483, 0.0408925, 0.0576142], 
              [0.852232, 0.0998595, 0.0324686, 0.01544], 
              [0.760807, 0.162908, 0.0256334, 0.0506514], 
              [0.774813, 0.0441589, 0.0654971, 0.115531], 
              [0.888213, 0.00732683, 0.0460361, 0.0584243], 
              [0.834074, 0.105262, 0.0533341, 0.0073298], 
              [0.87596, 0.0181403, 0.0961365, 0.00976291], 
              [0.682343, 0.160681, 0.0798992, 0.0770777], 
              [0.752439, 0.0620975, 0.0629691, 0.122494], 
              [0.586188, 0.115397, 0.214413, 0.0840027], 
              [0.818828, 0.0612786, 0.0198946, 0.0999988], 
              [0.894051, 0.0594215, 0.020892, 0.0256357]
            ]
          }, {
            "db": 0,
            "id": "12-CCCCACCCCCACCCC",
            "alt": "STREME-12",
            "width": 15,
            "initial_width": 11,
            "seed": "CCCCACCCCCACCCC",
            "score_threshold": 10.5237,
            "train_pos_count": 1946,
            "train_neg_count": 927,
            "train_log_pvalue": -88.8072,
            "train_pvalue": "1.6e-089",
            "train_dtc": -1.0,
            "train_bernoulli": -1,
            "test_pos_count": 208,
            "test_neg_count": 105,
            "test_log_pvalue": -9.17694,
            "test_pvalue": "6.7e-010",
            "test_dtc": -1.0,
            "test_bernoulli": -1,
            "elapsed_time": 2059.9,
            "len": 15,
            "nsites": 2154,
            "evalue": "6.7e-010",
            "pwm": [
              [0.0529102, 0.838064, 0.0440916, 0.0649339], 
              [0.0538236, 0.840958, 0.0529084, 0.0523094], 
              [0.0398159, 0.884175, 0.0355102, 0.0404989], 
              [0.0500423, 0.857779, 0.0449056, 0.0472733], 
              [0.728965, 0.034805, 0.129241, 0.106989], 
              [0.0580452, 0.838064, 0.058683, 0.0452076], 
              [0.0485018, 0.846695, 0.0462328, 0.0585705], 
              [0.0669879, 0.801097, 0.0559458, 0.0759692], 
              [0.0823059, 0.793012, 0.0472984, 0.0773838], 
              [0.0887553, 0.774796, 0.0686524, 0.0677968], 
              [0.57855, 0.128687, 0.142423, 0.15034], 
              [0.0930457, 0.644341, 0.150825, 0.111789], 
              [0.0976235, 0.70747, 0.0833308, 0.111575], 
              [0.0973231, 0.67502, 0.0983098, 0.129347], 
              [0.102945, 0.686022, 0.080119, 0.130914]
            ]
          }, {
            "db": 0,
            "id": "13-AGGAAGTGR",
            "alt": "STREME-13",
            "width": 9,
            "initial_width": 9,
            "seed": "AGGAAGTGA",
            "score_threshold": 11.1819,
            "train_pos_count": 1830,
            "train_neg_count": 793,
            "train_log_pvalue": -100.294,
            "train_pvalue": "5.1e-101",
            "train_dtc": -1.0,
            "train_bernoulli": -1,
            "test_pos_count": 211,
            "test_neg_count": 108,
            "test_log_pvalue": -9.03109,
            "test_pvalue": "9.3e-010",
            "test_dtc": -1.0,
            "test_bernoulli": -1,
            "elapsed_time": 1824.7,
            "len": 9,
            "nsites": 2041,
            "evalue": "9.3e-010",
            "pwm": [
              [0.77823, 0.0988403, 0.122835, 9.48515e-05], 
              [9.48515e-05, 8.56805e-05, 0.999725, 9.48515e-05], 
              [9.48515e-05, 8.56805e-05, 0.999725, 9.48515e-05], 
              [0.999734, 8.56805e-05, 8.56805e-05, 9.48515e-05], 
              [0.934754, 8.56805e-05, 8.56805e-05, 0.0650748], 
              [0.122978, 8.56805e-05, 0.876841, 9.48515e-05], 
              [0.147763, 0.0331533, 8.56805e-05, 0.818998], 
              [0.0570646, 0.0982067, 0.844634, 9.48515e-05], 
              [0.53304, 8.56805e-05, 0.466779, 9.48515e-05]
            ]
          }, {
            "db": 0,
            "id": "14-AAAATAMAAATA",
            "alt": "STREME-14",
            "width": 12,
            "initial_width": 6,
            "seed": "AAAATAAAAATA",
            "score_threshold": 9.45045,
            "train_pos_count": 2700,
            "train_neg_count": 1784,
            "train_log_pvalue": -48.3997,
            "train_pvalue": "4.0e-049",
            "train_dtc": -1.0,
            "train_bernoulli": -1,
            "test_pos_count": 314,
            "test_neg_count": 201,
            "test_log_pvalue": -7.28271,
            "test_pvalue": "5.2e-008",
            "test_dtc": -1.0,
            "test_bernoulli": -1,
            "elapsed_time": 2252.5,
            "len": 12,
            "nsites": 3014,
            "evalue": "5.2e-008",
            "pwm": [
              [0.732747, 0.0624365, 0.0551035, 0.149713], 
              [0.740039, 0.0478185, 0.0197988, 0.192343], 
              [0.810725, 0.074683, 0.046317, 0.0682749], 
              [0.782958, 0.0932634, 0.0624895, 0.0612886], 
              [2.13373e-05, 0.0134964, 0.0195929, 0.966889], 
              [0.916437, 0.000697581, 0.0744044, 0.00846071], 
              [0.401073, 0.3585, 0.0995672, 0.14086], 
              [0.697185, 0.018943, 0.0492133, 0.234659], 
              [0.685661, 0.0500945, 0.0598805, 0.204364], 
              [0.782592, 0.0558674, 0.117176, 0.044364], 
              [0.12977, 0.0771687, 0.0111605, 0.781901], 
              [0.852949, 0.0345241, 0.0604297, 0.0520969]
            ]
          }, {
            "db": 0,
            "id": "15-GAAATGAAA",
            "alt": "STREME-15",
            "width": 9,
            "initial_width": 9,
            "seed": "GAAATGAAA",
            "score_threshold": 9.25919,
            "train_pos_count": 2829,
            "train_neg_count": 1944,
            "train_log_pvalue": -42.9554,
            "train_pvalue": "1.1e-043",
            "train_dtc": -1.0,
            "train_bernoulli": -1,
            "test_pos_count": 318,
            "test_neg_count": 205,
            "test_log_pvalue": -7.19916,
            "test_pvalue": "6.3e-008",
            "test_dtc": -1.0,
            "test_bernoulli": -1,
            "elapsed_time": 2548.2,
            "len": 9,
            "nsites": 3147,
            "evalue": "6.3e-008",
            "pwm": [
              [0.147651, 0.00259889, 0.788901, 0.0608485], 
              [0.99124, 0.000103346, 0.000103346, 0.00855348], 
              [0.993369, 0.00170896, 0.00386679, 0.00105483], 
              [0.588899, 0.205124, 0.205863, 0.000114408], 
              [0.0471224, 0.116205, 0.0448674, 0.791805], 
              [0.00871215, 0.0017404, 0.98727, 0.00227707], 
              [0.773062, 0.158907, 0.0454239, 0.0226063], 
              [0.851822, 0.0672302, 0.0693211, 0.0116264], 
              [0.908036, 0.00691214, 0.0593511, 0.0257009]
            ]
          }, {
            "db": 0,
            "id": "16-ATGASTCAT",
            "alt": "STREME-16",
            "width": 9,
            "initial_width": 9,
            "seed": "ATGACTCAG",
            "score_threshold": 10.676,
            "train_pos_count": 912,
            "train_neg_count": 464,
            "train_log_pvalue": -34.9021,
            "train_pvalue": "1.3e-035",
            "train_dtc": -1.0,
            "train_bernoulli": -1,
            "test_pos_count": 108,
            "test_neg_count": 50,
            "test_log_pvalue": -5.84032,
            "test_pvalue": "1.4e-006",
            "test_dtc": -1.0,
            "test_bernoulli": -1,
            "elapsed_time": 3039.0,
            "len": 9,
            "nsites": 1020,
            "evalue": "1.4e-006",
            "pwm": [
              [0.543237, 0.225856, 0.208501, 0.0224054], 
              [0.000175718, 0.00354961, 0.000158728, 0.996116], 
              [0.0182526, 0.000158728, 0.850523, 0.131065], 
              [0.99612, 0.00354541, 0.000158728, 0.000175718], 
              [0.0614511, 0.438549, 0.438549, 0.0614511], 
              [0.000175718, 0.000158728, 0.00354541, 0.99612], 
              [0.131065, 0.850523, 0.000158728, 0.0182526], 
              [0.996116, 0.000158728, 0.00354961, 0.000175718], 
              [0.0224054, 0.208501, 0.225856, 0.543237]
            ]
          }, {
            "db": 0,
            "id": "17-GCCTCAGTTTCCTCAT",
            "alt": "STREME-17",
            "width": 16,
            "initial_width": 12,
            "seed": "GCCTCAGTTTCCTCAT",
            "score_threshold": 13.2145,
            "train_pos_count": 290,
            "train_neg_count": 41,
            "train_log_pvalue": -47.2992,
            "train_pvalue": "5.0e-048",
            "train_dtc": -1.0,
            "train_bernoulli": -1,
            "test_pos_count": 30,
            "test_neg_count": 4,
            "test_log_pvalue": -5.54834,
            "test_pvalue": "2.8e-006",
            "test_dtc": -1.0,
            "test_bernoulli": -1,
            "elapsed_time": 2427.4,
            "len": 16,
            "nsites": 320,
            "evalue": "2.8e-006",
            "pwm": [
              [0.100538, 0.0219694, 0.816231, 0.0612615], 
              [0.0612617, 0.846779, 0.0132414, 0.0787184], 
              [0.0307133, 0.903512, 0.00887739, 0.0568973], 
              [0.0438053, 0.0350613, 0.00887739, 0.912256], 
              [0.000165394, 0.907876, 0.0219694, 0.0699893], 
              [0.87298, 0.0306974, 0.0612453, 0.0350773], 
              [0.0787175, 0.0306974, 0.8686, 0.0219854], 
              [0.0307133, 0.0350613, 0.0176054, 0.91662], 
              [0.000165394, 0.0699735, 0.0437893, 0.886072], 
              [0.0263494, 0.0394253, 0.0350613, 0.899164], 
              [0.0350773, 0.807502, 0.0176054, 0.139815], 
              [0.0394413, 0.768228, 0.0350613, 0.15727], 
              [0.0307133, 0.187803, 0.0219694, 0.759514], 
              [0.0263494, 0.833688, 0.0394253, 0.100538], 
              [0.715876, 0.131069, 0.0437893, 0.109265], 
              [0.0350773, 0.0612455, 0.0481539, 0.855523]
            ]
          }, {
            "db": 0,
            "id": "18-ACACACACACACACACAC",
            "alt": "STREME-18",
            "width": 18,
            "initial_width": 18,
            "seed": "ACACACACACACACACAC",
            "score_threshold": 15.6744,
            "train_pos_count": 234,
            "train_neg_count": 30,
            "train_log_pvalue": -40.1933,
            "train_pvalue": "6.4e-041",
            "train_dtc": -1.0,
            "train_bernoulli": -1,
            "test_pos_count": 20,
            "test_neg_count": 4,
            "test_log_pvalue": -3.12633,
            "test_pvalue": "7.5e-004",
            "test_dtc": -1.0,
            "test_bernoulli": -1,
            "elapsed_time": 2668.8,
            "len": 18,
            "nsites": 254,
            "evalue": "7.5e-004",
            "pwm": [
              [0.952151, 0.000153675, 0.0475252, 0.000170124], 
              [0.0226146, 0.923196, 0.000153675, 0.0540361], 
              [0.901532, 0.00650544, 0.0783263, 0.0136365], 
              [0.00465893, 0.900752, 0.00913128, 0.0854578], 
              [0.907883, 0.0334388, 0.0360643, 0.0226141], 
              [0.000170124, 0.872575, 0.00464248, 0.122612], 
              [0.766621, 0.00464248, 0.13879, 0.0899468], 
              [0.0226143, 0.864841, 0.000153675, 0.112391], 
              [0.851392, 0.000153675, 0.0989077, 0.049547], 
              [0.0136365, 0.828931, 0.0629969, 0.0944351], 
              [0.907883, 0.00464248, 0.0558824, 0.0315917], 
              [0.0630147, 0.747265, 0.0405535, 0.149167], 
              [0.923213, 0.000153675, 0.0585083, 0.0181253], 
              [0.0136365, 0.787666, 0.0495305, 0.149167], 
              [0.77546, 0.0629969, 0.13444, 0.0271032], 
              [0.000170124, 0.917843, 0.00913128, 0.0728556], 
              [0.866886, 0.0629969, 0.0609695, 0.00914773], 
              [0.103415, 0.816465, 0.00464248, 0.075477]
            ]
          }, {
            "db": 0,
            "id": "19-CCCAGCTC",
            "alt": "STREME-19",
            "width": 8,
            "initial_width": 8,
            "seed": "CCCAGCTC",
            "score_threshold": 13.9801,
            "train_pos_count": 376,
            "train_neg_count": 241,
            "train_log_pvalue": -7.6326,
            "train_pvalue": "2.3e-008",
            "train_dtc": -1.0,
            "train_bernoulli": -1,
            "test_pos_count": 49,
            "test_neg_count": 22,
            "test_log_pvalue": -3.08305,
            "test_pvalue": "8.3e-004",
            "test_dtc": -1.0,
            "test_bernoulli": -1,
            "elapsed_time": 5066.1,
            "len": 8,
            "nsites": 425,
            "evalue": "8.3e-004",
            "pwm": [
              [0.0238818, 0.930664, 0.0215727, 0.0238818], 
              [0.0238818, 0.930664, 0.0215727, 0.0238818], 
              [0.0238818, 0.930664, 0.0215727, 0.0238818], 
              [0.932973, 0.0215727, 0.0215727, 0.0238818], 
              [0.0238818, 0.0215727, 0.930664, 0.0238818], 
              [0.0238818, 0.930664, 0.0215727, 0.0238818], 
              [0.0238818, 0.0215727, 0.0215727, 0.932973], 
              [0.0238818, 0.930664, 0.0215727, 0.0238818]
            ]
          }, {
            "db": 0,
            "id": "20-CCAGCTACTCG",
            "alt": "STREME-20",
            "width": 11,
            "initial_width": 11,
            "seed": "CCAGCTACTCG",
            "score_threshold": 17.4734,
            "train_pos_count": 54,
            "train_neg_count": 2,
            "train_log_pvalue": -13.671,
            "train_pvalue": "2.1e-014",
            "train_dtc": -1.0,
            "train_bernoulli": -1,
            "test_pos_count": 13,
            "test_neg_count": 1,
            "test_log_pvalue": -3.04586,
            "test_pvalue": "9.0e-004",
            "test_dtc": -1.0,
            "test_bernoulli": -1,
            "elapsed_time": 4394.1,
            "len": 11,
            "nsites": 67,
            "evalue": "9.0e-004",
            "pwm": [
              [0.000653076, 0.96364, 0.000589931, 0.0351172], 
              [0.000653076, 0.980872, 0.000589931, 0.0178848], 
              [0.980935, 0.000589931, 0.000589931, 0.0178848], 
              [0.00996761, 0.000589931, 0.971558, 0.0178848], 
              [0.0178848, 0.946408, 0.0350541, 0.000653076], 
              [0.0178848, 0.000589931, 0.000589931, 0.980935], 
              [0.915612, 0.0486807, 0.000589931, 0.0351172], 
              [0.000653076, 0.998104, 0.000589931, 0.000653076], 
              [0.0178848, 0.000589931, 0.0178217, 0.963704], 
              [0.0523504, 0.796207, 0.000589931, 0.150853], 
              [0.228965, 0.000589931, 0.769792, 0.000653076]
            ]
          }, {
            "db": 0,
            "id": "21-AACAACAACAAAAA",
            "alt": "STREME-21",
            "width": 14,
            "initial_width": 11,
            "seed": "AACAACAACAAAAA",
            "score_threshold": 16.9176,
            "train_pos_count": 72,
            "train_neg_count": 4,
            "train_log_pvalue": -16.7745,
            "train_pvalue": "1.7e-017",
            "train_dtc": -1.0,
            "train_bernoulli": -1,
            "test_pos_count": 10,
            "test_neg_count": 0,
            "test_log_pvalue": -3.01537,
            "test_pvalue": "9.7e-004",
            "test_dtc": -1.0,
            "test_bernoulli": -1,
            "elapsed_time": 4322.8,
            "len": 14,
            "nsites": 82,
            "evalue": "9.7e-004",
            "pwm": [
              [0.984143, 0.014823, 0.000490669, 0.000543189], 
              [0.826485, 0.0291565, 0.014823, 0.129535], 
              [0.000543189, 0.998423, 0.000490669, 0.000543189], 
              [0.984143, 0.000490669, 0.014823, 0.000543189], 
              [0.998475, 0.000490669, 0.000490669, 0.000543189], 
              [0.178486, 0.806147, 0.000490669, 0.0148755], 
              [0.955479, 0.0434876, 0.000490669, 0.000543189], 
              [0.998475, 0.000490669, 0.000490669, 0.000543189], 
              [0.0292084, 0.969758, 0.000490669, 0.000543189], 
              [0.941146, 0.0578202, 0.000490669, 0.000543189], 
              [0.955479, 0.000490669, 0.014823, 0.0292078], 
              [0.677168, 0.307466, 0.000490669, 0.0148755], 
              [0.797818, 0.15815, 0.000490669, 0.0435407], 
              [0.823509, 0.0177982, 0.0864869, 0.0722057]
            ]
          }, {
            "db": 0,
            "id": "22-CAAGATGGCGGC",
            "alt": "STREME-22",
            "width": 12,
            "initial_width": 9,
            "seed": "CAAGATGGCGGC",
