<!DOCTYPE HTML>
<html>
  <head>
    <meta charset="UTF-8">
    <title>STREME</title>
    <script>
      // @JSON_VAR data
      var data = {
        "program": "streme",
        "version": "5.3.0",
        "release": "Wed Nov 25 19:19:29 2020 -0800",
        "cmd": [
          "streme", "--p",
          "/mnt/md1/home/oriol//CAM/resources/IRF4/ChIP-seq/WT-unique.fa",
          "--oc", "WT-unique", "--maxw", "19"
        ],
        "options": {
          "strands": "both",
          "objfun": "Differential Enrichment",
          "test": "Fisher Exact Test",
          "minw": 8,
          "maxw": 19,
          "kmer": 3,
          "hofract": 0.1,
          "neval": 25,
          "nref": 4,
          "niter": 20,
          "patience": 3,
          "seed": 0,
          "useer": false,
          "minscore": 0,
          "ignore_depth": 5,
          "nsubsets": 1,
          "min_pal_ratio": 0.85,
          "max_pal_ed": 5,
          "cand": false,
          "experimental": false,
          "totallength": 0,
          "stop": {
            "pvt": "0.05"
          }
        },
        "alphabet": {
          "name": "DNA",
          "like": "dna",
          "ncore": 4,
          "symbols": [
            {
              "symbol": "A",
              "name": "Adenine",
              "colour": "CC0000",
              "complement": "T"
            }, {
              "symbol": "C",
              "name": "Cytosine",
              "colour": "0000CC",
              "complement": "G"
            }, {
              "symbol": "G",
              "name": "Guanine",
              "colour": "FFB300",
              "complement": "C"
            }, {
              "symbol": "T",
              "aliases": "U",
              "name": "Thymine",
              "colour": "008000",
              "complement": "A"
            }, {
              "symbol": "N",
              "aliases": "X.",
              "name": "Any base",
              "equals": "ACGT"
            }, {
              "symbol": "V",
              "name": "Not T",
              "equals": "ACG"
            }, {
              "symbol": "H",
              "name": "Not G",
              "equals": "ACT"
            }, {
              "symbol": "D",
              "name": "Not C",
              "equals": "AGT"
            }, {
              "symbol": "B",
              "name": "Not A",
              "equals": "CGT"
            }, {
              "symbol": "M",
              "name": "Amino",
              "equals": "AC"
            }, {
              "symbol": "R",
              "name": "Purine",
              "equals": "AG"
            }, {
              "symbol": "W",
              "name": "Weak",
              "equals": "AT"
            }, {
              "symbol": "S",
              "name": "Strong",
              "equals": "CG"
            }, {
              "symbol": "Y",
              "name": "Pyrimidine",
              "equals": "CT"
            }, {
              "symbol": "K",
              "name": "Keto",
              "equals": "GT"
            }
          ]
        },
        "background": {
          "freqs": [0.255, 0.245, 0.245, 0.255]
        },
        "train_positives": {
          "file": "/mnt/md1/home/oriol//CAM/resources/IRF4/ChIP-seq/WT-unique.fa",
          "count": 14373,
          "positions": 2903345
        },
        "train_negatives": {
          "from": "shuffled",
          "count": 14373,
          "positions": 2903345
        },
        "test_positives": {
          "count": 1596,
          "positions": 322391
        },
        "test_negatives": {
          "count": 1596,
          "positions": 322391
        },
        "sequence_db": {},
        "motifs": [
          {
            "db": 0,
            "id": "1-AGGAAGTGARA",
            "alt": "STREME-1",
            "width": 11,
            "initial_width": 9,
            "seed": "AGGAAGTGAAA",
            "score_threshold": 9.00821,
            "train_pos_count": 4669,
            "train_neg_count": 1554,
            "train_log_pvalue": -449.97,
            "train_pvalue": "1.1e-450",
            "train_dtc": -1.0,
            "train_bernoulli": -1,
            "test_pos_count": 496,
            "test_neg_count": 167,
            "test_log_pvalue": -47.6563,
            "test_pvalue": "2.2e-048",
            "test_dtc": -1.0,
            "test_bernoulli": -1,
            "elapsed_time": 135.0,
            "len": 11,
            "nsites": 5165,
            "evalue": "2.2e-048",
            "pwm": [
              [0.565936, 0.138478, 0.196748, 0.0988382], 
              [0.0730747, 1.11588e-05, 0.926903, 1.16143e-05], 
              [0.179451, 1.11588e-05, 0.815174, 0.00536391], 
              [0.997237, 1.11588e-05, 1.11588e-05, 0.00274087], 
              [0.95995, 1.11588e-05, 1.11588e-05, 0.0400282], 
              [0.202765, 0.261641, 0.534393, 0.00120184], 
              [0.0367137, 0.126153, 1.11588e-05, 0.837122], 
              [0.0586322, 0.00987109, 0.931485, 1.16143e-05], 
              [0.751257, 0.0303623, 0.218369, 1.16143e-05], 
              [0.523225, 0.0978744, 0.301341, 0.0775592], 
              [0.726473, 0.0461149, 0.115183, 0.112228]
            ]
          }, {
            "db": 0,
            "id": "2-CCAGCCTGGSCAACAKRG",
            "alt": "STREME-2",
            "width": 18,
            "initial_width": 9,
            "seed": "CCAGCCTGGGCAACACGG",
            "score_threshold": 14.2363,
            "train_pos_count": 835,
            "train_neg_count": 5,
            "train_log_pvalue": -245.68,
            "train_pvalue": "2.1e-246",
            "train_dtc": -1.0,
            "train_bernoulli": -1,
            "test_pos_count": 95,
            "test_neg_count": 0,
            "test_log_pvalue": -29.224,
            "test_pvalue": "6.0e-030",
            "test_dtc": -1.0,
            "test_bernoulli": -1,
            "elapsed_time": 302.5,
            "len": 18,
            "nsites": 930,
            "evalue": "6.0e-030",
            "pwm": [
              [0.0192663, 0.919375, 0.0276744, 0.0336839], 
              [0.00845383, 0.936195, 0.00124384, 0.0541069], 
              [0.968635, 0.00604941, 0.0168617, 0.00845383], 
              [0.0276762, 0.00364659, 0.907359, 0.0613183], 
              [0.00244695, 0.941, 0.00484797, 0.0517047], 
              [0.00845383, 0.94821, 0.0108549, 0.0324815], 
              [0.00244695, 0.0252714, 0.00364659, 0.968635], 
              [0.0444959, 4.24639e-05, 0.942202, 0.0132593], 
              [0.0961626, 0.0084521, 0.884529, 0.0108568], 
              [0.0384894, 0.324499, 0.612939, 0.0240722], 
              [0.0240721, 0.770362, 0.00845228, 0.197114], 
              [0.686192, 0.015661, 0.294498, 0.00364833], 
              [0.965031, 0.00244522, 0.0252716, 0.00725246], 
              [0.0228707, 0.891743, 0.0216675, 0.0637186], 
              [0.939801, 0.00725081, 0.0480982, 0.0048497], 
              [0.128603, 0.0805387, 0.395467, 0.395391], 
              [0.520425, 0.0120562, 0.439843, 0.0276759], 
              [0.121395, 0.0120564, 0.856893, 0.00965527]
            ]
          }, {
            "db": 0,
            "id": "3-GTCTCWAMWAAAAAWAMAA",
            "alt": "STREME-3",
            "width": 19,
            "initial_width": 19,
            "seed": "GTCTCAAAAAAAAAAAAAA",
            "score_threshold": 13.4532,
            "train_pos_count": 799,
            "train_neg_count": 45,
            "train_log_pvalue": -183.375,
            "train_pvalue": "4.2e-184",
            "train_dtc": -1.0,
            "train_bernoulli": -1,
            "test_pos_count": 95,
            "test_neg_count": 4,
            "test_log_pvalue": -23.7835,
            "test_pvalue": "1.6e-024",
            "test_dtc": -1.0,
            "test_bernoulli": -1,
            "elapsed_time": 478.3,
            "len": 19,
            "nsites": 894,
            "evalue": "1.6e-024",
            "pwm": [
              [0.25046, 0.0162356, 0.724023, 0.0092816], 
              [0.0262018, 0.0212186, 0.00627152, 0.946308], 
              [0.0162375, 0.935097, 0.00502602, 0.043639], 
              [0.0100099, 0.00502621, 0.00378052, 0.981183], 
              [0.051112, 0.907178, 0.00253509, 0.0391745], 
              [0.561223, 0.0224637, 0.0187267, 0.397586], 
              [0.97371, 0.00378052, 0.0162358, 0.00627332], 
              [0.61478, 0.365202, 0.00627152, 0.0137464], 
              [0.634708, 0.0237088, 0.0174828, 0.324101], 
              [0.869085, 0.0834956, 0.0311824, 0.0162374], 
              [0.918908, 0.0411461, 0.0261996, 0.0137463], 
              [0.92389, 0.0349182, 0.0212175, 0.0199739], 
              [0.927627, 0.0336729, 0.0187265, 0.0199739], 
              [0.907699, 0.0336727, 0.0224632, 0.0361656], 
              [0.568695, 0.0710397, 0.0187266, 0.341539], 
              [0.87656, 0.0598293, 0.0224634, 0.0411474], 
              [0.574924, 0.346518, 0.043637, 0.0349205], 
              [0.882788, 0.043637, 0.0374092, 0.0361655], 
              [0.864104, 0.0411458, 0.0585844, 0.0361653]
            ]
          }, {
            "db": 0,
            "id": "4-GGATTACAGGCRTGAGCCA",
            "alt": "STREME-4",
            "width": 19,
            "initial_width": 19,
            "seed": "GGATTACAGGCGTGAGCCA",
            "score_threshold": 14.6146,
            "train_pos_count": 787,
            "train_neg_count": 0,
            "train_log_pvalue": -241.715,
            "train_pvalue": "1.9e-242",
            "train_dtc": -1.0,
            "train_bernoulli": -1,
            "test_pos_count": 75,
            "test_neg_count": 0,
            "test_log_pvalue": -22.9639,
            "test_pvalue": "1.1e-023",
            "test_dtc": -1.0,
            "test_bernoulli": -1,
            "elapsed_time": 224.8,
            "len": 19,
            "nsites": 862,
            "evalue": "1.1e-023",
            "pwm": [
              [0.0763372, 0.0114883, 0.901956, 0.0102186], 
              [0.0470925, 0.0114882, 0.926115, 0.0153044], 
              [0.973163, 0.00385933, 0.0178455, 0.00513263], 
              [0.0025897, 0.15898, 0.0051308, 0.833299], 
              [0.0064041, 0.0305601, 0.0178458, 0.94519], 
              [0.965534, 0.0051308, 0.0254744, 0.00386117], 
              [0.0102186, 0.903224, 0.00767373, 0.0788838], 
              [0.968077, 0.00767373, 0.016574, 0.00767556], 
              [0.033105, 0.014031, 0.943917, 0.00894709], 
              [0.0737925, 0.00767385, 0.909587, 0.00894702], 
              [0.0153045, 0.69084, 0.00385933, 0.289996], 
              [0.365081, 0.0114888, 0.605582, 0.0178475], 
              [0.0051327, 0.19204, 0.0051308, 0.797696], 
              [0.0877797, 0.0687066, 0.832024, 0.01149], 
              [0.694705, 0.151354, 0.0114881, 0.142453], 
              [0.108124, 0.0051308, 0.885427, 0.00131824], 
              [0.01149, 0.875254, 0.0140313, 0.0992249], 
              [0.00894709, 0.95536, 0.00385933, 0.0318335], 
              [0.949004, 0.0140314, 0.0305601, 0.0064041]
            ]
          }, {
            "db": 0,
            "id": "5-CCTCRGCCTCCCAA",
            "alt": "STREME-5",
            "width": 14,
            "initial_width": 12,
            "seed": "CCTCAGCCTCCCGA",
            "score_threshold": 13.3933,
            "train_pos_count": 777,
            "train_neg_count": 24,
            "train_log_pvalue": -199.769,
            "train_pvalue": "1.7e-200",
            "train_dtc": -1.0,
            "train_bernoulli": -1,
            "test_pos_count": 74,
            "test_neg_count": 3,
            "test_log_pvalue": -18.6444,
            "test_pvalue": "2.3e-019",
            "test_dtc": -1.0,
            "test_bernoulli": -1,
            "elapsed_time": 376.6,
            "len": 14,
            "nsites": 851,
            "evalue": "2.3e-019",
            "pwm": [
              [0.00787307, 0.926819, 0.00526284, 0.0600448], 
              [0.0026563, 0.943591, 0.0117836, 0.0419694], 
              [0.00265633, 0.00265455, 0.00135026, 0.993339], 
              [4.79784e-05, 0.819579, 4.60969e-05, 0.180327], 
              [0.491533, 0.0548339, 0.417062, 0.0365714], 
              [0.039175, 0.00265442, 0.95421, 0.00396056], 
              [0.00135214, 0.964644, 0.0130879, 0.0209155], 
              [0.0026563, 0.950295, 0.00265442, 0.0443941], 
              [0.00135217, 0.00526313, 0.0044999, 0.988885], 
              [4.79784e-05, 0.96073, 0.00526287, 0.0339589], 
              [4.79784e-05, 0.950296, 4.60969e-05, 0.04961], 
              [0.0240668, 0.828646, 0.0261311, 0.121156], 
              [0.707036, 0.0240634, 0.25581, 0.0130912], 
              [0.864804, 0.0255309, 0.107009, 0.00265633]
            ]
          }, {
            "db": 0,
            "id": "6-TCGAACTCCTGRSCTCAAG",
            "alt": "STREME-6",
            "width": 19,
            "initial_width": 17,
            "seed": "TCGAACTCCTGACCTCAGG",
            "score_threshold": 13.7866,
            "train_pos_count": 610,
            "train_neg_count": 10,
            "train_log_pvalue": -168.074,
            "train_pvalue": "8.4e-169",
            "train_dtc": -1.0,
            "train_bernoulli": -1,
            "test_pos_count": 57,
            "test_neg_count": 0,
            "test_log_pvalue": -17.3798,
            "test_pvalue": "4.2e-018",
            "test_dtc": -1.0,
            "test_bernoulli": -1,
            "elapsed_time": 741.2,
            "len": 19,
            "nsites": 667,
            "evalue": "4.2e-018",
            "pwm": [
              [0.0110088, 0.0266513, 0.0141355, 0.948204], 
              [0.00787987, 0.639969, 0.0376026, 0.314548], 
              [0.219095, 0.170591, 0.538287, 0.0720269], 
              [0.915348, 5.52976e-05, 0.0845395, 5.75546e-05], 
              [0.683798, 0.211268, 0.0172645, 0.087669], 
              [0.00631541, 0.94038, 0.00318423, 0.0501208], 
              [0.0203956, 0.0329093, 0.0188289, 0.927866], 
              [0.0407364, 0.891879, 0.0125711, 0.0548139], 
              [0.00787987, 0.907526, 0.012571, 0.0720233], 
              [0.0141377, 0.123654, 0.0110065, 0.851201], 
              [0.0986235, 0.00631315, 0.884055, 0.0110088], 
              [0.557068, 0.00474869, 0.431868, 0.00631541], 
              [0.028218, 0.569584, 0.367722, 0.0344761], 
              [0.00631541, 0.779228, 0.0141355, 0.200322], 
              [5.75546e-05, 0.0141355, 0.00474869, 0.981058], 
              [0.00631541, 0.893443, 0.00474869, 0.0954932], 
              [0.843381, 0.0172644, 0.123653, 0.0157023], 
              [0.585213, 0.0125716, 0.247271, 0.154945], 
              [0.0391705, 0.012571, 0.93725, 0.0110088]
            ]
          }, {
            "db": 0,
            "id": "7-TGAAACCM",
            "alt": "STREME-7",
            "width": 8,
            "initial_width": 8,
            "seed": "TGAAACCA",
            "score_threshold": 9.69936,
            "train_pos_count": 2695,
            "train_neg_count": 1288,
            "train_log_pvalue": -129.256,
            "train_pvalue": "5.5e-130",
            "train_dtc": -1.0,
            "train_bernoulli": -1,
            "test_pos_count": 312,
            "test_neg_count": 145,
            "test_log_pvalue": -16.9155,
            "test_pvalue": "1.2e-017",
            "test_dtc": -1.0,
            "test_bernoulli": -1,
            "elapsed_time": 806.3,
            "len": 8,
            "nsites": 3007,
            "evalue": "1.2e-017",
            "pwm": [
              [0.0889868, 0.1027, 0.0776434, 0.73067], 
              [7.80825e-05, 7.50204e-05, 0.999769, 7.80825e-05], 
              [0.969252, 7.50204e-05, 7.50204e-05, 0.0305977], 
              [0.999772, 7.50204e-05, 7.50204e-05, 7.80825e-05], 
              [0.999772, 7.50204e-05, 7.50204e-05, 7.80825e-05], 
              [7.80825e-05, 0.999769, 7.50204e-05, 7.80825e-05], 
              [7.80825e-05, 0.811012, 7.50204e-05, 0.188835], 
              [0.543799, 0.39413, 0.0110307, 0.0510408]
            ]
          }, {
            "db": 0,
            "id": "8-WAACCACAR",
            "alt": "STREME-8",
            "width": 9,
            "initial_width": 9,
            "seed": "AAACCACAA",
            "score_threshold": 9.17293,
            "train_pos_count": 2445,
            "train_neg_count": 1276,
            "train_log_pvalue": -94.5284,
            "train_pvalue": "3.0e-095",
            "train_dtc": -1.0,
            "train_bernoulli": -1,
            "test_pos_count": 277,
            "test_neg_count": 131,
            "test_log_pvalue": -14.3707,
            "test_pvalue": "4.3e-015",
            "test_dtc": -1.0,
            "test_bernoulli": -1,
            "elapsed_time": 1032.9,
            "len": 9,
            "nsites": 2722,
            "evalue": "4.3e-015",
            "pwm": [
              [0.552757, 0.098124, 0.02855, 0.320569], 
              [0.845718, 6.48702e-05, 0.101349, 0.0528688], 
              [0.891556, 0.0137822, 0.0945941, 6.75179e-05], 
              [6.75179e-05, 0.9998, 6.48702e-05, 6.75179e-05], 
              [0.0168617, 0.944144, 6.48702e-05, 0.0389289], 
              [0.891174, 0.0560722, 0.0526867, 6.75179e-05], 
              [0.0242185, 0.975649, 6.48702e-05, 6.75179e-05], 
              [0.942619, 0.0302667, 6.48702e-05, 0.0270496], 
              [0.459311, 0.0150638, 0.380582, 0.145043]
            ]
          }, {
            "db": 0,
            "id": "9-AGTGCAGTGGCRCGATC",
            "alt": "STREME-9",
            "width": 17,
            "initial_width": 9,
            "seed": "AGTGCAGTGGCGCAATC",
            "score_threshold": 13.8965,
            "train_pos_count": 433,
            "train_neg_count": 3,
            "train_log_pvalue": -125.524,
            "train_pvalue": "3.0e-126",
            "train_dtc": -1.0,
            "train_bernoulli": -1,
            "test_pos_count": 46,
            "test_neg_count": 0,
            "test_log_pvalue": -13.9902,
            "test_pvalue": "1.0e-014",
            "test_dtc": -1.0,
            "test_bernoulli": -1,
            "elapsed_time": 881.3,
            "len": 17,
            "nsites": 479,
            "evalue": "1.0e-014",
            "pwm": [
              [0.972308, 8.08438e-05, 0.0183785, 0.00923298], 
              [0.0412544, 0.00922968, 0.944857, 0.00465856], 
              [0.00465856, 0.0138041, 0.0252404, 0.956297], 
              [0.0595518, 0.00694247, 0.919698, 0.0138074], 
              [0.0138074, 0.949432, 8.08438e-05, 0.0366797], 
              [0.972308, 0.00694247, 0.0206657, 8.41435e-05], 
              [0.219671, 0.0160913, 0.757292, 0.00694577], 
              [8.41435e-05, 0.0206658, 0.00465526, 0.974595], 
              [0.0252436, 0.00236805, 0.958581, 0.0138074], 
              [0.0343923, 0.00465526, 0.947145, 0.0138074], 
              [0.00923298, 0.663467, 0.00465526, 0.322645], 
              [0.345492, 0.00922968, 0.636046, 0.00923298], 
              [0.0229564, 0.654343, 0.0138041, 0.308896], 
              [0.260847, 0.0504011, 0.674945, 0.0138074], 
              [0.931137, 0.00465526, 0.057262, 0.00694577], 
              [0.0229562, 0.0389634, 0.0115169, 0.926563], 
              [0.020669, 0.928847, 0.0138042, 0.0366801]
            ]
          }, {
            "db": 0,
            "id": "10-ACTTCCTGTY",
            "alt": "STREME-10",
            "width": 10,
            "initial_width": 8,
            "seed": "ACTTCCTGTT",
            "score_threshold": 9.82755,
            "train_pos_count": 2167,
            "train_neg_count": 815,
            "train_log_pvalue": -155.084,
            "train_pvalue": "8.2e-156",
            "train_dtc": -1.0,
            "train_bernoulli": -1,
            "test_pos_count": 224,
            "test_neg_count": 97,
            "test_log_pvalue": -13.5116,
            "test_pvalue": "3.1e-014",
            "test_dtc": -1.0,
            "test_bernoulli": -1,
            "elapsed_time": 630.1,
            "len": 10,
            "nsites": 2391,
            "evalue": "3.1e-014",
            "pwm": [
              [0.68613, 0.0311554, 0.265019, 0.0176956], 
              [4.269e-05, 0.861809, 4.10159e-05, 0.138108], 
              [0.137066, 4.10159e-05, 0.00556338, 0.85733], 
              [4.269e-05, 4.10159e-05, 4.10159e-05, 0.999875], 
              [4.269e-05, 0.999874, 4.10159e-05, 4.269e-05], 
              [4.269e-05, 0.970159, 0.0297556, 4.269e-05], 
              [4.269e-05, 0.0040127, 0.30526, 0.690685], 
              [0.0065826, 0.18219, 0.753969, 0.0572587], 
              [0.00126583, 0.210449, 0.11214, 0.676145], 
              [0.0756863, 0.332565, 0.152697, 0.439052]
            ]
          }, {
            "db": 0,
            "id": "11-ATGASTCAT",
            "alt": "STREME-11",
            "width": 9,
            "initial_width": 9,
            "seed": "ATGACTCAT",
            "score_threshold": 8.80323,
            "train_pos_count": 2109,
            "train_neg_count": 807,
            "train_log_pvalue": -146.639,
            "train_pvalue": "2.3e-147",
            "train_dtc": -1.0,
            "train_bernoulli": -1,
            "test_pos_count": 219,
            "test_neg_count": 103,
            "test_log_pvalue": -11.3571,
            "test_pvalue": "4.4e-012",
            "test_dtc": -1.0,
            "test_bernoulli": -1,
            "elapsed_time": 553.1,
            "len": 9,
            "nsites": 2328,
            "evalue": "4.4e-012",
            "pwm": [
              [0.622058, 0.172077, 0.116191, 0.0896741], 
              [5.8419e-05, 0.00106551, 5.61281e-05, 0.99882], 
              [0.00403165, 0.00306086, 0.858355, 0.134552], 
              [0.987054, 0.000220092, 5.61281e-05, 0.0126701], 
              [0.0126754, 0.487325, 0.487325, 0.0126754], 
              [0.0126701, 5.61281e-05, 0.000220092, 0.987054], 
              [0.134552, 0.858355, 0.00306086, 0.00403165], 
              [0.99882, 5.61281e-05, 0.00106551, 5.8419e-05], 
              [0.0896741, 0.116191, 0.172077, 0.622058]
            ]
          }, {
            "db": 0,
            "id": "12-AGTCATTTC",
            "alt": "STREME-12",
            "width": 9,
            "initial_width": 9,
            "seed": "AGTCATTTC",
            "score_threshold": 11.3312,
            "train_pos_count": 719,
            "train_neg_count": 338,
            "train_log_pvalue": -32.95,
            "train_pvalue": "1.1e-033",
            "train_dtc": -1.0,
            "train_bernoulli": -1,
            "test_pos_count": 98,
            "test_neg_count": 28,
            "test_log_pvalue": -10.2173,
            "test_pvalue": "6.1e-011",
            "test_dtc": -1.0,
            "test_bernoulli": -1,
            "elapsed_time": 2405.4,
            "len": 9,
            "nsites": 817,
            "evalue": "6.1e-011",
            "pwm": [
              [0.82741, 0.0861517, 0.021756, 0.0646827], 
              [0.0363816, 0.107428, 0.749836, 0.106355], 
              [0.000190189, 0.000182731, 0.000182731, 0.999444], 
              [0.0188205, 0.96356, 0.000182731, 0.0174364], 
              [0.961914, 0.000182731, 0.0377127, 0.000190189], 
              [0.000190189, 0.000182731, 0.000182731, 0.999444], 
              [0.26622, 0.0630621, 0.000693003, 0.670025], 
              [0.109713, 0.0604806, 0.0482394, 0.781567], 
              [0.0656808, 0.917077, 0.0170522, 0.000190189]
            ]
          }, {
            "db": 0,
            "id": "13-AATTAGCCRGGCGTGG",
            "alt": "STREME-13",
            "width": 16,
            "initial_width": 16,
            "seed": "AATTAGCCGGGCGTGG",
            "score_threshold": 13.9777,
            "train_pos_count": 326,
            "train_neg_count": 3,
            "train_log_pvalue": -93.0602,
            "train_pvalue": "8.7e-094",
            "train_dtc": -1.0,
            "train_bernoulli": -1,
            "test_pos_count": 34,
            "test_neg_count": 1,
            "test_log_pvalue": -9.05249,
            "test_pvalue": "8.9e-010",
            "test_dtc": -1.0,
            "test_bernoulli": -1,
            "elapsed_time": 1118.8,
            "len": 16,
            "nsites": 360,
            "evalue": "8.9e-010",
            "pwm": [
              [0.969662, 0.0167731, 0.00677982, 0.00678463], 
              [0.933021, 0.0234352, 0.0300973, 0.0134467], 
              [0.0201088, 0.03676, 0.020104, 0.923027], 
              [0.0101157, 0.056746, 0.0134419, 0.919696], 
              [0.976325, 0.000117739, 0.020104, 0.00345359], 
              [0.0101157, 0.00677982, 0.972989, 0.0101157], 
              [0.00345359, 0.929685, 0.0167729, 0.0500883], 
              [0.0201093, 0.769781, 0.0234352, 0.186674], 
              [0.433315, 0.0134419, 0.536465, 0.0167779], 
              [0.0700759, 0.000117739, 0.906366, 0.0234402], 
              [0.0367645, 0.0134419, 0.94634, 0.00345359], 
              [0.02344, 0.763109, 0.0101109, 0.20334], 
              [0.21333, 0.0267662, 0.739794, 0.020109], 
              [0.00678463, 0.0367594, 0.0134419, 0.943014], 
              [0.0301021, 0.00677982, 0.953002, 0.0101157], 
              [0.0367647, 0.00344878, 0.949671, 0.0101158]
            ]
          }, {
            "db": 0,
            "id": "14-TCGGCTCACTGCAA",
            "alt": "STREME-14",
            "width": 14,
            "initial_width": 14,
            "seed": "TCGGCTCACTGCAA",
            "score_threshold": 14.5497,
            "train_pos_count": 346,
            "train_neg_count": 7,
            "train_log_pvalue": -93.0252,
            "train_pvalue": "9.4e-094",
            "train_dtc": -1.0,
            "train_bernoulli": -1,
            "test_pos_count": 34,
            "test_neg_count": 1,
            "test_log_pvalue": -9.05249,
            "test_pvalue": "8.9e-010",
            "test_dtc": -1.0,
            "test_bernoulli": -1,
            "elapsed_time": 956.9,
            "len": 14,
            "nsites": 380,
            "evalue": "8.9e-010",
            "pwm": [
              [0.111811, 0.000101226, 0.000101226, 0.887987], 
              [0.0201526, 0.741878, 0.0144206, 0.223549], 
              [0.302156, 0.00296517, 0.643222, 0.0516562], 
              [0.0344729, 0.000101226, 0.959593, 0.0058331], 
              [0.00296923, 0.959593, 0.0172846, 0.020153], 
              [0.0058331, 0.000101226, 0.000101226, 0.993964], 
              [0.011561, 0.937168, 0.0253897, 0.0258809], 
              [0.973917, 0.00582911, 0.0201487, 0.000105358], 
              [0.00296923, 0.959593, 0.0029651, 0.0344722], 
              [0.000105358, 0.111802, 0.0144207, 0.873672], 
              [0.0745717, 0.0029651, 0.922358, 0.000105358], 
              [0.0230165, 0.962457, 0.00582911, 0.00869697], 
              [0.962462, 0.00869284, 0.0201483, 0.00869711], 
              [0.806599, 0.000101226, 0.193194, 0.000105358]
            ]
          }, {
            "db": 0,
            "id": "15-CCASCAGRGGGCRSY",
            "alt": "STREME-15",
            "width": 15,
            "initial_width": 13,
            "seed": "CCACCAGGGGGCGCC",
            "score_threshold": 14.7863,
            "train_pos_count": 381,
            "train_neg_count": 23,
            "train_log_pvalue": -85.3117,
            "train_pvalue": "4.9e-086",
            "train_dtc": -1.0,
            "train_bernoulli": -1,
            "test_pos_count": 34,
            "test_neg_count": 2,
            "test_log_pvalue": -8.08144,
            "test_pvalue": "8.3e-009",
            "test_dtc": -1.0,
            "test_bernoulli": -1,
            "elapsed_time": 1967.7,
            "len": 15,
            "nsites": 415,
            "evalue": "8.3e-009",
            "pwm": [
              [0.0803249, 0.79785, 0.0725567, 0.0492679], 
              [9.52103e-05, 0.999718, 9.14766e-05, 9.52103e-05], 
              [0.804545, 9.14766e-05, 0.171976, 0.0233876], 
              [9.52103e-05, 0.660682, 0.331363, 0.0078593], 
              [0.0855007, 0.575279, 0.111378, 0.227843], 
              [0.986782, 9.14766e-05, 0.0130316, 9.52103e-05], 
              [9.52103e-05, 0.00267951, 0.99713, 9.52103e-05], 
              [0.336541, 0.00267951, 0.660684, 9.52103e-05], 
              [0.0389162, 0.0207957, 0.627038, 0.31325], 
              [9.52103e-05, 9.14766e-05, 0.999718, 9.52103e-05], 
              [0.00527127, 0.0156197, 0.942781, 0.0363277], 
              [0.0337397, 0.966074, 9.14766e-05, 9.52103e-05], 
              [0.387866, 9.14766e-05, 0.611947, 9.52103e-05], 
              [0.0518558, 0.575715, 0.350555, 0.0218737], 
              [0.0932651, 0.45774, 0.0813949, 0.3676]
            ]
          }, {
            "db": 0,
            "id": "16-AACTGAAAST",
            "alt": "STREME-16",
            "width": 10,
            "initial_width": 10,
            "seed": "AACTGAAAGT",
            "score_threshold": 10.4911,
            "train_pos_count": 1064,
            "train_neg_count": 450,
            "train_log_pvalue": -60.0801,
            "train_pvalue": "8.3e-061",
            "train_dtc": -1.0,
            "train_bernoulli": -1,
            "test_pos_count": 120,
            "test_neg_count": 49,
            "test_log_pvalue": -7.99628,
            "test_pvalue": "1.0e-008",
            "test_dtc": -1.0,
            "test_bernoulli": -1,
            "elapsed_time": 2061.6,
            "len": 10,
            "nsites": 1184,
            "evalue": "1.0e-008",
            "pwm": [
              [0.811446, 0.0538529, 0.0371178, 0.0975835], 
              [0.863718, 0.107232, 8.72211e-05, 0.0289628], 
              [0.1875, 0.563411, 0.124715, 0.124375], 
              [0.149888, 0.24394, 8.72211e-05, 0.606085], 
              [0.0113334, 0.00385972, 0.984716, 9.07812e-05], 
              [0.982854, 8.72211e-05, 8.72211e-05, 0.0169716], 
              [0.985442, 8.72211e-05, 0.0143801, 9.07812e-05], 
              [0.999735, 8.72211e-05, 8.72211e-05, 9.07812e-05], 
              [9.07812e-05, 0.414, 0.585818, 9.07812e-05], 
              [0.0940676, 0.105965, 8.72211e-05, 0.799881]
            ]
          }, {
            "db": 0,
            "id": "17-CCCCDCCCCC",
            "alt": "STREME-17",
            "width": 10,
            "initial_width": 9,
            "seed": "CCCCGCCCCC",
            "score_threshold": 11.3781,
            "train_pos_count": 1241,
            "train_neg_count": 474,
            "train_log_pvalue": -83.3792,
            "train_pvalue": "4.2e-084",
            "train_dtc": -1.0,
            "train_bernoulli": -1,
            "test_pos_count": 128,
            "test_neg_count": 59,
            "test_log_pvalue": -6.95218,
            "test_pvalue": "1.1e-007",
            "test_dtc": -1.0,
            "test_bernoulli": -1,
            "elapsed_time": 1267.5,
            "len": 10,
            "nsites": 1369,
            "evalue": "1.1e-007",
            "pwm": [
              [0.00658779, 0.922469, 0.00799978, 0.0629432], 
              [0.00721456, 0.982533, 0.00239325, 0.00785967], 
              [0.00239676, 0.990479, 8.59078e-05, 0.0070379], 
              [0.0822822, 0.839937, 0.0112208, 0.0665599], 
              [0.281428, 8.59078e-05, 0.456061, 0.262426], 
              [0.00736481, 0.961716, 8.59078e-05, 0.0308334], 
              [0.00283499, 0.991942, 0.00239325, 0.00283005], 
              [0.0339718, 0.881559, 0.00371436, 0.0807548], 
              [0.0825791, 0.902164, 0.00232943, 0.0129279], 
              [0.0182269, 0.828571, 0.102344, 0.0508581]
            ]
          }, {
            "db": 0,
            "id": "18-CTAAAAATAGC",
            "alt": "STREME-18",
            "width": 11,
            "initial_width": 9,
            "seed": "CTAAAAATAGC",
            "score_threshold": 10.8532,
            "train_pos_count": 1236,
            "train_neg_count": 540,
            "train_log_pvalue": -66.1875,
            "train_pvalue": "6.5e-067",
            "train_dtc": -1.0,
            "train_bernoulli": -1,
            "test_pos_count": 142,
            "test_neg_count": 70,
            "test_log_pvalue": -6.74919,
            "test_pvalue": "1.8e-007",
            "test_dtc": -1.0,
            "test_bernoulli": -1,
            "elapsed_time": 1543.1,
            "len": 11,
            "nsites": 1378,
            "evalue": "1.8e-007",
            "pwm": [
              [0.213659, 0.569051, 0.0660732, 0.151216], 
              [0.00178057, 0.0554752, 4.33502e-05, 0.942701], 
              [0.898677, 4.33502e-05, 4.33502e-05, 0.101236], 
              [0.659994, 0.0475913, 0.0786026, 0.213813], 
              [0.675666, 0.0220931, 0.0586478, 0.243593], 
              [0.774952, 0.0126368, 0.0482357, 0.164175], 
              [0.942702, 0.00126983, 0.00852458, 0.0475031], 
              [4.51196e-05, 0.0155908, 4.33502e-05, 0.984321], 
              [0.998642, 0.0012698, 4.33502e-05, 4.51196e-05], 
              [0.202146, 0.0790429, 0.558918, 0.159893], 
              [0.222266, 0.540129, 0.0531665, 0.184439]
            ]
          }, {
            "db": 0,
            "id": "19-CAGGAGAATCGCTTGA",
            "alt": "STREME-19",
            "width": 16,
            "initial_width": 16,
            "seed": "CAGGAGAATCGCTTGA",
            "score_threshold": 13.8552,
            "train_pos_count": 239,
            "train_neg_count": 3,
            "train_log_pvalue": -66.8985,
            "train_pvalue": "1.3e-067",
            "train_dtc": -1.0,
            "train_bernoulli": -1,
            "test_pos_count": 26,
            "test_neg_count": 1,
            "test_log_pvalue": -6.72193,
            "test_pvalue": "1.9e-007",
            "test_dtc": -1.0,
            "test_bernoulli": -1,
            "elapsed_time": 1357.5,
            "len": 16,
            "nsites": 265,
            "evalue": "1.9e-007",
            "pwm": [
              [0.0127501, 0.78961, 0.0169426, 0.180697], 
              [0.751829, 0.000148402, 0.239471, 0.00855154], 
              [0.0505376, 0.0547303, 0.848393, 0.0463397], 
              [0.0463397, 0.000148402, 0.953357, 0.000154459], 
              [0.940769, 0.000148402, 0.00854548, 0.0505371], 
              [0.0337437, 0.000148402, 0.957556, 0.00855154], 
              [0.74763, 0.012744, 0.239472, 0.000154459], 
              [0.944968, 0.0253396, 0.0295382, 0.000154459], 
              [0.000154459, 0.0253396, 0.000148402, 0.974357], 
              [0.0295442, 0.642635, 0.0421342, 0.285687], 
              [0.306688, 0.0211411, 0.642627, 0.0295442], 
              [0.000154459, 0.923968, 0.012744, 0.0631332], 
              [0.00855175, 0.0673255, 0.0463326, 0.87779], 
              [0.000154459, 0.0211413, 0.0295386, 0.949166], 
              [0.0421401, 0.012744, 0.932366, 0.0127501], 
              [0.957563, 0.012744, 0.012744, 0.0169486]
            ]
          }, {
            "db": 0,
            "id": "20-ATGCAAATNA",
            "alt": "STREME-20",
            "width": 10,
            "initial_width": 8,
            "seed": "ATGCAAATGA",
            "score_threshold": 12.1832,
            "train_pos_count": 610,
            "train_neg_count": 177,
            "train_log_pvalue": -57.4964,
            "train_pvalue": "3.2e-058",
            "train_dtc": -1.0,
            "train_bernoulli": -1,
            "test_pos_count": 66,
            "test_neg_count": 25,
            "test_log_pvalue": -5.11171,
            "test_pvalue": "7.7e-006",
            "test_dtc": -1.0,
            "test_bernoulli": -1,
            "elapsed_time": 1692.7,
            "len": 10,
            "nsites": 676,
            "evalue": "7.7e-006",
            "pwm": [
              [0.92777, 0.000122768, 0.000122768, 0.0719845], 
              [0.000127779, 0.00995302, 0.000122768, 0.989796], 
              [0.0172484, 0.000122768, 0.944166, 0.0384632], 
              [0.000127779, 0.851139, 0.000122768, 0.14861], 
              [0.999627, 0.000122768, 0.000122768, 0.000127779], 
              [0.999627, 0.000122768, 0.000122768, 0.000127779], 
              [0.999627, 0.000122768, 0.000122768, 0.000127779], 
              [0.000127779, 0.000122768, 0.0783946, 0.921355], 
              [0.31889, 0.218463, 0.212059, 0.250588], 
              [0.637591, 0.120281, 0.108974, 0.133154]
            ]
          }, {
            "db": 0,
            "id": "21-AAAAAAAAAAVAAAA",
            "alt": "STREME-21",
            "width": 15,
            "initial_width": 15,
            "seed": "AAAAAAAAAAGAAAA",
            "score_threshold": 14.7629,
            "train_pos_count": 414,
            "train_neg_count": 76,
            "train_log_pvalue": -57.781,
            "train_pvalue": "1.7e-058",
            "train_dtc": -1.0,
            "train_bernoulli": -1,
            "test_pos_count": 37,
            "test_neg_count": 10,
            "test_log_pvalue": -4.35725,
            "test_pvalue": "4.4e-005",
            "test_dtc": -1.0,
            "test_bernoulli": -1,
            "elapsed_time": 1850.4,
            "len": 15,
            "nsites": 451,
            "evalue": "4.4e-005",
            "pwm": [
              [0.999672, 0.000108018, 0.000108018, 0.000112427], 
              [0.999672, 0.000108018, 0.000108018, 0.000112427], 
              [0.735779, 0.170121, 0.0878754, 0.00622448], 
              [0.924972, 0.0534149, 0.0153889, 0.00622448], 
              [0.757387, 0.16509, 0.0608621, 0.016661], 
              [0.791929, 0.15183, 0.0530734, 0.00316845], 
              [0.779268, 0.1573, 0.0528823, 0.0105488], 
              [0.958517, 0.0412626, 0.000108018, 0.000112427], 
              [0.993559, 0.000108018, 0.000108018, 0.00622448], 
              [0.9576, 0.0421791, 0.000108018, 0.000112427], 
              [0.356119, 0.398307, 0.222516, 0.0230576], 
              [0.933456, 0.0602113, 0.00316412, 0.00316845], 
              [0.977311, 0.0224687, 0.000108018, 0.000112427], 
              [0.963069, 0.000108018, 0.0251882, 0.0116353], 
              [0.951908, 0.0478717, 0.000108018, 0.000112427]
            ]
          }, {
            "db": 0,
            "id": "22-GGGAGGAGGAGG",
            "alt": "STREME-22",
            "width": 12,
            "initial_width": 7,
            "seed": "GGGAGGAGGAGG",
            "score_threshold": 8.26478,
            "train_pos_count": 3099,
            "train_neg_count": 2298,
            "train_log_pvalue": -33.2828,
            "train_pvalue": "5.2e-034",
            "train_dtc": -1.0,
            "train_bernoulli": -1,
            "test_pos_count": 345,
            "test_neg_count": 263,
            "test_log_pvalue": -3.89109,
            "test_pvalue": "1.3e-004",
            "test_dtc": -1.0,
            "test_bernoulli": -1,
            "elapsed_time": 2945.0,
            "len": 12,
            "nsites": 3444,
            "evalue": "1.3e-004",
            "pwm": [
              [0.00433972, 0.0376233, 0.938871, 0.0191659], 
              [0.0112964, 0.0581826, 0.927408, 0.00311262], 
              [0.127551, 0.0355248, 0.781998, 0.0549266], 
              [0.832094, 0.0599326, 3.00828e-05, 0.107943], 
              [0.0121471, 0.0699293, 0.877431, 0.0404924], 
              [0.0527297, 0.00877923, 0.880299, 0.0581924], 
              [0.590598, 0.160039, 0.0917276, 0.157635], 
              [0.0953414, 0.0940201, 0.706453, 0.104186], 
              [0.0571854, 0.0784271, 0.780145, 0.0842424], 
              [0.479544, 0.217356, 0.172113, 0.130987], 
              [0.102313, 0.0822388, 0.753717, 0.0617305], 
              [0.0688107, 0.0784263, 0.799134, 0.0536286]
            ]
          }, {
            "db": 0,
            "id": "23-AAATATTAAC",
            "alt": "STREME-23",
            "width": 10,
            "initial_width": 10,
            "seed": "AAATATTAAC",
            "score_threshold": 13.2511,
            "train_pos_count": 277,
            "train_neg_count": 83,
            "train_log_pvalue": -25.3893,
            "train_pvalue": "4.1e-026",
            "train_dtc": -1.0,
            "train_bernoulli": -1,
            "test_pos_count": 35,
