>HYCTGDGR	1-HYCTGDGR	4.594267	-3939.800226	0	T:25207.0(74.48%),B:68587.1(48.27%),P:1e-1711	Tpos:99.8,Tstd:57.0,Bpos:100.7,Bstd:87.5,StrandBias:-0.1,Multiplicity:1.15
0.235	0.331	0.147	0.287
0.093	0.401	0.037	0.470
0.118	0.630	0.001	0.251
0.220	0.001	0.001	0.778
0.001	0.001	0.766	0.232
0.331	0.001	0.376	0.292
0.246	0.047	0.665	0.042
0.447	0.001	0.384	0.168
>CWCWGDGR	2-CWCWGDGR	5.175095	-3473.300640	0	T:20831.0(61.55%),B:51969.4(36.57%),P:1e-1508	Tpos:96.9,Tstd:56.6,Bpos:100.1,Bstd:90.2,StrandBias:-0.0,Multiplicity:1.52
0.001	0.912	0.048	0.039
0.355	0.207	0.001	0.437
0.001	0.700	0.298	0.001
0.549	0.001	0.001	0.449
0.001	0.053	0.945	0.001
0.399	0.001	0.327	0.273
0.263	0.117	0.619	0.001
0.531	0.017	0.390	0.062
>SWGCCWGM	3-SWGCCWGM	5.349923	-3090.609745	0	T:15179.0(44.85%),B:32584.6(22.93%),P:1e-1342	Tpos:104.2,Tstd:55.4,Bpos:99.6,Bstd:91.0,StrandBias:-0.1,Multiplicity:1.68
0.034	0.490	0.475	0.001
0.425	0.001	0.068	0.506
0.001	0.231	0.767	0.001
0.131	0.547	0.321	0.001
0.001	0.997	0.001	0.001
0.526	0.001	0.001	0.472
0.001	0.315	0.683	0.001
0.372	0.251	0.191	0.187
>KAGCTGGG	4-KAGCTGGG	4.595341	-3048.436155	0	T:20487.0(60.53%),B:52748.4(37.12%),P:1e-1323	Tpos:102.5,Tstd:56.1,Bpos:100.0,Bstd:90.5,StrandBias:-0.0,Multiplicity:1.76
0.040	0.198	0.354	0.409
0.495	0.001	0.256	0.248
0.001	0.284	0.714	0.001
0.001	0.949	0.049	0.001
0.253	0.001	0.001	0.745
0.001	0.001	0.997	0.001
0.329	0.001	0.569	0.101
0.001	0.001	0.997	0.001
>CWGYYTTY	5-CWGYYTTY	4.826620	-2968.327927	0	T:25788.0(76.19%),B:76494.8(53.83%),P:1e-1289	Tpos:98.7,Tstd:56.9,Bpos:99.0,Bstd:89.5,StrandBias:0.0,Multiplicity:1.29
0.094	0.854	0.051	0.001
0.470	0.001	0.001	0.528
0.001	0.001	0.889	0.109
0.061	0.302	0.219	0.418
0.156	0.447	0.065	0.332
0.082	0.339	0.001	0.578
0.001	0.201	0.001	0.797
0.009	0.407	0.148	0.437
>CWGDVWGG	6-CWGDVWGG	4.514369	-2688.851276	0	T:25720.0(75.99%),B:77807.7(54.75%),P:1e-1167	Tpos:98.2,Tstd:56.6,Bpos:100.0,Bstd:88.0,StrandBias:-0.0,Multiplicity:1.32
0.069	0.758	0.172	0.001
0.504	0.001	0.001	0.494
0.001	0.001	0.732	0.266
0.239	0.134	0.374	0.253
0.266	0.348	0.385	0.001
0.546	0.001	0.004	0.449
0.032	0.001	0.736	0.231
0.220	0.061	0.475	0.244
>WGGCCARG	7-WGGCCARG	3.771498	-1903.993610	0	T:22119.0(65.35%),B:66563.8(46.84%),P:1e-826	Tpos:102.0,Tstd:55.9,Bpos:100.0,Bstd:89.2,StrandBias:-0.0,Multiplicity:1.36
0.333	0.075	0.162	0.430
0.147	0.050	0.536	0.267
0.022	0.297	0.457	0.223
0.060	0.550	0.212	0.178
0.288	0.613	0.023	0.076
0.560	0.144	0.060	0.236
0.303	0.113	0.427	0.157
0.332	0.044	0.518	0.106
>TKGGGAAR	8-TKGGGAAR	6.011679	-1888.832812	0	T:11619.0(34.33%),B:26180.6(18.42%),P:1e-820	Tpos:98.6,Tstd:56.7,Bpos:99.3,Bstd:92.1,StrandBias:0.0,Multiplicity:1.16
0.194	0.016	0.077	0.713
0.028	0.080	0.452	0.440
0.205	0.070	0.627	0.098
0.186	0.040	0.725	0.049
0.157	0.058	0.784	0.001
0.777	0.018	0.204	0.001
0.682	0.084	0.218	0.016
0.511	0.023	0.439	0.027
>WGCWGCWG	9-WGCWGCWG	4.635699	-1809.521093	0	T:16746.0(49.48%),B:45231.8(31.83%),P:1e-785	Tpos:98.2,Tstd:55.7,Bpos:100.2,Bstd:90.9,StrandBias:-0.0,Multiplicity:1.28
0.370	0.001	0.117	0.512
0.062	0.178	0.550	0.210
0.149	0.665	0.116	0.070
0.444	0.009	0.018	0.529
0.041	0.065	0.720	0.174
0.100	0.640	0.193	0.067
0.517	0.037	0.001	0.445
0.053	0.052	0.764	0.131
>TTTTDAAA	10-TTTTDAAA	6.494838	-1781.139418	0	T:12432.0(36.73%),B:29553.1(20.80%),P:1e-773	Tpos:101.5,Tstd:55.5,Bpos:99.6,Bstd:82.4,StrandBias:0.0,Multiplicity:1.29
0.144	0.129	0.001	0.726
0.044	0.008	0.001	0.947
0.063	0.136	0.020	0.781
0.165	0.063	0.194	0.578
0.353	0.158	0.283	0.205
0.896	0.018	0.085	0.001
0.826	0.001	0.172	0.001
0.892	0.041	0.045	0.022
>GAGACAGA	11-GAGACAGA	5.160280	-1732.279882	0	T:20706.0(61.18%),B:61750.0(43.45%),P:1e-752	Tpos:97.9,Tstd:56.4,Bpos:100.2,Bstd:95.6,StrandBias:-0.2,Multiplicity:1.48
0.293	0.242	0.463	0.001
0.861	0.031	0.075	0.033
0.343	0.086	0.570	0.001
0.537	0.173	0.191	0.099
0.168	0.510	0.321	0.001
0.814	0.021	0.013	0.152
0.250	0.180	0.569	0.001
0.651	0.063	0.251	0.035
>RAGGAAGG	12-RAGGAAGG	3.922138	-1704.119696	0	T:17789.0(52.56%),B:50025.7(35.20%),P:1e-740	Tpos:99.0,Tstd:57.1,Bpos:100.1,Bstd:95.5,StrandBias:-0.2,Multiplicity:1.21
0.376	0.207	0.416	0.001
0.997	0.001	0.001	0.001
0.001	0.001	0.997	0.001
0.002	0.129	0.868	0.001
0.997	0.001	0.001	0.001
0.961	0.001	0.037	0.001
0.055	0.001	0.943	0.001
0.142	0.139	0.551	0.168
>CCTGGCAT	13-CCTGGCAT	6.149046	-1619.171544	0	T:8618.0(25.46%),B:17752.4(12.49%),P:1e-703	Tpos:105.4,Tstd:55.9,Bpos:98.7,Bstd:88.6,StrandBias:0.1,Multiplicity:1.19
0.033	0.895	0.071	0.001
0.183	0.815	0.001	0.001
0.360	0.001	0.001	0.638
0.001	0.001	0.997	0.001
0.161	0.159	0.462	0.218
0.205	0.538	0.256	0.001
0.434	0.263	0.135	0.169
0.014	0.001	0.191	0.794
>TCTGAGAC	14-TCTGAGAC	5.121728	-1532.467689	0	T:7553.0(22.32%),B:14866.1(10.46%),P:1e-665	Tpos:110.6,Tstd:58.1,Bpos:109.4,Bstd:90.9,StrandBias:0.8,Multiplicity:1.00
0.001	0.115	0.001	0.883
0.001	0.990	0.001	0.008
0.001	0.001	0.001	0.997
0.001	0.001	0.997	0.001
0.799	0.001	0.001	0.199
0.001	0.001	0.997	0.001
0.779	0.001	0.219	0.001
0.326	0.587	0.086	0.001
>AAATGAAA	15-AAATGAAA	5.805881	-1529.412842	0	T:20268.0(59.88%),B:61425.2(43.23%),P:1e-664	Tpos:99.9,Tstd:56.4,Bpos:100.3,Bstd:87.6,StrandBias:-0.2,Multiplicity:1.50
0.829	0.056	0.079	0.036
0.845	0.046	0.079	0.030
0.820	0.092	0.058	0.030
0.131	0.017	0.248	0.604
0.186	0.036	0.724	0.054
0.691	0.142	0.114	0.053
0.761	0.108	0.106	0.025
0.727	0.010	0.075	0.188
>TSTGCACA	16-TSTGCACA	5.659092	-892.628305	0	T:11205.0(33.11%),B:31134.1(21.91%),P:1e-387	Tpos:100.9,Tstd:56.5,Bpos:100.0,Bstd:86.9,StrandBias:0.0,Multiplicity:1.09
0.125	0.001	0.044	0.830
0.114	0.437	0.309	0.140
0.155	0.033	0.016	0.796
0.011	0.257	0.557	0.175
0.059	0.699	0.001	0.241
0.477	0.277	0.108	0.138
0.359	0.613	0.006	0.022
0.901	0.021	0.001	0.077
>TGAGTCAT	17-TGAGTCAT	6.305983	-807.377541	0	T:5128.0(15.15%),B:10993.5(7.74%),P:1e-350	Tpos:68.1,Tstd:55.3,Bpos:99.6,Bstd:84.7,StrandBias:-0.0,Multiplicity:1.06
0.006	0.001	0.001	0.992
0.001	0.037	0.915	0.047
0.976	0.001	0.001	0.022
0.036	0.252	0.694	0.018
0.001	0.026	0.009	0.964
0.024	0.974	0.001	0.001
0.997	0.001	0.001	0.001
0.040	0.116	0.112	0.732
>CAAMATGK	18-CAAMATGK	6.351479	-612.050519	0	T:8807.0(26.02%),B:24835.6(17.48%),P:1e-265	Tpos:102.3,Tstd:56.4,Bpos:100.3,Bstd:84.9,StrandBias:-0.0,Multiplicity:1.11
0.001	0.655	0.001	0.343
0.778	0.220	0.001	0.001
0.671	0.260	0.001	0.068
0.444	0.554	0.001	0.001
0.843	0.155	0.001	0.001
0.001	0.001	0.001	0.997
0.001	0.001	0.997	0.001
0.001	0.001	0.503	0.495
>TTTTTTTT	19-TTTTTTTT	8.236954	-579.662291	0	T:3825.0(11.30%),B:8235.0(5.80%),P:1e-251	Tpos:104.4,Tstd:57.1,Bpos:99.7,Bstd:95.7,StrandBias:1.4,Multiplicity:1.09
0.100	0.100	0.100	0.700
0.100	0.100	0.100	0.700
0.100	0.100	0.100	0.700
0.100	0.100	0.100	0.700
0.100	0.100	0.100	0.700
0.100	0.100	0.100	0.700
0.100	0.100	0.100	0.700
0.100	0.100	0.100	0.700
>GGTTCAAG	20-GGTTCAAG	8.334379	-568.929488	0	T:1647.0(4.87%),B:2225.3(1.57%),P:1e-247	Tpos:116.8,Tstd:53.4,Bpos:99.9,Bstd:86.2,StrandBias:1.0,Multiplicity:1.03
0.271	0.001	0.727	0.001
0.001	0.001	0.997	0.001
0.001	0.089	0.001	0.909
0.001	0.001	0.001	0.997
0.001	0.997	0.001	0.001
0.997	0.001	0.001	0.001
0.997	0.001	0.001	0.001
0.001	0.001	0.997	0.001
>ARAYATTT	21-ARAYATTT	7.578282	-534.684899	0	T:5033.0(14.87%),B:12371.8(8.71%),P:1e-232	Tpos:104.2,Tstd:55.5,Bpos:100.1,Bstd:81.5,StrandBias:-0.1,Multiplicity:1.05
0.997	0.001	0.001	0.001
0.430	0.098	0.295	0.177
0.744	0.001	0.254	0.001
0.001	0.549	0.001	0.449
0.830	0.001	0.168	0.001
0.001	0.001	0.001	0.997
0.001	0.001	0.274	0.724
0.001	0.165	0.001	0.833
>GGTGGTGG	22-GGTGGTGG	7.727346	-490.110001	0	T:2467.0(7.29%),B:4669.2(3.29%),P:1e-212	Tpos:106.7,Tstd:57.3,Bpos:101.2,Bstd:92.9,StrandBias:-0.3,Multiplicity:1.04
0.021	0.081	0.624	0.274
0.016	0.004	0.979	0.001
0.077	0.001	0.081	0.841
0.001	0.001	0.997	0.001
0.017	0.008	0.974	0.001
0.125	0.040	0.089	0.746
0.001	0.001	0.997	0.001
0.001	0.029	0.969	0.001
>ACACACAC	23-ACACACAC	8.236954	-464.982296	0	T:928.0(2.74%),B:900.1(0.63%),P:1e-201	Tpos:112.0,Tstd:57.0,Bpos:103.5,Bstd:86.8,StrandBias:-0.1,Multiplicity:1.17
0.700	0.100	0.100	0.100
0.100	0.700	0.100	0.100
0.700	0.100	0.100	0.100
0.100	0.700	0.100	0.100
0.700	0.100	0.100	0.100
0.100	0.700	0.100	0.100
0.700	0.100	0.100	0.100
0.100	0.700	0.100	0.100
>GAAACCCC	24-GAAACCCC	9.230471	-316.399941	0	T:958.0(2.83%),B:1330.3(0.94%),P:1e-137	Tpos:113.3,Tstd:57.6,Bpos:102.6,Bstd:85.8,StrandBias:0.0,Multiplicity:1.01
0.001	0.001	0.997	0.001
0.997	0.001	0.001	0.001
0.997	0.001	0.001	0.001
0.997	0.001	0.001	0.001
0.001	0.997	0.001	0.001
0.001	0.839	0.001	0.159
0.001	0.997	0.001	0.001
0.001	0.997	0.001	0.001
>ATATATAT	25-ATATATAT	8.236954	-44.041348	0	T:499.0(1.47%),B:1277.0(0.90%),P:1e-19	Tpos:116.9,Tstd:50.8,Bpos:101.1,Bstd:71.0,StrandBias:0.0,Multiplicity:1.29
0.700	0.100	0.100	0.100
0.100	0.100	0.100	0.700
0.700	0.100	0.100	0.100
0.100	0.100	0.100	0.700
0.700	0.100	0.100	0.100
0.100	0.100	0.100	0.700
0.700	0.100	0.100	0.100
0.100	0.100	0.100	0.700
