>NNSAGGCTGRGN	1-NNSAGGCTGRGN	5.622708	-3543.437235	0	T:13681.0(40.42%),B:25730.1(18.11%),P:1e-1538	Tpos:103.7,Tstd:55.0,Bpos:99.8,Bstd:90.0,StrandBias:-0.1,Multiplicity:1.32
0.328	0.203	0.205	0.265
0.200	0.185	0.307	0.308
0.228	0.328	0.394	0.051
0.487	0.001	0.182	0.330
0.154	0.001	0.798	0.047
0.087	0.294	0.553	0.066
0.128	0.792	0.079	0.001
0.381	0.001	0.001	0.617
0.001	0.022	0.976	0.001
0.354	0.001	0.457	0.188
0.203	0.113	0.547	0.137
0.239	0.241	0.331	0.190
>NCTGNNNYYCAR	2-NCTGNNNYYCAR	5.651010	-3095.586954	0	T:15429.0(45.59%),B:33432.5(23.53%),P:1e-1344	Tpos:105.4,Tstd:54.4,Bpos:99.7,Bstd:88.1,StrandBias:0.1,Multiplicity:1.58
0.170	0.286	0.303	0.241
0.001	0.997	0.001	0.001
0.419	0.001	0.001	0.579
0.001	0.001	0.997	0.001
0.218	0.202	0.322	0.258
0.301	0.228	0.303	0.168
0.263	0.187	0.269	0.282
0.001	0.398	0.118	0.483
0.001	0.426	0.154	0.420
0.282	0.657	0.001	0.060
0.485	0.282	0.001	0.231
0.318	0.217	0.372	0.092
>HTTTDRRAARHW	3-HTTTDRRAARHW	5.824242	-2417.188325	0	T:14951.0(44.17%),B:35005.0(24.63%),P:1e-1049	Tpos:102.5,Tstd:54.6,Bpos:99.5,Bstd:82.8,StrandBias:0.0,Multiplicity:1.29
0.222	0.307	0.105	0.366
0.182	0.309	0.001	0.508
0.001	0.251	0.019	0.729
0.001	0.014	0.276	0.709
0.225	0.069	0.362	0.344
0.389	0.001	0.397	0.213
0.544	0.041	0.414	0.001
0.683	0.001	0.315	0.001
0.545	0.001	0.366	0.088
0.372	0.156	0.291	0.181
0.338	0.292	0.173	0.197
0.438	0.238	0.001	0.324
>CAGDCTGBTCTS	4-CAGDCTGBTCTS	5.271251	-2324.049081	0	T:19863.0(58.69%),B:54321.0(38.23%),P:1e-1009	Tpos:98.8,Tstd:55.6,Bpos:100.4,Bstd:87.4,StrandBias:0.0,Multiplicity:1.31
0.231	0.636	0.125	0.008
0.697	0.001	0.001	0.301
0.182	0.001	0.566	0.251
0.246	0.100	0.391	0.263
0.234	0.431	0.237	0.098
0.347	0.001	0.001	0.651
0.023	0.001	0.640	0.336
0.100	0.273	0.330	0.297
0.067	0.283	0.074	0.576
0.001	0.570	0.112	0.317
0.264	0.027	0.001	0.708
0.001	0.433	0.371	0.195
>TCTCTCTCTCTC	5-TCTCTCTCTCTC	3.834738	-2067.173884	0	T:22883.0(67.61%),B:68780.5(48.40%),P:1e-897	Tpos:97.2,Tstd:55.4,Bpos:100.1,Bstd:99.4,StrandBias:0.3,Multiplicity:1.60
0.050	0.089	0.052	0.809
0.038	0.663	0.080	0.219
0.025	0.019	0.001	0.955
0.016	0.718	0.113	0.153
0.060	0.092	0.043	0.805
0.018	0.787	0.058	0.137
0.023	0.052	0.010	0.915
0.004	0.766	0.102	0.128
0.048	0.124	0.016	0.812
0.006	0.666	0.202	0.126
0.076	0.115	0.028	0.781
0.001	0.665	0.149	0.185
>AGAYGGRGTYTC	6-AGAYGGRGTYTC	12.289984	-1911.866772	0	T:1296.0(3.83%),B:65.6(0.05%),P:1e-830	Tpos:114.2,Tstd:54.3,Bpos:105.7,Bstd:97.1,StrandBias:2.2,Multiplicity:1.00
0.997	0.001	0.001	0.001
0.001	0.001	0.997	0.001
0.991	0.001	0.007	0.001
0.001	0.561	0.001	0.437
0.336	0.001	0.662	0.001
0.054	0.001	0.944	0.001
0.511	0.001	0.487	0.001
0.001	0.001	0.997	0.001
0.001	0.001	0.001	0.997
0.001	0.539	0.001	0.459
0.001	0.001	0.001	0.997
0.008	0.533	0.094	0.365
>TTTTTTTTTTTT	7-TTTTTTTTTTTT	16.283236	-1582.018825	0	T:1403.0(4.15%),B:318.0(0.22%),P:1e-687	Tpos:105.5,Tstd:56.8,Bpos:101.0,Bstd:94.4,StrandBias:2.0,Multiplicity:1.01
0.020	0.060	0.015	0.905
0.001	0.029	0.007	0.963
0.001	0.016	0.001	0.982
0.001	0.013	0.001	0.985
0.001	0.011	0.004	0.984
0.001	0.008	0.008	0.983
0.001	0.008	0.008	0.983
0.001	0.008	0.004	0.987
0.001	0.001	0.002	0.996
0.001	0.001	0.001	0.997
0.001	0.008	0.001	0.990
0.026	0.012	0.058	0.904
>CTCACTGCAACC	8-CTCACTGCAACC	10.479451	-1534.226675	0	T:1131.0(3.34%),B:110.9(0.08%),P:1e-666	Tpos:119.2,Tstd:51.3,Bpos:87.6,Bstd:77.3,StrandBias:2.2,Multiplicity:1.01
0.016	0.874	0.034	0.076
0.045	0.067	0.012	0.876
0.018	0.892	0.066	0.024
0.914	0.036	0.032	0.018
0.023	0.873	0.048	0.056
0.080	0.108	0.014	0.798
0.149	0.032	0.798	0.021
0.060	0.836	0.027	0.077
0.898	0.063	0.018	0.021
0.588	0.032	0.347	0.033
0.074	0.794	0.055	0.077
0.021	0.864	0.014	0.101
>CTCCYGGGTTCA	9-CTCCYGGGTTCA	9.917623	-1472.586058	0	T:1274.0(3.76%),B:264.8(0.19%),P:1e-639	Tpos:119.2,Tstd:52.5,Bpos:94.8,Bstd:90.2,StrandBias:1.4,Multiplicity:1.01
0.001	0.837	0.082	0.080
0.025	0.001	0.001	0.973
0.001	0.877	0.031	0.091
0.035	0.925	0.001	0.039
0.211	0.331	0.017	0.440
0.176	0.001	0.674	0.149
0.091	0.001	0.833	0.075
0.026	0.034	0.939	0.001
0.009	0.399	0.018	0.574
0.070	0.014	0.004	0.912
0.078	0.852	0.035	0.035
0.894	0.058	0.009	0.039
>GGCRGGAGGATC	10-GGCRGGAGGATC	10.379163	-1408.729106	0	T:1046.0(3.09%),B:106.8(0.08%),P:1e-611	Tpos:122.1,Tstd:49.9,Bpos:95.1,Bstd:93.1,StrandBias:0.6,Multiplicity:1.03
0.069	0.009	0.885	0.037
0.026	0.023	0.900	0.051
0.051	0.548	0.044	0.357
0.490	0.019	0.453	0.038
0.070	0.009	0.857	0.064
0.034	0.019	0.942	0.005
0.622	0.231	0.009	0.138
0.248	0.001	0.742	0.009
0.211	0.047	0.709	0.033
0.856	0.089	0.041	0.014
0.056	0.072	0.086	0.786
0.037	0.675	0.109	0.179
>DWNWCARWDKCT	11-DWNWCARWDKCT	5.074519	-1367.337145	0	T:16669.0(49.25%),B:48065.8(33.82%),P:1e-593	Tpos:96.7,Tstd:55.7,Bpos:99.9,Bstd:83.2,StrandBias:0.0,Multiplicity:1.22
0.331	0.178	0.272	0.219
0.433	0.001	0.205	0.361
0.265	0.211	0.326	0.198
0.391	0.210	0.139	0.261
0.357	0.613	0.001	0.029
0.641	0.001	0.001	0.357
0.245	0.189	0.374	0.192
0.438	0.001	0.117	0.444
0.225	0.084	0.352	0.339
0.024	0.257	0.300	0.419
0.001	0.626	0.001	0.372
0.388	0.056	0.001	0.555
>AGCAGCAGCAGC	12-AGCAGCAGCAGC	0.394065	-1204.990335	0	T:7477.0(22.09%),B:16223.6(11.42%),P:1e-523	Tpos:96.4,Tstd:55.0,Bpos:100.1,Bstd:89.5,StrandBias:-0.0,Multiplicity:1.09
0.569	0.112	0.125	0.194
0.348	0.021	0.606	0.025
0.112	0.886	0.001	0.001
0.997	0.001	0.001	0.001
0.003	0.001	0.995	0.001
0.001	0.997	0.001	0.001
0.875	0.001	0.001	0.123
0.001	0.001	0.997	0.001
0.001	0.997	0.001	0.001
0.783	0.001	0.001	0.215
0.001	0.001	0.997	0.001
0.111	0.564	0.179	0.146
>AWRTTAGCCAGG	13-AWRTTAGCCAGG	10.210726	-1114.917624	0	T:958.0(2.83%),B:192.7(0.14%),P:1e-484	Tpos:128.2,Tstd:52.1,Bpos:103.8,Bstd:71.4,StrandBias:-0.4,Multiplicity:1.09
0.747	0.094	0.120	0.039
0.528	0.042	0.026	0.404
0.436	0.002	0.491	0.072
0.040	0.074	0.148	0.738
0.045	0.147	0.027	0.781
0.584	0.005	0.386	0.025
0.029	0.210	0.738	0.023
0.002	0.977	0.001	0.020
0.012	0.717	0.003	0.268
0.669	0.001	0.209	0.121
0.123	0.002	0.832	0.043
0.118	0.017	0.852	0.013
>CRTGAGCCACCA	14-CRTGAGCCACCA	9.190854	-938.946837	0	T:1046.0(3.09%),B:431.3(0.30%),P:1e-407	Tpos:112.9,Tstd:52.2,Bpos:97.5,Bstd:85.4,StrandBias:-1.3,Multiplicity:1.10
0.126	0.540	0.151	0.183
0.538	0.028	0.416	0.018
0.023	0.132	0.070	0.775
0.119	0.001	0.869	0.011
0.620	0.149	0.049	0.182
0.151	0.020	0.587	0.242
0.018	0.806	0.031	0.145
0.005	0.934	0.001	0.060
0.966	0.001	0.005	0.028
0.019	0.826	0.031	0.124
0.046	0.766	0.051	0.137
0.462	0.221	0.175	0.143
>CTCTACTAAAAA	15-CTCTACTAAAAA	10.229939	-886.004201	0	T:734.0(2.17%),B:127.4(0.09%),P:1e-384	Tpos:132.6,Tstd:49.6,Bpos:105.6,Bstd:71.4,StrandBias:0.5,Multiplicity:1.00
0.001	0.969	0.007	0.023
0.001	0.001	0.001	0.997
0.001	0.978	0.001	0.020
0.001	0.010	0.002	0.987
0.971	0.001	0.027	0.001
0.017	0.956	0.002	0.025
0.026	0.074	0.004	0.896
0.985	0.001	0.013	0.001
0.991	0.001	0.004	0.004
0.997	0.001	0.001	0.001
0.997	0.001	0.001	0.001
0.956	0.014	0.019	0.011
>TCAGGAGTTTGA	16-TCAGGAGTTTGA	10.911097	-822.238622	0	T:697.0(2.06%),B:132.6(0.09%),P:1e-357	Tpos:116.0,Tstd:56.4,Bpos:103.7,Bstd:76.2,StrandBias:-0.3,Multiplicity:1.00
0.001	0.334	0.001	0.664
0.001	0.638	0.001	0.360
0.642	0.001	0.356	0.001
0.001	0.001	0.997	0.001
0.119	0.001	0.879	0.001
0.873	0.001	0.125	0.001
0.001	0.001	0.997	0.001
0.001	0.001	0.417	0.581
0.001	0.001	0.001	0.997
0.001	0.137	0.282	0.580
0.001	0.089	0.909	0.001
0.997	0.001	0.001	0.001
>GGCGCGATCTCG	17-GGCGCGATCTCG	9.255021	-821.044925	0	T:661.0(1.95%),B:101.5(0.07%),P:1e-356	Tpos:114.6,Tstd:52.4,Bpos:110.5,Bstd:77.7,StrandBias:2.9,Multiplicity:1.01
0.001	0.001	0.993	0.005
0.006	0.006	0.987	0.001
0.006	0.891	0.001	0.102
0.114	0.018	0.862	0.006
0.004	0.869	0.001	0.126
0.121	0.042	0.831	0.006
0.993	0.001	0.005	0.001
0.001	0.005	0.001	0.993
0.001	0.997	0.001	0.001
0.001	0.005	0.001	0.993
0.006	0.903	0.001	0.090
0.102	0.024	0.862	0.012
>ATGGTGAAACCC	18-ATGGTGAAACCC	9.912926	-799.209007	0	T:612.0(1.81%),B:73.6(0.05%),P:1e-347	Tpos:127.9,Tstd:50.2,Bpos:99.6,Bstd:63.6,StrandBias:0.6,Multiplicity:1.00
0.953	0.010	0.036	0.001
0.020	0.046	0.001	0.933
0.041	0.001	0.957	0.001
0.043	0.001	0.955	0.001
0.078	0.071	0.046	0.805
0.024	0.001	0.972	0.003
0.992	0.001	0.006	0.001
0.993	0.003	0.003	0.001
0.994	0.001	0.003	0.002
0.011	0.965	0.007	0.017
0.004	0.994	0.001	0.001
0.007	0.954	0.004	0.035
>AGGTCAGGAGTT	19-AGGTCAGGAGTT	11.939699	-755.392941	0	T:513.0(1.52%),B:25.1(0.02%),P:1e-328	Tpos:130.9,Tstd:48.4,Bpos:115.2,Bstd:47.4,StrandBias:1.9,Multiplicity:1.00
0.997	0.001	0.001	0.001
0.025	0.001	0.973	0.001
0.022	0.008	0.969	0.001
0.006	0.023	0.003	0.968
0.006	0.983	0.001	0.010
0.921	0.001	0.065	0.013
0.019	0.003	0.977	0.001
0.010	0.001	0.988	0.001
0.996	0.001	0.002	0.001
0.016	0.001	0.980	0.003
0.149	0.013	0.001	0.837
0.001	0.002	0.001	0.996
>ACACACACACAC	20-ACACACACACAC	10.075269	-632.824035	0	T:816.0(2.41%),B:443.4(0.31%),P:1e-274	Tpos:112.9,Tstd:53.9,Bpos:97.8,Bstd:73.5,StrandBias:-0.2,Multiplicity:1.25
0.841	0.055	0.070	0.034
0.024	0.594	0.037	0.345
0.963	0.001	0.035	0.001
0.017	0.651	0.017	0.315
0.961	0.001	0.037	0.001
0.001	0.694	0.001	0.304
0.975	0.001	0.023	0.001
0.001	0.680	0.001	0.318
0.971	0.001	0.027	0.001
0.015	0.635	0.061	0.289
0.820	0.050	0.078	0.052
0.030	0.567	0.065	0.338
>TKGTTTTGHTTT	21-TKGTTTTGHTTT	12.687148	-311.430876	0	T:385.0(1.14%),B:194.6(0.14%),P:1e-135	Tpos:88.2,Tstd:55.7,Bpos:89.6,Bstd:65.5,StrandBias:0.8,Multiplicity:1.02
0.001	0.018	0.076	0.905
0.001	0.001	0.571	0.427
0.001	0.001	0.997	0.001
0.001	0.141	0.142	0.716
0.001	0.001	0.001	0.997
0.001	0.001	0.001	0.997
0.001	0.001	0.057	0.941
0.001	0.001	0.997	0.001
0.357	0.276	0.148	0.219
0.001	0.001	0.001	0.997
0.001	0.001	0.057	0.941
0.001	0.001	0.154	0.844
>ATATATAWATAT	22-ATATATAWATAT	10.329708	-295.489233	0	T:1766.0(5.22%),B:3595.3(2.53%),P:1e-128	Tpos:117.0,Tstd:49.8,Bpos:101.3,Bstd:75.2,StrandBias:-0.7,Multiplicity:1.08
0.997	0.001	0.001	0.001
0.368	0.084	0.028	0.520
0.997	0.001	0.001	0.001
0.284	0.060	0.031	0.625
0.958	0.001	0.040	0.001
0.238	0.150	0.024	0.588
0.974	0.001	0.001	0.024
0.363	0.130	0.031	0.476
0.997	0.001	0.001	0.001
0.294	0.070	0.120	0.516
0.927	0.001	0.001	0.071
0.293	0.069	0.058	0.580
>TTCATTCATTCA	23-TTCATTCATTCA	9.394658	-180.046386	0	T:819.0(2.42%),B:1459.2(1.03%),P:1e-78	Tpos:99.1,Tstd:56.0,Bpos:94.9,Bstd:79.8,StrandBias:0.2,Multiplicity:1.04
0.131	0.091	0.071	0.707
0.075	0.104	0.132	0.689
0.039	0.770	0.035	0.156
0.932	0.021	0.040	0.007
0.011	0.090	0.021	0.878
0.001	0.074	0.022	0.903
0.001	0.863	0.018	0.118
0.944	0.001	0.034	0.021
0.018	0.066	0.071	0.845
0.055	0.108	0.052	0.785
0.065	0.722	0.091	0.122
0.869	0.031	0.040	0.060
>TTGTTGTTGTTG	24-TTGTTGTTGTTG	14.357105	-119.490677	0	T:140.0(0.41%),B:65.3(0.05%),P:1e-51	Tpos:105.2,Tstd:56.4,Bpos:74.1,Bstd:66.9,StrandBias:0.6,Multiplicity:1.02
0.001	0.001	0.001	0.997
0.001	0.001	0.001	0.997
0.001	0.001	0.860	0.138
0.001	0.001	0.001	0.997
0.001	0.001	0.001	0.997
0.001	0.001	0.997	0.001
0.001	0.001	0.001	0.997
0.001	0.001	0.001	0.997
0.001	0.001	0.997	0.001
0.001	0.001	0.001	0.997
0.001	0.001	0.001	0.997
0.039	0.001	0.765	0.195
>TTATTATTATTA	25-TTATTATTATTA	12.355432	-97.089071	0	T:88.0(0.26%),B:22.7(0.02%),P:1e-42	Tpos:102.5,Tstd:55.4,Bpos:91.0,Bstd:36.1,StrandBias:0.8,Multiplicity:1.00
0.100	0.100	0.100	0.700
0.100	0.100	0.100	0.700
0.700	0.100	0.100	0.100
0.100	0.100	0.100	0.700
0.100	0.100	0.100	0.700
0.700	0.100	0.100	0.100
0.100	0.100	0.100	0.700
0.100	0.100	0.100	0.700
0.700	0.100	0.100	0.100
0.100	0.100	0.100	0.700
0.100	0.100	0.100	0.700
0.700	0.100	0.100	0.100
