>BHBCWGDGGN	1-BHBCWGDGGN	4.673027	-3430.349762	0	T:21723.0(64.18%),B:55848.2(39.30%),P:1e-1489	Tpos:100.7,Tstd:56.0,Bpos:99.6,Bstd:88.9,StrandBias:0.0,Multiplicity:1.70
0.110	0.383	0.268	0.239
0.230	0.256	0.151	0.363
0.061	0.380	0.320	0.239
0.029	0.968	0.001	0.002
0.438	0.001	0.009	0.552
0.001	0.158	0.838	0.003
0.350	0.019	0.352	0.279
0.122	0.001	0.746	0.131
0.231	0.189	0.456	0.123
0.262	0.247	0.270	0.221
>CYCWGCCWSB	2-CYCWGCCWSB	5.129240	-3275.712498	0	T:11816.0(34.91%),B:20888.5(14.70%),P:1e-1422	Tpos:105.0,Tstd:54.7,Bpos:98.6,Bstd:91.2,StrandBias:0.0,Multiplicity:1.47
0.060	0.547	0.230	0.163
0.214	0.425	0.067	0.293
0.074	0.729	0.174	0.023
0.540	0.039	0.018	0.403
0.037	0.191	0.710	0.062
0.041	0.540	0.292	0.127
0.158	0.721	0.006	0.115
0.392	0.155	0.036	0.417
0.055	0.361	0.427	0.157
0.169	0.267	0.345	0.219
>WTKBCWGRAW	3-WTKBCWGRAW	5.014213	-2707.892557	0	T:20324.0(60.05%),B:53947.6(37.96%),P:1e-1176	Tpos:101.1,Tstd:55.6,Bpos:100.1,Bstd:88.8,StrandBias:0.0,Multiplicity:1.26
0.370	0.171	0.143	0.316
0.162	0.001	0.331	0.506
0.001	0.001	0.504	0.494
0.017	0.404	0.281	0.298
0.001	0.997	0.001	0.001
0.474	0.001	0.001	0.524
0.001	0.001	0.997	0.001
0.355	0.239	0.405	0.001
0.866	0.132	0.001	0.001
0.382	0.001	0.230	0.387
>YYTCCCMAAR	4-YYTCCCMAAR	5.208898	-2457.707642	0	T:17569.0(51.91%),B:44479.0(31.30%),P:1e-1067	Tpos:100.4,Tstd:55.4,Bpos:99.6,Bstd:89.0,StrandBias:-0.1,Multiplicity:1.25
0.078	0.344	0.093	0.485
0.064	0.468	0.041	0.428
0.080	0.348	0.001	0.571
0.057	0.608	0.112	0.223
0.169	0.661	0.001	0.169
0.198	0.773	0.001	0.028
0.494	0.504	0.001	0.001
0.781	0.217	0.001	0.001
0.636	0.158	0.205	0.001
0.420	0.108	0.341	0.131
>TGWSWCWSWG	5-TGWSWCWSWG	1.779525	-2295.062187	0	T:16631.0(49.14%),B:41835.9(29.44%),P:1e-996	Tpos:95.2,Tstd:56.4,Bpos:100.0,Bstd:88.9,StrandBias:0.0,Multiplicity:1.36
0.368	0.001	0.001	0.630
0.001	0.380	0.618	0.001
0.563	0.001	0.001	0.435
0.001	0.463	0.535	0.001
0.512	0.001	0.001	0.486
0.001	0.636	0.362	0.001
0.516	0.001	0.001	0.482
0.001	0.549	0.449	0.001
0.509	0.001	0.001	0.489
0.001	0.045	0.953	0.001
>DSCCAGGCTG	6-DSCCAGGCTG	6.089341	-2195.161282	0	T:7504.0(22.17%),B:12153.5(8.55%),P:1e-953	Tpos:104.3,Tstd:55.9,Bpos:99.2,Bstd:90.1,StrandBias:0.2,Multiplicity:1.06
0.250	0.141	0.334	0.275
0.069	0.423	0.410	0.097
0.001	0.963	0.006	0.030
0.357	0.538	0.008	0.097
0.618	0.001	0.091	0.290
0.179	0.001	0.558	0.262
0.088	0.074	0.563	0.275
0.060	0.491	0.309	0.140
0.004	0.006	0.001	0.989
0.103	0.113	0.606	0.178
>HDGCWGCWGS	7-HDGCWGCWGS	4.563112	-2098.961332	0	T:17729.0(52.38%),B:47203.7(33.22%),P:1e-911	Tpos:100.6,Tstd:55.0,Bpos:100.6,Bstd:91.1,StrandBias:-0.0,Multiplicity:1.31
0.311	0.321	0.059	0.309
0.358	0.001	0.284	0.357
0.092	0.132	0.682	0.094
0.159	0.758	0.071	0.012
0.560	0.001	0.001	0.438
0.003	0.177	0.723	0.097
0.114	0.792	0.093	0.001
0.440	0.001	0.001	0.558
0.001	0.001	0.981	0.017
0.225	0.351	0.379	0.045
>AARAAAGAAA	8-AARAAAGAAA	7.381101	-1719.463051	0	T:12401.0(36.64%),B:29797.3(20.97%),P:1e-746	Tpos:101.2,Tstd:56.0,Bpos:99.5,Bstd:97.6,StrandBias:-0.5,Multiplicity:1.27
0.649	0.127	0.223	0.001
0.776	0.001	0.222	0.001
0.357	0.124	0.474	0.046
0.812	0.001	0.186	0.001
0.775	0.190	0.034	0.001
0.935	0.001	0.063	0.001
0.049	0.144	0.564	0.243
0.633	0.047	0.319	0.001
0.960	0.001	0.038	0.001
0.997	0.001	0.001	0.001
>WGGAAAMTGH	9-WGGAAAMTGH	5.902673	-1706.815123	0	T:18366.0(54.26%),B:52309.0(36.81%),P:1e-741	Tpos:96.3,Tstd:56.8,Bpos:100.2,Bstd:89.4,StrandBias:-0.1,Multiplicity:1.24
0.415	0.001	0.244	0.340
0.230	0.001	0.662	0.107
0.255	0.042	0.702	0.001
0.568	0.020	0.396	0.016
0.924	0.069	0.006	0.001
0.971	0.001	0.025	0.003
0.373	0.462	0.161	0.005
0.224	0.001	0.001	0.774
0.098	0.210	0.566	0.126
0.366	0.217	0.120	0.297
>TAATCCCAGC	10-TAATCCCAGC	10.117880	-1641.092900	0	T:1273.0(3.76%),B:166.5(0.12%),P:1e-712	Tpos:123.1,Tstd:50.3,Bpos:122.7,Bstd:64.4,StrandBias:0.6,Multiplicity:1.06
0.001	0.001	0.001	0.997
0.997	0.001	0.001	0.001
0.806	0.001	0.192	0.001
0.001	0.001	0.001	0.997
0.001	0.997	0.001	0.001
0.001	0.966	0.001	0.032
0.001	0.967	0.001	0.031
0.997	0.001	0.001	0.001
0.001	0.001	0.997	0.001
0.001	0.997	0.001	0.001
>CAWGTRRTCC	11-CAWGTRRTCC	8.785673	-1419.579785	0	T:1562.0(4.62%),B:633.2(0.45%),P:1e-616	Tpos:117.1,Tstd:53.8,Bpos:98.5,Bstd:84.1,StrandBias:0.1,Multiplicity:1.06
0.001	0.939	0.059	0.001
0.589	0.409	0.001	0.001
0.531	0.001	0.001	0.467
0.001	0.001	0.997	0.001
0.001	0.081	0.029	0.889
0.512	0.001	0.486	0.001
0.546	0.001	0.452	0.001
0.001	0.001	0.001	0.997
0.001	0.997	0.001	0.001
0.001	0.997	0.001	0.001
>AAAAAAAAAA	12-AAAAAAAAAA	13.786712	-1328.300041	0	T:2097.0(6.20%),B:1571.1(1.11%),P:1e-576	Tpos:104.3,Tstd:57.0,Bpos:101.3,Bstd:98.0,StrandBias:-1.7,Multiplicity:1.04
0.952	0.046	0.001	0.001
0.997	0.001	0.001	0.001
0.997	0.001	0.001	0.001
0.997	0.001	0.001	0.001
0.997	0.001	0.001	0.001
0.997	0.001	0.001	0.001
0.997	0.001	0.001	0.001
0.997	0.001	0.001	0.001
0.997	0.001	0.001	0.001
0.997	0.001	0.001	0.001
>HTTTTTAAAA	13-HTTTTTAAAA	6.239851	-1207.687056	0	T:12022.0(35.52%),B:31711.0(22.32%),P:1e-524	Tpos:102.4,Tstd:54.9,Bpos:99.4,Bstd:81.0,StrandBias:0.0,Multiplicity:1.32
0.331	0.254	0.116	0.299
0.238	0.209	0.057	0.496
0.132	0.102	0.031	0.735
0.001	0.026	0.001	0.972
0.001	0.086	0.015	0.898
0.139	0.142	0.136	0.583
0.540	0.127	0.097	0.236
0.869	0.001	0.116	0.014
0.993	0.001	0.005	0.001
0.850	0.005	0.071	0.074
>CCCCACCYCC	14-CCCCACCYCC	7.331940	-975.959911	0	T:3644.0(10.77%),B:5948.5(4.19%),P:1e-423	Tpos:105.1,Tstd:56.1,Bpos:101.3,Bstd:100.2,StrandBias:0.3,Multiplicity:1.10
0.001	0.863	0.001	0.135
0.175	0.574	0.001	0.250
0.001	0.997	0.001	0.001
0.001	0.997	0.001	0.001
0.774	0.001	0.056	0.169
0.040	0.878	0.001	0.081
0.074	0.924	0.001	0.001
0.238	0.352	0.001	0.410
0.001	0.997	0.001	0.001
0.001	0.854	0.001	0.144
>GGTGGCTCAC	15-GGTGGCTCAC	7.998115	-917.308872	0	T:1229.0(3.63%),B:715.4(0.50%),P:1e-398	Tpos:117.8,Tstd:53.2,Bpos:106.8,Bstd:85.2,StrandBias:0.9,Multiplicity:1.16
0.070	0.083	0.785	0.062
0.052	0.133	0.774	0.041
0.208	0.083	0.234	0.475
0.091	0.016	0.836	0.057
0.144	0.057	0.499	0.300
0.163	0.529	0.058	0.250
0.074	0.034	0.037	0.855
0.048	0.815	0.061	0.076
0.703	0.128	0.110	0.059
0.059	0.731	0.067	0.143
>GGCGTGGTGG	16-GGCGTGGTGG	12.203301	-917.173633	0	T:736.0(2.17%),B:111.1(0.08%),P:1e-398	Tpos:127.0,Tstd:52.9,Bpos:108.3,Bstd:81.0,StrandBias:-0.5,Multiplicity:1.01
0.001	0.001	0.997	0.001
0.006	0.006	0.987	0.001
0.001	0.641	0.020	0.338
0.343	0.020	0.599	0.038
0.001	0.022	0.001	0.976
0.005	0.001	0.993	0.001
0.001	0.001	0.997	0.001
0.001	0.001	0.001	0.997
0.001	0.001	0.997	0.001
0.004	0.001	0.994	0.001
>AAAAATTAGC	17-AAAAATTAGC	10.988590	-629.949923	0	T:657.0(1.94%),B:232.4(0.16%),P:1e-273	Tpos:129.1,Tstd:53.8,Bpos:101.0,Bstd:83.1,StrandBias:0.0,Multiplicity:1.00
0.940	0.058	0.001	0.001
0.997	0.001	0.001	0.001
0.997	0.001	0.001	0.001
0.997	0.001	0.001	0.001
0.997	0.001	0.001	0.001
0.001	0.001	0.001	0.997
0.001	0.001	0.001	0.997
0.997	0.001	0.001	0.001
0.001	0.001	0.997	0.001
0.001	0.997	0.001	0.001
>GGGTTCAAGC	18-GGGTTCAAGC	8.974956	-629.284688	0	T:624.0(1.84%),B:194.4(0.14%),P:1e-273	Tpos:123.6,Tstd:49.5,Bpos:99.3,Bstd:76.4,StrandBias:1.8,Multiplicity:1.00
0.001	0.001	0.997	0.001
0.001	0.001	0.997	0.001
0.001	0.001	0.997	0.001
0.001	0.053	0.001	0.945
0.001	0.001	0.001	0.997
0.001	0.997	0.001	0.001
0.997	0.001	0.001	0.001
0.943	0.055	0.001	0.001
0.001	0.001	0.997	0.001
0.001	0.844	0.001	0.154
>AAACCCTGTC	19-AAACCCTGTC	10.371833	-623.066221	0	T:515.0(1.52%),B:88.1(0.06%),P:1e-270	Tpos:129.7,Tstd:52.7,Bpos:106.5,Bstd:82.2,StrandBias:0.3,Multiplicity:1.00
0.997	0.001	0.001	0.001
0.891	0.001	0.107	0.001
0.997	0.001	0.001	0.001
0.001	0.997	0.001	0.001
0.001	0.997	0.001	0.001
0.001	0.997	0.001	0.001
0.001	0.255	0.001	0.743
0.001	0.001	0.997	0.001
0.001	0.001	0.001	0.997
0.001	0.951	0.047	0.001
>ACACACACAC	20-ACACACACAC	9.706353	-614.564768	0	T:735.0(2.17%),B:348.9(0.25%),P:1e-266	Tpos:112.1,Tstd:56.1,Bpos:101.5,Bstd:85.8,StrandBias:-0.1,Multiplicity:1.17
0.955	0.011	0.024	0.010
0.015	0.944	0.007	0.034
0.993	0.001	0.005	0.001
0.001	0.972	0.008	0.019
0.990	0.004	0.005	0.001
0.001	0.971	0.007	0.021
0.991	0.001	0.007	0.001
0.001	0.976	0.004	0.019
0.975	0.007	0.010	0.008
0.014	0.918	0.024	0.044
>CTTGCTCTGT	21-CTTGCTCTGT	9.807313	-579.895215	0	T:707.0(2.09%),B:347.9(0.24%),P:1e-251	Tpos:111.5,Tstd:54.0,Bpos:105.1,Bstd:88.0,StrandBias:1.8,Multiplicity:1.00
0.001	0.990	0.001	0.008
0.017	0.012	0.007	0.964
0.023	0.330	0.029	0.618
0.021	0.015	0.953	0.011
0.001	0.988	0.001	0.010
0.001	0.001	0.001	0.997
0.058	0.882	0.045	0.015
0.001	0.001	0.001	0.997
0.001	0.001	0.997	0.001
0.039	0.001	0.001	0.959
>TCTACTAAAA	22-TCTACTAAAA	10.296193	-498.209067	0	T:481.0(1.42%),B:139.6(0.10%),P:1e-216	Tpos:130.8,Tstd:50.8,Bpos:105.4,Bstd:73.8,StrandBias:0.6,Multiplicity:1.00
0.100	0.100	0.100	0.700
0.100	0.700	0.100	0.100
0.100	0.100	0.100	0.700
0.700	0.100	0.100	0.100
0.100	0.700	0.100	0.100
0.100	0.100	0.100	0.700
0.700	0.100	0.100	0.100
0.700	0.100	0.100	0.100
0.700	0.100	0.100	0.100
0.700	0.100	0.100	0.100
>ATATAYAYAT	23-ATATAYAYAT	9.656154	-193.335210	0	T:1041.0(3.08%),B:2016.6(1.42%),P:1e-83	Tpos:117.0,Tstd:51.9,Bpos:99.3,Bstd:72.0,StrandBias:-0.1,Multiplicity:1.22
0.997	0.001	0.001	0.001
0.001	0.423	0.001	0.575
0.997	0.001	0.001	0.001
0.001	0.186	0.001	0.812
0.997	0.001	0.001	0.001
0.001	0.434	0.001	0.564
0.997	0.001	0.001	0.001
0.001	0.559	0.001	0.439
0.997	0.001	0.001	0.001
0.001	0.256	0.001	0.742
>TGTTTTGTTT	24-TGTTTTGTTT	10.296193	-163.835659	0	T:334.0(0.99%),B:332.1(0.23%),P:1e-71	Tpos:95.0,Tstd:53.3,Bpos:92.1,Bstd:78.1,StrandBias:0.9,Multiplicity:1.47
0.100	0.100	0.100	0.700
0.100	0.100	0.700	0.100
0.100	0.100	0.100	0.700
0.100	0.100	0.100	0.700
0.100	0.100	0.100	0.700
0.100	0.100	0.100	0.700
0.100	0.100	0.700	0.100
0.100	0.100	0.100	0.700
0.100	0.100	0.100	0.700
0.100	0.100	0.100	0.700
>TTGTTGTTGT	25-TTGTTGTTGT	10.296193	-64.021692	0	T:149.0(0.44%),B:171.9(0.12%),P:1e-27	Tpos:107.6,Tstd:53.2,Bpos:81.8,Bstd:77.2,StrandBias:0.3,Multiplicity:1.02
0.100	0.100	0.100	0.700
0.100	0.100	0.100	0.700
0.100	0.100	0.700	0.100
0.100	0.100	0.100	0.700
0.100	0.100	0.100	0.700
0.100	0.100	0.700	0.100
0.100	0.100	0.100	0.700
0.100	0.100	0.100	0.700
0.100	0.100	0.700	0.100
0.100	0.100	0.100	0.700
