>BHBCWGDGGN	1-BHBCWGDGGN	4.673027	-3430.349762	0	T:21723.0(64.18%),B:55848.2(39.30%),P:1e-1489	Tpos:100.7,Tstd:56.0,Bpos:99.6,Bstd:88.9,StrandBias:0.0,Multiplicity:1.70
0.110	0.383	0.268	0.239
0.230	0.256	0.151	0.363
0.061	0.380	0.320	0.239
0.029	0.968	0.001	0.002
0.438	0.001	0.009	0.552
0.001	0.158	0.838	0.003
0.350	0.019	0.352	0.279
0.122	0.001	0.746	0.131
0.231	0.189	0.456	0.123
0.262	0.247	0.270	0.221
>CYCWGCCWSB	2-CYCWGCCWSB	5.129240	-3275.712498	0	T:11816.0(34.91%),B:20888.5(14.70%),P:1e-1422	Tpos:105.0,Tstd:54.7,Bpos:98.6,Bstd:91.2,StrandBias:0.0,Multiplicity:1.47
0.060	0.547	0.230	0.163
0.214	0.425	0.067	0.293
0.074	0.729	0.174	0.023
0.540	0.039	0.018	0.403
0.037	0.191	0.710	0.062
0.041	0.540	0.292	0.127
0.158	0.721	0.006	0.115
0.392	0.155	0.036	0.417
0.055	0.361	0.427	0.157
0.169	0.267	0.345	0.219
>WTKBCWGRAW	3-WTKBCWGRAW	5.014213	-2707.892557	0	T:20324.0(60.05%),B:53947.6(37.96%),P:1e-1176	Tpos:101.1,Tstd:55.6,Bpos:100.1,Bstd:88.8,StrandBias:0.0,Multiplicity:1.26
0.370	0.171	0.143	0.316
0.162	0.001	0.331	0.506
0.001	0.001	0.504	0.494
0.017	0.404	0.281	0.298
0.001	0.997	0.001	0.001
0.474	0.001	0.001	0.524
0.001	0.001	0.997	0.001
0.355	0.239	0.405	0.001
0.866	0.132	0.001	0.001
0.382	0.001	0.230	0.387
>YYTCCCMAAR	4-YYTCCCMAAR	5.208898	-2457.707642	0	T:17569.0(51.91%),B:44479.0(31.30%),P:1e-1067	Tpos:100.4,Tstd:55.4,Bpos:99.6,Bstd:89.0,StrandBias:-0.1,Multiplicity:1.25
0.078	0.344	0.093	0.485
0.064	0.468	0.041	0.428
0.080	0.348	0.001	0.571
0.057	0.608	0.112	0.223
0.169	0.661	0.001	0.169
0.198	0.773	0.001	0.028
0.494	0.504	0.001	0.001
0.781	0.217	0.001	0.001
0.636	0.158	0.205	0.001
0.420	0.108	0.341	0.131
>TGWSWCWSWG	5-TGWSWCWSWG	1.779525	-2295.062187	0	T:16631.0(49.14%),B:41835.9(29.44%),P:1e-996	Tpos:95.2,Tstd:56.4,Bpos:100.0,Bstd:88.9,StrandBias:0.0,Multiplicity:1.36
0.368	0.001	0.001	0.630
0.001	0.380	0.618	0.001
0.563	0.001	0.001	0.435
0.001	0.463	0.535	0.001
0.512	0.001	0.001	0.486
0.001	0.636	0.362	0.001
0.516	0.001	0.001	0.482
0.001	0.549	0.449	0.001
0.509	0.001	0.001	0.489
0.001	0.045	0.953	0.001
>DSCCAGGCTG	6-DSCCAGGCTG	6.089341	-2195.161282	0	T:7504.0(22.17%),B:12153.5(8.55%),P:1e-953	Tpos:104.3,Tstd:55.9,Bpos:99.2,Bstd:90.1,StrandBias:0.2,Multiplicity:1.06
0.250	0.141	0.334	0.275
0.069	0.423	0.410	0.097
0.001	0.963	0.006	0.030
0.357	0.538	0.008	0.097
0.618	0.001	0.091	0.290
0.179	0.001	0.558	0.262
0.088	0.074	0.563	0.275
0.060	0.491	0.309	0.140
0.004	0.006	0.001	0.989
0.103	0.113	0.606	0.178
>HDGCWGCWGS	7-HDGCWGCWGS	4.563112	-2098.961332	0	T:17729.0(52.38%),B:47203.7(33.22%),P:1e-911	Tpos:100.6,Tstd:55.0,Bpos:100.6,Bstd:91.1,StrandBias:-0.0,Multiplicity:1.31
0.311	0.321	0.059	0.309
0.358	0.001	0.284	0.357
0.092	0.132	0.682	0.094
0.159	0.758	0.071	0.012
0.560	0.001	0.001	0.438
0.003	0.177	0.723	0.097
0.114	0.792	0.093	0.001
0.440	0.001	0.001	0.558
0.001	0.001	0.981	0.017
0.225	0.351	0.379	0.045
>AARAAAGAAA	8-AARAAAGAAA	7.381101	-1719.463051	0	T:12401.0(36.64%),B:29797.3(20.97%),P:1e-746	Tpos:101.2,Tstd:56.0,Bpos:99.5,Bstd:97.6,StrandBias:-0.5,Multiplicity:1.27
0.649	0.127	0.223	0.001
0.776	0.001	0.222	0.001
0.357	0.124	0.474	0.046
0.812	0.001	0.186	0.001
0.775	0.190	0.034	0.001
0.935	0.001	0.063	0.001
0.049	0.144	0.564	0.243
0.633	0.047	0.319	0.001
0.960	0.001	0.038	0.001
0.997	0.001	0.001	0.001
>WGGAAAMTGH	9-WGGAAAMTGH	5.902673	-1706.815123	0	T:18366.0(54.26%),B:52309.0(36.81%),P:1e-741	Tpos:96.3,Tstd:56.8,Bpos:100.2,Bstd:89.4,StrandBias:-0.1,Multiplicity:1.24
0.415	0.001	0.244	0.340
0.230	0.001	0.662	0.107
0.255	0.042	0.702	0.001
0.568	0.020	0.396	0.016
0.924	0.069	0.006	0.001
0.971	0.001	0.025	0.003
0.373	0.462	0.161	0.005
0.224	0.001	0.001	0.774
0.098	0.210	0.566	0.126
0.366	0.217	0.120	0.297
>TAATCCCAGC	10-TAATCCCAGC	10.117880	-1641.092900	0	T:1273.0(3.76%),B:166.5(0.12%),P:1e-712	Tpos:123.1,Tstd:50.3,Bpos:122.7,Bstd:64.4,StrandBias:0.6,Multiplicity:1.06
0.001	0.001	0.001	0.997
0.997	0.001	0.001	0.001
0.806	0.001	0.192	0.001
0.001	0.001	0.001	0.997
0.001	0.997	0.001	0.001
0.001	0.966	0.001	0.032
0.001	0.967	0.001	0.031
0.997	0.001	0.001	0.001
0.001	0.001	0.997	0.001
0.001	0.997	0.001	0.001
>CAWGTRRTCC	11-CAWGTRRTCC	8.785673	-1419.579785	0	T:1562.0(4.62%),B:633.2(0.45%),P:1e-616	Tpos:117.1,Tstd:53.8,Bpos:98.5,Bstd:84.1,StrandBias:0.1,Multiplicity:1.06
0.001	0.939	0.059	0.001
0.589	0.409	0.001	0.001
0.531	0.001	0.001	0.467
0.001	0.001	0.997	0.001
0.001	0.081	0.029	0.889
0.512	0.001	0.486	0.001
0.546	0.001	0.452	0.001
0.001	0.001	0.001	0.997
0.001	0.997	0.001	0.001
0.001	0.997	0.001	0.001
>AAAAAAAAAA	12-AAAAAAAAAA	13.786712	-1328.300041	0	T:2097.0(6.20%),B:1571.1(1.11%),P:1e-576	Tpos:104.3,Tstd:57.0,Bpos:101.3,Bstd:98.0,StrandBias:-1.7,Multiplicity:1.04
0.952	0.046	0.001	0.001
0.997	0.001	0.001	0.001
0.997	0.001	0.001	0.001
0.997	0.001	0.001	0.001
0.997	0.001	0.001	0.001
0.997	0.001	0.001	0.001
0.997	0.001	0.001	0.001
0.997	0.001	0.001	0.001
0.997	0.001	0.001	0.001
0.997	0.001	0.001	0.001
>HTTTTTAAAA	13-HTTTTTAAAA	6.239851	-1207.687056	0	T:12022.0(35.52%),B:31711.0(22.32%),P:1e-524	Tpos:102.4,Tstd:54.9,Bpos:99.4,Bstd:81.0,StrandBias:0.0,Multiplicity:1.32
0.331	0.254	0.116	0.299
0.238	0.209	0.057	0.496
0.132	0.102	0.031	0.735
0.001	0.026	0.001	0.972
0.001	0.086	0.015	0.898
0.139	0.142	0.136	0.583
0.540	0.127	0.097	0.236
0.869	0.001	0.116	0.014
0.993	0.001	0.005	0.001
0.850	0.005	0.071	0.074
>CCCCACCYCC	14-CCCCACCYCC	7.331940	-975.959911	0	T:3644.0(10.77%),B:5948.5(4.19%),P:1e-423	Tpos:105.1,Tstd:56.1,Bpos:101.3,Bstd:100.2,StrandBias:0.3,Multiplicity:1.10
0.001	0.863	0.001	0.135
0.175	0.574	0.001	0.250
0.001	0.997	0.001	0.001
0.001	0.997	0.001	0.001
0.774	0.001	0.056	0.169
0.040	0.878	0.001	0.081
0.074	0.924	0.001	0.001
0.238	0.352	0.001	0.410
0.001	0.997	0.001	0.001
0.001	0.854	0.001	0.144
>GGTGGCTCAC	15-GGTGGCTCAC	7.998115	-917.308872	0	T:1229.0(3.63%),B:715.4(0.50%),P:1e-398	Tpos:117.8,Tstd:53.2,Bpos:106.8,Bstd:85.2,StrandBias:0.9,Multiplicity:1.16
0.070	0.083	0.785	0.062
0.052	0.133	0.774	0.041
0.208	0.083	0.234	0.475
0.091	0.016	0.836	0.057
0.144	0.057	0.499	0.300
0.163	0.529	0.058	0.250
0.074	0.034	0.037	0.855
0.048	0.815	0.061	0.076
0.703	0.128	0.110	0.059
0.059	0.731	0.067	0.143
>GGCGTGGTGG	16-GGCGTGGTGG	12.203301	-917.173633	0	T:736.0(2.17%),B:111.1(0.08%),P:1e-398	Tpos:127.0,Tstd:52.9,Bpos:108.3,Bstd:81.0,StrandBias:-0.5,Multiplicity:1.01
0.001	0.001	0.997	0.001
0.006	0.006	0.987	0.001
0.001	0.641	0.020	0.338
0.343	0.020	0.599	0.038
0.001	0.022	0.001	0.976
0.005	0.001	0.993	0.001
0.001	0.001	0.997	0.001
0.001	0.001	0.001	0.997
0.001	0.001	0.997	0.001
0.004	0.001	0.994	0.001
>AAAAATTAGC	17-AAAAATTAGC	10.988590	-629.949923	0	T:657.0(1.94%),B:232.4(0.16%),P:1e-273	Tpos:129.1,Tstd:53.8,Bpos:101.0,Bstd:83.1,StrandBias:0.0,Multiplicity:1.00
0.940	0.058	0.001	0.001
0.997	0.001	0.001	0.001
0.997	0.001	0.001	0.001
0.997	0.001	0.001	0.001
0.997	0.001	0.001	0.001
0.001	0.001	0.001	0.997
0.001	0.001	0.001	0.997
0.997	0.001	0.001	0.001
0.001	0.001	0.997	0.001
0.001	0.997	0.001	0.001
>GGGTTCAAGC	18-GGGTTCAAGC	8.974956	-629.284688	0	T:624.0(1.84%),B:194.4(0.14%),P:1e-273	Tpos:123.6,Tstd:49.5,Bpos:99.3,Bstd:76.4,StrandBias:1.8,Multiplicity:1.00
0.001	0.001	0.997	0.001
0.001	0.001	0.997	0.001
0.001	0.001	0.997	0.001
0.001	0.053	0.001	0.945
0.001	0.001	0.001	0.997
0.001	0.997	0.001	0.001
0.997	0.001	0.001	0.001
0.943	0.055	0.001	0.001
0.001	0.001	0.997	0.001
0.001	0.844	0.001	0.154
>AAACCCTGTC	19-AAACCCTGTC	10.371833	-623.066221	0	T:515.0(1.52%),B:88.1(0.06%),P:1e-270	Tpos:129.7,Tstd:52.7,Bpos:106.5,Bstd:82.2,StrandBias:0.3,Multiplicity:1.00
0.997	0.001	0.001	0.001
0.891	0.001	0.107	0.001
0.997	0.001	0.001	0.001
0.001	0.997	0.001	0.001
0.001	0.997	0.001	0.001
0.001	0.997	0.001	0.001
0.001	0.255	0.001	0.743
0.001	0.001	0.997	0.001
0.001	0.001	0.001	0.997
0.001	0.951	0.047	0.001
>ACACACACAC	20-ACACACACAC	9.706353	-614.564768	0	T:735.0(2.17%),B:348.9(0.25%),P:1e-266	Tpos:112.1,Tstd:56.1,Bpos:101.5,Bstd:85.8,StrandBias:-0.1,Multiplicity:1.17
0.955	0.011	0.024	0.010
0.015	0.944	0.007	0.034
0.993	0.001	0.005	0.001
0.001	0.972	0.008	0.019
0.990	0.004	0.005	0.001
0.001	0.971	0.007	0.021
0.991	0.001	0.007	0.001
0.001	0.976	0.004	0.019
0.975	0.007	0.010	0.008
0.014	0.918	0.024	0.044
>CTTGCTCTGT	21-CTTGCTCTGT	9.807313	-579.895215	0	T:707.0(2.09%),B:347.9(0.24%),P:1e-251	Tpos:111.5,Tstd:54.0,Bpos:105.1,Bstd:88.0,StrandBias:1.8,Multiplicity:1.00
0.001	0.990	0.001	0.008
0.017	0.012	0.007	0.964
0.023	0.330	0.029	0.618
0.021	0.015	0.953	0.011
0.001	0.988	0.001	0.010
0.001	0.001	0.001	0.997
0.058	0.882	0.045	0.015
0.001	0.001	0.001	0.997
0.001	0.001	0.997	0.001
0.039	0.001	0.001	0.959
>TCTACTAAAA	22-TCTACTAAAA	10.296193	-498.209067	0	T:481.0(1.42%),B:139.6(0.10%),P:1e-216	Tpos:130.8,Tstd:50.8,Bpos:105.4,Bstd:73.8,StrandBias:0.6,Multiplicity:1.00
0.100	0.100	0.100	0.700
0.100	0.700	0.100	0.100
0.100	0.100	0.100	0.700
0.700	0.100	0.100	0.100
0.100	0.700	0.100	0.100
0.100	0.100	0.100	0.700
0.700	0.100	0.100	0.100
0.700	0.100	0.100	0.100
0.700	0.100	0.100	0.100
0.700	0.100	0.100	0.100
>ATATAYAYAT	23-ATATAYAYAT	9.656154	-193.335210	0	T:1041.0(3.08%),B:2016.6(1.42%),P:1e-83	Tpos:117.0,Tstd:51.9,Bpos:99.3,Bstd:72.0,StrandBias:-0.1,Multiplicity:1.22
0.997	0.001	0.001	0.001
0.001	0.423	0.001	0.575
0.997	0.001	0.001	0.001
0.001	0.186	0.001	0.812
0.997	0.001	0.001	0.001
0.001	0.434	0.001	0.564
0.997	0.001	0.001	0.001
0.001	0.559	0.001	0.439
0.997	0.001	0.001	0.001
0.001	0.256	0.001	0.742
>TGTTTTGTTT	24-TGTTTTGTTT	10.296193	-163.835659	0	T:334.0(0.99%),B:332.1(0.23%),P:1e-71	Tpos:95.0,Tstd:53.3,Bpos:92.1,Bstd:78.1,StrandBias:0.9,Multiplicity:1.47
0.100	0.100	0.100	0.700
0.100	0.100	0.700	0.100
0.100	0.100	0.100	0.700
0.100	0.100	0.100	0.700
0.100	0.100	0.100	0.700
0.100	0.100	0.100	0.700
0.100	0.100	0.700	0.100
0.100	0.100	0.100	0.700
0.100	0.100	0.100	0.700
0.100	0.100	0.100	0.700
>TTGTTGTTGT	25-TTGTTGTTGT	10.296193	-64.021692	0	T:149.0(0.44%),B:171.9(0.12%),P:1e-27	Tpos:107.6,Tstd:53.2,Bpos:81.8,Bstd:77.2,StrandBias:0.3,Multiplicity:1.02
0.100	0.100	0.100	0.700
0.100	0.100	0.100	0.700
0.100	0.100	0.700	0.100
0.100	0.100	0.100	0.700
0.100	0.100	0.100	0.700
0.100	0.100	0.700	0.100
0.100	0.100	0.100	0.700
0.100	0.100	0.100	0.700
0.100	0.100	0.700	0.100
0.100	0.100	0.100	0.700
>NNSAGGCTGRGN	1-NNSAGGCTGRGN	5.622708	-3543.437235	0	T:13681.0(40.42%),B:25730.1(18.11%),P:1e-1538	Tpos:103.7,Tstd:55.0,Bpos:99.8,Bstd:90.0,StrandBias:-0.1,Multiplicity:1.32
0.328	0.203	0.205	0.265
0.200	0.185	0.307	0.308
0.228	0.328	0.394	0.051
0.487	0.001	0.182	0.330
0.154	0.001	0.798	0.047
0.087	0.294	0.553	0.066
0.128	0.792	0.079	0.001
0.381	0.001	0.001	0.617
0.001	0.022	0.976	0.001
0.354	0.001	0.457	0.188
0.203	0.113	0.547	0.137
0.239	0.241	0.331	0.190
>NCTGNNNYYCAR	2-NCTGNNNYYCAR	5.651010	-3095.586954	0	T:15429.0(45.59%),B:33432.5(23.53%),P:1e-1344	Tpos:105.4,Tstd:54.4,Bpos:99.7,Bstd:88.1,StrandBias:0.1,Multiplicity:1.58
0.170	0.286	0.303	0.241
0.001	0.997	0.001	0.001
0.419	0.001	0.001	0.579
0.001	0.001	0.997	0.001
0.218	0.202	0.322	0.258
0.301	0.228	0.303	0.168
0.263	0.187	0.269	0.282
0.001	0.398	0.118	0.483
0.001	0.426	0.154	0.420
0.282	0.657	0.001	0.060
0.485	0.282	0.001	0.231
0.318	0.217	0.372	0.092
>HTTTDRRAARHW	3-HTTTDRRAARHW	5.824242	-2417.188325	0	T:14951.0(44.17%),B:35005.0(24.63%),P:1e-1049	Tpos:102.5,Tstd:54.6,Bpos:99.5,Bstd:82.8,StrandBias:0.0,Multiplicity:1.29
0.222	0.307	0.105	0.366
0.182	0.309	0.001	0.508
0.001	0.251	0.019	0.729
0.001	0.014	0.276	0.709
0.225	0.069	0.362	0.344
0.389	0.001	0.397	0.213
0.544	0.041	0.414	0.001
0.683	0.001	0.315	0.001
0.545	0.001	0.366	0.088
0.372	0.156	0.291	0.181
0.338	0.292	0.173	0.197
0.438	0.238	0.001	0.324
>CAGDCTGBTCTS	4-CAGDCTGBTCTS	5.271251	-2324.049081	0	T:19863.0(58.69%),B:54321.0(38.23%),P:1e-1009	Tpos:98.8,Tstd:55.6,Bpos:100.4,Bstd:87.4,StrandBias:0.0,Multiplicity:1.31
0.231	0.636	0.125	0.008
0.697	0.001	0.001	0.301
0.182	0.001	0.566	0.251
0.246	0.100	0.391	0.263
0.234	0.431	0.237	0.098
0.347	0.001	0.001	0.651
0.023	0.001	0.640	0.336
0.100	0.273	0.330	0.297
0.067	0.283	0.074	0.576
0.001	0.570	0.112	0.317
0.264	0.027	0.001	0.708
0.001	0.433	0.371	0.195
>TCTCTCTCTCTC	5-TCTCTCTCTCTC	3.834738	-2067.173884	0	T:22883.0(67.61%),B:68780.5(48.40%),P:1e-897	Tpos:97.2,Tstd:55.4,Bpos:100.1,Bstd:99.4,StrandBias:0.3,Multiplicity:1.60
0.050	0.089	0.052	0.809
0.038	0.663	0.080	0.219
0.025	0.019	0.001	0.955
0.016	0.718	0.113	0.153
0.060	0.092	0.043	0.805
0.018	0.787	0.058	0.137
0.023	0.052	0.010	0.915
0.004	0.766	0.102	0.128
0.048	0.124	0.016	0.812
0.006	0.666	0.202	0.126
0.076	0.115	0.028	0.781
0.001	0.665	0.149	0.185
>AGAYGGRGTYTC	6-AGAYGGRGTYTC	12.289984	-1911.866772	0	T:1296.0(3.83%),B:65.6(0.05%),P:1e-830	Tpos:114.2,Tstd:54.3,Bpos:105.7,Bstd:97.1,StrandBias:2.2,Multiplicity:1.00
0.997	0.001	0.001	0.001
0.001	0.001	0.997	0.001
0.991	0.001	0.007	0.001
0.001	0.561	0.001	0.437
0.336	0.001	0.662	0.001
0.054	0.001	0.944	0.001
0.511	0.001	0.487	0.001
0.001	0.001	0.997	0.001
0.001	0.001	0.001	0.997
0.001	0.539	0.001	0.459
0.001	0.001	0.001	0.997
0.008	0.533	0.094	0.365
>TTTTTTTTTTTT	7-TTTTTTTTTTTT	16.283236	-1582.018825	0	T:1403.0(4.15%),B:318.0(0.22%),P:1e-687	Tpos:105.5,Tstd:56.8,Bpos:101.0,Bstd:94.4,StrandBias:2.0,Multiplicity:1.01
0.020	0.060	0.015	0.905
0.001	0.029	0.007	0.963
0.001	0.016	0.001	0.982
0.001	0.013	0.001	0.985
0.001	0.011	0.004	0.984
0.001	0.008	0.008	0.983
0.001	0.008	0.008	0.983
0.001	0.008	0.004	0.987
0.001	0.001	0.002	0.996
0.001	0.001	0.001	0.997
0.001	0.008	0.001	0.990
0.026	0.012	0.058	0.904
>CTCACTGCAACC	8-CTCACTGCAACC	10.479451	-1534.226675	0	T:1131.0(3.34%),B:110.9(0.08%),P:1e-666	Tpos:119.2,Tstd:51.3,Bpos:87.6,Bstd:77.3,StrandBias:2.2,Multiplicity:1.01
0.016	0.874	0.034	0.076
0.045	0.067	0.012	0.876
0.018	0.892	0.066	0.024
0.914	0.036	0.032	0.018
0.023	0.873	0.048	0.056
0.080	0.108	0.014	0.798
0.149	0.032	0.798	0.021
0.060	0.836	0.027	0.077
0.898	0.063	0.018	0.021
0.588	0.032	0.347	0.033
0.074	0.794	0.055	0.077
0.021	0.864	0.014	0.101
>CTCCYGGGTTCA	9-CTCCYGGGTTCA	9.917623	-1472.586058	0	T:1274.0(3.76%),B:264.8(0.19%),P:1e-639	Tpos:119.2,Tstd:52.5,Bpos:94.8,Bstd:90.2,StrandBias:1.4,Multiplicity:1.01
0.001	0.837	0.082	0.080
0.025	0.001	0.001	0.973
0.001	0.877	0.031	0.091
0.035	0.925	0.001	0.039
0.211	0.331	0.017	0.440
0.176	0.001	0.674	0.149
0.091	0.001	0.833	0.075
0.026	0.034	0.939	0.001
0.009	0.399	0.018	0.574
0.070	0.014	0.004	0.912
0.078	0.852	0.035	0.035
0.894	0.058	0.009	0.039
>GGCRGGAGGATC	10-GGCRGGAGGATC	10.379163	-1408.729106	0	T:1046.0(3.09%),B:106.8(0.08%),P:1e-611	Tpos:122.1,Tstd:49.9,Bpos:95.1,Bstd:93.1,StrandBias:0.6,Multiplicity:1.03
0.069	0.009	0.885	0.037
0.026	0.023	0.900	0.051
0.051	0.548	0.044	0.357
0.490	0.019	0.453	0.038
0.070	0.009	0.857	0.064
0.034	0.019	0.942	0.005
0.622	0.231	0.009	0.138
0.248	0.001	0.742	0.009
0.211	0.047	0.709	0.033
0.856	0.089	0.041	0.014
0.056	0.072	0.086	0.786
0.037	0.675	0.109	0.179
>DWNWCARWDKCT	11-DWNWCARWDKCT	5.074519	-1367.337145	0	T:16669.0(49.25%),B:48065.8(33.82%),P:1e-593	Tpos:96.7,Tstd:55.7,Bpos:99.9,Bstd:83.2,StrandBias:0.0,Multiplicity:1.22
0.331	0.178	0.272	0.219
0.433	0.001	0.205	0.361
0.265	0.211	0.326	0.198
0.391	0.210	0.139	0.261
0.357	0.613	0.001	0.029
0.641	0.001	0.001	0.357
0.245	0.189	0.374	0.192
0.438	0.001	0.117	0.444
0.225	0.084	0.352	0.339
0.024	0.257	0.300	0.419
0.001	0.626	0.001	0.372
0.388	0.056	0.001	0.555
>AGCAGCAGCAGC	12-AGCAGCAGCAGC	0.394065	-1204.990335	0	T:7477.0(22.09%),B:16223.6(11.42%),P:1e-523	Tpos:96.4,Tstd:55.0,Bpos:100.1,Bstd:89.5,StrandBias:-0.0,Multiplicity:1.09
0.569	0.112	0.125	0.194
0.348	0.021	0.606	0.025
0.112	0.886	0.001	0.001
0.997	0.001	0.001	0.001
0.003	0.001	0.995	0.001
0.001	0.997	0.001	0.001
0.875	0.001	0.001	0.123
0.001	0.001	0.997	0.001
0.001	0.997	0.001	0.001
0.783	0.001	0.001	0.215
0.001	0.001	0.997	0.001
0.111	0.564	0.179	0.146
>AWRTTAGCCAGG	13-AWRTTAGCCAGG	10.210726	-1114.917624	0	T:958.0(2.83%),B:192.7(0.14%),P:1e-484	Tpos:128.2,Tstd:52.1,Bpos:103.8,Bstd:71.4,StrandBias:-0.4,Multiplicity:1.09
0.747	0.094	0.120	0.039
0.528	0.042	0.026	0.404
0.436	0.002	0.491	0.072
0.040	0.074	0.148	0.738
0.045	0.147	0.027	0.781
0.584	0.005	0.386	0.025
0.029	0.210	0.738	0.023
0.002	0.977	0.001	0.020
0.012	0.717	0.003	0.268
0.669	0.001	0.209	0.121
0.123	0.002	0.832	0.043
0.118	0.017	0.852	0.013
>CRTGAGCCACCA	14-CRTGAGCCACCA	9.190854	-938.946837	0	T:1046.0(3.09%),B:431.3(0.30%),P:1e-407	Tpos:112.9,Tstd:52.2,Bpos:97.5,Bstd:85.4,StrandBias:-1.3,Multiplicity:1.10
0.126	0.540	0.151	0.183
0.538	0.028	0.416	0.018
0.023	0.132	0.070	0.775
0.119	0.001	0.869	0.011
0.620	0.149	0.049	0.182
0.151	0.020	0.587	0.242
0.018	0.806	0.031	0.145
0.005	0.934	0.001	0.060
0.966	0.001	0.005	0.028
0.019	0.826	0.031	0.124
0.046	0.766	0.051	0.137
0.462	0.221	0.175	0.143
>CTCTACTAAAAA	15-CTCTACTAAAAA	10.229939	-886.004201	0	T:734.0(2.17%),B:127.4(0.09%),P:1e-384	Tpos:132.6,Tstd:49.6,Bpos:105.6,Bstd:71.4,StrandBias:0.5,Multiplicity:1.00
0.001	0.969	0.007	0.023
0.001	0.001	0.001	0.997
0.001	0.978	0.001	0.020
0.001	0.010	0.002	0.987
0.971	0.001	0.027	0.001
0.017	0.956	0.002	0.025
0.026	0.074	0.004	0.896
0.985	0.001	0.013	0.001
0.991	0.001	0.004	0.004
0.997	0.001	0.001	0.001
0.997	0.001	0.001	0.001
0.956	0.014	0.019	0.011
>TCAGGAGTTTGA	16-TCAGGAGTTTGA	10.911097	-822.238622	0	T:697.0(2.06%),B:132.6(0.09%),P:1e-357	Tpos:116.0,Tstd:56.4,Bpos:103.7,Bstd:76.2,StrandBias:-0.3,Multiplicity:1.00
0.001	0.334	0.001	0.664
0.001	0.638	0.001	0.360
0.642	0.001	0.356	0.001
0.001	0.001	0.997	0.001
0.119	0.001	0.879	0.001
0.873	0.001	0.125	0.001
0.001	0.001	0.997	0.001
0.001	0.001	0.417	0.581
0.001	0.001	0.001	0.997
0.001	0.137	0.282	0.580
0.001	0.089	0.909	0.001
0.997	0.001	0.001	0.001
>GGCGCGATCTCG	17-GGCGCGATCTCG	9.255021	-821.044925	0	T:661.0(1.95%),B:101.5(0.07%),P:1e-356	Tpos:114.6,Tstd:52.4,Bpos:110.5,Bstd:77.7,StrandBias:2.9,Multiplicity:1.01
0.001	0.001	0.993	0.005
0.006	0.006	0.987	0.001
0.006	0.891	0.001	0.102
0.114	0.018	0.862	0.006
0.004	0.869	0.001	0.126
0.121	0.042	0.831	0.006
0.993	0.001	0.005	0.001
0.001	0.005	0.001	0.993
0.001	0.997	0.001	0.001
0.001	0.005	0.001	0.993
0.006	0.903	0.001	0.090
0.102	0.024	0.862	0.012
>ATGGTGAAACCC	18-ATGGTGAAACCC	9.912926	-799.209007	0	T:612.0(1.81%),B:73.6(0.05%),P:1e-347	Tpos:127.9,Tstd:50.2,Bpos:99.6,Bstd:63.6,StrandBias:0.6,Multiplicity:1.00
0.953	0.010	0.036	0.001
0.020	0.046	0.001	0.933
0.041	0.001	0.957	0.001
0.043	0.001	0.955	0.001
0.078	0.071	0.046	0.805
0.024	0.001	0.972	0.003
0.992	0.001	0.006	0.001
0.993	0.003	0.003	0.001
0.994	0.001	0.003	0.002
0.011	0.965	0.007	0.017
0.004	0.994	0.001	0.001
0.007	0.954	0.004	0.035
>AGGTCAGGAGTT	19-AGGTCAGGAGTT	11.939699	-755.392941	0	T:513.0(1.52%),B:25.1(0.02%),P:1e-328	Tpos:130.9,Tstd:48.4,Bpos:115.2,Bstd:47.4,StrandBias:1.9,Multiplicity:1.00
0.997	0.001	0.001	0.001
0.025	0.001	0.973	0.001
0.022	0.008	0.969	0.001
0.006	0.023	0.003	0.968
0.006	0.983	0.001	0.010
0.921	0.001	0.065	0.013
0.019	0.003	0.977	0.001
0.010	0.001	0.988	0.001
0.996	0.001	0.002	0.001
0.016	0.001	0.980	0.003
0.149	0.013	0.001	0.837
0.001	0.002	0.001	0.996
>ACACACACACAC	20-ACACACACACAC	10.075269	-632.824035	0	T:816.0(2.41%),B:443.4(0.31%),P:1e-274	Tpos:112.9,Tstd:53.9,Bpos:97.8,Bstd:73.5,StrandBias:-0.2,Multiplicity:1.25
0.841	0.055	0.070	0.034
0.024	0.594	0.037	0.345
0.963	0.001	0.035	0.001
0.017	0.651	0.017	0.315
0.961	0.001	0.037	0.001
0.001	0.694	0.001	0.304
0.975	0.001	0.023	0.001
0.001	0.680	0.001	0.318
0.971	0.001	0.027	0.001
0.015	0.635	0.061	0.289
0.820	0.050	0.078	0.052
0.030	0.567	0.065	0.338
>TKGTTTTGHTTT	21-TKGTTTTGHTTT	12.687148	-311.430876	0	T:385.0(1.14%),B:194.6(0.14%),P:1e-135	Tpos:88.2,Tstd:55.7,Bpos:89.6,Bstd:65.5,StrandBias:0.8,Multiplicity:1.02
0.001	0.018	0.076	0.905
0.001	0.001	0.571	0.427
0.001	0.001	0.997	0.001
0.001	0.141	0.142	0.716
0.001	0.001	0.001	0.997
0.001	0.001	0.001	0.997
0.001	0.001	0.057	0.941
0.001	0.001	0.997	0.001
0.357	0.276	0.148	0.219
0.001	0.001	0.001	0.997
0.001	0.001	0.057	0.941
0.001	0.001	0.154	0.844
>ATATATAWATAT	22-ATATATAWATAT	10.329708	-295.489233	0	T:1766.0(5.22%),B:3595.3(2.53%),P:1e-128	Tpos:117.0,Tstd:49.8,Bpos:101.3,Bstd:75.2,StrandBias:-0.7,Multiplicity:1.08
0.997	0.001	0.001	0.001
0.368	0.084	0.028	0.520
0.997	0.001	0.001	0.001
0.284	0.060	0.031	0.625
0.958	0.001	0.040	0.001
0.238	0.150	0.024	0.588
0.974	0.001	0.001	0.024
0.363	0.130	0.031	0.476
0.997	0.001	0.001	0.001
0.294	0.070	0.120	0.516
0.927	0.001	0.001	0.071
0.293	0.069	0.058	0.580
>TTCATTCATTCA	23-TTCATTCATTCA	9.394658	-180.046386	0	T:819.0(2.42%),B:1459.2(1.03%),P:1e-78	Tpos:99.1,Tstd:56.0,Bpos:94.9,Bstd:79.8,StrandBias:0.2,Multiplicity:1.04
0.131	0.091	0.071	0.707
0.075	0.104	0.132	0.689
0.039	0.770	0.035	0.156
0.932	0.021	0.040	0.007
0.011	0.090	0.021	0.878
0.001	0.074	0.022	0.903
0.001	0.863	0.018	0.118
0.944	0.001	0.034	0.021
0.018	0.066	0.071	0.845
0.055	0.108	0.052	0.785
0.065	0.722	0.091	0.122
0.869	0.031	0.040	0.060
>TTGTTGTTGTTG	24-TTGTTGTTGTTG	14.357105	-119.490677	0	T:140.0(0.41%),B:65.3(0.05%),P:1e-51	Tpos:105.2,Tstd:56.4,Bpos:74.1,Bstd:66.9,StrandBias:0.6,Multiplicity:1.02
0.001	0.001	0.001	0.997
0.001	0.001	0.001	0.997
0.001	0.001	0.860	0.138
0.001	0.001	0.001	0.997
0.001	0.001	0.001	0.997
0.001	0.001	0.997	0.001
0.001	0.001	0.001	0.997
0.001	0.001	0.001	0.997
0.001	0.001	0.997	0.001
0.001	0.001	0.001	0.997
0.001	0.001	0.001	0.997
0.039	0.001	0.765	0.195
>TTATTATTATTA	25-TTATTATTATTA	12.355432	-97.089071	0	T:88.0(0.26%),B:22.7(0.02%),P:1e-42	Tpos:102.5,Tstd:55.4,Bpos:91.0,Bstd:36.1,StrandBias:0.8,Multiplicity:1.00
0.100	0.100	0.100	0.700
0.100	0.100	0.100	0.700
0.700	0.100	0.100	0.100
0.100	0.100	0.100	0.700
0.100	0.100	0.100	0.700
0.700	0.100	0.100	0.100
0.100	0.100	0.100	0.700
0.100	0.100	0.100	0.700
0.700	0.100	0.100	0.100
0.100	0.100	0.100	0.700
0.100	0.100	0.100	0.700
0.700	0.100	0.100	0.100
>HYCTGDGR	1-HYCTGDGR	4.594267	-3939.800226	0	T:25207.0(74.48%),B:68587.1(48.27%),P:1e-1711	Tpos:99.8,Tstd:57.0,Bpos:100.7,Bstd:87.5,StrandBias:-0.1,Multiplicity:1.15
0.235	0.331	0.147	0.287
0.093	0.401	0.037	0.470
0.118	0.630	0.001	0.251
0.220	0.001	0.001	0.778
0.001	0.001	0.766	0.232
0.331	0.001	0.376	0.292
0.246	0.047	0.665	0.042
0.447	0.001	0.384	0.168
>CWCWGDGR	2-CWCWGDGR	5.175095	-3473.300640	0	T:20831.0(61.55%),B:51969.4(36.57%),P:1e-1508	Tpos:96.9,Tstd:56.6,Bpos:100.1,Bstd:90.2,StrandBias:-0.0,Multiplicity:1.52
0.001	0.912	0.048	0.039
0.355	0.207	0.001	0.437
0.001	0.700	0.298	0.001
0.549	0.001	0.001	0.449
0.001	0.053	0.945	0.001
0.399	0.001	0.327	0.273
0.263	0.117	0.619	0.001
0.531	0.017	0.390	0.062
>SWGCCWGM	3-SWGCCWGM	5.349923	-3090.609745	0	T:15179.0(44.85%),B:32584.6(22.93%),P:1e-1342	Tpos:104.2,Tstd:55.4,Bpos:99.6,Bstd:91.0,StrandBias:-0.1,Multiplicity:1.68
0.034	0.490	0.475	0.001
0.425	0.001	0.068	0.506
0.001	0.231	0.767	0.001
0.131	0.547	0.321	0.001
0.001	0.997	0.001	0.001
0.526	0.001	0.001	0.472
0.001	0.315	0.683	0.001
0.372	0.251	0.191	0.187
>KAGCTGGG	4-KAGCTGGG	4.595341	-3048.436155	0	T:20487.0(60.53%),B:52748.4(37.12%),P:1e-1323	Tpos:102.5,Tstd:56.1,Bpos:100.0,Bstd:90.5,StrandBias:-0.0,Multiplicity:1.76
0.040	0.198	0.354	0.409
0.495	0.001	0.256	0.248
0.001	0.284	0.714	0.001
0.001	0.949	0.049	0.001
0.253	0.001	0.001	0.745
0.001	0.001	0.997	0.001
0.329	0.001	0.569	0.101
0.001	0.001	0.997	0.001
>CWGYYTTY	5-CWGYYTTY	4.826620	-2968.327927	0	T:25788.0(76.19%),B:76494.8(53.83%),P:1e-1289	Tpos:98.7,Tstd:56.9,Bpos:99.0,Bstd:89.5,StrandBias:0.0,Multiplicity:1.29
0.094	0.854	0.051	0.001
0.470	0.001	0.001	0.528
0.001	0.001	0.889	0.109
0.061	0.302	0.219	0.418
0.156	0.447	0.065	0.332
0.082	0.339	0.001	0.578
0.001	0.201	0.001	0.797
0.009	0.407	0.148	0.437
>CWGDVWGG	6-CWGDVWGG	4.514369	-2688.851276	0	T:25720.0(75.99%),B:77807.7(54.75%),P:1e-1167	Tpos:98.2,Tstd:56.6,Bpos:100.0,Bstd:88.0,StrandBias:-0.0,Multiplicity:1.32
0.069	0.758	0.172	0.001
0.504	0.001	0.001	0.494
0.001	0.001	0.732	0.266
0.239	0.134	0.374	0.253
0.266	0.348	0.385	0.001
0.546	0.001	0.004	0.449
0.032	0.001	0.736	0.231
0.220	0.061	0.475	0.244
>WGGCCARG	7-WGGCCARG	3.771498	-1903.993610	0	T:22119.0(65.35%),B:66563.8(46.84%),P:1e-826	Tpos:102.0,Tstd:55.9,Bpos:100.0,Bstd:89.2,StrandBias:-0.0,Multiplicity:1.36
0.333	0.075	0.162	0.430
0.147	0.050	0.536	0.267
0.022	0.297	0.457	0.223
0.060	0.550	0.212	0.178
0.288	0.613	0.023	0.076
0.560	0.144	0.060	0.236
0.303	0.113	0.427	0.157
0.332	0.044	0.518	0.106
>TKGGGAAR	8-TKGGGAAR	6.011679	-1888.832812	0	T:11619.0(34.33%),B:26180.6(18.42%),P:1e-820	Tpos:98.6,Tstd:56.7,Bpos:99.3,Bstd:92.1,StrandBias:0.0,Multiplicity:1.16
0.194	0.016	0.077	0.713
0.028	0.080	0.452	0.440
0.205	0.070	0.627	0.098
0.186	0.040	0.725	0.049
0.157	0.058	0.784	0.001
0.777	0.018	0.204	0.001
0.682	0.084	0.218	0.016
0.511	0.023	0.439	0.027
>WGCWGCWG	9-WGCWGCWG	4.635699	-1809.521093	0	T:16746.0(49.48%),B:45231.8(31.83%),P:1e-785	Tpos:98.2,Tstd:55.7,Bpos:100.2,Bstd:90.9,StrandBias:-0.0,Multiplicity:1.28
0.370	0.001	0.117	0.512
0.062	0.178	0.550	0.210
0.149	0.665	0.116	0.070
0.444	0.009	0.018	0.529
0.041	0.065	0.720	0.174
0.100	0.640	0.193	0.067
0.517	0.037	0.001	0.445
0.053	0.052	0.764	0.131
>TTTTDAAA	10-TTTTDAAA	6.494838	-1781.139418	0	T:12432.0(36.73%),B:29553.1(20.80%),P:1e-773	Tpos:101.5,Tstd:55.5,Bpos:99.6,Bstd:82.4,StrandBias:0.0,Multiplicity:1.29
0.144	0.129	0.001	0.726
0.044	0.008	0.001	0.947
0.063	0.136	0.020	0.781
0.165	0.063	0.194	0.578
0.353	0.158	0.283	0.205
0.896	0.018	0.085	0.001
0.826	0.001	0.172	0.001
0.892	0.041	0.045	0.022
>GAGACAGA	11-GAGACAGA	5.160280	-1732.279882	0	T:20706.0(61.18%),B:61750.0(43.45%),P:1e-752	Tpos:97.9,Tstd:56.4,Bpos:100.2,Bstd:95.6,StrandBias:-0.2,Multiplicity:1.48
0.293	0.242	0.463	0.001
0.861	0.031	0.075	0.033
0.343	0.086	0.570	0.001
0.537	0.173	0.191	0.099
0.168	0.510	0.321	0.001
0.814	0.021	0.013	0.152
0.250	0.180	0.569	0.001
0.651	0.063	0.251	0.035
>RAGGAAGG	12-RAGGAAGG	3.922138	-1704.119696	0	T:17789.0(52.56%),B:50025.7(35.20%),P:1e-740	Tpos:99.0,Tstd:57.1,Bpos:100.1,Bstd:95.5,StrandBias:-0.2,Multiplicity:1.21
0.376	0.207	0.416	0.001
0.997	0.001	0.001	0.001
0.001	0.001	0.997	0.001
0.002	0.129	0.868	0.001
0.997	0.001	0.001	0.001
0.961	0.001	0.037	0.001
0.055	0.001	0.943	0.001
0.142	0.139	0.551	0.168
>CCTGGCAT	13-CCTGGCAT	6.149046	-1619.171544	0	T:8618.0(25.46%),B:17752.4(12.49%),P:1e-703	Tpos:105.4,Tstd:55.9,Bpos:98.7,Bstd:88.6,StrandBias:0.1,Multiplicity:1.19
0.033	0.895	0.071	0.001
0.183	0.815	0.001	0.001
0.360	0.001	0.001	0.638
0.001	0.001	0.997	0.001
0.161	0.159	0.462	0.218
0.205	0.538	0.256	0.001
0.434	0.263	0.135	0.169
0.014	0.001	0.191	0.794
>TCTGAGAC	14-TCTGAGAC	5.121728	-1532.467689	0	T:7553.0(22.32%),B:14866.1(10.46%),P:1e-665	Tpos:110.6,Tstd:58.1,Bpos:109.4,Bstd:90.9,StrandBias:0.8,Multiplicity:1.00
0.001	0.115	0.001	0.883
0.001	0.990	0.001	0.008
0.001	0.001	0.001	0.997
0.001	0.001	0.997	0.001
0.799	0.001	0.001	0.199
0.001	0.001	0.997	0.001
0.779	0.001	0.219	0.001
0.326	0.587	0.086	0.001
>AAATGAAA	15-AAATGAAA	5.805881	-1529.412842	0	T:20268.0(59.88%),B:61425.2(43.23%),P:1e-664	Tpos:99.9,Tstd:56.4,Bpos:100.3,Bstd:87.6,StrandBias:-0.2,Multiplicity:1.50
0.829	0.056	0.079	0.036
0.845	0.046	0.079	0.030
0.820	0.092	0.058	0.030
0.131	0.017	0.248	0.604
0.186	0.036	0.724	0.054
0.691	0.142	0.114	0.053
0.761	0.108	0.106	0.025
0.727	0.010	0.075	0.188
>TSTGCACA	16-TSTGCACA	5.659092	-892.628305	0	T:11205.0(33.11%),B:31134.1(21.91%),P:1e-387	Tpos:100.9,Tstd:56.5,Bpos:100.0,Bstd:86.9,StrandBias:0.0,Multiplicity:1.09
0.125	0.001	0.044	0.830
0.114	0.437	0.309	0.140
0.155	0.033	0.016	0.796
0.011	0.257	0.557	0.175
0.059	0.699	0.001	0.241
0.477	0.277	0.108	0.138
0.359	0.613	0.006	0.022
0.901	0.021	0.001	0.077
>TGAGTCAT	17-TGAGTCAT	6.305983	-807.377541	0	T:5128.0(15.15%),B:10993.5(7.74%),P:1e-350	Tpos:68.1,Tstd:55.3,Bpos:99.6,Bstd:84.7,StrandBias:-0.0,Multiplicity:1.06
0.006	0.001	0.001	0.992
0.001	0.037	0.915	0.047
0.976	0.001	0.001	0.022
0.036	0.252	0.694	0.018
0.001	0.026	0.009	0.964
0.024	0.974	0.001	0.001
0.997	0.001	0.001	0.001
0.040	0.116	0.112	0.732
>CAAMATGK	18-CAAMATGK	6.351479	-612.050519	0	T:8807.0(26.02%),B:24835.6(17.48%),P:1e-265	Tpos:102.3,Tstd:56.4,Bpos:100.3,Bstd:84.9,StrandBias:-0.0,Multiplicity:1.11
0.001	0.655	0.001	0.343
0.778	0.220	0.001	0.001
0.671	0.260	0.001	0.068
0.444	0.554	0.001	0.001
0.843	0.155	0.001	0.001
0.001	0.001	0.001	0.997
0.001	0.001	0.997	0.001
0.001	0.001	0.503	0.495
>TTTTTTTT	19-TTTTTTTT	8.236954	-579.662291	0	T:3825.0(11.30%),B:8235.0(5.80%),P:1e-251	Tpos:104.4,Tstd:57.1,Bpos:99.7,Bstd:95.7,StrandBias:1.4,Multiplicity:1.09
0.100	0.100	0.100	0.700
0.100	0.100	0.100	0.700
0.100	0.100	0.100	0.700
0.100	0.100	0.100	0.700
0.100	0.100	0.100	0.700
0.100	0.100	0.100	0.700
0.100	0.100	0.100	0.700
0.100	0.100	0.100	0.700
>GGTTCAAG	20-GGTTCAAG	8.334379	-568.929488	0	T:1647.0(4.87%),B:2225.3(1.57%),P:1e-247	Tpos:116.8,Tstd:53.4,Bpos:99.9,Bstd:86.2,StrandBias:1.0,Multiplicity:1.03
0.271	0.001	0.727	0.001
0.001	0.001	0.997	0.001
0.001	0.089	0.001	0.909
0.001	0.001	0.001	0.997
0.001	0.997	0.001	0.001
0.997	0.001	0.001	0.001
0.997	0.001	0.001	0.001
0.001	0.001	0.997	0.001
>ARAYATTT	21-ARAYATTT	7.578282	-534.684899	0	T:5033.0(14.87%),B:12371.8(8.71%),P:1e-232	Tpos:104.2,Tstd:55.5,Bpos:100.1,Bstd:81.5,StrandBias:-0.1,Multiplicity:1.05
0.997	0.001	0.001	0.001
0.430	0.098	0.295	0.177
0.744	0.001	0.254	0.001
0.001	0.549	0.001	0.449
0.830	0.001	0.168	0.001
0.001	0.001	0.001	0.997
0.001	0.001	0.274	0.724
0.001	0.165	0.001	0.833
>GGTGGTGG	22-GGTGGTGG	7.727346	-490.110001	0	T:2467.0(7.29%),B:4669.2(3.29%),P:1e-212	Tpos:106.7,Tstd:57.3,Bpos:101.2,Bstd:92.9,StrandBias:-0.3,Multiplicity:1.04
0.021	0.081	0.624	0.274
0.016	0.004	0.979	0.001
0.077	0.001	0.081	0.841
0.001	0.001	0.997	0.001
0.017	0.008	0.974	0.001
0.125	0.040	0.089	0.746
0.001	0.001	0.997	0.001
0.001	0.029	0.969	0.001
>ACACACAC	23-ACACACAC	8.236954	-464.982296	0	T:928.0(2.74%),B:900.1(0.63%),P:1e-201	Tpos:112.0,Tstd:57.0,Bpos:103.5,Bstd:86.8,StrandBias:-0.1,Multiplicity:1.17
0.700	0.100	0.100	0.100
0.100	0.700	0.100	0.100
0.700	0.100	0.100	0.100
0.100	0.700	0.100	0.100
0.700	0.100	0.100	0.100
0.100	0.700	0.100	0.100
0.700	0.100	0.100	0.100
0.100	0.700	0.100	0.100
>GAAACCCC	24-GAAACCCC	9.230471	-316.399941	0	T:958.0(2.83%),B:1330.3(0.94%),P:1e-137	Tpos:113.3,Tstd:57.6,Bpos:102.6,Bstd:85.8,StrandBias:0.0,Multiplicity:1.01
0.001	0.001	0.997	0.001
0.997	0.001	0.001	0.001
0.997	0.001	0.001	0.001
0.997	0.001	0.001	0.001
0.001	0.997	0.001	0.001
0.001	0.839	0.001	0.159
0.001	0.997	0.001	0.001
0.001	0.997	0.001	0.001
>ATATATAT	25-ATATATAT	8.236954	-44.041348	0	T:499.0(1.47%),B:1277.0(0.90%),P:1e-19	Tpos:116.9,Tstd:50.8,Bpos:101.1,Bstd:71.0,StrandBias:0.0,Multiplicity:1.29
0.700	0.100	0.100	0.100
0.100	0.100	0.100	0.700
0.700	0.100	0.100	0.100
0.100	0.100	0.100	0.700
0.700	0.100	0.100	0.100
0.100	0.100	0.100	0.700
0.700	0.100	0.100	0.100
0.100	0.100	0.100	0.700
