MEME version 4

ALPHABET= ACGT

strands: + -

Background letter frequencies (from uniform background):
A 0.25000 C 0.25000 G 0.25000 T 0.25000 

MOTIF M0086_1.02 (ARB_07703)_(Histoplasma_capsulatum)_(DBD_0.92)

letter-probability matrix: alength= 4 w= 10 nsites= 1 E= 0
  0.287386	  0.184982	  0.164060	  0.363572	
  0.268823	  0.245690	  0.172342	  0.313145	
  0.339997	  0.263260	  0.151658	  0.245086	
  0.153137	  0.201022	  0.101791	  0.544050	
  0.240409	  0.109919	  0.541436	  0.108237	
  0.108237	  0.541436	  0.109919	  0.240409	
  0.544050	  0.101791	  0.201022	  0.153137	
  0.245086	  0.151658	  0.263260	  0.339997	
  0.313145	  0.172342	  0.245690	  0.268823	
  0.363572	  0.164060	  0.184982	  0.287386	

URL http://cisbp.ccbr.utoronto.ca/TFreport.php?versionNumber=1.02&searchTF=T005111_1.02

MOTIF M0112_1.02 (ARB_06850)_(Neurospora_crassa)_(DBD_0.80)

letter-probability matrix: alength= 4 w= 8 nsites= 1 E= 0
  0.231893	  0.272129	  0.231893	  0.264086	
  0.199782	  0.275126	  0.241587	  0.283505	
  0.239406	  0.256765	  0.190216	  0.313613	
  0.169991	  0.163325	  0.418109	  0.248575	
  0.699238	  0.072966	  0.111051	  0.116745	
  0.096923	  0.120773	  0.014210	  0.768095	
  0.556969	  0.037808	  0.314980	  0.090243	
  0.186997	  0.278967	  0.206664	  0.327371	

URL http://cisbp.ccbr.utoronto.ca/TFreport.php?versionNumber=1.02&searchTF=T006978_1.02

MOTIF M0233_1.02 (ARB_00440)_(Neurospora_crassa)_(DBD_0.68)

letter-probability matrix: alength= 4 w= 10 nsites= 1 E= 0
  0.372697	  0.131267	  0.368992	  0.127044	
  0.132630	  0.120618	  0.150348	  0.596405	
  0.053806	  0.833998	  0.040004	  0.072192	
  0.860550	  0.014337	  0.062962	  0.062150	
  0.049765	  0.733895	  0.036448	  0.179892	
  0.179892	  0.036448	  0.733895	  0.049765	
  0.062150	  0.062962	  0.014337	  0.860550	
  0.072192	  0.040004	  0.833998	  0.053806	
  0.596405	  0.150348	  0.120618	  0.132630	
  0.127044	  0.368992	  0.131267	  0.372697	

URL http://cisbp.ccbr.utoronto.ca/TFreport.php?versionNumber=1.02&searchTF=T011345_1.02

MOTIF M0235_1.02 (ARB_03655)_(Neurospora_crassa)_(DBD_0.85)

letter-probability matrix: alength= 4 w= 8 nsites= 1 E= 0
  0.274385	  0.205312	  0.348812	  0.171491	
  0.190278	  0.136796	  0.336463	  0.336463	
  0.075030	  0.878218	  0.030505	  0.016247	
  0.751431	  0.000270	  0.135908	  0.112390	
  0.002837	  0.782682	  0.078471	  0.136010	
  0.236992	  0.000239	  0.711963	  0.050807	
  0.167264	  0.223536	  0.126415	  0.482785	
  0.153853	  0.085285	  0.605464	  0.155399	

URL http://cisbp.ccbr.utoronto.ca/TFreport.php?versionNumber=1.02&searchTF=T011349_1.02

MOTIF M0277_1.02 (ARB_05352)_(Aspergillus_nidulans)_(DBD_0.76)

letter-probability matrix: alength= 4 w= 10 nsites= 1 E= 0
  0.154221	  0.132739	  0.506936	  0.206105	
  0.384330	  0.442085	  0.102668	  0.070916	
  0.058696	  0.013228	  0.037054	  0.891022	
  0.007506	  0.030745	  0.385962	  0.575787	
  0.911092	  0.000094	  0.061846	  0.026968	
  0.063690	  0.586417	  0.169700	  0.180193	
  0.278427	  0.160639	  0.196204	  0.364730	
  0.518034	  0.154476	  0.059742	  0.267747	
  0.729176	  0.086653	  0.088404	  0.095767	
  0.258065	  0.140220	  0.224351	  0.377364	

URL http://cisbp.ccbr.utoronto.ca/TFreport.php?versionNumber=1.02&searchTF=T022388_1.02

MOTIF M0278_1.02 (ARB_02172)_(Aspergillus_nidulans)_(DBD_0.84)

letter-probability matrix: alength= 4 w= 9 nsites= 1 E= 0
  0.248440	  0.175072	  0.312686	  0.263802	
  0.348841	  0.201264	  0.236185	  0.213709	
  0.250961	  0.137730	  0.144792	  0.466518	
  0.192616	  0.159285	  0.330530	  0.317569	
  0.547798	  0.306711	  0.100074	  0.045418	
  0.083480	  0.792037	  0.004829	  0.119654	
  0.161924	  0.013834	  0.778312	  0.045930	
  0.238359	  0.306059	  0.081759	  0.373822	
  0.313093	  0.147894	  0.356559	  0.182454	

URL http://cisbp.ccbr.utoronto.ca/TFreport.php?versionNumber=1.02&searchTF=T022379_1.02

MOTIF M0279_1.02 (ARB_05846)_(Aspergillus_nidulans)_(DBD_0.75)

letter-probability matrix: alength= 4 w= 10 nsites= 1 E= 0
  0.246840	  0.196081	  0.257201	  0.299878	
  0.404547	  0.230507	  0.142781	  0.222165	
  0.184351	  0.378595	  0.128283	  0.308771	
  0.636412	  0.020156	  0.194119	  0.149314	
  0.177436	  0.522892	  0.092598	  0.207075	
  0.207075	  0.092598	  0.522892	  0.177436	
  0.149314	  0.194119	  0.020156	  0.636412	
  0.308771	  0.128283	  0.378595	  0.184351	
  0.222165	  0.142781	  0.230507	  0.404547	
  0.299878	  0.257201	  0.196081	  0.246840	

URL http://cisbp.ccbr.utoronto.ca/TFreport.php?versionNumber=1.02&searchTF=T022389_1.02

MOTIF M0280_1.02 (ARB_05956)_(Aspergillus_nidulans)_(DBD_0.82)

letter-probability matrix: alength= 4 w= 10 nsites= 1 E= 0
  0.145649	  0.150084	  0.513473	  0.190794	
  0.418917	  0.431675	  0.089808	  0.059601	
  0.005884	  0.000005	  0.066837	  0.927274	
  0.023022	  0.048253	  0.291916	  0.636808	
  0.986170	  0.000006	  0.013788	  0.000036	
  0.019732	  0.609267	  0.192916	  0.178084	
  0.220193	  0.096015	  0.341896	  0.341896	
  0.331651	  0.171414	  0.040209	  0.456726	
  0.667716	  0.100873	  0.129524	  0.101887	
  0.435821	  0.122392	  0.214269	  0.227518	

URL http://cisbp.ccbr.utoronto.ca/TFreport.php?versionNumber=1.02&searchTF=T022391_1.02

MOTIF M0331_1.02 (ARB_03451)_(Neurospora_crassa)_(DBD_0.58)

letter-probability matrix: alength= 4 w= 10 nsites= 1 E= 0
  0.138972	  0.117246	  0.552400	  0.191382	
  0.407664	  0.450538	  0.049921	  0.091876	
  0.018202	  0.000228	  0.064170	  0.917399	
  0.109798	  0.113142	  0.249297	  0.527762	
  0.898816	  0.005480	  0.085719	  0.009985	
  0.003372	  0.668907	  0.109469	  0.218251	
  0.178122	  0.123035	  0.455988	  0.242856	
  0.305077	  0.126541	  0.094686	  0.473696	
  0.502827	  0.177727	  0.146973	  0.172474	
  0.496385	  0.129976	  0.163588	  0.210051	

URL http://cisbp.ccbr.utoronto.ca/TFreport.php?versionNumber=1.02&searchTF=T022382_1.02

MOTIF M0341_1.02 (ARB_01680)_(Schizosaccharomyces_pombe)_(DBD_0.66)

letter-probability matrix: alength= 4 w= 10 nsites= 1 E= 0
  0.570600	  0.126453	  0.170367	  0.132581	
  0.195785	  0.086320	  0.008371	  0.709524	
  0.193607	  0.163160	  0.313589	  0.329644	
  0.494817	  0.042071	  0.276108	  0.187005	
  0.071217	  0.695225	  0.054727	  0.178831	
  0.178831	  0.054727	  0.695225	  0.071217	
  0.187005	  0.276108	  0.042071	  0.494817	
  0.329644	  0.313589	  0.163160	  0.193607	
  0.709524	  0.008371	  0.086320	  0.195785	
  0.132581	  0.170367	  0.126453	  0.570600	

URL http://cisbp.ccbr.utoronto.ca/TFreport.php?versionNumber=1.02&searchTF=T022376_1.02

MOTIF M0469_1.02 (ARB_00919)_(Neurospora_crassa)_(DBD_0.87)

letter-probability matrix: alength= 4 w= 10 nsites= 1 E= 0
  0.135111	  0.173485	  0.132435	  0.558969	
  0.036396	  0.008797	  0.948091	  0.006716	
  0.090702	  0.038382	  0.076522	  0.794394	
  0.000618	  0.001681	  0.991595	  0.006106	
  0.003099	  0.000230	  0.993412	  0.003258	
  0.008631	  0.977890	  0.002171	  0.011307	
  0.083917	  0.020902	  0.487765	  0.407416	
  0.128276	  0.306184	  0.274290	  0.291251	
  0.384309	  0.167578	  0.230776	  0.217337	
  0.242545	  0.177894	  0.351141	  0.228420	

URL http://cisbp.ccbr.utoronto.ca/TFreport.php?versionNumber=1.02&searchTF=T032540_1.02

MOTIF M0473_1.02 (ARB_03738)_(Neurospora_crassa)_(DBD_0.88)

letter-probability matrix: alength= 4 w= 10 nsites= 1 E= 0
  0.289992	  0.212694	  0.304860	  0.192453	
  0.226165	  0.376631	  0.131797	  0.265407	
  0.199332	  0.017725	  0.681959	  0.100985	
  0.075701	  0.801743	  0.000218	  0.122338	
  0.645987	  0.007697	  0.129125	  0.217192	
  0.158375	  0.581123	  0.012121	  0.248381	
  0.244520	  0.088173	  0.432376	  0.234932	
  0.170600	  0.075893	  0.538789	  0.214718	
  0.377946	  0.137655	  0.240989	  0.243411	
  0.151477	  0.459636	  0.144089	  0.244798	

URL http://cisbp.ccbr.utoronto.ca/TFreport.php?versionNumber=1.02&searchTF=T032549_1.02

MOTIF M0477_1.02 (ARB_01203)_(Neurospora_crassa)_(DBD_0.92)

letter-probability matrix: alength= 4 w= 9 nsites= 1 E= 0
  0.150339	  0.311965	  0.076930	  0.460766	
  0.204481	  0.685724	  0.049426	  0.060369	
  0.857399	  0.044876	  0.048130	  0.049596	
  0.038252	  0.042275	  0.857654	  0.061818	
  0.034879	  0.050496	  0.813949	  0.100675	
  0.114329	  0.120191	  0.555064	  0.210415	
  0.264307	  0.126104	  0.511379	  0.098210	
  0.170320	  0.346429	  0.179053	  0.304198	
  0.357377	  0.210354	  0.230164	  0.202106	

URL http://cisbp.ccbr.utoronto.ca/TFreport.php?versionNumber=1.02&searchTF=T032543_1.02

MOTIF M0478_1.02 (ARB_01120)_(Neurospora_crassa)_(DBD_0.76)

letter-probability matrix: alength= 4 w= 8 nsites= 1 E= 0
  0.242991	  0.344820	  0.200943	  0.211246	
  0.195557	  0.000022	  0.703347	  0.101074	
  0.021540	  0.372380	  0.061554	  0.544526	
  0.000061	  0.000001	  0.999903	  0.000035	
  0.004818	  0.000871	  0.918184	  0.076127	
  0.061126	  0.018046	  0.856568	  0.064260	
  0.189179	  0.100755	  0.524632	  0.185433	
  0.232300	  0.138107	  0.375415	  0.254177	

URL http://cisbp.ccbr.utoronto.ca/TFreport.php?versionNumber=1.02&searchTF=T032542_1.02

MOTIF M0479_1.02 (ARB_01432)_(Neurospora_crassa)_(DBD_0.93)

letter-probability matrix: alength= 4 w= 9 nsites= 1 E= 0
  0.177316	  0.043726	  0.778939	  0.000020	
  0.062338	  0.287886	  0.028010	  0.621766	
  0.013525	  0.000169	  0.957675	  0.028632	
  0.009894	  0.002779	  0.917783	  0.069544	
  0.232831	  0.002916	  0.728008	  0.036245	
  0.093156	  0.176668	  0.438900	  0.291276	
  0.228382	  0.384145	  0.165840	  0.221633	
  0.246097	  0.283079	  0.243648	  0.227176	
  0.258103	  0.255535	  0.250475	  0.235888	

URL http://cisbp.ccbr.utoronto.ca/TFreport.php?versionNumber=1.02&searchTF=T032544_1.02

MOTIF M0482_1.02 (ARB_03211)_(Neurospora_crassa)_(DBD_0.98)

letter-probability matrix: alength= 4 w= 10 nsites= 1 E= 0
  0.269622	  0.207893	  0.295014	  0.227471	
  0.221481	  0.230520	  0.308073	  0.239927	
  0.001518	  0.000218	  0.979590	  0.018674	
  0.174199	  0.441510	  0.029970	  0.354320	
  0.000399	  0.000217	  0.964849	  0.034535	
  0.001007	  0.065798	  0.885891	  0.047304	
  0.010090	  0.042164	  0.899247	  0.048500	
  0.083781	  0.065904	  0.733778	  0.116537	
  0.158734	  0.261708	  0.229805	  0.349754	
  0.323602	  0.206338	  0.239730	  0.230330	

URL http://cisbp.ccbr.utoronto.ca/TFreport.php?versionNumber=1.02&searchTF=T032548_1.02

MOTIF M0483_1.02 (ARB_05394)_(Neurospora_crassa)_(DBD_0.80)

letter-probability matrix: alength= 4 w= 10 nsites= 1 E= 0
  0.309407	  0.173236	  0.322034	  0.195323	
  0.212288	  0.170365	  0.398594	  0.218753	
  0.182019	  0.056493	  0.688221	  0.073267	
  0.205430	  0.081868	  0.250913	  0.461789	
  0.005887	  0.032875	  0.927699	  0.033539	
  0.000760	  0.000020	  0.997902	  0.001317	
  0.000226	  0.805566	  0.018021	  0.176187	
  0.115535	  0.065995	  0.310932	  0.507539	
  0.149767	  0.109846	  0.644891	  0.095496	
  0.194711	  0.078376	  0.602759	  0.124153	

URL http://cisbp.ccbr.utoronto.ca/TFreport.php?versionNumber=1.02&searchTF=T032557_1.02

MOTIF M0484_1.02 (ARB_00172)_(Neurospora_crassa)_(DBD_0.75)

letter-probability matrix: alength= 4 w= 9 nsites= 1 E= 0
  0.263824	  0.057701	  0.599012	  0.079462	
  0.306847	  0.094288	  0.136503	  0.462362	
  0.003417	  0.000402	  0.811461	  0.184719	
  0.000117	  0.000000	  0.999883	  0.000000	
  0.000079	  0.986535	  0.000000	  0.013386	
  0.095950	  0.004322	  0.443116	  0.456611	
  0.156563	  0.315279	  0.296918	  0.231240	
  0.534596	  0.081574	  0.087489	  0.296341	
  0.157278	  0.059028	  0.644202	  0.139493	

URL http://cisbp.ccbr.utoronto.ca/TFreport.php?versionNumber=1.02&searchTF=T032536_1.02

MOTIF M0514_1.02 (ARB_00366)_(Saccharomyces_cerevisiae)_(DBD_0.70)

letter-probability matrix: alength= 4 w= 9 nsites= 1 E= 0
  0.316777	  0.180946	  0.269939	  0.232339	
  0.350186	  0.106534	  0.283855	  0.259424	
  0.526900	  0.094350	  0.127359	  0.251391	
  0.276288	  0.142800	  0.125392	  0.455521	
  0.635588	  0.166426	  0.088637	  0.109350	
  0.159920	  0.092266	  0.629342	  0.118472	
  0.186191	  0.063230	  0.630665	  0.119914	
  0.306984	  0.046843	  0.564983	  0.081190	
  0.275201	  0.024966	  0.606377	  0.093457	

URL http://cisbp.ccbr.utoronto.ca/TFreport.php?versionNumber=1.02&searchTF=T032537_1.02

MOTIF M0518_1.02 (ARB_01112)_(Saccharomyces_cerevisiae)_(DBD_0.81)

letter-probability matrix: alength= 4 w= 10 nsites= 1 E= 0
  0.324069	  0.194602	  0.223846	  0.257484	
  0.321670	  0.174779	  0.253034	  0.250517	
  0.219126	  0.223552	  0.192413	  0.364908	
  0.169345	  0.233210	  0.483929	  0.113515	
  0.109153	  0.456116	  0.034218	  0.400513	
  0.028905	  0.000271	  0.938235	  0.032590	
  0.027732	  0.029154	  0.927587	  0.015527	
  0.248758	  0.000277	  0.747309	  0.003656	
  0.127560	  0.001282	  0.779451	  0.091706	
  0.258253	  0.153536	  0.294105	  0.294105	

URL http://cisbp.ccbr.utoronto.ca/TFreport.php?versionNumber=1.02&searchTF=T032541_1.02

MOTIF M0747_1.02 (ARB_00880)_(Mus_musculus)_(DBD_0.44)

letter-probability matrix: alength= 4 w= 10 nsites= 1 E= 0
  0.366283	  0.166235	  0.164581	  0.302901	
  0.345139	  0.171391	  0.195185	  0.288285	
  0.267836	  0.181340	  0.196443	  0.354381	
  0.346821	  0.108724	  0.419393	  0.125062	
  0.146969	  0.100507	  0.031824	  0.720700	
  0.700016	  0.254959	  0.000720	  0.044305	
  0.906192	  0.053477	  0.000316	  0.040015	
  0.934400	  0.000771	  0.023568	  0.041260	
  0.033048	  0.600627	  0.033381	  0.332944	
  0.853101	  0.047889	  0.045553	  0.053457	

URL http://cisbp.ccbr.utoronto.ca/TFreport.php?versionNumber=1.02&searchTF=T080657_1.02

MOTIF M0750_1.02 (ARB_07826)_(Saccharomyces_cerevisiae)_(DBD_0.54)

letter-probability matrix: alength= 4 w= 10 nsites= 1 E= 0
  0.333384	  0.186661	  0.227988	  0.251966	
  0.243491	  0.236295	  0.191537	  0.328678	
  0.290403	  0.120454	  0.508400	  0.080743	
  0.144493	  0.108119	  0.080096	  0.667293	
  0.665365	  0.230520	  0.042535	  0.061580	
  0.737993	  0.130835	  0.027220	  0.103953	
  0.810160	  0.045026	  0.052312	  0.092502	
  0.087322	  0.613757	  0.079806	  0.219115	
  0.815710	  0.031002	  0.077794	  0.075494	
  0.402874	  0.192217	  0.160553	  0.244356	

URL http://cisbp.ccbr.utoronto.ca/TFreport.php?versionNumber=1.02&searchTF=T080660_1.02

MOTIF M0803_1.02 (ARB_01739)_(Saccharomyces_cerevisiae)_(DBD_0.71)

letter-probability matrix: alength= 4 w= 10 nsites= 1 E= 0
  0.275281	  0.242608	  0.224974	  0.257137	
  0.241344	  0.282465	  0.204031	  0.272159	
  0.196189	  0.245027	  0.396334	  0.162450	
  0.410715	  0.155415	  0.184636	  0.249234	
  0.106170	  0.067699	  0.065591	  0.760540	
  0.760540	  0.065591	  0.067699	  0.106170	
  0.249234	  0.184636	  0.155415	  0.410715	
  0.162450	  0.396334	  0.245027	  0.196189	
  0.272159	  0.204031	  0.282465	  0.241344	
  0.257137	  0.224974	  0.242608	  0.275281	

URL http://cisbp.ccbr.utoronto.ca/TFreport.php?versionNumber=1.02&searchTF=T083833_1.02

MOTIF M0865_1.02 (ARB_03169)_(Aspergillus_nidulans)_(DBD_0.86)

letter-probability matrix: alength= 4 w= 10 nsites= 1 E= 0
  0.376511	  0.151555	  0.198531	  0.273403	
  0.336602	  0.182893	  0.210377	  0.270129	
  0.125916	  0.319135	  0.149249	  0.405700	
  0.209623	  0.500351	  0.060662	  0.229364	
  0.609751	  0.078496	  0.148867	  0.162886	
  0.813390	  0.028537	  0.057467	  0.100606	
  0.025393	  0.042286	  0.012237	  0.920084	
  0.688924	  0.058858	  0.103041	  0.149177	
  0.409171	  0.116063	  0.108216	  0.366549	
  0.394100	  0.153946	  0.132503	  0.319451	

URL http://cisbp.ccbr.utoronto.ca/TFreport.php?versionNumber=1.02&searchTF=T089098_1.02

MOTIF M0868_1.02 (ARB_01788)_(Aspergillus_terreus)_(DBD_0.79)

letter-probability matrix: alength= 4 w= 10 nsites= 1 E= 0
  0.120334	  0.181321	  0.137039	  0.561307	
  0.393227	  0.030398	  0.023912	  0.552463	
  0.666060	  0.048491	  0.068127	  0.217322	
  0.968998	  0.000057	  0.030455	  0.000490	
  0.058899	  0.026731	  0.182332	  0.732037	
  0.088383	  0.034181	  0.190886	  0.686549	
  0.445525	  0.049366	  0.450003	  0.055106	
  0.363920	  0.205806	  0.277809	  0.152465	
  0.269688	  0.199790	  0.173689	  0.356833	
  0.294363	  0.220261	  0.205370	  0.280006	

URL http://cisbp.ccbr.utoronto.ca/TFreport.php?versionNumber=1.02&searchTF=T089097_1.02

MOTIF M1114_1.02 (ARB_04330)_(Neurospora_crassa)_(DBD_0.88)

letter-probability matrix: alength= 4 w= 8 nsites= 1 E= 0
  0.209810	  0.248689	  0.243765	  0.297735	
  0.169404	  0.268348	  0.296570	  0.265678	
  0.128561	  0.266774	  0.173539	  0.431126	
  0.418284	  0.236550	  0.131126	  0.214040	
  0.620568	  0.129106	  0.226022	  0.024304	
  0.203970	  0.136725	  0.099283	  0.560021	
  0.279320	  0.235653	  0.176330	  0.308697	
  0.292088	  0.158706	  0.150966	  0.398240	

URL http://cisbp.ccbr.utoronto.ca/TFreport.php?versionNumber=1.02&searchTF=T089099_1.02

MOTIF M1248_1.02 (ARB_00838)_(Aspergillus_nidulans)_(DBD_0.90)

letter-probability matrix: alength= 4 w= 10 nsites= 1 E= 0
  0.354631	  0.215094	  0.219440	  0.210835	
  0.330282	  0.212714	  0.202340	  0.254665	
  0.214610	  0.210361	  0.307608	  0.267421	
  0.286586	  0.236995	  0.241782	  0.234637	
  0.124300	  0.022037	  0.071001	  0.782662	
  0.089295	  0.000287	  0.037410	  0.873008	
  0.077635	  0.814050	  0.043468	  0.064846	
  0.032211	  0.433685	  0.153288	  0.380816	
  0.614435	  0.084835	  0.185064	  0.115666	
  0.161120	  0.302520	  0.140071	  0.396290	

URL http://cisbp.ccbr.utoronto.ca/TFreport.php?versionNumber=1.02&searchTF=T105474_1.02

MOTIF M1299_1.02 (ARB_05322)_(Saccharomyces_cerevisiae)_(DBD_0.73)

letter-probability matrix: alength= 4 w= 8 nsites= 1 E= 0
  0.009615	  0.009615	  0.009615	  0.971154	
  0.009615	  0.009615	  0.009615	  0.971154	
  0.971154	  0.009615	  0.009615	  0.009615	
  0.971154	  0.009615	  0.009615	  0.009615	
  0.009615	  0.009615	  0.009615	  0.971154	
  0.971154	  0.009615	  0.009615	  0.009615	
  0.971154	  0.009615	  0.009615	  0.009615	
  0.971154	  0.009615	  0.009615	  0.009615	

URL http://cisbp.ccbr.utoronto.ca/TFreport.php?versionNumber=1.02&searchTF=T110917_1.02

MOTIF M1535_1.02 (ARB_07111)_(Pediculus_humanus)_(DBD_0.36)

letter-probability matrix: alength= 4 w= 10 nsites= 1 E= 0
  0.086987	  0.605320	  0.156923	  0.150770	
  0.270498	  0.273216	  0.169062	  0.287224	
  0.105470	  0.121319	  0.075070	  0.698142	
  0.471756	  0.088807	  0.414247	  0.025190	
  0.198660	  0.056917	  0.707398	  0.037025	
  0.171687	  0.536824	  0.035363	  0.256126	
  0.565485	  0.022594	  0.205960	  0.205960	
  0.898645	  0.039287	  0.042559	  0.019509	
  0.006153	  0.941002	  0.000547	  0.052297	
  0.205341	  0.328545	  0.335182	  0.130931	

URL http://cisbp.ccbr.utoronto.ca/TFreport.php?versionNumber=1.02&searchTF=T138585_1.02

MOTIF M1708_1.02 (ARB_00435)_(Histoplasma_capsulatum)_(DBD_0.87)

letter-probability matrix: alength= 4 w= 12 nsites= 1 E= 0
  0.224602	  0.224602	  0.224602	  0.326193	
  0.287592	  0.305197	  0.203606	  0.203606	
  0.069397	  0.609890	  0.170988	  0.149726	
  0.044332	  0.398536	  0.145923	  0.411208	
  0.000092	  0.999724	  0.000092	  0.000092	
  0.000092	  0.999724	  0.000092	  0.000092	
  0.000092	  0.000092	  0.999724	  0.000092	
  0.907595	  0.000092	  0.092221	  0.000092	
  0.117619	  0.097900	  0.025490	  0.758992	
  0.046486	  0.575977	  0.138615	  0.238921	
  0.180695	  0.180695	  0.457914	  0.180695	
  0.205760	  0.205760	  0.382721	  0.205760	

URL http://cisbp.ccbr.utoronto.ca/TFreport.php?versionNumber=1.02&searchTF=T155841_1.02

MOTIF M1709_1.02 (ARB_01992)_(Histoplasma_capsulatum)_(DBD_0.95)

letter-probability matrix: alength= 4 w= 10 nsites= 1 E= 0
  0.210977	  0.265536	  0.252586	  0.270900	
  0.223875	  0.237718	  0.223875	  0.314532	
  0.351108	  0.077563	  0.183294	  0.388034	
  0.160399	  0.356975	  0.210117	  0.272508	
  0.001886	  0.996570	  0.000001	  0.001544	
  0.000100	  0.999832	  0.000051	  0.000017	
  0.018155	  0.000186	  0.981346	  0.000313	
  0.205945	  0.342958	  0.170308	  0.280790	
  0.272412	  0.232134	  0.246488	  0.248966	
  0.269485	  0.264149	  0.239012	  0.227355	

URL http://cisbp.ccbr.utoronto.ca/TFreport.php?versionNumber=1.02&searchTF=T155860_1.02

MOTIF M1712_1.02 (ARB_05109)_(Aspergillus_nidulans)_(DBD_0.90)

letter-probability matrix: alength= 4 w= 10 nsites= 1 E= 0
  0.284823	  0.260309	  0.204766	  0.250102	
  0.251404	  0.203784	  0.225216	  0.319597	
  0.186785	  0.221397	  0.200328	  0.391489	
  0.418903	  0.085425	  0.142258	  0.353414	
  0.275129	  0.225257	  0.336044	  0.163570	
  0.012550	  0.943597	  0.043803	  0.000050	
  0.000247	  0.982741	  0.016951	  0.000061	
  0.055640	  0.034775	  0.861695	  0.047890	
  0.426040	  0.183926	  0.226906	  0.163128	
  0.229449	  0.207614	  0.363464	  0.199473	

URL http://cisbp.ccbr.utoronto.ca/TFreport.php?versionNumber=1.02&searchTF=T155875_1.02

MOTIF M1718_1.02 (ARB_03330)_(Neurospora_crassa)_(DBD_0.85)

letter-probability matrix: alength= 4 w= 10 nsites= 1 E= 0
  0.259404	  0.225515	  0.225515	  0.289567	
  0.287950	  0.207014	  0.183605	  0.321432	
  0.292654	  0.188480	  0.234861	  0.284005	
  0.315695	  0.158345	  0.183971	  0.341989	
  0.230782	  0.217343	  0.351242	  0.200633	
  0.038458	  0.897466	  0.043797	  0.020279	
  0.000328	  0.858858	  0.140556	  0.000258	
  0.000636	  0.000140	  0.999054	  0.000170	
  0.384504	  0.230893	  0.204784	  0.179820	
  0.250394	  0.215516	  0.312010	  0.222080	

URL http://cisbp.ccbr.utoronto.ca/TFreport.php?versionNumber=1.02&searchTF=T155868_1.02

MOTIF M1720_1.02 (ARB_03230)_(Neurospora_crassa)_(DBD_0.85)

letter-probability matrix: alength= 4 w= 7 nsites= 1 E= 0
  0.203955	  0.184546	  0.423224	  0.188275	
  0.000292	  0.992488	  0.000533	  0.006687	
  0.090292	  0.000060	  0.909640	  0.000009	
  0.131709	  0.572835	  0.217152	  0.078304	
  0.243083	  0.240664	  0.255546	  0.260708	
  0.296444	  0.204764	  0.219611	  0.279181	
  0.290956	  0.217712	  0.235845	  0.255487	

URL http://cisbp.ccbr.utoronto.ca/TFreport.php?versionNumber=1.02&searchTF=T155867_1.02

MOTIF M1722_1.02 (ARB_03466)_(Neurospora_crassa)_(DBD_0.82)

letter-probability matrix: alength= 4 w= 9 nsites= 1 E= 0
  0.253258	  0.248243	  0.271621	  0.226877	
  0.203860	  0.223058	  0.277947	  0.295135	
  0.344665	  0.129357	  0.125534	  0.400444	
  0.105804	  0.210942	  0.179753	  0.503501	
  0.006588	  0.987517	  0.000393	  0.005502	
  0.000099	  0.978024	  0.021661	  0.000216	
  0.015357	  0.000607	  0.983943	  0.000093	
  0.304515	  0.127577	  0.375673	  0.192235	
  0.256613	  0.212209	  0.310309	  0.220869	

URL http://cisbp.ccbr.utoronto.ca/TFreport.php?versionNumber=1.02&searchTF=T155869_1.02

MOTIF M1727_1.02 (ARB_01185)_(Neurospora_crassa)_(DBD_0.78)

letter-probability matrix: alength= 4 w= 12 nsites= 1 E= 0
  0.303559	  0.201096	  0.201096	  0.294249	
  0.520095	  0.129389	  0.129389	  0.221126	
  0.157017	  0.054555	  0.155358	  0.633069	
  0.436663	  0.028586	  0.028586	  0.506165	
  0.808682	  0.000214	  0.000214	  0.190890	
  0.810023	  0.000214	  0.000214	  0.189549	
  0.099154	  0.000214	  0.000214	  0.900419	
  0.700020	  0.000214	  0.000214	  0.299552	
  0.049118	  0.049118	  0.049118	  0.852647	
  0.335250	  0.221628	  0.120824	  0.322297	
  0.195659	  0.195659	  0.195659	  0.413023	
  0.221627	  0.221627	  0.221627	  0.335118	

URL http://cisbp.ccbr.utoronto.ca/TFreport.php?versionNumber=1.02&searchTF=T155848_1.02

MOTIF M1735_1.02 (ARB_05058)_(Neurospora_crassa)_(DBD_0.88)

letter-probability matrix: alength= 4 w= 10 nsites= 1 E= 0
  0.274890	  0.238978	  0.205690	  0.280443	
  0.281944	  0.226265	  0.226265	  0.265525	
  0.265719	  0.215387	  0.213244	  0.305649	
  0.266965	  0.168531	  0.106391	  0.458114	
  0.095408	  0.419122	  0.090755	  0.394715	
  0.107235	  0.716960	  0.074815	  0.100990	
  0.000913	  0.942656	  0.056188	  0.000244	
  0.004346	  0.000048	  0.952688	  0.042918	
  0.476776	  0.152482	  0.190004	  0.180738	
  0.263307	  0.215577	  0.235879	  0.285237	

URL http://cisbp.ccbr.utoronto.ca/TFreport.php?versionNumber=1.02&searchTF=T155874_1.02

MOTIF M1742_1.02 (ARB_01321)_(Neurospora_crassa)_(DBD_0.77)

letter-probability matrix: alength= 4 w= 9 nsites= 1 E= 0
  0.231793	  0.248599	  0.224942	  0.294666	
  0.053192	  0.187526	  0.155076	  0.604206	
  0.611409	  0.012500	  0.016212	  0.359878	
  0.580877	  0.133559	  0.215840	  0.069724	
  0.078072	  0.329516	  0.571135	  0.021277	
  0.006820	  0.992178	  0.000002	  0.001000	
  0.004370	  0.000385	  0.977344	  0.017901	
  0.789651	  0.055235	  0.111229	  0.043886	
  0.271328	  0.158116	  0.438486	  0.132070	

URL http://cisbp.ccbr.utoronto.ca/TFreport.php?versionNumber=1.02&searchTF=T155852_1.02

MOTIF M1747_1.02 (ARB_05650)_(Neurospora_crassa)_(DBD_0.92)

letter-probability matrix: alength= 4 w= 11 nsites= 1 E= 0
  0.638147	  0.120618	  0.120618	  0.120618	
  0.653853	  0.047071	  0.047071	  0.252005	
  0.141783	  0.558929	  0.138039	  0.161249	
  0.000193	  0.000193	  0.000193	  0.999421	
  0.100582	  0.000193	  0.899032	  0.000193	
  0.000193	  0.999421	  0.000193	  0.000193	
  0.000193	  0.999421	  0.000193	  0.000193	
  0.000193	  0.000193	  0.999421	  0.000193	
  0.328086	  0.129575	  0.412763	  0.129575	
  0.296955	  0.296800	  0.203122	  0.203122	
  0.203122	  0.203122	  0.296800	  0.296955	

URL http://cisbp.ccbr.utoronto.ca/TFreport.php?versionNumber=1.02&searchTF=T155877_1.02

MOTIF M1757_1.02 (ARB_01430)_(Neurospora_crassa)_(DBD_0.77)

letter-probability matrix: alength= 4 w= 9 nsites= 1 E= 0
  0.180507	  0.280274	  0.229469	  0.309751	
  0.062223	  0.129117	  0.169139	  0.639521	
  0.674992	  0.021428	  0.009251	  0.294330	
  0.513306	  0.100572	  0.284540	  0.101583	
  0.103585	  0.337104	  0.523424	  0.035888	
  0.000033	  0.999923	  0.000044	  0.000000	
  0.000000	  0.000000	  1.000000	  0.000000	
  0.000000	  1.000000	  0.000000	  0.000000	
  0.023689	  0.452598	  0.294419	  0.229294	

URL http://cisbp.ccbr.utoronto.ca/TFreport.php?versionNumber=1.02&searchTF=T155853_1.02

MOTIF M1761_1.02 (ARB_03015)_(Neurospora_crassa)_(DBD_0.76)

letter-probability matrix: alength= 4 w= 9 nsites= 1 E= 0
  0.292845	  0.198273	  0.143975	  0.364907	
  0.055039	  0.102313	  0.071381	  0.771267	
  0.705525	  0.008406	  0.046476	  0.239593	
  0.243123	  0.209258	  0.475120	  0.072499	
  0.043224	  0.739809	  0.193716	  0.023252	
  0.000616	  0.968673	  0.007000	  0.023711	
  0.000201	  0.000356	  0.998705	  0.000738	
  0.624525	  0.087094	  0.239126	  0.049254	
  0.212387	  0.160519	  0.477427	  0.149667	

URL http://cisbp.ccbr.utoronto.ca/TFreport.php?versionNumber=1.02&searchTF=T155866_1.02

MOTIF M2085_1.02 (ARB_01763)_(Saccharomyces_cerevisiae)_(DBD_0.75)

letter-probability matrix: alength= 4 w= 6 nsites= 1 E= 0
  0.220000	  0.280000	  0.180000	  0.320000	
  0.000000	  0.210000	  0.130000	  0.660000	
  0.000000	  1.000000	  0.000000	  0.000000	
  0.000000	  1.000000	  0.000000	  0.000000	
  0.000000	  0.000000	  1.000000	  0.000000	
  0.000000	  0.000000	  1.000000	  0.000000	

URL http://cisbp.ccbr.utoronto.ca/TFreport.php?versionNumber=1.02&searchTF=T155857_1.02

MOTIF M2118_1.02 (ARB_03649)_(Saccharomyces_cerevisiae)_(DBD_0.78)

letter-probability matrix: alength= 4 w= 5 nsites= 1 E= 0
  0.000000	  0.000000	  0.000000	  1.000000	
  0.000000	  0.000000	  0.010160	  0.989840	
  0.005578	  0.000000	  0.994422	  0.000000	
  0.000000	  0.000000	  0.998223	  0.001777	
  0.158006	  0.378979	  0.030665	  0.432350	

URL http://cisbp.ccbr.utoronto.ca/TFreport.php?versionNumber=1.02&searchTF=T070367_1.02

