MEME version 4

ALPHABET= ACGT

strands: + -

Background letter frequencies (from uniform background):
A 0.25000 C 0.25000 G 0.25000 T 0.25000 

MOTIF M0086_1.02 (ATEG_09634)_(Histoplasma_capsulatum)_(DBD_0.91)

letter-probability matrix: alength= 4 w= 10 nsites= 1 E= 0
  0.287386	  0.184982	  0.164060	  0.363572	
  0.268823	  0.245690	  0.172342	  0.313145	
  0.339997	  0.263260	  0.151658	  0.245086	
  0.153137	  0.201022	  0.101791	  0.544050	
  0.240409	  0.109919	  0.541436	  0.108237	
  0.108237	  0.541436	  0.109919	  0.240409	
  0.544050	  0.101791	  0.201022	  0.153137	
  0.245086	  0.151658	  0.263260	  0.339997	
  0.313145	  0.172342	  0.245690	  0.268823	
  0.363572	  0.164060	  0.184982	  0.287386	

URL http://cisbp.ccbr.utoronto.ca/TFreport.php?versionNumber=1.02&searchTF=T005292_1.02

MOTIF M0088_1.02 (ATEG_04039)_(Aspergillus_nidulans)_(DBD_0.89)

letter-probability matrix: alength= 4 w= 7 nsites= 1 E= 0
  0.244709	  0.273163	  0.217037	  0.265090	
  0.259296	  0.165335	  0.343083	  0.232286	
  0.677036	  0.034389	  0.124926	  0.163649	
  0.005898	  0.967321	  0.013525	  0.013257	
  0.149512	  0.010149	  0.818420	  0.021919	
  0.010007	  0.874189	  0.003265	  0.112539	
  0.015323	  0.032764	  0.943248	  0.008665	

URL http://cisbp.ccbr.utoronto.ca/TFreport.php?versionNumber=1.02&searchTF=T005294_1.02

MOTIF M0112_1.02 (ATEG_08071)_(Neurospora_crassa)_(DBD_0.76)

letter-probability matrix: alength= 4 w= 8 nsites= 1 E= 0
  0.231893	  0.272129	  0.231893	  0.264086	
  0.199782	  0.275126	  0.241587	  0.283505	
  0.239406	  0.256765	  0.190216	  0.313613	
  0.169991	  0.163325	  0.418109	  0.248575	
  0.699238	  0.072966	  0.111051	  0.116745	
  0.096923	  0.120773	  0.014210	  0.768095	
  0.556969	  0.037808	  0.314980	  0.090243	
  0.186997	  0.278967	  0.206664	  0.327371	

URL http://cisbp.ccbr.utoronto.ca/TFreport.php?versionNumber=1.02&searchTF=T007208_1.02

MOTIF M0122_1.02 (ATEG_05339)_(Aspergillus_nidulans)_(DBD_0.69)

letter-probability matrix: alength= 4 w= 9 nsites= 1 E= 0
  0.245292	  0.273814	  0.242851	  0.238043	
  0.237806	  0.293376	  0.242610	  0.226208	
  0.216345	  0.251357	  0.297935	  0.234364	
  0.258630	  0.241145	  0.263855	  0.236370	
  0.502489	  0.000517	  0.411403	  0.085591	
  0.353817	  0.295533	  0.000353	  0.350297	
  0.360997	  0.114305	  0.184725	  0.339974	
  0.355533	  0.121951	  0.207186	  0.315330	
  0.338774	  0.180428	  0.203432	  0.277365	

URL http://cisbp.ccbr.utoronto.ca/TFreport.php?versionNumber=1.02&searchTF=T008640_1.02

MOTIF M0123_1.02 CADATEAP00000246

letter-probability matrix: alength= 4 w= 10 nsites= 1 E= 0
  0.167580	  0.105791	  0.590791	  0.135838	
  0.566353	  0.167205	  0.116655	  0.149788	
  0.278495	  0.142508	  0.403187	  0.175809	
  0.198637	  0.137205	  0.396026	  0.268132	
  0.277415	  0.413854	  0.086100	  0.222631	
  0.361836	  0.296246	  0.141343	  0.200575	
  0.477449	  0.041201	  0.216688	  0.264663	
  0.560915	  0.015326	  0.076674	  0.347085	
  0.651345	  0.002158	  0.038824	  0.307673	
  0.712595	  0.029339	  0.003665	  0.254401	

URL http://cisbp.ccbr.utoronto.ca/TFreport.php?versionNumber=1.02&searchTF=T008634_1.02

MOTIF M0128_1.02 (ATEG_09432)_(Meleagris_gallopavo)_(DBD_0.54)

letter-probability matrix: alength= 4 w= 10 nsites= 1 E= 0
  0.314753	  0.173580	  0.119888	  0.391779	
  0.398793	  0.102590	  0.146381	  0.352236	
  0.377309	  0.146069	  0.181421	  0.295201	
  0.269905	  0.272333	  0.062123	  0.395639	
  0.323522	  0.171271	  0.193764	  0.311444	
  0.311444	  0.193764	  0.171271	  0.323522	
  0.395639	  0.062123	  0.272333	  0.269905	
  0.295201	  0.181421	  0.146069	  0.377309	
  0.352236	  0.146381	  0.102590	  0.398793	
  0.391779	  0.119888	  0.173580	  0.314753	

URL http://cisbp.ccbr.utoronto.ca/TFreport.php?versionNumber=1.02&searchTF=T008641_1.02

MOTIF M0138_1.02 (ATEG_01810)_(Neurospora_crassa)_(DBD_0.48)

letter-probability matrix: alength= 4 w= 10 nsites= 1 E= 0
  0.606435	  0.100113	  0.193339	  0.100113	
  0.558535	  0.133577	  0.047162	  0.260727	
  0.808690	  0.000196	  0.088314	  0.102800	
  0.231969	  0.000196	  0.000196	  0.767638	
  0.889933	  0.000196	  0.000196	  0.109675	
  0.290663	  0.000196	  0.000196	  0.708945	
  0.267391	  0.000196	  0.000196	  0.732217	
  0.000196	  0.093423	  0.000196	  0.906185	
  0.460241	  0.150083	  0.150083	  0.239593	
  0.203034	  0.291152	  0.203034	  0.302779	

URL http://cisbp.ccbr.utoronto.ca/TFreport.php?versionNumber=1.02&searchTF=T008638_1.02

MOTIF M0145_1.02 (ATEG_09955)_(Medicago_truncatula)_(DBD_0.54)

letter-probability matrix: alength= 4 w= 8 nsites= 1 E= 0
  0.839058	  0.000399	  0.120208	  0.040335	
  0.881610	  0.000294	  0.000294	  0.117803	
  0.832686	  0.000277	  0.000277	  0.166759	
  0.693951	  0.000277	  0.000277	  0.305494	
  0.166759	  0.000277	  0.000277	  0.832686	
  0.832686	  0.000277	  0.000277	  0.166759	
  0.764101	  0.029671	  0.000294	  0.205934	
  0.185281	  0.037352	  0.000370	  0.776997	

URL http://cisbp.ccbr.utoronto.ca/TFreport.php?versionNumber=1.02&searchTF=T008635_1.02

MOTIF M0233_1.02 (ATEG_04204)_(Neurospora_crassa)_(DBD_0.68)

letter-probability matrix: alength= 4 w= 10 nsites= 1 E= 0
  0.372697	  0.131267	  0.368992	  0.127044	
  0.132630	  0.120618	  0.150348	  0.596405	
  0.053806	  0.833998	  0.040004	  0.072192	
  0.860550	  0.014337	  0.062962	  0.062150	
  0.049765	  0.733895	  0.036448	  0.179892	
  0.179892	  0.036448	  0.733895	  0.049765	
  0.062150	  0.062962	  0.014337	  0.860550	
  0.072192	  0.040004	  0.833998	  0.053806	
  0.596405	  0.150348	  0.120618	  0.132630	
  0.127044	  0.368992	  0.131267	  0.372697	

URL http://cisbp.ccbr.utoronto.ca/TFreport.php?versionNumber=1.02&searchTF=T012864_1.02

MOTIF M0235_1.02 (ATEG_00373)_(Neurospora_crassa)_(DBD_0.87)

letter-probability matrix: alength= 4 w= 8 nsites= 1 E= 0
  0.274385	  0.205312	  0.348812	  0.171491	
  0.190278	  0.136796	  0.336463	  0.336463	
  0.075030	  0.878218	  0.030505	  0.016247	
  0.751431	  0.000270	  0.135908	  0.112390	
  0.002837	  0.782682	  0.078471	  0.136010	
  0.236992	  0.000239	  0.711963	  0.050807	
  0.167264	  0.223536	  0.126415	  0.482785	
  0.153853	  0.085285	  0.605464	  0.155399	

URL http://cisbp.ccbr.utoronto.ca/TFreport.php?versionNumber=1.02&searchTF=T012863_1.02

MOTIF M0277_1.02 (ATEG_06717)_(Aspergillus_nidulans)_(DBD_0.95)

letter-probability matrix: alength= 4 w= 10 nsites= 1 E= 0
  0.154221	  0.132739	  0.506936	  0.206105	
  0.384330	  0.442085	  0.102668	  0.070916	
  0.058696	  0.013228	  0.037054	  0.891022	
  0.007506	  0.030745	  0.385962	  0.575787	
  0.911092	  0.000094	  0.061846	  0.026968	
  0.063690	  0.586417	  0.169700	  0.180193	
  0.278427	  0.160639	  0.196204	  0.364730	
  0.518034	  0.154476	  0.059742	  0.267747	
  0.729176	  0.086653	  0.088404	  0.095767	
  0.258065	  0.140220	  0.224351	  0.377364	

URL http://cisbp.ccbr.utoronto.ca/TFreport.php?versionNumber=1.02&searchTF=T024272_1.02

MOTIF M0278_1.02 (ATEG_05161)_(Aspergillus_nidulans)_(DBD_0.91)

letter-probability matrix: alength= 4 w= 9 nsites= 1 E= 0
  0.248440	  0.175072	  0.312686	  0.263802	
  0.348841	  0.201264	  0.236185	  0.213709	
  0.250961	  0.137730	  0.144792	  0.466518	
  0.192616	  0.159285	  0.330530	  0.317569	
  0.547798	  0.306711	  0.100074	  0.045418	
  0.083480	  0.792037	  0.004829	  0.119654	
  0.161924	  0.013834	  0.778312	  0.045930	
  0.238359	  0.306059	  0.081759	  0.373822	
  0.313093	  0.147894	  0.356559	  0.182454	

URL http://cisbp.ccbr.utoronto.ca/TFreport.php?versionNumber=1.02&searchTF=T024265_1.02

MOTIF M0280_1.02 (ATEG_07901)_(Aspergillus_nidulans)_(DBD_0.87)

letter-probability matrix: alength= 4 w= 10 nsites= 1 E= 0
  0.145649	  0.150084	  0.513473	  0.190794	
  0.418917	  0.431675	  0.089808	  0.059601	
  0.005884	  0.000005	  0.066837	  0.927274	
  0.023022	  0.048253	  0.291916	  0.636808	
  0.986170	  0.000006	  0.013788	  0.000036	
  0.019732	  0.609267	  0.192916	  0.178084	
  0.220193	  0.096015	  0.341896	  0.341896	
  0.331651	  0.171414	  0.040209	  0.456726	
  0.667716	  0.100873	  0.129524	  0.101887	
  0.435821	  0.122392	  0.214269	  0.227518	

URL http://cisbp.ccbr.utoronto.ca/TFreport.php?versionNumber=1.02&searchTF=T024260_1.02

MOTIF M0330_1.02 (ATEG_04617)_(Neurospora_crassa)_(DBD_0.79)

letter-probability matrix: alength= 4 w= 8 nsites= 1 E= 0
  0.690951	  0.077454	  0.154141	  0.077454	
  0.000525	  0.000525	  0.000525	  0.998424	
  0.053046	  0.000525	  0.053046	  0.893382	
  0.998424	  0.000525	  0.000525	  0.000525	
  0.000525	  0.945903	  0.053046	  0.000525	
  0.053046	  0.000525	  0.893382	  0.053046	
  0.000525	  0.053046	  0.000525	  0.945903	
  0.784188	  0.071937	  0.071937	  0.071937	

URL http://cisbp.ccbr.utoronto.ca/TFreport.php?versionNumber=1.02&searchTF=T024274_1.02

MOTIF M0331_1.02 (ATEG_06925)_(Neurospora_crassa)_(DBD_0.65)

letter-probability matrix: alength= 4 w= 10 nsites= 1 E= 0
  0.138972	  0.117246	  0.552400	  0.191382	
  0.407664	  0.450538	  0.049921	  0.091876	
  0.018202	  0.000228	  0.064170	  0.917399	
  0.109798	  0.113142	  0.249297	  0.527762	
  0.898816	  0.005480	  0.085719	  0.009985	
  0.003372	  0.668907	  0.109469	  0.218251	
  0.178122	  0.123035	  0.455988	  0.242856	
  0.305077	  0.126541	  0.094686	  0.473696	
  0.502827	  0.177727	  0.146973	  0.172474	
  0.496385	  0.129976	  0.163588	  0.210051	

URL http://cisbp.ccbr.utoronto.ca/TFreport.php?versionNumber=1.02&searchTF=T024264_1.02

MOTIF M0334_1.02 (ATEG_06807)_(Neurospora_crassa)_(DBD_0.82)

letter-probability matrix: alength= 4 w= 8 nsites= 1 E= 0
  0.115790	  0.106888	  0.483852	  0.293471	
  0.303746	  0.537105	  0.071250	  0.087899	
  0.128523	  0.032334	  0.037944	  0.801199	
  0.083192	  0.144194	  0.330682	  0.441932	
  0.921731	  0.000168	  0.035739	  0.042362	
  0.031981	  0.592974	  0.113881	  0.261164	
  0.229837	  0.193905	  0.319696	  0.256562	
  0.236428	  0.220444	  0.227158	  0.315969	

URL http://cisbp.ccbr.utoronto.ca/TFreport.php?versionNumber=1.02&searchTF=T024268_1.02

MOTIF M0341_1.02 (ATEG_05575)_(Schizosaccharomyces_pombe)_(DBD_0.73)

letter-probability matrix: alength= 4 w= 10 nsites= 1 E= 0
  0.570600	  0.126453	  0.170367	  0.132581	
  0.195785	  0.086320	  0.008371	  0.709524	
  0.193607	  0.163160	  0.313589	  0.329644	
  0.494817	  0.042071	  0.276108	  0.187005	
  0.071217	  0.695225	  0.054727	  0.178831	
  0.178831	  0.054727	  0.695225	  0.071217	
  0.187005	  0.276108	  0.042071	  0.494817	
  0.329644	  0.313589	  0.163160	  0.193607	
  0.709524	  0.008371	  0.086320	  0.195785	
  0.132581	  0.170367	  0.126453	  0.570600	

URL http://cisbp.ccbr.utoronto.ca/TFreport.php?versionNumber=1.02&searchTF=T024266_1.02

MOTIF M0464_1.02 (ATEG_09411)_(Neurospora_crassa)_(DBD_0.88)

letter-probability matrix: alength= 4 w= 10 nsites= 1 E= 0
  0.236571	  0.205221	  0.278493	  0.279715	
  0.149782	  0.262156	  0.085487	  0.502575	
  0.342827	  0.526572	  0.039079	  0.091522	
  0.958824	  0.021864	  0.018184	  0.001128	
  0.018978	  0.006180	  0.942469	  0.032373	
  0.000725	  0.000000	  0.991760	  0.007516	
  0.075042	  0.000000	  0.920178	  0.004780	
  0.050954	  0.000665	  0.904357	  0.044023	
  0.107583	  0.249341	  0.211968	  0.431108	
  0.362089	  0.187738	  0.176936	  0.273237	

URL http://cisbp.ccbr.utoronto.ca/TFreport.php?versionNumber=1.02&searchTF=T037494_1.02

MOTIF M0467_1.02 (ATEG_00582)_(Neurospora_crassa)_(DBD_0.83)

letter-probability matrix: alength= 4 w= 8 nsites= 1 E= 0
  0.200133	  0.133644	  0.599069	  0.067154	
  0.000370	  0.000370	  0.998891	  0.000370	
  0.000370	  0.000370	  0.037352	  0.961908	
  0.000370	  0.000370	  0.998891	  0.000370	
  0.000370	  0.000370	  0.998891	  0.000370	
  0.000370	  0.998891	  0.000370	  0.000370	
  0.185281	  0.037352	  0.776997	  0.000370	
  0.578256	  0.158088	  0.105567	  0.158088	

URL http://cisbp.ccbr.utoronto.ca/TFreport.php?versionNumber=1.02&searchTF=T037485_1.02

MOTIF M0469_1.02 (ATEG_04274)_(Neurospora_crassa)_(DBD_0.90)

letter-probability matrix: alength= 4 w= 10 nsites= 1 E= 0
  0.135111	  0.173485	  0.132435	  0.558969	
  0.036396	  0.008797	  0.948091	  0.006716	
  0.090702	  0.038382	  0.076522	  0.794394	
  0.000618	  0.001681	  0.991595	  0.006106	
  0.003099	  0.000230	  0.993412	  0.003258	
  0.008631	  0.977890	  0.002171	  0.011307	
  0.083917	  0.020902	  0.487765	  0.407416	
  0.128276	  0.306184	  0.274290	  0.291251	
  0.384309	  0.167578	  0.230776	  0.217337	
  0.242545	  0.177894	  0.351141	  0.228420	

URL http://cisbp.ccbr.utoronto.ca/TFreport.php?versionNumber=1.02&searchTF=T037490_1.02

MOTIF M0473_1.02 (ATEG_00873)_(Neurospora_crassa)_(DBD_0.89)

letter-probability matrix: alength= 4 w= 10 nsites= 1 E= 0
  0.289992	  0.212694	  0.304860	  0.192453	
  0.226165	  0.376631	  0.131797	  0.265407	
  0.199332	  0.017725	  0.681959	  0.100985	
  0.075701	  0.801743	  0.000218	  0.122338	
  0.645987	  0.007697	  0.129125	  0.217192	
  0.158375	  0.581123	  0.012121	  0.248381	
  0.244520	  0.088173	  0.432376	  0.234932	
  0.170600	  0.075893	  0.538789	  0.214718	
  0.377946	  0.137655	  0.240989	  0.243411	
  0.151477	  0.459636	  0.144089	  0.244798	

URL http://cisbp.ccbr.utoronto.ca/TFreport.php?versionNumber=1.02&searchTF=T037500_1.02

MOTIF M0477_1.02 (ATEG_04506)_(Neurospora_crassa)_(DBD_0.98)

letter-probability matrix: alength= 4 w= 9 nsites= 1 E= 0
  0.150339	  0.311965	  0.076930	  0.460766	
  0.204481	  0.685724	  0.049426	  0.060369	
  0.857399	  0.044876	  0.048130	  0.049596	
  0.038252	  0.042275	  0.857654	  0.061818	
  0.034879	  0.050496	  0.813949	  0.100675	
  0.114329	  0.120191	  0.555064	  0.210415	
  0.264307	  0.126104	  0.511379	  0.098210	
  0.170320	  0.346429	  0.179053	  0.304198	
  0.357377	  0.210354	  0.230164	  0.202106	

URL http://cisbp.ccbr.utoronto.ca/TFreport.php?versionNumber=1.02&searchTF=T037496_1.02

MOTIF M0479_1.02 (ATEG_01517)_(Neurospora_crassa)_(DBD_0.93)

letter-probability matrix: alength= 4 w= 9 nsites= 1 E= 0
  0.177316	  0.043726	  0.778939	  0.000020	
  0.062338	  0.287886	  0.028010	  0.621766	
  0.013525	  0.000169	  0.957675	  0.028632	
  0.009894	  0.002779	  0.917783	  0.069544	
  0.232831	  0.002916	  0.728008	  0.036245	
  0.093156	  0.176668	  0.438900	  0.291276	
  0.228382	  0.384145	  0.165840	  0.221633	
  0.246097	  0.283079	  0.243648	  0.227176	
  0.258103	  0.255535	  0.250475	  0.235888	

URL http://cisbp.ccbr.utoronto.ca/TFreport.php?versionNumber=1.02&searchTF=T037463_1.02

MOTIF M0481_1.02 (ATEG_02521)_(Neurospora_crassa)_(DBD_0.86)

letter-probability matrix: alength= 4 w= 10 nsites= 1 E= 0
  0.414477	  0.104274	  0.295013	  0.186237	
  0.082034	  0.149476	  0.131254	  0.637235	
  0.000453	  0.000134	  0.999386	  0.000028	
  0.320894	  0.627103	  0.051993	  0.000010	
  0.000001	  0.000716	  0.998236	  0.001047	
  0.000006	  0.000761	  0.999233	  0.000000	
  0.002353	  0.987809	  0.000008	  0.009830	
  0.026346	  0.003226	  0.196628	  0.773800	
  0.160037	  0.593124	  0.166568	  0.080271	
  0.572905	  0.134386	  0.142696	  0.150013	

URL http://cisbp.ccbr.utoronto.ca/TFreport.php?versionNumber=1.02&searchTF=T037477_1.02

MOTIF M0482_1.02 (ATEG_02323)_(Neurospora_crassa)_(DBD_0.98)

letter-probability matrix: alength= 4 w= 10 nsites= 1 E= 0
  0.269622	  0.207893	  0.295014	  0.227471	
  0.221481	  0.230520	  0.308073	  0.239927	
  0.001518	  0.000218	  0.979590	  0.018674	
  0.174199	  0.441510	  0.029970	  0.354320	
  0.000399	  0.000217	  0.964849	  0.034535	
  0.001007	  0.065798	  0.885891	  0.047304	
  0.010090	  0.042164	  0.899247	  0.048500	
  0.083781	  0.065904	  0.733778	  0.116537	
  0.158734	  0.261708	  0.229805	  0.349754	
  0.323602	  0.206338	  0.239730	  0.230330	

URL http://cisbp.ccbr.utoronto.ca/TFreport.php?versionNumber=1.02&searchTF=T037457_1.02

MOTIF M0483_1.02 (ATEG_04658)_(Neurospora_crassa)_(DBD_0.80)

letter-probability matrix: alength= 4 w= 10 nsites= 1 E= 0
  0.309407	  0.173236	  0.322034	  0.195323	
  0.212288	  0.170365	  0.398594	  0.218753	
  0.182019	  0.056493	  0.688221	  0.073267	
  0.205430	  0.081868	  0.250913	  0.461789	
  0.005887	  0.032875	  0.927699	  0.033539	
  0.000760	  0.000020	  0.997902	  0.001317	
  0.000226	  0.805566	  0.018021	  0.176187	
  0.115535	  0.065995	  0.310932	  0.507539	
  0.149767	  0.109846	  0.644891	  0.095496	
  0.194711	  0.078376	  0.602759	  0.124153	

URL http://cisbp.ccbr.utoronto.ca/TFreport.php?versionNumber=1.02&searchTF=T037495_1.02

MOTIF M0484_1.02 (ATEG_02928)_(Neurospora_crassa)_(DBD_0.81)

letter-probability matrix: alength= 4 w= 9 nsites= 1 E= 0
  0.263824	  0.057701	  0.599012	  0.079462	
  0.306847	  0.094288	  0.136503	  0.462362	
  0.003417	  0.000402	  0.811461	  0.184719	
  0.000117	  0.000000	  0.999883	  0.000000	
  0.000079	  0.986535	  0.000000	  0.013386	
  0.095950	  0.004322	  0.443116	  0.456611	
  0.156563	  0.315279	  0.296918	  0.231240	
  0.534596	  0.081574	  0.087489	  0.296341	
  0.157278	  0.059028	  0.644202	  0.139493	

URL http://cisbp.ccbr.utoronto.ca/TFreport.php?versionNumber=1.02&searchTF=T037503_1.02

MOTIF M0514_1.02 (ATEG_05308)_(Saccharomyces_cerevisiae)_(DBD_0.70)

letter-probability matrix: alength= 4 w= 9 nsites= 1 E= 0
  0.316777	  0.180946	  0.269939	  0.232339	
  0.350186	  0.106534	  0.283855	  0.259424	
  0.526900	  0.094350	  0.127359	  0.251391	
  0.276288	  0.142800	  0.125392	  0.455521	
  0.635588	  0.166426	  0.088637	  0.109350	
  0.159920	  0.092266	  0.629342	  0.118472	
  0.186191	  0.063230	  0.630665	  0.119914	
  0.306984	  0.046843	  0.564983	  0.081190	
  0.275201	  0.024966	  0.606377	  0.093457	

URL http://cisbp.ccbr.utoronto.ca/TFreport.php?versionNumber=1.02&searchTF=T037473_1.02

MOTIF M0518_1.02 (ATEG_01118)_(Saccharomyces_cerevisiae)_(DBD_0.81)

letter-probability matrix: alength= 4 w= 10 nsites= 1 E= 0
  0.324069	  0.194602	  0.223846	  0.257484	
  0.321670	  0.174779	  0.253034	  0.250517	
  0.219126	  0.223552	  0.192413	  0.364908	
  0.169345	  0.233210	  0.483929	  0.113515	
  0.109153	  0.456116	  0.034218	  0.400513	
  0.028905	  0.000271	  0.938235	  0.032590	
  0.027732	  0.029154	  0.927587	  0.015527	
  0.248758	  0.000277	  0.747309	  0.003656	
  0.127560	  0.001282	  0.779451	  0.091706	
  0.258253	  0.153536	  0.294105	  0.294105	

URL http://cisbp.ccbr.utoronto.ca/TFreport.php?versionNumber=1.02&searchTF=T037461_1.02

MOTIF M0530_1.02 (ATEG_00691)_(Saccharomyces_cerevisiae)_(DBD_0.88)

letter-probability matrix: alength= 4 w= 8 nsites= 1 E= 0
  0.230828	  0.077454	  0.690951	  0.000767	
  0.998239	  0.000587	  0.000587	  0.000587	
  0.998239	  0.000587	  0.000587	  0.000587	
  0.998239	  0.000587	  0.000587	  0.000587	
  0.998239	  0.000587	  0.000587	  0.000587	
  0.880869	  0.000587	  0.000587	  0.117958	
  0.811097	  0.000623	  0.000623	  0.187656	
  0.250000	  0.083887	  0.083887	  0.582226	

URL http://cisbp.ccbr.utoronto.ca/TFreport.php?versionNumber=1.02&searchTF=T037479_1.02

MOTIF M0578_1.02 (ATEG_03075)_(Neurospora_crassa)_(DBD_0.73)

letter-probability matrix: alength= 4 w= 8 nsites= 1 E= 0
  0.231768	  0.294635	  0.169989	  0.303608	
  0.395415	  0.053514	  0.428348	  0.122724	
  0.062550	  0.031374	  0.195579	  0.710497	
  0.048815	  0.896093	  0.001679	  0.053412	
  0.928803	  0.004544	  0.030997	  0.035655	
  0.059153	  0.880185	  0.004954	  0.055708	
  0.447040	  0.156436	  0.268445	  0.128079	
  0.193758	  0.332490	  0.178861	  0.294892	

URL http://cisbp.ccbr.utoronto.ca/TFreport.php?versionNumber=1.02&searchTF=T070934_1.02

MOTIF M0737_1.02 (ATEG_04739)_(Mus_musculus)_(DBD_0.42)

letter-probability matrix: alength= 4 w= 10 nsites= 1 E= 0
  0.329842	  0.082156	  0.060257	  0.527746	
  0.520070	  0.108198	  0.255689	  0.116043	
  0.283345	  0.081996	  0.128595	  0.506065	
  0.209230	  0.033229	  0.701648	  0.055893	
  0.071321	  0.155585	  0.032694	  0.740400	
  0.638753	  0.232646	  0.070072	  0.058529	
  0.729556	  0.133278	  0.066184	  0.070983	
  0.865457	  0.036352	  0.043959	  0.054231	
  0.059316	  0.519509	  0.058726	  0.362449	
  0.777489	  0.053307	  0.067092	  0.102112	

URL http://cisbp.ccbr.utoronto.ca/TFreport.php?versionNumber=1.02&searchTF=T081029_1.02

MOTIF M0747_1.02 (ATEG_09469)_(Mus_musculus)_(DBD_0.45)

letter-probability matrix: alength= 4 w= 10 nsites= 1 E= 0
  0.366283	  0.166235	  0.164581	  0.302901	
  0.345139	  0.171391	  0.195185	  0.288285	
  0.267836	  0.181340	  0.196443	  0.354381	
  0.346821	  0.108724	  0.419393	  0.125062	
  0.146969	  0.100507	  0.031824	  0.720700	
  0.700016	  0.254959	  0.000720	  0.044305	
  0.906192	  0.053477	  0.000316	  0.040015	
  0.934400	  0.000771	  0.023568	  0.041260	
  0.033048	  0.600627	  0.033381	  0.332944	
  0.853101	  0.047889	  0.045553	  0.053457	

URL http://cisbp.ccbr.utoronto.ca/TFreport.php?versionNumber=1.02&searchTF=T081028_1.02

MOTIF M0791_1.02 (ATEG_03152)_(Neurospora_crassa)_(DBD_0.94)

letter-probability matrix: alength= 4 w= 9 nsites= 1 E= 0
  0.238290	  0.282447	  0.248015	  0.231248	
  0.249185	  0.272652	  0.259355	  0.218808	
  0.236587	  0.439798	  0.109543	  0.214073	
  0.059758	  0.068055	  0.757717	  0.114470	
  0.902683	  0.000129	  0.000123	  0.097064	
  0.048477	  0.051992	  0.000705	  0.898826	
  0.141843	  0.359503	  0.271706	  0.226948	
  0.208434	  0.289925	  0.254582	  0.247058	
  0.248381	  0.255945	  0.266390	  0.229284	

URL http://cisbp.ccbr.utoronto.ca/TFreport.php?versionNumber=1.02&searchTF=T084423_1.02

MOTIF M0803_1.02 (ATEG_07264)_(Saccharomyces_cerevisiae)_(DBD_0.71)

letter-probability matrix: alength= 4 w= 10 nsites= 1 E= 0
  0.275281	  0.242608	  0.224974	  0.257137	
  0.241344	  0.282465	  0.204031	  0.272159	
  0.196189	  0.245027	  0.396334	  0.162450	
  0.410715	  0.155415	  0.184636	  0.249234	
  0.106170	  0.067699	  0.065591	  0.760540	
  0.760540	  0.065591	  0.067699	  0.106170	
  0.249234	  0.184636	  0.155415	  0.410715	
  0.162450	  0.396334	  0.245027	  0.196189	
  0.272159	  0.204031	  0.282465	  0.241344	
  0.257137	  0.224974	  0.242608	  0.275281	

URL http://cisbp.ccbr.utoronto.ca/TFreport.php?versionNumber=1.02&searchTF=T084418_1.02

MOTIF M0867_1.02 ATEG_00670

letter-probability matrix: alength= 4 w= 9 nsites= 1 E= 0
  0.329463	  0.203866	  0.232169	  0.234502	
  0.261058	  0.215885	  0.277201	  0.245856	
  0.226529	  0.196935	  0.129395	  0.447141	
  0.148577	  0.107889	  0.464565	  0.278969	
  0.886026	  0.009270	  0.054968	  0.049737	
  0.091297	  0.709186	  0.024634	  0.174883	
  0.389316	  0.104000	  0.331753	  0.174931	
  0.246713	  0.304365	  0.192140	  0.256782	
  0.212575	  0.232594	  0.340119	  0.214712	

URL http://cisbp.ccbr.utoronto.ca/TFreport.php?versionNumber=1.02&searchTF=T090521_1.02

MOTIF M0868_1.02 ATEG_04171

letter-probability matrix: alength= 4 w= 10 nsites= 1 E= 0
  0.120334	  0.181321	  0.137039	  0.561307	
  0.393227	  0.030398	  0.023912	  0.552463	
  0.666060	  0.048491	  0.068127	  0.217322	
  0.968998	  0.000057	  0.030455	  0.000490	
  0.058899	  0.026731	  0.182332	  0.732037	
  0.088383	  0.034181	  0.190886	  0.686549	
  0.445525	  0.049366	  0.450003	  0.055106	
  0.363920	  0.205806	  0.277809	  0.152465	
  0.269688	  0.199790	  0.173689	  0.356833	
  0.294363	  0.220261	  0.205370	  0.280006	

URL http://cisbp.ccbr.utoronto.ca/TFreport.php?versionNumber=1.02&searchTF=T090522_1.02

MOTIF M1114_1.02 (ATEG_00707)_(Neurospora_crassa)_(DBD_0.89)

letter-probability matrix: alength= 4 w= 8 nsites= 1 E= 0
  0.209810	  0.248689	  0.243765	  0.297735	
  0.169404	  0.268348	  0.296570	  0.265678	
  0.128561	  0.266774	  0.173539	  0.431126	
  0.418284	  0.236550	  0.131126	  0.214040	
  0.620568	  0.129106	  0.226022	  0.024304	
  0.203970	  0.136725	  0.099283	  0.560021	
  0.279320	  0.235653	  0.176330	  0.308697	
  0.292088	  0.158706	  0.150966	  0.398240	

URL http://cisbp.ccbr.utoronto.ca/TFreport.php?versionNumber=1.02&searchTF=T090519_1.02

MOTIF M1214_1.02 (ATEG_02727)_(Phaeosphaeria_nodorum)_(DBD_0.91)

letter-probability matrix: alength= 4 w= 9 nsites= 1 E= 0
  0.183057	  0.192443	  0.244642	  0.379858	
  0.089850	  0.307399	  0.064596	  0.538155	
  0.688220	  0.122011	  0.079369	  0.110400	
  0.818578	  0.107508	  0.072789	  0.001125	
  0.000245	  0.070414	  0.000078	  0.929263	
  0.397696	  0.161691	  0.077145	  0.363467	
  0.315946	  0.109461	  0.074111	  0.500481	
  0.450724	  0.183251	  0.232957	  0.133067	
  0.247417	  0.223872	  0.204604	  0.324107	

URL http://cisbp.ccbr.utoronto.ca/TFreport.php?versionNumber=1.02&searchTF=T090516_1.02

MOTIF M1248_1.02 (ATEG_09811)_(Aspergillus_nidulans)_(DBD_1.00)

letter-probability matrix: alength= 4 w= 10 nsites= 1 E= 0
  0.354631	  0.215094	  0.219440	  0.210835	
  0.330282	  0.212714	  0.202340	  0.254665	
  0.214610	  0.210361	  0.307608	  0.267421	
  0.286586	  0.236995	  0.241782	  0.234637	
  0.124300	  0.022037	  0.071001	  0.782662	
  0.089295	  0.000287	  0.037410	  0.873008	
  0.077635	  0.814050	  0.043468	  0.064846	
  0.032211	  0.433685	  0.153288	  0.380816	
  0.614435	  0.084835	  0.185064	  0.115666	
  0.161120	  0.302520	  0.140071	  0.396290	

URL http://cisbp.ccbr.utoronto.ca/TFreport.php?versionNumber=1.02&searchTF=T105814_1.02

MOTIF M1297_1.02 (ATEG_07240)_(Dictyostelium_discoideum)_(DBD_0.88)

letter-probability matrix: alength= 4 w= 10 nsites= 1 E= 0
  0.233777	  0.598464	  0.083460	  0.084299	
  0.030948	  0.562453	  0.044359	  0.362240	
  0.506429	  0.042836	  0.155615	  0.295120	
  0.524310	  0.062308	  0.043907	  0.369475	
  0.657133	  0.044163	  0.042009	  0.256695	
  0.290800	  0.112464	  0.066862	  0.529873	
  0.281986	  0.340992	  0.131875	  0.245147	
  0.228299	  0.247314	  0.296088	  0.228299	
  0.301159	  0.033037	  0.594451	  0.071353	
  0.207356	  0.056511	  0.520315	  0.215818	

URL http://cisbp.ccbr.utoronto.ca/TFreport.php?versionNumber=1.02&searchTF=T111350_1.02

MOTIF M1299_1.02 (ATEG_01619)_(Saccharomyces_cerevisiae)_(DBD_0.73)

letter-probability matrix: alength= 4 w= 8 nsites= 1 E= 0
  0.009615	  0.009615	  0.009615	  0.971154	
  0.009615	  0.009615	  0.009615	  0.971154	
  0.971154	  0.009615	  0.009615	  0.009615	
  0.971154	  0.009615	  0.009615	  0.009615	
  0.009615	  0.009615	  0.009615	  0.971154	
  0.971154	  0.009615	  0.009615	  0.009615	
  0.971154	  0.009615	  0.009615	  0.009615	
  0.971154	  0.009615	  0.009615	  0.009615	

URL http://cisbp.ccbr.utoronto.ca/TFreport.php?versionNumber=1.02&searchTF=T111351_1.02

MOTIF M1535_1.02 (ATEG_09416)_(Pediculus_humanus)_(DBD_0.36)

letter-probability matrix: alength= 4 w= 10 nsites= 1 E= 0
  0.086987	  0.605320	  0.156923	  0.150770	
  0.270498	  0.273216	  0.169062	  0.287224	
  0.105470	  0.121319	  0.075070	  0.698142	
  0.471756	  0.088807	  0.414247	  0.025190	
  0.198660	  0.056917	  0.707398	  0.037025	
  0.171687	  0.536824	  0.035363	  0.256126	
  0.565485	  0.022594	  0.205960	  0.205960	
  0.898645	  0.039287	  0.042559	  0.019509	
  0.006153	  0.941002	  0.000547	  0.052297	
  0.205341	  0.328545	  0.335182	  0.130931	

URL http://cisbp.ccbr.utoronto.ca/TFreport.php?versionNumber=1.02&searchTF=T138663_1.02

MOTIF M1641_1.02 (ATEG_04542)_(Mus_musculus)_(DBD_0.82)

letter-probability matrix: alength= 4 w= 7 nsites= 1 E= 0
  0.486500	  0.104296	  0.119969	  0.289234	
  0.014489	  0.191210	  0.078521	  0.715780	
  0.639678	  0.069475	  0.000533	  0.290314	
  0.371463	  0.095340	  0.000769	  0.532428	
  0.515031	  0.123251	  0.123251	  0.238466	
  0.400342	  0.112429	  0.110202	  0.377028	
  0.323600	  0.170632	  0.188577	  0.317192	

URL http://cisbp.ccbr.utoronto.ca/TFreport.php?versionNumber=1.02&searchTF=T150483_1.02

MOTIF M1708_1.02 (ATEG_03850)_(Histoplasma_capsulatum)_(DBD_0.85)

letter-probability matrix: alength= 4 w= 12 nsites= 1 E= 0
  0.224602	  0.224602	  0.224602	  0.326193	
  0.287592	  0.305197	  0.203606	  0.203606	
  0.069397	  0.609890	  0.170988	  0.149726	
  0.044332	  0.398536	  0.145923	  0.411208	
  0.000092	  0.999724	  0.000092	  0.000092	
  0.000092	  0.999724	  0.000092	  0.000092	
  0.000092	  0.000092	  0.999724	  0.000092	
  0.907595	  0.000092	  0.092221	  0.000092	
  0.117619	  0.097900	  0.025490	  0.758992	
  0.046486	  0.575977	  0.138615	  0.238921	
  0.180695	  0.180695	  0.457914	  0.180695	
  0.205760	  0.205760	  0.382721	  0.205760	

URL http://cisbp.ccbr.utoronto.ca/TFreport.php?versionNumber=1.02&searchTF=T161494_1.02

MOTIF M1709_1.02 (ATEG_07219)_(Histoplasma_capsulatum)_(DBD_0.93)

letter-probability matrix: alength= 4 w= 10 nsites= 1 E= 0
  0.210977	  0.265536	  0.252586	  0.270900	
  0.223875	  0.237718	  0.223875	  0.314532	
  0.351108	  0.077563	  0.183294	  0.388034	
  0.160399	  0.356975	  0.210117	  0.272508	
  0.001886	  0.996570	  0.000001	  0.001544	
  0.000100	  0.999832	  0.000051	  0.000017	
  0.018155	  0.000186	  0.981346	  0.000313	
  0.205945	  0.342958	  0.170308	  0.280790	
  0.272412	  0.232134	  0.246488	  0.248966	
  0.269485	  0.264149	  0.239012	  0.227355	

URL http://cisbp.ccbr.utoronto.ca/TFreport.php?versionNumber=1.02&searchTF=T161347_1.02

MOTIF M1715_1.02 (ATEG_04743)_(Neurospora_crassa)_(DBD_0.89)

letter-probability matrix: alength= 4 w= 9 nsites= 1 E= 0
  0.232123	  0.244024	  0.251455	  0.272398	
  0.240702	  0.224429	  0.260750	  0.274119	
  0.296875	  0.132067	  0.158113	  0.412944	
  0.126994	  0.213607	  0.359293	  0.300107	
  0.006839	  0.955939	  0.036332	  0.000889	
  0.000703	  0.932905	  0.065911	  0.000481	
  0.060896	  0.001521	  0.906110	  0.031474	
  0.310414	  0.177311	  0.275312	  0.236963	
  0.237898	  0.221815	  0.287678	  0.252609	

URL http://cisbp.ccbr.utoronto.ca/TFreport.php?versionNumber=1.02&searchTF=T161454_1.02

MOTIF M1718_1.02 (ATEG_06183)_(Neurospora_crassa)_(DBD_0.85)

letter-probability matrix: alength= 4 w= 10 nsites= 1 E= 0
  0.259404	  0.225515	  0.225515	  0.289567	
  0.287950	  0.207014	  0.183605	  0.321432	
  0.292654	  0.188480	  0.234861	  0.284005	
  0.315695	  0.158345	  0.183971	  0.341989	
  0.230782	  0.217343	  0.351242	  0.200633	
  0.038458	  0.897466	  0.043797	  0.020279	
  0.000328	  0.858858	  0.140556	  0.000258	
  0.000636	  0.000140	  0.999054	  0.000170	
  0.384504	  0.230893	  0.204784	  0.179820	
  0.250394	  0.215516	  0.312010	  0.222080	

URL http://cisbp.ccbr.utoronto.ca/TFreport.php?versionNumber=1.02&searchTF=T161366_1.02

MOTIF M1720_1.02 (ATEG_02328)_(Neurospora_crassa)_(DBD_0.85)

letter-probability matrix: alength= 4 w= 7 nsites= 1 E= 0
  0.203955	  0.184546	  0.423224	  0.188275	
  0.000292	  0.992488	  0.000533	  0.006687	
  0.090292	  0.000060	  0.909640	  0.000009	
  0.131709	  0.572835	  0.217152	  0.078304	
  0.243083	  0.240664	  0.255546	  0.260708	
  0.296444	  0.204764	  0.219611	  0.279181	
  0.290956	  0.217712	  0.235845	  0.255487	

URL http://cisbp.ccbr.utoronto.ca/TFreport.php?versionNumber=1.02&searchTF=T161331_1.02

MOTIF M1722_1.02 (ATEG_06908)_(Neurospora_crassa)_(DBD_0.85)

letter-probability matrix: alength= 4 w= 9 nsites= 1 E= 0
  0.253258	  0.248243	  0.271621	  0.226877	
  0.203860	  0.223058	  0.277947	  0.295135	
  0.344665	  0.129357	  0.125534	  0.400444	
  0.105804	  0.210942	  0.179753	  0.503501	
  0.006588	  0.987517	  0.000393	  0.005502	
  0.000099	  0.978024	  0.021661	  0.000216	
  0.015357	  0.000607	  0.983943	  0.000093	
  0.304515	  0.127577	  0.375673	  0.192235	
  0.256613	  0.212209	  0.310309	  0.220869	

URL http://cisbp.ccbr.utoronto.ca/TFreport.php?versionNumber=1.02&searchTF=T161354_1.02

MOTIF M1727_1.02 (ATEG_04481)_(Neurospora_crassa)_(DBD_0.80)

letter-probability matrix: alength= 4 w= 12 nsites= 1 E= 0
  0.303559	  0.201096	  0.201096	  0.294249	
  0.520095	  0.129389	  0.129389	  0.221126	
  0.157017	  0.054555	  0.155358	  0.633069	
  0.436663	  0.028586	  0.028586	  0.506165	
  0.808682	  0.000214	  0.000214	  0.190890	
  0.810023	  0.000214	  0.000214	  0.189549	
  0.099154	  0.000214	  0.000214	  0.900419	
  0.700020	  0.000214	  0.000214	  0.299552	
  0.049118	  0.049118	  0.049118	  0.852647	
  0.335250	  0.221628	  0.120824	  0.322297	
  0.195659	  0.195659	  0.195659	  0.413023	
  0.221627	  0.221627	  0.221627	  0.335118	

URL http://cisbp.ccbr.utoronto.ca/TFreport.php?versionNumber=1.02&searchTF=T161498_1.02

MOTIF M1728_1.02 (ATEG_01777)_(Neurospora_crassa)_(DBD_0.77)

letter-probability matrix: alength= 4 w= 10 nsites= 1 E= 0
  0.150730	  0.367047	  0.207575	  0.274648	
  0.208723	  0.293245	  0.262698	  0.235334	
  0.024532	  0.906857	  0.064714	  0.003896	
  0.000035	  0.812722	  0.177752	  0.009491	
  0.014689	  0.054988	  0.895261	  0.035062	
  0.435467	  0.123522	  0.241391	  0.199621	
  0.151198	  0.329835	  0.202065	  0.316902	
  0.214561	  0.304477	  0.262066	  0.218896	
  0.219457	  0.281788	  0.230709	  0.268046	
  0.219535	  0.287583	  0.237819	  0.255063	

URL http://cisbp.ccbr.utoronto.ca/TFreport.php?versionNumber=1.02&searchTF=T161369_1.02

MOTIF M1735_1.02 (ATEG_06774)_(Neurospora_crassa)_(DBD_0.90)

letter-probability matrix: alength= 4 w= 10 nsites= 1 E= 0
  0.274890	  0.238978	  0.205690	  0.280443	
  0.281944	  0.226265	  0.226265	  0.265525	
  0.265719	  0.215387	  0.213244	  0.305649	
  0.266965	  0.168531	  0.106391	  0.458114	
  0.095408	  0.419122	  0.090755	  0.394715	
  0.107235	  0.716960	  0.074815	  0.100990	
  0.000913	  0.942656	  0.056188	  0.000244	
  0.004346	  0.000048	  0.952688	  0.042918	
  0.476776	  0.152482	  0.190004	  0.180738	
  0.263307	  0.215577	  0.235879	  0.285237	

URL http://cisbp.ccbr.utoronto.ca/TFreport.php?versionNumber=1.02&searchTF=T161504_1.02

MOTIF M1747_1.02 (ATEG_03051)_(Neurospora_crassa)_(DBD_0.95)

letter-probability matrix: alength= 4 w= 11 nsites= 1 E= 0
  0.638147	  0.120618	  0.120618	  0.120618	
  0.653853	  0.047071	  0.047071	  0.252005	
  0.141783	  0.558929	  0.138039	  0.161249	
  0.000193	  0.000193	  0.000193	  0.999421	
  0.100582	  0.000193	  0.899032	  0.000193	
  0.000193	  0.999421	  0.000193	  0.000193	
  0.000193	  0.999421	  0.000193	  0.000193	
  0.000193	  0.000193	  0.999421	  0.000193	
  0.328086	  0.129575	  0.412763	  0.129575	
  0.296955	  0.296800	  0.203122	  0.203122	
  0.203122	  0.203122	  0.296800	  0.296955	

URL http://cisbp.ccbr.utoronto.ca/TFreport.php?versionNumber=1.02&searchTF=T161484_1.02

MOTIF M1753_1.02 (ATEG_00829)_(Neurospora_crassa)_(DBD_0.78)

letter-probability matrix: alength= 4 w= 9 nsites= 1 E= 0
  0.234931	  0.278465	  0.242086	  0.244519	
  0.352195	  0.093148	  0.124485	  0.430172	
  0.209400	  0.152055	  0.338406	  0.300139	
  0.060892	  0.933646	  0.002827	  0.002636	
  0.024420	  0.958514	  0.016867	  0.000199	
  0.032543	  0.001959	  0.965426	  0.000072	
  0.496476	  0.095348	  0.316567	  0.091609	
  0.273564	  0.192777	  0.340882	  0.192777	
  0.319529	  0.264238	  0.218514	  0.197719	

URL http://cisbp.ccbr.utoronto.ca/TFreport.php?versionNumber=1.02&searchTF=T161495_1.02

MOTIF M1754_1.02 (ATEG_02432)_(Neurospora_crassa)_(DBD_0.95)

letter-probability matrix: alength= 4 w= 9 nsites= 1 E= 0
  0.302925	  0.226668	  0.199036	  0.271371	
  0.286863	  0.214649	  0.141035	  0.357453	
  0.277806	  0.146485	  0.157106	  0.418603	
  0.126365	  0.251936	  0.143908	  0.477791	
  0.567564	  0.002463	  0.109001	  0.320972	
  0.227816	  0.234754	  0.264685	  0.272745	
  0.162122	  0.512012	  0.146694	  0.179172	
  0.179260	  0.554928	  0.127592	  0.138219	
  0.229591	  0.133794	  0.422546	  0.214069	

URL http://cisbp.ccbr.utoronto.ca/TFreport.php?versionNumber=1.02&searchTF=T161417_1.02

MOTIF M2085_1.02 (ATEG_00558)_(Saccharomyces_cerevisiae)_(DBD_0.75)

letter-probability matrix: alength= 4 w= 6 nsites= 1 E= 0
  0.220000	  0.280000	  0.180000	  0.320000	
  0.000000	  0.210000	  0.130000	  0.660000	
  0.000000	  1.000000	  0.000000	  0.000000	
  0.000000	  1.000000	  0.000000	  0.000000	
  0.000000	  0.000000	  1.000000	  0.000000	
  0.000000	  0.000000	  1.000000	  0.000000	

URL http://cisbp.ccbr.utoronto.ca/TFreport.php?versionNumber=1.02&searchTF=T161462_1.02

MOTIF M2118_1.02 (ATEG_07814)_(Saccharomyces_cerevisiae)_(DBD_0.76)

letter-probability matrix: alength= 4 w= 5 nsites= 1 E= 0
  0.000000	  0.000000	  0.000000	  1.000000	
  0.000000	  0.000000	  0.010160	  0.989840	
  0.005578	  0.000000	  0.994422	  0.000000	
  0.000000	  0.000000	  0.998223	  0.001777	
  0.158006	  0.378979	  0.030665	  0.432350	

URL http://cisbp.ccbr.utoronto.ca/TFreport.php?versionNumber=1.02&searchTF=T070462_1.02

