MEME version 4

ALPHABET= ACGT

strands: + -

Background letter frequencies (from uniform background):
A 0.25000 C 0.25000 G 0.25000 T 0.25000 

MOTIF M6522_1.02 (GAG_AVIER)_(Homo_sapiens)_(DBD_0.94)

letter-probability matrix: alength= 4 w= 17 nsites= 1 E= 0
  0.250770	  0.449538	  0.172188	  0.127504	
  0.044684	  0.080123	  0.135593	  0.739599	
  0.061633	  0.206471	  0.688752	  0.043143	
  0.597843	  0.092450	  0.029276	  0.280431	
  0.092450	  0.782743	  0.124807	  0.000000	
  0.060092	  0.847458	  0.078582	  0.013867	
  0.050847	  0.106317	  0.000000	  0.842835	
  0.058552	  0.271186	  0.448382	  0.221880	
  0.571649	  0.109399	  0.220339	  0.098613	
  0.425270	  0.146379	  0.240370	  0.187982	
  0.298921	  0.203390	  0.349769	  0.147920	
  0.158706	  0.180277	  0.073960	  0.587057	
  0.063174	  0.255778	  0.545455	  0.135593	
  0.573190	  0.120185	  0.124807	  0.181818	
  0.178737	  0.645609	  0.070878	  0.104777	
  0.121726	  0.702619	  0.077042	  0.098613	
  0.113636	  0.423344	  0.070493	  0.392527	

URL http://cisbp.ccbr.utoronto.ca/TFreport.php?versionNumber=1.02&searchTF=T134801_1.02

