MEME version 4

ALPHABET= ACGT

strands: + -

Background letter frequencies (from uniform background):
A 0.25000 C 0.25000 G 0.25000 T 0.25000 

MOTIF M0104_1.02 (CBN20917)_(Mus_musculus)_(DBD_0.74)

letter-probability matrix: alength= 4 w= 11 nsites= 1 E= 0
  0.467943	  0.177352	  0.177352	  0.177352	
  0.273411	  0.080067	  0.080067	  0.566454	
  0.609177	  0.119174	  0.033749	  0.237901	
  0.104443	  0.000141	  0.000141	  0.895276	
  0.000141	  0.000141	  0.000141	  0.999578	
  0.999578	  0.000141	  0.000141	  0.000141	
  0.910941	  0.000141	  0.000141	  0.088778	
  0.088778	  0.000141	  0.000141	  0.910941	
  0.261793	  0.167866	  0.072788	  0.497552	
  0.489780	  0.170073	  0.170073	  0.170073	
  0.350824	  0.216392	  0.216392	  0.216392	

URL http://cisbp.ccbr.utoronto.ca/TFreport.php?versionNumber=1.02&searchTF=T007221_1.02

MOTIF M0128_1.02 (CBN03168)_(Meleagris_gallopavo)_(DBD_0.46)

letter-probability matrix: alength= 4 w= 10 nsites= 1 E= 0
  0.314753	  0.173580	  0.119888	  0.391779	
  0.398793	  0.102590	  0.146381	  0.352236	
  0.377309	  0.146069	  0.181421	  0.295201	
  0.269905	  0.272333	  0.062123	  0.395639	
  0.323522	  0.171271	  0.193764	  0.311444	
  0.311444	  0.193764	  0.171271	  0.323522	
  0.395639	  0.062123	  0.272333	  0.269905	
  0.295201	  0.181421	  0.146069	  0.377309	
  0.352236	  0.146381	  0.102590	  0.398793	
  0.391779	  0.119888	  0.173580	  0.314753	

URL http://cisbp.ccbr.utoronto.ca/TFreport.php?versionNumber=1.02&searchTF=T008645_1.02

MOTIF M0135_1.02 (CBN01033)_(Drosophila_melanogaster)_(DBD_0.54)

letter-probability matrix: alength= 4 w= 9 nsites= 1 E= 0
  0.353239	  0.184407	  0.205850	  0.256504	
  0.291909	  0.209860	  0.178831	  0.319399	
  0.479754	  0.153435	  0.207115	  0.159696	
  0.353839	  0.157408	  0.196143	  0.292610	
  0.432302	  0.070748	  0.192313	  0.304638	
  0.389749	  0.100033	  0.061899	  0.448318	
  0.862322	  0.000496	  0.084743	  0.052438	
  0.519591	  0.033887	  0.087623	  0.358899	
  0.365816	  0.092956	  0.080812	  0.460416	

URL http://cisbp.ccbr.utoronto.ca/TFreport.php?versionNumber=1.02&searchTF=T008644_1.02

MOTIF M0136_1.02 (CBN21907)_(Vitis_vinifera)_(DBD_0.48)

letter-probability matrix: alength= 4 w= 10 nsites= 1 E= 0
  0.433147	  0.079924	  0.290347	  0.196582	
  0.089120	  0.487838	  0.149902	  0.273140	
  0.379963	  0.149916	  0.267756	  0.202365	
  0.308475	  0.121710	  0.388246	  0.181570	
  0.315975	  0.088736	  0.349207	  0.246082	
  0.439824	  0.013962	  0.186117	  0.360097	
  0.418576	  0.082011	  0.186207	  0.313205	
  0.400654	  0.094926	  0.189255	  0.315165	
  0.341668	  0.121978	  0.248102	  0.288253	
  0.338234	  0.151978	  0.238349	  0.271439	

URL http://cisbp.ccbr.utoronto.ca/TFreport.php?versionNumber=1.02&searchTF=T008650_1.02

MOTIF M0142_1.02 (CBN10671)_(Saccharomyces_cerevisiae)_(DBD_0.60)

letter-probability matrix: alength= 4 w= 7 nsites= 1 E= 0
  0.282959	  0.248465	  0.245993	  0.222583	
  0.316659	  0.184532	  0.236944	  0.261864	
  0.377778	  0.112652	  0.209413	  0.300157	
  0.616393	  0.068985	  0.111484	  0.203138	
  0.675764	  0.042770	  0.063171	  0.218294	
  0.326032	  0.133887	  0.082023	  0.458058	
  0.321153	  0.137266	  0.112384	  0.429198	

URL http://cisbp.ccbr.utoronto.ca/TFreport.php?versionNumber=1.02&searchTF=T008648_1.02

MOTIF M0172_1.02 (CBN09862)_(Caenorhabditis_elegans)_(DBD_0.62)

letter-probability matrix: alength= 4 w= 8 nsites= 1 E= 0
  0.711648	  0.143466	  0.143466	  0.001420	
  0.767638	  0.230828	  0.000767	  0.000767	
  0.000767	  0.997699	  0.000767	  0.000767	
  0.997699	  0.000767	  0.000767	  0.000767	
  0.000767	  0.000767	  0.384202	  0.614264	
  0.230828	  0.767638	  0.000767	  0.000767	
  0.000767	  0.000767	  0.000767	  0.997699	
  0.000767	  0.000767	  0.997699	  0.000767	

URL http://cisbp.ccbr.utoronto.ca/TFreport.php?versionNumber=1.02&searchTF=T012933_1.02

MOTIF M0176_1.02 (CBN22234)_(Mus_musculus)_(DBD_0.63)

letter-probability matrix: alength= 4 w= 9 nsites= 1 E= 0
  0.273464	  0.424609	  0.181484	  0.120442	
  0.097576	  0.829341	  0.039277	  0.033806	
  0.662486	  0.056036	  0.199537	  0.081941	
  0.043290	  0.208081	  0.467748	  0.280880	
  0.299713	  0.470043	  0.215471	  0.014773	
  0.004397	  0.072302	  0.015656	  0.907645	
  0.000715	  0.000171	  0.997439	  0.001674	
  0.378736	  0.082010	  0.275019	  0.264235	
  0.118253	  0.228795	  0.178185	  0.474767	

URL http://cisbp.ccbr.utoronto.ca/TFreport.php?versionNumber=1.02&searchTF=T012960_1.02

MOTIF M0177_1.02 (CBN03169)_(Mus_musculus)_(DBD_0.60)

letter-probability matrix: alength= 4 w= 10 nsites= 1 E= 0
  0.301828	  0.199871	  0.298430	  0.199871	
  0.282456	  0.579511	  0.069016	  0.069016	
  0.000139	  0.999582	  0.000139	  0.000139	
  0.999582	  0.000139	  0.000139	  0.000139	
  0.000139	  0.217001	  0.000139	  0.782721	
  0.789108	  0.000139	  0.210614	  0.000139	
  0.000139	  0.000139	  0.000139	  0.999582	
  0.000139	  0.000139	  0.999582	  0.000139	
  0.050268	  0.050268	  0.154736	  0.744728	
  0.181123	  0.181123	  0.272271	  0.365483	

URL http://cisbp.ccbr.utoronto.ca/TFreport.php?versionNumber=1.02&searchTF=T012919_1.02

MOTIF M0202_1.02 (CBN07317)_(Mus_musculus)_(DBD_0.68)

letter-probability matrix: alength= 4 w= 10 nsites= 1 E= 0
  0.280968	  0.204025	  0.289525	  0.225482	
  0.388583	  0.108041	  0.408506	  0.094870	
  0.108488	  0.142115	  0.143543	  0.605853	
  0.026996	  0.958819	  0.011424	  0.002761	
  0.775226	  0.088513	  0.037456	  0.098806	
  0.016809	  0.659789	  0.094814	  0.228588	
  0.191760	  0.069148	  0.710696	  0.028396	
  0.251525	  0.190098	  0.135306	  0.423071	
  0.053920	  0.058411	  0.786428	  0.101241	
  0.240583	  0.217689	  0.315155	  0.226573	

URL http://cisbp.ccbr.utoronto.ca/TFreport.php?versionNumber=1.02&searchTF=T012927_1.02

MOTIF M0210_1.02 (CBN11281)_(Mus_musculus)_(DBD_0.75)

letter-probability matrix: alength= 4 w= 9 nsites= 1 E= 0
  0.597222	  0.001984	  0.398810	  0.001984	
  0.886062	  0.001106	  0.001106	  0.111726	
  0.000996	  0.997012	  0.000996	  0.000996	
  0.997012	  0.000996	  0.000996	  0.000996	
  0.001106	  0.001106	  0.775442	  0.222345	
  0.222345	  0.554204	  0.001106	  0.222345	
  0.001106	  0.001106	  0.001106	  0.996681	
  0.001106	  0.001106	  0.996681	  0.001106	
  0.398810	  0.200397	  0.001984	  0.398810	

URL http://cisbp.ccbr.utoronto.ca/TFreport.php?versionNumber=1.02&searchTF=T012937_1.02

MOTIF M0213_1.02 (CBN19146)_(Mus_musculus)_(DBD_0.73)

letter-probability matrix: alength= 4 w= 11 nsites= 1 E= 0
  0.201784	  0.295980	  0.300452	  0.201784	
  0.274925	  0.079923	  0.079923	  0.565228	
  0.731885	  0.120705	  0.024371	  0.123039	
  0.189822	  0.517890	  0.000302	  0.291985	
  0.195173	  0.614669	  0.000302	  0.189856	
  0.809704	  0.000302	  0.000302	  0.189691	
  0.000302	  0.194479	  0.093488	  0.711731	
  0.905907	  0.000302	  0.000302	  0.093488	
  0.243671	  0.144721	  0.237061	  0.374546	
  0.170379	  0.170379	  0.392660	  0.266582	
  0.225931	  0.225931	  0.322206	  0.225931	

URL http://cisbp.ccbr.utoronto.ca/TFreport.php?versionNumber=1.02&searchTF=T012948_1.02

MOTIF M0216_1.02 (CBN13062)_(Mus_musculus)_(DBD_0.77)

letter-probability matrix: alength= 4 w= 10 nsites= 1 E= 0
  0.282767	  0.305521	  0.171954	  0.239759	
  0.037628	  0.037628	  0.674128	  0.250617	
  0.000178	  0.862732	  0.000178	  0.136912	
  0.930537	  0.000178	  0.069106	  0.000178	
  0.071132	  0.077413	  0.714543	  0.136912	
  0.145218	  0.714543	  0.069106	  0.071132	
  0.000178	  0.067984	  0.000178	  0.931660	
  0.077413	  0.000178	  0.922231	  0.000178	
  0.152455	  0.301874	  0.078225	  0.467447	
  0.281479	  0.212551	  0.293420	  0.212551	

URL http://cisbp.ccbr.utoronto.ca/TFreport.php?versionNumber=1.02&searchTF=T012940_1.02

MOTIF M0217_1.02 (CBN05278)_(Mus_musculus)_(DBD_0.64)

letter-probability matrix: alength= 4 w= 10 nsites= 1 E= 0
  0.424799	  0.113479	  0.235478	  0.226244	
  0.169637	  0.592091	  0.171342	  0.066931	
  0.271365	  0.687777	  0.026936	  0.013922	
  0.665113	  0.034812	  0.186785	  0.113291	
  0.001368	  0.064301	  0.143105	  0.791225	
  0.793894	  0.140745	  0.056090	  0.009272	
  0.075714	  0.150952	  0.010559	  0.762775	
  0.011683	  0.000903	  0.869711	  0.117703	
  0.038634	  0.150525	  0.421629	  0.389213	
  0.091763	  0.270213	  0.234912	  0.403111	

URL http://cisbp.ccbr.utoronto.ca/TFreport.php?versionNumber=1.02&searchTF=T012922_1.02

MOTIF M0220_1.02 (CBN20344)_(Mus_musculus)_(DBD_0.63)

letter-probability matrix: alength= 4 w= 10 nsites= 1 E= 0
  0.250929	  0.229332	  0.261169	  0.258571	
  0.245912	  0.124583	  0.558342	  0.071163	
  0.061688	  0.043908	  0.142892	  0.751513	
  0.002732	  0.997148	  0.000037	  0.000083	
  0.953025	  0.016113	  0.010172	  0.020690	
  0.001939	  0.965026	  0.009414	  0.023621	
  0.048059	  0.002671	  0.946167	  0.003103	
  0.054023	  0.057940	  0.051388	  0.836649	
  0.009432	  0.004113	  0.938317	  0.048139	
  0.255140	  0.330899	  0.145739	  0.268222	

URL http://cisbp.ccbr.utoronto.ca/TFreport.php?versionNumber=1.02&searchTF=T012951_1.02

MOTIF M0224_1.02 (CBN14646)_(Mus_musculus)_(DBD_0.62)

letter-probability matrix: alength= 4 w= 10 nsites= 1 E= 0
  0.294121	  0.202526	  0.300826	  0.202526	
  0.303479	  0.500296	  0.098113	  0.098113	
  0.000011	  0.999968	  0.000011	  0.000011	
  0.999968	  0.000011	  0.000011	  0.000011	
  0.000011	  0.000011	  0.087923	  0.912055	
  0.912055	  0.087923	  0.000011	  0.000011	
  0.000011	  0.000011	  0.000011	  0.999968	
  0.000011	  0.000011	  0.999968	  0.000011	
  0.047484	  0.118649	  0.168178	  0.665688	
  0.151898	  0.243456	  0.221525	  0.383121	

URL http://cisbp.ccbr.utoronto.ca/TFreport.php?versionNumber=1.02&searchTF=T012945_1.02

MOTIF M0227_1.02 (CBN05688)_(Caenorhabditis_elegans)_(DBD_0.90)

letter-probability matrix: alength= 4 w= 8 nsites= 1 E= 0
  0.083333	  0.666667	  0.250000	  0.000000	
  0.000000	  1.000000	  0.000000	  0.000000	
  1.000000	  0.000000	  0.000000	  0.000000	
  0.000000	  1.000000	  0.000000	  0.000000	
  0.000000	  0.000000	  1.000000	  0.000000	
  0.000000	  0.000000	  0.000000	  1.000000	
  0.000000	  0.000000	  1.000000	  0.000000	
  0.090909	  0.181818	  0.090909	  0.636364	

URL http://cisbp.ccbr.utoronto.ca/TFreport.php?versionNumber=1.02&searchTF=T012923_1.02

MOTIF M0239_1.02 (CBN10295)_(Caenorhabditis_elegans)_(DBD_0.86)

letter-probability matrix: alength= 4 w= 8 nsites= 1 E= 0
  0.083333	  0.333333	  0.583333	  0.000000	
  0.000000	  1.000000	  0.000000	  0.000000	
  1.000000	  0.000000	  0.000000	  0.000000	
  0.000000	  1.000000	  0.000000	  0.000000	
  0.000000	  0.000000	  1.000000	  0.000000	
  0.000000	  0.055556	  0.000000	  0.944444	
  0.000000	  0.000000	  1.000000	  0.000000	
  0.000000	  0.083333	  0.250000	  0.666667	

URL http://cisbp.ccbr.utoronto.ca/TFreport.php?versionNumber=1.02&searchTF=T012934_1.02

MOTIF M0249_1.02 (CBN21713)_(Caenorhabditis_elegans)_(DBD_0.65)

letter-probability matrix: alength= 4 w= 8 nsites= 1 E= 0
  0.000000	  1.000000	  0.000000	  0.000000	
  1.000000	  0.000000	  0.000000	  0.000000	
  0.000000	  0.000000	  0.000000	  1.000000	
  1.000000	  0.000000	  0.000000	  0.000000	
  0.000000	  0.000000	  0.000000	  1.000000	
  1.000000	  0.000000	  0.000000	  0.000000	
  0.000000	  0.000000	  0.000000	  1.000000	
  0.000000	  0.000000	  1.000000	  0.000000	

URL http://cisbp.ccbr.utoronto.ca/TFreport.php?versionNumber=1.02&searchTF=T012957_1.02

MOTIF M0254_1.02 (CBN19762)_(Caenorhabditis_elegans)_(DBD_0.83)

letter-probability matrix: alength= 4 w= 9 nsites= 1 E= 0
  0.264626	  0.230055	  0.343202	  0.162117	
  0.035056	  0.229738	  0.009650	  0.725557	
  0.000776	  0.000130	  0.998484	  0.000610	
  0.000515	  0.999363	  0.000060	  0.000062	
  0.000655	  0.000121	  0.999191	  0.000033	
  0.015327	  0.953021	  0.012931	  0.018721	
  0.398849	  0.009012	  0.577428	  0.014711	
  0.371096	  0.072709	  0.439862	  0.116333	
  0.247681	  0.247681	  0.211060	  0.293578	

URL http://cisbp.ccbr.utoronto.ca/TFreport.php?versionNumber=1.02&searchTF=T022154_1.02

MOTIF M0275_1.02 (CBN12281)_(Caenorhabditis_elegans)_(DBD_0.97)

letter-probability matrix: alength= 4 w= 10 nsites= 1 E= 0
  0.275256	  0.135848	  0.360715	  0.228181	
  0.628116	  0.044667	  0.282551	  0.044667	
  0.000048	  0.000048	  0.000048	  0.999855	
  0.000048	  0.000048	  0.999855	  0.000048	
  0.999855	  0.000048	  0.000048	  0.000048	
  0.000048	  0.999855	  0.000048	  0.000048	
  0.000048	  0.000048	  0.999855	  0.000048	
  0.000048	  0.000048	  0.000048	  0.999855	
  0.204469	  0.362470	  0.318861	  0.114200	
  0.383856	  0.205381	  0.205381	  0.205381	

URL http://cisbp.ccbr.utoronto.ca/TFreport.php?versionNumber=1.02&searchTF=T024365_1.02

MOTIF M0281_1.02 (CBN02426)_(Caenorhabditis_elegans)_(DBD_0.67)

letter-probability matrix: alength= 4 w= 15 nsites= 1 E= 0
  0.327426	  0.224191	  0.224191	  0.224191	
  0.327426	  0.224191	  0.224191	  0.224191	
  0.289712	  0.202351	  0.202351	  0.305586	
  0.094024	  0.094024	  0.094024	  0.717927	
  0.024381	  0.116341	  0.024381	  0.834897	
  0.712753	  0.024381	  0.238485	  0.024381	
  0.024381	  0.433975	  0.024381	  0.517263	
  0.170897	  0.000133	  0.725602	  0.103368	
  0.735701	  0.117902	  0.025942	  0.120455	
  0.742853	  0.025942	  0.117902	  0.113303	
  0.681291	  0.139742	  0.047782	  0.131184	
  0.156109	  0.156109	  0.248069	  0.439714	
  0.322744	  0.225752	  0.225752	  0.225752	
  0.225752	  0.225752	  0.225752	  0.322744	
  0.322744	  0.225752	  0.225752	  0.225752	

URL http://cisbp.ccbr.utoronto.ca/TFreport.php?versionNumber=1.02&searchTF=T024353_1.02

MOTIF M0297_1.02 (CBN14993)_(Mus_musculus)_(DBD_0.77)

letter-probability matrix: alength= 4 w= 9 nsites= 1 E= 0
  0.357458	  0.170548	  0.361051	  0.110943	
  0.016538	  0.109473	  0.065084	  0.808904	
  0.001209	  0.089107	  0.665032	  0.244652	
  0.783865	  0.024149	  0.128283	  0.063703	
  0.032696	  0.834861	  0.002478	  0.129965	
  0.112813	  0.046793	  0.777229	  0.063164	
  0.152103	  0.245811	  0.086883	  0.515203	
  0.338131	  0.263337	  0.228934	  0.169598	
  0.290142	  0.192553	  0.254773	  0.262532	

URL http://cisbp.ccbr.utoronto.ca/TFreport.php?versionNumber=1.02&searchTF=T024371_1.02

MOTIF M0323_1.02 (CBN01920)_(Caenorhabditis_elegans)_(DBD_0.80)

letter-probability matrix: alength= 4 w= 13 nsites= 1 E= 0
  0.230644	  0.230644	  0.230644	  0.308069	
  0.230644	  0.230644	  0.308069	  0.230644	
  0.195361	  0.042431	  0.042431	  0.719777	
  0.105121	  0.022865	  0.128036	  0.743978	
  0.853680	  0.022865	  0.100590	  0.022865	
  0.000176	  0.673192	  0.000176	  0.326456	
  0.236202	  0.000176	  0.687605	  0.076018	
  0.076018	  0.420964	  0.077601	  0.425417	
  0.790056	  0.095374	  0.019532	  0.095037	
  0.780883	  0.097796	  0.019532	  0.101789	
  0.376765	  0.207745	  0.207745	  0.207745	
  0.227311	  0.227311	  0.227311	  0.318067	
  0.318067	  0.227311	  0.227311	  0.227311	

URL http://cisbp.ccbr.utoronto.ca/TFreport.php?versionNumber=1.02&searchTF=T024352_1.02

MOTIF M0325_1.02 (CBN13846)_(Caenorhabditis_elegans)_(DBD_0.69)

letter-probability matrix: alength= 4 w= 9 nsites= 1 E= 0
  0.188407	  0.512143	  0.146731	  0.152720	
  0.141526	  0.166082	  0.058118	  0.634274	
  0.140550	  0.059476	  0.480855	  0.319119	
  0.916142	  0.001116	  0.007540	  0.075202	
  0.040298	  0.850903	  0.016384	  0.092416	
  0.089481	  0.042693	  0.815682	  0.052145	
  0.059662	  0.024747	  0.000794	  0.914797	
  0.274311	  0.095992	  0.485055	  0.144642	
  0.179118	  0.031755	  0.554488	  0.234638	

URL http://cisbp.ccbr.utoronto.ca/TFreport.php?versionNumber=1.02&searchTF=T024369_1.02

MOTIF M0326_1.02 (CBN06159)_(Caenorhabditis_elegans)_(DBD_0.88)

letter-probability matrix: alength= 4 w= 10 nsites= 1 E= 0
  0.369233	  0.252504	  0.293368	  0.084896	
  0.065436	  0.042995	  0.019319	  0.872250	
  0.031899	  0.073889	  0.369652	  0.524561	
  0.424684	  0.034513	  0.460054	  0.080749	
  0.025845	  0.653359	  0.087543	  0.233254	
  0.049159	  0.021651	  0.911464	  0.017726	
  0.000020	  0.608158	  0.000147	  0.391676	
  0.884019	  0.036397	  0.074031	  0.005554	
  0.942769	  0.048367	  0.004388	  0.004476	
  0.031283	  0.276736	  0.134702	  0.557279	

URL http://cisbp.ccbr.utoronto.ca/TFreport.php?versionNumber=1.02&searchTF=T024357_1.02

MOTIF M0340_1.02 (CBN07104)_(Caenorhabditis_elegans)_(DBD_0.81)

letter-probability matrix: alength= 4 w= 13 nsites= 1 E= 0
  0.228084	  0.228084	  0.228084	  0.315748	
  0.315748	  0.228084	  0.228084	  0.228084	
  0.183803	  0.183803	  0.367187	  0.265207	
  0.441206	  0.157043	  0.157043	  0.244708	
  0.304988	  0.162743	  0.024620	  0.507649	
  0.000152	  0.138275	  0.284790	  0.576783	
  0.999544	  0.000152	  0.000152	  0.000152	
  0.000152	  0.999544	  0.000152	  0.000152	
  0.022068	  0.022068	  0.933796	  0.022068	
  0.022068	  0.022068	  0.022068	  0.933796	
  0.066349	  0.183161	  0.684141	  0.066349	
  0.209921	  0.093109	  0.174988	  0.521983	
  0.323405	  0.225532	  0.225532	  0.225532	

URL http://cisbp.ccbr.utoronto.ca/TFreport.php?versionNumber=1.02&searchTF=T024358_1.02

MOTIF M0342_1.02 (CBN25613)_(Caenorhabditis_elegans)_(DBD_0.90)

letter-probability matrix: alength= 4 w= 11 nsites= 1 E= 0
  0.190205	  0.190205	  0.370889	  0.248700	
  0.117636	  0.117636	  0.591055	  0.173673	
  0.459760	  0.277889	  0.161189	  0.101162	
  0.000143	  0.000143	  0.000143	  0.999572	
  0.058638	  0.000143	  0.941077	  0.000143	
  0.941077	  0.000143	  0.000143	  0.058638	
  0.000143	  0.999572	  0.000143	  0.000143	
  0.058638	  0.000143	  0.941077	  0.000143	
  0.059937	  0.059937	  0.059937	  0.820188	
  0.228456	  0.440635	  0.198402	  0.132507	
  0.553058	  0.148981	  0.148981	  0.148981	

URL http://cisbp.ccbr.utoronto.ca/TFreport.php?versionNumber=1.02&searchTF=T024379_1.02

MOTIF M0344_1.02 (CBN12462)_(Caenorhabditis_elegans)_(DBD_0.87)

letter-probability matrix: alength= 4 w= 9 nsites= 1 E= 0
  0.602686	  0.107313	  0.182689	  0.107313	
  0.000099	  0.055805	  0.000099	  0.943998	
  0.000099	  0.000099	  0.999703	  0.000099	
  0.999703	  0.000099	  0.000099	  0.000099	
  0.055805	  0.865590	  0.000099	  0.078506	
  0.055805	  0.000099	  0.194374	  0.749722	
  0.207820	  0.791982	  0.000099	  0.000099	
  0.999703	  0.000099	  0.000099	  0.000099	
  0.142786	  0.240096	  0.142786	  0.474332	

URL http://cisbp.ccbr.utoronto.ca/TFreport.php?versionNumber=1.02&searchTF=T024367_1.02

MOTIF M0345_1.02 (CBN03566)_(Caenorhabditis_elegans)_(DBD_0.85)

letter-probability matrix: alength= 4 w= 10 nsites= 1 E= 0
  0.298947	  0.260958	  0.176162	  0.263933	
  0.164907	  0.082520	  0.082520	  0.670053	
  0.069342	  0.000105	  0.000105	  0.930448	
  0.999686	  0.000105	  0.000105	  0.000105	
  0.000105	  0.930448	  0.000105	  0.069342	
  0.069342	  0.000105	  0.930448	  0.000105	
  0.930448	  0.000105	  0.000105	  0.069342	
  0.999686	  0.000105	  0.000105	  0.000105	
  0.244351	  0.073942	  0.073942	  0.607764	
  0.243525	  0.167585	  0.167585	  0.421305	

URL http://cisbp.ccbr.utoronto.ca/TFreport.php?versionNumber=1.02&searchTF=T024355_1.02

MOTIF M0346_1.02 (CBN20549)_(Caenorhabditis_elegans)_(DBD_0.90)

letter-probability matrix: alength= 4 w= 9 nsites= 1 E= 0
  0.535636	  0.078528	  0.369982	  0.015855	
  0.001169	  0.000261	  0.000246	  0.998325	
  0.054873	  0.137693	  0.716963	  0.090471	
  0.854058	  0.002509	  0.100484	  0.042948	
  0.024415	  0.611073	  0.048677	  0.315834	
  0.195600	  0.103139	  0.611597	  0.089664	
  0.168167	  0.236266	  0.115003	  0.480563	
  0.192128	  0.410824	  0.230019	  0.167028	
  0.491395	  0.118777	  0.190042	  0.199786	

URL http://cisbp.ccbr.utoronto.ca/TFreport.php?versionNumber=1.02&searchTF=T024376_1.02

MOTIF M0347_1.02 (CBN04689)_(Caenorhabditis_elegans)_(DBD_0.66)

letter-probability matrix: alength= 4 w= 8 nsites= 1 E= 0
  0.003289	  0.003289	  0.003289	  0.990132	
  0.003289	  0.003289	  0.990132	  0.003289	
  0.990132	  0.003289	  0.003289	  0.003289	
  0.003289	  0.990132	  0.003289	  0.003289	
  0.003289	  0.003289	  0.990132	  0.003289	
  0.003289	  0.003289	  0.003289	  0.990132	
  0.661184	  0.332237	  0.003289	  0.003289	
  0.985294	  0.004902	  0.004902	  0.004902	

URL http://cisbp.ccbr.utoronto.ca/TFreport.php?versionNumber=1.02&searchTF=T024356_1.02

MOTIF M0349_1.02 (CBN17381)_(Caenorhabditis_elegans)_(DBD_0.56)

letter-probability matrix: alength= 4 w= 12 nsites= 1 E= 0
  0.419014	  0.166041	  0.166041	  0.248903	
  0.229243	  0.146381	  0.305676	  0.318700	
  0.121735	  0.121735	  0.209082	  0.547448	
  0.634796	  0.121735	  0.121735	  0.121735	
  0.000109	  0.000109	  0.000109	  0.999672	
  0.000109	  0.000109	  0.000109	  0.999672	
  0.879115	  0.000109	  0.120666	  0.000109	
  0.000109	  0.877424	  0.000109	  0.122357	
  0.084068	  0.084068	  0.747796	  0.084068	
  0.103728	  0.103728	  0.103728	  0.688815	
  0.531164	  0.212086	  0.128375	  0.128375	
  0.614876	  0.128375	  0.128375	  0.128375	

URL http://cisbp.ccbr.utoronto.ca/TFreport.php?versionNumber=1.02&searchTF=T024374_1.02

MOTIF M0380_1.02 (CBN22430)_(Caenorhabditis_elegans)_(DBD_0.97)

letter-probability matrix: alength= 4 w= 9 nsites= 1 E= 0
  0.282456	  0.222188	  0.226676	  0.268680	
  0.308881	  0.169518	  0.271227	  0.250374	
  0.246241	  0.231901	  0.205678	  0.316180	
  0.464399	  0.055188	  0.080701	  0.399712	
  0.885184	  0.009932	  0.000738	  0.104146	
  0.071967	  0.036097	  0.850828	  0.041108	
  0.052085	  0.856516	  0.023170	  0.068229	
  0.274969	  0.283343	  0.212015	  0.229673	
  0.233287	  0.221909	  0.271040	  0.273764	

URL http://cisbp.ccbr.utoronto.ca/TFreport.php?versionNumber=1.02&searchTF=T037750_1.02

MOTIF M0381_1.02 (CBN21670)_(Caenorhabditis_elegans)_(DBD_1.00)

letter-probability matrix: alength= 4 w= 10 nsites= 1 E= 0
  0.369882	  0.162908	  0.240611	  0.226599	
  0.355105	  0.145826	  0.279336	  0.219733	
  0.177090	  0.161848	  0.360199	  0.300863	
  0.112987	  0.051794	  0.669999	  0.165220	
  0.748363	  0.107543	  0.029901	  0.114193	
  0.401422	  0.055424	  0.133622	  0.409532	
  0.301490	  0.262102	  0.326600	  0.109808	
  0.200023	  0.310578	  0.216683	  0.272717	
  0.200302	  0.001310	  0.734966	  0.063423	
  0.118168	  0.503762	  0.053630	  0.324441	

URL http://cisbp.ccbr.utoronto.ca/TFreport.php?versionNumber=1.02&searchTF=T037744_1.02

MOTIF M0383_1.02 (CBN07377)_(Caenorhabditis_elegans)_(DBD_0.70)

letter-probability matrix: alength= 4 w= 8 nsites= 1 E= 0
  0.083611	  0.665973	  0.083611	  0.166805	
  0.000303	  0.000303	  0.999092	  0.000303	
  0.000303	  0.091102	  0.333232	  0.575363	
  0.030569	  0.000303	  0.968826	  0.000303	
  0.000303	  0.000303	  0.999092	  0.000303	
  0.000303	  0.000303	  0.999092	  0.000303	
  0.066911	  0.566245	  0.233356	  0.133489	
  0.042013	  0.000416	  0.915557	  0.042013	

URL http://cisbp.ccbr.utoronto.ca/TFreport.php?versionNumber=1.02&searchTF=T037679_1.02

MOTIF M0384_1.02 (CBN15373)_(Caenorhabditis_elegans)_(DBD_0.97)

letter-probability matrix: alength= 4 w= 9 nsites= 1 E= 0
  0.516980	  0.286131	  0.098444	  0.098444	
  0.000071	  0.999788	  0.000071	  0.000071	
  0.495526	  0.000071	  0.504333	  0.000071	
  0.000071	  0.000071	  0.999788	  0.000071	
  0.106383	  0.000071	  0.000071	  0.893475	
  0.999788	  0.000071	  0.000071	  0.000071	
  0.000071	  0.000071	  0.999788	  0.000071	
  0.000071	  0.999788	  0.000071	  0.000071	
  0.322842	  0.227729	  0.223668	  0.225760	

URL http://cisbp.ccbr.utoronto.ca/TFreport.php?versionNumber=1.02&searchTF=T037720_1.02

MOTIF M0405_1.02 (CBN09052)_(Mus_musculus)_(DBD_0.75)

letter-probability matrix: alength= 4 w= 10 nsites= 1 E= 0
  0.322200	  0.077105	  0.258571	  0.342124	
  0.174850	  0.000229	  0.823801	  0.001121	
  0.000272	  0.000173	  0.999363	  0.000191	
  0.000074	  0.000241	  0.999596	  0.000089	
  0.100743	  0.660217	  0.010304	  0.228736	
  0.015211	  0.000320	  0.974574	  0.009895	
  0.042318	  0.089587	  0.352557	  0.515538	
  0.208085	  0.076550	  0.538047	  0.177318	
  0.167365	  0.115605	  0.497789	  0.219242	
  0.170239	  0.414554	  0.180766	  0.234441	

URL http://cisbp.ccbr.utoronto.ca/TFreport.php?versionNumber=1.02&searchTF=T037685_1.02

MOTIF M0443_1.02 (CBN11985)_(Mus_musculus)_(DBD_0.75)

letter-probability matrix: alength= 4 w= 10 nsites= 1 E= 0
  0.260102	  0.124098	  0.223872	  0.391927	
  0.187213	  0.000148	  0.790168	  0.022471	
  0.000002	  0.000005	  0.999931	  0.000063	
  0.000374	  0.000026	  0.999566	  0.000034	
  0.076094	  0.621399	  0.000039	  0.302468	
  0.000325	  0.000031	  0.997699	  0.001945	
  0.060231	  0.086331	  0.346604	  0.506834	
  0.189328	  0.102872	  0.514647	  0.193153	
  0.167870	  0.130737	  0.470215	  0.231178	
  0.172456	  0.411638	  0.156045	  0.259860	

URL http://cisbp.ccbr.utoronto.ca/TFreport.php?versionNumber=1.02&searchTF=T037695_1.02

MOTIF M0447_1.02 (CBN13459)_(Caenorhabditis_elegans)_(DBD_1.00)

letter-probability matrix: alength= 4 w= 10 nsites= 1 E= 0
  0.391273	  0.146849	  0.267577	  0.194301	
  0.236558	  0.241337	  0.322529	  0.199576	
  0.063325	  0.269963	  0.106515	  0.560196	
  0.004417	  0.002260	  0.968160	  0.025164	
  0.019015	  0.007208	  0.958364	  0.015413	
  0.150280	  0.035251	  0.000029	  0.814440	
  0.000025	  0.973874	  0.003426	  0.022675	
  0.905030	  0.032719	  0.031436	  0.030814	
  0.261983	  0.246726	  0.254240	  0.237052	
  0.139579	  0.281078	  0.155809	  0.423533	

URL http://cisbp.ccbr.utoronto.ca/TFreport.php?versionNumber=1.02&searchTF=T037704_1.02

MOTIF M0448_1.02 (CBN00506)_(Caenorhabditis_elegans)_(DBD_0.95)

letter-probability matrix: alength= 4 w= 8 nsites= 1 E= 0
  0.420693	  0.210609	  0.368172	  0.000525	
  0.000344	  0.000344	  0.000344	  0.998967	
  0.998967	  0.000344	  0.000344	  0.000344	
  0.998967	  0.000344	  0.000344	  0.000344	
  0.000344	  0.998967	  0.000344	  0.000344	
  0.000344	  0.000344	  0.998967	  0.000344	
  0.000344	  0.000344	  0.998967	  0.000344	
  0.315651	  0.105567	  0.210609	  0.368172	

URL http://cisbp.ccbr.utoronto.ca/TFreport.php?versionNumber=1.02&searchTF=T037649_1.02

MOTIF M0450_1.02 (CBN22561)_(Caenorhabditis_elegans)_(DBD_0.95)

letter-probability matrix: alength= 4 w= 7 nsites= 1 E= 0
  0.004902	  0.985294	  0.004902	  0.004902	
  0.985294	  0.004902	  0.004902	  0.004902	
  0.985294	  0.004902	  0.004902	  0.004902	
  0.004902	  0.985294	  0.004902	  0.004902	
  0.985294	  0.004902	  0.004902	  0.004902	
  0.004902	  0.004902	  0.985294	  0.004902	
  0.004902	  0.004902	  0.985294	  0.004902	

URL http://cisbp.ccbr.utoronto.ca/TFreport.php?versionNumber=1.02&searchTF=T037751_1.02

MOTIF M0451_1.02 (CBN03723)_(Caenorhabditis_elegans)_(DBD_0.98)

letter-probability matrix: alength= 4 w= 10 nsites= 1 E= 0
  0.207715	  0.453123	  0.127251	  0.211911	
  0.291228	  0.294155	  0.161436	  0.253181	
  0.116251	  0.349237	  0.409833	  0.124680	
  0.407697	  0.065400	  0.102568	  0.424335	
  0.019092	  0.030855	  0.924537	  0.025516	
  0.936509	  0.016316	  0.019730	  0.027444	
  0.013438	  0.005197	  0.000868	  0.980498	
  0.063577	  0.005115	  0.004024	  0.927283	
  0.112992	  0.149503	  0.199799	  0.537707	
  0.315187	  0.217711	  0.193092	  0.274010	

URL http://cisbp.ccbr.utoronto.ca/TFreport.php?versionNumber=1.02&searchTF=T037657_1.02

MOTIF M0453_1.02 (CBN04683)_(Caenorhabditis_elegans)_(DBD_0.75)

letter-probability matrix: alength= 4 w= 10 nsites= 1 E= 0
  0.336489	  0.163787	  0.316893	  0.182831	
  0.362570	  0.125615	  0.226607	  0.285208	
  0.066300	  0.053742	  0.055935	  0.824022	
  0.931828	  0.010352	  0.006032	  0.051787	
  0.003777	  0.888023	  0.000537	  0.107662	
  0.094084	  0.064340	  0.499789	  0.341787	
  0.067693	  0.000856	  0.929810	  0.001640	
  0.000605	  0.000001	  0.000033	  0.999361	
  0.711394	  0.092502	  0.142199	  0.053905	
  0.249287	  0.184676	  0.371892	  0.194145	

URL http://cisbp.ccbr.utoronto.ca/TFreport.php?versionNumber=1.02&searchTF=T037663_1.02

MOTIF M0454_1.02 (CBN12645)_(Caenorhabditis_elegans)_(DBD_0.92)

letter-probability matrix: alength= 4 w= 8 nsites= 1 E= 0
  0.083444	  0.516489	  0.050133	  0.349933	
  0.038082	  0.404985	  0.000127	  0.556807	
  0.999684	  0.000105	  0.000105	  0.000105	
  0.010627	  0.000105	  0.000105	  0.989162	
  0.010627	  0.000105	  0.978641	  0.010627	
  0.021838	  0.000109	  0.967080	  0.010973	
  0.137556	  0.012619	  0.699775	  0.150050	
  0.152608	  0.084858	  0.440549	  0.321985	

URL http://cisbp.ccbr.utoronto.ca/TFreport.php?versionNumber=1.02&searchTF=T037700_1.02

MOTIF M0456_1.02 (CBN12606)_(Caenorhabditis_elegans)_(DBD_0.97)

letter-probability matrix: alength= 4 w= 9 nsites= 1 E= 0
  0.327408	  0.084877	  0.233039	  0.354676	
  0.189096	  0.003752	  0.806139	  0.001012	
  0.000007	  0.004308	  0.992854	  0.002831	
  0.000001	  0.000000	  0.999999	  0.000000	
  0.076941	  0.729993	  0.000000	  0.193067	
  0.006130	  0.000001	  0.985594	  0.008275	
  0.056226	  0.059703	  0.361180	  0.522892	
  0.232760	  0.094633	  0.478190	  0.194417	
  0.234890	  0.146807	  0.383414	  0.234890	

URL http://cisbp.ccbr.utoronto.ca/TFreport.php?versionNumber=1.02&searchTF=T037699_1.02

MOTIF M0457_1.02 (CBN18182)_(Caenorhabditis_elegans)_(DBD_0.94)

letter-probability matrix: alength= 4 w= 9 nsites= 1 E= 0
  0.246654	  0.214431	  0.234624	  0.304291	
  0.282361	  0.233501	  0.215548	  0.268590	
  0.155541	  0.163515	  0.427053	  0.253891	
  0.186643	  0.029642	  0.589455	  0.194260	
  0.052401	  0.262151	  0.198129	  0.487319	
  0.008957	  0.049027	  0.927396	  0.014620	
  0.913559	  0.014258	  0.026242	  0.045941	
  0.001742	  0.977680	  0.001180	  0.019398	
  0.639025	  0.144019	  0.156014	  0.060943	

URL http://cisbp.ccbr.utoronto.ca/TFreport.php?versionNumber=1.02&searchTF=T037735_1.02

MOTIF M0488_1.02 (CBN26023)_(Caenorhabditis_elegans)_(DBD_0.92)

letter-probability matrix: alength= 4 w= 8 nsites= 1 E= 0
  0.193012	  0.211188	  0.362401	  0.233399	
  0.437491	  0.027968	  0.534353	  0.000188	
  0.000910	  0.000616	  0.998185	  0.000288	
  0.000000	  0.000048	  0.999940	  0.000012	
  0.000022	  0.000203	  0.999740	  0.000035	
  0.276878	  0.000000	  0.723122	  0.000000	
  0.199488	  0.216103	  0.144858	  0.439551	
  0.087012	  0.505752	  0.199546	  0.207690	

URL http://cisbp.ccbr.utoronto.ca/TFreport.php?versionNumber=1.02&searchTF=T037761_1.02

MOTIF M0490_1.02 (CBN03534)_(Caenorhabditis_elegans)_(DBD_1.00)

letter-probability matrix: alength= 4 w= 8 nsites= 1 E= 0
  0.229320	  0.255984	  0.263780	  0.250916	
  0.269109	  0.243500	  0.233953	  0.253438	
  0.342370	  0.106260	  0.184176	  0.367194	
  0.058705	  0.005220	  0.344651	  0.591423	
  0.002948	  0.000705	  0.926167	  0.070179	
  0.025929	  0.000737	  0.930155	  0.043179	
  0.000100	  0.361129	  0.000198	  0.638573	
  0.022737	  0.000293	  0.976500	  0.000470	

URL http://cisbp.ccbr.utoronto.ca/TFreport.php?versionNumber=1.02&searchTF=T037656_1.02

MOTIF M0492_1.02 (CBN24586)_(Caenorhabditis_elegans)_(DBD_0.99)

letter-probability matrix: alength= 4 w= 10 nsites= 1 E= 0
  0.191185	  0.299838	  0.187399	  0.321578	
  0.434373	  0.011634	  0.338290	  0.215703	
  0.072394	  0.118170	  0.556755	  0.252680	
  0.038220	  0.058169	  0.002755	  0.900857	
  0.004021	  0.003566	  0.721592	  0.270821	
  0.004412	  0.007060	  0.001776	  0.986752	
  0.942731	  0.006289	  0.023076	  0.027904	
  0.839473	  0.104875	  0.025605	  0.030047	
  0.329916	  0.186576	  0.080547	  0.402961	
  0.389696	  0.175101	  0.282977	  0.152226	

URL http://cisbp.ccbr.utoronto.ca/TFreport.php?versionNumber=1.02&searchTF=T037753_1.02

MOTIF M0493_1.02 (CBN14672)_(Caenorhabditis_elegans)_(DBD_0.98)

letter-probability matrix: alength= 4 w= 8 nsites= 1 E= 0
  0.242861	  0.157196	  0.428469	  0.171473	
  0.777565	  0.090973	  0.030392	  0.101070	
  0.838146	  0.060683	  0.020295	  0.080876	
  0.989600	  0.000101	  0.000101	  0.010198	
  0.989600	  0.000101	  0.000101	  0.010198	
  0.918922	  0.030392	  0.010198	  0.040489	
  0.718555	  0.156289	  0.083403	  0.041753	
  0.569619	  0.127964	  0.104719	  0.197699	

URL http://cisbp.ccbr.utoronto.ca/TFreport.php?versionNumber=1.02&searchTF=T037716_1.02

MOTIF M0494_1.02 (CBN08888)_(Caenorhabditis_elegans)_(DBD_0.96)

letter-probability matrix: alength= 4 w= 10 nsites= 1 E= 0
  0.270269	  0.194303	  0.295721	  0.239707	
  0.082263	  0.007242	  0.039249	  0.871246	
  0.079259	  0.012971	  0.059903	  0.847867	
  0.249612	  0.252120	  0.052452	  0.445816	
  0.238745	  0.569863	  0.031356	  0.160036	
  0.902361	  0.039449	  0.013263	  0.044926	
  0.032511	  0.046600	  0.855419	  0.065470	
  0.339072	  0.356456	  0.077185	  0.227287	
  0.281245	  0.264867	  0.194266	  0.259622	
  0.270749	  0.247446	  0.221671	  0.260133	

URL http://cisbp.ccbr.utoronto.ca/TFreport.php?versionNumber=1.02&searchTF=T037684_1.02

MOTIF M0496_1.02 (CBN01677)_(Caenorhabditis_elegans)_(DBD_0.82)

letter-probability matrix: alength= 4 w= 10 nsites= 1 E= 0
  0.137685	  0.389541	  0.211657	  0.261117	
  0.159804	  0.124456	  0.438759	  0.276981	
  0.052952	  0.000075	  0.933915	  0.013058	
  0.000168	  0.356501	  0.000207	  0.643124	
  0.086335	  0.319973	  0.522297	  0.071396	
  0.059765	  0.023817	  0.602096	  0.314322	
  0.181360	  0.249755	  0.287287	  0.281598	
  0.190635	  0.372546	  0.208588	  0.228231	
  0.265186	  0.225976	  0.296021	  0.212817	
  0.233501	  0.258059	  0.255491	  0.252949	

URL http://cisbp.ccbr.utoronto.ca/TFreport.php?versionNumber=1.02&searchTF=T037653_1.02

MOTIF M0497_1.02 (CBN05172)_(Caenorhabditis_elegans)_(DBD_0.84)

letter-probability matrix: alength= 4 w= 8 nsites= 1 E= 0
  0.100598	  0.000996	  0.100598	  0.797809	
  0.000587	  0.000587	  0.000587	  0.998239	
  0.000554	  0.000554	  0.998337	  0.000554	
  0.000554	  0.665743	  0.000554	  0.333149	
  0.998337	  0.000554	  0.000554	  0.000554	
  0.000554	  0.000554	  0.998337	  0.000554	
  0.000554	  0.000554	  0.000554	  0.998337	
  0.000712	  0.356838	  0.000712	  0.641738	

URL http://cisbp.ccbr.utoronto.ca/TFreport.php?versionNumber=1.02&searchTF=T037665_1.02

MOTIF M0498_1.02 (CBN20446)_(Caenorhabditis_elegans)_(DBD_0.83)

letter-probability matrix: alength= 4 w= 10 nsites= 1 E= 0
  0.238065	  0.268418	  0.296647	  0.196870	
  0.266577	  0.161687	  0.229445	  0.342291	
  0.384296	  0.099625	  0.127921	  0.388158	
  0.311696	  0.151719	  0.265610	  0.270975	
  0.692973	  0.097611	  0.068101	  0.141315	
  0.894540	  0.000055	  0.000158	  0.105247	
  0.044872	  0.000344	  0.919486	  0.035298	
  0.023899	  0.857343	  0.021842	  0.096915	
  0.270614	  0.311281	  0.165786	  0.252319	
  0.163665	  0.278055	  0.225387	  0.332893	

URL http://cisbp.ccbr.utoronto.ca/TFreport.php?versionNumber=1.02&searchTF=T037742_1.02

MOTIF M0544_1.02 (CBN10213)_(Caenorhabditis_elegans)_(DBD_1.00)

letter-probability matrix: alength= 4 w= 10 nsites= 1 E= 0
  0.128905	  0.198160	  0.139641	  0.533295	
  0.199185	  0.074756	  0.641772	  0.084287	
  0.215278	  0.545624	  0.112385	  0.126714	
  0.019784	  0.013665	  0.958010	  0.008541	
  0.065873	  0.024233	  0.423152	  0.486741	
  0.198217	  0.017277	  0.742012	  0.042494	
  0.002559	  0.040428	  0.943421	  0.013592	
  0.009834	  0.008810	  0.930657	  0.050698	
  0.229215	  0.300263	  0.209486	  0.261036	
  0.144330	  0.172794	  0.469703	  0.213172	

URL http://cisbp.ccbr.utoronto.ca/TFreport.php?versionNumber=1.02&searchTF=T037689_1.02

MOTIF M0546_1.02 (CBN12312)_(Caenorhabditis_elegans)_(DBD_0.96)

letter-probability matrix: alength= 4 w= 8 nsites= 1 E= 0
  0.062734	  0.468477	  0.187578	  0.281211	
  0.000192	  0.000192	  0.999424	  0.000192	
  0.096272	  0.038624	  0.346080	  0.519024	
  0.019042	  0.000189	  0.980581	  0.000189	
  0.000189	  0.000189	  0.980581	  0.019042	
  0.000189	  0.000189	  0.999434	  0.000189	
  0.204119	  0.428426	  0.122553	  0.244902	
  0.000227	  0.000227	  0.999319	  0.000227	

URL http://cisbp.ccbr.utoronto.ca/TFreport.php?versionNumber=1.02&searchTF=T037697_1.02

MOTIF M0547_1.02 (CBN06490)_(Caenorhabditis_elegans)_(DBD_0.99)

letter-probability matrix: alength= 4 w= 8 nsites= 1 E= 0
  0.285770	  0.084368	  0.393542	  0.236320	
  0.064855	  0.058683	  0.078426	  0.798036	
  0.993730	  0.000008	  0.005939	  0.000324	
  0.002564	  0.964329	  0.003100	  0.030007	
  0.556545	  0.122946	  0.159453	  0.161055	
  0.077410	  0.001895	  0.915172	  0.005524	
  0.075347	  0.012834	  0.121766	  0.790053	
  0.356653	  0.234338	  0.119913	  0.289097	

URL http://cisbp.ccbr.utoronto.ca/TFreport.php?versionNumber=1.02&searchTF=T037674_1.02

MOTIF M0574_1.02 (CBN09920)_(Caenorhabditis_elegans)_(DBD_1.00)

letter-probability matrix: alength= 4 w= 8 nsites= 1 E= 0
  0.491059	  0.157959	  0.263149	  0.087833	
  0.986454	  0.000132	  0.000132	  0.013282	
  0.947002	  0.000132	  0.052735	  0.000132	
  0.013282	  0.000132	  0.933851	  0.052735	
  0.000132	  0.013282	  0.000132	  0.986454	
  0.026433	  0.013282	  0.013282	  0.947002	
  0.034631	  0.155238	  0.120779	  0.689352	
  0.200050	  0.200050	  0.449800	  0.150100	

URL http://cisbp.ccbr.utoronto.ca/TFreport.php?versionNumber=1.02&searchTF=T069967_1.02

MOTIF M0584_1.02 (CBN16711)_(Caenorhabditis_elegans)_(DBD_0.96)

letter-probability matrix: alength= 4 w= 9 nsites= 1 E= 0
  0.230911	  0.224086	  0.262968	  0.282035	
  0.269525	  0.209906	  0.264188	  0.256380	
  0.283198	  0.178778	  0.291823	  0.246201	
  0.153491	  0.064952	  0.745191	  0.036366	
  0.485724	  0.054907	  0.315968	  0.143400	
  0.185229	  0.092907	  0.000174	  0.721690	
  0.451981	  0.073969	  0.434259	  0.039791	
  0.183594	  0.056414	  0.557089	  0.202902	
  0.369364	  0.118130	  0.213105	  0.299401	

URL http://cisbp.ccbr.utoronto.ca/TFreport.php?versionNumber=1.02&searchTF=T072109_1.02

MOTIF M0616_1.02 (CBN05533)_(Caenorhabditis_elegans)_(DBD_1.00)

letter-probability matrix: alength= 4 w= 7 nsites= 1 E= 0
  0.184698	  0.237157	  0.179240	  0.398905	
  0.193622	  0.297648	  0.090551	  0.418179	
  0.105524	  0.010902	  0.533222	  0.350352	
  0.000005	  0.999851	  0.000007	  0.000138	
  0.000006	  0.075843	  0.923961	  0.000190	
  0.008049	  0.184102	  0.784849	  0.023000	
  0.452392	  0.109349	  0.222416	  0.215843	

URL http://cisbp.ccbr.utoronto.ca/TFreport.php?versionNumber=1.02&searchTF=T074384_1.02

MOTIF M0623_1.02 (CBN25704)_(Caenorhabditis_elegans)_(DBD_0.96)

letter-probability matrix: alength= 4 w= 8 nsites= 1 E= 0
  0.397132	  0.217951	  0.185725	  0.199192	
  0.397053	  0.211467	  0.117222	  0.274258	
  0.342138	  0.117356	  0.087813	  0.452693	
  0.230192	  0.118975	  0.101384	  0.549449	
  0.113255	  0.152879	  0.200266	  0.533600	
  0.076011	  0.270664	  0.050952	  0.602373	
  0.319738	  0.110775	  0.322952	  0.246535	
  0.227337	  0.261499	  0.238992	  0.272171	

URL http://cisbp.ccbr.utoronto.ca/TFreport.php?versionNumber=1.02&searchTF=T075031_1.02

MOTIF M0626_1.02 CBN06605

letter-probability matrix: alength= 4 w= 7 nsites= 1 E= 0
  0.403059	  0.148277	  0.204196	  0.244468	
  0.222899	  0.135195	  0.071287	  0.570618	
  0.107331	  0.058319	  0.689468	  0.144882	
  0.078037	  0.004469	  0.065837	  0.851657	
  0.229785	  0.046393	  0.099201	  0.624621	
  0.122241	  0.085285	  0.291779	  0.500695	
  0.225618	  0.419408	  0.175712	  0.179261	

URL http://cisbp.ccbr.utoronto.ca/TFreport.php?versionNumber=1.02&searchTF=T075025_1.02

MOTIF M0632_1.02 (CBN25944)_(Homo_sapiens)_(DBD_0.96)

letter-probability matrix: alength= 4 w= 10 nsites= 1 E= 0
  0.391936	  0.183295	  0.148576	  0.276193	
  0.378242	  0.182278	  0.150737	  0.288742	
  0.278003	  0.143686	  0.091618	  0.486692	
  0.161592	  0.078655	  0.558398	  0.201355	
  0.131885	  0.106904	  0.107979	  0.653232	
  0.417907	  0.098029	  0.168218	  0.315847	
  0.288677	  0.108344	  0.224822	  0.378157	
  0.189159	  0.451505	  0.137357	  0.221980	
  0.330255	  0.192455	  0.235066	  0.242224	
  0.345463	  0.193424	  0.222491	  0.238623	

URL http://cisbp.ccbr.utoronto.ca/TFreport.php?versionNumber=1.02&searchTF=T075032_1.02

MOTIF M0640_1.02 (CBN19242)_(Caenorhabditis_elegans)_(DBD_0.98)

