MEME version 4

ALPHABET= ACGT

strands: + -

Background letter frequencies (from uniform background):
A 0.25000 C 0.25000 G 0.25000 T 0.25000 

MOTIF M0352_1.02 (Cd36_24010)_(Saccharomyces_cerevisiae)_(DBD_0.55)

letter-probability matrix: alength= 4 w= 10 nsites= 1 E= 0
  0.211517	  0.183884	  0.282677	  0.321921	
  0.431823	  0.132690	  0.350029	  0.085457	
  0.003684	  0.000104	  0.000000	  0.996212	
  0.003146	  0.021457	  0.850682	  0.124716	
  0.985610	  0.004871	  0.003265	  0.006254	
  0.054920	  0.630099	  0.207655	  0.107327	
  0.226603	  0.085046	  0.213406	  0.474945	
  0.232372	  0.491932	  0.127529	  0.148167	
  0.469883	  0.185394	  0.183549	  0.161174	
  0.230654	  0.257474	  0.200521	  0.311351	

URL http://cisbp.ccbr.utoronto.ca/TFreport.php?versionNumber=1.02&searchTF=T030554_1.02

MOTIF M0354_1.02 (Cd36_51520)_(Saccharomyces_cerevisiae)_(DBD_0.56)

letter-probability matrix: alength= 4 w= 10 nsites= 1 E= 0
  0.286730	  0.276761	  0.218254	  0.218254	
  0.465755	  0.158579	  0.158579	  0.217086	
  0.000052	  0.000052	  0.000052	  0.999845	
  0.000052	  0.000052	  0.121061	  0.878836	
  0.941338	  0.000052	  0.000052	  0.058559	
  0.000052	  0.999845	  0.000052	  0.000052	
  0.050927	  0.000052	  0.525333	  0.423689	
  0.365182	  0.000052	  0.000052	  0.634715	
  0.904608	  0.031797	  0.031797	  0.031797	
  0.525751	  0.091472	  0.215662	  0.167115	

URL http://cisbp.ccbr.utoronto.ca/TFreport.php?versionNumber=1.02&searchTF=T030558_1.02

MOTIF M0356_1.02 (Cd36_82190)_(Saccharomyces_cerevisiae)_(DBD_0.57)

letter-probability matrix: alength= 4 w= 10 nsites= 1 E= 0
  0.156235	  0.237783	  0.384275	  0.221707	
  0.402756	  0.386964	  0.121308	  0.088973	
  0.035172	  0.000320	  0.057412	  0.907096	
  0.017446	  0.032431	  0.336670	  0.613453	
  0.855397	  0.000658	  0.054684	  0.089261	
  0.042605	  0.534839	  0.242734	  0.179822	
  0.218505	  0.142140	  0.286234	  0.353121	
  0.409661	  0.197419	  0.112768	  0.280152	
  0.575008	  0.129591	  0.153605	  0.141795	
  0.297790	  0.163431	  0.231919	  0.306859	

URL http://cisbp.ccbr.utoronto.ca/TFreport.php?versionNumber=1.02&searchTF=T030560_1.02

MOTIF M0482_1.02 (Cd36_61610)_(Neurospora_crassa)_(DBD_0.75)

letter-probability matrix: alength= 4 w= 10 nsites= 1 E= 0
  0.269622	  0.207893	  0.295014	  0.227471	
  0.221481	  0.230520	  0.308073	  0.239927	
  0.001518	  0.000218	  0.979590	  0.018674	
  0.174199	  0.441510	  0.029970	  0.354320	
  0.000399	  0.000217	  0.964849	  0.034535	
  0.001007	  0.065798	  0.885891	  0.047304	
  0.010090	  0.042164	  0.899247	  0.048500	
  0.083781	  0.065904	  0.733778	  0.116537	
  0.158734	  0.261708	  0.229805	  0.349754	
  0.323602	  0.206338	  0.239730	  0.230330	

URL http://cisbp.ccbr.utoronto.ca/TFreport.php?versionNumber=1.02&searchTF=T067979_1.02

MOTIF M0508_1.02 (Cd36_42380)_(Saccharomyces_cerevisiae)_(DBD_0.74)

letter-probability matrix: alength= 4 w= 10 nsites= 1 E= 0
  0.288711	  0.203615	  0.304059	  0.203615	
  0.176117	  0.080211	  0.272399	  0.471273	
  0.000028	  0.000028	  0.799607	  0.200336	
  0.000028	  0.418307	  0.000028	  0.581637	
  0.000028	  0.000028	  0.999915	  0.000028	
  0.000028	  0.000028	  0.999915	  0.000028	
  0.000028	  0.000028	  0.999915	  0.000028	
  0.000028	  0.000028	  0.999915	  0.000028	
  0.046413	  0.046413	  0.046413	  0.860761	
  0.490550	  0.169817	  0.169817	  0.169817	

URL http://cisbp.ccbr.utoronto.ca/TFreport.php?versionNumber=1.02&searchTF=T067973_1.02

MOTIF M0510_1.02 (Cd36_24290)_(Saccharomyces_cerevisiae)_(DBD_0.74)

letter-probability matrix: alength= 4 w= 8 nsites= 1 E= 0
  0.155238	  0.430910	  0.241385	  0.172467	
  0.069049	  0.115005	  0.126494	  0.689453	
  0.000090	  0.000090	  0.999730	  0.000090	
  0.017625	  0.017625	  0.035163	  0.929586	
  0.000088	  0.008857	  0.990968	  0.000088	
  0.000088	  0.000088	  0.990888	  0.008935	
  0.009802	  0.970594	  0.009802	  0.009802	
  0.086500	  0.049482	  0.604763	  0.259255	

URL http://cisbp.ccbr.utoronto.ca/TFreport.php?versionNumber=1.02&searchTF=T067964_1.02

MOTIF M0514_1.02 (Cd36_33070)_(Saccharomyces_cerevisiae)_(DBD_0.70)

letter-probability matrix: alength= 4 w= 9 nsites= 1 E= 0
  0.316777	  0.180946	  0.269939	  0.232339	
  0.350186	  0.106534	  0.283855	  0.259424	
  0.526900	  0.094350	  0.127359	  0.251391	
  0.276288	  0.142800	  0.125392	  0.455521	
  0.635588	  0.166426	  0.088637	  0.109350	
  0.159920	  0.092266	  0.629342	  0.118472	
  0.186191	  0.063230	  0.630665	  0.119914	
  0.306984	  0.046843	  0.564983	  0.081190	
  0.275201	  0.024966	  0.606377	  0.093457	

URL http://cisbp.ccbr.utoronto.ca/TFreport.php?versionNumber=1.02&searchTF=T067971_1.02

MOTIF M0518_1.02 (Cd36_24790)_(Saccharomyces_cerevisiae)_(DBD_0.75)

letter-probability matrix: alength= 4 w= 10 nsites= 1 E= 0
  0.324069	  0.194602	  0.223846	  0.257484	
  0.321670	  0.174779	  0.253034	  0.250517	
  0.219126	  0.223552	  0.192413	  0.364908	
  0.169345	  0.233210	  0.483929	  0.113515	
  0.109153	  0.456116	  0.034218	  0.400513	
  0.028905	  0.000271	  0.938235	  0.032590	
  0.027732	  0.029154	  0.927587	  0.015527	
  0.248758	  0.000277	  0.747309	  0.003656	
  0.127560	  0.001282	  0.779451	  0.091706	
  0.258253	  0.153536	  0.294105	  0.294105	

URL http://cisbp.ccbr.utoronto.ca/TFreport.php?versionNumber=1.02&searchTF=T067965_1.02

MOTIF M0527_1.02 (Cd36_08440)_(Saccharomyces_cerevisiae)_(DBD_0.79)

letter-probability matrix: alength= 4 w= 8 nsites= 1 E= 0
  0.205319	  0.300235	  0.149092	  0.345353	
  0.429618	  0.247868	  0.125574	  0.196940	
  0.573653	  0.124216	  0.268278	  0.033853	
  0.004834	  0.001778	  0.885013	  0.108375	
  0.005427	  0.000372	  0.993588	  0.000613	
  0.214906	  0.000734	  0.765250	  0.019110	
  0.193666	  0.021459	  0.682756	  0.102119	
  0.178921	  0.280603	  0.207876	  0.332600	

URL http://cisbp.ccbr.utoronto.ca/TFreport.php?versionNumber=1.02&searchTF=T067957_1.02

MOTIF M0530_1.02 (Cd36_84830)_(Saccharomyces_cerevisiae)_(DBD_0.96)

letter-probability matrix: alength= 4 w= 8 nsites= 1 E= 0
  0.230828	  0.077454	  0.690951	  0.000767	
  0.998239	  0.000587	  0.000587	  0.000587	
  0.998239	  0.000587	  0.000587	  0.000587	
  0.998239	  0.000587	  0.000587	  0.000587	
  0.998239	  0.000587	  0.000587	  0.000587	
  0.880869	  0.000587	  0.000587	  0.117958	
  0.811097	  0.000623	  0.000623	  0.187656	
  0.250000	  0.083887	  0.083887	  0.582226	

URL http://cisbp.ccbr.utoronto.ca/TFreport.php?versionNumber=1.02&searchTF=T067982_1.02

MOTIF M0532_1.02 (Cd36_12870)_(Saccharomyces_cerevisiae)_(DBD_0.74)

letter-probability matrix: alength= 4 w= 10 nsites= 1 E= 0
  0.284861	  0.187167	  0.314820	  0.213151	
  0.318640	  0.092209	  0.211465	  0.377685	
  0.087381	  0.040865	  0.796544	  0.075210	
  0.296222	  0.391941	  0.018562	  0.293275	
  0.030457	  0.005849	  0.894542	  0.069152	
  0.058272	  0.001641	  0.939281	  0.000807	
  0.137082	  0.001139	  0.829300	  0.032479	
  0.061219	  0.020999	  0.716552	  0.201231	
  0.246999	  0.198222	  0.246999	  0.307780	
  0.346702	  0.180994	  0.225533	  0.246772	

URL http://cisbp.ccbr.utoronto.ca/TFreport.php?versionNumber=1.02&searchTF=T067959_1.02

MOTIF M0535_1.02 (Cd36_85720)_(Saccharomyces_cerevisiae)_(DBD_0.71)

letter-probability matrix: alength= 4 w= 12 nsites= 1 E= 0
  0.226689	  0.226689	  0.319932	  0.226689	
  0.338195	  0.156882	  0.254798	  0.250124	
  0.052292	  0.052292	  0.843124	  0.052292	
  0.022104	  0.022104	  0.933688	  0.022104	
  0.000043	  0.899681	  0.100234	  0.000043	
  0.209039	  0.000043	  0.516730	  0.274188	
  0.000043	  0.725727	  0.000043	  0.274188	
  0.899681	  0.000043	  0.000043	  0.100234	
  0.023353	  0.023353	  0.829749	  0.123545	
  0.193352	  0.503917	  0.093161	  0.209570	
  0.197751	  0.406748	  0.197751	  0.197751	
  0.227939	  0.227939	  0.227939	  0.316184	

URL http://cisbp.ccbr.utoronto.ca/TFreport.php?versionNumber=1.02&searchTF=T067984_1.02

MOTIF M0536_1.02 (Cd36_27450)_(Saccharomyces_cerevisiae)_(DBD_0.72)

letter-probability matrix: alength= 4 w= 10 nsites= 1 E= 0
  0.314178	  0.172425	  0.304893	  0.208504	
  0.294373	  0.205377	  0.266360	  0.233889	
  0.338462	  0.182074	  0.243328	  0.236137	
  0.333526	  0.239780	  0.230378	  0.196315	
  0.277256	  0.191511	  0.248376	  0.282857	
  0.332636	  0.209987	  0.234404	  0.222972	
  0.362827	  0.110380	  0.370157	  0.156636	
  0.280685	  0.207936	  0.342829	  0.168550	
  0.467480	  0.171976	  0.168571	  0.191973	
  0.625209	  0.015304	  0.241794	  0.117694	

URL http://cisbp.ccbr.utoronto.ca/TFreport.php?versionNumber=1.02&searchTF=T067967_1.02

MOTIF M0539_1.02 (Cd36_31890)_(Saccharomyces_cerevisiae)_(DBD_0.72)

letter-probability matrix: alength= 4 w= 8 nsites= 1 E= 0
  0.170491	  0.295434	  0.022831	  0.511245	
  0.162423	  0.837406	  0.000085	  0.000085	
  0.984146	  0.015698	  0.000078	  0.000078	
  0.039128	  0.000078	  0.960715	  0.000078	
  0.000078	  0.000078	  0.999766	  0.000078	
  0.007888	  0.023508	  0.898235	  0.070369	
  0.190024	  0.070072	  0.719812	  0.020092	
  0.175716	  0.378309	  0.243247	  0.202728	

URL http://cisbp.ccbr.utoronto.ca/TFreport.php?versionNumber=1.02&searchTF=T067968_1.02

MOTIF M0729_1.02 (Cd36_09290)_(Mus_musculus)_(DBD_0.42)

letter-probability matrix: alength= 4 w= 8 nsites= 1 E= 0
  0.160144	  0.000399	  0.839058	  0.000399	
  0.000322	  0.032539	  0.000322	  0.966817	
  0.878027	  0.121368	  0.000303	  0.000303	
  0.968826	  0.030569	  0.000303	  0.000303	
  0.999092	  0.000303	  0.000303	  0.000303	
  0.000303	  0.635896	  0.000303	  0.363499	
  0.999092	  0.000303	  0.000303	  0.000303	
  0.630777	  0.105567	  0.105567	  0.158088	

URL http://cisbp.ccbr.utoronto.ca/TFreport.php?versionNumber=1.02&searchTF=T083457_1.02

MOTIF M0750_1.02 (Cd36_80620)_(Saccharomyces_cerevisiae)_(DBD_0.59)

letter-probability matrix: alength= 4 w= 10 nsites= 1 E= 0
  0.333384	  0.186661	  0.227988	  0.251966	
  0.243491	  0.236295	  0.191537	  0.328678	
  0.290403	  0.120454	  0.508400	  0.080743	
  0.144493	  0.108119	  0.080096	  0.667293	
  0.665365	  0.230520	  0.042535	  0.061580	
  0.737993	  0.130835	  0.027220	  0.103953	
  0.810160	  0.045026	  0.052312	  0.092502	
  0.087322	  0.613757	  0.079806	  0.219115	
  0.815710	  0.031002	  0.077794	  0.075494	
  0.402874	  0.192217	  0.160553	  0.244356	

URL http://cisbp.ccbr.utoronto.ca/TFreport.php?versionNumber=1.02&searchTF=T083459_1.02

MOTIF M0779_1.02 (Cd36_04890)_(Dictyostelium_discoideum)_(DBD_0.71)

letter-probability matrix: alength= 4 w= 8 nsites= 1 E= 0
  0.096972	  0.161405	  0.225838	  0.515786	
  0.292641	  0.706871	  0.000244	  0.000244	
  0.000244	  0.000244	  0.999269	  0.000244	
  0.999269	  0.000244	  0.000244	  0.000244	
  0.000244	  0.000244	  0.000244	  0.999269	
  0.000244	  0.999269	  0.000244	  0.000244	
  0.000263	  0.000263	  0.683754	  0.315720	
  0.111317	  0.148299	  0.259246	  0.481139	

URL http://cisbp.ccbr.utoronto.ca/TFreport.php?versionNumber=1.02&searchTF=T086087_1.02

MOTIF M0798_1.02 (Cd36_27910)_(Saccharomyces_cerevisiae)_(DBD_0.71)

letter-probability matrix: alength= 4 w= 8 nsites= 1 E= 0
  0.247804	  0.271140	  0.235718	  0.245338	
  0.261670	  0.297997	  0.154020	  0.286313	
  0.052780	  0.029849	  0.876675	  0.040696	
  0.926075	  0.021998	  0.011034	  0.040893	
  0.058687	  0.022697	  0.027722	  0.890894	
  0.705984	  0.042504	  0.014148	  0.237364	
  0.466491	  0.155281	  0.201389	  0.176839	
  0.199833	  0.275195	  0.367778	  0.157194	

URL http://cisbp.ccbr.utoronto.ca/TFreport.php?versionNumber=1.02&searchTF=T086092_1.02

MOTIF M0801_1.02 (Cd36_45460)_(Saccharomyces_cerevisiae)_(DBD_0.71)

letter-probability matrix: alength= 4 w= 8 nsites= 1 E= 0
  0.270248	  0.432235	  0.000270	  0.297246	
  0.000196	  0.000196	  0.999412	  0.000196	
  0.999424	  0.000192	  0.000192	  0.000192	
  0.000192	  0.000192	  0.000192	  0.999424	
  0.980208	  0.000192	  0.019408	  0.000192	
  0.940635	  0.000196	  0.000196	  0.058973	
  0.022934	  0.113760	  0.840372	  0.022934	
  0.344697	  0.241391	  0.241391	  0.172521	

URL http://cisbp.ccbr.utoronto.ca/TFreport.php?versionNumber=1.02&searchTF=T086093_1.02

MOTIF M0803_1.02 (Cd36_53950)_(Saccharomyces_cerevisiae)_(DBD_0.71)

letter-probability matrix: alength= 4 w= 10 nsites= 1 E= 0
  0.275281	  0.242608	  0.224974	  0.257137	
  0.241344	  0.282465	  0.204031	  0.272159	
  0.196189	  0.245027	  0.396334	  0.162450	
  0.410715	  0.155415	  0.184636	  0.249234	
  0.106170	  0.067699	  0.065591	  0.760540	
  0.760540	  0.065591	  0.067699	  0.106170	
  0.249234	  0.184636	  0.155415	  0.410715	
  0.162450	  0.396334	  0.245027	  0.196189	
  0.272159	  0.204031	  0.282465	  0.241344	
  0.257137	  0.224974	  0.242608	  0.275281	

URL http://cisbp.ccbr.utoronto.ca/TFreport.php?versionNumber=1.02&searchTF=T086094_1.02

MOTIF M0818_1.02 (Cd36_21640)_(Candida_albicans)_(DBD_0.96)

letter-probability matrix: alength= 4 w= 10 nsites= 1 E= 0
  0.319251	  0.197023	  0.286703	  0.197023	
  0.611647	  0.095513	  0.197327	  0.095513	
  0.999354	  0.000215	  0.000215	  0.000215	
  0.000215	  0.000215	  0.000215	  0.999354	
  0.000215	  0.087309	  0.912261	  0.000215	
  0.087309	  0.000215	  0.000215	  0.912261	
  0.000215	  0.912261	  0.000215	  0.087309	
  0.000215	  0.000215	  0.999354	  0.000215	
  0.140286	  0.376972	  0.140282	  0.342460	
  0.358864	  0.154702	  0.244642	  0.241792	

URL http://cisbp.ccbr.utoronto.ca/TFreport.php?versionNumber=1.02&searchTF=T087060_1.02

MOTIF M0819_1.02 (Cd36_01290)_(Candida_albicans)_(DBD_1.00)

letter-probability matrix: alength= 4 w= 10 nsites= 1 E= 0
  0.214289	  0.286382	  0.218618	  0.280711	
  0.294242	  0.195274	  0.274349	  0.236135	
  0.215817	  0.245779	  0.389332	  0.149072	
  0.125801	  0.141841	  0.102997	  0.629361	
  0.011443	  0.035781	  0.869061	  0.083715	
  0.174768	  0.064294	  0.066252	  0.694686	
  0.000482	  0.871103	  0.079025	  0.049391	
  0.122680	  0.252038	  0.357659	  0.267623	
  0.093913	  0.137328	  0.615462	  0.153296	
  0.270634	  0.247340	  0.273353	  0.208672	

URL http://cisbp.ccbr.utoronto.ca/TFreport.php?versionNumber=1.02&searchTF=T087059_1.02

MOTIF M0829_1.02 (Cd36_54680)_(Candida_albicans)_(DBD_0.95)

letter-probability matrix: alength= 4 w= 9 nsites= 1 E= 0
  0.172623	  0.296222	  0.276195	  0.254960	
  0.103807	  0.337827	  0.088459	  0.469907	
  0.635288	  0.126986	  0.095974	  0.141752	
  0.768928	  0.100988	  0.086921	  0.043164	
  0.005263	  0.129106	  0.027956	  0.837676	
  0.329906	  0.130165	  0.103421	  0.436508	
  0.374164	  0.137647	  0.086894	  0.401294	
  0.446995	  0.161184	  0.192972	  0.198849	
  0.268242	  0.215269	  0.211007	  0.305482	

URL http://cisbp.ccbr.utoronto.ca/TFreport.php?versionNumber=1.02&searchTF=T102990_1.02

MOTIF M1298_1.02 (Cd36_70830)_(Mus_musculus)_(DBD_0.78)

letter-probability matrix: alength= 4 w= 10 nsites= 1 E= 0
  0.212984	  0.416099	  0.142972	  0.227946	
  0.201998	  0.401559	  0.182516	  0.213926	
  0.432247	  0.083239	  0.179282	  0.305232	
  0.394149	  0.098816	  0.146383	  0.360652	
  0.532912	  0.075998	  0.118189	  0.272901	
  0.272901	  0.118189	  0.075998	  0.532912	
  0.360652	  0.146383	  0.098816	  0.394149	
  0.305232	  0.179282	  0.083239	  0.432247	
  0.213926	  0.182516	  0.401559	  0.201998	
  0.227946	  0.142972	  0.416099	  0.212984	

URL http://cisbp.ccbr.utoronto.ca/TFreport.php?versionNumber=1.02&searchTF=T112847_1.02

MOTIF M1299_1.02 (Cd36_41250)_(Saccharomyces_cerevisiae)_(DBD_0.80)

letter-probability matrix: alength= 4 w= 8 nsites= 1 E= 0
  0.009615	  0.009615	  0.009615	  0.971154	
  0.009615	  0.009615	  0.009615	  0.971154	
  0.971154	  0.009615	  0.009615	  0.009615	
  0.971154	  0.009615	  0.009615	  0.009615	
  0.009615	  0.009615	  0.009615	  0.971154	
  0.971154	  0.009615	  0.009615	  0.009615	
  0.971154	  0.009615	  0.009615	  0.009615	
  0.971154	  0.009615	  0.009615	  0.009615	

URL http://cisbp.ccbr.utoronto.ca/TFreport.php?versionNumber=1.02&searchTF=T112846_1.02

MOTIF M1535_1.02 (Cd36_31600)_(Pediculus_humanus)_(DBD_0.38)

letter-probability matrix: alength= 4 w= 10 nsites= 1 E= 0
  0.086987	  0.605320	  0.156923	  0.150770	
  0.270498	  0.273216	  0.169062	  0.287224	
  0.105470	  0.121319	  0.075070	  0.698142	
  0.471756	  0.088807	  0.414247	  0.025190	
  0.198660	  0.056917	  0.707398	  0.037025	
  0.171687	  0.536824	  0.035363	  0.256126	
  0.565485	  0.022594	  0.205960	  0.205960	
  0.898645	  0.039287	  0.042559	  0.019509	
  0.006153	  0.941002	  0.000547	  0.052297	
  0.205341	  0.328545	  0.335182	  0.130931	

URL http://cisbp.ccbr.utoronto.ca/TFreport.php?versionNumber=1.02&searchTF=T139162_1.02

MOTIF M1536_1.02 (Cd36_41920)_(Saccharomyces_cerevisiae)_(DBD_0.25)

letter-probability matrix: alength= 4 w= 10 nsites= 1 E= 0
  0.303616	  0.261306	  0.304898	  0.130180	
  0.021826	  0.021826	  0.021826	  0.934522	
  0.562489	  0.000130	  0.437251	  0.000130	
  0.000130	  0.000130	  0.999610	  0.000130	
  0.000130	  0.912826	  0.000130	  0.086914	
  0.999610	  0.000130	  0.000130	  0.000130	
  0.999610	  0.000130	  0.000130	  0.000130	
  0.000130	  0.999610	  0.000130	  0.000130	
  0.119950	  0.407015	  0.353086	  0.119950	
  0.315088	  0.228304	  0.228304	  0.228304	

URL http://cisbp.ccbr.utoronto.ca/TFreport.php?versionNumber=1.02&searchTF=T139163_1.02

MOTIF M1641_1.02 (Cd36_09990)_(Mus_musculus)_(DBD_0.80)

letter-probability matrix: alength= 4 w= 7 nsites= 1 E= 0
  0.486500	  0.104296	  0.119969	  0.289234	
  0.014489	  0.191210	  0.078521	  0.715780	
  0.639678	  0.069475	  0.000533	  0.290314	
  0.371463	  0.095340	  0.000769	  0.532428	
  0.515031	  0.123251	  0.123251	  0.238466	
  0.400342	  0.112429	  0.110202	  0.377028	
  0.323600	  0.170632	  0.188577	  0.317192	

URL http://cisbp.ccbr.utoronto.ca/TFreport.php?versionNumber=1.02&searchTF=T150929_1.02

MOTIF M1890_1.02 (Cd36_07150)_(Homo_sapiens)_(DBD_0.72)

letter-probability matrix: alength= 4 w= 18 nsites= 1 E= 0
  0.536953	  0.172787	  0.112112	  0.178148	
  0.135379	  0.112568	  0.522354	  0.229699	
  0.404653	  0.257299	  0.247263	  0.090785	
  0.137203	  0.339074	  0.453695	  0.070027	
  0.208257	  0.267336	  0.035698	  0.488709	
  0.021898	  0.095119	  0.546077	  0.336907	
  0.027030	  0.842153	  0.054859	  0.075958	
  0.001825	  0.113253	  0.027600	  0.857322	
  0.025319	  0.116104	  0.819001	  0.039576	
  0.975707	  0.000228	  0.017108	  0.006957	
  0.000570	  0.005931	  0.000912	  0.992587	
  0.001141	  0.000570	  0.000570	  0.997719	
  0.003307	  0.001141	  0.994526	  0.001026	
  0.001369	  0.007984	  0.990306	  0.000342	
  0.042997	  0.305315	  0.001711	  0.649977	
  0.052464	  0.449703	  0.213618	  0.284215	
  0.175297	  0.476277	  0.253992	  0.094434	
  0.485972	  0.129562	  0.308736	  0.075730	

URL http://cisbp.ccbr.utoronto.ca/TFreport.php?versionNumber=1.02&searchTF=T070740_1.02

MOTIF M4333_1.02 (Cd36_24700)_(Saccharomyces_cerevisiae)_(DBD_0.74)

letter-probability matrix: alength= 4 w= 5 nsites= 1 E= 0
  1.000000	  0.000000	  0.000000	  0.000000	
  0.000000	  0.000000	  0.000000	  1.000000	
  0.000000	  1.000000	  0.000000	  0.000000	
  1.000000	  0.000000	  0.000000	  0.000000	
  0.500000	  0.000000	  0.500000	  0.000000	

URL http://cisbp.ccbr.utoronto.ca/TFreport.php?versionNumber=1.02&searchTF=T086091_1.02

MOTIF M4414_1.02 (Cd36_12620)_(Saccharomyces_cerevisiae)_(DBD_0.75)

letter-probability matrix: alength= 4 w= 6 nsites= 1 E= 0
  0.000000	  0.500000	  0.500000	  0.000000	
  0.500000	  0.500000	  0.000000	  0.000000	
  0.000000	  0.000000	  1.000000	  0.000000	
  0.000000	  0.000000	  1.000000	  0.000000	
  0.000000	  0.500000	  0.500000	  0.000000	
  0.000000	  0.000000	  1.000000	  0.000000	

URL http://cisbp.ccbr.utoronto.ca/TFreport.php?versionNumber=1.02&searchTF=T071973_1.02

