MEME version 4

ALPHABET= ACGT

strands: + -

Background letter frequencies (from uniform background):
A 0.25000 C 0.25000 G 0.25000 T 0.25000 

MOTIF M0277_1.02 (CPAG_05080)_(Aspergillus_nidulans)_(DBD_0.56)

letter-probability matrix: alength= 4 w= 10 nsites= 1 E= 0
  0.154221	  0.132739	  0.506936	  0.206105	
  0.384330	  0.442085	  0.102668	  0.070916	
  0.058696	  0.013228	  0.037054	  0.891022	
  0.007506	  0.030745	  0.385962	  0.575787	
  0.911092	  0.000094	  0.061846	  0.026968	
  0.063690	  0.586417	  0.169700	  0.180193	
  0.278427	  0.160639	  0.196204	  0.364730	
  0.518034	  0.154476	  0.059742	  0.267747	
  0.729176	  0.086653	  0.088404	  0.095767	
  0.258065	  0.140220	  0.224351	  0.377364	

URL http://cisbp.ccbr.utoronto.ca/TFreport.php?versionNumber=1.02&searchTF=T022592_1.02

MOTIF M0341_1.02 (CPAG_04763)_(Schizosaccharomyces_pombe)_(DBD_0.57)

letter-probability matrix: alength= 4 w= 10 nsites= 1 E= 0
  0.570600	  0.126453	  0.170367	  0.132581	
  0.195785	  0.086320	  0.008371	  0.709524	
  0.193607	  0.163160	  0.313589	  0.329644	
  0.494817	  0.042071	  0.276108	  0.187005	
  0.071217	  0.695225	  0.054727	  0.178831	
  0.178831	  0.054727	  0.695225	  0.071217	
  0.187005	  0.276108	  0.042071	  0.494817	
  0.329644	  0.313589	  0.163160	  0.193607	
  0.709524	  0.008371	  0.086320	  0.195785	
  0.132581	  0.170367	  0.126453	  0.570600	

URL http://cisbp.ccbr.utoronto.ca/TFreport.php?versionNumber=1.02&searchTF=T022591_1.02

MOTIF M0352_1.02 (CPAG_02317)_(Saccharomyces_cerevisiae)_(DBD_0.66)

letter-probability matrix: alength= 4 w= 10 nsites= 1 E= 0
  0.211517	  0.183884	  0.282677	  0.321921	
  0.431823	  0.132690	  0.350029	  0.085457	
  0.003684	  0.000104	  0.000000	  0.996212	
  0.003146	  0.021457	  0.850682	  0.124716	
  0.985610	  0.004871	  0.003265	  0.006254	
  0.054920	  0.630099	  0.207655	  0.107327	
  0.226603	  0.085046	  0.213406	  0.474945	
  0.232372	  0.491932	  0.127529	  0.148167	
  0.469883	  0.185394	  0.183549	  0.161174	
  0.230654	  0.257474	  0.200521	  0.311351	

URL http://cisbp.ccbr.utoronto.ca/TFreport.php?versionNumber=1.02&searchTF=T022588_1.02

MOTIF M0505_1.02 (CPAG_01644)_(Saccharomyces_cerevisiae)_(DBD_0.71)

letter-probability matrix: alength= 4 w= 9 nsites= 1 E= 0
  0.263492	  0.243234	  0.199143	  0.294131	
  0.339564	  0.339564	  0.132643	  0.188229	
  0.647289	  0.100765	  0.200897	  0.051049	
  0.040855	  0.000148	  0.925212	  0.033785	
  0.000055	  0.000044	  0.999595	  0.000306	
  0.022743	  0.000055	  0.976769	  0.000434	
  0.250759	  0.118450	  0.099932	  0.530858	
  0.130351	  0.512975	  0.116773	  0.239901	
  0.125682	  0.461166	  0.141707	  0.271445	

URL http://cisbp.ccbr.utoronto.ca/TFreport.php?versionNumber=1.02&searchTF=T032987_1.02

MOTIF M0508_1.02 (CPAG_03992)_(Saccharomyces_cerevisiae)_(DBD_0.72)

letter-probability matrix: alength= 4 w= 10 nsites= 1 E= 0
  0.288711	  0.203615	  0.304059	  0.203615	
  0.176117	  0.080211	  0.272399	  0.471273	
  0.000028	  0.000028	  0.799607	  0.200336	
  0.000028	  0.418307	  0.000028	  0.581637	
  0.000028	  0.000028	  0.999915	  0.000028	
  0.000028	  0.000028	  0.999915	  0.000028	
  0.000028	  0.000028	  0.999915	  0.000028	
  0.000028	  0.000028	  0.999915	  0.000028	
  0.046413	  0.046413	  0.046413	  0.860761	
  0.490550	  0.169817	  0.169817	  0.169817	

URL http://cisbp.ccbr.utoronto.ca/TFreport.php?versionNumber=1.02&searchTF=T032996_1.02

MOTIF M0510_1.02 (CPAG_01593)_(Saccharomyces_cerevisiae)_(DBD_0.72)

letter-probability matrix: alength= 4 w= 8 nsites= 1 E= 0
  0.155238	  0.430910	  0.241385	  0.172467	
  0.069049	  0.115005	  0.126494	  0.689453	
  0.000090	  0.000090	  0.999730	  0.000090	
  0.017625	  0.017625	  0.035163	  0.929586	
  0.000088	  0.008857	  0.990968	  0.000088	
  0.000088	  0.000088	  0.990888	  0.008935	
  0.009802	  0.970594	  0.009802	  0.009802	
  0.086500	  0.049482	  0.604763	  0.259255	

URL http://cisbp.ccbr.utoronto.ca/TFreport.php?versionNumber=1.02&searchTF=T032986_1.02

MOTIF M0514_1.02 (CPAG_00149)_(Saccharomyces_cerevisiae)_(DBD_0.70)

letter-probability matrix: alength= 4 w= 9 nsites= 1 E= 0
  0.316777	  0.180946	  0.269939	  0.232339	
  0.350186	  0.106534	  0.283855	  0.259424	
  0.526900	  0.094350	  0.127359	  0.251391	
  0.276288	  0.142800	  0.125392	  0.455521	
  0.635588	  0.166426	  0.088637	  0.109350	
  0.159920	  0.092266	  0.629342	  0.118472	
  0.186191	  0.063230	  0.630665	  0.119914	
  0.306984	  0.046843	  0.564983	  0.081190	
  0.275201	  0.024966	  0.606377	  0.093457	

URL http://cisbp.ccbr.utoronto.ca/TFreport.php?versionNumber=1.02&searchTF=T032980_1.02

MOTIF M0518_1.02 (CPAG_01972)_(Saccharomyces_cerevisiae)_(DBD_0.77)

letter-probability matrix: alength= 4 w= 10 nsites= 1 E= 0
  0.324069	  0.194602	  0.223846	  0.257484	
  0.321670	  0.174779	  0.253034	  0.250517	
  0.219126	  0.223552	  0.192413	  0.364908	
  0.169345	  0.233210	  0.483929	  0.113515	
  0.109153	  0.456116	  0.034218	  0.400513	
  0.028905	  0.000271	  0.938235	  0.032590	
  0.027732	  0.029154	  0.927587	  0.015527	
  0.248758	  0.000277	  0.747309	  0.003656	
  0.127560	  0.001282	  0.779451	  0.091706	
  0.258253	  0.153536	  0.294105	  0.294105	

URL http://cisbp.ccbr.utoronto.ca/TFreport.php?versionNumber=1.02&searchTF=T032988_1.02

MOTIF M0523_1.02 (CPAG_02704)_(Saccharomyces_cerevisiae)_(DBD_0.77)

letter-probability matrix: alength= 4 w= 10 nsites= 1 E= 0
  0.308679	  0.221917	  0.245256	  0.224147	
  0.328203	  0.195124	  0.235953	  0.240720	
  0.306074	  0.174832	  0.263440	  0.255654	
  0.101564	  0.065411	  0.765622	  0.067403	
  0.237339	  0.343604	  0.035499	  0.383558	
  0.055556	  0.056114	  0.851828	  0.036503	
  0.091114	  0.069555	  0.838919	  0.000412	
  0.121043	  0.033993	  0.817411	  0.027554	
  0.129826	  0.051738	  0.754607	  0.063828	
  0.193503	  0.205469	  0.306523	  0.294504	

URL http://cisbp.ccbr.utoronto.ca/TFreport.php?versionNumber=1.02&searchTF=T032992_1.02

MOTIF M0532_1.02 (CPAG_05546)_(Saccharomyces_cerevisiae)_(DBD_0.72)

letter-probability matrix: alength= 4 w= 10 nsites= 1 E= 0
  0.284861	  0.187167	  0.314820	  0.213151	
  0.318640	  0.092209	  0.211465	  0.377685	
  0.087381	  0.040865	  0.796544	  0.075210	
  0.296222	  0.391941	  0.018562	  0.293275	
  0.030457	  0.005849	  0.894542	  0.069152	
  0.058272	  0.001641	  0.939281	  0.000807	
  0.137082	  0.001139	  0.829300	  0.032479	
  0.061219	  0.020999	  0.716552	  0.201231	
  0.246999	  0.198222	  0.246999	  0.307780	
  0.346702	  0.180994	  0.225533	  0.246772	

URL http://cisbp.ccbr.utoronto.ca/TFreport.php?versionNumber=1.02&searchTF=T033004_1.02

MOTIF M0533_1.02 (CPAG_03960)_(Saccharomyces_cerevisiae)_(DBD_0.72)

letter-probability matrix: alength= 4 w= 8 nsites= 1 E= 0
  0.543906	  0.287988	  0.040067	  0.128039	
  0.785091	  0.033615	  0.181227	  0.000067	
  0.006514	  0.000064	  0.993357	  0.000064	
  0.000064	  0.000064	  0.999807	  0.000064	
  0.000064	  0.000064	  0.999807	  0.000064	
  0.013049	  0.045508	  0.928395	  0.013049	
  0.050067	  0.225008	  0.241669	  0.483256	
  0.494003	  0.129468	  0.211783	  0.164746	

URL http://cisbp.ccbr.utoronto.ca/TFreport.php?versionNumber=1.02&searchTF=T032995_1.02

MOTIF M0535_1.02 (CPAG_02889)_(Saccharomyces_cerevisiae)_(DBD_0.77)

letter-probability matrix: alength= 4 w= 12 nsites= 1 E= 0
  0.226689	  0.226689	  0.319932	  0.226689	
  0.338195	  0.156882	  0.254798	  0.250124	
  0.052292	  0.052292	  0.843124	  0.052292	
  0.022104	  0.022104	  0.933688	  0.022104	
  0.000043	  0.899681	  0.100234	  0.000043	
  0.209039	  0.000043	  0.516730	  0.274188	
  0.000043	  0.725727	  0.000043	  0.274188	
  0.899681	  0.000043	  0.000043	  0.100234	
  0.023353	  0.023353	  0.829749	  0.123545	
  0.193352	  0.503917	  0.093161	  0.209570	
  0.197751	  0.406748	  0.197751	  0.197751	
  0.227939	  0.227939	  0.227939	  0.316184	

URL http://cisbp.ccbr.utoronto.ca/TFreport.php?versionNumber=1.02&searchTF=T032993_1.02

MOTIF M0539_1.02 (CPAG_00564)_(Saccharomyces_cerevisiae)_(DBD_0.72)

letter-probability matrix: alength= 4 w= 8 nsites= 1 E= 0
  0.170491	  0.295434	  0.022831	  0.511245	
  0.162423	  0.837406	  0.000085	  0.000085	
  0.984146	  0.015698	  0.000078	  0.000078	
  0.039128	  0.000078	  0.960715	  0.000078	
  0.000078	  0.000078	  0.999766	  0.000078	
  0.007888	  0.023508	  0.898235	  0.070369	
  0.190024	  0.070072	  0.719812	  0.020092	
  0.175716	  0.378309	  0.243247	  0.202728	

URL http://cisbp.ccbr.utoronto.ca/TFreport.php?versionNumber=1.02&searchTF=T032982_1.02

MOTIF M0750_1.02 (CPAG_03572)_(Saccharomyces_cerevisiae)_(DBD_0.60)

letter-probability matrix: alength= 4 w= 10 nsites= 1 E= 0
  0.333384	  0.186661	  0.227988	  0.251966	
  0.243491	  0.236295	  0.191537	  0.328678	
  0.290403	  0.120454	  0.508400	  0.080743	
  0.144493	  0.108119	  0.080096	  0.667293	
  0.665365	  0.230520	  0.042535	  0.061580	
  0.737993	  0.130835	  0.027220	  0.103953	
  0.810160	  0.045026	  0.052312	  0.092502	
  0.087322	  0.613757	  0.079806	  0.219115	
  0.815710	  0.031002	  0.077794	  0.075494	
  0.402874	  0.192217	  0.160553	  0.244356	

URL http://cisbp.ccbr.utoronto.ca/TFreport.php?versionNumber=1.02&searchTF=T080708_1.02

MOTIF M0752_1.02 (CPAG_02650)_(Saccharomyces_cerevisiae)_(DBD_0.44)

letter-probability matrix: alength= 4 w= 10 nsites= 1 E= 0
  0.280208	  0.207584	  0.258665	  0.253543	
  0.254421	  0.227919	  0.227919	  0.289742	
  0.291528	  0.136338	  0.471132	  0.101002	
  0.177849	  0.121624	  0.110050	  0.590478	
  0.600876	  0.264645	  0.053968	  0.080511	
  0.706052	  0.148367	  0.051919	  0.093662	
  0.755353	  0.067842	  0.067167	  0.109638	
  0.089169	  0.528758	  0.091884	  0.290189	
  0.717520	  0.069117	  0.097106	  0.116257	
  0.356358	  0.229507	  0.193627	  0.220508	

URL http://cisbp.ccbr.utoronto.ca/TFreport.php?versionNumber=1.02&searchTF=T080706_1.02

MOTIF M0779_1.02 (CPAG_05034)_(Dictyostelium_discoideum)_(DBD_0.71)

letter-probability matrix: alength= 4 w= 8 nsites= 1 E= 0
  0.096972	  0.161405	  0.225838	  0.515786	
  0.292641	  0.706871	  0.000244	  0.000244	
  0.000244	  0.000244	  0.999269	  0.000244	
  0.999269	  0.000244	  0.000244	  0.000244	
  0.000244	  0.000244	  0.000244	  0.999269	
  0.000244	  0.999269	  0.000244	  0.000244	
  0.000263	  0.000263	  0.683754	  0.315720	
  0.111317	  0.148299	  0.259246	  0.481139	

URL http://cisbp.ccbr.utoronto.ca/TFreport.php?versionNumber=1.02&searchTF=T083910_1.02

MOTIF M0798_1.02 (CPAG_04366)_(Saccharomyces_cerevisiae)_(DBD_0.71)

letter-probability matrix: alength= 4 w= 8 nsites= 1 E= 0
  0.247804	  0.271140	  0.235718	  0.245338	
  0.261670	  0.297997	  0.154020	  0.286313	
  0.052780	  0.029849	  0.876675	  0.040696	
  0.926075	  0.021998	  0.011034	  0.040893	
  0.058687	  0.022697	  0.027722	  0.890894	
  0.705984	  0.042504	  0.014148	  0.237364	
  0.466491	  0.155281	  0.201389	  0.176839	
  0.199833	  0.275195	  0.367778	  0.157194	

URL http://cisbp.ccbr.utoronto.ca/TFreport.php?versionNumber=1.02&searchTF=T083909_1.02

MOTIF M0802_1.02 (CPAG_05307)_(Saccharomyces_cerevisiae)_(DBD_0.71)

letter-probability matrix: alength= 4 w= 8 nsites= 1 E= 0
  0.241608	  0.275151	  0.239204	  0.244037	
  0.296230	  0.276203	  0.125353	  0.302214	
  0.112070	  0.056211	  0.764422	  0.067297	
  0.845075	  0.033096	  0.040424	  0.081404	
  0.133048	  0.032483	  0.083991	  0.750478	
  0.668490	  0.060041	  0.051163	  0.220307	
  0.508784	  0.134562	  0.198745	  0.157910	
  0.204053	  0.264642	  0.383132	  0.148173	

URL http://cisbp.ccbr.utoronto.ca/TFreport.php?versionNumber=1.02&searchTF=T083911_1.02

MOTIF M0803_1.02 (CPAG_02004)_(Saccharomyces_cerevisiae)_(DBD_0.71)

letter-probability matrix: alength= 4 w= 10 nsites= 1 E= 0
  0.275281	  0.242608	  0.224974	  0.257137	
  0.241344	  0.282465	  0.204031	  0.272159	
  0.196189	  0.245027	  0.396334	  0.162450	
  0.410715	  0.155415	  0.184636	  0.249234	
  0.106170	  0.067699	  0.065591	  0.760540	
  0.760540	  0.065591	  0.067699	  0.106170	
  0.249234	  0.184636	  0.155415	  0.410715	
  0.162450	  0.396334	  0.245027	  0.196189	
  0.272159	  0.204031	  0.282465	  0.241344	
  0.257137	  0.224974	  0.242608	  0.275281	

URL http://cisbp.ccbr.utoronto.ca/TFreport.php?versionNumber=1.02&searchTF=T083904_1.02

MOTIF M0818_1.02 (CPAG_03671)_(Candida_albicans)_(DBD_0.76)

letter-probability matrix: alength= 4 w= 10 nsites= 1 E= 0
  0.319251	  0.197023	  0.286703	  0.197023	
  0.611647	  0.095513	  0.197327	  0.095513	
  0.999354	  0.000215	  0.000215	  0.000215	
  0.000215	  0.000215	  0.000215	  0.999354	
  0.000215	  0.087309	  0.912261	  0.000215	
  0.087309	  0.000215	  0.000215	  0.912261	
  0.000215	  0.912261	  0.000215	  0.087309	
  0.000215	  0.000215	  0.999354	  0.000215	
  0.140286	  0.376972	  0.140282	  0.342460	
  0.358864	  0.154702	  0.244642	  0.241792	

URL http://cisbp.ccbr.utoronto.ca/TFreport.php?versionNumber=1.02&searchTF=T086874_1.02

MOTIF M0819_1.02 (CPAG_00882)_(Candida_albicans)_(DBD_0.84)

letter-probability matrix: alength= 4 w= 10 nsites= 1 E= 0
  0.214289	  0.286382	  0.218618	  0.280711	
  0.294242	  0.195274	  0.274349	  0.236135	
  0.215817	  0.245779	  0.389332	  0.149072	
  0.125801	  0.141841	  0.102997	  0.629361	
  0.011443	  0.035781	  0.869061	  0.083715	
  0.174768	  0.064294	  0.066252	  0.694686	
  0.000482	  0.871103	  0.079025	  0.049391	
  0.122680	  0.252038	  0.357659	  0.267623	
  0.093913	  0.137328	  0.615462	  0.153296	
  0.270634	  0.247340	  0.273353	  0.208672	

URL http://cisbp.ccbr.utoronto.ca/TFreport.php?versionNumber=1.02&searchTF=T086873_1.02

MOTIF M0829_1.02 (CPAG_03842)_(Candida_albicans)_(DBD_0.82)

letter-probability matrix: alength= 4 w= 9 nsites= 1 E= 0
  0.172623	  0.296222	  0.276195	  0.254960	
  0.103807	  0.337827	  0.088459	  0.469907	
  0.635288	  0.126986	  0.095974	  0.141752	
  0.768928	  0.100988	  0.086921	  0.043164	
  0.005263	  0.129106	  0.027956	  0.837676	
  0.329906	  0.130165	  0.103421	  0.436508	
  0.374164	  0.137647	  0.086894	  0.401294	
  0.446995	  0.161184	  0.192972	  0.198849	
  0.268242	  0.215269	  0.211007	  0.305482	

URL http://cisbp.ccbr.utoronto.ca/TFreport.php?versionNumber=1.02&searchTF=T089205_1.02

MOTIF M1297_1.02 (CPAG_03930)_(Dictyostelium_discoideum)_(DBD_0.88)

letter-probability matrix: alength= 4 w= 10 nsites= 1 E= 0
  0.233777	  0.598464	  0.083460	  0.084299	
  0.030948	  0.562453	  0.044359	  0.362240	
  0.506429	  0.042836	  0.155615	  0.295120	
  0.524310	  0.062308	  0.043907	  0.369475	
  0.657133	  0.044163	  0.042009	  0.256695	
  0.290800	  0.112464	  0.066862	  0.529873	
  0.281986	  0.340992	  0.131875	  0.245147	
  0.228299	  0.247314	  0.296088	  0.228299	
  0.301159	  0.033037	  0.594451	  0.071353	
  0.207356	  0.056511	  0.520315	  0.215818	

URL http://cisbp.ccbr.utoronto.ca/TFreport.php?versionNumber=1.02&searchTF=T110936_1.02

MOTIF M1299_1.02 (CPAG_01728)_(Saccharomyces_cerevisiae)_(DBD_0.76)

letter-probability matrix: alength= 4 w= 8 nsites= 1 E= 0
  0.009615	  0.009615	  0.009615	  0.971154	
  0.009615	  0.009615	  0.009615	  0.971154	
  0.971154	  0.009615	  0.009615	  0.009615	
  0.971154	  0.009615	  0.009615	  0.009615	
  0.009615	  0.009615	  0.009615	  0.971154	
  0.971154	  0.009615	  0.009615	  0.009615	
  0.971154	  0.009615	  0.009615	  0.009615	
  0.971154	  0.009615	  0.009615	  0.009615	

URL http://cisbp.ccbr.utoronto.ca/TFreport.php?versionNumber=1.02&searchTF=T110935_1.02

MOTIF M1531_1.02 (CPAG_04140)_(Mus_musculus)_(DBD_0.39)

letter-probability matrix: alength= 4 w= 10 nsites= 1 E= 0
  0.104605	  0.584172	  0.194454	  0.116769	
  0.266268	  0.282733	  0.156727	  0.294272	
  0.098718	  0.112423	  0.073867	  0.714991	
  0.512814	  0.101485	  0.365006	  0.020695	
  0.255170	  0.103744	  0.573599	  0.067487	
  0.184311	  0.457887	  0.038345	  0.319457	
  0.484397	  0.018971	  0.233435	  0.263197	
  0.869982	  0.053972	  0.047869	  0.028176	
  0.021911	  0.904128	  0.002656	  0.071305	
  0.236202	  0.300271	  0.335186	  0.128340	

URL http://cisbp.ccbr.utoronto.ca/TFreport.php?versionNumber=1.02&searchTF=T138595_1.02

MOTIF M1536_1.02 (CPAG_03150)_(Saccharomyces_cerevisiae)_(DBD_0.26)

letter-probability matrix: alength= 4 w= 10 nsites= 1 E= 0
  0.303616	  0.261306	  0.304898	  0.130180	
  0.021826	  0.021826	  0.021826	  0.934522	
  0.562489	  0.000130	  0.437251	  0.000130	
  0.000130	  0.000130	  0.999610	  0.000130	
  0.000130	  0.912826	  0.000130	  0.086914	
  0.999610	  0.000130	  0.000130	  0.000130	
  0.999610	  0.000130	  0.000130	  0.000130	
  0.000130	  0.999610	  0.000130	  0.000130	
  0.119950	  0.407015	  0.353086	  0.119950	
  0.315088	  0.228304	  0.228304	  0.228304	

URL http://cisbp.ccbr.utoronto.ca/TFreport.php?versionNumber=1.02&searchTF=T138594_1.02

MOTIF M1641_1.02 (CPAG_04505)_(Mus_musculus)_(DBD_0.81)

letter-probability matrix: alength= 4 w= 7 nsites= 1 E= 0
  0.486500	  0.104296	  0.119969	  0.289234	
  0.014489	  0.191210	  0.078521	  0.715780	
  0.639678	  0.069475	  0.000533	  0.290314	
  0.371463	  0.095340	  0.000769	  0.532428	
  0.515031	  0.123251	  0.123251	  0.238466	
  0.400342	  0.112429	  0.110202	  0.377028	
  0.323600	  0.170632	  0.188577	  0.317192	

URL http://cisbp.ccbr.utoronto.ca/TFreport.php?versionNumber=1.02&searchTF=T150391_1.02

MOTIF M1890_1.02 (CPAG_01070)_(Homo_sapiens)_(DBD_0.72)

letter-probability matrix: alength= 4 w= 18 nsites= 1 E= 0
  0.536953	  0.172787	  0.112112	  0.178148	
  0.135379	  0.112568	  0.522354	  0.229699	
  0.404653	  0.257299	  0.247263	  0.090785	
  0.137203	  0.339074	  0.453695	  0.070027	
  0.208257	  0.267336	  0.035698	  0.488709	
  0.021898	  0.095119	  0.546077	  0.336907	
  0.027030	  0.842153	  0.054859	  0.075958	
  0.001825	  0.113253	  0.027600	  0.857322	
  0.025319	  0.116104	  0.819001	  0.039576	
  0.975707	  0.000228	  0.017108	  0.006957	
  0.000570	  0.005931	  0.000912	  0.992587	
  0.001141	  0.000570	  0.000570	  0.997719	
  0.003307	  0.001141	  0.994526	  0.001026	
  0.001369	  0.007984	  0.990306	  0.000342	
  0.042997	  0.305315	  0.001711	  0.649977	
  0.052464	  0.449703	  0.213618	  0.284215	
  0.175297	  0.476277	  0.253992	  0.094434	
  0.485972	  0.129562	  0.308736	  0.075730	

URL http://cisbp.ccbr.utoronto.ca/TFreport.php?versionNumber=1.02&searchTF=T070377_1.02

MOTIF M4333_1.02 (CPAG_02467)_(Saccharomyces_cerevisiae)_(DBD_0.74)

letter-probability matrix: alength= 4 w= 5 nsites= 1 E= 0
  1.000000	  0.000000	  0.000000	  0.000000	
  0.000000	  0.000000	  0.000000	  1.000000	
  0.000000	  1.000000	  0.000000	  0.000000	
  1.000000	  0.000000	  0.000000	  0.000000	
  0.500000	  0.000000	  0.500000	  0.000000	

URL http://cisbp.ccbr.utoronto.ca/TFreport.php?versionNumber=1.02&searchTF=T083907_1.02

MOTIF M4414_1.02 (CPAG_03050)_(Saccharomyces_cerevisiae)_(DBD_0.85)

letter-probability matrix: alength= 4 w= 6 nsites= 1 E= 0
  0.000000	  0.500000	  0.500000	  0.000000	
  0.500000	  0.500000	  0.000000	  0.000000	
  0.000000	  0.000000	  1.000000	  0.000000	
  0.000000	  0.000000	  1.000000	  0.000000	
  0.000000	  0.500000	  0.500000	  0.000000	
  0.000000	  0.000000	  1.000000	  0.000000	

URL http://cisbp.ccbr.utoronto.ca/TFreport.php?versionNumber=1.02&searchTF=T071818_1.02

