MEME version 4

ALPHABET= ACGT

strands: + -

Background letter frequencies (from uniform background):
A 0.25000 C 0.25000 G 0.25000 T 0.25000 

MOTIF M0118_1.02 (CAOG_01636)_(Arabidopsis_thaliana)_(DBD_0.50)

letter-probability matrix: alength= 4 w= 9 nsites= 1 E= 0
  0.241564	  0.266970	  0.261683	  0.229783	
  0.209390	  0.306188	  0.250685	  0.233737	
  0.345181	  0.182011	  0.303102	  0.169706	
  0.329720	  0.179153	  0.251701	  0.239426	
  0.411309	  0.042920	  0.202217	  0.343554	
  0.710467	  0.047747	  0.000515	  0.241271	
  0.886835	  0.000921	  0.045045	  0.067199	
  0.454667	  0.009772	  0.038075	  0.497485	
  0.212559	  0.177544	  0.097438	  0.512458	

URL http://cisbp.ccbr.utoronto.ca/TFreport.php?versionNumber=1.02&searchTF=T008539_1.02

MOTIF M0134_1.02 (CAOG_01086)_(Pongo_pygmaeus)_(DBD_0.51)

letter-probability matrix: alength= 4 w= 8 nsites= 1 E= 0
  0.295752	  0.289896	  0.225771	  0.188580	
  0.256034	  0.248467	  0.263831	  0.231669	
  0.369207	  0.139960	  0.273515	  0.217317	
  0.334398	  0.133264	  0.250218	  0.282120	
  0.408108	  0.081576	  0.176185	  0.334131	
  0.716329	  0.002147	  0.001706	  0.279818	
  0.604747	  0.000300	  0.139047	  0.255906	
  0.270214	  0.135533	  0.076647	  0.517606	

URL http://cisbp.ccbr.utoronto.ca/TFreport.php?versionNumber=1.02&searchTF=T008538_1.02

MOTIF M0208_1.02 (CAOG_03375)_(Mus_musculus)_(DBD_0.62)

letter-probability matrix: alength= 4 w= 10 nsites= 1 E= 0
  0.274271	  0.193275	  0.312347	  0.220107	
  0.397562	  0.081073	  0.461902	  0.059463	
  0.077449	  0.094597	  0.100446	  0.727507	
  0.006596	  0.988797	  0.002736	  0.001871	
  0.881512	  0.052021	  0.015985	  0.050483	
  0.008133	  0.724836	  0.073402	  0.193629	
  0.156385	  0.032862	  0.798170	  0.012583	
  0.238338	  0.191271	  0.109256	  0.461135	
  0.027780	  0.028341	  0.883880	  0.059999	
  0.245119	  0.215238	  0.340953	  0.198690	

URL http://cisbp.ccbr.utoronto.ca/TFreport.php?versionNumber=1.02&searchTF=T011405_1.02

MOTIF M0223_1.02 (CAOG_01784)_(Mus_musculus)_(DBD_0.69)

letter-probability matrix: alength= 4 w= 9 nsites= 1 E= 0
  0.289595	  0.241890	  0.283861	  0.184654	
  0.208936	  0.392300	  0.215299	  0.183466	
  0.190230	  0.670642	  0.084626	  0.054502	
  0.482082	  0.088953	  0.313598	  0.115366	
  0.015362	  0.797825	  0.067484	  0.119330	
  0.289914	  0.047446	  0.658249	  0.004391	
  0.052344	  0.021495	  0.012156	  0.914005	
  0.000116	  0.000018	  0.999784	  0.000082	
  0.174078	  0.304753	  0.326850	  0.194319	

URL http://cisbp.ccbr.utoronto.ca/TFreport.php?versionNumber=1.02&searchTF=T011403_1.02

MOTIF M0719_1.02 (CAOG_00937)_(Homo_sapiens)_(DBD_0.49)

letter-probability matrix: alength= 4 w= 8 nsites= 1 E= 0
  0.374378	  0.001244	  0.623134	  0.001244	
  0.001106	  0.001106	  0.001106	  0.996681	
  0.996681	  0.001106	  0.001106	  0.001106	
  0.996681	  0.001106	  0.001106	  0.001106	
  0.996681	  0.001106	  0.001106	  0.001106	
  0.001106	  0.996681	  0.001106	  0.001106	
  0.996681	  0.001106	  0.001106	  0.001106	
  0.498344	  0.167219	  0.001656	  0.332781	

URL http://cisbp.ccbr.utoronto.ca/TFreport.php?versionNumber=1.02&searchTF=T080681_1.02

MOTIF M0721_1.02 (CAOG_05750)_(Mus_musculus)_(DBD_0.44)

letter-probability matrix: alength= 4 w= 9 nsites= 1 E= 0
  0.337606	  0.151696	  0.424910	  0.085788	
  0.214462	  0.151129	  0.074301	  0.560108	
  0.593218	  0.291652	  0.036436	  0.078694	
  0.697590	  0.152571	  0.033369	  0.116470	
  0.810620	  0.060208	  0.065878	  0.063295	
  0.020715	  0.679160	  0.040079	  0.260046	
  0.798255	  0.049523	  0.065525	  0.086698	
  0.354392	  0.210693	  0.192559	  0.242355	
  0.307967	  0.221405	  0.177681	  0.292947	

URL http://cisbp.ccbr.utoronto.ca/TFreport.php?versionNumber=1.02&searchTF=T080683_1.02

MOTIF M0727_1.02 (CAOG_01766)_(Mus_musculus)_(DBD_0.46)

letter-probability matrix: alength= 4 w= 9 nsites= 1 E= 0
  0.285936	  0.209719	  0.382132	  0.122213	
  0.259231	  0.180859	  0.145143	  0.414767	
  0.482799	  0.289919	  0.074411	  0.152872	
  0.584225	  0.181324	  0.065385	  0.169066	
  0.800779	  0.028377	  0.101047	  0.069797	
  0.006674	  0.733801	  0.002741	  0.256785	
  0.711264	  0.065173	  0.101194	  0.122369	
  0.343115	  0.208109	  0.218779	  0.229997	
  0.298983	  0.230531	  0.194491	  0.275996	

URL http://cisbp.ccbr.utoronto.ca/TFreport.php?versionNumber=1.02&searchTF=T080682_1.02

MOTIF M0757_1.02 (CAOG_07434)_(Strongylocentrotus_purpuratus)_(DBD_0.43)

letter-probability matrix: alength= 4 w= 10 nsites= 1 E= 0
  0.321884	  0.201178	  0.236085	  0.240854	
  0.216367	  0.234387	  0.239122	  0.310124	
  0.297171	  0.182055	  0.409243	  0.111532	
  0.279854	  0.144643	  0.132194	  0.443309	
  0.472247	  0.313407	  0.069235	  0.145111	
  0.572460	  0.196359	  0.062174	  0.169007	
  0.751021	  0.048981	  0.135834	  0.064163	
  0.037542	  0.655546	  0.026722	  0.280190	
  0.680835	  0.057015	  0.121915	  0.140235	
  0.359328	  0.213628	  0.193298	  0.233746	

URL http://cisbp.ccbr.utoronto.ca/TFreport.php?versionNumber=1.02&searchTF=T080684_1.02

MOTIF M0781_1.02 (CAOG_04548)_(Dictyostelium_discoideum)_(DBD_0.72)

letter-probability matrix: alength= 4 w= 9 nsites= 1 E= 0
  0.219716	  0.265691	  0.183522	  0.331071	
  0.250434	  0.265920	  0.243032	  0.240614	
  0.444513	  0.386441	  0.083678	  0.085369	
  0.084304	  0.006517	  0.866469	  0.042710	
  0.921264	  0.013273	  0.007735	  0.057728	
  0.016068	  0.014394	  0.000001	  0.969537	
  0.152074	  0.546954	  0.164739	  0.136233	
  0.135109	  0.205631	  0.261408	  0.397853	
  0.296179	  0.230665	  0.242491	  0.230665	

URL http://cisbp.ccbr.utoronto.ca/TFreport.php?versionNumber=1.02&searchTF=T083863_1.02

MOTIF M1298_1.02 (CAOG_01457)_(Mus_musculus)_(DBD_0.88)

letter-probability matrix: alength= 4 w= 10 nsites= 1 E= 0
  0.212984	  0.416099	  0.142972	  0.227946	
  0.201998	  0.401559	  0.182516	  0.213926	
  0.432247	  0.083239	  0.179282	  0.305232	
  0.394149	  0.098816	  0.146383	  0.360652	
  0.532912	  0.075998	  0.118189	  0.272901	
  0.272901	  0.118189	  0.075998	  0.532912	
  0.360652	  0.146383	  0.098816	  0.394149	
  0.305232	  0.179282	  0.083239	  0.432247	
  0.213926	  0.182516	  0.401559	  0.201998	
  0.227946	  0.142972	  0.416099	  0.212984	

URL http://cisbp.ccbr.utoronto.ca/TFreport.php?versionNumber=1.02&searchTF=T110924_1.02

MOTIF M1533_1.02 (CAOG_00356)_(Tetraodon_nigroviridis)_(DBD_0.53)

letter-probability matrix: alength= 4 w= 10 nsites= 1 E= 0
  0.099097	  0.002151	  0.876640	  0.022111	
  0.031155	  0.041636	  0.039211	  0.887998	
  0.200398	  0.235169	  0.019694	  0.544739	
  0.265306	  0.036266	  0.534261	  0.164167	
  0.049360	  0.691691	  0.062749	  0.196201	
  0.032642	  0.466656	  0.099047	  0.401655	
  0.664750	  0.079791	  0.114367	  0.141092	
  0.279005	  0.151598	  0.279005	  0.290392	
  0.120724	  0.130778	  0.660835	  0.087663	
  0.203722	  0.201695	  0.410247	  0.184336	

URL http://cisbp.ccbr.utoronto.ca/TFreport.php?versionNumber=1.02&searchTF=T138589_1.02

MOTIF M1622_1.02 CoBra

letter-probability matrix: alength= 4 w= 10 nsites= 1 E= 0
  0.304869	  0.141158	  0.314154	  0.239819	
  0.606114	  0.074969	  0.197763	  0.121155	
  0.205078	  0.143078	  0.504409	  0.147435	
  0.054634	  0.049932	  0.829367	  0.066067	
  0.009348	  0.112744	  0.002128	  0.875781	
  0.021846	  0.019966	  0.957223	  0.000965	
  0.178222	  0.166173	  0.033550	  0.622055	
  0.088967	  0.184613	  0.482153	  0.244267	
  0.921548	  0.016879	  0.047754	  0.013819	
  0.487494	  0.186658	  0.127648	  0.198200	

URL http://cisbp.ccbr.utoronto.ca/TFreport.php?versionNumber=1.02&searchTF=T148981_1.02

MOTIF M1641_1.02 (CAOG_06656)_(Mus_musculus)_(DBD_0.74)

letter-probability matrix: alength= 4 w= 7 nsites= 1 E= 0
  0.486500	  0.104296	  0.119969	  0.289234	
  0.014489	  0.191210	  0.078521	  0.715780	
  0.639678	  0.069475	  0.000533	  0.290314	
  0.371463	  0.095340	  0.000769	  0.532428	
  0.515031	  0.123251	  0.123251	  0.238466	
  0.400342	  0.112429	  0.110202	  0.377028	
  0.323600	  0.170632	  0.188577	  0.317192	

URL http://cisbp.ccbr.utoronto.ca/TFreport.php?versionNumber=1.02&searchTF=T150383_1.02

MOTIF M1890_1.02 (CAOG_07995)_(Homo_sapiens)_(DBD_0.86)

letter-probability matrix: alength= 4 w= 18 nsites= 1 E= 0
  0.536953	  0.172787	  0.112112	  0.178148	
  0.135379	  0.112568	  0.522354	  0.229699	
  0.404653	  0.257299	  0.247263	  0.090785	
  0.137203	  0.339074	  0.453695	  0.070027	
  0.208257	  0.267336	  0.035698	  0.488709	
  0.021898	  0.095119	  0.546077	  0.336907	
  0.027030	  0.842153	  0.054859	  0.075958	
  0.001825	  0.113253	  0.027600	  0.857322	
  0.025319	  0.116104	  0.819001	  0.039576	
  0.975707	  0.000228	  0.017108	  0.006957	
  0.000570	  0.005931	  0.000912	  0.992587	
  0.001141	  0.000570	  0.000570	  0.997719	
  0.003307	  0.001141	  0.994526	  0.001026	
  0.001369	  0.007984	  0.990306	  0.000342	
  0.042997	  0.305315	  0.001711	  0.649977	
  0.052464	  0.449703	  0.213618	  0.284215	
  0.175297	  0.476277	  0.253992	  0.094434	
  0.485972	  0.129562	  0.308736	  0.075730	

URL http://cisbp.ccbr.utoronto.ca/TFreport.php?versionNumber=1.02&searchTF=T070371_1.02

MOTIF M4466_1.02 (CAOG_00636)_(Homo_sapiens)_(DBD_0.73)

letter-probability matrix: alength= 4 w= 15 nsites= 1 E= 0
  0.310573	  0.154185	  0.306167	  0.229075	
  0.310573	  0.105727	  0.270925	  0.312775	
  0.160793	  0.101322	  0.385463	  0.352423	
  0.149780	  0.640969	  0.057269	  0.151982	
  0.000000	  0.506608	  0.000000	  0.493392	
  0.711454	  0.129956	  0.024229	  0.134361	
  0.704846	  0.019824	  0.114537	  0.160793	
  0.938326	  0.000000	  0.044053	  0.017621	
  0.905286	  0.004405	  0.002203	  0.088106	
  0.925110	  0.000000	  0.000000	  0.074890	
  0.033040	  0.000000	  0.000000	  0.966960	
  0.958150	  0.000000	  0.041850	  0.000000	
  0.209251	  0.052863	  0.702644	  0.035242	
  0.416300	  0.354626	  0.090308	  0.138767	
  0.387665	  0.262115	  0.070485	  0.279736	

URL http://cisbp.ccbr.utoronto.ca/TFreport.php?versionNumber=1.02&searchTF=T110923_1.02

MOTIF M6166_1.02 (CAOG_00996)_(Homo_sapiens)_(DBD_0.95)

letter-probability matrix: alength= 4 w= 15 nsites= 1 E= 0
  0.475000	  0.175000	  0.275000	  0.075000	
  0.300000	  0.100000	  0.000000	  0.600000	
  0.000000	  0.100000	  0.100000	  0.800000	
  0.700000	  0.000000	  0.100000	  0.200000	
  0.100000	  0.300000	  0.000000	  0.600000	
  0.300000	  0.000000	  0.600000	  0.100000	
  0.200000	  0.000000	  0.000000	  0.800000	
  0.000000	  0.100000	  0.000000	  0.900000	
  0.900000	  0.000000	  0.000000	  0.100000	
  0.600000	  0.200000	  0.000000	  0.200000	
  0.600000	  0.300000	  0.100000	  0.000000	
  0.300000	  0.100000	  0.100000	  0.500000	
  0.000000	  0.800000	  0.000000	  0.200000	
  0.400000	  0.400000	  0.200000	  0.000000	
  0.050000	  0.650000	  0.150000	  0.150000	

URL http://cisbp.ccbr.utoronto.ca/TFreport.php?versionNumber=1.02&searchTF=T115562_1.02

