MEME version 4

ALPHABET= ACGT

strands: + -

Background letter frequencies (from uniform background):
A 0.25000 C 0.25000 G 0.25000 T 0.25000 

MOTIF M0004_1.02 (SKA_Chlre2_kg.scaffold_45000117)_(Cannabis_sativa)_(DBD_0.75)

letter-probability matrix: alength= 4 w= 8 nsites= 1 E= 0
  0.150033	  0.716511	  0.075058	  0.058397	
  0.025535	  0.012799	  0.948867	  0.012799	
  0.018926	  0.874057	  0.106954	  0.000063	
  0.018926	  0.974660	  0.006351	  0.000063	
  0.000063	  0.006351	  0.993524	  0.000063	
  0.058873	  0.627352	  0.137284	  0.176490	
  0.157922	  0.774278	  0.007592	  0.060207	
  0.488783	  0.066748	  0.299978	  0.144491	

URL http://cisbp.ccbr.utoronto.ca/TFreport.php?versionNumber=1.02&searchTF=T003599_1.02

MOTIF M0022_1.02 (SKA_e_gwH.71.56.1)_(Arabidopsis_thaliana)_(DBD_0.72)

letter-probability matrix: alength= 4 w= 8 nsites= 1 E= 0
  0.168576	  0.516734	  0.224730	  0.089960	
  0.064801	  0.726482	  0.115147	  0.093570	
  0.023863	  0.017912	  0.952214	  0.006010	
  0.011961	  0.898655	  0.083373	  0.006010	
  0.011961	  0.976018	  0.011961	  0.000060	
  0.006010	  0.006010	  0.987920	  0.000060	
  0.056298	  0.662397	  0.131280	  0.150025	
  0.123116	  0.799831	  0.038527	  0.038527	

URL http://cisbp.ccbr.utoronto.ca/TFreport.php?versionNumber=1.02&searchTF=T003600_1.02

MOTIF M0807_1.02 (estExt_fgenesh2_pg.C_60027)_(Ostreococcus_tauri)_(DBD_0.92)

letter-probability matrix: alength= 4 w= 8 nsites= 1 E= 0
  0.295467	  0.283881	  0.163785	  0.256866	
  0.153126	  0.061637	  0.665982	  0.119255	
  0.801085	  0.029843	  0.071950	  0.097122	
  0.036187	  0.001490	  0.000618	  0.961705	
  0.175606	  0.644352	  0.124991	  0.055050	
  0.247032	  0.170633	  0.242140	  0.340194	
  0.275531	  0.223341	  0.249311	  0.251817	
  0.246648	  0.199929	  0.275328	  0.278095	

URL http://cisbp.ccbr.utoronto.ca/TFreport.php?versionNumber=1.02&searchTF=T085476_1.02

MOTIF M1642_1.02 (Chlre2_kg.scaffold_11000101)_(Saccharomyces_cerevisiae)_(DBD_0.78)

letter-probability matrix: alength= 4 w= 7 nsites= 1 E= 0
  0.315311	  0.189343	  0.207174	  0.288172	
  0.345705	  0.141966	  0.211788	  0.300541	
  0.271982	  0.110580	  0.155359	  0.462079	
  0.583542	  0.000869	  0.110954	  0.304636	
  0.219565	  0.006434	  0.188981	  0.585020	
  0.934996	  0.000354	  0.051964	  0.012687	
  0.422777	  0.000471	  0.095282	  0.481470	

URL http://cisbp.ccbr.utoronto.ca/TFreport.php?versionNumber=1.02&searchTF=T150815_1.02

MOTIF M1701_1.02 (OVA_1_OVA_Chlre2_kg.scaffold_15000186)_(Arabidopsis_thaliana)_(DBD_0.61)

letter-probability matrix: alength= 4 w= 8 nsites= 1 E= 0
  0.114843	  0.393349	  0.245904	  0.245904	
  0.276584	  0.010740	  0.712569	  0.000106	
  0.000095	  0.000095	  0.999714	  0.000095	
  0.000095	  0.000095	  0.000095	  0.999714	
  0.000095	  0.999714	  0.000095	  0.000095	
  0.961265	  0.019319	  0.019319	  0.000096	
  0.805896	  0.000102	  0.163301	  0.030702	
  0.271416	  0.528412	  0.071531	  0.128641	

URL http://cisbp.ccbr.utoronto.ca/TFreport.php?versionNumber=1.02&searchTF=T155265_1.02

MOTIF M2372_1.02 (estExt_fgenesh1_pm.C_chromosome_30518)_(Arabidopsis_thaliana)_(DBD_0.93)

letter-probability matrix: alength= 4 w= 11 nsites= 1 E= 0
  0.140000	  0.450000	  0.230000	  0.180000	
  0.160000	  0.270000	  0.550000	  0.020000	
  0.000000	  0.919192	  0.040404	  0.040404	
  0.000000	  0.050000	  0.930000	  0.020000	
  0.040404	  0.939394	  0.000000	  0.020202	
  0.040404	  0.020202	  0.020202	  0.919192	
  0.080808	  0.000000	  0.858586	  0.060606	
  0.960000	  0.000000	  0.020000	  0.020000	
  0.040000	  0.040000	  0.920000	  0.000000	
  0.020000	  0.550000	  0.260000	  0.170000	
  0.151515	  0.323232	  0.242424	  0.282828	

URL http://cisbp.ccbr.utoronto.ca/TFreport.php?versionNumber=1.02&searchTF=T122979_1.02

