MEME version 4

ALPHABET= ACGT

strands: + -

Background letter frequencies (from uniform background):
A 0.25000 C 0.25000 G 0.25000 T 0.25000 

MOTIF M0010_1.02 (GG.C169_S17_00183)_(Arabidopsis_thaliana)_(DBD_0.77)

letter-probability matrix: alength= 4 w= 8 nsites= 1 E= 0
  0.184463	  0.256582	  0.319720	  0.239235	
  0.105899	  0.380880	  0.185394	  0.327827	
  0.045557	  0.000794	  0.952379	  0.001270	
  0.037039	  0.782083	  0.054161	  0.126718	
  0.030180	  0.624644	  0.110740	  0.234436	
  0.136135	  0.093097	  0.701799	  0.068968	
  0.176688	  0.191404	  0.362994	  0.268913	
  0.199360	  0.485467	  0.097039	  0.218134	

URL http://cisbp.ccbr.utoronto.ca/TFreport.php?versionNumber=1.02&searchTF=T004086_1.02

MOTIF M0018_1.02 (estExt_fgeneshCV_pg.C_120242)_(Arabidopsis_thaliana)_(DBD_0.73)

letter-probability matrix: alength= 4 w= 10 nsites= 1 E= 0
  0.188766	  0.239969	  0.391705	  0.179560	
  0.100217	  0.435867	  0.346311	  0.117606	
  0.222731	  0.605446	  0.117444	  0.054378	
  0.014535	  0.000604	  0.912866	  0.071994	
  0.000191	  0.997296	  0.002004	  0.000509	
  0.042405	  0.950755	  0.003659	  0.003181	
  0.036094	  0.027553	  0.903365	  0.032987	
  0.170746	  0.518106	  0.100502	  0.210646	
  0.235827	  0.660568	  0.036712	  0.066893	
  0.477760	  0.132835	  0.239633	  0.149771	

URL http://cisbp.ccbr.utoronto.ca/TFreport.php?versionNumber=1.02&searchTF=T004060_1.02

MOTIF M0268_1.02 (fgeneshCV_pg.C_scaffold_12000127)_(Arabidopsis_thaliana)_(DBD_0.56)

letter-probability matrix: alength= 4 w= 10 nsites= 1 E= 0
  0.194982	  0.331261	  0.073179	  0.400578	
  0.062566	  0.319327	  0.401905	  0.216203	
  0.863019	  0.035889	  0.054078	  0.047014	
  0.016012	  0.783149	  0.111422	  0.089418	
  0.057917	  0.135505	  0.756729	  0.049849	
  0.020596	  0.026183	  0.004505	  0.948716	
  0.045651	  0.000000	  0.954344	  0.000005	
  0.000119	  0.051604	  0.610088	  0.338188	
  0.279665	  0.535709	  0.102883	  0.081744	
  0.362040	  0.293464	  0.151677	  0.192819	

URL http://cisbp.ccbr.utoronto.ca/TFreport.php?versionNumber=1.02&searchTF=T030800_1.02

MOTIF M0599_1.02 fgeneshCV_pg.C_scaffold_18000164

letter-probability matrix: alength= 4 w= 10 nsites= 1 E= 0
  0.339288	  0.101175	  0.261609	  0.297928	
  0.093275	  0.100038	  0.060072	  0.746615	
  0.119515	  0.081732	  0.046221	  0.752532	
  0.056399	  0.240435	  0.002209	  0.700958	
  0.337914	  0.138766	  0.451598	  0.071722	
  0.556730	  0.133230	  0.111283	  0.198756	
  0.521885	  0.138027	  0.155625	  0.184463	
  0.257358	  0.219306	  0.147005	  0.376331	
  0.250019	  0.202661	  0.188960	  0.358359	
  0.263568	  0.193313	  0.217960	  0.325158	

URL http://cisbp.ccbr.utoronto.ca/TFreport.php?versionNumber=1.02&searchTF=T074197_1.02

MOTIF M1641_1.02 (estExt_Genewise1Plus.C_190284)_(Mus_musculus)_(DBD_0.80)

letter-probability matrix: alength= 4 w= 7 nsites= 1 E= 0
  0.486500	  0.104296	  0.119969	  0.289234	
  0.014489	  0.191210	  0.078521	  0.715780	
  0.639678	  0.069475	  0.000533	  0.290314	
  0.371463	  0.095340	  0.000769	  0.532428	
  0.515031	  0.123251	  0.123251	  0.238466	
  0.400342	  0.112429	  0.110202	  0.377028	
  0.323600	  0.170632	  0.188577	  0.317192	

URL http://cisbp.ccbr.utoronto.ca/TFreport.php?versionNumber=1.02&searchTF=T150943_1.02

MOTIF M1684_1.02 (gw1.1.699.1)_(Arabidopsis_thaliana)_(DBD_0.52)

letter-probability matrix: alength= 4 w= 11 nsites= 1 E= 0
  0.269505	  0.278233	  0.269207	  0.183056	
  0.105507	  0.408582	  0.105507	  0.380404	
  0.136179	  0.022157	  0.819507	  0.022157	
  0.000139	  0.000139	  0.999584	  0.000139	
  0.000139	  0.000139	  0.000139	  0.999584	
  0.000139	  0.999584	  0.000139	  0.000139	
  0.999584	  0.000139	  0.000139	  0.000139	
  0.999584	  0.000139	  0.000139	  0.000139	
  0.257880	  0.607955	  0.067083	  0.067083	
  0.144632	  0.245748	  0.464988	  0.144632	
  0.227982	  0.227982	  0.227982	  0.316055	

URL http://cisbp.ccbr.utoronto.ca/TFreport.php?versionNumber=1.02&searchTF=T155502_1.02

MOTIF M2372_1.02 (estExt_fgeneshCV_pg.C_60186)_(Arabidopsis_thaliana)_(DBD_0.97)

letter-probability matrix: alength= 4 w= 11 nsites= 1 E= 0
  0.140000	  0.450000	  0.230000	  0.180000	
  0.160000	  0.270000	  0.550000	  0.020000	
  0.000000	  0.919192	  0.040404	  0.040404	
  0.000000	  0.050000	  0.930000	  0.020000	
  0.040404	  0.939394	  0.000000	  0.020202	
  0.040404	  0.020202	  0.020202	  0.919192	
  0.080808	  0.000000	  0.858586	  0.060606	
  0.960000	  0.000000	  0.020000	  0.020000	
  0.040000	  0.040000	  0.920000	  0.000000	
  0.020000	  0.550000	  0.260000	  0.170000	
  0.151515	  0.323232	  0.242424	  0.282828	

URL http://cisbp.ccbr.utoronto.ca/TFreport.php?versionNumber=1.02&searchTF=T125978_1.02

