MEME version 4

ALPHABET= ACGT

strands: + -

Background letter frequencies (from uniform background):
A 0.25000 C 0.25000 G 0.25000 T 0.25000 

MOTIF M0118_1.02 (CC1G_11930)_(Arabidopsis_thaliana)_(DBD_0.65)

letter-probability matrix: alength= 4 w= 9 nsites= 1 E= 0
  0.241564	  0.266970	  0.261683	  0.229783	
  0.209390	  0.306188	  0.250685	  0.233737	
  0.345181	  0.182011	  0.303102	  0.169706	
  0.329720	  0.179153	  0.251701	  0.239426	
  0.411309	  0.042920	  0.202217	  0.343554	
  0.710467	  0.047747	  0.000515	  0.241271	
  0.886835	  0.000921	  0.045045	  0.067199	
  0.454667	  0.009772	  0.038075	  0.497485	
  0.212559	  0.177544	  0.097438	  0.512458	

URL http://cisbp.ccbr.utoronto.ca/TFreport.php?versionNumber=1.02&searchTF=T008541_1.02

MOTIF M0119_1.02 (CC1G_14733)_(Arabidopsis_thaliana)_(DBD_0.62)

letter-probability matrix: alength= 4 w= 10 nsites= 1 E= 0
  0.248110	  0.152843	  0.248240	  0.350807	
  0.831954	  0.024260	  0.024260	  0.119527	
  0.292968	  0.000230	  0.000230	  0.706571	
  0.701933	  0.000230	  0.000230	  0.297606	
  0.000230	  0.000230	  0.000230	  0.999309	
  0.802506	  0.000230	  0.000230	  0.197033	
  0.686996	  0.000230	  0.000230	  0.312544	
  0.297562	  0.000230	  0.000230	  0.701978	
  0.213125	  0.097387	  0.097387	  0.592100	
  0.322088	  0.225971	  0.225971	  0.225971	

URL http://cisbp.ccbr.utoronto.ca/TFreport.php?versionNumber=1.02&searchTF=T008544_1.02

MOTIF M0129_1.02 (CC1G_12800)_(Monodelphis_domestica)_(DBD_0.46)

letter-probability matrix: alength= 4 w= 8 nsites= 1 E= 0
  0.272331	  0.232065	  0.256472	  0.239132	
  0.290589	  0.228585	  0.247623	  0.233203	
  0.328743	  0.205465	  0.238717	  0.227074	
  0.321069	  0.190882	  0.252562	  0.235487	
  0.312520	  0.159919	  0.255870	  0.271692	
  0.448771	  0.140683	  0.094303	  0.316243	
  0.716851	  0.000111	  0.282836	  0.000201	
  0.337735	  0.159535	  0.090221	  0.412510	

URL http://cisbp.ccbr.utoronto.ca/TFreport.php?versionNumber=1.02&searchTF=T008542_1.02

MOTIF M0137_1.02 (CC1G_15377)_(Oryza_sativa)_(DBD_0.42)

letter-probability matrix: alength= 4 w= 8 nsites= 1 E= 0
  0.412581	  0.181714	  0.204881	  0.200825	
  0.383860	  0.151453	  0.183145	  0.281541	
  0.411062	  0.042894	  0.192240	  0.353804	
  0.442483	  0.115862	  0.053112	  0.388542	
  0.805888	  0.001826	  0.077629	  0.114657	
  0.508656	  0.001176	  0.069531	  0.420638	
  0.340689	  0.076018	  0.064778	  0.518515	
  0.310543	  0.194090	  0.145231	  0.350136	

URL http://cisbp.ccbr.utoronto.ca/TFreport.php?versionNumber=1.02&searchTF=T008545_1.02

MOTIF M0142_1.02 (CC1G_04728)_(Saccharomyces_cerevisiae)_(DBD_0.54)

letter-probability matrix: alength= 4 w= 7 nsites= 1 E= 0
  0.282959	  0.248465	  0.245993	  0.222583	
  0.316659	  0.184532	  0.236944	  0.261864	
  0.377778	  0.112652	  0.209413	  0.300157	
  0.616393	  0.068985	  0.111484	  0.203138	
  0.675764	  0.042770	  0.063171	  0.218294	
  0.326032	  0.133887	  0.082023	  0.458058	
  0.321153	  0.137266	  0.112384	  0.429198	

URL http://cisbp.ccbr.utoronto.ca/TFreport.php?versionNumber=1.02&searchTF=T008540_1.02

MOTIF M0234_1.02 (CC1G_14628)_(Neurospora_crassa)_(DBD_0.69)

letter-probability matrix: alength= 4 w= 9 nsites= 1 E= 0
  0.269108	  0.205431	  0.331993	  0.193468	
  0.159193	  0.533850	  0.206462	  0.100496	
  0.059491	  0.939955	  0.000044	  0.000510	
  0.935853	  0.000093	  0.018384	  0.045671	
  0.000144	  0.750505	  0.011714	  0.237638	
  0.079917	  0.020105	  0.889792	  0.010186	
  0.149161	  0.300373	  0.065041	  0.485425	
  0.093731	  0.070841	  0.652254	  0.183174	
  0.241695	  0.256640	  0.267114	  0.234551	

URL http://cisbp.ccbr.utoronto.ca/TFreport.php?versionNumber=1.02&searchTF=T011440_1.02

MOTIF M0341_1.02 (CC1G_03237)_(Schizosaccharomyces_pombe)_(DBD_0.60)

letter-probability matrix: alength= 4 w= 10 nsites= 1 E= 0
  0.570600	  0.126453	  0.170367	  0.132581	
  0.195785	  0.086320	  0.008371	  0.709524	
  0.193607	  0.163160	  0.313589	  0.329644	
  0.494817	  0.042071	  0.276108	  0.187005	
  0.071217	  0.695225	  0.054727	  0.178831	
  0.178831	  0.054727	  0.695225	  0.071217	
  0.187005	  0.276108	  0.042071	  0.494817	
  0.329644	  0.313589	  0.163160	  0.193607	
  0.709524	  0.008371	  0.086320	  0.195785	
  0.132581	  0.170367	  0.126453	  0.570600	

URL http://cisbp.ccbr.utoronto.ca/TFreport.php?versionNumber=1.02&searchTF=T022491_1.02

MOTIF M0721_1.02 (CC1G_00050)_(Mus_musculus)_(DBD_0.44)

letter-probability matrix: alength= 4 w= 9 nsites= 1 E= 0
  0.337606	  0.151696	  0.424910	  0.085788	
  0.214462	  0.151129	  0.074301	  0.560108	
  0.593218	  0.291652	  0.036436	  0.078694	
  0.697590	  0.152571	  0.033369	  0.116470	
  0.810620	  0.060208	  0.065878	  0.063295	
  0.020715	  0.679160	  0.040079	  0.260046	
  0.798255	  0.049523	  0.065525	  0.086698	
  0.354392	  0.210693	  0.192559	  0.242355	
  0.307967	  0.221405	  0.177681	  0.292947	

URL http://cisbp.ccbr.utoronto.ca/TFreport.php?versionNumber=1.02&searchTF=T080686_1.02

MOTIF M0723_1.02 (CC1G_06239)_(Mus_musculus)_(DBD_0.43)

letter-probability matrix: alength= 4 w= 10 nsites= 1 E= 0
  0.304424	  0.223279	  0.262020	  0.210276	
  0.213777	  0.233909	  0.245902	  0.306412	
  0.293934	  0.159709	  0.385043	  0.161314	
  0.246234	  0.175262	  0.129837	  0.448667	
  0.528194	  0.286995	  0.062145	  0.122666	
  0.598965	  0.187767	  0.067034	  0.146233	
  0.718961	  0.066540	  0.146615	  0.067884	
  0.033458	  0.590092	  0.077500	  0.298951	
  0.671272	  0.049858	  0.121410	  0.157460	
  0.326891	  0.210530	  0.210530	  0.252050	

URL http://cisbp.ccbr.utoronto.ca/TFreport.php?versionNumber=1.02&searchTF=T080687_1.02

MOTIF M0795_1.02 (CC1G_14145)_(Saccharomyces_cerevisiae)_(DBD_0.71)

letter-probability matrix: alength= 4 w= 8 nsites= 1 E= 0
  0.186841	  0.230778	  0.186841	  0.395540	
  0.422708	  0.252032	  0.000081	  0.325179	
  0.006600	  0.000065	  0.954064	  0.039271	
  0.999804	  0.000065	  0.000065	  0.000065	
  0.000065	  0.000065	  0.000065	  0.999804	
  0.914859	  0.045805	  0.000065	  0.039271	
  0.957547	  0.007111	  0.014151	  0.021191	
  0.084280	  0.336806	  0.526199	  0.052715	

URL http://cisbp.ccbr.utoronto.ca/TFreport.php?versionNumber=1.02&searchTF=T083875_1.02

MOTIF M0830_1.02 a2-1

letter-probability matrix: alength= 4 w= 9 nsites= 1 E= 0
  0.971154	  0.009615	  0.009615	  0.009615	
  0.985294	  0.004902	  0.004902	  0.004902	
  0.004902	  0.985294	  0.004902	  0.004902	
  0.004902	  0.985294	  0.004902	  0.004902	
  0.985294	  0.004902	  0.004902	  0.004902	
  0.985294	  0.004902	  0.004902	  0.004902	
  0.004902	  0.004902	  0.004902	  0.985294	
  0.004902	  0.985294	  0.004902	  0.004902	
  0.971154	  0.009615	  0.009615	  0.009615	

URL http://cisbp.ccbr.utoronto.ca/TFreport.php?versionNumber=1.02&searchTF=T089483_1.02

MOTIF M0831_1.02 b2-1

letter-probability matrix: alength= 4 w= 8 nsites= 1 E= 0
  0.994048	  0.001984	  0.001984	  0.001984	
  0.001656	  0.995033	  0.001656	  0.001656	
  0.001656	  0.995033	  0.001656	  0.001656	
  0.995033	  0.001656	  0.001656	  0.001656	
  0.995033	  0.001656	  0.001656	  0.001656	
  0.001656	  0.001656	  0.001656	  0.995033	
  0.001656	  0.995033	  0.001656	  0.001656	
  0.497525	  0.250000	  0.250000	  0.002475	

URL http://cisbp.ccbr.utoronto.ca/TFreport.php?versionNumber=1.02&searchTF=T089484_1.02

MOTIF M1181_1.02 (CC1G_01833)_(Coprinopsis_scobicola)_(DBD_0.84)

letter-probability matrix: alength= 4 w= 9 nsites= 1 E= 0
  0.395904	  0.165865	  0.247441	  0.190790	
  0.110373	  0.494657	  0.209320	  0.185650	
  0.068498	  0.762650	  0.028129	  0.140724	
  0.755826	  0.103318	  0.034392	  0.106464	
  0.935436	  0.023127	  0.020718	  0.020718	
  0.055296	  0.028867	  0.006506	  0.909330	
  0.047436	  0.879519	  0.010907	  0.062139	
  0.427905	  0.225631	  0.272844	  0.073619	
  0.287295	  0.206544	  0.273284	  0.232877	

URL http://cisbp.ccbr.utoronto.ca/TFreport.php?versionNumber=1.02&searchTF=T089173_1.02

MOTIF M1297_1.02 (CC1G_07160)_(Dictyostelium_discoideum)_(DBD_0.92)

letter-probability matrix: alength= 4 w= 10 nsites= 1 E= 0
  0.233777	  0.598464	  0.083460	  0.084299	
  0.030948	  0.562453	  0.044359	  0.362240	
  0.506429	  0.042836	  0.155615	  0.295120	
  0.524310	  0.062308	  0.043907	  0.369475	
  0.657133	  0.044163	  0.042009	  0.256695	
  0.290800	  0.112464	  0.066862	  0.529873	
  0.281986	  0.340992	  0.131875	  0.245147	
  0.228299	  0.247314	  0.296088	  0.228299	
  0.301159	  0.033037	  0.594451	  0.071353	
  0.207356	  0.056511	  0.520315	  0.215818	

URL http://cisbp.ccbr.utoronto.ca/TFreport.php?versionNumber=1.02&searchTF=T110925_1.02

MOTIF M1538_1.02 (CC1G_00311)_(Schistosoma_mansoni)_(DBD_0.40)

letter-probability matrix: alength= 4 w= 8 nsites= 1 E= 0
  0.001420	  0.001420	  0.995739	  0.001420	
  0.001420	  0.001420	  0.001420	  0.995739	
  0.001420	  0.001420	  0.001420	  0.995739	
  0.001420	  0.001420	  0.995739	  0.001420	
  0.001420	  0.995739	  0.001420	  0.001420	
  0.001420	  0.143466	  0.001420	  0.853693	
  0.995739	  0.001420	  0.001420	  0.001420	
  0.250000	  0.002475	  0.250000	  0.497525	

URL http://cisbp.ccbr.utoronto.ca/TFreport.php?versionNumber=1.02&searchTF=T138590_1.02

MOTIF M1641_1.02 (CC1G_11509)_(Mus_musculus)_(DBD_0.83)

letter-probability matrix: alength= 4 w= 7 nsites= 1 E= 0
  0.486500	  0.104296	  0.119969	  0.289234	
  0.014489	  0.191210	  0.078521	  0.715780	
  0.639678	  0.069475	  0.000533	  0.290314	
  0.371463	  0.095340	  0.000769	  0.532428	
  0.515031	  0.123251	  0.123251	  0.238466	
  0.400342	  0.112429	  0.110202	  0.377028	
  0.323600	  0.170632	  0.188577	  0.317192	

URL http://cisbp.ccbr.utoronto.ca/TFreport.php?versionNumber=1.02&searchTF=T150385_1.02

MOTIF M1732_1.02 (CC1G_09476)_(Neurospora_crassa)_(DBD_0.78)

letter-probability matrix: alength= 4 w= 9 nsites= 1 E= 0
  0.273340	  0.228313	  0.133049	  0.365299	
  0.083299	  0.384688	  0.093919	  0.438094	
  0.095422	  0.794972	  0.104408	  0.005198	
  0.000113	  0.969885	  0.027036	  0.002966	
  0.027801	  0.000552	  0.967847	  0.003800	
  0.323238	  0.152687	  0.320021	  0.204055	
  0.216273	  0.246297	  0.251273	  0.286157	
  0.229653	  0.283318	  0.264164	  0.222866	
  0.208770	  0.273481	  0.254992	  0.262758	

URL http://cisbp.ccbr.utoronto.ca/TFreport.php?versionNumber=1.02&searchTF=T156139_1.02

MOTIF M2118_1.02 (CC1G_07415)_(Saccharomyces_cerevisiae)_(DBD_0.79)

letter-probability matrix: alength= 4 w= 5 nsites= 1 E= 0
  0.000000	  0.000000	  0.000000	  1.000000	
  0.000000	  0.000000	  0.010160	  0.989840	
  0.005578	  0.000000	  0.994422	  0.000000	
  0.000000	  0.000000	  0.998223	  0.001777	
  0.158006	  0.378979	  0.030665	  0.432350	

URL http://cisbp.ccbr.utoronto.ca/TFreport.php?versionNumber=1.02&searchTF=T070372_1.02

