MEME version 4

ALPHABET= ACGT

strands: + -

Background letter frequencies (from uniform background):
A 0.25000 C 0.25000 G 0.25000 T 0.25000 

MOTIF M0118_1.02 (estExt_fgeneshDP_kg.C_280015)_(Arabidopsis_thaliana)_(DBD_0.50)

letter-probability matrix: alength= 4 w= 9 nsites= 1 E= 0
  0.241564	  0.266970	  0.261683	  0.229783	
  0.209390	  0.306188	  0.250685	  0.233737	
  0.345181	  0.182011	  0.303102	  0.169706	
  0.329720	  0.179153	  0.251701	  0.239426	
  0.411309	  0.042920	  0.202217	  0.343554	
  0.710467	  0.047747	  0.000515	  0.241271	
  0.886835	  0.000921	  0.045045	  0.067199	
  0.454667	  0.009772	  0.038075	  0.497485	
  0.212559	  0.177544	  0.097438	  0.512458	

URL http://cisbp.ccbr.utoronto.ca/TFreport.php?versionNumber=1.02&searchTF=T008810_1.02

MOTIF M0282_1.02 (estExt_fgeneshDP_kg.C_4110001)_(Dictyostelium_discoideum)_(DBD_0.80)

letter-probability matrix: alength= 4 w= 9 nsites= 1 E= 0
  0.260727	  0.148929	  0.334780	  0.255564	
  0.239924	  0.131673	  0.232834	  0.395569	
  0.317703	  0.133102	  0.412039	  0.137156	
  0.205887	  0.763052	  0.000266	  0.030794	
  0.126505	  0.555728	  0.113327	  0.204441	
  0.999983	  0.000001	  0.000001	  0.000015	
  0.028568	  0.908935	  0.039341	  0.023156	
  0.112909	  0.105276	  0.770150	  0.011665	
  0.110224	  0.115875	  0.051548	  0.722353	

URL http://cisbp.ccbr.utoronto.ca/TFreport.php?versionNumber=1.02&searchTF=T029069_1.02

MOTIF M0283_1.02 (GID1.0047237)_(Dictyostelium_discoideum)_(DBD_0.72)

letter-probability matrix: alength= 4 w= 8 nsites= 1 E= 0
  0.009615	  0.009615	  0.009615	  0.971154	
  0.009615	  0.009615	  0.971154	  0.009615	
  0.971154	  0.009615	  0.009615	  0.009615	
  0.009615	  0.971154	  0.009615	  0.009615	
  0.009615	  0.009615	  0.971154	  0.009615	
  0.009615	  0.009615	  0.009615	  0.971154	
  0.009615	  0.971154	  0.009615	  0.009615	
  0.971154	  0.009615	  0.009615	  0.009615	

URL http://cisbp.ccbr.utoronto.ca/TFreport.php?versionNumber=1.02&searchTF=T029607_1.02

MOTIF M0284_1.02 (GID1.0039857)_(Dictyostelium_discoideum)_(DBD_0.89)

letter-probability matrix: alength= 4 w= 10 nsites= 1 E= 0
  0.313062	  0.203650	  0.332421	  0.150867	
  0.171436	  0.240859	  0.077806	  0.509899	
  0.050046	  0.238160	  0.535361	  0.176433	
  0.952059	  0.000307	  0.047400	  0.000234	
  0.001305	  0.842068	  0.048224	  0.108404	
  0.147537	  0.050607	  0.730757	  0.071100	
  0.173062	  0.231285	  0.106022	  0.489630	
  0.211470	  0.107134	  0.504761	  0.176635	
  0.149963	  0.144083	  0.368850	  0.337104	
  0.282001	  0.317956	  0.189031	  0.211011	

URL http://cisbp.ccbr.utoronto.ca/TFreport.php?versionNumber=1.02&searchTF=T029604_1.02

MOTIF M0285_1.02 (estExt_fgeneshDP_kg.C_3780001)_(Dictyostelium_discoideum)_(DBD_0.96)

letter-probability matrix: alength= 4 w= 11 nsites= 1 E= 0
  0.229248	  0.312257	  0.229248	  0.229248	
  0.383818	  0.205394	  0.205394	  0.205394	
  0.601000	  0.106264	  0.186471	  0.106264	
  0.584632	  0.000198	  0.000198	  0.414973	
  0.000198	  0.077683	  0.082181	  0.839939	
  0.916399	  0.000198	  0.000198	  0.083206	
  0.000198	  0.916399	  0.000198	  0.083206	
  0.167704	  0.000198	  0.831900	  0.000198	
  0.098435	  0.110971	  0.020950	  0.769644	
  0.783606	  0.044804	  0.126787	  0.044804	
  0.244812	  0.221418	  0.143933	  0.389837	

URL http://cisbp.ccbr.utoronto.ca/TFreport.php?versionNumber=1.02&searchTF=T029068_1.02

MOTIF M0286_1.02 (estExt_fgeneshDP_pg.C_1760014)_(Dictyostelium_discoideum)_(DBD_0.90)

letter-probability matrix: alength= 4 w= 9 nsites= 1 E= 0
  0.844894	  0.036569	  0.097438	  0.021099	
  0.000044	  0.003641	  0.001790	  0.994525	
  0.138156	  0.162128	  0.625396	  0.074320	
  0.415774	  0.011360	  0.454929	  0.117936	
  0.000143	  0.910555	  0.001591	  0.087712	
  0.026782	  0.006220	  0.960778	  0.006220	
  0.285222	  0.408817	  0.017873	  0.288088	
  0.234904	  0.259609	  0.232567	  0.272920	
  0.615549	  0.106966	  0.108041	  0.169443	

URL http://cisbp.ccbr.utoronto.ca/TFreport.php?versionNumber=1.02&searchTF=T029072_1.02

MOTIF M0289_1.02 (estExt_fgeneshDP_kg.C_700003)_(Dictyostelium_discoideum)_(DBD_0.95)

letter-probability matrix: alength= 4 w= 10 nsites= 1 E= 0
  0.674474	  0.094060	  0.158212	  0.073254	
  0.011359	  0.033786	  0.001448	  0.953407	
  0.191355	  0.266169	  0.470658	  0.071818	
  0.413102	  0.025373	  0.366389	  0.195136	
  0.006941	  0.843433	  0.000098	  0.149528	
  0.030620	  0.015669	  0.936045	  0.017666	
  0.147392	  0.530117	  0.045746	  0.276745	
  0.161295	  0.274029	  0.338064	  0.226611	
  0.665337	  0.092786	  0.108885	  0.132993	
  0.104473	  0.286842	  0.154305	  0.454379	

URL http://cisbp.ccbr.utoronto.ca/TFreport.php?versionNumber=1.02&searchTF=T029070_1.02

MOTIF M0666_1.02 (estExt_fgeneshDP_pg.C_1960001)_(Dictyostelium_discoideum)_(DBD_1.00)

letter-probability matrix: alength= 4 w= 11 nsites= 1 E= 0
  0.312439	  0.229187	  0.229187	  0.229187	
  0.259292	  0.346415	  0.241260	  0.153034	
  0.046301	  0.046301	  0.766317	  0.141081	
  0.000164	  0.720180	  0.279493	  0.000164	
  0.000164	  0.000164	  0.999509	  0.000164	
  0.000164	  0.999509	  0.000164	  0.000164	
  0.000164	  0.000164	  0.999509	  0.000164	
  0.000164	  0.999509	  0.000164	  0.000164	
  0.020977	  0.694240	  0.263807	  0.020977	
  0.481302	  0.229831	  0.097130	  0.191736	
  0.301611	  0.290663	  0.203863	  0.203863	

URL http://cisbp.ccbr.utoronto.ca/TFreport.php?versionNumber=1.02&searchTF=T077110_1.02

MOTIF M0773_1.02 (estExt_fgeneshDP_pg.C_80007)_(Dictyostelium_discoideum)_(DBD_0.97)

letter-probability matrix: alength= 4 w= 7 nsites= 1 E= 0
  0.160263	  0.374959	  0.205782	  0.258997	
  0.755520	  0.212174	  0.020033	  0.012273	
  0.023502	  0.008142	  0.950593	  0.017762	
  0.984609	  0.001669	  0.000626	  0.013095	
  0.002686	  0.002938	  0.004212	  0.990164	
  0.067604	  0.546576	  0.161366	  0.224454	
  0.180546	  0.338995	  0.248635	  0.231825	

URL http://cisbp.ccbr.utoronto.ca/TFreport.php?versionNumber=1.02&searchTF=T085495_1.02

MOTIF M0774_1.02 (estExt_fgeneshDP_pg.C_260001)_(Dictyostelium_discoideum)_(DBD_1.00)

letter-probability matrix: alength= 4 w= 10 nsites= 1 E= 0
  0.180841	  0.286465	  0.234538	  0.298156	
  0.366884	  0.113869	  0.129677	  0.389571	
  0.335406	  0.187793	  0.258616	  0.218185	
  0.102789	  0.348164	  0.211172	  0.337875	
  0.841733	  0.112783	  0.031673	  0.013811	
  0.000000	  0.000053	  0.998602	  0.001345	
  0.984155	  0.012083	  0.002950	  0.000812	
  0.000099	  0.007526	  0.021294	  0.971081	
  0.111980	  0.491921	  0.194089	  0.202010	
  0.154422	  0.247074	  0.264989	  0.333515	

URL http://cisbp.ccbr.utoronto.ca/TFreport.php?versionNumber=1.02&searchTF=T085491_1.02

MOTIF M0775_1.02 (GID1.0049735)_(Dictyostelium_discoideum)_(DBD_0.97)

letter-probability matrix: alength= 4 w= 10 nsites= 1 E= 0
  0.259701	  0.237349	  0.270300	  0.232649	
  0.237303	  0.239688	  0.244530	  0.278478	
  0.165549	  0.372138	  0.135540	  0.326773	
  0.228700	  0.282142	  0.455963	  0.033195	
  0.997179	  0.000752	  0.001984	  0.000086	
  0.003095	  0.003253	  0.001682	  0.991970	
  0.000480	  0.999018	  0.000096	  0.000405	
  0.773791	  0.030003	  0.121669	  0.074537	
  0.199450	  0.297545	  0.303555	  0.199450	
  0.311950	  0.193030	  0.226522	  0.268498	

URL http://cisbp.ccbr.utoronto.ca/TFreport.php?versionNumber=1.02&searchTF=T085721_1.02

MOTIF M0776_1.02 (estExt_Genewise1.C_8110001)_(Dictyostelium_discoideum)_(DBD_1.00)

letter-probability matrix: alength= 4 w= 8 nsites= 1 E= 0
  0.192396	  0.077189	  0.038786	  0.691628	
  0.218789	  0.780587	  0.000312	  0.000312	
  0.000303	  0.000303	  0.999092	  0.000303	
  0.999092	  0.000303	  0.000303	  0.000303	
  0.000303	  0.000303	  0.000303	  0.999092	
  0.000303	  0.999092	  0.000303	  0.000303	
  0.000344	  0.000344	  0.689050	  0.310262	
  0.158088	  0.053046	  0.578256	  0.210609	

URL http://cisbp.ccbr.utoronto.ca/TFreport.php?versionNumber=1.02&searchTF=T085539_1.02

MOTIF M0779_1.02 (estExt_Genewise1Plus.C_1210006)_(Dictyostelium_discoideum)_(DBD_1.00)

letter-probability matrix: alength= 4 w= 8 nsites= 1 E= 0
  0.096972	  0.161405	  0.225838	  0.515786	
  0.292641	  0.706871	  0.000244	  0.000244	
  0.000244	  0.000244	  0.999269	  0.000244	
  0.999269	  0.000244	  0.000244	  0.000244	
  0.000244	  0.000244	  0.000244	  0.999269	
  0.000244	  0.999269	  0.000244	  0.000244	
  0.000263	  0.000263	  0.683754	  0.315720	
  0.111317	  0.148299	  0.259246	  0.481139	

URL http://cisbp.ccbr.utoronto.ca/TFreport.php?versionNumber=1.02&searchTF=T085550_1.02

MOTIF M0780_1.02 (fgeneshDP_pg.C_scaffold_73000029)_(Dictyostelium_discoideum)_(DBD_1.00)

letter-probability matrix: alength= 4 w= 8 nsites= 1 E= 0
  0.208124	  0.336344	  0.148137	  0.307395	
  0.193980	  0.326279	  0.175520	  0.304221	
  0.329188	  0.570565	  0.021469	  0.078778	
  0.020795	  0.000370	  0.911160	  0.067675	
  0.967400	  0.000175	  0.000140	  0.032285	
  0.006241	  0.000276	  0.000049	  0.993434	
  0.046560	  0.555982	  0.169141	  0.228317	
  0.249037	  0.109684	  0.449259	  0.192020	

URL http://cisbp.ccbr.utoronto.ca/TFreport.php?versionNumber=1.02&searchTF=T085675_1.02

MOTIF M0781_1.02 (estExt_fgeneshDP_pg.C_5480001)_(Dictyostelium_discoideum)_(DBD_0.94)

letter-probability matrix: alength= 4 w= 9 nsites= 1 E= 0
  0.219716	  0.265691	  0.183522	  0.331071	
  0.250434	  0.265920	  0.243032	  0.240614	
  0.444513	  0.386441	  0.083678	  0.085369	
  0.084304	  0.006517	  0.866469	  0.042710	
  0.921264	  0.013273	  0.007735	  0.057728	
  0.016068	  0.014394	  0.000001	  0.969537	
  0.152074	  0.546954	  0.164739	  0.136233	
  0.135109	  0.205631	  0.261408	  0.397853	
  0.296179	  0.230665	  0.242491	  0.230665	

URL http://cisbp.ccbr.utoronto.ca/TFreport.php?versionNumber=1.02&searchTF=T085494_1.02

MOTIF M0872_1.02 (gw1.13.131.1)_(Dictyostelium_discoideum)_(DBD_0.79)

letter-probability matrix: alength= 4 w= 10 nsites= 1 E= 0
  0.275649	  0.194246	  0.254456	  0.275649	
  0.211473	  0.243252	  0.248166	  0.297109	
  0.151276	  0.130204	  0.092675	  0.625845	
  0.075150	  0.068682	  0.734719	  0.121448	
  0.873117	  0.000347	  0.100692	  0.025844	
  0.041057	  0.832943	  0.000166	  0.125834	
  0.574570	  0.033907	  0.312193	  0.079330	
  0.090568	  0.227260	  0.378455	  0.303717	
  0.241421	  0.280492	  0.291939	  0.186148	
  0.248580	  0.241233	  0.203520	  0.306667	

URL http://cisbp.ccbr.utoronto.ca/TFreport.php?versionNumber=1.02&searchTF=T101977_1.02

MOTIF M0875_1.02 (estExt_fgeneshDP_pg.C_80069)_(Dictyostelium_discoideum)_(DBD_0.89)

letter-probability matrix: alength= 4 w= 10 nsites= 1 E= 0
  0.298703	  0.171430	  0.171430	  0.358437	
  0.304805	  0.135193	  0.025700	  0.534302	
  0.715211	  0.093459	  0.093911	  0.097419	
  0.000182	  0.000182	  0.000182	  0.999455	
  0.999455	  0.000182	  0.000182	  0.000182	
  0.097419	  0.000182	  0.000182	  0.902218	
  0.905485	  0.000182	  0.094152	  0.000182	
  0.094152	  0.093911	  0.000182	  0.811755	
  0.175207	  0.078752	  0.575191	  0.170850	
  0.224482	  0.224482	  0.224482	  0.326554	

URL http://cisbp.ccbr.utoronto.ca/TFreport.php?versionNumber=1.02&searchTF=T101314_1.02

MOTIF M0877_1.02 (e_gw1.303.16.1)_(Dictyostelium_discoideum)_(DBD_0.98)

letter-probability matrix: alength= 4 w= 8 nsites= 1 E= 0
  0.270248	  0.108261	  0.216253	  0.405238	
  0.282994	  0.075603	  0.132164	  0.509238	
  0.000141	  0.014217	  0.000141	  0.985501	
  0.000139	  0.000139	  0.999584	  0.000139	
  0.999584	  0.000139	  0.000139	  0.000139	
  0.000139	  0.999584	  0.000139	  0.000139	
  0.971821	  0.000139	  0.027901	  0.000139	
  0.000182	  0.454397	  0.200036	  0.345385	

URL http://cisbp.ccbr.utoronto.ca/TFreport.php?versionNumber=1.02&searchTF=T100957_1.02

MOTIF M0878_1.02 (GID1.0049906)_(Dictyostelium_discoideum)_(DBD_1.00)

letter-probability matrix: alength= 4 w= 8 nsites= 1 E= 0
  0.152865	  0.204293	  0.347080	  0.295762	
  0.066890	  0.358900	  0.022489	  0.551721	
  0.775218	  0.104914	  0.046672	  0.073196	
  0.869964	  0.073586	  0.014418	  0.042033	
  0.000088	  0.022742	  0.000438	  0.976732	
  0.502328	  0.093621	  0.042916	  0.361135	
  0.329862	  0.070013	  0.034079	  0.566046	
  0.521291	  0.163417	  0.171796	  0.143496	

URL http://cisbp.ccbr.utoronto.ca/TFreport.php?versionNumber=1.02&searchTF=T101708_1.02

MOTIF M1298_1.02 (estExt_fgeneshDP_kg.C_1450001)_(Mus_musculus)_(DBD_0.90)

letter-probability matrix: alength= 4 w= 10 nsites= 1 E= 0
  0.212984	  0.416099	  0.142972	  0.227946	
  0.201998	  0.401559	  0.182516	  0.213926	
  0.432247	  0.083239	  0.179282	  0.305232	
  0.394149	  0.098816	  0.146383	  0.360652	
  0.532912	  0.075998	  0.118189	  0.272901	
  0.272901	  0.118189	  0.075998	  0.532912	
  0.360652	  0.146383	  0.098816	  0.394149	
  0.305232	  0.179282	  0.083239	  0.432247	
  0.213926	  0.182516	  0.401559	  0.201998	
  0.227946	  0.142972	  0.416099	  0.212984	

URL http://cisbp.ccbr.utoronto.ca/TFreport.php?versionNumber=1.02&searchTF=T112280_1.02

MOTIF M1347_1.02 (e_gw1.272.22.1)_(Dictyostelium_discoideum)_(DBD_0.91)

letter-probability matrix: alength= 4 w= 10 nsites= 1 E= 0
  0.214802	  0.267660	  0.317258	  0.200280	
  0.320840	  0.130444	  0.361747	  0.186969	
  0.383131	  0.098335	  0.419212	  0.099323	
  0.230005	  0.472530	  0.162082	  0.135382	
  0.172787	  0.396255	  0.279236	  0.151723	
  0.015765	  0.016740	  0.932411	  0.035085	
  0.257980	  0.118260	  0.185468	  0.438291	
  0.026659	  0.040171	  0.005069	  0.928101	
  0.534650	  0.053070	  0.133168	  0.279112	
  0.323022	  0.236920	  0.195923	  0.244135	

URL http://cisbp.ccbr.utoronto.ca/TFreport.php?versionNumber=1.02&searchTF=T122699_1.02

MOTIF M1349_1.02 (estExt_fgeneshDP_pg.C_3010001)_(Dictyostelium_discoideum)_(DBD_0.98)

letter-probability matrix: alength= 4 w= 10 nsites= 1 E= 0
  0.291661	  0.180475	  0.205530	  0.322335	
  0.425472	  0.093056	  0.215551	  0.265921	
  0.183870	  0.335032	  0.306196	  0.174902	
  0.401420	  0.111610	  0.241051	  0.245920	
  0.223364	  0.192251	  0.316969	  0.267416	
  0.529878	  0.061108	  0.282209	  0.126805	
  0.011675	  0.203869	  0.171997	  0.612458	
  0.791337	  0.002897	  0.082576	  0.123190	
  0.363445	  0.246073	  0.211797	  0.178686	
  0.296452	  0.202732	  0.213126	  0.287690	

URL http://cisbp.ccbr.utoronto.ca/TFreport.php?versionNumber=1.02&searchTF=T123063_1.02

MOTIF M1351_1.02 (estExt_Genewise1.C_5980003)_(Dictyostelium_discoideum)_(DBD_0.98)

letter-probability matrix: alength= 4 w= 8 nsites= 1 E= 0
  0.676220	  0.088330	  0.132422	  0.103028	
  0.000116	  0.000116	  0.988029	  0.011739	
  0.988166	  0.011604	  0.000115	  0.000115	
  0.000115	  0.000115	  0.000115	  0.999655	
  0.942210	  0.023093	  0.000115	  0.034582	
  0.023361	  0.046606	  0.011739	  0.918294	
  0.088330	  0.132422	  0.088330	  0.690917	
  0.295413	  0.113760	  0.045640	  0.545186	

URL http://cisbp.ccbr.utoronto.ca/TFreport.php?versionNumber=1.02&searchTF=T123122_1.02

MOTIF M1352_1.02 (estExt_fgeneshDP_pg.C_2680001)_(Dictyostelium_discoideum)_(DBD_0.96)

letter-probability matrix: alength= 4 w= 9 nsites= 1 E= 0
  0.101558	  0.347453	  0.333830	  0.217159	
  0.082361	  0.254960	  0.614684	  0.047996	
  0.765304	  0.023342	  0.056842	  0.154512	
  0.038211	  0.013107	  0.909700	  0.038983	
  0.798043	  0.093894	  0.094837	  0.013226	
  0.029593	  0.013840	  0.014993	  0.941574	
  0.285839	  0.250994	  0.120956	  0.342211	
  0.243366	  0.215846	  0.263635	  0.277152	
  0.278747	  0.254756	  0.219270	  0.247227	

URL http://cisbp.ccbr.utoronto.ca/TFreport.php?versionNumber=1.02&searchTF=T123062_1.02

MOTIF M1353_1.02 (estExt_fgeneshDP_kg.C_4430003)_(Dictyostelium_discoideum)_(DBD_0.98)

letter-probability matrix: alength= 4 w= 10 nsites= 1 E= 0
  0.262511	  0.232826	  0.259899	  0.244764	
  0.255334	  0.242882	  0.233358	  0.268426	
  0.284602	  0.133099	  0.337340	  0.244959	
  0.209337	  0.101895	  0.370164	  0.318603	
  0.223361	  0.522585	  0.122583	  0.131471	
  0.195035	  0.470209	  0.305875	  0.028881	
  0.051263	  0.001007	  0.931660	  0.016070	
  0.018580	  0.049013	  0.150219	  0.782187	
  0.067085	  0.034673	  0.030446	  0.867796	
  0.451887	  0.069646	  0.291032	  0.187435	

URL http://cisbp.ccbr.utoronto.ca/TFreport.php?versionNumber=1.02&searchTF=T123061_1.02

MOTIF M1641_1.02 (estExt_fgeneshDP_kg.C_6840001)_(Mus_musculus)_(DBD_0.77)

letter-probability matrix: alength= 4 w= 7 nsites= 1 E= 0
  0.486500	  0.104296	  0.119969	  0.289234	
  0.014489	  0.191210	  0.078521	  0.715780	
  0.639678	  0.069475	  0.000533	  0.290314	
  0.371463	  0.095340	  0.000769	  0.532428	
  0.515031	  0.123251	  0.123251	  0.238466	
  0.400342	  0.112429	  0.110202	  0.377028	
  0.323600	  0.170632	  0.188577	  0.317192	

URL http://cisbp.ccbr.utoronto.ca/TFreport.php?versionNumber=1.02&searchTF=T150844_1.02

MOTIF M1678_1.02 (gw1.39.46.1)_(Arabidopsis_thaliana)_(DBD_0.48)

letter-probability matrix: alength= 4 w= 10 nsites= 1 E= 0
  0.332551	  0.189956	  0.218502	  0.258991	
  0.391822	  0.090090	  0.437382	  0.080706	
  0.012012	  0.007141	  0.930653	  0.050194	
  0.015673	  0.000009	  0.000028	  0.984291	
  0.045872	  0.930629	  0.014237	  0.009261	
  0.882532	  0.062352	  0.018780	  0.036336	
  0.849114	  0.016514	  0.107146	  0.027227	
  0.219251	  0.578372	  0.059753	  0.142625	
  0.160546	  0.186528	  0.458785	  0.194140	
  0.228047	  0.284164	  0.273022	  0.214767	

URL http://cisbp.ccbr.utoronto.ca/TFreport.php?versionNumber=1.02&searchTF=T155187_1.02

MOTIF M1686_1.02 (fgeneshDP_pm.C_scaffold_39000024)_(Arabidopsis_thaliana)_(DBD_0.38)

letter-probability matrix: alength= 4 w= 10 nsites= 1 E= 0
  0.280934	  0.223212	  0.249166	  0.246687	
  0.321049	  0.194726	  0.223988	  0.260237	
  0.402699	  0.087199	  0.406746	  0.103357	
  0.051091	  0.000150	  0.910145	  0.038614	
  0.090640	  0.003515	  0.001781	  0.904065	
  0.000480	  0.998835	  0.000056	  0.000629	
  0.868767	  0.066492	  0.021054	  0.043688	
  0.780465	  0.010175	  0.162372	  0.046988	
  0.208081	  0.606636	  0.065231	  0.120052	
  0.159427	  0.208844	  0.429056	  0.202672	

URL http://cisbp.ccbr.utoronto.ca/TFreport.php?versionNumber=1.02&searchTF=T154984_1.02

