MEME version 4

ALPHABET= ACGT

strands: + -

Background letter frequencies (from uniform background):
A 0.25000 C 0.25000 G 0.25000 T 0.25000 

MOTIF M0752_1.02 (ECU01_0470)_(Saccharomyces_cerevisiae)_(DBD_0.40)

letter-probability matrix: alength= 4 w= 10 nsites= 1 E= 0
  0.280208	  0.207584	  0.258665	  0.253543	
  0.254421	  0.227919	  0.227919	  0.289742	
  0.291528	  0.136338	  0.471132	  0.101002	
  0.177849	  0.121624	  0.110050	  0.590478	
  0.600876	  0.264645	  0.053968	  0.080511	
  0.706052	  0.148367	  0.051919	  0.093662	
  0.755353	  0.067842	  0.067167	  0.109638	
  0.089169	  0.528758	  0.091884	  0.290189	
  0.717520	  0.069117	  0.097106	  0.116257	
  0.356358	  0.229507	  0.193627	  0.220508	

URL http://cisbp.ccbr.utoronto.ca/TFreport.php?versionNumber=1.02&searchTF=T082947_1.02

MOTIF M1145_1.02 ECU03_1170

letter-probability matrix: alength= 4 w= 9 nsites= 1 E= 0
  0.259454	  0.234764	  0.210309	  0.295473	
  0.174519	  0.228614	  0.282036	  0.314831	
  0.058202	  0.248121	  0.089471	  0.604206	
  0.740913	  0.151091	  0.033713	  0.074283	
  0.897687	  0.051926	  0.014877	  0.035510	
  0.000090	  0.021879	  0.000025	  0.978006	
  0.271104	  0.088456	  0.049033	  0.591406	
  0.383479	  0.034788	  0.026557	  0.555176	
  0.666246	  0.107949	  0.156282	  0.069523	

URL http://cisbp.ccbr.utoronto.ca/TFreport.php?versionNumber=1.02&searchTF=T100232_1.02

MOTIF M1146_1.02 ECU04_0970

letter-probability matrix: alength= 4 w= 8 nsites= 1 E= 0
  0.310262	  0.206956	  0.413567	  0.069215	
  0.000217	  0.108818	  0.000217	  0.890747	
  0.903344	  0.019408	  0.019408	  0.057840	
  0.924020	  0.000189	  0.019042	  0.056750	
  0.056750	  0.000189	  0.000189	  0.942873	
  0.094457	  0.000189	  0.000189	  0.905166	
  0.899480	  0.000200	  0.020184	  0.080136	
  0.657466	  0.052839	  0.157992	  0.131703	

URL http://cisbp.ccbr.utoronto.ca/TFreport.php?versionNumber=1.02&searchTF=T100233_1.02

MOTIF M1147_1.02 ECU10_1470

letter-probability matrix: alength= 4 w= 11 nsites= 1 E= 0
  0.225697	  0.225697	  0.225697	  0.322910	
  0.225697	  0.225697	  0.322910	  0.225697	
  0.536375	  0.124999	  0.124999	  0.213627	
  0.000134	  0.000134	  0.000134	  0.999598	
  0.000134	  0.000134	  0.000134	  0.999598	
  0.000134	  0.000134	  0.999598	  0.000134	
  0.999598	  0.000134	  0.000134	  0.000134	
  0.000134	  0.091699	  0.723191	  0.184976	
  0.926687	  0.024438	  0.024438	  0.024438	
  0.024438	  0.024438	  0.419860	  0.531265	
  0.211022	  0.221649	  0.442193	  0.125135	

URL http://cisbp.ccbr.utoronto.ca/TFreport.php?versionNumber=1.02&searchTF=T100238_1.02

MOTIF M1298_1.02 (ECU07_1740)_(Mus_musculus)_(DBD_0.71)

letter-probability matrix: alength= 4 w= 10 nsites= 1 E= 0
  0.212984	  0.416099	  0.142972	  0.227946	
  0.201998	  0.401559	  0.182516	  0.213926	
  0.432247	  0.083239	  0.179282	  0.305232	
  0.394149	  0.098816	  0.146383	  0.360652	
  0.532912	  0.075998	  0.118189	  0.272901	
  0.272901	  0.118189	  0.075998	  0.532912	
  0.360652	  0.146383	  0.098816	  0.394149	
  0.305232	  0.179282	  0.083239	  0.432247	
  0.213926	  0.182516	  0.401559	  0.201998	
  0.227946	  0.142972	  0.416099	  0.212984	

URL http://cisbp.ccbr.utoronto.ca/TFreport.php?versionNumber=1.02&searchTF=T111995_1.02

MOTIF M1641_1.02 (ECU04_1440)_(Mus_musculus)_(DBD_0.76)

letter-probability matrix: alength= 4 w= 7 nsites= 1 E= 0
  0.486500	  0.104296	  0.119969	  0.289234	
  0.014489	  0.191210	  0.078521	  0.715780	
  0.639678	  0.069475	  0.000533	  0.290314	
  0.371463	  0.095340	  0.000769	  0.532428	
  0.515031	  0.123251	  0.123251	  0.238466	
  0.400342	  0.112429	  0.110202	  0.377028	
  0.323600	  0.170632	  0.188577	  0.317192	

URL http://cisbp.ccbr.utoronto.ca/TFreport.php?versionNumber=1.02&searchTF=T150748_1.02

