MEME version 4

ALPHABET= ACGT

strands: + -

Background letter frequencies (from uniform background):
A 0.25000 C 0.25000 G 0.25000 T 0.25000 

MOTIF M0085_1.02 (85967)_(Mus_musculus)_(DBD_0.73)

letter-probability matrix: alength= 4 w= 10 nsites= 1 E= 0
  0.213214	  0.176319	  0.135951	  0.474516	
  0.222124	  0.321576	  0.134725	  0.321576	
  0.004784	  0.213834	  0.753855	  0.027528	
  0.000431	  0.961004	  0.000168	  0.038397	
  0.000296	  0.937765	  0.000164	  0.061775	
  0.001274	  0.327763	  0.135950	  0.535013	
  0.122837	  0.314460	  0.391841	  0.170862	
  0.454990	  0.254748	  0.230506	  0.059756	
  0.118505	  0.001133	  0.841307	  0.039054	
  0.002871	  0.001657	  0.957955	  0.037517	

URL http://cisbp.ccbr.utoronto.ca/TFreport.php?versionNumber=1.02&searchTF=T005045_1.02

MOTIF M0104_1.02 (126316)_(Mus_musculus)_(DBD_0.66)

letter-probability matrix: alength= 4 w= 11 nsites= 1 E= 0
  0.467943	  0.177352	  0.177352	  0.177352	
  0.273411	  0.080067	  0.080067	  0.566454	
  0.609177	  0.119174	  0.033749	  0.237901	
  0.104443	  0.000141	  0.000141	  0.895276	
  0.000141	  0.000141	  0.000141	  0.999578	
  0.999578	  0.000141	  0.000141	  0.000141	
  0.910941	  0.000141	  0.000141	  0.088778	
  0.088778	  0.000141	  0.000141	  0.910941	
  0.261793	  0.167866	  0.072788	  0.497552	
  0.489780	  0.170073	  0.170073	  0.170073	
  0.350824	  0.216392	  0.216392	  0.216392	

URL http://cisbp.ccbr.utoronto.ca/TFreport.php?versionNumber=1.02&searchTF=T007940_1.02

MOTIF M0111_1.02 (122964)_(Drosophila_melanogaster)_(DBD_0.77)

letter-probability matrix: alength= 4 w= 8 nsites= 1 E= 0
  0.228748	  0.221987	  0.148803	  0.400462	
  0.182465	  0.170129	  0.146431	  0.500975	
  0.138322	  0.188592	  0.071492	  0.601595	
  0.336065	  0.060178	  0.422972	  0.180785	
  0.973889	  0.000879	  0.022006	  0.003226	
  0.045194	  0.000361	  0.000150	  0.954295	
  0.278506	  0.244555	  0.112105	  0.364833	
  0.300420	  0.203401	  0.269126	  0.227052	

URL http://cisbp.ccbr.utoronto.ca/TFreport.php?versionNumber=1.02&searchTF=T007939_1.02

MOTIF M0168_1.02 (181683)_(Caenorhabditis_elegans)_(DBD_0.79)

letter-probability matrix: alength= 4 w= 8 nsites= 1 E= 0
  0.000000	  0.000000	  1.000000	  0.000000	
  1.000000	  0.000000	  0.000000	  0.000000	
  0.000000	  1.000000	  0.000000	  0.000000	
  1.000000	  0.000000	  0.000000	  0.000000	
  0.000000	  0.000000	  1.000000	  0.000000	
  0.000000	  1.000000	  0.000000	  0.000000	
  0.000000	  0.000000	  0.000000	  1.000000	
  0.000000	  0.000000	  1.000000	  0.000000	

URL http://cisbp.ccbr.utoronto.ca/TFreport.php?versionNumber=1.02&searchTF=T018501_1.02

MOTIF M0176_1.02 (176727)_(Mus_musculus)_(DBD_0.67)

letter-probability matrix: alength= 4 w= 9 nsites= 1 E= 0
  0.273464	  0.424609	  0.181484	  0.120442	
  0.097576	  0.829341	  0.039277	  0.033806	
  0.662486	  0.056036	  0.199537	  0.081941	
  0.043290	  0.208081	  0.467748	  0.280880	
  0.299713	  0.470043	  0.215471	  0.014773	
  0.004397	  0.072302	  0.015656	  0.907645	
  0.000715	  0.000171	  0.997439	  0.001674	
  0.378736	  0.082010	  0.275019	  0.264235	
  0.118253	  0.228795	  0.178185	  0.474767	

URL http://cisbp.ccbr.utoronto.ca/TFreport.php?versionNumber=1.02&searchTF=T018494_1.02

MOTIF M0177_1.02 (155122)_(Mus_musculus)_(DBD_0.88)

letter-probability matrix: alength= 4 w= 10 nsites= 1 E= 0
  0.301828	  0.199871	  0.298430	  0.199871	
  0.282456	  0.579511	  0.069016	  0.069016	
  0.000139	  0.999582	  0.000139	  0.000139	
  0.999582	  0.000139	  0.000139	  0.000139	
  0.000139	  0.217001	  0.000139	  0.782721	
  0.789108	  0.000139	  0.210614	  0.000139	
  0.000139	  0.000139	  0.000139	  0.999582	
  0.000139	  0.000139	  0.999582	  0.000139	
  0.050268	  0.050268	  0.154736	  0.744728	
  0.181123	  0.181123	  0.272271	  0.365483	

URL http://cisbp.ccbr.utoronto.ca/TFreport.php?versionNumber=1.02&searchTF=T018482_1.02

MOTIF M0178_1.02 (148299)_(Mus_musculus)_(DBD_0.71)

letter-probability matrix: alength= 4 w= 10 nsites= 1 E= 0
  0.315548	  0.181281	  0.304970	  0.198202	
  0.342567	  0.215650	  0.329097	  0.112687	
  0.036295	  0.956859	  0.000000	  0.006845	
  0.887444	  0.026036	  0.052040	  0.034479	
  0.022313	  0.233167	  0.582932	  0.161589	
  0.161589	  0.582932	  0.233167	  0.022313	
  0.034479	  0.052040	  0.026036	  0.887444	
  0.006845	  0.000000	  0.956859	  0.036295	
  0.112687	  0.329097	  0.215650	  0.342567	
  0.198202	  0.304970	  0.181281	  0.315548	

URL http://cisbp.ccbr.utoronto.ca/TFreport.php?versionNumber=1.02&searchTF=T018477_1.02

MOTIF M0182_1.02 (176457)_(Mus_musculus)_(DBD_0.73)

letter-probability matrix: alength= 4 w= 10 nsites= 1 E= 0
  0.213490	  0.315320	  0.291077	  0.180114	
  0.120917	  0.709888	  0.074077	  0.095117	
  0.532339	  0.092507	  0.246480	  0.128674	
  0.018594	  0.873768	  0.029161	  0.078478	
  0.214454	  0.050810	  0.733697	  0.001039	
  0.018468	  0.000035	  0.050706	  0.930792	
  0.000057	  0.000070	  0.971682	  0.028192	
  0.357783	  0.270406	  0.190552	  0.181259	
  0.215087	  0.284589	  0.156186	  0.344139	
  0.253280	  0.348799	  0.182089	  0.215831	

URL http://cisbp.ccbr.utoronto.ca/TFreport.php?versionNumber=1.02&searchTF=T018493_1.02

MOTIF M0183_1.02 (98385)_(Mus_musculus)_(DBD_0.78)

letter-probability matrix: alength= 4 w= 9 nsites= 1 E= 0
  0.127939	  0.141394	  0.584966	  0.145701	
  0.373417	  0.217608	  0.219795	  0.189179	
  0.050354	  0.853272	  0.050354	  0.046020	
  0.802681	  0.011681	  0.158850	  0.026788	
  0.013844	  0.914033	  0.014848	  0.057275	
  0.054400	  0.029264	  0.903576	  0.012761	
  0.017038	  0.146267	  0.011652	  0.825043	
  0.010324	  0.002043	  0.967255	  0.020378	
  0.093895	  0.524360	  0.108005	  0.273740	

URL http://cisbp.ccbr.utoronto.ca/TFreport.php?versionNumber=1.02&searchTF=T018645_1.02

MOTIF M0186_1.02 (138065)_(Mus_musculus)_(DBD_0.61)

letter-probability matrix: alength= 4 w= 8 nsites= 1 E= 0
  0.258484	  0.297327	  0.322090	  0.122099	
  0.021337	  0.973045	  0.003005	  0.002613	
  0.939038	  0.031654	  0.017547	  0.011762	
  0.006883	  0.186627	  0.803606	  0.002884	
  0.203145	  0.138923	  0.654532	  0.003400	
  0.004243	  0.006926	  0.001216	  0.987615	
  0.003302	  0.000975	  0.986837	  0.008886	
  0.117426	  0.319197	  0.253613	  0.309764	

URL http://cisbp.ccbr.utoronto.ca/TFreport.php?versionNumber=1.02&searchTF=T018466_1.02

MOTIF M0188_1.02 (138368)_(Mus_musculus)_(DBD_0.71)

letter-probability matrix: alength= 4 w= 9 nsites= 1 E= 0
  0.571172	  0.110796	  0.316616	  0.001416	
  0.160197	  0.136511	  0.060124	  0.643168	
  0.085304	  0.817480	  0.097147	  0.000069	
  0.711640	  0.000000	  0.190104	  0.098256	
  0.027171	  0.615315	  0.144335	  0.213180	
  0.158340	  0.306355	  0.466261	  0.069044	
  0.139616	  0.440934	  0.000021	  0.419429	
  0.070163	  0.219384	  0.539597	  0.170856	
  0.556484	  0.094788	  0.157849	  0.190879	

URL http://cisbp.ccbr.utoronto.ca/TFreport.php?versionNumber=1.02&searchTF=T018468_1.02

MOTIF M0190_1.02 (66987)_(Mus_musculus)_(DBD_0.63)

letter-probability matrix: alength= 4 w= 8 nsites= 1 E= 0
  0.077454	  0.000767	  0.000767	  0.921012	
  0.000587	  0.704812	  0.294014	  0.000587	
  0.411385	  0.000587	  0.587441	  0.000587	
  0.000587	  0.822183	  0.117958	  0.059272	
  0.000587	  0.000587	  0.998239	  0.000587	
  0.000587	  0.059272	  0.000587	  0.939554	
  0.000587	  0.000587	  0.998239	  0.000587	
  0.844325	  0.000767	  0.077454	  0.077454	

URL http://cisbp.ccbr.utoronto.ca/TFreport.php?versionNumber=1.02&searchTF=T018631_1.02

MOTIF M0194_1.02 (138710)_(Mus_musculus)_(DBD_0.65)

letter-probability matrix: alength= 4 w= 10 nsites= 1 E= 0
  0.361199	  0.183013	  0.272775	  0.183013	
  0.138914	  0.651658	  0.134874	  0.074555	
  0.000046	  0.999862	  0.000046	  0.000046	
  0.999862	  0.000046	  0.000046	  0.000046	
  0.000046	  0.000046	  0.000046	  0.999862	
  0.999862	  0.000046	  0.000046	  0.000046	
  0.000046	  0.000046	  0.000046	  0.999862	
  0.000046	  0.000046	  0.999862	  0.000046	
  0.067033	  0.298563	  0.220536	  0.413869	
  0.175491	  0.236272	  0.175491	  0.412746	

URL http://cisbp.ccbr.utoronto.ca/TFreport.php?versionNumber=1.02&searchTF=T018474_1.02

MOTIF M0195_1.02 (188977)_(Mus_musculus)_(DBD_0.89)

letter-probability matrix: alength= 4 w= 10 nsites= 1 E= 0
  0.349915	  0.146774	  0.278558	  0.224752	
  0.357002	  0.417355	  0.173504	  0.052139	
  0.139509	  0.827857	  0.032001	  0.000633	
  0.724593	  0.000000	  0.227645	  0.047763	
  0.064454	  0.126184	  0.294078	  0.515285	
  0.515285	  0.294078	  0.126184	  0.064454	
  0.047763	  0.227645	  0.000000	  0.724593	
  0.000633	  0.032001	  0.827857	  0.139509	
  0.052139	  0.173504	  0.417355	  0.357002	
  0.224752	  0.278558	  0.146774	  0.349915	

URL http://cisbp.ccbr.utoronto.ca/TFreport.php?versionNumber=1.02&searchTF=T018505_1.02

MOTIF M0197_1.02 (189398)_(Mus_musculus)_(DBD_0.67)

letter-probability matrix: alength= 4 w= 11 nsites= 1 E= 0
  0.233907	  0.233907	  0.233907	  0.298278	
  0.459617	  0.123761	  0.292862	  0.123761	
  0.017725	  0.171968	  0.153118	  0.657189	
  0.000135	  0.999596	  0.000135	  0.000135	
  0.999596	  0.000135	  0.000135	  0.000135	
  0.064505	  0.935226	  0.000135	  0.000135	
  0.000135	  0.000135	  0.935226	  0.064505	
  0.064505	  0.000135	  0.000135	  0.935226	
  0.016227	  0.016227	  0.951318	  0.016227	
  0.330773	  0.196186	  0.346666	  0.126374	
  0.232410	  0.232410	  0.302771	  0.232410	

URL http://cisbp.ccbr.utoronto.ca/TFreport.php?versionNumber=1.02&searchTF=T018506_1.02

MOTIF M0207_1.02 (76917)_(Mus_musculus)_(DBD_0.72)

letter-probability matrix: alength= 4 w= 9 nsites= 1 E= 0
  0.245979	  0.352569	  0.300439	  0.101013	
  0.058813	  0.919989	  0.001025	  0.020173	
  0.872648	  0.043447	  0.042163	  0.041743	
  0.032068	  0.136709	  0.778878	  0.052345	
  0.252322	  0.142694	  0.578654	  0.026330	
  0.003499	  0.021379	  0.000159	  0.974963	
  0.048208	  0.008462	  0.930323	  0.013008	
  0.091245	  0.302945	  0.243119	  0.362691	
  0.223098	  0.220878	  0.275232	  0.280792	

URL http://cisbp.ccbr.utoronto.ca/TFreport.php?versionNumber=1.02&searchTF=T018635_1.02

MOTIF M0213_1.02 (128595)_(Mus_musculus)_(DBD_0.75)

letter-probability matrix: alength= 4 w= 11 nsites= 1 E= 0
  0.201784	  0.295980	  0.300452	  0.201784	
  0.274925	  0.079923	  0.079923	  0.565228	
  0.731885	  0.120705	  0.024371	  0.123039	
  0.189822	  0.517890	  0.000302	  0.291985	
  0.195173	  0.614669	  0.000302	  0.189856	
  0.809704	  0.000302	  0.000302	  0.189691	
  0.000302	  0.194479	  0.093488	  0.711731	
  0.905907	  0.000302	  0.000302	  0.093488	
  0.243671	  0.144721	  0.237061	  0.374546	
  0.170379	  0.170379	  0.392660	  0.266582	
  0.225931	  0.225931	  0.322206	  0.225931	

URL http://cisbp.ccbr.utoronto.ca/TFreport.php?versionNumber=1.02&searchTF=T018464_1.02

MOTIF M0216_1.02 (138545)_(Mus_musculus)_(DBD_0.94)

letter-probability matrix: alength= 4 w= 10 nsites= 1 E= 0
  0.282767	  0.305521	  0.171954	  0.239759	
  0.037628	  0.037628	  0.674128	  0.250617	
  0.000178	  0.862732	  0.000178	  0.136912	
  0.930537	  0.000178	  0.069106	  0.000178	
  0.071132	  0.077413	  0.714543	  0.136912	
  0.145218	  0.714543	  0.069106	  0.071132	
  0.000178	  0.067984	  0.000178	  0.931660	
  0.077413	  0.000178	  0.922231	  0.000178	
  0.152455	  0.301874	  0.078225	  0.467447	
  0.281479	  0.212551	  0.293420	  0.212551	

URL http://cisbp.ccbr.utoronto.ca/TFreport.php?versionNumber=1.02&searchTF=T018469_1.02

MOTIF M0217_1.02 (70666)_(Mus_musculus)_(DBD_0.66)

letter-probability matrix: alength= 4 w= 10 nsites= 1 E= 0
  0.424799	  0.113479	  0.235478	  0.226244	
  0.169637	  0.592091	  0.171342	  0.066931	
  0.271365	  0.687777	  0.026936	  0.013922	
  0.665113	  0.034812	  0.186785	  0.113291	
  0.001368	  0.064301	  0.143105	  0.791225	
  0.793894	  0.140745	  0.056090	  0.009272	
  0.075714	  0.150952	  0.010559	  0.762775	
  0.011683	  0.000903	  0.869711	  0.117703	
  0.038634	  0.150525	  0.421629	  0.389213	
  0.091763	  0.270213	  0.234912	  0.403111	

URL http://cisbp.ccbr.utoronto.ca/TFreport.php?versionNumber=1.02&searchTF=T018633_1.02

MOTIF M0218_1.02 (148428)_(Mus_musculus)_(DBD_0.81)

letter-probability matrix: alength= 4 w= 8 nsites= 1 E= 0
  0.143162	  0.570513	  0.285613	  0.000712	
  0.000499	  0.998503	  0.000499	  0.000499	
  0.998503	  0.000499	  0.000499	  0.000499	
  0.000499	  0.000499	  0.200100	  0.798902	
  0.798902	  0.200100	  0.000499	  0.000499	
  0.000499	  0.000499	  0.000499	  0.998503	
  0.000499	  0.000499	  0.998503	  0.000499	
  0.000767	  0.230828	  0.154141	  0.614264	

URL http://cisbp.ccbr.utoronto.ca/TFreport.php?versionNumber=1.02&searchTF=T018478_1.02

MOTIF M0223_1.02 (85565)_(Mus_musculus)_(DBD_0.67)

letter-probability matrix: alength= 4 w= 9 nsites= 1 E= 0
  0.289595	  0.241890	  0.283861	  0.184654	
  0.208936	  0.392300	  0.215299	  0.183466	
  0.190230	  0.670642	  0.084626	  0.054502	
  0.482082	  0.088953	  0.313598	  0.115366	
  0.015362	  0.797825	  0.067484	  0.119330	
  0.289914	  0.047446	  0.658249	  0.004391	
  0.052344	  0.021495	  0.012156	  0.914005	
  0.000116	  0.000018	  0.999784	  0.000082	
  0.174078	  0.304753	  0.326850	  0.194319	

URL http://cisbp.ccbr.utoronto.ca/TFreport.php?versionNumber=1.02&searchTF=T018638_1.02

MOTIF M0297_1.02 (153829)_(Mus_musculus)_(DBD_0.77)

letter-probability matrix: alength= 4 w= 9 nsites= 1 E= 0
  0.357458	  0.170548	  0.361051	  0.110943	
  0.016538	  0.109473	  0.065084	  0.808904	
  0.001209	  0.089107	  0.665032	  0.244652	
  0.783865	  0.024149	  0.128283	  0.063703	
  0.032696	  0.834861	  0.002478	  0.129965	
  0.112813	  0.046793	  0.777229	  0.063164	
  0.152103	  0.245811	  0.086883	  0.515203	
  0.338131	  0.263337	  0.228934	  0.169598	
  0.290142	  0.192553	  0.254773	  0.262532	

URL http://cisbp.ccbr.utoronto.ca/TFreport.php?versionNumber=1.02&searchTF=T028352_1.02

MOTIF M0316_1.02 (82807)_(Mus_musculus)_(DBD_0.60)

letter-probability matrix: alength= 4 w= 10 nsites= 1 E= 0
  0.176462	  0.172968	  0.288041	  0.362529	
  0.560912	  0.096502	  0.320398	  0.022188	
  0.011530	  0.008206	  0.002843	  0.977421	
  0.001434	  0.010080	  0.167434	  0.821052	
  0.857324	  0.000132	  0.121975	  0.020570	
  0.031371	  0.696365	  0.042772	  0.229493	
  0.236286	  0.159979	  0.525864	  0.077870	
  0.167505	  0.232995	  0.144173	  0.455327	
  0.395826	  0.293235	  0.177856	  0.133083	
  0.545449	  0.129232	  0.164286	  0.161033	

URL http://cisbp.ccbr.utoronto.ca/TFreport.php?versionNumber=1.02&searchTF=T028448_1.02

MOTIF M0322_1.02 (115827)_(Xenopus_tropicalis)_(DBD_0.66)

letter-probability matrix: alength= 4 w= 9 nsites= 1 E= 0
  0.449347	  0.217469	  0.202071	  0.131113	
  0.190651	  0.000109	  0.000109	  0.809132	
  0.000109	  0.190651	  0.809132	  0.000109	
  0.999674	  0.000109	  0.000109	  0.000109	
  0.000109	  0.999674	  0.000109	  0.000109	
  0.190651	  0.000109	  0.377050	  0.432191	
  0.000109	  0.825140	  0.000109	  0.174643	
  0.901880	  0.097902	  0.000109	  0.000109	
  0.216789	  0.330350	  0.118996	  0.333866	

URL http://cisbp.ccbr.utoronto.ca/TFreport.php?versionNumber=1.02&searchTF=T028343_1.02

MOTIF M0323_1.02 (146802)_(Caenorhabditis_elegans)_(DBD_0.60)

letter-probability matrix: alength= 4 w= 13 nsites= 1 E= 0
  0.230644	  0.230644	  0.230644	  0.308069	
  0.230644	  0.230644	  0.308069	  0.230644	
  0.195361	  0.042431	  0.042431	  0.719777	
  0.105121	  0.022865	  0.128036	  0.743978	
  0.853680	  0.022865	  0.100590	  0.022865	
  0.000176	  0.673192	  0.000176	  0.326456	
  0.236202	  0.000176	  0.687605	  0.076018	
  0.076018	  0.420964	  0.077601	  0.425417	
  0.790056	  0.095374	  0.019532	  0.095037	
  0.780883	  0.097796	  0.019532	  0.101789	
  0.376765	  0.207745	  0.207745	  0.207745	
  0.227311	  0.227311	  0.227311	  0.318067	
  0.318067	  0.227311	  0.227311	  0.227311	

URL http://cisbp.ccbr.utoronto.ca/TFreport.php?versionNumber=1.02&searchTF=T028349_1.02

MOTIF M0392_1.02 (136356)_(Mus_musculus)_(DBD_0.78)

letter-probability matrix: alength= 4 w= 9 nsites= 1 E= 0
  0.249730	  0.075696	  0.598878	  0.075696	
  0.000046	  0.000046	  0.694134	  0.305774	
  0.000046	  0.000046	  0.999863	  0.000046	
  0.000046	  0.084914	  0.914995	  0.000046	
  0.000046	  0.000046	  0.999863	  0.000046	
  0.000046	  0.914995	  0.084914	  0.000046	
  0.000046	  0.000046	  0.999863	  0.000046	
  0.000046	  0.000046	  0.582071	  0.417838	
  0.174350	  0.174350	  0.476951	  0.174350	

URL http://cisbp.ccbr.utoronto.ca/TFreport.php?versionNumber=1.02&searchTF=T061981_1.02

MOTIF M0402_1.02 (126349)_(Mus_musculus)_(DBD_0.77)

letter-probability matrix: alength= 4 w= 10 nsites= 1 E= 0
  0.345672	  0.149230	  0.297523	  0.207575	
  0.236315	  0.119721	  0.541945	  0.102020	
  0.126852	  0.013504	  0.562855	  0.296789	
  0.166514	  0.000013	  0.833039	  0.000434	
  0.000036	  0.000030	  0.999670	  0.000264	
  0.011649	  0.000039	  0.987545	  0.000767	
  0.160079	  0.668920	  0.014093	  0.156909	
  0.035629	  0.024858	  0.909753	  0.029760	
  0.045986	  0.028741	  0.501866	  0.423407	
  0.212327	  0.118882	  0.458577	  0.210214	

URL http://cisbp.ccbr.utoronto.ca/TFreport.php?versionNumber=1.02&searchTF=T061956_1.02

MOTIF M0419_1.02 (135646)_(Mus_musculus)_(DBD_0.73)

letter-probability matrix: alength= 4 w= 8 nsites= 1 E= 0
  0.094017	  0.581197	  0.145299	  0.179487	
  0.013245	  0.000000	  0.980132	  0.006623	
  0.046053	  0.052632	  0.315789	  0.585526	
  0.065359	  0.006536	  0.928105	  0.000000	
  0.000000	  0.006536	  0.980392	  0.013072	
  0.000000	  0.000000	  0.986395	  0.013605	
  0.106870	  0.473282	  0.267176	  0.152672	
  0.182796	  0.032258	  0.731183	  0.053763	

URL http://cisbp.ccbr.utoronto.ca/TFreport.php?versionNumber=1.02&searchTF=T061978_1.02

MOTIF M0441_1.02 (75510)_(Mus_musculus)_(DBD_0.75)

letter-probability matrix: alength= 4 w= 10 nsites= 1 E= 0
  0.221840	  0.540209	  0.137271	  0.100681	
  0.298238	  0.195956	  0.256696	  0.249109	
  0.073341	  0.661906	  0.084363	  0.180390	
  0.396767	  0.228915	  0.171289	  0.203029	
  0.249892	  0.144175	  0.534338	  0.071595	
  0.032422	  0.482435	  0.259523	  0.225619	
  0.369435	  0.013763	  0.488810	  0.127993	
  0.065318	  0.057932	  0.632238	  0.244512	
  0.028364	  0.021224	  0.833068	  0.117345	
  0.262735	  0.172629	  0.340749	  0.223888	

URL http://cisbp.ccbr.utoronto.ca/TFreport.php?versionNumber=1.02&searchTF=T062161_1.02

MOTIF M0443_1.02 (156740)_(Mus_musculus)_(DBD_0.71)

letter-probability matrix: alength= 4 w= 10 nsites= 1 E= 0
  0.260102	  0.124098	  0.223872	  0.391927	
  0.187213	  0.000148	  0.790168	  0.022471	
  0.000002	  0.000005	  0.999931	  0.000063	
  0.000374	  0.000026	  0.999566	  0.000034	
  0.076094	  0.621399	  0.000039	  0.302468	
  0.000325	  0.000031	  0.997699	  0.001945	
  0.060231	  0.086331	  0.346604	  0.506834	
  0.189328	  0.102872	  0.514647	  0.193153	
  0.167870	  0.130737	  0.470215	  0.231178	
  0.172456	  0.411638	  0.156045	  0.259860	

URL http://cisbp.ccbr.utoronto.ca/TFreport.php?versionNumber=1.02&searchTF=T062027_1.02

MOTIF M0447_1.02 (138032)_(Caenorhabditis_elegans)_(DBD_0.71)

letter-probability matrix: alength= 4 w= 10 nsites= 1 E= 0
  0.391273	  0.146849	  0.267577	  0.194301	
  0.236558	  0.241337	  0.322529	  0.199576	
  0.063325	  0.269963	  0.106515	  0.560196	
  0.004417	  0.002260	  0.968160	  0.025164	
  0.019015	  0.007208	  0.958364	  0.015413	
  0.150280	  0.035251	  0.000029	  0.814440	
  0.000025	  0.973874	  0.003426	  0.022675	
  0.905030	  0.032719	  0.031436	  0.030814	
  0.261983	  0.246726	  0.254240	  0.237052	
  0.139579	  0.281078	  0.155809	  0.423533	

URL http://cisbp.ccbr.utoronto.ca/TFreport.php?versionNumber=1.02&searchTF=T061992_1.02

MOTIF M0448_1.02 (107225)_(Caenorhabditis_elegans)_(DBD_0.70)

letter-probability matrix: alength= 4 w= 8 nsites= 1 E= 0
  0.420693	  0.210609	  0.368172	  0.000525	
  0.000344	  0.000344	  0.000344	  0.998967	
  0.998967	  0.000344	  0.000344	  0.000344	
  0.998967	  0.000344	  0.000344	  0.000344	
  0.000344	  0.998967	  0.000344	  0.000344	
  0.000344	  0.000344	  0.998967	  0.000344	
  0.000344	  0.000344	  0.998967	  0.000344	
  0.315651	  0.105567	  0.210609	  0.368172	

URL http://cisbp.ccbr.utoronto.ca/TFreport.php?versionNumber=1.02&searchTF=T061930_1.02

MOTIF M0450_1.02 (142891)_(Caenorhabditis_elegans)_(DBD_0.72)

letter-probability matrix: alength= 4 w= 7 nsites= 1 E= 0
  0.004902	  0.985294	  0.004902	  0.004902	
  0.985294	  0.004902	  0.004902	  0.004902	
  0.985294	  0.004902	  0.004902	  0.004902	
  0.004902	  0.985294	  0.004902	  0.004902	
  0.985294	  0.004902	  0.004902	  0.004902	
  0.004902	  0.004902	  0.985294	  0.004902	
  0.004902	  0.004902	  0.985294	  0.004902	

URL http://cisbp.ccbr.utoronto.ca/TFreport.php?versionNumber=1.02&searchTF=T062000_1.02

MOTIF M0456_1.02 (110500)_(Caenorhabditis_elegans)_(DBD_0.74)

letter-probability matrix: alength= 4 w= 9 nsites= 1 E= 0
  0.327408	  0.084877	  0.233039	  0.354676	
  0.189096	  0.003752	  0.806139	  0.001012	
  0.000007	  0.004308	  0.992854	  0.002831	
  0.000001	  0.000000	  0.999999	  0.000000	
  0.076941	  0.729993	  0.000000	  0.193067	
  0.006130	  0.000001	  0.985594	  0.008275	
  0.056226	  0.059703	  0.361180	  0.522892	
  0.232760	  0.094633	  0.478190	  0.194417	
  0.234890	  0.146807	  0.383414	  0.234890	

URL http://cisbp.ccbr.utoronto.ca/TFreport.php?versionNumber=1.02&searchTF=T061939_1.02

MOTIF M0584_1.02 (133388)_(Caenorhabditis_elegans)_(DBD_0.73)

letter-probability matrix: alength= 4 w= 9 nsites= 1 E= 0
  0.230911	  0.224086	  0.262968	  0.282035	
  0.269525	  0.209906	  0.264188	  0.256380	
  0.283198	  0.178778	  0.291823	  0.246201	
  0.153491	  0.064952	  0.745191	  0.036366	
  0.485724	  0.054907	  0.315968	  0.143400	
  0.185229	  0.092907	  0.000174	  0.721690	
  0.451981	  0.073969	  0.434259	  0.039791	
  0.183594	  0.056414	  0.557089	  0.202902	
  0.369364	  0.118130	  0.213105	  0.299401	

URL http://cisbp.ccbr.utoronto.ca/TFreport.php?versionNumber=1.02&searchTF=T072718_1.02

MOTIF M0586_1.02 (142791)_(Caenorhabditis_elegans)_(DBD_0.73)

letter-probability matrix: alength= 4 w= 9 nsites= 1 E= 0
  0.395367	  0.142567	  0.267686	  0.194380	
  0.441509	  0.138407	  0.196409	  0.223676	
  0.053561	  0.358107	  0.054100	  0.534232	
  0.094710	  0.789038	  0.054643	  0.061609	
  0.386161	  0.036461	  0.510941	  0.066437	
  0.930672	  0.000688	  0.000203	  0.068437	
  0.025821	  0.000265	  0.000145	  0.973769	
  0.534768	  0.134536	  0.127975	  0.202721	
  0.342352	  0.213971	  0.182334	  0.261344	

URL http://cisbp.ccbr.utoronto.ca/TFreport.php?versionNumber=1.02&searchTF=T073753_1.02

MOTIF M0622_1.02 (138771)_(Caenorhabditis_elegans)_(DBD_0.85)

letter-probability matrix: alength= 4 w= 10 nsites= 1 E= 0
  0.399025	  0.136869	  0.188486	  0.275620	
  0.310127	  0.107445	  0.086227	  0.496201	
  0.141909	  0.062501	  0.661946	  0.133645	
  0.088249	  0.038098	  0.002204	  0.871450	
  0.698396	  0.039204	  0.103419	  0.158981	
  0.217536	  0.066179	  0.106951	  0.609334	
  0.133729	  0.655771	  0.067075	  0.143425	
  0.388300	  0.157871	  0.198697	  0.255132	
  0.411135	  0.162215	  0.172246	  0.254404	
  0.291260	  0.149040	  0.185715	  0.373985	

URL http://cisbp.ccbr.utoronto.ca/TFreport.php?versionNumber=1.02&searchTF=T075356_1.02

MOTIF M0641_1.02 (148702)_(Drosophila_melanogaster)_(DBD_0.98)

letter-probability matrix: alength= 4 w= 10 nsites= 1 E= 0
  0.264213	  0.114063	  0.073461	  0.548263	
  0.146979	  0.076730	  0.639248	  0.137043	
  0.091624	  0.122448	  0.030195	  0.755733	
  0.530776	  0.071833	  0.106096	  0.291296	
  0.340580	  0.064758	  0.186914	  0.407748	
  0.130860	  0.648156	  0.077799	  0.143184	
  0.378005	  0.205389	  0.180351	  0.236254	
  0.412383	  0.112387	  0.172768	  0.302461	
  0.281282	  0.131546	  0.159072	  0.428100	
  0.236410	  0.182284	  0.128453	  0.452853	

URL http://cisbp.ccbr.utoronto.ca/TFreport.php?versionNumber=1.02&searchTF=T075358_1.02

MOTIF M0694_1.02 (110801)_(Mus_musculus)_(DBD_0.80)

letter-probability matrix: alength= 4 w= 9 nsites= 1 E= 0
  0.635514	  0.077048	  0.180266	  0.107172	
  0.154613	  0.646083	  0.165824	  0.033479	
  0.148376	  0.812201	  0.037328	  0.002095	
  0.000563	  0.000345	  0.997694	  0.001399	
  0.009222	  0.004912	  0.984004	  0.001862	
  0.979651	  0.004126	  0.014690	  0.001533	
  0.777163	  0.021024	  0.004330	  0.197483	
  0.378533	  0.050719	  0.553523	  0.017224	
  0.132095	  0.222188	  0.053706	  0.592011	

URL http://cisbp.ccbr.utoronto.ca/TFreport.php?versionNumber=1.02&searchTF=T078953_1.02

MOTIF M0700_1.02 (128920)_(Mus_musculus)_(DBD_0.76)

letter-probability matrix: alength= 4 w= 10 nsites= 1 E= 0
  0.261603	  0.241490	  0.280572	  0.216335	
  0.446052	  0.120354	  0.267852	  0.165742	
  0.103040	  0.655313	  0.180388	  0.061259	
  0.133099	  0.838060	  0.023362	  0.005480	
  0.000937	  0.000046	  0.996869	  0.002148	
  0.001110	  0.001655	  0.996211	  0.001024	
  0.967826	  0.006720	  0.009254	  0.016201	
  0.666748	  0.047107	  0.028287	  0.257859	
  0.287380	  0.110036	  0.556021	  0.046563	
  0.109809	  0.281109	  0.091720	  0.517362	

URL http://cisbp.ccbr.utoronto.ca/TFreport.php?versionNumber=1.02&searchTF=T078957_1.02

MOTIF M0702_1.02 (127646)_(Mus_musculus)_(DBD_0.71)

letter-probability matrix: alength= 4 w= 10 nsites= 1 E= 0
  0.322340	  0.195509	  0.263909	  0.218242	
  0.433860	  0.124303	  0.159608	  0.282230	
  0.311585	  0.293439	  0.240248	  0.154728	
  0.200253	  0.544344	  0.186715	  0.068688	
  0.284306	  0.645517	  0.054058	  0.016120	
  0.011537	  0.000434	  0.987890	  0.000139	
  0.006865	  0.014532	  0.949918	  0.028685	
  0.874097	  0.008964	  0.059931	  0.057008	
  0.302190	  0.165846	  0.058036	  0.473929	
  0.296924	  0.248012	  0.296924	  0.158139	

URL http://cisbp.ccbr.utoronto.ca/TFreport.php?versionNumber=1.02&searchTF=T078955_1.02

MOTIF M0706_1.02 (126004)_(Mus_musculus)_(DBD_0.71)

letter-probability matrix: alength= 4 w= 10 nsites= 1 E= 0
  0.352704	  0.187847	  0.218248	  0.241201	
  0.295417	  0.283834	  0.188366	  0.232383	
  0.200864	  0.429503	  0.247802	  0.121830	
  0.289523	  0.522297	  0.118894	  0.069286	
  0.138981	  0.013254	  0.791822	  0.055943	
  0.109863	  0.063386	  0.772195	  0.054556	
  0.902087	  0.004458	  0.007424	  0.086031	
  0.789723	  0.012203	  0.005268	  0.192806	
  0.278298	  0.168796	  0.445276	  0.107629	
  0.208426	  0.254572	  0.121460	  0.415542	

URL http://cisbp.ccbr.utoronto.ca/TFreport.php?versionNumber=1.02&searchTF=T078954_1.02

MOTIF M0708_1.02 (70650)_(Mus_musculus)_(DBD_0.73)

letter-probability matrix: alength= 4 w= 10 nsites= 1 E= 0
  0.372844	  0.157773	  0.219458	  0.249925	
  0.282039	  0.273704	  0.189057	  0.255200	
  0.177779	  0.464305	  0.257377	  0.100539	
  0.260304	  0.591019	  0.112376	  0.036301	
  0.048307	  0.002265	  0.941601	  0.007827	
  0.026432	  0.018441	  0.938772	  0.016356	
  0.877400	  0.019628	  0.024952	  0.078020	
  0.765799	  0.046568	  0.015043	  0.172590	
  0.281705	  0.157726	  0.488266	  0.072303	
  0.182791	  0.244287	  0.114245	  0.458676	

URL http://cisbp.ccbr.utoronto.ca/TFreport.php?versionNumber=1.02&searchTF=T078971_1.02

MOTIF M0709_1.02 (137851)_(Mus_musculus)_(DBD_0.89)

letter-probability matrix: alength= 4 w= 10 nsites= 1 E= 0
  0.281573	  0.232850	  0.257339	  0.228239	
  0.414866	  0.149598	  0.249125	  0.186411	
  0.179962	  0.494103	  0.211187	  0.114749	
  0.259489	  0.638239	  0.085517	  0.016755	
  0.004798	  0.001474	  0.980684	  0.013043	
  0.008733	  0.003278	  0.979598	  0.008391	
  0.916015	  0.015333	  0.027386	  0.041266	
  0.617614	  0.075631	  0.032004	  0.274751	
  0.365042	  0.122733	  0.437035	  0.075190	
  0.145434	  0.289954	  0.127705	  0.436908	

URL http://cisbp.ccbr.utoronto.ca/TFreport.php?versionNumber=1.02&searchTF=T078958_1.02

MOTIF M0710_1.02 (147323)_(Mus_musculus)_(DBD_0.60)

letter-probability matrix: alength= 4 w= 10 nsites= 1 E= 0
  0.273969	  0.224307	  0.302782	  0.198942	
  0.487672	  0.100448	  0.244604	  0.167276	
  0.092545	  0.704648	  0.163645	  0.039162	
  0.101165	  0.886031	  0.012143	  0.000661	
  0.000629	  0.000385	  0.998745	  0.000241	
  0.003523	  0.004524	  0.991646	  0.000307	
  0.973452	  0.007177	  0.011033	  0.008338	
  0.692543	  0.034137	  0.018548	  0.254772	
  0.273496	  0.101625	  0.596624	  0.028255	
  0.097991	  0.269045	  0.080229	  0.552735	

URL http://cisbp.ccbr.utoronto.ca/TFreport.php?versionNumber=1.02&searchTF=T078962_1.02

MOTIF M0711_1.02 (138063)_(Tetraodon_nigroviridis)_(DBD_0.65)

letter-probability matrix: alength= 4 w= 8 nsites= 1 E= 0
  0.001420	  0.995739	  0.001420	  0.001420	
  0.001106	  0.996681	  0.001106	  0.001106	
  0.001106	  0.001106	  0.996681	  0.001106	
  0.001106	  0.001106	  0.996681	  0.001106	
  0.996681	  0.001106	  0.001106	  0.001106	
  0.886062	  0.001106	  0.001106	  0.111726	
  0.222345	  0.001106	  0.775442	  0.001106	
  0.001656	  0.167219	  0.001656	  0.829470	

URL http://cisbp.ccbr.utoronto.ca/TFreport.php?versionNumber=1.02&searchTF=T078959_1.02

MOTIF M0713_1.02 (127865)_(Drosophila_melanogaster)_(DBD_0.82)

letter-probability matrix: alength= 4 w= 8 nsites= 1 E= 0
  0.001244	  0.996269	  0.001244	  0.001244	
  0.000996	  0.997012	  0.000996	  0.000996	
  0.000996	  0.000996	  0.997012	  0.000996	
  0.000996	  0.000996	  0.997012	  0.000996	
  0.997012	  0.000996	  0.000996	  0.000996	
  0.897410	  0.000996	  0.000996	  0.100598	
  0.332965	  0.001106	  0.664823	  0.001106	
  0.001420	  0.285511	  0.001420	  0.711648	

URL http://cisbp.ccbr.utoronto.ca/TFreport.php?versionNumber=1.02&searchTF=T078956_1.02

MOTIF M0715_1.02 (146672)_(Caenorhabditis_briggsae)_(DBD_0.43)

letter-probability matrix: alength= 4 w= 8 nsites= 1 E= 0
  0.416389	  0.000416	  0.541181	  0.042013	
  0.028824	  0.000285	  0.000285	  0.970605	
  0.827911	  0.171518	  0.000285	  0.000285	
  0.942066	  0.000285	  0.000285	  0.057363	
  0.999144	  0.000285	  0.000285	  0.000285	
  0.057363	  0.913527	  0.000285	  0.028824	
  0.999144	  0.000285	  0.000285	  0.000285	
  0.434462	  0.217448	  0.130642	  0.217448	

URL http://cisbp.ccbr.utoronto.ca/TFreport.php?versionNumber=1.02&searchTF=T082986_1.02

MOTIF M0722_1.02 (148308)_(Mus_musculus)_(DBD_0.54)

letter-probability matrix: alength= 4 w= 8 nsites= 1 E= 0
  0.461214	  0.000384	  0.538018	  0.000384	
  0.050200	  0.025225	  0.000250	  0.924326	
  0.794959	  0.204587	  0.000227	  0.000227	
  0.977131	  0.000222	  0.000222	  0.022425	
  0.999334	  0.000222	  0.000222	  0.000222	
  0.000227	  0.953906	  0.000227	  0.045640	
  0.999319	  0.000227	  0.000227	  0.000227	
  0.593321	  0.125156	  0.125156	  0.156367	

URL http://cisbp.ccbr.utoronto.ca/TFreport.php?versionNumber=1.02&searchTF=T082991_1.02

MOTIF M0723_1.02 (137899)_(Mus_musculus)_(DBD_0.42)

letter-probability matrix: alength= 4 w= 10 nsites= 1 E= 0
  0.304424	  0.223279	  0.262020	  0.210276	
  0.213777	  0.233909	  0.245902	  0.306412	
  0.293934	  0.159709	  0.385043	  0.161314	
  0.246234	  0.175262	  0.129837	  0.448667	
  0.528194	  0.286995	  0.062145	  0.122666	
  0.598965	  0.187767	  0.067034	  0.146233	
  0.718961	  0.066540	  0.146615	  0.067884	
  0.033458	  0.590092	  0.077500	  0.298951	
  0.671272	  0.049858	  0.121410	  0.157460	
  0.326891	  0.210530	  0.210530	  0.252050	

URL http://cisbp.ccbr.utoronto.ca/TFreport.php?versionNumber=1.02&searchTF=T082984_1.02

MOTIF M0727_1.02 (137725)_(Mus_musculus)_(DBD_0.48)

letter-probability matrix: alength= 4 w= 9 nsites= 1 E= 0
  0.285936	  0.209719	  0.382132	  0.122213	
  0.259231	  0.180859	  0.145143	  0.414767	
  0.482799	  0.289919	  0.074411	  0.152872	
  0.584225	  0.181324	  0.065385	  0.169066	
  0.800779	  0.028377	  0.101047	  0.069797	
  0.006674	  0.733801	  0.002741	  0.256785	
  0.711264	  0.065173	  0.101194	  0.122369	
  0.343115	  0.208109	  0.218779	  0.229997	
  0.298983	  0.230531	  0.194491	  0.275996	

URL http://cisbp.ccbr.utoronto.ca/TFreport.php?versionNumber=1.02&searchTF=T082982_1.02

MOTIF M0728_1.02 (137770)_(Mus_musculus)_(DBD_0.42)

letter-probability matrix: alength= 4 w= 12 nsites= 1 E= 0
  0.394926	  0.201691	  0.201691	  0.201691	
  0.357836	  0.147163	  0.347838	  0.147163	
  0.159006	  0.172368	  0.068783	  0.599842	
  0.841382	  0.113021	  0.022798	  0.022798	
  0.999531	  0.000156	  0.000156	  0.000156	
  0.999531	  0.000156	  0.000156	  0.000156	
  0.000156	  0.999531	  0.000156	  0.000156	
  0.999531	  0.000156	  0.000156	  0.000156	
  0.854605	  0.048465	  0.048465	  0.048465	
  0.691020	  0.102993	  0.102993	  0.102993	
  0.181373	  0.360053	  0.181373	  0.277201	
  0.317926	  0.227358	  0.227358	  0.227358	

URL http://cisbp.ccbr.utoronto.ca/TFreport.php?versionNumber=1.02&searchTF=T082983_1.02

MOTIF M0733_1.02 (136557)_(Mus_musculus)_(DBD_0.65)

letter-probability matrix: alength= 4 w= 8 nsites= 1 E= 0
  0.346154	  0.076923	  0.557692	  0.019231	
  0.181818	  0.038961	  0.012987	  0.766234	
  0.650602	  0.277108	  0.024096	  0.048193	
  0.916667	  0.035714	  0.011905	  0.035714	
  0.952381	  0.011905	  0.011905	  0.023810	
  0.011905	  0.845238	  0.011905	  0.130952	
  0.964286	  0.011905	  0.011905	  0.011905	
  0.571429	  0.142857	  0.126984	  0.158730	

URL http://cisbp.ccbr.utoronto.ca/TFreport.php?versionNumber=1.02&searchTF=T082980_1.02

MOTIF M0734_1.02 (93097)_(Mus_musculus)_(DBD_0.46)

letter-probability matrix: alength= 4 w= 10 nsites= 1 E= 0
  0.351977	  0.145994	  0.093090	  0.408939	
  0.430155	  0.146079	  0.255736	  0.168030	
  0.278189	  0.199996	  0.208158	  0.313657	
  0.359617	  0.095110	  0.461757	  0.083516	
  0.198979	  0.180044	  0.080094	  0.540882	
  0.531072	  0.271754	  0.087786	  0.109388	
  0.713788	  0.108917	  0.076752	  0.100543	
  0.717547	  0.081113	  0.105197	  0.096143	
  0.093915	  0.556901	  0.052583	  0.296601	
  0.697500	  0.074255	  0.098249	  0.129996	

URL http://cisbp.ccbr.utoronto.ca/TFreport.php?versionNumber=1.02&searchTF=T083008_1.02

MOTIF M0735_1.02 (64772)_(Mus_musculus)_(DBD_0.48)

letter-probability matrix: alength= 4 w= 10 nsites= 1 E= 0
  0.257065	  0.230288	  0.239686	  0.272961	
  0.221196	  0.262184	  0.254436	  0.262184	
  0.300293	  0.189570	  0.359516	  0.150620	
  0.274149	  0.169639	  0.143119	  0.413093	
  0.434028	  0.299798	  0.094927	  0.171247	
  0.539248	  0.208549	  0.086503	  0.165700	
  0.654737	  0.054284	  0.174903	  0.116075	
  0.042270	  0.580616	  0.077022	  0.300092	
  0.617317	  0.070484	  0.158441	  0.153758	
  0.310172	  0.220771	  0.227495	  0.241562	

URL http://cisbp.ccbr.utoronto.ca/TFreport.php?versionNumber=1.02&searchTF=T082997_1.02

MOTIF M0736_1.02 (75694)_(Mus_musculus)_(DBD_0.51)

letter-probability matrix: alength= 4 w= 8 nsites= 1 E= 0
  0.309467	  0.142959	  0.547336	  0.000238	
  0.295052	  0.000164	  0.000164	  0.704620	
  0.619510	  0.295749	  0.000141	  0.084600	
  0.888534	  0.069545	  0.000139	  0.041782	
  0.999584	  0.000139	  0.000139	  0.000139	
  0.000139	  0.957940	  0.000139	  0.041782	
  0.999572	  0.000143	  0.000143	  0.000143	
  0.660068	  0.132164	  0.056750	  0.151018	

URL http://cisbp.ccbr.utoronto.ca/TFreport.php?versionNumber=1.02&searchTF=T082999_1.02

MOTIF M0740_1.02 (89836)_(Drosophila_melanogaster)_(DBD_0.50)

letter-probability matrix: alength= 4 w= 10 nsites= 1 E= 0
  0.148384	  0.253629	  0.148384	  0.449602	
  0.343159	  0.027768	  0.517643	  0.111431	
  0.083876	  0.000213	  0.000213	  0.915697	
  0.999360	  0.000213	  0.000213	  0.000213	
  0.915697	  0.000213	  0.000213	  0.083876	
  0.999360	  0.000213	  0.000213	  0.000213	
  0.000213	  0.912223	  0.000213	  0.087351	
  0.999360	  0.000213	  0.000213	  0.000213	
  0.437060	  0.186478	  0.185492	  0.190970	
  0.332663	  0.222446	  0.222446	  0.222446	

URL http://cisbp.ccbr.utoronto.ca/TFreport.php?versionNumber=1.02&searchTF=T083006_1.02

MOTIF M0748_1.02 (136569)_(Caenorhabditis_elegans)_(DBD_0.55)

letter-probability matrix: alength= 4 w= 10 nsites= 1 E= 0
  0.259111	  0.218603	  0.241594	  0.280692	
  0.227954	  0.262210	  0.239641	  0.270195	
  0.343013	  0.106460	  0.496592	  0.053934	
  0.238807	  0.129756	  0.044065	  0.587372	
  0.586793	  0.294321	  0.041045	  0.077841	
  0.799746	  0.117248	  0.029794	  0.053213	
  0.865620	  0.030068	  0.050071	  0.054241	
  0.033723	  0.691019	  0.013305	  0.261953	
  0.852964	  0.038812	  0.039596	  0.068629	
  0.355570	  0.215664	  0.195141	  0.233626	

URL http://cisbp.ccbr.utoronto.ca/TFreport.php?versionNumber=1.02&searchTF=T082981_1.02

MOTIF M0755_1.02 (146879)_(Trionyx_sinensis)_(DBD_0.43)

letter-probability matrix: alength= 4 w= 9 nsites= 1 E= 0
  0.003289	  0.003289	  0.003289	  0.990132	
  0.001984	  0.001984	  0.994048	  0.001984	
  0.001656	  0.001656	  0.001656	  0.995033	
  0.829470	  0.167219	  0.001656	  0.001656	
  0.995033	  0.001656	  0.001656	  0.001656	
  0.995033	  0.001656	  0.001656	  0.001656	
  0.001656	  0.663907	  0.001656	  0.332781	
  0.995033	  0.001656	  0.001656	  0.001656	
  0.661184	  0.332237	  0.003289	  0.003289	

URL http://cisbp.ccbr.utoronto.ca/TFreport.php?versionNumber=1.02&searchTF=T082987_1.02

MOTIF M0756_1.02 (77530)_(Strongylocentrotus_purpuratus)_(DBD_0.45)

letter-probability matrix: alength= 4 w= 9 nsites= 1 E= 0
  0.233668	  0.224506	  0.348592	  0.193234	
  0.280037	  0.209542	  0.191507	  0.318914	
  0.404308	  0.290666	  0.110187	  0.194839	
  0.447462	  0.238314	  0.104961	  0.209263	
  0.768976	  0.018266	  0.173306	  0.039451	
  0.016176	  0.708777	  0.031930	  0.243117	
  0.578790	  0.107871	  0.169176	  0.144162	
  0.340778	  0.228430	  0.226157	  0.204635	
  0.301280	  0.239377	  0.210196	  0.249146	

URL http://cisbp.ccbr.utoronto.ca/TFreport.php?versionNumber=1.02&searchTF=T083000_1.02

MOTIF M0757_1.02 (95625)_(Strongylocentrotus_purpuratus)_(DBD_0.50)

letter-probability matrix: alength= 4 w= 10 nsites= 1 E= 0
  0.321884	  0.201178	  0.236085	  0.240854	
  0.216367	  0.234387	  0.239122	  0.310124	
  0.297171	  0.182055	  0.409243	  0.111532	
  0.279854	  0.144643	  0.132194	  0.443309	
  0.472247	  0.313407	  0.069235	  0.145111	
  0.572460	  0.196359	  0.062174	  0.169007	
  0.751021	  0.048981	  0.135834	  0.064163	
  0.037542	  0.655546	  0.026722	  0.280190	
  0.680835	  0.057015	  0.121915	  0.140235	
  0.359328	  0.213628	  0.193298	  0.233746	

URL http://cisbp.ccbr.utoronto.ca/TFreport.php?versionNumber=1.02&searchTF=T083010_1.02

MOTIF M0783_1.02 (143547)_(Mus_musculus)_(DBD_0.87)

letter-probability matrix: alength= 4 w= 10 nsites= 1 E= 0
  0.268595	  0.233506	  0.226604	  0.271295	
  0.274182	  0.235991	  0.229016	  0.260810	
  0.228672	  0.255262	  0.268349	  0.247717	
  0.424078	  0.237440	  0.065360	  0.273121	
  0.073859	  0.028851	  0.873191	  0.024099	
  0.941711	  0.009657	  0.001747	  0.046885	
  0.062764	  0.030247	  0.036212	  0.870777	
  0.486794	  0.180881	  0.095377	  0.236948	
  0.453949	  0.132686	  0.190183	  0.223182	
  0.227316	  0.258874	  0.316190	  0.197619	

URL http://cisbp.ccbr.utoronto.ca/TFreport.php?versionNumber=1.02&searchTF=T085262_1.02

MOTIF M0784_1.02 (80803)_(Mus_musculus)_(DBD_0.84)

letter-probability matrix: alength= 4 w= 9 nsites= 1 E= 0
  0.269704	  0.232136	  0.256550	  0.241610	
  0.223924	  0.265418	  0.268085	  0.242574	
  0.334851	  0.238337	  0.111462	  0.315350	
  0.139815	  0.113332	  0.678797	  0.068055	
  0.741047	  0.046902	  0.102316	  0.109735	
  0.190215	  0.082943	  0.088957	  0.637884	
  0.577501	  0.109805	  0.104450	  0.208244	
  0.492768	  0.132959	  0.175922	  0.198351	
  0.218515	  0.266895	  0.342700	  0.171890	

URL http://cisbp.ccbr.utoronto.ca/TFreport.php?versionNumber=1.02&searchTF=T085293_1.02

MOTIF M0785_1.02 (82644)_(Mus_musculus)_(DBD_0.77)

letter-probability matrix: alength= 4 w= 9 nsites= 1 E= 0
  0.248650	  0.261399	  0.241301	  0.248650	
  0.392226	  0.219607	  0.070234	  0.317932	
  0.025762	  0.011346	  0.942829	  0.020063	
