MEME version 4

ALPHABET= ACGT

strands: + -

Background letter frequencies (from uniform background):
A 0.25000 C 0.25000 G 0.25000 T 0.25000 

MOTIF M0111_1.02 (XP_002160328.1)_(Drosophila_melanogaster)_(DBD_0.66)

letter-probability matrix: alength= 4 w= 8 nsites= 1 E= 0
  0.228748	  0.221987	  0.148803	  0.400462	
  0.182465	  0.170129	  0.146431	  0.500975	
  0.138322	  0.188592	  0.071492	  0.601595	
  0.336065	  0.060178	  0.422972	  0.180785	
  0.973889	  0.000879	  0.022006	  0.003226	
  0.045194	  0.000361	  0.000150	  0.954295	
  0.278506	  0.244555	  0.112105	  0.364833	
  0.300420	  0.203401	  0.269126	  0.227052	

URL http://cisbp.ccbr.utoronto.ca/TFreport.php?versionNumber=1.02&searchTF=T008356_1.02

MOTIF M0174_1.02 (XP_002158833.1)_(Mus_musculus)_(DBD_0.71)

letter-probability matrix: alength= 4 w= 10 nsites= 1 E= 0
  0.280635	  0.184390	  0.316415	  0.218559	
  0.390544	  0.069237	  0.481806	  0.058413	
  0.073191	  0.091202	  0.083352	  0.752255	
  0.006168	  0.991693	  0.001767	  0.000371	
  0.893698	  0.042750	  0.012371	  0.051181	
  0.006567	  0.707771	  0.068178	  0.217483	
  0.151077	  0.039956	  0.794559	  0.014408	
  0.254645	  0.242226	  0.115569	  0.387560	
  0.035893	  0.036253	  0.863104	  0.064750	
  0.230459	  0.225896	  0.347260	  0.196384	

URL http://cisbp.ccbr.utoronto.ca/TFreport.php?versionNumber=1.02&searchTF=T021754_1.02

MOTIF M0197_1.02 (XP_002162281.1)_(Mus_musculus)_(DBD_0.63)

letter-probability matrix: alength= 4 w= 11 nsites= 1 E= 0
  0.233907	  0.233907	  0.233907	  0.298278	
  0.459617	  0.123761	  0.292862	  0.123761	
  0.017725	  0.171968	  0.153118	  0.657189	
  0.000135	  0.999596	  0.000135	  0.000135	
  0.999596	  0.000135	  0.000135	  0.000135	
  0.064505	  0.935226	  0.000135	  0.000135	
  0.000135	  0.000135	  0.935226	  0.064505	
  0.064505	  0.000135	  0.000135	  0.935226	
  0.016227	  0.016227	  0.951318	  0.016227	
  0.330773	  0.196186	  0.346666	  0.126374	
  0.232410	  0.232410	  0.302771	  0.232410	

URL http://cisbp.ccbr.utoronto.ca/TFreport.php?versionNumber=1.02&searchTF=T021759_1.02

MOTIF M0219_1.02 (XP_002153906.1)_(Mus_musculus)_(DBD_0.78)

letter-probability matrix: alength= 4 w= 9 nsites= 1 E= 0
  0.241036	  0.335274	  0.300350	  0.123340	
  0.079879	  0.889370	  0.008763	  0.021988	
  0.848296	  0.076190	  0.045752	  0.029762	
  0.021618	  0.169617	  0.760169	  0.048596	
  0.258214	  0.173086	  0.546639	  0.022061	
  0.026426	  0.033594	  0.010744	  0.929235	
  0.027834	  0.014824	  0.903488	  0.053853	
  0.124622	  0.309601	  0.243541	  0.322236	
  0.223232	  0.241825	  0.278165	  0.256778	

URL http://cisbp.ccbr.utoronto.ca/TFreport.php?versionNumber=1.02&searchTF=T021751_1.02

MOTIF M0276_1.02 (XP_002160519.1)_(Caenorhabditis_elegans)_(DBD_0.55)

letter-probability matrix: alength= 4 w= 10 nsites= 1 E= 0
  0.175570	  0.261504	  0.175570	  0.387356	
  0.095404	  0.095404	  0.639645	  0.169546	
  0.160935	  0.838902	  0.000082	  0.000082	
  0.000082	  0.999755	  0.000082	  0.000082	
  0.999755	  0.000082	  0.000082	  0.000082	
  0.000082	  0.999755	  0.000082	  0.000082	
  0.000082	  0.000082	  0.999755	  0.000082	
  0.000082	  0.000082	  0.000082	  0.999755	
  0.165231	  0.153373	  0.606884	  0.074512	
  0.233539	  0.154677	  0.277113	  0.334671	

URL http://cisbp.ccbr.utoronto.ca/TFreport.php?versionNumber=1.02&searchTF=T031503_1.02

MOTIF M0297_1.02 (XP_002162729.1)_(Mus_musculus)_(DBD_0.89)

letter-probability matrix: alength= 4 w= 9 nsites= 1 E= 0
  0.357458	  0.170548	  0.361051	  0.110943	
  0.016538	  0.109473	  0.065084	  0.808904	
  0.001209	  0.089107	  0.665032	  0.244652	
  0.783865	  0.024149	  0.128283	  0.063703	
  0.032696	  0.834861	  0.002478	  0.129965	
  0.112813	  0.046793	  0.777229	  0.063164	
  0.152103	  0.245811	  0.086883	  0.515203	
  0.338131	  0.263337	  0.228934	  0.169598	
  0.290142	  0.192553	  0.254773	  0.262532	

URL http://cisbp.ccbr.utoronto.ca/TFreport.php?versionNumber=1.02&searchTF=T031506_1.02

MOTIF M0300_1.02 (XP_002159178.1)_(Mus_musculus)_(DBD_0.71)

letter-probability matrix: alength= 4 w= 10 nsites= 1 E= 0
  0.291870	  0.184253	  0.277636	  0.246241	
  0.530199	  0.133387	  0.274034	  0.062380	
  0.035631	  0.062379	  0.001238	  0.900752	
  0.073796	  0.082377	  0.556301	  0.287525	
  0.757933	  0.025806	  0.125285	  0.090976	
  0.084682	  0.638364	  0.084682	  0.192271	
  0.156906	  0.065082	  0.710273	  0.067738	
  0.117142	  0.166233	  0.068950	  0.647675	
  0.368627	  0.407396	  0.102492	  0.121484	
  0.489340	  0.124345	  0.187365	  0.198951	

URL http://cisbp.ccbr.utoronto.ca/TFreport.php?versionNumber=1.02&searchTF=T031499_1.02

MOTIF M0304_1.02 (XP_002164910.1)_(Mus_musculus)_(DBD_0.56)

letter-probability matrix: alength= 4 w= 10 nsites= 1 E= 0
  0.417594	  0.193373	  0.289850	  0.099182	
  0.070926	  0.105761	  0.069103	  0.754210	
  0.075979	  0.046003	  0.228470	  0.649548	
  0.348495	  0.037506	  0.334666	  0.279334	
  0.126578	  0.520621	  0.107184	  0.245617	
  0.245617	  0.107184	  0.520621	  0.126578	
  0.279334	  0.334666	  0.037506	  0.348495	
  0.649548	  0.228470	  0.046003	  0.075979	
  0.754210	  0.069103	  0.105761	  0.070926	
  0.099182	  0.289850	  0.193373	  0.417594	

URL http://cisbp.ccbr.utoronto.ca/TFreport.php?versionNumber=1.02&searchTF=T031510_1.02

MOTIF M0322_1.02 (XP_002157179.1)_(Xenopus_tropicalis)_(DBD_0.59)

letter-probability matrix: alength= 4 w= 9 nsites= 1 E= 0
  0.449347	  0.217469	  0.202071	  0.131113	
  0.190651	  0.000109	  0.000109	  0.809132	
  0.000109	  0.190651	  0.809132	  0.000109	
  0.999674	  0.000109	  0.000109	  0.000109	
  0.000109	  0.999674	  0.000109	  0.000109	
  0.190651	  0.000109	  0.377050	  0.432191	
  0.000109	  0.825140	  0.000109	  0.174643	
  0.901880	  0.097902	  0.000109	  0.000109	
  0.216789	  0.330350	  0.118996	  0.333866	

URL http://cisbp.ccbr.utoronto.ca/TFreport.php?versionNumber=1.02&searchTF=T031497_1.02

MOTIF M0392_1.02 (XP_002166590.1)_(Mus_musculus)_(DBD_0.79)

letter-probability matrix: alength= 4 w= 9 nsites= 1 E= 0
  0.249730	  0.075696	  0.598878	  0.075696	
  0.000046	  0.000046	  0.694134	  0.305774	
  0.000046	  0.000046	  0.999863	  0.000046	
  0.000046	  0.084914	  0.914995	  0.000046	
  0.000046	  0.000046	  0.999863	  0.000046	
  0.000046	  0.914995	  0.084914	  0.000046	
  0.000046	  0.000046	  0.999863	  0.000046	
  0.000046	  0.000046	  0.582071	  0.417838	
  0.174350	  0.174350	  0.476951	  0.174350	

URL http://cisbp.ccbr.utoronto.ca/TFreport.php?versionNumber=1.02&searchTF=T069270_1.02

MOTIF M0405_1.02 (XP_002157385.1)_(Mus_musculus)_(DBD_0.84)

letter-probability matrix: alength= 4 w= 10 nsites= 1 E= 0
  0.322200	  0.077105	  0.258571	  0.342124	
  0.174850	  0.000229	  0.823801	  0.001121	
  0.000272	  0.000173	  0.999363	  0.000191	
  0.000074	  0.000241	  0.999596	  0.000089	
  0.100743	  0.660217	  0.010304	  0.228736	
  0.015211	  0.000320	  0.974574	  0.009895	
  0.042318	  0.089587	  0.352557	  0.515538	
  0.208085	  0.076550	  0.538047	  0.177318	
  0.167365	  0.115605	  0.497789	  0.219242	
  0.170239	  0.414554	  0.180766	  0.234441	

URL http://cisbp.ccbr.utoronto.ca/TFreport.php?versionNumber=1.02&searchTF=T069228_1.02

MOTIF M0419_1.02 (XP_002155290.1)_(Mus_musculus)_(DBD_0.89)

letter-probability matrix: alength= 4 w= 8 nsites= 1 E= 0
  0.094017	  0.581197	  0.145299	  0.179487	
  0.013245	  0.000000	  0.980132	  0.006623	
  0.046053	  0.052632	  0.315789	  0.585526	
  0.065359	  0.006536	  0.928105	  0.000000	
  0.000000	  0.006536	  0.980392	  0.013072	
  0.000000	  0.000000	  0.986395	  0.013605	
  0.106870	  0.473282	  0.267176	  0.152672	
  0.182796	  0.032258	  0.731183	  0.053763	

URL http://cisbp.ccbr.utoronto.ca/TFreport.php?versionNumber=1.02&searchTF=T069220_1.02

MOTIF M0424_1.02 (XP_002162096.1)_(Mus_musculus)_(DBD_0.71)

letter-probability matrix: alength= 4 w= 10 nsites= 1 E= 0
  0.277274	  0.205410	  0.231599	  0.285718	
  0.260772	  0.211378	  0.215648	  0.312201	
  0.119201	  0.079108	  0.058605	  0.743086	
  0.006837	  0.028857	  0.918136	  0.046171	
  0.862086	  0.000771	  0.084720	  0.052423	
  0.039362	  0.891405	  0.009326	  0.059907	
  0.762638	  0.017936	  0.180690	  0.038737	
  0.164638	  0.133453	  0.461162	  0.240748	
  0.190999	  0.293614	  0.282101	  0.233286	
  0.218148	  0.236317	  0.178604	  0.366931	

URL http://cisbp.ccbr.utoronto.ca/TFreport.php?versionNumber=1.02&searchTF=T069253_1.02

MOTIF M0441_1.02 (XP_002159358.1)_(Mus_musculus)_(DBD_0.71)

letter-probability matrix: alength= 4 w= 10 nsites= 1 E= 0
  0.221840	  0.540209	  0.137271	  0.100681	
  0.298238	  0.195956	  0.256696	  0.249109	
  0.073341	  0.661906	  0.084363	  0.180390	
  0.396767	  0.228915	  0.171289	  0.203029	
  0.249892	  0.144175	  0.534338	  0.071595	
  0.032422	  0.482435	  0.259523	  0.225619	
  0.369435	  0.013763	  0.488810	  0.127993	
  0.065318	  0.057932	  0.632238	  0.244512	
  0.028364	  0.021224	  0.833068	  0.117345	
  0.262735	  0.172629	  0.340749	  0.223888	

URL http://cisbp.ccbr.utoronto.ca/TFreport.php?versionNumber=1.02&searchTF=T069237_1.02

MOTIF M0584_1.02 (XP_002154000.1)_(Caenorhabditis_elegans)_(DBD_0.75)

letter-probability matrix: alength= 4 w= 9 nsites= 1 E= 0
  0.230911	  0.224086	  0.262968	  0.282035	
  0.269525	  0.209906	  0.264188	  0.256380	
  0.283198	  0.178778	  0.291823	  0.246201	
  0.153491	  0.064952	  0.745191	  0.036366	
  0.485724	  0.054907	  0.315968	  0.143400	
  0.185229	  0.092907	  0.000174	  0.721690	
  0.451981	  0.073969	  0.434259	  0.039791	
  0.183594	  0.056414	  0.557089	  0.202902	
  0.369364	  0.118130	  0.213105	  0.299401	

URL http://cisbp.ccbr.utoronto.ca/TFreport.php?versionNumber=1.02&searchTF=T072983_1.02

MOTIF M0641_1.02 (XP_002158720.1)_(Drosophila_melanogaster)_(DBD_0.85)

letter-probability matrix: alength= 4 w= 10 nsites= 1 E= 0
  0.264213	  0.114063	  0.073461	  0.548263	
  0.146979	  0.076730	  0.639248	  0.137043	
  0.091624	  0.122448	  0.030195	  0.755733	
  0.530776	  0.071833	  0.106096	  0.291296	
  0.340580	  0.064758	  0.186914	  0.407748	
  0.130860	  0.648156	  0.077799	  0.143184	
  0.378005	  0.205389	  0.180351	  0.236254	
  0.412383	  0.112387	  0.172768	  0.302461	
  0.281282	  0.131546	  0.159072	  0.428100	
  0.236410	  0.182284	  0.128453	  0.452853	

URL http://cisbp.ccbr.utoronto.ca/TFreport.php?versionNumber=1.02&searchTF=T075442_1.02

MOTIF M0695_1.02 (XP_002161852.1)_(Mus_musculus)_(DBD_0.59)

letter-probability matrix: alength= 4 w= 10 nsites= 1 E= 0
  0.309868	  0.222771	  0.251174	  0.216187	
  0.457429	  0.125917	  0.274684	  0.141971	
  0.105811	  0.679702	  0.144265	  0.070222	
  0.082782	  0.903446	  0.010657	  0.003115	
  0.000362	  0.000111	  0.996194	  0.003333	
  0.001272	  0.002562	  0.993129	  0.003037	
  0.976431	  0.003873	  0.006579	  0.013117	
  0.816923	  0.026724	  0.005616	  0.150738	
  0.219085	  0.152851	  0.589610	  0.038454	
  0.105478	  0.283865	  0.082972	  0.527685	

URL http://cisbp.ccbr.utoronto.ca/TFreport.php?versionNumber=1.02&searchTF=T079139_1.02

MOTIF M0699_1.02 (XP_002163608.1)_(Mus_musculus)_(DBD_0.88)

letter-probability matrix: alength= 4 w= 10 nsites= 1 E= 0
  0.285712	  0.231594	  0.253404	  0.229290	
  0.408828	  0.148903	  0.252976	  0.189293	
  0.179923	  0.493996	  0.209040	  0.117041	
  0.256626	  0.637542	  0.087149	  0.018683	
  0.006067	  0.001108	  0.985189	  0.007636	
  0.009552	  0.003807	  0.979202	  0.007439	
  0.918135	  0.015065	  0.025851	  0.040950	
  0.621584	  0.076117	  0.031258	  0.271041	
  0.366912	  0.123362	  0.434903	  0.074823	
  0.146891	  0.292860	  0.127701	  0.432548	

URL http://cisbp.ccbr.utoronto.ca/TFreport.php?versionNumber=1.02&searchTF=T079142_1.02

MOTIF M0700_1.02 (XP_002166140.1)_(Mus_musculus)_(DBD_0.76)

letter-probability matrix: alength= 4 w= 10 nsites= 1 E= 0
  0.261603	  0.241490	  0.280572	  0.216335	
  0.446052	  0.120354	  0.267852	  0.165742	
  0.103040	  0.655313	  0.180388	  0.061259	
  0.133099	  0.838060	  0.023362	  0.005480	
  0.000937	  0.000046	  0.996869	  0.002148	
  0.001110	  0.001655	  0.996211	  0.001024	
  0.967826	  0.006720	  0.009254	  0.016201	
  0.666748	  0.047107	  0.028287	  0.257859	
  0.287380	  0.110036	  0.556021	  0.046563	
  0.109809	  0.281109	  0.091720	  0.517362	

URL http://cisbp.ccbr.utoronto.ca/TFreport.php?versionNumber=1.02&searchTF=T079143_1.02

MOTIF M0703_1.02 (XP_002161884.1)_(Mus_musculus)_(DBD_0.50)

letter-probability matrix: alength= 4 w= 10 nsites= 1 E= 0
  0.292662	  0.237228	  0.244452	  0.225658	
  0.396424	  0.156410	  0.290756	  0.156410	
  0.143761	  0.549031	  0.188322	  0.118885	
  0.120828	  0.832447	  0.032930	  0.013796	
  0.000258	  0.000099	  0.996966	  0.002677	
  0.006486	  0.006108	  0.981989	  0.005417	
  0.929250	  0.010220	  0.029206	  0.031324	
  0.638426	  0.070740	  0.020677	  0.270158	
  0.353350	  0.140817	  0.431582	  0.074252	
  0.136540	  0.294896	  0.110678	  0.457886	

URL http://cisbp.ccbr.utoronto.ca/TFreport.php?versionNumber=1.02&searchTF=T079140_1.02

MOTIF M0711_1.02 (XP_002153910.1)_(Tetraodon_nigroviridis)_(DBD_0.51)

letter-probability matrix: alength= 4 w= 8 nsites= 1 E= 0
  0.001420	  0.995739	  0.001420	  0.001420	
  0.001106	  0.996681	  0.001106	  0.001106	
  0.001106	  0.001106	  0.996681	  0.001106	
  0.001106	  0.001106	  0.996681	  0.001106	
  0.996681	  0.001106	  0.001106	  0.001106	
  0.886062	  0.001106	  0.001106	  0.111726	
  0.222345	  0.001106	  0.775442	  0.001106	
  0.001656	  0.167219	  0.001656	  0.829470	

URL http://cisbp.ccbr.utoronto.ca/TFreport.php?versionNumber=1.02&searchTF=T079138_1.02

MOTIF M0717_1.02 (XP_002164110.1)_(Homo_sapiens)_(DBD_0.69)

letter-probability matrix: alength= 4 w= 8 nsites= 1 E= 0
  0.294014	  0.000587	  0.704812	  0.000587	
  0.048004	  0.000475	  0.000475	  0.951046	
  0.903517	  0.095532	  0.000475	  0.000475	
  0.951046	  0.000475	  0.000475	  0.048004	
  0.998574	  0.000475	  0.000475	  0.000475	
  0.000475	  0.903517	  0.000475	  0.095532	
  0.998574	  0.000475	  0.000475	  0.000475	
  0.690951	  0.077454	  0.077454	  0.154141	

URL http://cisbp.ccbr.utoronto.ca/TFreport.php?versionNumber=1.02&searchTF=T083584_1.02

MOTIF M0723_1.02 (XP_002158068.1)_(Mus_musculus)_(DBD_0.45)

letter-probability matrix: alength= 4 w= 10 nsites= 1 E= 0
  0.304424	  0.223279	  0.262020	  0.210276	
  0.213777	  0.233909	  0.245902	  0.306412	
  0.293934	  0.159709	  0.385043	  0.161314	
  0.246234	  0.175262	  0.129837	  0.448667	
  0.528194	  0.286995	  0.062145	  0.122666	
  0.598965	  0.187767	  0.067034	  0.146233	
  0.718961	  0.066540	  0.146615	  0.067884	
  0.033458	  0.590092	  0.077500	  0.298951	
  0.671272	  0.049858	  0.121410	  0.157460	
  0.326891	  0.210530	  0.210530	  0.252050	

URL http://cisbp.ccbr.utoronto.ca/TFreport.php?versionNumber=1.02&searchTF=T083582_1.02

MOTIF M0729_1.02 (XP_002156863.1)_(Mus_musculus)_(DBD_0.44)

letter-probability matrix: alength= 4 w= 8 nsites= 1 E= 0
  0.160144	  0.000399	  0.839058	  0.000399	
  0.000322	  0.032539	  0.000322	  0.966817	
  0.878027	  0.121368	  0.000303	  0.000303	
  0.968826	  0.030569	  0.000303	  0.000303	
  0.999092	  0.000303	  0.000303	  0.000303	
  0.000303	  0.635896	  0.000303	  0.363499	
  0.999092	  0.000303	  0.000303	  0.000303	
  0.630777	  0.105567	  0.105567	  0.158088	

URL http://cisbp.ccbr.utoronto.ca/TFreport.php?versionNumber=1.02&searchTF=T083580_1.02

MOTIF M0730_1.02 (XP_002167754.1)_(Mus_musculus)_(DBD_0.58)

letter-probability matrix: alength= 4 w= 10 nsites= 1 E= 0
  0.272830	  0.216772	  0.234827	  0.275572	
  0.236181	  0.268969	  0.233831	  0.261020	
  0.376099	  0.120284	  0.459368	  0.044250	
  0.301361	  0.116549	  0.054506	  0.527584	
  0.541462	  0.362953	  0.011294	  0.084291	
  0.808871	  0.125919	  0.005133	  0.060078	
  0.912414	  0.013411	  0.041517	  0.032658	
  0.002774	  0.692453	  0.002830	  0.301944	
  0.832856	  0.046752	  0.050646	  0.069746	
  0.333275	  0.225646	  0.206225	  0.234855	

URL http://cisbp.ccbr.utoronto.ca/TFreport.php?versionNumber=1.02&searchTF=T083589_1.02

MOTIF M0736_1.02 (XP_002167983.1)_(Mus_musculus)_(DBD_0.52)

letter-probability matrix: alength= 4 w= 8 nsites= 1 E= 0
  0.309467	  0.142959	  0.547336	  0.000238	
  0.295052	  0.000164	  0.000164	  0.704620	
  0.619510	  0.295749	  0.000141	  0.084600	
  0.888534	  0.069545	  0.000139	  0.041782	
  0.999584	  0.000139	  0.000139	  0.000139	
  0.000139	  0.957940	  0.000139	  0.041782	
  0.999572	  0.000143	  0.000143	  0.000143	
  0.660068	  0.132164	  0.056750	  0.151018	

URL http://cisbp.ccbr.utoronto.ca/TFreport.php?versionNumber=1.02&searchTF=T083590_1.02

MOTIF M0738_1.02 (XP_002166230.1)_(Oryzias_latipes)_(DBD_0.43)

letter-probability matrix: alength= 4 w= 8 nsites= 1 E= 0
  0.352700	  0.000587	  0.646127	  0.000587	
  0.000384	  0.000384	  0.000384	  0.998848	
  0.922043	  0.077189	  0.000384	  0.000384	
  0.998848	  0.000384	  0.000384	  0.000384	
  0.998848	  0.000384	  0.000384	  0.000384	
  0.000384	  0.922043	  0.000384	  0.077189	
  0.998848	  0.000384	  0.000384	  0.000384	
  0.499446	  0.222284	  0.055987	  0.222284	

URL http://cisbp.ccbr.utoronto.ca/TFreport.php?versionNumber=1.02&searchTF=T083586_1.02

MOTIF M0747_1.02 (XP_002159677.1)_(Mus_musculus)_(DBD_0.42)

letter-probability matrix: alength= 4 w= 10 nsites= 1 E= 0
  0.366283	  0.166235	  0.164581	  0.302901	
  0.345139	  0.171391	  0.195185	  0.288285	
  0.267836	  0.181340	  0.196443	  0.354381	
  0.346821	  0.108724	  0.419393	  0.125062	
  0.146969	  0.100507	  0.031824	  0.720700	
  0.700016	  0.254959	  0.000720	  0.044305	
  0.906192	  0.053477	  0.000316	  0.040015	
  0.934400	  0.000771	  0.023568	  0.041260	
  0.033048	  0.600627	  0.033381	  0.332944	
  0.853101	  0.047889	  0.045553	  0.053457	

URL http://cisbp.ccbr.utoronto.ca/TFreport.php?versionNumber=1.02&searchTF=T083583_1.02

MOTIF M0752_1.02 (XP_002157478.1)_(Saccharomyces_cerevisiae)_(DBD_0.47)

letter-probability matrix: alength= 4 w= 10 nsites= 1 E= 0
  0.280208	  0.207584	  0.258665	  0.253543	
  0.254421	  0.227919	  0.227919	  0.289742	
  0.291528	  0.136338	  0.471132	  0.101002	
  0.177849	  0.121624	  0.110050	  0.590478	
  0.600876	  0.264645	  0.053968	  0.080511	
  0.706052	  0.148367	  0.051919	  0.093662	
  0.755353	  0.067842	  0.067167	  0.109638	
  0.089169	  0.528758	  0.091884	  0.290189	
  0.717520	  0.069117	  0.097106	  0.116257	
  0.356358	  0.229507	  0.193627	  0.220508	

URL http://cisbp.ccbr.utoronto.ca/TFreport.php?versionNumber=1.02&searchTF=T083581_1.02

MOTIF M0784_1.02 (XP_002159183.1)_(Mus_musculus)_(DBD_0.81)

letter-probability matrix: alength= 4 w= 9 nsites= 1 E= 0
  0.269704	  0.232136	  0.256550	  0.241610	
  0.223924	  0.265418	  0.268085	  0.242574	
  0.334851	  0.238337	  0.111462	  0.315350	
  0.139815	  0.113332	  0.678797	  0.068055	
  0.741047	  0.046902	  0.102316	  0.109735	
  0.190215	  0.082943	  0.088957	  0.637884	
  0.577501	  0.109805	  0.104450	  0.208244	
  0.492768	  0.132959	  0.175922	  0.198351	
  0.218515	  0.266895	  0.342700	  0.171890	

URL http://cisbp.ccbr.utoronto.ca/TFreport.php?versionNumber=1.02&searchTF=T086441_1.02

MOTIF M0907_1.02 (XP_002159502.1)_(Mus_musculus)_(DBD_0.82)

letter-probability matrix: alength= 4 w= 9 nsites= 1 E= 0
  0.260011	  0.244869	  0.186928	  0.308192	
  0.121246	  0.118845	  0.033711	  0.726198	
  0.700489	  0.000333	  0.270908	  0.028269	
  0.962122	  0.009292	  0.000107	  0.028478	
  0.024775	  0.111032	  0.068021	  0.796173	
  0.075798	  0.088950	  0.394680	  0.440572	
  0.541591	  0.066321	  0.277137	  0.114952	
  0.183583	  0.341268	  0.255359	  0.219789	
  0.201776	  0.326086	  0.199769	  0.272370	

URL http://cisbp.ccbr.utoronto.ca/TFreport.php?versionNumber=1.02&searchTF=T103738_1.02

MOTIF M0919_1.02 (XP_002157088.1)_(Mus_musculus)_(DBD_0.79)

letter-probability matrix: alength= 4 w= 8 nsites= 1 E= 0
  0.243137	  0.255603	  0.173058	  0.328201	
  0.180751	  0.050761	  0.028138	  0.740350	
  0.754094	  0.029830	  0.091425	  0.124651	
  0.948503	  0.020184	  0.016361	  0.014953	
  0.061921	  0.014525	  0.234126	  0.689428	
  0.144617	  0.648127	  0.069692	  0.137564	
  0.112198	  0.502838	  0.114465	  0.270499	
  0.173843	  0.301314	  0.278148	  0.246695	

URL http://cisbp.ccbr.utoronto.ca/TFreport.php?versionNumber=1.02&searchTF=T103733_1.02

MOTIF M0930_1.02 (XP_002156512.1)_(Mus_musculus)_(DBD_0.72)

letter-probability matrix: alength= 4 w= 10 nsites= 1 E= 0
  0.265501	  0.230815	  0.281919	  0.221765	
  0.220284	  0.345475	  0.315740	  0.118501	
  0.085267	  0.587448	  0.020610	  0.306675	
  0.570425	  0.180617	  0.039110	  0.209848	
  0.162990	  0.775642	  0.020362	  0.041005	
  0.067651	  0.004501	  0.017019	  0.910829	
  0.111072	  0.278712	  0.026054	  0.584162	
  0.340448	  0.186842	  0.301950	  0.170760	
  0.370324	  0.152076	  0.226870	  0.250730	
  0.283218	  0.234210	  0.274847	  0.207725	

URL http://cisbp.ccbr.utoronto.ca/TFreport.php?versionNumber=1.02&searchTF=T103728_1.02

MOTIF M0933_1.02 (XP_002162967.1)_(Mus_musculus)_(DBD_0.86)

letter-probability matrix: alength= 4 w= 9 nsites= 1 E= 0
  0.430834	  0.144854	  0.236447	  0.187865	
  0.154557	  0.343974	  0.354449	  0.147020	
  0.185542	  0.540925	  0.123135	  0.150397	
  0.030796	  0.105359	  0.012030	  0.851816	
  0.033956	  0.007207	  0.939245	  0.019591	
  0.068204	  0.057541	  0.000758	  0.873497	
  0.001893	  0.960935	  0.034053	  0.003120	
  0.778641	  0.055565	  0.082068	  0.083726	
  0.326538	  0.204087	  0.173911	  0.295464	

URL http://cisbp.ccbr.utoronto.ca/TFreport.php?versionNumber=1.02&searchTF=T103747_1.02

MOTIF M0944_1.02 (XP_002161581.1)_(Mus_musculus)_(DBD_0.82)

letter-probability matrix: alength= 4 w= 8 nsites= 1 E= 0
  0.244685	  0.262426	  0.184929	  0.307960	
  0.195722	  0.063860	  0.036477	  0.703941	
  0.712083	  0.037645	  0.106505	  0.143767	
  0.921471	  0.039884	  0.018840	  0.019806	
  0.072358	  0.024572	  0.250040	  0.653030	
  0.149500	  0.630995	  0.082872	  0.136633	
  0.112604	  0.499634	  0.129525	  0.258237	
  0.173100	  0.309164	  0.276959	  0.240777	

URL http://cisbp.ccbr.utoronto.ca/TFreport.php?versionNumber=1.02&searchTF=T103743_1.02

MOTIF M0970_1.02 (XP_002158205.1)_(Mus_musculus)_(DBD_0.70)

letter-probability matrix: alength= 4 w= 9 nsites= 1 E= 0
  0.212858	  0.299055	  0.164125	  0.323962	
  0.153798	  0.038307	  0.030742	  0.777153	
  0.777780	  0.031389	  0.089698	  0.101134	
  0.945835	  0.014470	  0.014615	  0.025080	
  0.045414	  0.028101	  0.156932	  0.769554	
  0.119773	  0.689246	  0.071208	  0.119773	
  0.076693	  0.566686	  0.114412	  0.242210	
  0.157784	  0.314576	  0.287500	  0.240141	
  0.219437	  0.296208	  0.221642	  0.262713	

URL http://cisbp.ccbr.utoronto.ca/TFreport.php?versionNumber=1.02&searchTF=T103734_1.02

MOTIF M0981_1.02 (XP_002153848.1)_(Mus_musculus)_(DBD_0.79)

letter-probability matrix: alength= 4 w= 7 nsites= 1 E= 0
  0.204525	  0.110023	  0.089183	  0.596269	
  0.636768	  0.083630	  0.182437	  0.097165	
  0.800513	  0.006654	  0.071898	  0.120935	
  0.095734	  0.118105	  0.133163	  0.652998	
  0.161720	  0.173446	  0.211847	  0.452988	
  0.313028	  0.103161	  0.448673	  0.135138	
  0.200270	  0.304803	  0.275797	  0.219130	

URL http://cisbp.ccbr.utoronto.ca/TFreport.php?versionNumber=1.02&searchTF=T103722_1.02

MOTIF M0985_1.02 (XP_002166749.1)_(Mus_musculus)_(DBD_0.82)

letter-probability matrix: alength= 4 w= 10 nsites= 1 E= 0
  0.293750	  0.219803	  0.231072	  0.255374	
  0.253369	  0.224718	  0.236240	  0.285673	
  0.157262	  0.398583	  0.218747	  0.225409	
  0.373640	  0.087645	  0.226624	  0.312091	
  0.109511	  0.049701	  0.078730	  0.762058	
  0.069696	  0.012233	  0.849069	  0.069002	
  0.058314	  0.056027	  0.000434	  0.885224	
  0.388318	  0.242700	  0.060450	  0.308532	
  0.318574	  0.268770	  0.213547	  0.199110	
  0.247157	  0.247157	  0.212730	  0.292956	

URL http://cisbp.ccbr.utoronto.ca/TFreport.php?versionNumber=1.02&searchTF=T103759_1.02

MOTIF M1000_1.02 (XP_002168027.1)_(Mus_musculus)_(DBD_0.77)

letter-probability matrix: alength= 4 w= 8 nsites= 1 E= 0
  0.216987	  0.314139	  0.148389	  0.320485	
  0.078163	  0.026544	  0.007454	  0.887839	
  0.853506	  0.044228	  0.065324	  0.036942	
  0.978482	  0.000211	  0.008551	  0.012756	
  0.002825	  0.026803	  0.027897	  0.942475	
  0.104556	  0.090897	  0.098468	  0.706079	
  0.391058	  0.094524	  0.371986	  0.142431	
  0.297757	  0.193694	  0.374758	  0.133791	

URL http://cisbp.ccbr.utoronto.ca/TFreport.php?versionNumber=1.02&searchTF=T103760_1.02

MOTIF M1005_1.02 (XP_002163599.1)_(Mus_musculus)_(DBD_0.72)

letter-probability matrix: alength= 4 w= 8 nsites= 1 E= 0
  0.242841	  0.263067	  0.185380	  0.308712	
  0.148309	  0.025011	  0.084716	  0.741964	
  0.720695	  0.068048	  0.132982	  0.078274	
  0.901099	  0.000634	  0.037100	  0.061167	
  0.054250	  0.052647	  0.101861	  0.791243	
  0.155226	  0.112717	  0.168154	  0.563903	
  0.352662	  0.120966	  0.359786	  0.166586	
  0.298979	  0.206515	  0.330423	  0.164083	

URL http://cisbp.ccbr.utoronto.ca/TFreport.php?versionNumber=1.02&searchTF=T103750_1.02

MOTIF M1016_1.02 (XP_002162399.1)_(Mus_musculus)_(DBD_0.86)

letter-probability matrix: alength= 4 w= 7 nsites= 1 E= 0
  0.247356	  0.242458	  0.265291	  0.244895	
  0.187686	  0.245862	  0.203318	  0.363134	
  0.206531	  0.145540	  0.437226	  0.210703	
  0.818609	  0.111900	  0.033704	  0.035788	
  0.126658	  0.170970	  0.099632	  0.602740	
  0.539508	  0.337193	  0.043409	  0.079890	
  0.146793	  0.419484	  0.179294	  0.254430	

URL http://cisbp.ccbr.utoronto.ca/TFreport.php?versionNumber=1.02&searchTF=T103745_1.02

MOTIF M1020_1.02 (XP_002160816.1)_(Mus_musculus)_(DBD_0.77)

letter-probability matrix: alength= 4 w= 8 nsites= 1 E= 0
  0.245580	  0.266033	  0.173057	  0.315330	
  0.119000	  0.042484	  0.026819	  0.811696	
  0.775973	  0.070395	  0.099895	  0.053738	
  0.952272	  0.000511	  0.019863	  0.027354	
  0.039124	  0.063862	  0.062598	  0.834416	
  0.140547	  0.106223	  0.141959	  0.611271	
  0.355145	  0.111333	  0.377106	  0.156417	
  0.288606	  0.209571	  0.335312	  0.166511	

URL http://cisbp.ccbr.utoronto.ca/TFreport.php?versionNumber=1.02&searchTF=T103741_1.02

MOTIF M1022_1.02 (XP_002159031.1)_(Mus_musculus)_(DBD_0.74)

letter-probability matrix: alength= 4 w= 8 nsites= 1 E= 0
  0.240936	  0.277143	  0.187641	  0.294280	
  0.196116	  0.075846	  0.050335	  0.677702	
  0.686838	  0.044795	  0.125474	  0.142893	
  0.924084	  0.026544	  0.036191	  0.013181	
  0.063459	  0.029382	  0.267842	  0.639316	
  0.146816	  0.625895	  0.091761	  0.135529	
  0.111722	  0.490787	  0.146351	  0.251140	
  0.187597	  0.297167	  0.288385	  0.226851	

URL http://cisbp.ccbr.utoronto.ca/TFreport.php?versionNumber=1.02&searchTF=T103736_1.02

MOTIF M1050_1.02 (XP_002159231.1)_(Mus_musculus)_(DBD_0.85)

letter-probability matrix: alength= 4 w= 9 nsites= 1 E= 0
  0.166042	  0.344550	  0.226386	  0.263023	
  0.263913	  0.277444	  0.207601	  0.251042	
  0.216283	  0.378641	  0.143536	  0.261540	
  0.389871	  0.143425	  0.312879	  0.153825	
  0.132714	  0.100303	  0.096370	  0.670614	
  0.161095	  0.627657	  0.075339	  0.135910	
  0.543490	  0.165341	  0.122488	  0.168681	
  0.346709	  0.227804	  0.188385	  0.237101	
  0.282568	  0.229045	  0.222276	  0.266112	

URL http://cisbp.ccbr.utoronto.ca/TFreport.php?versionNumber=1.02&searchTF=T103737_1.02

MOTIF M1083_1.02 (XP_002156720.1)_(Tetraodon_nigroviridis)_(DBD_0.70)

letter-probability matrix: alength= 4 w= 9 nsites= 1 E= 0
  0.287146	  0.275887	  0.290032	  0.146935	
  0.125413	  0.302359	  0.151656	  0.420572	
  0.056927	  0.051510	  0.069531	  0.822031	
  0.852717	  0.054512	  0.053970	  0.038800	
  0.956803	  0.007490	  0.016340	  0.019368	
  0.013395	  0.013262	  0.034291	  0.939053	
  0.061449	  0.043303	  0.067912	  0.827336	
  0.554996	  0.007456	  0.364658	  0.072891	
  0.347071	  0.159099	  0.364866	  0.128964	

URL http://cisbp.ccbr.utoronto.ca/TFreport.php?versionNumber=1.02&searchTF=T103729_1.02

MOTIF M1097_1.02 (XP_002156835.1)_(Drosophila_melanogaster)_(DBD_0.72)

letter-probability matrix: alength= 4 w= 10 nsites= 1 E= 0
  0.292329	  0.229079	  0.288644	  0.189949	
  0.136427	  0.336877	  0.156525	  0.370171	
  0.034513	  0.118059	  0.009674	  0.837754	
  0.801571	  0.072692	  0.093201	  0.032536	
  0.970781	  0.007894	  0.008025	  0.013300	
  0.013300	  0.008025	  0.007894	  0.970781	
  0.032536	  0.093201	  0.072692	  0.801571	
  0.837754	  0.009674	  0.118059	  0.034513	
  0.370171	  0.156525	  0.336877	  0.136427	
  0.189949	  0.288644	  0.229079	  0.292329	

URL http://cisbp.ccbr.utoronto.ca/TFreport.php?versionNumber=1.02&searchTF=T103731_1.02

MOTIF M1205_1.02 (XP_002154307.1)_(Nematostella_vectensis)_(DBD_0.77)

letter-probability matrix: alength= 4 w= 8 nsites= 1 E= 0
  0.200033	  0.533145	  0.050133	  0.216689	
  0.000128	  0.064198	  0.000128	  0.935546	
  0.843088	  0.156671	  0.000120	  0.000120	
  0.987596	  0.000120	  0.000120	  0.012163	
  0.000120	  0.036248	  0.000120	  0.963512	
  0.012163	  0.000120	  0.325265	  0.662452	
  0.768965	  0.000128	  0.230779	  0.000128	
  0.100120	  0.759592	  0.060152	  0.080136	

URL http://cisbp.ccbr.utoronto.ca/TFreport.php?versionNumber=1.02&searchTF=T103724_1.02

MOTIF M1219_1.02 (XP_002155451.1)_(Strongylocentrotus_purpuratus)_(DBD_0.72)

letter-probability matrix: alength= 4 w= 8 nsites= 1 E= 0
  0.129674	  0.037116	  0.166698	  0.666512	
  0.006643	  0.105301	  0.000066	  0.887990	
  0.862129	  0.113805	  0.006046	  0.018020	
  0.993943	  0.005940	  0.000059	  0.000059	
  0.005940	  0.005940	  0.005940	  0.982181	
  0.025214	  0.000063	  0.207558	  0.767165	
  0.745874	  0.000079	  0.246033	  0.008013	
  0.040489	  0.161652	  0.595820	  0.202040	

URL http://cisbp.ccbr.utoronto.ca/TFreport.php?versionNumber=1.02&searchTF=T103726_1.02

MOTIF M1229_1.02 (XP_002158636.1)_(Caenorhabditis_elegans)_(DBD_0.77)

letter-probability matrix: alength= 4 w= 8 nsites= 1 E= 0
  0.498756	  0.001244	  0.250000	  0.250000	
  0.000996	  0.000996	  0.000996	  0.997012	
  0.997012	  0.000996	  0.000996	  0.000996	
  0.000906	  0.000906	  0.091486	  0.906703	
  0.000906	  0.000906	  0.906703	  0.091486	
  0.091486	  0.906703	  0.000906	  0.000906	
  0.997012	  0.000996	  0.000996	  0.000996	
  0.001420	  0.001420	  0.001420	  0.995739	

URL http://cisbp.ccbr.utoronto.ca/TFreport.php?versionNumber=1.02&searchTF=T105380_1.02

MOTIF M1298_1.02 (XP_002156545.1)_(Mus_musculus)_(DBD_0.96)

letter-probability matrix: alength= 4 w= 10 nsites= 1 E= 0
  0.212984	  0.416099	  0.142972	  0.227946	
  0.201998	  0.401559	  0.182516	  0.213926	
  0.432247	  0.083239	  0.179282	  0.305232	
  0.394149	  0.098816	  0.146383	  0.360652	
  0.532912	  0.075998	  0.118189	  0.272901	
  0.272901	  0.118189	  0.075998	  0.532912	
  0.360652	  0.146383	  0.098816	  0.394149	
  0.305232	  0.179282	  0.083239	  0.432247	
  0.213926	  0.182516	  0.401559	  0.201998	
  0.227946	  0.142972	  0.416099	  0.212984	

URL http://cisbp.ccbr.utoronto.ca/TFreport.php?versionNumber=1.02&searchTF=T113250_1.02

MOTIF M1443_1.02 (XP_002159483.1)_(Mus_musculus)_(DBD_0.74)

letter-probability matrix: alength= 4 w= 10 nsites= 1 E= 0
  0.261610	  0.229719	  0.239094	  0.269577	
  0.234808	  0.198099	  0.259503	  0.307590	
  0.068302	  0.253139	  0.092198	  0.586362	
  0.090979	  0.103610	  0.652382	  0.153029	
  0.391242	  0.101426	  0.379679	  0.127654	
  0.513429	  0.420360	  0.000114	  0.066096	
  0.045658	  0.935597	  0.000549	  0.018196	
  0.044377	  0.524640	  0.046188	  0.384796	
  0.130739	  0.412898	  0.147407	  0.308956	
  0.218433	  0.218433	  0.227347	  0.335787	

URL http://cisbp.ccbr.utoronto.ca/TFreport.php?versionNumber=1.02&searchTF=T135294_1.02

MOTIF M1457_1.02 (XP_002159396.1)_(Mus_musculus)_(DBD_0.86)

letter-probability matrix: alength= 4 w= 8 nsites= 1 E= 0
  0.248736	  0.182434	  0.309944	  0.258887	
  0.081847	  0.193417	  0.049643	  0.675093	
  0.142543	  0.055127	  0.796035	  0.006294	
  0.799098	  0.119520	  0.068271	  0.013111	
  0.105114	  0.833006	  0.008628	  0.053252	
  0.095014	  0.848972	  0.007878	  0.048136	
  0.034152	  0.446223	  0.055192	  0.464433	
  0.175237	  0.418274	  0.111736	  0.294753	

URL http://cisbp.ccbr.utoronto.ca/TFreport.php?versionNumber=1.02&searchTF=T135293_1.02

MOTIF M1499_1.02 (XP_002155904.1)_(Danio_rerio)_(DBD_0.78)

letter-probability matrix: alength= 4 w= 10 nsites= 1 E= 0
  0.160399	  0.501531	  0.057264	  0.280806	
  0.488862	  0.167684	  0.242761	  0.100693	
  0.231052	  0.247805	  0.305712	  0.215431	
  0.015981	  0.317798	  0.063524	  0.602697	
  0.084598	  0.458476	  0.406631	  0.050295	
  0.622700	  0.008620	  0.258285	  0.110395	
  0.394790	  0.162123	  0.126261	  0.316826	
  0.085544	  0.336647	  0.522715	  0.055094	
  0.064856	  0.751575	  0.036313	  0.147256	
  0.306352	  0.055965	  0.575210	  0.062473	

URL http://cisbp.ccbr.utoronto.ca/TFreport.php?versionNumber=1.02&searchTF=T136215_1.02

MOTIF M1532_1.02 (XP_002167174.1)_(Ornithorhynchus_anatinus)_(DBD_0.51)

letter-probability matrix: alength= 4 w= 10 nsites= 1 E= 0
  0.117536	  0.560076	  0.178736	  0.143652	
  0.264816	  0.270774	  0.179293	  0.285116	
  0.111303	  0.123490	  0.076866	  0.688341	
  0.476037	  0.078685	  0.420837	  0.024442	
  0.282841	  0.090128	  0.564835	  0.062196	
  0.121376	  0.601373	  0.019911	  0.257340	
  0.638065	  0.022936	  0.169097	  0.169902	
  0.891795	  0.052241	  0.030023	  0.025941	
  0.000581	  0.936829	  0.000004	  0.062586	
  0.218700	  0.311417	  0.325202	  0.144681	

URL http://cisbp.ccbr.utoronto.ca/TFreport.php?versionNumber=1.02&searchTF=T139192_1.02

MOTIF M1534_1.02 (XP_002163641.1)_(Caenorhabditis_elegans)_(DBD_0.49)

letter-probability matrix: alength= 4 w= 10 nsites= 1 E= 0
  0.025375	  0.883392	  0.084248	  0.006985	
  0.324584	  0.308754	  0.111335	  0.255327	
  0.007219	  0.023966	  0.009085	  0.959730	
  0.777114	  0.029241	  0.189727	  0.003918	
  0.163732	  0.002939	  0.827350	  0.005979	
  0.059305	  0.701133	  0.003829	  0.235732	
  0.669900	  0.001255	  0.168532	  0.160313	
  0.998653	  0.000227	  0.000452	  0.000668	
  0.002016	  0.993346	  0.003099	  0.001539	
  0.141587	  0.489270	  0.344783	  0.024359	

URL http://cisbp.ccbr.utoronto.ca/TFreport.php?versionNumber=1.02&searchTF=T139191_1.02

MOTIF M1539_1.02 XP_002157607.1

letter-probability matrix: alength= 4 w= 10 nsites= 1 E= 0
  0.208665	  0.347489	  0.247332	  0.196514	
  0.120215	  0.533404	  0.175788	  0.170593	
  0.302492	  0.260357	  0.157915	  0.279236	
  0.183894	  0.141792	  0.105042	  0.569272	
  0.352835	  0.131105	  0.439659	  0.076401	
  0.221844	  0.105845	  0.573623	  0.098689	
  0.223753	  0.450583	  0.070848	  0.254816	
  0.448053	  0.052716	  0.248368	  0.250864	
  0.808478	  0.073343	  0.070468	  0.047711	
  0.048938	  0.773214	  0.000066	  0.177782	

URL http://cisbp.ccbr.utoronto.ca/TFreport.php?versionNumber=1.02&searchTF=T139190_1.02

MOTIF M1573_1.02 (XP_002157279.1)_(Mus_musculus)_(DBD_0.76)

letter-probability matrix: alength= 4 w= 10 nsites= 1 E= 0
  0.161347	  0.312172	  0.137491	  0.388991	
  0.001880	  0.000028	  0.917332	  0.080759	
  0.059948	  0.048110	  0.263350	  0.628592	
  0.005782	  0.858163	  0.067007	  0.069047	
  0.006546	  0.075861	  0.339984	  0.577609	
  0.253754	  0.214084	  0.390086	  0.142077	
  0.243170	  0.197110	  0.381367	  0.178353	
  0.290031	  0.210606	  0.244689	  0.254675	
  0.293113	  0.228276	  0.210726	  0.267885	
  0.261235	  0.234024	  0.216031	  0.288710	

URL http://cisbp.ccbr.utoronto.ca/TFreport.php?versionNumber=1.02&searchTF=T142444_1.02

MOTIF M1641_1.02 (XP_002160884.1)_(Mus_musculus)_(DBD_0.92)

letter-probability matrix: alength= 4 w= 7 nsites= 1 E= 0
  0.486500	  0.104296	  0.119969	  0.289234	
  0.014489	  0.191210	  0.078521	  0.715780	
  0.639678	  0.069475	  0.000533	  0.290314	
  0.371463	  0.095340	  0.000769	  0.532428	
  0.515031	  0.123251	  0.123251	  0.238466	
  0.400342	  0.112429	  0.110202	  0.377028	
  0.323600	  0.170632	  0.188577	  0.317192	

URL http://cisbp.ccbr.utoronto.ca/TFreport.php?versionNumber=1.02&searchTF=T151007_1.02

MOTIF M1884_1.02 (XP_002156532.1)_(Homo_sapiens)_(DBD_0.92)

letter-probability matrix: alength= 4 w= 15 nsites= 1 E= 0
  0.326544	  0.100475	  0.257298	  0.315682	
  0.114732	  0.101154	  0.424304	  0.359810	
  0.078751	  0.800407	  0.021724	  0.099117	
  0.000000	  0.321113	  0.000000	  0.678887	
  0.863544	  0.046164	  0.009504	  0.080788	
  0.684318	  0.000000	  0.080788	  0.234895	
  0.938900	  0.000000	  0.026477	  0.034623	
  0.917855	  0.003394	  0.000000	  0.078751	
  0.943652	  0.000000	  0.000000	  0.056348	
  0.004073	  0.000000	  0.000000	  0.995927	
  0.999321	  0.000000	  0.000000	  0.000679	
  0.156823	  0.033265	  0.787508	  0.022403	
  0.398506	  0.429056	  0.076035	  0.096402	
  0.359810	  0.277665	  0.074678	  0.287848	
  0.234216	  0.304820	  0.137814	  0.323150	

URL http://cisbp.ccbr.utoronto.ca/TFreport.php?versionNumber=1.02&searchTF=T113249_1.02

MOTIF M2272_1.02 (XP_002154174.1)_(Homo_sapiens)_(DBD_0.94)

letter-probability matrix: alength= 4 w= 11 nsites= 1 E= 0
  0.144835	  0.197018	  0.451544	  0.206603	
  0.082535	  0.271565	  0.645900	  0.000000	
  0.000000	  0.005857	  0.994143	  0.000000	
  0.000000	  1.000000	  0.000000	  0.000000	
  0.000000	  0.000000	  1.000000	  0.000000	
  0.014377	  0.116081	  0.869542	  0.000000	
  0.007987	  0.021832	  0.970181	  0.000000	
  0.960064	  0.000000	  0.039936	  0.000000	
  0.667199	  0.000000	  0.332801	  0.000000	
  0.379127	  0.185836	  0.383387	  0.051651	
  0.267838	  0.209265	  0.328009	  0.194888	

URL http://cisbp.ccbr.utoronto.ca/TFreport.php?versionNumber=1.02&searchTF=T077280_1.02

MOTIF M2310_1.02 (XP_002165633.1)_(Homo_sapiens)_(DBD_0.75)

letter-probability matrix: alength= 4 w= 15 nsites= 1 E= 0
  0.327684	  0.435028	  0.118644	  0.118644	
  0.614878	  0.134652	  0.007533	  0.242938	
  0.632768	  0.148776	  0.178908	  0.039548	
  0.790960	  0.084746	  0.124294	  0.000000	
  0.001883	  0.998117	  0.000000	  0.000000	
  0.000000	  1.000000	  0.000000	  0.000000	
  0.983051	  0.000000	  0.002825	  0.014124	
  0.029190	  0.969868	  0.000942	  0.000000	
  0.977401	  0.010358	  0.003766	  0.008475	
  0.435028	  0.125235	  0.369115	  0.070621	
  0.506591	  0.230697	  0.145951	  0.116761	
  0.274953	  0.449153	  0.161959	  0.113936	
  0.382298	  0.401130	  0.074388	  0.142185	
  0.314501	  0.418079	  0.112053	  0.155367	
  0.364407	  0.417137	  0.125235	  0.093220	

URL http://cisbp.ccbr.utoronto.ca/TFreport.php?versionNumber=1.02&searchTF=T139474_1.02

MOTIF M5076_1.02 (XP_002155267.1)_(Drosophila_melanogaster)_(DBD_0.70)

letter-probability matrix: alength= 4 w= 7 nsites= 1 E= 0
  0.147940	  0.258427	  0.092697	  0.500936	
  0.044007	  0.051498	  0.000000	  0.904494	
  0.957865	  0.000000	  0.028090	  0.014045	
  1.000000	  0.000000	  0.000000	  0.000000	
  0.004682	  0.007491	  0.000000	  0.987828	
  0.029026	  0.012172	  0.078652	  0.880150	
  0.731273	  0.001873	  0.249064	  0.017790	

URL http://cisbp.ccbr.utoronto.ca/TFreport.php?versionNumber=1.02&searchTF=T103725_1.02

MOTIF M5134_1.02 (XP_002153782.1)_(Drosophila_melanogaster)_(DBD_0.77)

letter-probability matrix: alength= 4 w= 13 nsites= 1 E= 0
  0.000000	  0.750000	  0.000000	  0.250000	
  0.333333	  0.000000	  0.666667	  0.000000	
  0.000000	  0.083333	  0.916667	  0.000000	
  0.000000	  0.083333	  0.250000	  0.666667	
  0.000000	  0.000000	  1.000000	  0.000000	
  0.000000	  0.083333	  0.916667	  0.000000	
  0.000000	  0.000000	  1.000000	  0.000000	
  0.000000	  0.166667	  0.750000	  0.083333	
  0.000000	  0.000000	  0.750000	  0.250000	
  0.000000	  0.083333	  0.583333	  0.333333	
  0.083333	  0.166667	  0.416667	  0.333333	
  0.416667	  0.416667	  0.000000	  0.166667	
  0.083333	  0.083333	  0.250000	  0.583333	

URL http://cisbp.ccbr.utoronto.ca/TFreport.php?versionNumber=1.02&searchTF=T069215_1.02

