MEME version 4

ALPHABET= ACGT

strands: + -

Background letter frequencies (from uniform background):
A 0.25000 C 0.25000 G 0.25000 T 0.25000 

MOTIF M0168_1.02 (ISCW009440)_(Caenorhabditis_elegans)_(DBD_0.77)

letter-probability matrix: alength= 4 w= 8 nsites= 1 E= 0
  0.000000	  0.000000	  1.000000	  0.000000	
  1.000000	  0.000000	  0.000000	  0.000000	
  0.000000	  1.000000	  0.000000	  0.000000	
  1.000000	  0.000000	  0.000000	  0.000000	
  0.000000	  0.000000	  1.000000	  0.000000	
  0.000000	  1.000000	  0.000000	  0.000000	
  0.000000	  0.000000	  0.000000	  1.000000	
  0.000000	  0.000000	  1.000000	  0.000000	

URL http://cisbp.ccbr.utoronto.ca/TFreport.php?versionNumber=1.02&searchTF=T017753_1.02

MOTIF M0175_1.02 (ISCW007968)_(Mus_musculus)_(DBD_0.67)

letter-probability matrix: alength= 4 w= 9 nsites= 1 E= 0
  0.237177	  0.246857	  0.223365	  0.292601	
  0.263053	  0.221929	  0.327785	  0.187233	
  0.059666	  0.787422	  0.047407	  0.105506	
  0.799512	  0.000774	  0.059383	  0.140331	
  0.018558	  0.805027	  0.000347	  0.176069	
  0.048592	  0.094015	  0.857013	  0.000380	
  0.032567	  0.226622	  0.003298	  0.737513	
  0.075226	  0.001633	  0.788785	  0.134356	
  0.183543	  0.327814	  0.217554	  0.271089	

URL http://cisbp.ccbr.utoronto.ca/TFreport.php?versionNumber=1.02&searchTF=T017747_1.02

MOTIF M0177_1.02 (ISCW009433)_(Mus_musculus)_(DBD_0.83)

letter-probability matrix: alength= 4 w= 10 nsites= 1 E= 0
  0.301828	  0.199871	  0.298430	  0.199871	
  0.282456	  0.579511	  0.069016	  0.069016	
  0.000139	  0.999582	  0.000139	  0.000139	
  0.999582	  0.000139	  0.000139	  0.000139	
  0.000139	  0.217001	  0.000139	  0.782721	
  0.789108	  0.000139	  0.210614	  0.000139	
  0.000139	  0.000139	  0.000139	  0.999582	
  0.000139	  0.000139	  0.999582	  0.000139	
  0.050268	  0.050268	  0.154736	  0.744728	
  0.181123	  0.181123	  0.272271	  0.365483	

URL http://cisbp.ccbr.utoronto.ca/TFreport.php?versionNumber=1.02&searchTF=T017751_1.02

MOTIF M0178_1.02 (ISCW001920)_(Mus_musculus)_(DBD_0.77)

letter-probability matrix: alength= 4 w= 10 nsites= 1 E= 0
  0.315548	  0.181281	  0.304970	  0.198202	
  0.342567	  0.215650	  0.329097	  0.112687	
  0.036295	  0.956859	  0.000000	  0.006845	
  0.887444	  0.026036	  0.052040	  0.034479	
  0.022313	  0.233167	  0.582932	  0.161589	
  0.161589	  0.582932	  0.233167	  0.022313	
  0.034479	  0.052040	  0.026036	  0.887444	
  0.006845	  0.000000	  0.956859	  0.036295	
  0.112687	  0.329097	  0.215650	  0.342567	
  0.198202	  0.304970	  0.181281	  0.315548	

URL http://cisbp.ccbr.utoronto.ca/TFreport.php?versionNumber=1.02&searchTF=T017740_1.02

MOTIF M0180_1.02 (ISCW023999)_(Mus_musculus)_(DBD_0.91)

letter-probability matrix: alength= 4 w= 10 nsites= 1 E= 0
  0.441686	  0.235875	  0.161220	  0.161220	
  0.191879	  0.187982	  0.225189	  0.394950	
  0.000211	  0.000211	  0.265877	  0.733701	
  0.141244	  0.708098	  0.000211	  0.150448	
  0.929873	  0.000211	  0.069705	  0.000211	
  0.000211	  0.496749	  0.000211	  0.502828	
  0.362577	  0.000211	  0.566244	  0.070969	
  0.000211	  0.000211	  0.070969	  0.928609	
  0.157008	  0.088991	  0.665009	  0.088991	
  0.330549	  0.403477	  0.132987	  0.132987	

URL http://cisbp.ccbr.utoronto.ca/TFreport.php?versionNumber=1.02&searchTF=T017783_1.02

MOTIF M0183_1.02 (ISCW011251)_(Mus_musculus)_(DBD_0.96)

letter-probability matrix: alength= 4 w= 9 nsites= 1 E= 0
  0.127939	  0.141394	  0.584966	  0.145701	
  0.373417	  0.217608	  0.219795	  0.189179	
  0.050354	  0.853272	  0.050354	  0.046020	
  0.802681	  0.011681	  0.158850	  0.026788	
  0.013844	  0.914033	  0.014848	  0.057275	
  0.054400	  0.029264	  0.903576	  0.012761	
  0.017038	  0.146267	  0.011652	  0.825043	
  0.010324	  0.002043	  0.967255	  0.020378	
  0.093895	  0.524360	  0.108005	  0.273740	

URL http://cisbp.ccbr.utoronto.ca/TFreport.php?versionNumber=1.02&searchTF=T017756_1.02

MOTIF M0188_1.02 (ISCW018168)_(Mus_musculus)_(DBD_0.62)

letter-probability matrix: alength= 4 w= 9 nsites= 1 E= 0
  0.571172	  0.110796	  0.316616	  0.001416	
  0.160197	  0.136511	  0.060124	  0.643168	
  0.085304	  0.817480	  0.097147	  0.000069	
  0.711640	  0.000000	  0.190104	  0.098256	
  0.027171	  0.615315	  0.144335	  0.213180	
  0.158340	  0.306355	  0.466261	  0.069044	
  0.139616	  0.440934	  0.000021	  0.419429	
  0.070163	  0.219384	  0.539597	  0.170856	
  0.556484	  0.094788	  0.157849	  0.190879	

URL http://cisbp.ccbr.utoronto.ca/TFreport.php?versionNumber=1.02&searchTF=T017775_1.02

MOTIF M0191_1.02 (ISCW016537)_(Mus_musculus)_(DBD_0.76)

letter-probability matrix: alength= 4 w= 10 nsites= 1 E= 0
  0.187192	  0.257787	  0.376958	  0.178062	
  0.208846	  0.299345	  0.396073	  0.095736	
  0.040193	  0.874529	  0.014206	  0.071071	
  0.742947	  0.033469	  0.141263	  0.082321	
  0.029223	  0.832942	  0.055978	  0.081856	
  0.164830	  0.040647	  0.768864	  0.025660	
  0.115790	  0.469552	  0.066805	  0.347853	
  0.058207	  0.112619	  0.661167	  0.168007	
  0.225947	  0.301962	  0.151457	  0.320634	
  0.217140	  0.383962	  0.198451	  0.200446	

URL http://cisbp.ccbr.utoronto.ca/TFreport.php?versionNumber=1.02&searchTF=T017768_1.02

MOTIF M0195_1.02 (ISCW019706)_(Mus_musculus)_(DBD_0.89)

letter-probability matrix: alength= 4 w= 10 nsites= 1 E= 0
  0.349915	  0.146774	  0.278558	  0.224752	
  0.357002	  0.417355	  0.173504	  0.052139	
  0.139509	  0.827857	  0.032001	  0.000633	
  0.724593	  0.000000	  0.227645	  0.047763	
  0.064454	  0.126184	  0.294078	  0.515285	
  0.515285	  0.294078	  0.126184	  0.064454	
  0.047763	  0.227645	  0.000000	  0.724593	
  0.000633	  0.032001	  0.827857	  0.139509	
  0.052139	  0.173504	  0.417355	  0.357002	
  0.224752	  0.278558	  0.146774	  0.349915	

URL http://cisbp.ccbr.utoronto.ca/TFreport.php?versionNumber=1.02&searchTF=T017777_1.02

MOTIF M0199_1.02 (ISCW016540)_(Mus_musculus)_(DBD_0.60)

letter-probability matrix: alength= 4 w= 13 nsites= 1 E= 0
  0.214247	  0.214247	  0.214247	  0.357260	
  0.341052	  0.197239	  0.197239	  0.264469	
  0.341052	  0.197239	  0.197239	  0.264469	
  0.245377	  0.332697	  0.244578	  0.177348	
  0.082925	  0.152323	  0.681827	  0.082925	
  0.602961	  0.000158	  0.396723	  0.000158	
  0.281517	  0.718168	  0.000158	  0.000158	
  0.930129	  0.000158	  0.069555	  0.000158	
  0.174257	  0.753921	  0.035911	  0.035911	
  0.123235	  0.052918	  0.770928	  0.052918	
  0.052918	  0.052918	  0.052918	  0.841245	
  0.143126	  0.072810	  0.711254	  0.072810	
  0.237549	  0.427986	  0.167232	  0.167232	

URL http://cisbp.ccbr.utoronto.ca/TFreport.php?versionNumber=1.02&searchTF=T017769_1.02

MOTIF M0200_1.02 (ISCW007040)_(Mus_musculus)_(DBD_0.67)

letter-probability matrix: alength= 4 w= 10 nsites= 1 E= 0
  0.239964	  0.200309	  0.336557	  0.223170	
  0.293276	  0.320740	  0.252774	  0.133210	
  0.162184	  0.774560	  0.028113	  0.035143	
  0.713119	  0.054463	  0.173280	  0.059138	
  0.027939	  0.674387	  0.047681	  0.249993	
  0.249993	  0.047681	  0.674387	  0.027939	
  0.059138	  0.173280	  0.054463	  0.713119	
  0.035143	  0.028113	  0.774560	  0.162184	
  0.133210	  0.252774	  0.320740	  0.293276	
  0.223170	  0.336557	  0.200309	  0.239964	

URL http://cisbp.ccbr.utoronto.ca/TFreport.php?versionNumber=1.02&searchTF=T017746_1.02

MOTIF M0213_1.02 (ISCW009607)_(Mus_musculus)_(DBD_0.76)

letter-probability matrix: alength= 4 w= 11 nsites= 1 E= 0
  0.201784	  0.295980	  0.300452	  0.201784	
  0.274925	  0.079923	  0.079923	  0.565228	
  0.731885	  0.120705	  0.024371	  0.123039	
  0.189822	  0.517890	  0.000302	  0.291985	
  0.195173	  0.614669	  0.000302	  0.189856	
  0.809704	  0.000302	  0.000302	  0.189691	
  0.000302	  0.194479	  0.093488	  0.711731	
  0.905907	  0.000302	  0.000302	  0.093488	
  0.243671	  0.144721	  0.237061	  0.374546	
  0.170379	  0.170379	  0.392660	  0.266582	
  0.225931	  0.225931	  0.322206	  0.225931	

URL http://cisbp.ccbr.utoronto.ca/TFreport.php?versionNumber=1.02&searchTF=T017754_1.02

MOTIF M0216_1.02 (ISCW010324)_(Mus_musculus)_(DBD_0.62)

letter-probability matrix: alength= 4 w= 10 nsites= 1 E= 0
  0.282767	  0.305521	  0.171954	  0.239759	
  0.037628	  0.037628	  0.674128	  0.250617	
  0.000178	  0.862732	  0.000178	  0.136912	
  0.930537	  0.000178	  0.069106	  0.000178	
  0.071132	  0.077413	  0.714543	  0.136912	
  0.145218	  0.714543	  0.069106	  0.071132	
  0.000178	  0.067984	  0.000178	  0.931660	
  0.077413	  0.000178	  0.922231	  0.000178	
  0.152455	  0.301874	  0.078225	  0.467447	
  0.281479	  0.212551	  0.293420	  0.212551	

URL http://cisbp.ccbr.utoronto.ca/TFreport.php?versionNumber=1.02&searchTF=T017755_1.02

MOTIF M0217_1.02 (ISCW020498)_(Mus_musculus)_(DBD_0.87)

letter-probability matrix: alength= 4 w= 10 nsites= 1 E= 0
  0.424799	  0.113479	  0.235478	  0.226244	
  0.169637	  0.592091	  0.171342	  0.066931	
  0.271365	  0.687777	  0.026936	  0.013922	
  0.665113	  0.034812	  0.186785	  0.113291	
  0.001368	  0.064301	  0.143105	  0.791225	
  0.793894	  0.140745	  0.056090	  0.009272	
  0.075714	  0.150952	  0.010559	  0.762775	
  0.011683	  0.000903	  0.869711	  0.117703	
  0.038634	  0.150525	  0.421629	  0.389213	
  0.091763	  0.270213	  0.234912	  0.403111	

URL http://cisbp.ccbr.utoronto.ca/TFreport.php?versionNumber=1.02&searchTF=T017779_1.02

MOTIF M0223_1.02 (ISCW013570)_(Mus_musculus)_(DBD_0.83)

letter-probability matrix: alength= 4 w= 9 nsites= 1 E= 0
  0.289595	  0.241890	  0.283861	  0.184654	
  0.208936	  0.392300	  0.215299	  0.183466	
  0.190230	  0.670642	  0.084626	  0.054502	
  0.482082	  0.088953	  0.313598	  0.115366	
  0.015362	  0.797825	  0.067484	  0.119330	
  0.289914	  0.047446	  0.658249	  0.004391	
  0.052344	  0.021495	  0.012156	  0.914005	
  0.000116	  0.000018	  0.999784	  0.000082	
  0.174078	  0.304753	  0.326850	  0.194319	

URL http://cisbp.ccbr.utoronto.ca/TFreport.php?versionNumber=1.02&searchTF=T017763_1.02

MOTIF M0224_1.02 (ISCW003667)_(Mus_musculus)_(DBD_0.81)

letter-probability matrix: alength= 4 w= 10 nsites= 1 E= 0
  0.294121	  0.202526	  0.300826	  0.202526	
  0.303479	  0.500296	  0.098113	  0.098113	
  0.000011	  0.999968	  0.000011	  0.000011	
  0.999968	  0.000011	  0.000011	  0.000011	
  0.000011	  0.000011	  0.087923	  0.912055	
  0.912055	  0.087923	  0.000011	  0.000011	
  0.000011	  0.000011	  0.000011	  0.999968	
  0.000011	  0.000011	  0.999968	  0.000011	
  0.047484	  0.118649	  0.168178	  0.665688	
  0.151898	  0.243456	  0.221525	  0.383121	

URL http://cisbp.ccbr.utoronto.ca/TFreport.php?versionNumber=1.02&searchTF=T017741_1.02

MOTIF M0225_1.02 (ISCW015344)_(Mus_musculus)_(DBD_0.76)

letter-probability matrix: alength= 4 w= 10 nsites= 1 E= 0
  0.326350	  0.175680	  0.322290	  0.175680	
  0.054832	  0.117006	  0.054832	  0.773331	
  0.000021	  0.999938	  0.000021	  0.000021	
  0.999938	  0.000021	  0.000021	  0.000021	
  0.000021	  0.999938	  0.000021	  0.000021	
  0.000021	  0.000021	  0.999938	  0.000021	
  0.000021	  0.000021	  0.000021	  0.999938	
  0.000021	  0.000021	  0.999938	  0.000021	
  0.202158	  0.177035	  0.370057	  0.250750	
  0.195189	  0.195189	  0.256649	  0.352973	

URL http://cisbp.ccbr.utoronto.ca/TFreport.php?versionNumber=1.02&searchTF=T017767_1.02

MOTIF M0297_1.02 (ISCW012507)_(Mus_musculus)_(DBD_0.79)

letter-probability matrix: alength= 4 w= 9 nsites= 1 E= 0
  0.357458	  0.170548	  0.361051	  0.110943	
  0.016538	  0.109473	  0.065084	  0.808904	
  0.001209	  0.089107	  0.665032	  0.244652	
  0.783865	  0.024149	  0.128283	  0.063703	
  0.032696	  0.834861	  0.002478	  0.129965	
  0.112813	  0.046793	  0.777229	  0.063164	
  0.152103	  0.245811	  0.086883	  0.515203	
  0.338131	  0.263337	  0.228934	  0.169598	
  0.290142	  0.192553	  0.254773	  0.262532	

URL http://cisbp.ccbr.utoronto.ca/TFreport.php?versionNumber=1.02&searchTF=T027571_1.02

MOTIF M0301_1.02 (ISCW010628)_(Mus_musculus)_(DBD_0.57)

letter-probability matrix: alength= 4 w= 8 nsites= 1 E= 0
  0.043837	  0.130642	  0.694878	  0.130642	
  0.966817	  0.000322	  0.032539	  0.000322	
  0.000294	  0.029671	  0.000294	  0.969741	
  0.000294	  0.000294	  0.999119	  0.000294	
  0.969741	  0.000294	  0.000294	  0.029671	
  0.000294	  0.999119	  0.000294	  0.000294	
  0.143010	  0.000357	  0.606633	  0.250000	
  0.158088	  0.368172	  0.053046	  0.420693	

URL http://cisbp.ccbr.utoronto.ca/TFreport.php?versionNumber=1.02&searchTF=T027570_1.02

MOTIF M0305_1.02 (ISCW001814)_(Mus_musculus)_(DBD_0.57)

letter-probability matrix: alength= 4 w= 9 nsites= 1 E= 0
  0.002475	  0.002475	  0.745050	  0.250000	
  0.250000	  0.623134	  0.001244	  0.125622	
  0.001244	  0.871891	  0.125622	  0.001244	
  0.996269	  0.001244	  0.001244	  0.001244	
  0.001244	  0.996269	  0.001244	  0.001244	
  0.001244	  0.001244	  0.996269	  0.001244	
  0.001244	  0.001244	  0.001244	  0.996269	
  0.001420	  0.143466	  0.853693	  0.001420	
  0.250000	  0.002475	  0.250000	  0.497525	

URL http://cisbp.ccbr.utoronto.ca/TFreport.php?versionNumber=1.02&searchTF=T027561_1.02

MOTIF M0313_1.02 (ISCW019432)_(Mus_musculus)_(DBD_0.67)

letter-probability matrix: alength= 4 w= 10 nsites= 1 E= 0
  0.231876	  0.201583	  0.288935	  0.277606	
  0.445882	  0.170725	  0.317366	  0.066026	
  0.064153	  0.042152	  0.047053	  0.846642	
  0.027177	  0.055277	  0.142931	  0.774614	
  0.304859	  0.000145	  0.492675	  0.202320	
  0.087581	  0.673554	  0.077678	  0.161187	
  0.302455	  0.164339	  0.376882	  0.156324	
  0.234880	  0.313900	  0.134166	  0.317055	
  0.391736	  0.281628	  0.160869	  0.165768	
  0.466130	  0.183913	  0.171480	  0.178478	

URL http://cisbp.ccbr.utoronto.ca/TFreport.php?versionNumber=1.02&searchTF=T027581_1.02

MOTIF M0315_1.02 (ISCW019431)_(Mus_musculus)_(DBD_0.61)

letter-probability matrix: alength= 4 w= 10 nsites= 1 E= 0
  0.431714	  0.208047	  0.298200	  0.062039	
  0.000768	  0.000197	  0.000189	  0.998845	
  0.000294	  0.000168	  0.000030	  0.999508	
  0.280621	  0.000476	  0.582311	  0.136593	
  0.088026	  0.755689	  0.045496	  0.110789	
  0.258429	  0.120858	  0.525642	  0.095071	
  0.244243	  0.410824	  0.024982	  0.319950	
  0.643236	  0.294863	  0.024693	  0.037208	
  0.847747	  0.045267	  0.061718	  0.045267	
  0.110259	  0.293780	  0.187322	  0.408639	

URL http://cisbp.ccbr.utoronto.ca/TFreport.php?versionNumber=1.02&searchTF=T027580_1.02

MOTIF M0318_1.02 (ISCW004978)_(Mus_musculus)_(DBD_0.55)

letter-probability matrix: alength= 4 w= 13 nsites= 1 E= 0
  0.227605	  0.227605	  0.227605	  0.317186	
  0.317186	  0.227605	  0.227605	  0.227605	
  0.225575	  0.058277	  0.058277	  0.657871	
  0.193357	  0.039156	  0.121950	  0.645538	
  0.861849	  0.020145	  0.020145	  0.097861	
  0.157740	  0.676007	  0.000185	  0.166067	
  0.600658	  0.000185	  0.398971	  0.000185	
  0.000185	  0.130427	  0.076670	  0.792718	
  0.779729	  0.022581	  0.022581	  0.175109	
  0.779729	  0.022581	  0.098625	  0.099065	
  0.348232	  0.267952	  0.191908	  0.191908	
  0.211029	  0.211029	  0.287073	  0.290868	
  0.230040	  0.230040	  0.230040	  0.309879	

URL http://cisbp.ccbr.utoronto.ca/TFreport.php?versionNumber=1.02&searchTF=T027563_1.02

MOTIF M0320_1.02 (ISCW000545)_(Mus_musculus)_(DBD_0.75)

letter-probability matrix: alength= 4 w= 9 nsites= 1 E= 0
  0.661184	  0.003289	  0.332237	  0.003289	
  0.001656	  0.001656	  0.001656	  0.995033	
  0.001656	  0.001656	  0.995033	  0.001656	
  0.995033	  0.001656	  0.001656	  0.001656	
  0.001656	  0.995033	  0.001656	  0.001656	
  0.001656	  0.001656	  0.332781	  0.663907	
  0.001656	  0.829470	  0.001656	  0.167219	
  0.829470	  0.167219	  0.001656	  0.001656	
  0.332237	  0.332237	  0.003289	  0.332237	

URL http://cisbp.ccbr.utoronto.ca/TFreport.php?versionNumber=1.02&searchTF=T027558_1.02

MOTIF M0323_1.02 (ISCW018324)_(Caenorhabditis_elegans)_(DBD_0.60)

letter-probability matrix: alength= 4 w= 13 nsites= 1 E= 0
  0.230644	  0.230644	  0.230644	  0.308069	
  0.230644	  0.230644	  0.308069	  0.230644	
  0.195361	  0.042431	  0.042431	  0.719777	
  0.105121	  0.022865	  0.128036	  0.743978	
  0.853680	  0.022865	  0.100590	  0.022865	
  0.000176	  0.673192	  0.000176	  0.326456	
  0.236202	  0.000176	  0.687605	  0.076018	
  0.076018	  0.420964	  0.077601	  0.425417	
  0.790056	  0.095374	  0.019532	  0.095037	
  0.780883	  0.097796	  0.019532	  0.101789	
  0.376765	  0.207745	  0.207745	  0.207745	
  0.227311	  0.227311	  0.227311	  0.318067	
  0.318067	  0.227311	  0.227311	  0.227311	

URL http://cisbp.ccbr.utoronto.ca/TFreport.php?versionNumber=1.02&searchTF=T027576_1.02

MOTIF M0392_1.02 (ISCW020450)_(Mus_musculus)_(DBD_0.85)

letter-probability matrix: alength= 4 w= 9 nsites= 1 E= 0
  0.249730	  0.075696	  0.598878	  0.075696	
  0.000046	  0.000046	  0.694134	  0.305774	
  0.000046	  0.000046	  0.999863	  0.000046	
  0.000046	  0.084914	  0.914995	  0.000046	
  0.000046	  0.000046	  0.999863	  0.000046	
  0.000046	  0.914995	  0.084914	  0.000046	
  0.000046	  0.000046	  0.999863	  0.000046	
  0.000046	  0.000046	  0.582071	  0.417838	
  0.174350	  0.174350	  0.476951	  0.174350	

URL http://cisbp.ccbr.utoronto.ca/TFreport.php?versionNumber=1.02&searchTF=T060817_1.02

MOTIF M0405_1.02 (ISCW016993)_(Mus_musculus)_(DBD_0.99)

letter-probability matrix: alength= 4 w= 10 nsites= 1 E= 0
  0.322200	  0.077105	  0.258571	  0.342124	
  0.174850	  0.000229	  0.823801	  0.001121	
  0.000272	  0.000173	  0.999363	  0.000191	
  0.000074	  0.000241	  0.999596	  0.000089	
  0.100743	  0.660217	  0.010304	  0.228736	
  0.015211	  0.000320	  0.974574	  0.009895	
  0.042318	  0.089587	  0.352557	  0.515538	
  0.208085	  0.076550	  0.538047	  0.177318	
  0.167365	  0.115605	  0.497789	  0.219242	
  0.170239	  0.414554	  0.180766	  0.234441	

URL http://cisbp.ccbr.utoronto.ca/TFreport.php?versionNumber=1.02&searchTF=T060774_1.02

MOTIF M0407_1.02 (ISCW020514)_(Mus_musculus)_(DBD_0.75)

letter-probability matrix: alength= 4 w= 9 nsites= 1 E= 0
  0.004902	  0.985294	  0.004902	  0.004902	
  0.002475	  0.002475	  0.992574	  0.002475	
  0.002475	  0.002475	  0.002475	  0.992574	
  0.002475	  0.002475	  0.992574	  0.002475	
  0.002475	  0.497525	  0.002475	  0.497525	
  0.002475	  0.002475	  0.992574	  0.002475	
  0.002475	  0.992574	  0.002475	  0.002475	
  0.992574	  0.002475	  0.002475	  0.002475	
  0.495098	  0.495098	  0.004902	  0.004902	

URL http://cisbp.ccbr.utoronto.ca/TFreport.php?versionNumber=1.02&searchTF=T060820_1.02

MOTIF M0419_1.02 (ISCW010121)_(Mus_musculus)_(DBD_0.90)

letter-probability matrix: alength= 4 w= 8 nsites= 1 E= 0
  0.094017	  0.581197	  0.145299	  0.179487	
  0.013245	  0.000000	  0.980132	  0.006623	
  0.046053	  0.052632	  0.315789	  0.585526	
  0.065359	  0.006536	  0.928105	  0.000000	
  0.000000	  0.006536	  0.980392	  0.013072	
  0.000000	  0.000000	  0.986395	  0.013605	
  0.106870	  0.473282	  0.267176	  0.152672	
  0.182796	  0.032258	  0.731183	  0.053763	

URL http://cisbp.ccbr.utoronto.ca/TFreport.php?versionNumber=1.02&searchTF=T060707_1.02

MOTIF M0443_1.02 (ISCW016565)_(Mus_musculus)_(DBD_0.77)

letter-probability matrix: alength= 4 w= 10 nsites= 1 E= 0
  0.260102	  0.124098	  0.223872	  0.391927	
  0.187213	  0.000148	  0.790168	  0.022471	
  0.000002	  0.000005	  0.999931	  0.000063	
  0.000374	  0.000026	  0.999566	  0.000034	
  0.076094	  0.621399	  0.000039	  0.302468	
  0.000325	  0.000031	  0.997699	  0.001945	
  0.060231	  0.086331	  0.346604	  0.506834	
  0.189328	  0.102872	  0.514647	  0.193153	
  0.167870	  0.130737	  0.470215	  0.231178	
  0.172456	  0.411638	  0.156045	  0.259860	

URL http://cisbp.ccbr.utoronto.ca/TFreport.php?versionNumber=1.02&searchTF=T060765_1.02

MOTIF M0450_1.02 (ISCW021315)_(Caenorhabditis_elegans)_(DBD_0.72)

letter-probability matrix: alength= 4 w= 7 nsites= 1 E= 0
  0.004902	  0.985294	  0.004902	  0.004902	
  0.985294	  0.004902	  0.004902	  0.004902	
  0.985294	  0.004902	  0.004902	  0.004902	
  0.004902	  0.985294	  0.004902	  0.004902	
  0.985294	  0.004902	  0.004902	  0.004902	
  0.004902	  0.004902	  0.985294	  0.004902	
  0.004902	  0.004902	  0.985294	  0.004902	

URL http://cisbp.ccbr.utoronto.ca/TFreport.php?versionNumber=1.02&searchTF=T060824_1.02

MOTIF M0456_1.02 (ISCW016130)_(Caenorhabditis_elegans)_(DBD_0.74)

letter-probability matrix: alength= 4 w= 9 nsites= 1 E= 0
  0.327408	  0.084877	  0.233039	  0.354676	
  0.189096	  0.003752	  0.806139	  0.001012	
  0.000007	  0.004308	  0.992854	  0.002831	
  0.000001	  0.000000	  0.999999	  0.000000	
  0.076941	  0.729993	  0.000000	  0.193067	
  0.006130	  0.000001	  0.985594	  0.008275	
  0.056226	  0.059703	  0.361180	  0.522892	
  0.232760	  0.094633	  0.478190	  0.194417	
  0.234890	  0.146807	  0.383414	  0.234890	

URL http://cisbp.ccbr.utoronto.ca/TFreport.php?versionNumber=1.02&searchTF=T060744_1.02

MOTIF M0546_1.02 (ISCW010362)_(Caenorhabditis_elegans)_(DBD_0.72)

letter-probability matrix: alength= 4 w= 8 nsites= 1 E= 0
  0.062734	  0.468477	  0.187578	  0.281211	
  0.000192	  0.000192	  0.999424	  0.000192	
  0.096272	  0.038624	  0.346080	  0.519024	
  0.019042	  0.000189	  0.980581	  0.000189	
  0.000189	  0.000189	  0.980581	  0.019042	
  0.000189	  0.000189	  0.999434	  0.000189	
  0.204119	  0.428426	  0.122553	  0.244902	
  0.000227	  0.000227	  0.999319	  0.000227	

URL http://cisbp.ccbr.utoronto.ca/TFreport.php?versionNumber=1.02&searchTF=T060709_1.02

MOTIF M0574_1.02 (ISCW018799)_(Caenorhabditis_elegans)_(DBD_0.74)

letter-probability matrix: alength= 4 w= 8 nsites= 1 E= 0
  0.491059	  0.157959	  0.263149	  0.087833	
  0.986454	  0.000132	  0.000132	  0.013282	
  0.947002	  0.000132	  0.052735	  0.000132	
  0.013282	  0.000132	  0.933851	  0.052735	
  0.000132	  0.013282	  0.000132	  0.986454	
  0.026433	  0.013282	  0.013282	  0.947002	
  0.034631	  0.155238	  0.120779	  0.689352	
  0.200050	  0.200050	  0.449800	  0.150100	

URL http://cisbp.ccbr.utoronto.ca/TFreport.php?versionNumber=1.02&searchTF=T070295_1.02

MOTIF M0584_1.02 (ISCW005281)_(Caenorhabditis_elegans)_(DBD_0.73)

letter-probability matrix: alength= 4 w= 9 nsites= 1 E= 0
  0.230911	  0.224086	  0.262968	  0.282035	
  0.269525	  0.209906	  0.264188	  0.256380	
  0.283198	  0.178778	  0.291823	  0.246201	
  0.153491	  0.064952	  0.745191	  0.036366	
  0.485724	  0.054907	  0.315968	  0.143400	
  0.185229	  0.092907	  0.000174	  0.721690	
  0.451981	  0.073969	  0.434259	  0.039791	
  0.183594	  0.056414	  0.557089	  0.202902	
  0.369364	  0.118130	  0.213105	  0.299401	

URL http://cisbp.ccbr.utoronto.ca/TFreport.php?versionNumber=1.02&searchTF=T072604_1.02

MOTIF M0694_1.02 (ISCW015690)_(Mus_musculus)_(DBD_0.66)

letter-probability matrix: alength= 4 w= 9 nsites= 1 E= 0
  0.635514	  0.077048	  0.180266	  0.107172	
  0.154613	  0.646083	  0.165824	  0.033479	
  0.148376	  0.812201	  0.037328	  0.002095	
  0.000563	  0.000345	  0.997694	  0.001399	
  0.009222	  0.004912	  0.984004	  0.001862	
  0.979651	  0.004126	  0.014690	  0.001533	
  0.777163	  0.021024	  0.004330	  0.197483	
  0.378533	  0.050719	  0.553523	  0.017224	
  0.132095	  0.222188	  0.053706	  0.592011	

URL http://cisbp.ccbr.utoronto.ca/TFreport.php?versionNumber=1.02&searchTF=T078900_1.02

MOTIF M0695_1.02 (ISCW009238)_(Mus_musculus)_(DBD_0.78)

letter-probability matrix: alength= 4 w= 10 nsites= 1 E= 0
  0.309868	  0.222771	  0.251174	  0.216187	
  0.457429	  0.125917	  0.274684	  0.141971	
  0.105811	  0.679702	  0.144265	  0.070222	
  0.082782	  0.903446	  0.010657	  0.003115	
  0.000362	  0.000111	  0.996194	  0.003333	
  0.001272	  0.002562	  0.993129	  0.003037	
  0.976431	  0.003873	  0.006579	  0.013117	
  0.816923	  0.026724	  0.005616	  0.150738	
  0.219085	  0.152851	  0.589610	  0.038454	
  0.105478	  0.283865	  0.082972	  0.527685	

URL http://cisbp.ccbr.utoronto.ca/TFreport.php?versionNumber=1.02&searchTF=T078898_1.02

MOTIF M0697_1.02 (ISCW002580)_(Mus_musculus)_(DBD_0.62)

letter-probability matrix: alength= 4 w= 10 nsites= 1 E= 0
  0.491383	  0.099209	  0.145071	  0.264337	
  0.243739	  0.277576	  0.253686	  0.224999	
  0.235752	  0.404552	  0.296718	  0.062978	
  0.339887	  0.549283	  0.096410	  0.014420	
  0.010222	  0.000465	  0.986867	  0.002446	
  0.006692	  0.003424	  0.983259	  0.006625	
  0.977560	  0.004978	  0.005339	  0.012122	
  0.863380	  0.020103	  0.005370	  0.111147	
  0.358704	  0.099733	  0.519309	  0.022253	
  0.129493	  0.250542	  0.084236	  0.535728	

URL http://cisbp.ccbr.utoronto.ca/TFreport.php?versionNumber=1.02&searchTF=T078895_1.02

MOTIF M0699_1.02 (ISCW019151)_(Mus_musculus)_(DBD_0.95)

letter-probability matrix: alength= 4 w= 10 nsites= 1 E= 0
  0.285712	  0.231594	  0.253404	  0.229290	
  0.408828	  0.148903	  0.252976	  0.189293	
  0.179923	  0.493996	  0.209040	  0.117041	
  0.256626	  0.637542	  0.087149	  0.018683	
  0.006067	  0.001108	  0.985189	  0.007636	
  0.009552	  0.003807	  0.979202	  0.007439	
  0.918135	  0.015065	  0.025851	  0.040950	
  0.621584	  0.076117	  0.031258	  0.271041	
  0.366912	  0.123362	  0.434903	  0.074823	
  0.146891	  0.292860	  0.127701	  0.432548	

URL http://cisbp.ccbr.utoronto.ca/TFreport.php?versionNumber=1.02&searchTF=T078901_1.02

MOTIF M0702_1.02 (ISCW005284)_(Mus_musculus)_(DBD_0.75)

letter-probability matrix: alength= 4 w= 10 nsites= 1 E= 0
  0.322340	  0.195509	  0.263909	  0.218242	
  0.433860	  0.124303	  0.159608	  0.282230	
  0.311585	  0.293439	  0.240248	  0.154728	
  0.200253	  0.544344	  0.186715	  0.068688	
  0.284306	  0.645517	  0.054058	  0.016120	
  0.011537	  0.000434	  0.987890	  0.000139	
  0.006865	  0.014532	  0.949918	  0.028685	
  0.874097	  0.008964	  0.059931	  0.057008	
  0.302190	  0.165846	  0.058036	  0.473929	
  0.296924	  0.248012	  0.296924	  0.158139	

URL http://cisbp.ccbr.utoronto.ca/TFreport.php?versionNumber=1.02&searchTF=T078897_1.02

MOTIF M0706_1.02 (ISCW023419)_(Mus_musculus)_(DBD_0.84)

letter-probability matrix: alength= 4 w= 10 nsites= 1 E= 0
  0.352704	  0.187847	  0.218248	  0.241201	
  0.295417	  0.283834	  0.188366	  0.232383	
  0.200864	  0.429503	  0.247802	  0.121830	
  0.289523	  0.522297	  0.118894	  0.069286	
  0.138981	  0.013254	  0.791822	  0.055943	
  0.109863	  0.063386	  0.772195	  0.054556	
  0.902087	  0.004458	  0.007424	  0.086031	
  0.789723	  0.012203	  0.005268	  0.192806	
  0.278298	  0.168796	  0.445276	  0.107629	
  0.208426	  0.254572	  0.121460	  0.415542	

URL http://cisbp.ccbr.utoronto.ca/TFreport.php?versionNumber=1.02&searchTF=T078903_1.02

MOTIF M0713_1.02 (ISCW015686)_(Drosophila_melanogaster)_(DBD_0.69)

letter-probability matrix: alength= 4 w= 8 nsites= 1 E= 0
  0.001244	  0.996269	  0.001244	  0.001244	
  0.000996	  0.997012	  0.000996	  0.000996	
  0.000996	  0.000996	  0.997012	  0.000996	
  0.000996	  0.000996	  0.997012	  0.000996	
  0.997012	  0.000996	  0.000996	  0.000996	
  0.897410	  0.000996	  0.000996	  0.100598	
  0.332965	  0.001106	  0.664823	  0.001106	
  0.001420	  0.285511	  0.001420	  0.711648	

URL http://cisbp.ccbr.utoronto.ca/TFreport.php?versionNumber=1.02&searchTF=T078899_1.02

MOTIF M0722_1.02 (ISCW004287)_(Mus_musculus)_(DBD_0.42)

letter-probability matrix: alength= 4 w= 8 nsites= 1 E= 0
  0.461214	  0.000384	  0.538018	  0.000384	
  0.050200	  0.025225	  0.000250	  0.924326	
  0.794959	  0.204587	  0.000227	  0.000227	
  0.977131	  0.000222	  0.000222	  0.022425	
  0.999334	  0.000222	  0.000222	  0.000222	
  0.000227	  0.953906	  0.000227	  0.045640	
  0.999319	  0.000227	  0.000227	  0.000227	
  0.593321	  0.125156	  0.125156	  0.156367	

URL http://cisbp.ccbr.utoronto.ca/TFreport.php?versionNumber=1.02&searchTF=T082883_1.02

MOTIF M0723_1.02 (ISCW003951)_(Mus_musculus)_(DBD_0.45)

letter-probability matrix: alength= 4 w= 10 nsites= 1 E= 0
  0.304424	  0.223279	  0.262020	  0.210276	
  0.213777	  0.233909	  0.245902	  0.306412	
  0.293934	  0.159709	  0.385043	  0.161314	
  0.246234	  0.175262	  0.129837	  0.448667	
  0.528194	  0.286995	  0.062145	  0.122666	
  0.598965	  0.187767	  0.067034	  0.146233	
  0.718961	  0.066540	  0.146615	  0.067884	
  0.033458	  0.590092	  0.077500	  0.298951	
  0.671272	  0.049858	  0.121410	  0.157460	
  0.326891	  0.210530	  0.210530	  0.252050	

URL http://cisbp.ccbr.utoronto.ca/TFreport.php?versionNumber=1.02&searchTF=T082882_1.02

MOTIF M0727_1.02 (ISCW006922)_(Mus_musculus)_(DBD_0.40)

letter-probability matrix: alength= 4 w= 9 nsites= 1 E= 0
  0.285936	  0.209719	  0.382132	  0.122213	
  0.259231	  0.180859	  0.145143	  0.414767	
  0.482799	  0.289919	  0.074411	  0.152872	
  0.584225	  0.181324	  0.065385	  0.169066	
  0.800779	  0.028377	  0.101047	  0.069797	
  0.006674	  0.733801	  0.002741	  0.256785	
  0.711264	  0.065173	  0.101194	  0.122369	
  0.343115	  0.208109	  0.218779	  0.229997	
  0.298983	  0.230531	  0.194491	  0.275996	

URL http://cisbp.ccbr.utoronto.ca/TFreport.php?versionNumber=1.02&searchTF=T082884_1.02

MOTIF M0729_1.02 (ISCW002976)_(Mus_musculus)_(DBD_0.49)

letter-probability matrix: alength= 4 w= 8 nsites= 1 E= 0
  0.160144	  0.000399	  0.839058	  0.000399	
  0.000322	  0.032539	  0.000322	  0.966817	
  0.878027	  0.121368	  0.000303	  0.000303	
  0.968826	  0.030569	  0.000303	  0.000303	
  0.999092	  0.000303	  0.000303	  0.000303	
  0.000303	  0.635896	  0.000303	  0.363499	
  0.999092	  0.000303	  0.000303	  0.000303	
  0.630777	  0.105567	  0.105567	  0.158088	

URL http://cisbp.ccbr.utoronto.ca/TFreport.php?versionNumber=1.02&searchTF=T082881_1.02

MOTIF M0736_1.02 (ISCW015937)_(Mus_musculus)_(DBD_0.50)

letter-probability matrix: alength= 4 w= 8 nsites= 1 E= 0
  0.309467	  0.142959	  0.547336	  0.000238	
  0.295052	  0.000164	  0.000164	  0.704620	
  0.619510	  0.295749	  0.000141	  0.084600	
  0.888534	  0.069545	  0.000139	  0.041782	
  0.999584	  0.000139	  0.000139	  0.000139	
  0.000139	  0.957940	  0.000139	  0.041782	
  0.999572	  0.000143	  0.000143	  0.000143	
  0.660068	  0.132164	  0.056750	  0.151018	

URL http://cisbp.ccbr.utoronto.ca/TFreport.php?versionNumber=1.02&searchTF=T082887_1.02

MOTIF M0738_1.02 (ISCW021480)_(Oryzias_latipes)_(DBD_0.49)

letter-probability matrix: alength= 4 w= 8 nsites= 1 E= 0
  0.352700	  0.000587	  0.646127	  0.000587	
  0.000384	  0.000384	  0.000384	  0.998848	
  0.922043	  0.077189	  0.000384	  0.000384	
  0.998848	  0.000384	  0.000384	  0.000384	
  0.998848	  0.000384	  0.000384	  0.000384	
  0.000384	  0.922043	  0.000384	  0.077189	
  0.998848	  0.000384	  0.000384	  0.000384	
  0.499446	  0.222284	  0.055987	  0.222284	

URL http://cisbp.ccbr.utoronto.ca/TFreport.php?versionNumber=1.02&searchTF=T082892_1.02

MOTIF M0740_1.02 (ISCW010527)_(Drosophila_melanogaster)_(DBD_0.49)

letter-probability matrix: alength= 4 w= 10 nsites= 1 E= 0
  0.148384	  0.253629	  0.148384	  0.449602	
  0.343159	  0.027768	  0.517643	  0.111431	
  0.083876	  0.000213	  0.000213	  0.915697	
  0.999360	  0.000213	  0.000213	  0.000213	
  0.915697	  0.000213	  0.000213	  0.083876	
  0.999360	  0.000213	  0.000213	  0.000213	
  0.000213	  0.912223	  0.000213	  0.087351	
  0.999360	  0.000213	  0.000213	  0.000213	
  0.437060	  0.186478	  0.185492	  0.190970	
  0.332663	  0.222446	  0.222446	  0.222446	

URL http://cisbp.ccbr.utoronto.ca/TFreport.php?versionNumber=1.02&searchTF=T082886_1.02

MOTIF M0744_1.02 (ISCW017832)_(Neurospora_crassa)_(DBD_0.43)

letter-probability matrix: alength= 4 w= 8 nsites= 1 E= 0
  0.570513	  0.071937	  0.356838	  0.000712	
  0.059272	  0.000587	  0.000587	  0.939554	
  0.939554	  0.059272	  0.000587	  0.000587	
  0.998239	  0.000587	  0.000587	  0.000587	
  0.998239	  0.000587	  0.000587	  0.000587	
  0.000587	  0.880869	  0.000587	  0.117958	
  0.998239	  0.000587	  0.000587	  0.000587	
  0.499004	  0.200199	  0.000996	  0.299801	

URL http://cisbp.ccbr.utoronto.ca/TFreport.php?versionNumber=1.02&searchTF=T082889_1.02

MOTIF M0757_1.02 (ISCW001161)_(Strongylocentrotus_purpuratus)_(DBD_0.47)

letter-probability matrix: alength= 4 w= 10 nsites= 1 E= 0
  0.321884	  0.201178	  0.236085	  0.240854	
  0.216367	  0.234387	  0.239122	  0.310124	
  0.297171	  0.182055	  0.409243	  0.111532	
  0.279854	  0.144643	  0.132194	  0.443309	
  0.472247	  0.313407	  0.069235	  0.145111	
  0.572460	  0.196359	  0.062174	  0.169007	
  0.751021	  0.048981	  0.135834	  0.064163	
  0.037542	  0.655546	  0.026722	  0.280190	
  0.680835	  0.057015	  0.121915	  0.140235	
  0.359328	  0.213628	  0.193298	  0.233746	

URL http://cisbp.ccbr.utoronto.ca/TFreport.php?versionNumber=1.02&searchTF=T082880_1.02

MOTIF M0783_1.02 (ISCW004992)_(Mus_musculus)_(DBD_0.93)

letter-probability matrix: alength= 4 w= 10 nsites= 1 E= 0
  0.268595	  0.233506	  0.226604	  0.271295	
  0.274182	  0.235991	  0.229016	  0.260810	
  0.228672	  0.255262	  0.268349	  0.247717	
  0.424078	  0.237440	  0.065360	  0.273121	
  0.073859	  0.028851	  0.873191	  0.024099	
  0.941711	  0.009657	  0.001747	  0.046885	
  0.062764	  0.030247	  0.036212	  0.870777	
  0.486794	  0.180881	  0.095377	  0.236948	
  0.453949	  0.132686	  0.190183	  0.223182	
  0.227316	  0.258874	  0.316190	  0.197619	

URL http://cisbp.ccbr.utoronto.ca/TFreport.php?versionNumber=1.02&searchTF=T085089_1.02

MOTIF M0812_1.02 (ISCW022914)_(Mus_musculus)_(DBD_0.59)

letter-probability matrix: alength= 4 w= 9 nsites= 1 E= 0
  0.220991	  0.264574	  0.272632	  0.241803	
  0.530934	  0.183945	  0.203291	  0.081830	
  0.102634	  0.102634	  0.066100	  0.728632	
  0.301843	  0.142580	  0.549993	  0.005584	
  0.162465	  0.523462	  0.198435	  0.115638	
  0.086217	  0.060152	  0.690122	  0.163509	
  0.005064	  0.010198	  0.974742	  0.009996	
  0.005612	  0.003838	  0.977420	  0.013130	
  0.116745	  0.317345	  0.111051	  0.454860	

URL http://cisbp.ccbr.utoronto.ca/TFreport.php?versionNumber=1.02&searchTF=T086829_1.02

MOTIF M0883_1.02 (ISCW009634)_(Danio_rerio)_(DBD_0.89)

letter-probability matrix: alength= 4 w= 11 nsites= 1 E= 0
  0.292756	  0.259937	  0.191230	  0.256077	
  0.088495	  0.590304	  0.088495	  0.232706	
  0.017436	  0.017436	  0.017436	  0.947691	
  0.999933	  0.000022	  0.000022	  0.000022	
  0.999933	  0.000022	  0.000022	  0.000022	
  0.000022	  0.000022	  0.000022	  0.999933	
  0.000022	  0.000022	  0.000022	  0.999933	
  0.999933	  0.000022	  0.000022	  0.000022	
  0.681736	  0.058793	  0.200678	  0.058793	
  0.244565	  0.286763	  0.161528	  0.307145	
  0.232586	  0.232586	  0.232586	  0.302242	

URL http://cisbp.ccbr.utoronto.ca/TFreport.php?versionNumber=1.02&searchTF=T099620_1.02

MOTIF M0903_1.02 (ISCW021058)_(Mus_musculus)_(DBD_0.93)

letter-probability matrix: alength= 4 w= 7 nsites= 1 E= 0
  0.154837	  0.144369	  0.176333	  0.524462	
  0.423924	  0.128967	  0.174087	  0.273022	
  0.477586	  0.116599	  0.158974	  0.246841	
  0.139209	  0.211870	  0.101086	  0.547835	
  0.172621	  0.202573	  0.337342	  0.287464	
  0.266719	  0.175247	  0.356451	  0.201582	
  0.239474	  0.307490	  0.264659	  0.188377	

URL http://cisbp.ccbr.utoronto.ca/TFreport.php?versionNumber=1.02&searchTF=T099663_1.02

MOTIF M0911_1.02 (ISCW018031)_(Mus_musculus)_(DBD_0.93)

letter-probability matrix: alength= 4 w= 10 nsites= 1 E= 0
  0.247073	  0.284202	  0.206373	  0.262352	
  0.149870	  0.075171	  0.040036	  0.734924	
  0.706549	  0.090958	  0.126519	  0.075974	
  0.851645	  0.008910	  0.044131	  0.095313	
  0.070692	  0.091682	  0.096383	  0.741243	
  0.120799	  0.217919	  0.226813	  0.434469	
  0.367812	  0.088905	  0.402450	  0.140833	
  0.215590	  0.296895	  0.274069	  0.213445	
  0.220651	  0.269503	  0.211999	  0.297847	
  0.238452	  0.238452	  0.243269	  0.279826	

URL http://cisbp.ccbr.utoronto.ca/TFreport.php?versionNumber=1.02&searchTF=T099648_1.02

MOTIF M0918_1.02 (ISCW001025)_(Mus_musculus)_(DBD_0.70)

letter-probability matrix: alength= 4 w= 9 nsites= 1 E= 0
  0.219460	  0.327396	  0.179679	  0.273464	
  0.088570	  0.053186	  0.000936	  0.857308	
  0.857068	  0.032574	  0.099835	  0.010523	
  0.954621	  0.009692	  0.000478	  0.035209	
  0.041206	  0.128843	  0.065930	  0.764020	
  0.111328	  0.194900	  0.327826	  0.365946	
  0.451704	  0.092114	  0.302786	  0.153397	
  0.201062	  0.302963	  0.282481	  0.213494	
  0.202149	  0.292657	  0.221186	  0.284008	

URL http://cisbp.ccbr.utoronto.ca/TFreport.php?versionNumber=1.02&searchTF=T099599_1.02

MOTIF M0927_1.02 (ISCW013772)_(Mus_musculus)_(DBD_0.72)

letter-probability matrix: alength= 4 w= 8 nsites= 1 E= 0
  0.239075	  0.258987	  0.292007	  0.209931	
  0.193409	  0.338596	  0.209518	  0.258477	
  0.196306	  0.190504	  0.105601	  0.507589	
  0.649964	  0.079592	  0.135222	  0.135222	
  0.927406	  0.055834	  0.000602	  0.016158	
  0.131551	  0.181162	  0.073655	  0.613631	
  0.187274	  0.215416	  0.200852	  0.396458	
  0.315394	  0.201104	  0.274190	  0.209311	

URL http://cisbp.ccbr.utoronto.ca/TFreport.php?versionNumber=1.02&searchTF=T099630_1.02

MOTIF M0932_1.02 (ISCW022557)_(Mus_musculus)_(DBD_0.77)

letter-probability matrix: alength= 4 w= 8 nsites= 1 E= 0
  0.216311	  0.291989	  0.142126	  0.349574	
  0.127143	  0.093252	  0.018089	  0.761516	
  0.817918	  0.041962	  0.123564	  0.016556	
  0.955147	  0.007403	  0.010825	  0.026625	
  0.021750	  0.121465	  0.044684	  0.812101	
  0.145739	  0.082419	  0.268223	  0.503618	
  0.509054	  0.065533	  0.337833	  0.087580	
  0.196989	  0.238208	  0.381132	  0.183671	

URL http://cisbp.ccbr.utoronto.ca/TFreport.php?versionNumber=1.02&searchTF=T099676_1.02

MOTIF M0947_1.02 (ISCW014989)_(Mus_musculus)_(DBD_0.84)

letter-probability matrix: alength= 4 w= 10 nsites= 1 E= 0
  0.207780	  0.251258	  0.173552	  0.367410	
  0.167189	  0.128911	  0.154335	  0.549564	
  0.751410	  0.008101	  0.194796	  0.045693	
  0.979028	  0.001386	  0.009940	  0.009646	
  0.017906	  0.002472	  0.849930	  0.129691	
  0.131117	  0.023014	  0.106282	  0.739587	
  0.338304	  0.010740	  0.622626	  0.028331	
  0.098050	  0.312775	  0.389741	  0.199434	
  0.188409	  0.292544	  0.214565	  0.304483	
  0.194385	  0.270384	  0.198312	  0.336919	

URL http://cisbp.ccbr.utoronto.ca/TFreport.php?versionNumber=1.02&searchTF=T099634_1.02

MOTIF M0954_1.02 (ISCW014108)_(Mus_musculus)_(DBD_0.77)

letter-probability matrix: alength= 4 w= 9 nsites= 1 E= 0
  0.269860	  0.244180	  0.310413	  0.175547	
  0.222956	  0.322782	  0.189991	  0.264271	
  0.095770	  0.046616	  0.010402	  0.847212	
  0.799391	  0.056478	  0.097891	  0.046240	
  0.967307	  0.000597	  0.022077	  0.010019	
  0.039713	  0.048993	  0.055795	  0.855498	
  0.112128	  0.104548	  0.131584	  0.651740	
  0.377268	  0.097803	  0.400597	  0.124332	
  0.274391	  0.207380	  0.363054	  0.155175	

URL http://cisbp.ccbr.utoronto.ca/TFreport.php?versionNumber=1.02&searchTF=T099631_1.02

MOTIF M0957_1.02 (ISCW012498)_(Mus_musculus)_(DBD_0.72)

letter-probability matrix: alength= 4 w= 8 nsites= 1 E= 0
  0.140569	  0.125927	  0.071215	  0.662289	
  0.658857	  0.073737	  0.131697	  0.135708	
  0.889545	  0.000632	  0.054637	  0.055186	
  0.047090	  0.041349	  0.089305	  0.822257	
  0.122003	  0.124468	  0.143172	  0.610358	
  0.318933	  0.072601	  0.443625	  0.164841	
  0.234350	  0.253868	  0.310075	  0.201707	
  0.229553	  0.266702	  0.220552	  0.283194	

URL http://cisbp.ccbr.utoronto.ca/TFreport.php?versionNumber=1.02&searchTF=T099628_1.02

MOTIF M0963_1.02 (ISCW004213)_(Mus_musculus)_(DBD_0.95)

letter-probability matrix: alength= 4 w= 9 nsites= 1 E= 0
  0.336764	  0.194296	  0.190449	  0.278490	
  0.293592	  0.187202	  0.219684	  0.299522	
  0.143147	  0.291160	  0.156628	  0.409065	
  0.060921	  0.242154	  0.011817	  0.685107	
  0.768466	  0.128303	  0.074024	  0.029207	
  0.954390	  0.018561	  0.016964	  0.010085	
  0.035549	  0.016296	  0.012819	  0.935337	
  0.150061	  0.196574	  0.074518	  0.578848	
  0.582945	  0.073559	  0.135381	  0.208115	

URL http://cisbp.ccbr.utoronto.ca/TFreport.php?versionNumber=1.02&searchTF=T099605_1.02

MOTIF M0977_1.02 (ISCW008954)_(Mus_musculus)_(DBD_0.93)

letter-probability matrix: alength= 4 w= 9 nsites= 1 E= 0
  0.244899	  0.221594	  0.305164	  0.228343	
  0.257031	  0.208345	  0.399094	  0.135530	
