MEME version 4

ALPHABET= ACGT

strands: + -

Background letter frequencies (from uniform background):
A 0.25000 C 0.25000 G 0.25000 T 0.25000 

MOTIF M0098_1.02 (KLLA0F04840g)_(Saccharomyces_cerevisiae)_(DBD_0.86)

letter-probability matrix: alength= 4 w= 11 nsites= 1 E= 0
  0.225027	  0.225027	  0.225027	  0.324920	
  0.180909	  0.180909	  0.367512	  0.270669	
  0.075340	  0.683880	  0.075340	  0.165440	
  0.407120	  0.592518	  0.000181	  0.000181	
  0.000181	  0.000181	  0.000181	  0.999457	
  0.000181	  0.000181	  0.999457	  0.000181	
  0.000181	  0.999457	  0.000181	  0.000181	
  0.999457	  0.000181	  0.000181	  0.000181	
  0.025154	  0.025154	  0.621172	  0.328519	
  0.069272	  0.159432	  0.702024	  0.069272	
  0.174841	  0.174841	  0.174841	  0.475477	

URL http://cisbp.ccbr.utoronto.ca/TFreport.php?versionNumber=1.02&searchTF=T006935_1.02

MOTIF M0241_1.02 (KLLA0E06513g)_(Saccharomyces_cerevisiae)_(DBD_0.73)

letter-probability matrix: alength= 4 w= 12 nsites= 1 E= 0
  0.324652	  0.225116	  0.225116	  0.225116	
  0.097676	  0.097676	  0.532933	  0.271715	
  0.096401	  0.765160	  0.119132	  0.019307	
  0.687800	  0.096666	  0.119132	  0.096401	
  0.000162	  0.823109	  0.099987	  0.076741	
  0.077256	  0.077521	  0.768481	  0.076741	
  0.099987	  0.077521	  0.000162	  0.822329	
  0.077521	  0.000162	  0.922154	  0.000162	
  0.787419	  0.162488	  0.025046	  0.025046	
  0.229065	  0.293041	  0.152486	  0.325408	
  0.230855	  0.230855	  0.230855	  0.307434	
  0.230855	  0.230855	  0.230855	  0.307434	

URL http://cisbp.ccbr.utoronto.ca/TFreport.php?versionNumber=1.02&searchTF=T021109_1.02

MOTIF M0244_1.02 (KLLA0B13761g)_(Saccharomyces_cerevisiae)_(DBD_0.80)

letter-probability matrix: alength= 4 w= 11 nsites= 1 E= 0
  0.310339	  0.229887	  0.229887	  0.229887	
  0.269895	  0.140964	  0.448177	  0.140964	
  0.023264	  0.023264	  0.118648	  0.834823	
  0.075323	  0.766428	  0.000203	  0.158045	
  0.841548	  0.000203	  0.000203	  0.158045	
  0.000203	  0.766428	  0.000203	  0.233165	
  0.075323	  0.000203	  0.924271	  0.000203	
  0.000203	  0.000203	  0.000203	  0.999390	
  0.095436	  0.020316	  0.786541	  0.097707	
  0.207773	  0.400191	  0.109239	  0.282796	
  0.319184	  0.226939	  0.226939	  0.226939	

URL http://cisbp.ccbr.utoronto.ca/TFreport.php?versionNumber=1.02&searchTF=T021107_1.02

MOTIF M0352_1.02 (KLLA0D14113g)_(Saccharomyces_cerevisiae)_(DBD_0.72)

letter-probability matrix: alength= 4 w= 10 nsites= 1 E= 0
  0.211517	  0.183884	  0.282677	  0.321921	
  0.431823	  0.132690	  0.350029	  0.085457	
  0.003684	  0.000104	  0.000000	  0.996212	
  0.003146	  0.021457	  0.850682	  0.124716	
  0.985610	  0.004871	  0.003265	  0.006254	
  0.054920	  0.630099	  0.207655	  0.107327	
  0.226603	  0.085046	  0.213406	  0.474945	
  0.232372	  0.491932	  0.127529	  0.148167	
  0.469883	  0.185394	  0.183549	  0.161174	
  0.230654	  0.257474	  0.200521	  0.311351	

URL http://cisbp.ccbr.utoronto.ca/TFreport.php?versionNumber=1.02&searchTF=T031017_1.02

MOTIF M0353_1.02 (KLLA0F08976g)_(Saccharomyces_cerevisiae)_(DBD_0.57)

letter-probability matrix: alength= 4 w= 10 nsites= 1 E= 0
  0.353816	  0.157398	  0.244393	  0.244393	
  0.211817	  0.173421	  0.378314	  0.236447	
  0.282621	  0.049606	  0.499749	  0.168024	
  0.471319	  0.430753	  0.001814	  0.096114	
  0.095243	  0.793481	  0.018848	  0.092428	
  0.926944	  0.009993	  0.007256	  0.055807	
  0.080735	  0.863657	  0.033824	  0.021784	
  0.098975	  0.137672	  0.695667	  0.067685	
  0.101851	  0.136117	  0.133421	  0.628611	
  0.318650	  0.182016	  0.277021	  0.222314	

URL http://cisbp.ccbr.utoronto.ca/TFreport.php?versionNumber=1.02&searchTF=T031023_1.02

MOTIF M0355_1.02 (KLLA0E04269g)_(Saccharomyces_cerevisiae)_(DBD_0.67)

letter-probability matrix: alength= 4 w= 8 nsites= 1 E= 0
  0.712963	  0.000712	  0.285613	  0.000712	
  0.000475	  0.000475	  0.000475	  0.998574	
  0.048004	  0.000475	  0.808460	  0.143061	
  0.998574	  0.000475	  0.000475	  0.000475	
  0.000475	  0.951046	  0.000475	  0.048004	
  0.095532	  0.000475	  0.903517	  0.000475	
  0.000475	  0.000475	  0.000475	  0.998574	
  0.499288	  0.285613	  0.000712	  0.214387	

URL http://cisbp.ccbr.utoronto.ca/TFreport.php?versionNumber=1.02&searchTF=T031020_1.02

MOTIF M0356_1.02 (KLLA0A01760g)_(Saccharomyces_cerevisiae)_(DBD_0.62)

letter-probability matrix: alength= 4 w= 10 nsites= 1 E= 0
  0.156235	  0.237783	  0.384275	  0.221707	
  0.402756	  0.386964	  0.121308	  0.088973	
  0.035172	  0.000320	  0.057412	  0.907096	
  0.017446	  0.032431	  0.336670	  0.613453	
  0.855397	  0.000658	  0.054684	  0.089261	
  0.042605	  0.534839	  0.242734	  0.179822	
  0.218505	  0.142140	  0.286234	  0.353121	
  0.409661	  0.197419	  0.112768	  0.280152	
  0.575008	  0.129591	  0.153605	  0.141795	
  0.297790	  0.163431	  0.231919	  0.306859	

URL http://cisbp.ccbr.utoronto.ca/TFreport.php?versionNumber=1.02&searchTF=T031012_1.02

MOTIF M0505_1.02 (KLLA0F18524g)_(Saccharomyces_cerevisiae)_(DBD_0.83)

letter-probability matrix: alength= 4 w= 9 nsites= 1 E= 0
  0.263492	  0.243234	  0.199143	  0.294131	
  0.339564	  0.339564	  0.132643	  0.188229	
  0.647289	  0.100765	  0.200897	  0.051049	
  0.040855	  0.000148	  0.925212	  0.033785	
  0.000055	  0.000044	  0.999595	  0.000306	
  0.022743	  0.000055	  0.976769	  0.000434	
  0.250759	  0.118450	  0.099932	  0.530858	
  0.130351	  0.512975	  0.116773	  0.239901	
  0.125682	  0.461166	  0.141707	  0.271445	

URL http://cisbp.ccbr.utoronto.ca/TFreport.php?versionNumber=1.02&searchTF=T068475_1.02

MOTIF M0508_1.02 (KLLA0F13046g)_(Saccharomyces_cerevisiae)_(DBD_0.81)

letter-probability matrix: alength= 4 w= 10 nsites= 1 E= 0
  0.288711	  0.203615	  0.304059	  0.203615	
  0.176117	  0.080211	  0.272399	  0.471273	
  0.000028	  0.000028	  0.799607	  0.200336	
  0.000028	  0.418307	  0.000028	  0.581637	
  0.000028	  0.000028	  0.999915	  0.000028	
  0.000028	  0.000028	  0.999915	  0.000028	
  0.000028	  0.000028	  0.999915	  0.000028	
  0.000028	  0.000028	  0.999915	  0.000028	
  0.046413	  0.046413	  0.046413	  0.860761	
  0.490550	  0.169817	  0.169817	  0.169817	

URL http://cisbp.ccbr.utoronto.ca/TFreport.php?versionNumber=1.02&searchTF=T068474_1.02

MOTIF M0510_1.02 (KLLA0D11902g)_(Saccharomyces_cerevisiae)_(DBD_0.74)

letter-probability matrix: alength= 4 w= 8 nsites= 1 E= 0
  0.155238	  0.430910	  0.241385	  0.172467	
  0.069049	  0.115005	  0.126494	  0.689453	
  0.000090	  0.000090	  0.999730	  0.000090	
  0.017625	  0.017625	  0.035163	  0.929586	
  0.000088	  0.008857	  0.990968	  0.000088	
  0.000088	  0.000088	  0.990888	  0.008935	
  0.009802	  0.970594	  0.009802	  0.009802	
  0.086500	  0.049482	  0.604763	  0.259255	

URL http://cisbp.ccbr.utoronto.ca/TFreport.php?versionNumber=1.02&searchTF=T068463_1.02

MOTIF M0514_1.02 (KLLA0C17072g)_(Saccharomyces_cerevisiae)_(DBD_0.78)

letter-probability matrix: alength= 4 w= 9 nsites= 1 E= 0
  0.316777	  0.180946	  0.269939	  0.232339	
  0.350186	  0.106534	  0.283855	  0.259424	
  0.526900	  0.094350	  0.127359	  0.251391	
  0.276288	  0.142800	  0.125392	  0.455521	
  0.635588	  0.166426	  0.088637	  0.109350	
  0.159920	  0.092266	  0.629342	  0.118472	
  0.186191	  0.063230	  0.630665	  0.119914	
  0.306984	  0.046843	  0.564983	  0.081190	
  0.275201	  0.024966	  0.606377	  0.093457	

URL http://cisbp.ccbr.utoronto.ca/TFreport.php?versionNumber=1.02&searchTF=T068461_1.02

MOTIF M0516_1.02 (KLLA0C17710g)_(Saccharomyces_cerevisiae)_(DBD_0.90)

letter-probability matrix: alength= 4 w= 12 nsites= 1 E= 0
  0.661184	  0.003289	  0.003289	  0.332237	
  0.399701	  0.100299	  0.100299	  0.399701	
  0.319090	  0.085247	  0.042730	  0.552934	
  0.261531	  0.046279	  0.000154	  0.692036	
  0.986274	  0.013459	  0.000133	  0.000133	
  0.200027	  0.000133	  0.799707	  0.000133	
  0.040112	  0.000133	  0.959622	  0.000133	
  0.000133	  0.000133	  0.999600	  0.000133	
  0.014020	  0.000139	  0.985702	  0.000139	
  0.127362	  0.054688	  0.563408	  0.254542	
  0.250000	  0.143010	  0.392653	  0.214337	
  0.399402	  0.100598	  0.399402	  0.100598	

URL http://cisbp.ccbr.utoronto.ca/TFreport.php?versionNumber=1.02&searchTF=T068462_1.02

MOTIF M0518_1.02 (KLLA0E11023g)_(Saccharomyces_cerevisiae)_(DBD_0.85)

letter-probability matrix: alength= 4 w= 10 nsites= 1 E= 0
  0.324069	  0.194602	  0.223846	  0.257484	
  0.321670	  0.174779	  0.253034	  0.250517	
  0.219126	  0.223552	  0.192413	  0.364908	
  0.169345	  0.233210	  0.483929	  0.113515	
  0.109153	  0.456116	  0.034218	  0.400513	
  0.028905	  0.000271	  0.938235	  0.032590	
  0.027732	  0.029154	  0.927587	  0.015527	
  0.248758	  0.000277	  0.747309	  0.003656	
  0.127560	  0.001282	  0.779451	  0.091706	
  0.258253	  0.153536	  0.294105	  0.294105	

URL http://cisbp.ccbr.utoronto.ca/TFreport.php?versionNumber=1.02&searchTF=T068467_1.02

MOTIF M0523_1.02 (KLLA0B07909g)_(Saccharomyces_cerevisiae)_(DBD_0.87)

letter-probability matrix: alength= 4 w= 10 nsites= 1 E= 0
  0.308679	  0.221917	  0.245256	  0.224147	
  0.328203	  0.195124	  0.235953	  0.240720	
  0.306074	  0.174832	  0.263440	  0.255654	
  0.101564	  0.065411	  0.765622	  0.067403	
  0.237339	  0.343604	  0.035499	  0.383558	
  0.055556	  0.056114	  0.851828	  0.036503	
  0.091114	  0.069555	  0.838919	  0.000412	
  0.121043	  0.033993	  0.817411	  0.027554	
  0.129826	  0.051738	  0.754607	  0.063828	
  0.193503	  0.205469	  0.306523	  0.294504	

URL http://cisbp.ccbr.utoronto.ca/TFreport.php?versionNumber=1.02&searchTF=T068457_1.02

MOTIF M0527_1.02 (KLLA0F26961g)_(Saccharomyces_cerevisiae)_(DBD_0.83)

letter-probability matrix: alength= 4 w= 8 nsites= 1 E= 0
  0.205319	  0.300235	  0.149092	  0.345353	
  0.429618	  0.247868	  0.125574	  0.196940	
  0.573653	  0.124216	  0.268278	  0.033853	
  0.004834	  0.001778	  0.885013	  0.108375	
  0.005427	  0.000372	  0.993588	  0.000613	
  0.214906	  0.000734	  0.765250	  0.019110	
  0.193666	  0.021459	  0.682756	  0.102119	
  0.178921	  0.280603	  0.207876	  0.332600	

URL http://cisbp.ccbr.utoronto.ca/TFreport.php?versionNumber=1.02&searchTF=T068479_1.02

MOTIF M0532_1.02 (KLLA0B04477g)_(Saccharomyces_cerevisiae)_(DBD_0.85)

letter-probability matrix: alength= 4 w= 10 nsites= 1 E= 0
  0.284861	  0.187167	  0.314820	  0.213151	
  0.318640	  0.092209	  0.211465	  0.377685	
  0.087381	  0.040865	  0.796544	  0.075210	
  0.296222	  0.391941	  0.018562	  0.293275	
  0.030457	  0.005849	  0.894542	  0.069152	
  0.058272	  0.001641	  0.939281	  0.000807	
  0.137082	  0.001139	  0.829300	  0.032479	
  0.061219	  0.020999	  0.716552	  0.201231	
  0.246999	  0.198222	  0.246999	  0.307780	
  0.346702	  0.180994	  0.225533	  0.246772	

URL http://cisbp.ccbr.utoronto.ca/TFreport.php?versionNumber=1.02&searchTF=T068456_1.02

MOTIF M0535_1.02 (KLLA0E08713g)_(Saccharomyces_cerevisiae)_(DBD_0.82)

letter-probability matrix: alength= 4 w= 12 nsites= 1 E= 0
  0.226689	  0.226689	  0.319932	  0.226689	
  0.338195	  0.156882	  0.254798	  0.250124	
  0.052292	  0.052292	  0.843124	  0.052292	
  0.022104	  0.022104	  0.933688	  0.022104	
  0.000043	  0.899681	  0.100234	  0.000043	
  0.209039	  0.000043	  0.516730	  0.274188	
  0.000043	  0.725727	  0.000043	  0.274188	
  0.899681	  0.000043	  0.000043	  0.100234	
  0.023353	  0.023353	  0.829749	  0.123545	
  0.193352	  0.503917	  0.093161	  0.209570	
  0.197751	  0.406748	  0.197751	  0.197751	
  0.227939	  0.227939	  0.227939	  0.316184	

URL http://cisbp.ccbr.utoronto.ca/TFreport.php?versionNumber=1.02&searchTF=T068466_1.02

MOTIF M0536_1.02 (KLLA0F23782g)_(Saccharomyces_cerevisiae)_(DBD_0.78)

letter-probability matrix: alength= 4 w= 10 nsites= 1 E= 0
  0.314178	  0.172425	  0.304893	  0.208504	
  0.294373	  0.205377	  0.266360	  0.233889	
  0.338462	  0.182074	  0.243328	  0.236137	
  0.333526	  0.239780	  0.230378	  0.196315	
  0.277256	  0.191511	  0.248376	  0.282857	
  0.332636	  0.209987	  0.234404	  0.222972	
  0.362827	  0.110380	  0.370157	  0.156636	
  0.280685	  0.207936	  0.342829	  0.168550	
  0.467480	  0.171976	  0.168571	  0.191973	
  0.625209	  0.015304	  0.241794	  0.117694	

URL http://cisbp.ccbr.utoronto.ca/TFreport.php?versionNumber=1.02&searchTF=T068478_1.02

MOTIF M0539_1.02 (KLLA0C16005g)_(Saccharomyces_cerevisiae)_(DBD_0.76)

letter-probability matrix: alength= 4 w= 8 nsites= 1 E= 0
  0.170491	  0.295434	  0.022831	  0.511245	
  0.162423	  0.837406	  0.000085	  0.000085	
  0.984146	  0.015698	  0.000078	  0.000078	
  0.039128	  0.000078	  0.960715	  0.000078	
  0.000078	  0.000078	  0.999766	  0.000078	
  0.007888	  0.023508	  0.898235	  0.070369	
  0.190024	  0.070072	  0.719812	  0.020092	
  0.175716	  0.378309	  0.243247	  0.202728	

URL http://cisbp.ccbr.utoronto.ca/TFreport.php?versionNumber=1.02&searchTF=T068460_1.02

MOTIF M0736_1.02 (KLLA0C08778g)_(Mus_musculus)_(DBD_0.44)

letter-probability matrix: alength= 4 w= 8 nsites= 1 E= 0
  0.309467	  0.142959	  0.547336	  0.000238	
  0.295052	  0.000164	  0.000164	  0.704620	
  0.619510	  0.295749	  0.000141	  0.084600	
  0.888534	  0.069545	  0.000139	  0.041782	
  0.999584	  0.000139	  0.000139	  0.000139	
  0.000139	  0.957940	  0.000139	  0.041782	
  0.999572	  0.000143	  0.000143	  0.000143	
  0.660068	  0.132164	  0.056750	  0.151018	

URL http://cisbp.ccbr.utoronto.ca/TFreport.php?versionNumber=1.02&searchTF=T083498_1.02

MOTIF M0750_1.02 (KLLA0F04631g)_(Saccharomyces_cerevisiae)_(DBD_0.65)

letter-probability matrix: alength= 4 w= 10 nsites= 1 E= 0
  0.333384	  0.186661	  0.227988	  0.251966	
  0.243491	  0.236295	  0.191537	  0.328678	
  0.290403	  0.120454	  0.508400	  0.080743	
  0.144493	  0.108119	  0.080096	  0.667293	
  0.665365	  0.230520	  0.042535	  0.061580	
  0.737993	  0.130835	  0.027220	  0.103953	
  0.810160	  0.045026	  0.052312	  0.092502	
  0.087322	  0.613757	  0.079806	  0.219115	
  0.815710	  0.031002	  0.077794	  0.075494	
  0.402874	  0.192217	  0.160553	  0.244356	

URL http://cisbp.ccbr.utoronto.ca/TFreport.php?versionNumber=1.02&searchTF=T083499_1.02

MOTIF M0754_1.02 (KLLA0F08206g)_(Saccharomyces_cerevisiae)_(DBD_0.70)

letter-probability matrix: alength= 4 w= 9 nsites= 1 E= 0
  0.253538	  0.231716	  0.256086	  0.258660	
  0.197686	  0.243880	  0.444379	  0.114055	
  0.612621	  0.117654	  0.127453	  0.142273	
  0.088533	  0.823346	  0.000469	  0.087652	
  0.066044	  0.000091	  0.773038	  0.160827	
  0.048781	  0.950840	  0.000012	  0.000367	
  0.624070	  0.056614	  0.225036	  0.094279	
  0.386853	  0.239378	  0.199945	  0.173824	
  0.377692	  0.176634	  0.171414	  0.274261	

URL http://cisbp.ccbr.utoronto.ca/TFreport.php?versionNumber=1.02&searchTF=T083500_1.02

MOTIF M0796_1.02 (KLLA0A01342g)_(Saccharomyces_cerevisiae)_(DBD_0.89)

letter-probability matrix: alength= 4 w= 7 nsites= 1 E= 0
  0.382278	  0.266706	  0.047283	  0.303733	
  0.001667	  0.001555	  0.993421	  0.003357	
  0.998364	  0.000073	  0.000002	  0.001562	
  0.000247	  0.005764	  0.000045	  0.993944	
  0.736465	  0.026360	  0.008601	  0.228574	
  0.603633	  0.082514	  0.228827	  0.085027	
  0.169766	  0.288421	  0.370340	  0.171472	

URL http://cisbp.ccbr.utoronto.ca/TFreport.php?versionNumber=1.02&searchTF=T086211_1.02

MOTIF M0798_1.02 (KLLA0F21296g)_(Saccharomyces_cerevisiae)_(DBD_0.74)

letter-probability matrix: alength= 4 w= 8 nsites= 1 E= 0
  0.247804	  0.271140	  0.235718	  0.245338	
  0.261670	  0.297997	  0.154020	  0.286313	
  0.052780	  0.029849	  0.876675	  0.040696	
  0.926075	  0.021998	  0.011034	  0.040893	
  0.058687	  0.022697	  0.027722	  0.890894	
  0.705984	  0.042504	  0.014148	  0.237364	
  0.466491	  0.155281	  0.201389	  0.176839	
  0.199833	  0.275195	  0.367778	  0.157194	

URL http://cisbp.ccbr.utoronto.ca/TFreport.php?versionNumber=1.02&searchTF=T086215_1.02

MOTIF M0801_1.02 (KLLA0F25300g)_(Saccharomyces_cerevisiae)_(DBD_0.74)

letter-probability matrix: alength= 4 w= 8 nsites= 1 E= 0
  0.270248	  0.432235	  0.000270	  0.297246	
  0.000196	  0.000196	  0.999412	  0.000196	
  0.999424	  0.000192	  0.000192	  0.000192	
  0.000192	  0.000192	  0.000192	  0.999424	
  0.980208	  0.000192	  0.019408	  0.000192	
  0.940635	  0.000196	  0.000196	  0.058973	
  0.022934	  0.113760	  0.840372	  0.022934	
  0.344697	  0.241391	  0.241391	  0.172521	

URL http://cisbp.ccbr.utoronto.ca/TFreport.php?versionNumber=1.02&searchTF=T086216_1.02

MOTIF M1141_1.02 (KLLA0B10450g)_(Saccharomyces_cerevisiae)_(DBD_0.71)

letter-probability matrix: alength= 4 w= 10 nsites= 1 E= 0
  0.387637	  0.087363	  0.170727	  0.354273	
  0.488651	  0.052021	  0.047071	  0.412258	
  0.180890	  0.062670	  0.131353	  0.625086	
  0.195932	  0.145150	  0.637637	  0.021280	
  0.066209	  0.183611	  0.020345	  0.729835	
  0.006063	  0.011730	  0.945896	  0.036311	
  0.142484	  0.145362	  0.034098	  0.678056	
  0.000623	  0.989175	  0.001205	  0.008997	
  0.626682	  0.105683	  0.119157	  0.148478	
  0.302874	  0.195062	  0.143067	  0.358997	

URL http://cisbp.ccbr.utoronto.ca/TFreport.php?versionNumber=1.02&searchTF=T103124_1.02

MOTIF M1218_1.02 KLLA0D10043g

letter-probability matrix: alength= 4 w= 10 nsites= 1 E= 0
  0.231822	  0.269534	  0.267283	  0.231361	
  0.200699	  0.319573	  0.182522	  0.297206	
  0.339925	  0.217030	  0.204019	  0.239025	
  0.449614	  0.196016	  0.137032	  0.217338	
  0.233803	  0.072202	  0.130307	  0.563688	
  0.563688	  0.130307	  0.072202	  0.233803	
  0.217338	  0.137032	  0.196016	  0.449614	
  0.239025	  0.204019	  0.217030	  0.339925	
  0.297206	  0.182522	  0.319573	  0.200699	
  0.231361	  0.267283	  0.269534	  0.231822	

URL http://cisbp.ccbr.utoronto.ca/TFreport.php?versionNumber=1.02&searchTF=T103128_1.02

MOTIF M1252_1.02 (KLLA0D03322g)_(Saccharomyces_cerevisiae)_(DBD_0.71)

letter-probability matrix: alength= 4 w= 9 nsites= 1 E= 0
  0.320154	  0.181055	  0.206191	  0.292599	
  0.231700	  0.238756	  0.197442	  0.332102	
  0.223589	  0.242212	  0.287095	  0.247105	
  0.161512	  0.025143	  0.029212	  0.784133	
  0.138264	  0.051376	  0.075881	  0.734480	
  0.092315	  0.709959	  0.122145	  0.075581	
  0.148989	  0.381409	  0.144586	  0.325016	
  0.473500	  0.149928	  0.202381	  0.174191	
  0.182247	  0.285820	  0.153755	  0.378177	

URL http://cisbp.ccbr.utoronto.ca/TFreport.php?versionNumber=1.02&searchTF=T107190_1.02

MOTIF M1298_1.02 (KLLA0F26807g)_(Mus_musculus)_(DBD_0.78)

letter-probability matrix: alength= 4 w= 10 nsites= 1 E= 0
  0.212984	  0.416099	  0.142972	  0.227946	
  0.201998	  0.401559	  0.182516	  0.213926	
  0.432247	  0.083239	  0.179282	  0.305232	
  0.394149	  0.098816	  0.146383	  0.360652	
  0.532912	  0.075998	  0.118189	  0.272901	
  0.272901	  0.118189	  0.075998	  0.532912	
  0.360652	  0.146383	  0.098816	  0.394149	
  0.305232	  0.179282	  0.083239	  0.432247	
  0.213926	  0.182516	  0.401559	  0.201998	
  0.227946	  0.142972	  0.416099	  0.212984	

URL http://cisbp.ccbr.utoronto.ca/TFreport.php?versionNumber=1.02&searchTF=T112919_1.02

MOTIF M1299_1.02 (KLLA0E24025g)_(Saccharomyces_cerevisiae)_(DBD_0.86)

letter-probability matrix: alength= 4 w= 8 nsites= 1 E= 0
  0.009615	  0.009615	  0.009615	  0.971154	
  0.009615	  0.009615	  0.009615	  0.971154	
  0.971154	  0.009615	  0.009615	  0.009615	
  0.971154	  0.009615	  0.009615	  0.009615	
  0.009615	  0.009615	  0.009615	  0.971154	
  0.971154	  0.009615	  0.009615	  0.009615	
  0.971154	  0.009615	  0.009615	  0.009615	
  0.971154	  0.009615	  0.009615	  0.009615	

URL http://cisbp.ccbr.utoronto.ca/TFreport.php?versionNumber=1.02&searchTF=T112918_1.02

MOTIF M1532_1.02 (KLLA0D04862g)_(Ornithorhynchus_anatinus)_(DBD_0.36)

letter-probability matrix: alength= 4 w= 10 nsites= 1 E= 0
  0.117536	  0.560076	  0.178736	  0.143652	
  0.264816	  0.270774	  0.179293	  0.285116	
  0.111303	  0.123490	  0.076866	  0.688341	
  0.476037	  0.078685	  0.420837	  0.024442	
  0.282841	  0.090128	  0.564835	  0.062196	
  0.121376	  0.601373	  0.019911	  0.257340	
  0.638065	  0.022936	  0.169097	  0.169902	
  0.891795	  0.052241	  0.030023	  0.025941	
  0.000581	  0.936829	  0.000004	  0.062586	
  0.218700	  0.311417	  0.325202	  0.144681	

URL http://cisbp.ccbr.utoronto.ca/TFreport.php?versionNumber=1.02&searchTF=T139174_1.02

MOTIF M1641_1.02 (KLLA0E10099g)_(Mus_musculus)_(DBD_0.80)

letter-probability matrix: alength= 4 w= 7 nsites= 1 E= 0
  0.486500	  0.104296	  0.119969	  0.289234	
  0.014489	  0.191210	  0.078521	  0.715780	
  0.639678	  0.069475	  0.000533	  0.290314	
  0.371463	  0.095340	  0.000769	  0.532428	
  0.515031	  0.123251	  0.123251	  0.238466	
  0.400342	  0.112429	  0.110202	  0.377028	
  0.323600	  0.170632	  0.188577	  0.317192	

URL http://cisbp.ccbr.utoronto.ca/TFreport.php?versionNumber=1.02&searchTF=T150957_1.02

MOTIF M1750_1.02 (KLLA0D01452g)_(Neurospora_crassa)_(DBD_0.85)

letter-probability matrix: alength= 4 w= 10 nsites= 1 E= 0
  0.211830	  0.238838	  0.236462	  0.312870	
  0.286261	  0.212067	  0.178914	  0.322758	
  0.197780	  0.280664	  0.246450	  0.275106	
  0.297925	  0.189965	  0.214185	  0.297925	
  0.120806	  0.215764	  0.224569	  0.438861	
  0.030024	  0.945762	  0.016810	  0.007404	
  0.000282	  0.848941	  0.150504	  0.000274	
  0.030870	  0.024042	  0.934286	  0.010803	
  0.295063	  0.136618	  0.360391	  0.207928	
  0.350231	  0.184674	  0.256876	  0.208219	

URL http://cisbp.ccbr.utoronto.ca/TFreport.php?versionNumber=1.02&searchTF=T165985_1.02

MOTIF M1813_1.02 (KLLA0D10593g)_(Saccharomyces_cerevisiae)_(DBD_0.79)

letter-probability matrix: alength= 4 w= 9 nsites= 1 E= 0
  0.296230	  0.194637	  0.221658	  0.287475	
  0.350496	  0.157488	  0.181154	  0.310862	
  0.164924	  0.322300	  0.218216	  0.294560	
  0.158784	  0.223083	  0.322965	  0.295168	
  0.000723	  0.858877	  0.098065	  0.042335	
  0.010072	  0.943664	  0.046052	  0.000212	
  0.000616	  0.028667	  0.867612	  0.103105	
  0.168308	  0.152292	  0.485800	  0.193600	
  0.250892	  0.164848	  0.127106	  0.457155	

URL http://cisbp.ccbr.utoronto.ca/TFreport.php?versionNumber=1.02&searchTF=T165991_1.02

MOTIF M1890_1.02 (KLLA0A00891g)_(Homo_sapiens)_(DBD_0.72)

letter-probability matrix: alength= 4 w= 18 nsites= 1 E= 0
  0.536953	  0.172787	  0.112112	  0.178148	
  0.135379	  0.112568	  0.522354	  0.229699	
  0.404653	  0.257299	  0.247263	  0.090785	
  0.137203	  0.339074	  0.453695	  0.070027	
  0.208257	  0.267336	  0.035698	  0.488709	
  0.021898	  0.095119	  0.546077	  0.336907	
  0.027030	  0.842153	  0.054859	  0.075958	
  0.001825	  0.113253	  0.027600	  0.857322	
  0.025319	  0.116104	  0.819001	  0.039576	
  0.975707	  0.000228	  0.017108	  0.006957	
  0.000570	  0.005931	  0.000912	  0.992587	
  0.001141	  0.000570	  0.000570	  0.997719	
  0.003307	  0.001141	  0.994526	  0.001026	
  0.001369	  0.007984	  0.990306	  0.000342	
  0.042997	  0.305315	  0.001711	  0.649977	
  0.052464	  0.449703	  0.213618	  0.284215	
  0.175297	  0.476277	  0.253992	  0.094434	
  0.485972	  0.129562	  0.308736	  0.075730	

URL http://cisbp.ccbr.utoronto.ca/TFreport.php?versionNumber=1.02&searchTF=T070759_1.02

MOTIF M2080_1.02 (KLLA0F04609g)_(Saccharomyces_cerevisiae)_(DBD_0.87)

letter-probability matrix: alength= 4 w= 6 nsites= 1 E= 0
  0.470000	  0.000000	  0.000000	  0.530000	
  0.000000	  0.161616	  0.111111	  0.727273	
  0.000000	  1.000000	  0.000000	  0.000000	
  0.000000	  1.000000	  0.000000	  0.000000	
  0.000000	  0.000000	  1.000000	  0.000000	
  0.240000	  0.000000	  0.760000	  0.000000	

URL http://cisbp.ccbr.utoronto.ca/TFreport.php?versionNumber=1.02&searchTF=T166007_1.02

MOTIF M4195_1.02 (KLLA0A03443g)_(Saccharomyces_cerevisiae)_(DBD_0.77)

letter-probability matrix: alength= 4 w= 24 nsites= 1 E= 0
  0.241758	  0.202797	  0.188811	  0.366633	
  0.017017	  0.729730	  0.202202	  0.051051	
  0.123000	  0.262000	  0.518000	  0.097000	
  0.055000	  0.329000	  0.500000	  0.116000	
  0.179000	  0.424000	  0.206000	  0.191000	
  0.142000	  0.253000	  0.402000	  0.203000	
  0.199000	  0.462000	  0.138000	  0.201000	
  0.218000	  0.350000	  0.240000	  0.192000	
  0.180000	  0.230000	  0.233000	  0.357000	
  0.116000	  0.179000	  0.160000	  0.545000	
  0.130000	  0.511000	  0.183000	  0.176000	
  0.131000	  0.219000	  0.108000	  0.542000	
  0.082000	  0.474000	  0.192000	  0.252000	
  0.150000	  0.202000	  0.397000	  0.251000	
  0.119119	  0.436436	  0.133133	  0.311311	
  0.158841	  0.369630	  0.356643	  0.114885	
  0.275275	  0.289289	  0.224224	  0.211211	
  0.223000	  0.178000	  0.390000	  0.209000	
  0.097097	  0.404404	  0.345345	  0.153153	
  0.360360	  0.178178	  0.203203	  0.258258	
  0.057000	  0.699000	  0.210000	  0.034000	
  0.066066	  0.778779	  0.060060	  0.095095	
  0.065000	  0.081000	  0.813000	  0.041000	
  0.402000	  0.286000	  0.156000	  0.156000	

URL http://cisbp.ccbr.utoronto.ca/TFreport.php?versionNumber=1.02&searchTF=T165966_1.02

MOTIF M4228_1.02 (KLLA0F04213g)_(Saccharomyces_cerevisiae)_(DBD_0.85)

letter-probability matrix: alength= 4 w= 15 nsites= 1 E= 0
  0.600000	  0.000000	  0.000000	  0.400000	
  0.600000	  0.000000	  0.000000	  0.400000	
  0.000000	  0.000000	  0.000000	  1.000000	
  0.100000	  0.000000	  0.100000	  0.800000	
  0.000000	  1.000000	  0.000000	  0.000000	
  0.000000	  1.000000	  0.000000	  0.000000	
  0.400000	  0.100000	  0.500000	  0.000000	
  0.200000	  0.300000	  0.400000	  0.100000	
  0.100000	  0.600000	  0.000000	  0.300000	
  0.000000	  0.000000	  1.000000	  0.000000	
  0.000000	  0.000000	  1.000000	  0.000000	
  0.600000	  0.100000	  0.200000	  0.100000	
  0.900000	  0.000000	  0.000000	  0.100000	
  0.300000	  0.000000	  0.100000	  0.600000	
  0.200000	  0.200000	  0.000000	  0.600000	

URL http://cisbp.ccbr.utoronto.ca/TFreport.php?versionNumber=1.02&searchTF=T166006_1.02

MOTIF M4308_1.02 (KLLA0C08151g)_(Saccharomyces_cerevisiae)_(DBD_0.73)

letter-probability matrix: alength= 4 w= 16 nsites= 1 E= 0
  1.000000	  0.000000	  0.000000	  0.000000	
  1.000000	  0.000000	  0.000000	  0.000000	
  0.000000	  0.000000	  0.000000	  1.000000	
  0.000000	  1.000000	  0.000000	  0.000000	
  1.000000	  0.000000	  0.000000	  0.000000	
  0.250000	  0.250000	  0.250000	  0.250000	
  0.250000	  0.250000	  0.250000	  0.250000	
  0.250000	  0.250000	  0.250000	  0.250000	
  0.250000	  0.250000	  0.250000	  0.250000	
  0.250000	  0.250000	  0.250000	  0.250000	
  0.250000	  0.250000	  0.250000	  0.250000	
  0.250000	  0.250000	  0.250000	  0.250000	
  0.250000	  0.250000	  0.250000	  0.250000	
  0.000000	  0.000000	  0.000000	  1.000000	
  0.000000	  0.000000	  1.000000	  0.000000	
  1.000000	  0.000000	  0.000000	  0.000000	

URL http://cisbp.ccbr.utoronto.ca/TFreport.php?versionNumber=1.02&searchTF=T153824_1.02

MOTIF M4317_1.02 (KLLA0F14322g)_(Saccharomyces_cerevisiae)_(DBD_0.78)

letter-probability matrix: alength= 4 w= 13 nsites= 1 E= 0
  0.055000	  0.280000	  0.081000	  0.584000	
  0.005000	  0.931000	  0.043000	  0.021000	
  0.043000	  0.697000	  0.205000	  0.055000	
  0.596404	  0.037962	  0.282717	  0.082917	
  0.089910	  0.068931	  0.188811	  0.652348	
  0.123000	  0.135000	  0.159000	  0.583000	
  0.412000	  0.269000	  0.182000	  0.137000	
  0.507000	  0.073000	  0.358000	  0.062000	
  0.157000	  0.170000	  0.417000	  0.256000	
  0.012000	  0.946000	  0.017000	  0.025000	
  0.020979	  0.913087	  0.033966	  0.031968	
  0.012000	  0.030000	  0.945000	  0.013000	
  0.377000	  0.140000	  0.329000	  0.154000	

URL http://cisbp.ccbr.utoronto.ca/TFreport.php?versionNumber=1.02&searchTF=T166013_1.02

MOTIF M4319_1.02 (KLLA0F13904g)_(Saccharomyces_cerevisiae)_(DBD_0.76)

letter-probability matrix: alength= 4 w= 21 nsites= 1 E= 0
  0.322548	  0.207571	  0.190454	  0.279426	
  0.160074	  0.172216	  0.229316	  0.438395	
  0.219382	  0.289418	  0.168908	  0.322291	
  0.461381	  0.124628	  0.184273	  0.229718	
  0.349612	  0.201072	  0.233241	  0.216074	
  0.342502	  0.144311	  0.281900	  0.231287	
  0.566078	  0.022501	  0.017576	  0.393844	
  0.849427	  0.009370	  0.020674	  0.120529	
  0.400368	  0.164609	  0.182670	  0.252352	
  0.003731	  0.916518	  0.010544	  0.069207	
  0.004779	  0.177764	  0.038898	  0.778560	
  0.003126	  0.985672	  0.001336	  0.009866	
  0.000987	  0.972506	  0.025512	  0.000994	
  0.000802	  0.030741	  0.967169	  0.001288	
  0.136500	  0.004161	  0.849357	  0.009982	
  0.708847	  0.060727	  0.197735	  0.032691	
  0.289826	  0.183904	  0.438604	  0.087666	
  0.164184	  0.172297	  0.205085	  0.458434	
  0.373681	  0.101036	  0.232782	  0.292501	
  0.225637	  0.168325	  0.299085	  0.306953	
  0.322790	  0.212682	  0.195581	  0.268947	

URL http://cisbp.ccbr.utoronto.ca/TFreport.php?versionNumber=1.02&searchTF=T166012_1.02

MOTIF M4346_1.02 (KLLA0F22990g)_(Saccharomyces_cerevisiae)_(DBD_0.90)

letter-probability matrix: alength= 4 w= 11 nsites= 1 E= 0
  0.035964	  0.615385	  0.328671	  0.019980	
  0.008000	  0.960000	  0.007000	  0.025000	
  0.007000	  0.004000	  0.973000	  0.016000	
  0.499000	  0.103000	  0.172000	  0.226000	
  0.107107	  0.009009	  0.012012	  0.871872	
  0.832000	  0.040000	  0.062000	  0.066000	
  0.292000	  0.012000	  0.033000	  0.663000	
  0.111000	  0.242000	  0.064000	  0.583000	
  0.091908	  0.075924	  0.252747	  0.579421	
  0.007000	  0.948000	  0.021000	  0.024000	
  0.017000	  0.955000	  0.019000	  0.009000	

URL http://cisbp.ccbr.utoronto.ca/TFreport.php?versionNumber=1.02&searchTF=T166018_1.02

MOTIF M4359_1.02 (KLLA0D10197g)_(Saccharomyces_cerevisiae)_(DBD_0.78)

letter-probability matrix: alength= 4 w= 9 nsites= 1 E= 0
  0.172172	  0.679680	  0.129129	  0.019019	
  0.126873	  0.689311	  0.120879	  0.062937	
  0.055000	  0.153000	  0.754000	  0.038000	
  0.571000	  0.314000	  0.034000	  0.081000	
  0.075000	  0.149000	  0.167000	  0.609000	
  0.648000	  0.023000	  0.270000	  0.059000	
  0.039000	  0.761000	  0.175000	  0.025000	
  0.022000	  0.870000	  0.095000	  0.013000	
  0.015000	  0.034000	  0.856000	  0.095000	

URL http://cisbp.ccbr.utoronto.ca/TFreport.php?versionNumber=1.02&searchTF=T165990_1.02

MOTIF M4363_1.02 (KLLA0E07767g)_(Saccharomyces_cerevisiae)_(DBD_0.82)

letter-probability matrix: alength= 4 w= 8 nsites= 1 E= 0
  0.066010	  0.379270	  0.000000	  0.554719	
  0.000000	  0.000000	  1.000000	  0.000000	
  1.000000	  0.000000	  0.000000	  0.000000	
  0.000000	  0.000000	  1.000000	  0.000000	
  0.000000	  0.932362	  0.000000	  0.067638	
  1.000000	  0.000000	  0.000000	  0.000000	
  0.824901	  0.124503	  0.000000	  0.050597	
  0.937967	  0.000000	  0.000000	  0.062033	

URL http://cisbp.ccbr.utoronto.ca/TFreport.php?versionNumber=1.02&searchTF=T071991_1.02

MOTIF M4368_1.02 (KLLA0E18547g)_(Saccharomyces_cerevisiae)_(DBD_0.79)

letter-probability matrix: alength= 4 w= 6 nsites= 1 E= 0
  0.329357	  0.329357	  0.011930	  0.329357	
  0.964289	  0.011904	  0.011904	  0.011904	
  0.011904	  0.011904	  0.964289	  0.011904	
  0.011904	  0.011904	  0.964289	  0.011904	
  0.011909	  0.488091	  0.011909	  0.488091	
  0.964289	  0.011904	  0.011904	  0.011904	

URL http://cisbp.ccbr.utoronto.ca/TFreport.php?versionNumber=1.02&searchTF=T068469_1.02

MOTIF M4378_1.02 (KLLA0D08030g)_(Saccharomyces_cerevisiae)_(DBD_0.61)

letter-probability matrix: alength= 4 w= 8 nsites= 1 E= 0
  0.608837	  0.055475	  0.209127	  0.126560	
  0.550979	  0.093494	  0.220766	  0.134761	
  0.065601	  0.052550	  0.031814	  0.850034	
  0.021085	  0.064965	  0.658255	  0.255695	
  0.873141	  0.017828	  0.063305	  0.045726	
  0.000863	  0.862996	  0.012969	  0.123172	
  0.073458	  0.060235	  0.865441	  0.000865	
  0.038916	  0.186428	  0.047516	  0.727140	

URL http://cisbp.ccbr.utoronto.ca/TFreport.php?versionNumber=1.02&searchTF=T031016_1.02

MOTIF M4404_1.02 (KLLA0E23431g)_(Saccharomyces_cerevisiae)_(DBD_0.70)

letter-probability matrix: alength= 4 w= 7 nsites= 1 E= 0
  0.213048	  0.131122	  0.541105	  0.114725	
  0.000000	  1.000000	  0.000000	  0.000000	
  0.081990	  0.000000	  0.016394	  0.901616	
  0.000000	  0.000000	  0.000000	  1.000000	
  0.000000	  0.934419	  0.000000	  0.065581	
  0.000000	  0.967218	  0.016389	  0.016393	
  0.376968	  0.196724	  0.032786	  0.393521	

URL http://cisbp.ccbr.utoronto.ca/TFreport.php?versionNumber=1.02&searchTF=T087073_1.02

MOTIF M4414_1.02 (KLLA0A03047g)_(Saccharomyces_cerevisiae)_(DBD_0.95)

letter-probability matrix: alength= 4 w= 6 nsites= 1 E= 0
  0.000000	  0.500000	  0.500000	  0.000000	
  0.500000	  0.500000	  0.000000	  0.000000	
  0.000000	  0.000000	  1.000000	  0.000000	
  0.000000	  0.000000	  1.000000	  0.000000	
  0.000000	  0.500000	  0.500000	  0.000000	
  0.000000	  0.000000	  1.000000	  0.000000	

URL http://cisbp.ccbr.utoronto.ca/TFreport.php?versionNumber=1.02&searchTF=T071990_1.02

