MEME version 4

ALPHABET= ACGT

strands: + -

Background letter frequencies (from uniform background):
A 0.25000 C 0.25000 G 0.25000 T 0.25000 

MOTIF M0104_1.02 (Minc13730)_(Mus_musculus)_(DBD_0.71)

letter-probability matrix: alength= 4 w= 11 nsites= 1 E= 0
  0.467943	  0.177352	  0.177352	  0.177352	
  0.273411	  0.080067	  0.080067	  0.566454	
  0.609177	  0.119174	  0.033749	  0.237901	
  0.104443	  0.000141	  0.000141	  0.895276	
  0.000141	  0.000141	  0.000141	  0.999578	
  0.999578	  0.000141	  0.000141	  0.000141	
  0.910941	  0.000141	  0.000141	  0.088778	
  0.088778	  0.000141	  0.000141	  0.910941	
  0.261793	  0.167866	  0.072788	  0.497552	
  0.489780	  0.170073	  0.170073	  0.170073	
  0.350824	  0.216392	  0.216392	  0.216392	

URL http://cisbp.ccbr.utoronto.ca/TFreport.php?versionNumber=1.02&searchTF=T008312_1.02

MOTIF M0133_1.02 (Minc01688)_(Mus_musculus)_(DBD_0.54)

letter-probability matrix: alength= 4 w= 12 nsites= 1 E= 0
  0.319241	  0.226920	  0.226920	  0.226920	
  0.295675	  0.203353	  0.297619	  0.203353	
  0.447891	  0.153263	  0.153263	  0.245584	
  0.759501	  0.080166	  0.080166	  0.080166	
  0.234882	  0.000164	  0.000164	  0.764790	
  0.819787	  0.000164	  0.000164	  0.179884	
  0.096133	  0.000164	  0.099450	  0.804253	
  0.407905	  0.000164	  0.000164	  0.591766	
  0.836001	  0.117510	  0.023245	  0.023245	
  0.859567	  0.046811	  0.046811	  0.046811	
  0.096902	  0.096902	  0.096902	  0.709295	
  0.169998	  0.169998	  0.169998	  0.490007	

URL http://cisbp.ccbr.utoronto.ca/TFreport.php?versionNumber=1.02&searchTF=T008911_1.02

MOTIF M0168_1.02 (Minc05405)_(Caenorhabditis_elegans)_(DBD_0.65)

letter-probability matrix: alength= 4 w= 8 nsites= 1 E= 0
  0.000000	  0.000000	  1.000000	  0.000000	
  1.000000	  0.000000	  0.000000	  0.000000	
  0.000000	  1.000000	  0.000000	  0.000000	
  1.000000	  0.000000	  0.000000	  0.000000	
  0.000000	  0.000000	  1.000000	  0.000000	
  0.000000	  1.000000	  0.000000	  0.000000	
  0.000000	  0.000000	  0.000000	  1.000000	
  0.000000	  0.000000	  1.000000	  0.000000	

URL http://cisbp.ccbr.utoronto.ca/TFreport.php?versionNumber=1.02&searchTF=T021409_1.02

MOTIF M0176_1.02 (Minc15230)_(Mus_musculus)_(DBD_0.63)

letter-probability matrix: alength= 4 w= 9 nsites= 1 E= 0
  0.273464	  0.424609	  0.181484	  0.120442	
  0.097576	  0.829341	  0.039277	  0.033806	
  0.662486	  0.056036	  0.199537	  0.081941	
  0.043290	  0.208081	  0.467748	  0.280880	
  0.299713	  0.470043	  0.215471	  0.014773	
  0.004397	  0.072302	  0.015656	  0.907645	
  0.000715	  0.000171	  0.997439	  0.001674	
  0.378736	  0.082010	  0.275019	  0.264235	
  0.118253	  0.228795	  0.178185	  0.474767	

URL http://cisbp.ccbr.utoronto.ca/TFreport.php?versionNumber=1.02&searchTF=T021424_1.02

MOTIF M0208_1.02 (Minc08733)_(Mus_musculus)_(DBD_0.70)

letter-probability matrix: alength= 4 w= 10 nsites= 1 E= 0
  0.274271	  0.193275	  0.312347	  0.220107	
  0.397562	  0.081073	  0.461902	  0.059463	
  0.077449	  0.094597	  0.100446	  0.727507	
  0.006596	  0.988797	  0.002736	  0.001871	
  0.881512	  0.052021	  0.015985	  0.050483	
  0.008133	  0.724836	  0.073402	  0.193629	
  0.156385	  0.032862	  0.798170	  0.012583	
  0.238338	  0.191271	  0.109256	  0.461135	
  0.027780	  0.028341	  0.883880	  0.059999	
  0.245119	  0.215238	  0.340953	  0.198690	

URL http://cisbp.ccbr.utoronto.ca/TFreport.php?versionNumber=1.02&searchTF=T021415_1.02

MOTIF M0213_1.02 (Minc13369)_(Mus_musculus)_(DBD_0.64)

letter-probability matrix: alength= 4 w= 11 nsites= 1 E= 0
  0.201784	  0.295980	  0.300452	  0.201784	
  0.274925	  0.079923	  0.079923	  0.565228	
  0.731885	  0.120705	  0.024371	  0.123039	
  0.189822	  0.517890	  0.000302	  0.291985	
  0.195173	  0.614669	  0.000302	  0.189856	
  0.809704	  0.000302	  0.000302	  0.189691	
  0.000302	  0.194479	  0.093488	  0.711731	
  0.905907	  0.000302	  0.000302	  0.093488	
  0.243671	  0.144721	  0.237061	  0.374546	
  0.170379	  0.170379	  0.392660	  0.266582	
  0.225931	  0.225931	  0.322206	  0.225931	

URL http://cisbp.ccbr.utoronto.ca/TFreport.php?versionNumber=1.02&searchTF=T021420_1.02

MOTIF M0220_1.02 (Minc05207)_(Mus_musculus)_(DBD_0.65)

letter-probability matrix: alength= 4 w= 10 nsites= 1 E= 0
  0.250929	  0.229332	  0.261169	  0.258571	
  0.245912	  0.124583	  0.558342	  0.071163	
  0.061688	  0.043908	  0.142892	  0.751513	
  0.002732	  0.997148	  0.000037	  0.000083	
  0.953025	  0.016113	  0.010172	  0.020690	
  0.001939	  0.965026	  0.009414	  0.023621	
  0.048059	  0.002671	  0.946167	  0.003103	
  0.054023	  0.057940	  0.051388	  0.836649	
  0.009432	  0.004113	  0.938317	  0.048139	
  0.255140	  0.330899	  0.145739	  0.268222	

URL http://cisbp.ccbr.utoronto.ca/TFreport.php?versionNumber=1.02&searchTF=T021408_1.02

MOTIF M0224_1.02 (Minc02644)_(Mus_musculus)_(DBD_0.61)

letter-probability matrix: alength= 4 w= 10 nsites= 1 E= 0
  0.294121	  0.202526	  0.300826	  0.202526	
  0.303479	  0.500296	  0.098113	  0.098113	
  0.000011	  0.999968	  0.000011	  0.000011	
  0.999968	  0.000011	  0.000011	  0.000011	
  0.000011	  0.000011	  0.087923	  0.912055	
  0.912055	  0.087923	  0.000011	  0.000011	
  0.000011	  0.000011	  0.000011	  0.999968	
  0.000011	  0.000011	  0.999968	  0.000011	
  0.047484	  0.118649	  0.168178	  0.665688	
  0.151898	  0.243456	  0.221525	  0.383121	

URL http://cisbp.ccbr.utoronto.ca/TFreport.php?versionNumber=1.02&searchTF=T021403_1.02

MOTIF M0276_1.02 (Minc04806)_(Caenorhabditis_elegans)_(DBD_0.61)

letter-probability matrix: alength= 4 w= 10 nsites= 1 E= 0
  0.175570	  0.261504	  0.175570	  0.387356	
  0.095404	  0.095404	  0.639645	  0.169546	
  0.160935	  0.838902	  0.000082	  0.000082	
  0.000082	  0.999755	  0.000082	  0.000082	
  0.999755	  0.000082	  0.000082	  0.000082	
  0.000082	  0.999755	  0.000082	  0.000082	
  0.000082	  0.000082	  0.999755	  0.000082	
  0.000082	  0.000082	  0.000082	  0.999755	
  0.165231	  0.153373	  0.606884	  0.074512	
  0.233539	  0.154677	  0.277113	  0.334671	

URL http://cisbp.ccbr.utoronto.ca/TFreport.php?versionNumber=1.02&searchTF=T031202_1.02

MOTIF M0297_1.02 (Minc09689)_(Mus_musculus)_(DBD_0.81)

letter-probability matrix: alength= 4 w= 9 nsites= 1 E= 0
  0.357458	  0.170548	  0.361051	  0.110943	
  0.016538	  0.109473	  0.065084	  0.808904	
  0.001209	  0.089107	  0.665032	  0.244652	
  0.783865	  0.024149	  0.128283	  0.063703	
  0.032696	  0.834861	  0.002478	  0.129965	
  0.112813	  0.046793	  0.777229	  0.063164	
  0.152103	  0.245811	  0.086883	  0.515203	
  0.338131	  0.263337	  0.228934	  0.169598	
  0.290142	  0.192553	  0.254773	  0.262532	

URL http://cisbp.ccbr.utoronto.ca/TFreport.php?versionNumber=1.02&searchTF=T031211_1.02

MOTIF M0319_1.02 (Minc04206)_(Mus_musculus)_(DBD_0.66)

letter-probability matrix: alength= 4 w= 10 nsites= 1 E= 0
  0.183122	  0.183122	  0.270541	  0.363215	
  0.645397	  0.087274	  0.180054	  0.087274	
  0.000184	  0.000184	  0.000184	  0.999448	
  0.000184	  0.000184	  0.724689	  0.274944	
  0.999448	  0.000184	  0.000184	  0.000184	
  0.000184	  0.999448	  0.000184	  0.000184	
  0.000184	  0.000184	  0.999448	  0.000184	
  0.000184	  0.000184	  0.000184	  0.999448	
  0.547966	  0.317911	  0.067062	  0.067062	
  0.511272	  0.162909	  0.162909	  0.162909	

URL http://cisbp.ccbr.utoronto.ca/TFreport.php?versionNumber=1.02&searchTF=T031199_1.02

MOTIF M0323_1.02 (Minc09793)_(Caenorhabditis_elegans)_(DBD_0.63)

letter-probability matrix: alength= 4 w= 13 nsites= 1 E= 0
  0.230644	  0.230644	  0.230644	  0.308069	
  0.230644	  0.230644	  0.308069	  0.230644	
  0.195361	  0.042431	  0.042431	  0.719777	
  0.105121	  0.022865	  0.128036	  0.743978	
  0.853680	  0.022865	  0.100590	  0.022865	
  0.000176	  0.673192	  0.000176	  0.326456	
  0.236202	  0.000176	  0.687605	  0.076018	
  0.076018	  0.420964	  0.077601	  0.425417	
  0.790056	  0.095374	  0.019532	  0.095037	
  0.780883	  0.097796	  0.019532	  0.101789	
  0.376765	  0.207745	  0.207745	  0.207745	
  0.227311	  0.227311	  0.227311	  0.318067	
  0.318067	  0.227311	  0.227311	  0.227311	

URL http://cisbp.ccbr.utoronto.ca/TFreport.php?versionNumber=1.02&searchTF=T031212_1.02

MOTIF M0379_1.02 (Minc12888)_(Caenorhabditis_elegans)_(DBD_0.77)

letter-probability matrix: alength= 4 w= 10 nsites= 1 E= 0
  0.247865	  0.181796	  0.279467	  0.290872	
  0.091444	  0.152280	  0.180498	  0.575778	
  0.026116	  0.000305	  0.965392	  0.008187	
  0.985734	  0.001382	  0.002468	  0.010416	
  0.011232	  0.014714	  0.971445	  0.002609	
  0.019671	  0.000076	  0.756818	  0.223435	
  0.231469	  0.134888	  0.255813	  0.377830	
  0.454899	  0.172444	  0.099492	  0.273165	
  0.304260	  0.264511	  0.223158	  0.208071	
  0.353339	  0.190077	  0.246516	  0.210067	

URL http://cisbp.ccbr.utoronto.ca/TFreport.php?versionNumber=1.02&searchTF=T068690_1.02

MOTIF M0380_1.02 (Minc09873)_(Caenorhabditis_elegans)_(DBD_0.83)

letter-probability matrix: alength= 4 w= 9 nsites= 1 E= 0
  0.282456	  0.222188	  0.226676	  0.268680	
  0.308881	  0.169518	  0.271227	  0.250374	
  0.246241	  0.231901	  0.205678	  0.316180	
  0.464399	  0.055188	  0.080701	  0.399712	
  0.885184	  0.009932	  0.000738	  0.104146	
  0.071967	  0.036097	  0.850828	  0.041108	
  0.052085	  0.856516	  0.023170	  0.068229	
  0.274969	  0.283343	  0.212015	  0.229673	
  0.233287	  0.221909	  0.271040	  0.273764	

URL http://cisbp.ccbr.utoronto.ca/TFreport.php?versionNumber=1.02&searchTF=T068679_1.02

MOTIF M0388_1.02 (Minc12570)_(Caenorhabditis_elegans)_(DBD_0.80)

letter-probability matrix: alength= 4 w= 10 nsites= 1 E= 0
  0.254183	  0.160462	  0.131375	  0.453981	
  0.474945	  0.136074	  0.217718	  0.171263	
  0.228171	  0.117931	  0.411618	  0.242280	
  0.076824	  0.025066	  0.773957	  0.124153	
  0.089088	  0.000088	  0.772496	  0.138328	
  0.145768	  0.640352	  0.024829	  0.189051	
  0.030520	  0.007992	  0.000100	  0.961389	
  0.007282	  0.000136	  0.043614	  0.948968	
  0.021474	  0.868567	  0.029572	  0.080386	
  0.285277	  0.334776	  0.141664	  0.238283	

URL http://cisbp.ccbr.utoronto.ca/TFreport.php?versionNumber=1.02&searchTF=T068688_1.02

MOTIF M0447_1.02 (Minc07594)_(Caenorhabditis_elegans)_(DBD_0.86)

letter-probability matrix: alength= 4 w= 10 nsites= 1 E= 0
  0.391273	  0.146849	  0.267577	  0.194301	
  0.236558	  0.241337	  0.322529	  0.199576	
  0.063325	  0.269963	  0.106515	  0.560196	
  0.004417	  0.002260	  0.968160	  0.025164	
  0.019015	  0.007208	  0.958364	  0.015413	
  0.150280	  0.035251	  0.000029	  0.814440	
  0.000025	  0.973874	  0.003426	  0.022675	
  0.905030	  0.032719	  0.031436	  0.030814	
  0.261983	  0.246726	  0.254240	  0.237052	
  0.139579	  0.281078	  0.155809	  0.423533	

URL http://cisbp.ccbr.utoronto.ca/TFreport.php?versionNumber=1.02&searchTF=T068675_1.02

MOTIF M0493_1.02 (Minc15972)_(Caenorhabditis_elegans)_(DBD_0.83)

letter-probability matrix: alength= 4 w= 8 nsites= 1 E= 0
  0.242861	  0.157196	  0.428469	  0.171473	
  0.777565	  0.090973	  0.030392	  0.101070	
  0.838146	  0.060683	  0.020295	  0.080876	
  0.989600	  0.000101	  0.000101	  0.010198	
  0.989600	  0.000101	  0.000101	  0.010198	
  0.918922	  0.030392	  0.010198	  0.040489	
  0.718555	  0.156289	  0.083403	  0.041753	
  0.569619	  0.127964	  0.104719	  0.197699	

URL http://cisbp.ccbr.utoronto.ca/TFreport.php?versionNumber=1.02&searchTF=T068707_1.02

MOTIF M0574_1.02 (Minc05804)_(Caenorhabditis_elegans)_(DBD_0.84)

letter-probability matrix: alength= 4 w= 8 nsites= 1 E= 0
  0.491059	  0.157959	  0.263149	  0.087833	
  0.986454	  0.000132	  0.000132	  0.013282	
  0.947002	  0.000132	  0.052735	  0.000132	
  0.013282	  0.000132	  0.933851	  0.052735	
  0.000132	  0.013282	  0.000132	  0.986454	
  0.026433	  0.013282	  0.013282	  0.947002	
  0.034631	  0.155238	  0.120779	  0.689352	
  0.200050	  0.200050	  0.449800	  0.150100	

URL http://cisbp.ccbr.utoronto.ca/TFreport.php?versionNumber=1.02&searchTF=T070348_1.02

MOTIF M0584_1.02 (Minc12652)_(Caenorhabditis_elegans)_(DBD_0.70)

letter-probability matrix: alength= 4 w= 9 nsites= 1 E= 0
  0.230911	  0.224086	  0.262968	  0.282035	
  0.269525	  0.209906	  0.264188	  0.256380	
  0.283198	  0.178778	  0.291823	  0.246201	
  0.153491	  0.064952	  0.745191	  0.036366	
  0.485724	  0.054907	  0.315968	  0.143400	
  0.185229	  0.092907	  0.000174	  0.721690	
  0.451981	  0.073969	  0.434259	  0.039791	
  0.183594	  0.056414	  0.557089	  0.202902	
  0.369364	  0.118130	  0.213105	  0.299401	

URL http://cisbp.ccbr.utoronto.ca/TFreport.php?versionNumber=1.02&searchTF=T072969_1.02

MOTIF M0688_1.02 (Minc14198)_(Mus_musculus)_(DBD_0.53)

letter-probability matrix: alength= 4 w= 10 nsites= 1 E= 0
  0.350685	  0.160756	  0.212701	  0.275858	
  0.244116	  0.269790	  0.251550	  0.234544	
  0.253145	  0.309192	  0.282580	  0.155083	
  0.327987	  0.369805	  0.166164	  0.136044	
  0.176264	  0.064199	  0.615223	  0.144313	
  0.165059	  0.084462	  0.599625	  0.150853	
  0.844606	  0.003486	  0.021734	  0.130174	
  0.722343	  0.020958	  0.006440	  0.250260	
  0.379399	  0.139573	  0.360896	  0.120132	
  0.218131	  0.238673	  0.133633	  0.409564	

URL http://cisbp.ccbr.utoronto.ca/TFreport.php?versionNumber=1.02&searchTF=T079110_1.02

MOTIF M0699_1.02 (Minc07757)_(Mus_musculus)_(DBD_0.79)

letter-probability matrix: alength= 4 w= 10 nsites= 1 E= 0
  0.285712	  0.231594	  0.253404	  0.229290	
  0.408828	  0.148903	  0.252976	  0.189293	
  0.179923	  0.493996	  0.209040	  0.117041	
  0.256626	  0.637542	  0.087149	  0.018683	
  0.006067	  0.001108	  0.985189	  0.007636	
  0.009552	  0.003807	  0.979202	  0.007439	
  0.918135	  0.015065	  0.025851	  0.040950	
  0.621584	  0.076117	  0.031258	  0.271041	
  0.366912	  0.123362	  0.434903	  0.074823	
  0.146891	  0.292860	  0.127701	  0.432548	

URL http://cisbp.ccbr.utoronto.ca/TFreport.php?versionNumber=1.02&searchTF=T079105_1.02

MOTIF M0702_1.02 (Minc12522)_(Mus_musculus)_(DBD_0.63)

letter-probability matrix: alength= 4 w= 10 nsites= 1 E= 0
  0.322340	  0.195509	  0.263909	  0.218242	
  0.433860	  0.124303	  0.159608	  0.282230	
  0.311585	  0.293439	  0.240248	  0.154728	
  0.200253	  0.544344	  0.186715	  0.068688	
  0.284306	  0.645517	  0.054058	  0.016120	
  0.011537	  0.000434	  0.987890	  0.000139	
  0.006865	  0.014532	  0.949918	  0.028685	
  0.874097	  0.008964	  0.059931	  0.057008	
  0.302190	  0.165846	  0.058036	  0.473929	
  0.296924	  0.248012	  0.296924	  0.158139	

URL http://cisbp.ccbr.utoronto.ca/TFreport.php?versionNumber=1.02&searchTF=T079107_1.02

MOTIF M0706_1.02 (Minc06986)_(Mus_musculus)_(DBD_0.73)

letter-probability matrix: alength= 4 w= 10 nsites= 1 E= 0
  0.352704	  0.187847	  0.218248	  0.241201	
  0.295417	  0.283834	  0.188366	  0.232383	
  0.200864	  0.429503	  0.247802	  0.121830	
  0.289523	  0.522297	  0.118894	  0.069286	
  0.138981	  0.013254	  0.791822	  0.055943	
  0.109863	  0.063386	  0.772195	  0.054556	
  0.902087	  0.004458	  0.007424	  0.086031	
  0.789723	  0.012203	  0.005268	  0.192806	
  0.278298	  0.168796	  0.445276	  0.107629	
  0.208426	  0.254572	  0.121460	  0.415542	

URL http://cisbp.ccbr.utoronto.ca/TFreport.php?versionNumber=1.02&searchTF=T079104_1.02

MOTIF M0709_1.02 (Minc09222)_(Mus_musculus)_(DBD_0.76)

letter-probability matrix: alength= 4 w= 10 nsites= 1 E= 0
  0.281573	  0.232850	  0.257339	  0.228239	
  0.414866	  0.149598	  0.249125	  0.186411	
  0.179962	  0.494103	  0.211187	  0.114749	
  0.259489	  0.638239	  0.085517	  0.016755	
  0.004798	  0.001474	  0.980684	  0.013043	
  0.008733	  0.003278	  0.979598	  0.008391	
  0.916015	  0.015333	  0.027386	  0.041266	
  0.617614	  0.075631	  0.032004	  0.274751	
  0.365042	  0.122733	  0.437035	  0.075190	
  0.145434	  0.289954	  0.127705	  0.436908	

URL http://cisbp.ccbr.utoronto.ca/TFreport.php?versionNumber=1.02&searchTF=T079106_1.02

MOTIF M0711_1.02 (Minc14087)_(Tetraodon_nigroviridis)_(DBD_0.77)

letter-probability matrix: alength= 4 w= 8 nsites= 1 E= 0
  0.001420	  0.995739	  0.001420	  0.001420	
  0.001106	  0.996681	  0.001106	  0.001106	
  0.001106	  0.001106	  0.996681	  0.001106	
  0.001106	  0.001106	  0.996681	  0.001106	
  0.996681	  0.001106	  0.001106	  0.001106	
  0.886062	  0.001106	  0.001106	  0.111726	
  0.222345	  0.001106	  0.775442	  0.001106	
  0.001656	  0.167219	  0.001656	  0.829470	

URL http://cisbp.ccbr.utoronto.ca/TFreport.php?versionNumber=1.02&searchTF=T079109_1.02

MOTIF M0717_1.02 (Minc10971)_(Homo_sapiens)_(DBD_0.61)

letter-probability matrix: alength= 4 w= 8 nsites= 1 E= 0
  0.294014	  0.000587	  0.704812	  0.000587	
  0.048004	  0.000475	  0.000475	  0.951046	
  0.903517	  0.095532	  0.000475	  0.000475	
  0.951046	  0.000475	  0.000475	  0.048004	
  0.998574	  0.000475	  0.000475	  0.000475	
  0.000475	  0.903517	  0.000475	  0.095532	
  0.998574	  0.000475	  0.000475	  0.000475	
  0.690951	  0.077454	  0.077454	  0.154141	

URL http://cisbp.ccbr.utoronto.ca/TFreport.php?versionNumber=1.02&searchTF=T083509_1.02

MOTIF M0727_1.02 (Minc01693)_(Mus_musculus)_(DBD_0.44)

letter-probability matrix: alength= 4 w= 9 nsites= 1 E= 0
  0.285936	  0.209719	  0.382132	  0.122213	
  0.259231	  0.180859	  0.145143	  0.414767	
  0.482799	  0.289919	  0.074411	  0.152872	
  0.584225	  0.181324	  0.065385	  0.169066	
  0.800779	  0.028377	  0.101047	  0.069797	
  0.006674	  0.733801	  0.002741	  0.256785	
  0.711264	  0.065173	  0.101194	  0.122369	
  0.343115	  0.208109	  0.218779	  0.229997	
  0.298983	  0.230531	  0.194491	  0.275996	

URL http://cisbp.ccbr.utoronto.ca/TFreport.php?versionNumber=1.02&searchTF=T083507_1.02

MOTIF M0741_1.02 (Minc17526)_(Caenorhabditis_elegans)_(DBD_0.65)

letter-probability matrix: alength= 4 w= 10 nsites= 1 E= 0
  0.276144	  0.176077	  0.290303	  0.257475	
  0.186748	  0.262372	  0.252084	  0.298796	
  0.373966	  0.282637	  0.291245	  0.052152	
  0.588176	  0.074219	  0.083682	  0.253922	
  0.480999	  0.201515	  0.037184	  0.280302	
  0.750693	  0.088323	  0.038130	  0.122854	
  0.838999	  0.034199	  0.101718	  0.025083	
  0.001060	  0.712202	  0.027340	  0.259398	
  0.848067	  0.033885	  0.053142	  0.064907	
  0.441409	  0.184929	  0.154466	  0.219197	

URL http://cisbp.ccbr.utoronto.ca/TFreport.php?versionNumber=1.02&searchTF=T083514_1.02

MOTIF M0783_1.02 (Minc18695)_(Mus_musculus)_(DBD_0.72)

letter-probability matrix: alength= 4 w= 10 nsites= 1 E= 0
  0.268595	  0.233506	  0.226604	  0.271295	
  0.274182	  0.235991	  0.229016	  0.260810	
  0.228672	  0.255262	  0.268349	  0.247717	
  0.424078	  0.237440	  0.065360	  0.273121	
  0.073859	  0.028851	  0.873191	  0.024099	
  0.941711	  0.009657	  0.001747	  0.046885	
  0.062764	  0.030247	  0.036212	  0.870777	
  0.486794	  0.180881	  0.095377	  0.236948	
  0.453949	  0.132686	  0.190183	  0.223182	
  0.227316	  0.258874	  0.316190	  0.197619	

URL http://cisbp.ccbr.utoronto.ca/TFreport.php?versionNumber=1.02&searchTF=T086362_1.02

MOTIF M0786_1.02 (Minc08374)_(Caenorhabditis_elegans)_(DBD_0.77)

letter-probability matrix: alength= 4 w= 8 nsites= 1 E= 0
  0.172616	  0.351100	  0.330653	  0.145630	
  0.052556	  0.021799	  0.007940	  0.917705	
  0.004769	  0.000129	  0.994298	  0.000804	
  0.937849	  0.008114	  0.005439	  0.048598	
  0.002817	  0.007969	  0.001385	  0.987830	
  0.774879	  0.051045	  0.009609	  0.164467	
  0.706920	  0.043420	  0.111154	  0.138506	
  0.210338	  0.292573	  0.326593	  0.170496	

URL http://cisbp.ccbr.utoronto.ca/TFreport.php?versionNumber=1.02&searchTF=T086299_1.02

MOTIF M0919_1.02 (Minc04280)_(Mus_musculus)_(DBD_0.72)

letter-probability matrix: alength= 4 w= 8 nsites= 1 E= 0
  0.243137	  0.255603	  0.173058	  0.328201	
  0.180751	  0.050761	  0.028138	  0.740350	
  0.754094	  0.029830	  0.091425	  0.124651	
  0.948503	  0.020184	  0.016361	  0.014953	
  0.061921	  0.014525	  0.234126	  0.689428	
  0.144617	  0.648127	  0.069692	  0.137564	
  0.112198	  0.502838	  0.114465	  0.270499	
  0.173843	  0.301314	  0.278148	  0.246695	

URL http://cisbp.ccbr.utoronto.ca/TFreport.php?versionNumber=1.02&searchTF=T103343_1.02

MOTIF M0932_1.02 (Minc04295)_(Mus_musculus)_(DBD_0.70)

letter-probability matrix: alength= 4 w= 8 nsites= 1 E= 0
  0.216311	  0.291989	  0.142126	  0.349574	
  0.127143	  0.093252	  0.018089	  0.761516	
  0.817918	  0.041962	  0.123564	  0.016556	
  0.955147	  0.007403	  0.010825	  0.026625	
  0.021750	  0.121465	  0.044684	  0.812101	
  0.145739	  0.082419	  0.268223	  0.503618	
  0.509054	  0.065533	  0.337833	  0.087580	
  0.196989	  0.238208	  0.381132	  0.183671	

URL http://cisbp.ccbr.utoronto.ca/TFreport.php?versionNumber=1.02&searchTF=T103344_1.02

MOTIF M0950_1.02 (Minc04397)_(Mus_musculus)_(DBD_0.75)

letter-probability matrix: alength= 4 w= 9 nsites= 1 E= 0
  0.304718	  0.228009	  0.194297	  0.272977	
  0.151961	  0.073967	  0.021405	  0.752667	
  0.823630	  0.052653	  0.108172	  0.015545	
  0.943177	  0.000270	  0.024761	  0.031793	
  0.083189	  0.065438	  0.100596	  0.750777	
  0.166825	  0.139344	  0.182536	  0.511295	
  0.341885	  0.086011	  0.430296	  0.141808	
  0.195606	  0.309854	  0.288906	  0.205635	
  0.223337	  0.278296	  0.225582	  0.272785	

URL http://cisbp.ccbr.utoronto.ca/TFreport.php?versionNumber=1.02&searchTF=T103345_1.02

MOTIF M0966_1.02 (Minc03144)_(Mus_musculus)_(DBD_0.72)

letter-probability matrix: alength= 4 w= 9 nsites= 1 E= 0
  0.252868	  0.305780	  0.311957	  0.129395	
  0.124119	  0.503326	  0.038522	  0.334033	
  0.533653	  0.174120	  0.045139	  0.247088	
  0.161274	  0.673917	  0.062998	  0.101810	
  0.115304	  0.015449	  0.000051	  0.869196	
  0.103992	  0.355781	  0.045346	  0.494881	
  0.311061	  0.221404	  0.301867	  0.165668	
  0.416257	  0.148607	  0.185175	  0.249961	
  0.282377	  0.243044	  0.263287	  0.211292	

URL http://cisbp.ccbr.utoronto.ca/TFreport.php?versionNumber=1.02&searchTF=T103338_1.02

MOTIF M0971_1.02 (Minc10357)_(Mus_musculus)_(DBD_0.71)

letter-probability matrix: alength= 4 w= 8 nsites= 1 E= 0
  0.279458	  0.257972	  0.222039	  0.240532	
  0.219119	  0.081420	  0.091800	  0.607661	
  0.710086	  0.064418	  0.097066	  0.128430	
  0.831775	  0.061779	  0.040188	  0.066258	
  0.119257	  0.118071	  0.069497	  0.693175	
  0.114974	  0.318845	  0.176744	  0.389438	
  0.254916	  0.185107	  0.365379	  0.194598	
  0.290358	  0.210843	  0.296223	  0.202576	

URL http://cisbp.ccbr.utoronto.ca/TFreport.php?versionNumber=1.02&searchTF=T103361_1.02

MOTIF M1005_1.02 (Minc10063)_(Mus_musculus)_(DBD_0.77)

letter-probability matrix: alength= 4 w= 8 nsites= 1 E= 0
  0.242841	  0.263067	  0.185380	  0.308712	
  0.148309	  0.025011	  0.084716	  0.741964	
  0.720695	  0.068048	  0.132982	  0.078274	
  0.901099	  0.000634	  0.037100	  0.061167	
  0.054250	  0.052647	  0.101861	  0.791243	
  0.155226	  0.112717	  0.168154	  0.563903	
  0.352662	  0.120966	  0.359786	  0.166586	
  0.298979	  0.206515	  0.330423	  0.164083	

URL http://cisbp.ccbr.utoronto.ca/TFreport.php?versionNumber=1.02&searchTF=T103360_1.02

MOTIF M1008_1.02 (Minc07879)_(Mus_musculus)_(DBD_0.70)

letter-probability matrix: alength= 4 w= 8 nsites= 1 E= 0
  0.198559	  0.160948	  0.185135	  0.455358	
  0.175561	  0.148114	  0.154159	  0.522166	
  0.336729	  0.106621	  0.145369	  0.411281	
  0.586896	  0.120886	  0.132270	  0.159948	
  0.115924	  0.247878	  0.132018	  0.504181	
  0.165556	  0.160663	  0.346994	  0.326787	
  0.324967	  0.137514	  0.355571	  0.181949	
  0.154698	  0.376709	  0.230782	  0.237811	

URL http://cisbp.ccbr.utoronto.ca/TFreport.php?versionNumber=1.02&searchTF=T103354_1.02

MOTIF M1010_1.02 (Minc13209)_(Mus_musculus)_(DBD_0.79)

letter-probability matrix: alength= 4 w= 9 nsites= 1 E= 0
  0.190330	  0.246844	  0.175697	  0.387129	
  0.129842	  0.195648	  0.056617	  0.617893	
  0.444933	  0.170362	  0.074286	  0.310419	
  0.549744	  0.186691	  0.065330	  0.198235	
  0.103996	  0.213652	  0.053215	  0.629137	
  0.136924	  0.190457	  0.307792	  0.364827	
  0.328463	  0.171473	  0.312444	  0.187621	
  0.182405	  0.360045	  0.216205	  0.241345	
  0.241926	  0.298459	  0.210321	  0.249294	

URL http://cisbp.ccbr.utoronto.ca/TFreport.php?versionNumber=1.02&searchTF=T103374_1.02

MOTIF M1022_1.02 (Minc06536)_(Mus_musculus)_(DBD_0.70)

letter-probability matrix: alength= 4 w= 8 nsites= 1 E= 0
  0.240936	  0.277143	  0.187641	  0.294280	
  0.196116	  0.075846	  0.050335	  0.677702	
  0.686838	  0.044795	  0.125474	  0.142893	
  0.924084	  0.026544	  0.036191	  0.013181	
  0.063459	  0.029382	  0.267842	  0.639316	
  0.146816	  0.625895	  0.091761	  0.135529	
  0.111722	  0.490787	  0.146351	  0.251140	
  0.187597	  0.297167	  0.288385	  0.226851	

URL http://cisbp.ccbr.utoronto.ca/TFreport.php?versionNumber=1.02&searchTF=T103352_1.02

MOTIF M1028_1.02 (Minc04053)_(Mus_musculus)_(DBD_0.77)

letter-probability matrix: alength= 4 w= 9 nsites= 1 E= 0
  0.184447	  0.364076	  0.184447	  0.267030	
  0.116544	  0.046445	  0.001308	  0.835703	
  0.822965	  0.097799	  0.078485	  0.000750	
  0.891592	  0.011056	  0.021179	  0.076173	
  0.116988	  0.045699	  0.100693	  0.736620	
  0.189372	  0.123188	  0.282510	  0.404930	
  0.430266	  0.105047	  0.303203	  0.161484	
  0.227412	  0.274998	  0.297901	  0.199689	
  0.184723	  0.307617	  0.234829	  0.272832	

URL http://cisbp.ccbr.utoronto.ca/TFreport.php?versionNumber=1.02&searchTF=T103342_1.02

MOTIF M1049_1.02 (Minc12220)_(Mus_musculus)_(DBD_0.75)

letter-probability matrix: alength= 4 w= 10 nsites= 1 E= 0
  0.289634	  0.216722	  0.244354	  0.249290	
  0.166573	  0.211756	  0.182260	  0.439411	
  0.165752	  0.090967	  0.544840	  0.198441	
  0.929154	  0.059996	  0.000107	  0.010743	
  0.054059	  0.154483	  0.048915	  0.742543	
  0.658419	  0.278618	  0.000170	  0.062793	
  0.069036	  0.541653	  0.109358	  0.279954	
  0.180538	  0.374631	  0.241276	  0.203556	
  0.212494	  0.310727	  0.214630	  0.262149	
  0.221051	  0.289569	  0.216674	  0.272706	

URL http://cisbp.ccbr.utoronto.ca/TFreport.php?versionNumber=1.02&searchTF=T103370_1.02

MOTIF M1058_1.02 (Minc03202)_(Mus_musculus)_(DBD_0.81)

letter-probability matrix: alength= 4 w= 7 nsites= 1 E= 0
  0.196336	  0.301820	  0.257194	  0.244650	
  0.153106	  0.324125	  0.160956	  0.361814	
  0.475416	  0.147553	  0.169727	  0.207305	
  0.663215	  0.126103	  0.128651	  0.082031	
  0.244429	  0.116621	  0.100376	  0.538574	
  0.162290	  0.264909	  0.165569	  0.407233	
  0.507267	  0.098400	  0.196181	  0.198153	

URL http://cisbp.ccbr.utoronto.ca/TFreport.php?versionNumber=1.02&searchTF=T103340_1.02

MOTIF M1063_1.02 (Minc12706)_(Mus_musculus)_(DBD_0.72)

letter-probability matrix: alength= 4 w= 10 nsites= 1 E= 0
  0.221818	  0.204764	  0.161073	  0.412344	
  0.207435	  0.166471	  0.084337	  0.541758	
  0.621586	  0.036682	  0.185355	  0.156378	
  0.910510	  0.013383	  0.034261	  0.041846	
  0.138801	  0.083349	  0.268550	  0.509300	
  0.088820	  0.300850	  0.045450	  0.564880	
  0.170729	  0.062808	  0.652021	  0.114443	
  0.204093	  0.304470	  0.254315	  0.237122	
  0.175698	  0.304530	  0.186563	  0.333209	
  0.196959	  0.273964	  0.238173	  0.290905	

URL http://cisbp.ccbr.utoronto.ca/TFreport.php?versionNumber=1.02&searchTF=T103372_1.02

MOTIF M1092_1.02 (Minc17568)_(Drosophila_melanogaster)_(DBD_0.81)

letter-probability matrix: alength= 4 w= 10 nsites= 1 E= 0
  0.216697	  0.313720	  0.239487	  0.230097	
  0.095574	  0.372375	  0.044252	  0.487798	
  0.513306	  0.185096	  0.192650	  0.108948	
  0.650499	  0.143702	  0.075773	  0.130027	
  0.056092	  0.142164	  0.007822	  0.793922	
  0.205435	  0.280095	  0.158401	  0.356070	
  0.340270	  0.184886	  0.184886	  0.289959	
  0.267116	  0.272512	  0.264458	  0.195915	
  0.194734	  0.260248	  0.302365	  0.242653	
  0.228970	  0.279665	  0.238314	  0.253051	

URL http://cisbp.ccbr.utoronto.ca/TFreport.php?versionNumber=1.02&searchTF=T103390_1.02

MOTIF M1097_1.02 (Minc18725)_(Drosophila_melanogaster)_(DBD_0.75)

letter-probability matrix: alength= 4 w= 10 nsites= 1 E= 0
  0.292329	  0.229079	  0.288644	  0.189949	
  0.136427	  0.336877	  0.156525	  0.370171	
  0.034513	  0.118059	  0.009674	  0.837754	
  0.801571	  0.072692	  0.093201	  0.032536	
  0.970781	  0.007894	  0.008025	  0.013300	
  0.013300	  0.008025	  0.007894	  0.970781	
  0.032536	  0.093201	  0.072692	  0.801571	
  0.837754	  0.009674	  0.118059	  0.034513	
  0.370171	  0.156525	  0.336877	  0.136427	
  0.189949	  0.288644	  0.229079	  0.292329	

URL http://cisbp.ccbr.utoronto.ca/TFreport.php?versionNumber=1.02&searchTF=T103395_1.02

MOTIF M1100_1.02 (Minc12153)_(Drosophila_melanogaster)_(DBD_0.79)

letter-probability matrix: alength= 4 w= 10 nsites= 1 E= 0
  0.242321	  0.223690	  0.225939	  0.308050	
  0.316659	  0.218727	  0.272551	  0.192063	
  0.250815	  0.136280	  0.401302	  0.211603	
  0.221772	  0.208857	  0.400074	  0.169296	
  0.316946	  0.132785	  0.339927	  0.210341	
  0.162016	  0.080455	  0.565491	  0.192038	
  0.797439	  0.000347	  0.148622	  0.053592	
  0.013593	  0.128969	  0.069378	  0.788059	
  0.565158	  0.248913	  0.091570	  0.094359	
  0.266128	  0.224522	  0.243222	  0.266128	

URL http://cisbp.ccbr.utoronto.ca/TFreport.php?versionNumber=1.02&searchTF=T103369_1.02

MOTIF M1461_1.02 (Minc13296)_(Caenorhabditis_elegans)_(DBD_0.76)

letter-probability matrix: alength= 4 w= 10 nsites= 1 E= 0
  0.259241	  0.214382	  0.259241	  0.267136	
  0.312577	  0.159948	  0.205378	  0.322097	
  0.073420	  0.132449	  0.008725	  0.785405	
  0.032259	  0.007797	  0.947468	  0.012476	
  0.097503	  0.468661	  0.018172	  0.415665	
  0.808034	  0.180297	  0.000258	  0.011411	
  0.002959	  0.977229	  0.008625	  0.011187	
  0.010770	  0.069186	  0.016068	  0.903976	
  0.156486	  0.174681	  0.040567	  0.628266	
  0.250740	  0.130898	  0.161485	  0.456877	

URL http://cisbp.ccbr.utoronto.ca/TFreport.php?versionNumber=1.02&searchTF=T135203_1.02

MOTIF M1469_1.02 (Minc18013)_(Drosophila_melanogaster)_(DBD_0.70)

letter-probability matrix: alength= 4 w= 8 nsites= 1 E= 0
  0.221383	  0.221383	  0.290064	  0.267170	
  0.000059	  0.100627	  0.000059	  0.899255	
  0.000054	  0.005429	  0.994464	  0.000054	
  0.994464	  0.000054	  0.005429	  0.000054	
  0.005429	  0.994464	  0.000054	  0.000054	
  0.000054	  0.999839	  0.000054	  0.000054	
  0.000077	  0.407644	  0.000077	  0.592202	
  0.202148	  0.361655	  0.244683	  0.191514	

URL http://cisbp.ccbr.utoronto.ca/TFreport.php?versionNumber=1.02&searchTF=T135232_1.02

MOTIF M1470_1.02 (Minc15574)_(Drosophila_melanogaster)_(DBD_0.73)

letter-probability matrix: alength= 4 w= 8 nsites= 1 E= 0
  0.374896	  0.104288	  0.291632	  0.229184	
  0.000154	  0.138530	  0.000154	  0.861162	
  0.000143	  0.000143	  0.999572	  0.000143	
  0.985294	  0.000143	  0.014420	  0.000143	
  0.000143	  0.999572	  0.000143	  0.000143	
  0.000143	  0.999572	  0.000143	  0.000143	
  0.000154	  0.307657	  0.000154	  0.692036	
  0.000244	  0.317008	  0.000244	  0.682505	

URL http://cisbp.ccbr.utoronto.ca/TFreport.php?versionNumber=1.02&searchTF=T135221_1.02

MOTIF M1471_1.02 (Minc11620)_(Drosophila_melanogaster)_(DBD_0.74)

letter-probability matrix: alength= 4 w= 12 nsites= 1 E= 0
  0.317705	  0.227432	  0.227432	  0.227432	
  0.317705	  0.227432	  0.227432	  0.227432	
  0.402784	  0.230661	  0.140388	  0.226166	
  0.049370	  0.144869	  0.049370	  0.756390	
  0.000202	  0.000202	  0.000202	  0.999393	
  0.000202	  0.000202	  0.999393	  0.000202	
  0.999393	  0.000202	  0.000202	  0.000202	
  0.000202	  0.999393	  0.000202	  0.000202	
  0.022771	  0.541218	  0.329688	  0.106323	
  0.022771	  0.022771	  0.194141	  0.760318	
  0.109814	  0.581401	  0.109814	  0.198971	
  0.397504	  0.200832	  0.200832	  0.200832	

URL http://cisbp.ccbr.utoronto.ca/TFreport.php?versionNumber=1.02&searchTF=T135198_1.02

MOTIF M1473_1.02 (Minc01725)_(Caenorhabditis_elegans)_(DBD_0.76)

letter-probability matrix: alength= 4 w= 10 nsites= 1 E= 0
  0.287404	  0.206622	  0.235307	  0.270667	
  0.217614	  0.235738	  0.215448	  0.331200	
  0.030812	  0.190165	  0.000116	  0.778907	
  0.169077	  0.086518	  0.620395	  0.124009	
  0.480182	  0.102942	  0.238451	  0.178424	
  0.247104	  0.247104	  0.032454	  0.473338	
  0.115008	  0.661826	  0.096063	  0.127104	
  0.125570	  0.123084	  0.129394	  0.621952	
  0.237052	  0.230046	  0.138142	  0.394760	
  0.226196	  0.181526	  0.167570	  0.424708	

URL http://cisbp.ccbr.utoronto.ca/TFreport.php?versionNumber=1.02&searchTF=T135131_1.02

MOTIF M1513_1.02 Minc10479

letter-probability matrix: alength= 4 w= 10 nsites= 1 E= 0
  0.325754	  0.224749	  0.224749	  0.224749	
  0.851330	  0.022244	  0.022244	  0.104182	
  0.825873	  0.000094	  0.000094	  0.173939	
  0.386254	  0.000094	  0.000094	  0.613558	
  0.000094	  0.000094	  0.000094	  0.999718	
  0.000094	  0.000094	  0.000094	  0.999718	
  0.094742	  0.523896	  0.295303	  0.086058	
  0.000094	  0.000094	  0.999718	  0.000094	
  0.025345	  0.025345	  0.923964	  0.025345	
  0.227850	  0.316450	  0.227850	  0.227850	

URL http://cisbp.ccbr.utoronto.ca/TFreport.php?versionNumber=1.02&searchTF=T137200_1.02

MOTIF M1532_1.02 (Minc08233)_(Ornithorhynchus_anatinus)_(DBD_0.56)

letter-probability matrix: alength= 4 w= 10 nsites= 1 E= 0
  0.117536	  0.560076	  0.178736	  0.143652	
  0.264816	  0.270774	  0.179293	  0.285116	
  0.111303	  0.123490	  0.076866	  0.688341	
  0.476037	  0.078685	  0.420837	  0.024442	
  0.282841	  0.090128	  0.564835	  0.062196	
  0.121376	  0.601373	  0.019911	  0.257340	
  0.638065	  0.022936	  0.169097	  0.169902	
  0.891795	  0.052241	  0.030023	  0.025941	
  0.000581	  0.936829	  0.000004	  0.062586	
  0.218700	  0.311417	  0.325202	  0.144681	

URL http://cisbp.ccbr.utoronto.ca/TFreport.php?versionNumber=1.02&searchTF=T139177_1.02

MOTIF M1884_1.02 (Minc16073)_(Homo_sapiens)_(DBD_0.96)

letter-probability matrix: alength= 4 w= 15 nsites= 1 E= 0
  0.326544	  0.100475	  0.257298	  0.315682	
  0.114732	  0.101154	  0.424304	  0.359810	
  0.078751	  0.800407	  0.021724	  0.099117	
  0.000000	  0.321113	  0.000000	  0.678887	
  0.863544	  0.046164	  0.009504	  0.080788	
  0.684318	  0.000000	  0.080788	  0.234895	
  0.938900	  0.000000	  0.026477	  0.034623	
  0.917855	  0.003394	  0.000000	  0.078751	
  0.943652	  0.000000	  0.000000	  0.056348	
  0.004073	  0.000000	  0.000000	  0.995927	
  0.999321	  0.000000	  0.000000	  0.000679	
  0.156823	  0.033265	  0.787508	  0.022403	
  0.398506	  0.429056	  0.076035	  0.096402	
  0.359810	  0.277665	  0.074678	  0.287848	
  0.234216	  0.304820	  0.137814	  0.323150	

URL http://cisbp.ccbr.utoronto.ca/TFreport.php?versionNumber=1.02&searchTF=T113114_1.02

MOTIF M4709_1.02 (Minc02504)_(Caenorhabditis_elegans)_(DBD_0.64)

letter-probability matrix: alength= 4 w= 8 nsites= 1 E= 0
  0.155786	  0.115727	  0.603858	  0.124629	
  0.143917	  0.106825	  0.103858	  0.645400	
  0.029674	  0.897625	  0.047478	  0.025223	
  0.851632	  0.019288	  0.043027	  0.086053	
  0.057864	  0.787833	  0.051929	  0.102374	
  0.105341	  0.043027	  0.762611	  0.089021	
  0.063798	  0.040059	  0.017804	  0.878339	
  0.028190	  0.057864	  0.830860	  0.083086	

URL http://cisbp.ccbr.utoronto.ca/TFreport.php?versionNumber=1.02&searchTF=T021402_1.02

MOTIF M4721_1.02 (Minc03842)_(Drosophila_melanogaster)_(DBD_0.72)

letter-probability matrix: alength= 4 w= 8 nsites= 1 E= 0
  0.142857	  0.285714	  0.000000	  0.571429	
  0.142857	  0.714286	  0.142857	  0.000000	
  0.857143	  0.000000	  0.142857	  0.000000	
  0.000000	  0.000000	  0.000000	  1.000000	
  1.000000	  0.000000	  0.000000	  0.000000	
  1.000000	  0.000000	  0.000000	  0.000000	
  0.857143	  0.000000	  0.000000	  0.142857	
  0.714286	  0.000000	  0.142857	  0.142857	

URL http://cisbp.ccbr.utoronto.ca/TFreport.php?versionNumber=1.02&searchTF=T103341_1.02

MOTIF M4768_1.02 (Minc14190)_(Drosophila_melanogaster)_(DBD_0.71)

letter-probability matrix: alength= 4 w= 12 nsites= 1 E= 0
  0.222222	  0.111111	  0.666667	  0.000000	
  0.777778	  0.000000	  0.000000	  0.222222	
  1.000000	  0.000000	  0.000000	  0.000000	
  1.000000	  0.000000	  0.000000	  0.000000	
  0.000000	  0.000000	  0.888889	  0.111111	
  0.111111	  0.111111	  0.444444	  0.333333	
  0.000000	  0.000000	  1.000000	  0.000000	
  1.000000	  0.000000	  0.000000	  0.000000	
  1.000000	  0.000000	  0.000000	  0.000000	
  1.000000	  0.000000	  0.000000	  0.000000	
  0.111111	  0.000000	  0.777778	  0.111111	
  0.000000	  0.750000	  0.000000	  0.250000	

URL http://cisbp.ccbr.utoronto.ca/TFreport.php?versionNumber=1.02&searchTF=T068696_1.02

MOTIF M4961_1.02 (Minc13623)_(Drosophila_melanogaster)_(DBD_0.70)

letter-probability matrix: alength= 4 w= 8 nsites= 1 E= 0
  0.292186	  0.172140	  0.234428	  0.301246	
  0.181200	  0.194790	  0.161948	  0.462061	
  0.151755	  0.045300	  0.190260	  0.612684	
  0.000000	  0.000000	  0.000000	  1.000000	
  0.000000	  0.000000	  1.000000	  0.000000	
  1.000000	  0.000000	  0.000000	  0.000000	
  0.062288	  0.571914	  0.000000	  0.365798	
  0.590034	  0.029445	  0.293318	  0.087203	

URL http://cisbp.ccbr.utoronto.ca/TFreport.php?versionNumber=1.02&searchTF=T103375_1.02

MOTIF M5197_1.02 (Minc01292)_(Drosophila_melanogaster)_(DBD_0.70)

letter-probability matrix: alength= 4 w= 7 nsites= 1 E= 0
  0.184652	  0.277378	  0.101519	  0.436451	
  0.025580	  0.020783	  0.000000	  0.953637	
  0.982414	  0.000000	  0.007194	  0.010392	
  0.988010	  0.000000	  0.011990	  0.000000	
  0.038369	  0.001599	  0.007994	  0.952038	
  0.106315	  0.087130	  0.219025	  0.587530	
  0.524380	  0.019984	  0.426859	  0.028777	

URL http://cisbp.ccbr.utoronto.ca/TFreport.php?versionNumber=1.02&searchTF=T103333_1.02

MOTIF M5252_1.02 (Minc16020)_(Drosophila_melanogaster)_(DBD_0.70)

letter-probability matrix: alength= 4 w= 8 nsites= 1 E= 0
  0.062500	  0.562500	  0.312500	  0.062500	
  0.312500	  0.062500	  0.062500	  0.562500	
  0.062500	  0.062500	  0.000000	  0.875000	
  0.937500	  0.000000	  0.000000	  0.062500	
  1.000000	  0.000000	  0.000000	  0.000000	
  0.062500	  0.000000	  0.125000	  0.812500	
  0.062500	  0.000000	  0.375000	  0.562500	
  0.125000	  0.000000	  0.875000	  0.000000	

URL http://cisbp.ccbr.utoronto.ca/TFreport.php?versionNumber=1.02&searchTF=T103384_1.02

MOTIF M5364_1.02 (Minc04914)_(Homo_sapiens)_(DBD_0.62)

letter-probability matrix: alength= 4 w= 14 nsites= 1 E= 0
  0.549870	  0.052461	  0.235751	  0.161917	
  0.135363	  0.093912	  0.379534	  0.391192	
  0.014380	  0.050330	  0.010186	  0.925105	
  0.013995	  0.982188	  0.000000	  0.003817	
  0.000000	  0.930681	  0.004822	  0.064497	
  0.000000	  0.982813	  0.003819	  0.013367	
  0.312176	  0.134715	  0.049870	  0.503238	
  0.342395	  0.040777	  0.253074	  0.363754	
  0.003871	  0.000000	  0.996129	  0.000000	
  0.011472	  0.002549	  0.984066	  0.001912	
  0.000646	  0.001938	  0.997416	  0.000000	
  0.851627	  0.000000	  0.127965	  0.020408	
  0.438835	  0.216181	  0.178641	  0.166343	
  0.099093	  0.107513	  0.074482	  0.718912	

URL http://cisbp.ccbr.utoronto.ca/TFreport.php?versionNumber=1.02&searchTF=T021407_1.02

