MEME version 4

ALPHABET= ACGT

strands: + -

Background letter frequencies (from uniform background):
A 0.25000 C 0.25000 G 0.25000 T 0.25000 

MOTIF M0264_1.02 (estExt_fgenesh1_pg.C_10522)_(Arabidopsis_thaliana)_(DBD_0.55)

letter-probability matrix: alength= 4 w= 10 nsites= 1 E= 0
  0.199909	  0.319853	  0.108621	  0.371617	
  0.102298	  0.269858	  0.329605	  0.298239	
  0.727684	  0.087345	  0.103531	  0.081440	
  0.042557	  0.652527	  0.169161	  0.135755	
  0.074387	  0.175789	  0.658053	  0.091770	
  0.047848	  0.043294	  0.012782	  0.896076	
  0.072855	  0.000402	  0.887552	  0.039192	
  0.001078	  0.059454	  0.541965	  0.397503	
  0.330076	  0.407207	  0.142497	  0.120220	
  0.325537	  0.283008	  0.185949	  0.205506	

URL http://cisbp.ccbr.utoronto.ca/TFreport.php?versionNumber=1.02&searchTF=T028814_1.02

MOTIF M0807_1.02 (estExt_fgenesh1_pg.C_120215)_(Ostreococcus_tauri)_(DBD_0.92)

letter-probability matrix: alength= 4 w= 8 nsites= 1 E= 0
  0.295467	  0.283881	  0.163785	  0.256866	
  0.153126	  0.061637	  0.665982	  0.119255	
  0.801085	  0.029843	  0.071950	  0.097122	
  0.036187	  0.001490	  0.000618	  0.961705	
  0.175606	  0.644352	  0.124991	  0.055050	
  0.247032	  0.170633	  0.242140	  0.340194	
  0.275531	  0.223341	  0.249311	  0.251817	
  0.246648	  0.199929	  0.275328	  0.278095	

URL http://cisbp.ccbr.utoronto.ca/TFreport.php?versionNumber=1.02&searchTF=T085435_1.02

MOTIF M0808_1.02 (est_orfs.1_684_4269384:3)_(Ostreococcus_tauri)_(DBD_0.78)

letter-probability matrix: alength= 4 w= 10 nsites= 1 E= 0
  0.320213	  0.200134	  0.298565	  0.181089	
  0.161417	  0.147524	  0.569063	  0.121996	
  0.880136	  0.003491	  0.005313	  0.111061	
  0.085837	  0.000789	  0.004274	  0.909100	
  0.090083	  0.728314	  0.107849	  0.073754	
  0.271999	  0.103110	  0.077153	  0.547738	
  0.206466	  0.295934	  0.235130	  0.262470	
  0.259653	  0.228000	  0.242098	  0.270249	
  0.280764	  0.227583	  0.229870	  0.261783	
  0.280545	  0.229691	  0.222902	  0.266862	

URL http://cisbp.ccbr.utoronto.ca/TFreport.php?versionNumber=1.02&searchTF=T085570_1.02

MOTIF M1337_1.02 (EuGene.0000090108)_(Arabidopsis_thaliana)_(DBD_0.92)

letter-probability matrix: alength= 4 w= 11 nsites= 1 E= 0
  0.325083	  0.224972	  0.224972	  0.224972	
  0.248785	  0.260211	  0.048443	  0.442561	
  0.825532	  0.024528	  0.024528	  0.125413	
  0.000222	  0.000222	  0.999335	  0.000222	
  0.999335	  0.000222	  0.000222	  0.000222	
  0.000222	  0.000222	  0.000222	  0.999335	
  0.287819	  0.317618	  0.000222	  0.394341	
  0.000222	  0.776894	  0.000222	  0.222663	
  0.025249	  0.025249	  0.723019	  0.226482	
  0.299003	  0.201779	  0.297439	  0.201779	
  0.322918	  0.225694	  0.225694	  0.225694	

URL http://cisbp.ccbr.utoronto.ca/TFreport.php?versionNumber=1.02&searchTF=T123220_1.02

MOTIF M1388_1.02 (estExt_fgenesh1_pg.C_60110)_(Physcomitrella_patens)_(DBD_0.96)

letter-probability matrix: alength= 4 w= 9 nsites= 1 E= 0
  0.198363	  0.308000	  0.206459	  0.287178	
  0.223986	  0.138599	  0.545434	  0.091981	
  0.007053	  0.026935	  0.937696	  0.028316	
  0.762314	  0.065128	  0.171805	  0.000753	
  0.000640	  0.043090	  0.028030	  0.928240	
  0.427217	  0.151002	  0.229819	  0.191961	
  0.431642	  0.093466	  0.301146	  0.173746	
  0.190550	  0.252122	  0.368674	  0.188654	
  0.210875	  0.198595	  0.424650	  0.165880	

URL http://cisbp.ccbr.utoronto.ca/TFreport.php?versionNumber=1.02&searchTF=T122941_1.02

MOTIF M1394_1.02 (EuGene.0000020579)_(Ostreococcus_tauri)_(DBD_0.90)

letter-probability matrix: alength= 4 w= 9 nsites= 1 E= 0
  0.296166	  0.221610	  0.170873	  0.311351	
  0.443491	  0.074789	  0.114971	  0.366749	
  0.558136	  0.026698	  0.258424	  0.156742	
  0.466160	  0.510060	  0.000338	  0.023442	
  0.031326	  0.967229	  0.000400	  0.001045	
  0.077813	  0.883869	  0.037876	  0.000442	
  0.006183	  0.287663	  0.026359	  0.679795	
  0.508974	  0.176337	  0.140106	  0.174583	
  0.273515	  0.210894	  0.334072	  0.181518	

URL http://cisbp.ccbr.utoronto.ca/TFreport.php?versionNumber=1.02&searchTF=T123212_1.02

MOTIF M1397_1.02 (EuGene.0000130210)_(Ostreococcus_tauri)_(DBD_0.94)

letter-probability matrix: alength= 4 w= 8 nsites= 1 E= 0
  0.199383	  0.294484	  0.285781	  0.220352	
  0.265335	  0.327338	  0.232989	  0.174338	
  0.278432	  0.200172	  0.391183	  0.130213	
  0.334245	  0.103738	  0.265569	  0.296448	
  0.984956	  0.001791	  0.005066	  0.008187	
  0.093831	  0.018944	  0.014607	  0.872618	
  0.130107	  0.664050	  0.099321	  0.106523	
  0.243162	  0.226723	  0.205147	  0.324968	

URL http://cisbp.ccbr.utoronto.ca/TFreport.php?versionNumber=1.02&searchTF=T123226_1.02

MOTIF M1641_1.02 (e_gw1.9.429.1)_(Mus_musculus)_(DBD_0.78)

letter-probability matrix: alength= 4 w= 7 nsites= 1 E= 0
  0.486500	  0.104296	  0.119969	  0.289234	
  0.014489	  0.191210	  0.078521	  0.715780	
  0.639678	  0.069475	  0.000533	  0.290314	
  0.371463	  0.095340	  0.000769	  0.532428	
  0.515031	  0.123251	  0.123251	  0.238466	
  0.400342	  0.112429	  0.110202	  0.377028	
  0.323600	  0.170632	  0.188577	  0.317192	

URL http://cisbp.ccbr.utoronto.ca/TFreport.php?versionNumber=1.02&searchTF=T150830_1.02

MOTIF M1678_1.02 (est_orfs.10_1980_4270394:1)_(Arabidopsis_thaliana)_(DBD_0.50)

letter-probability matrix: alength= 4 w= 10 nsites= 1 E= 0
  0.332551	  0.189956	  0.218502	  0.258991	
  0.391822	  0.090090	  0.437382	  0.080706	
  0.012012	  0.007141	  0.930653	  0.050194	
  0.015673	  0.000009	  0.000028	  0.984291	
  0.045872	  0.930629	  0.014237	  0.009261	
  0.882532	  0.062352	  0.018780	  0.036336	
  0.849114	  0.016514	  0.107146	  0.027227	
  0.219251	  0.578372	  0.059753	  0.142625	
  0.160546	  0.186528	  0.458785	  0.194140	
  0.228047	  0.284164	  0.273022	  0.214767	

URL http://cisbp.ccbr.utoronto.ca/TFreport.php?versionNumber=1.02&searchTF=T154972_1.02

MOTIF M1695_1.02 (EuGene.0000010477)_(Arabidopsis_thaliana)_(DBD_0.38)

letter-probability matrix: alength= 4 w= 8 nsites= 1 E= 0
  0.125622	  0.125622	  0.001244	  0.747512	
  0.307515	  0.000767	  0.690951	  0.000767	
  0.000712	  0.000712	  0.997863	  0.000712	
  0.000712	  0.000712	  0.000712	  0.997863	
  0.000712	  0.997863	  0.000712	  0.000712	
  0.997863	  0.000712	  0.000712	  0.000712	
  0.997863	  0.000712	  0.000712	  0.000712	
  0.272645	  0.725543	  0.000906	  0.000906	

URL http://cisbp.ccbr.utoronto.ca/TFreport.php?versionNumber=1.02&searchTF=T154973_1.02

MOTIF M2344_1.02 (SAR_estExt_Genewise1Plus.C_20674)_(Arabidopsis_thaliana)_(DBD_0.63)

letter-probability matrix: alength= 4 w= 16 nsites= 1 E= 0
  0.321875	  0.187500	  0.212500	  0.278125	
  0.337500	  0.175000	  0.193750	  0.293750	
  0.162500	  0.171875	  0.093750	  0.571875	
  0.028125	  0.025000	  0.871875	  0.075000	
  0.468750	  0.515625	  0.003125	  0.012500	
  0.000000	  0.990625	  0.003125	  0.006250	
  0.968750	  0.003125	  0.028125	  0.000000	
  0.009375	  0.971875	  0.015625	  0.003125	
  0.003125	  0.015625	  0.971875	  0.009375	
  0.000000	  0.028125	  0.003125	  0.968750	
  0.006250	  0.003125	  0.990625	  0.000000	
  0.012500	  0.003125	  0.515625	  0.468750	
  0.075000	  0.871875	  0.025000	  0.028125	
  0.571875	  0.093750	  0.171875	  0.162500	
  0.293750	  0.193750	  0.175000	  0.337500	
  0.278125	  0.212500	  0.187500	  0.321875	

URL http://cisbp.ccbr.utoronto.ca/TFreport.php?versionNumber=1.02&searchTF=T030026_1.02

MOTIF M2372_1.02 (estExt_Genewise1Plus.C_20699)_(Arabidopsis_thaliana)_(DBD_0.98)

letter-probability matrix: alength= 4 w= 11 nsites= 1 E= 0
  0.140000	  0.450000	  0.230000	  0.180000	
  0.160000	  0.270000	  0.550000	  0.020000	
  0.000000	  0.919192	  0.040404	  0.040404	
  0.000000	  0.050000	  0.930000	  0.020000	
  0.040404	  0.939394	  0.000000	  0.020202	
  0.040404	  0.020202	  0.020202	  0.919192	
  0.080808	  0.000000	  0.858586	  0.060606	
  0.960000	  0.000000	  0.020000	  0.020000	
  0.040000	  0.040000	  0.920000	  0.000000	
  0.020000	  0.550000	  0.260000	  0.170000	
  0.151515	  0.323232	  0.242424	  0.282828	

URL http://cisbp.ccbr.utoronto.ca/TFreport.php?versionNumber=1.02&searchTF=T123146_1.02

MOTIF M6342_1.02 (e_gw1.13.374.1)_(Homo_sapiens)_(DBD_0.81)

letter-probability matrix: alength= 4 w= 12 nsites= 1 E= 0
  0.052632	  0.242105	  0.389474	  0.315789	
  0.273684	  0.642105	  0.000000	  0.084211	
  0.000000	  0.094737	  0.000000	  0.905263	
  0.905263	  0.000000	  0.000000	  0.094737	
  0.621053	  0.000000	  0.000000	  0.378947	
  0.905263	  0.000000	  0.000000	  0.094737	
  0.810526	  0.000000	  0.000000	  0.189474	
  0.905263	  0.000000	  0.094737	  0.000000	
  0.000000	  0.094737	  0.000000	  0.905263	
  1.000000	  0.000000	  0.000000	  0.000000	
  0.073684	  0.094737	  0.831579	  0.000000	
  0.221053	  0.589474	  0.052632	  0.136842	

URL http://cisbp.ccbr.utoronto.ca/TFreport.php?versionNumber=1.02&searchTF=T112231_1.02

