MEME version 4

ALPHABET= ACGT

strands: + -

Background letter frequencies (from uniform background):
A 0.25000 C 0.25000 G 0.25000 T 0.25000 

MOTIF M0082_1.02 (TFAP2E)_(Mus_musculus)_(DBD_0.75)

letter-probability matrix: alength= 4 w= 10 nsites= 1 E= 0
  0.220377	  0.335405	  0.102037	  0.342181	
  0.111784	  0.193750	  0.669524	  0.024942	
  0.009553	  0.989147	  0.000370	  0.000929	
  0.000437	  0.891193	  0.000324	  0.108046	
  0.046223	  0.377462	  0.191229	  0.385087	
  0.132612	  0.336106	  0.329451	  0.201830	
  0.430307	  0.248265	  0.229178	  0.092250	
  0.301624	  0.024759	  0.651437	  0.022180	
  0.055101	  0.000431	  0.943092	  0.001376	
  0.095237	  0.349453	  0.435445	  0.119865	

URL http://cisbp.ccbr.utoronto.ca/TFreport.php?versionNumber=1.02&searchTF=T004882_1.02

MOTIF M0083_1.02 (TFAP2A)_(Mus_musculus)_(DBD_0.88)

letter-probability matrix: alength= 4 w= 10 nsites= 1 E= 0
  0.163199	  0.129667	  0.108307	  0.598826	
  0.203446	  0.349115	  0.246017	  0.201422	
  0.001301	  0.331377	  0.667311	  0.000011	
  0.000045	  0.999930	  0.000011	  0.000014	
  0.000213	  0.948115	  0.000023	  0.051649	
  0.020037	  0.286458	  0.155647	  0.537857	
  0.106547	  0.394882	  0.390953	  0.107618	
  0.565281	  0.177208	  0.234469	  0.023042	
  0.100634	  0.000093	  0.899183	  0.000091	
  0.000120	  0.000038	  0.999823	  0.000019	

URL http://cisbp.ccbr.utoronto.ca/TFreport.php?versionNumber=1.02&searchTF=T004880_1.02

MOTIF M0084_1.02 (TFAP2C)_(Mus_musculus)_(DBD_0.73)

letter-probability matrix: alength= 4 w= 10 nsites= 1 E= 0
  0.194725	  0.400049	  0.150143	  0.255083	
  0.089600	  0.325498	  0.526030	  0.058872	
  0.000086	  0.989917	  0.000244	  0.009753	
  0.001248	  0.813717	  0.012325	  0.172710	
  0.070689	  0.449572	  0.225494	  0.254244	
  0.114154	  0.272476	  0.444767	  0.168603	
  0.586691	  0.182089	  0.161499	  0.069721	
  0.199175	  0.001924	  0.791701	  0.007201	
  0.019359	  0.000265	  0.975696	  0.004679	
  0.061747	  0.509308	  0.305837	  0.123107	

URL http://cisbp.ccbr.utoronto.ca/TFreport.php?versionNumber=1.02&searchTF=T004879_1.02

MOTIF M0103_1.02 ARID3A

letter-probability matrix: alength= 4 w= 9 nsites= 1 E= 0
  0.280526	  0.184318	  0.225127	  0.310029	
  0.226709	  0.176561	  0.107090	  0.489639	
  0.139203	  0.122233	  0.102098	  0.636466	
  0.115272	  0.102237	  0.056673	  0.725817	
  0.377683	  0.049110	  0.312329	  0.260879	
  0.967814	  0.010125	  0.010644	  0.011416	
  0.000386	  0.000207	  0.000101	  0.999306	
  0.294769	  0.222782	  0.115145	  0.367305	
  0.296025	  0.225979	  0.228250	  0.249746	

URL http://cisbp.ccbr.utoronto.ca/TFreport.php?versionNumber=1.02&searchTF=T007492_1.02

MOTIF M0107_1.02 (ARID5B)_(Mus_musculus)_(DBD_1.00)

letter-probability matrix: alength= 4 w= 8 nsites= 1 E= 0
  0.211233	  0.302766	  0.189230	  0.296771	
  0.227631	  0.246590	  0.319810	  0.205969	
  0.415268	  0.085535	  0.310730	  0.188467	
  0.253025	  0.128187	  0.077749	  0.541038	
  0.862146	  0.016600	  0.062142	  0.059111	
  0.095418	  0.001646	  0.067240	  0.835696	
  0.204269	  0.230313	  0.067995	  0.497422	
  0.279564	  0.198985	  0.305892	  0.215558	

URL http://cisbp.ccbr.utoronto.ca/TFreport.php?versionNumber=1.02&searchTF=T007494_1.02

MOTIF M0111_1.02 (ARID3C)_(Drosophila_melanogaster)_(DBD_0.77)

letter-probability matrix: alength= 4 w= 8 nsites= 1 E= 0
  0.228748	  0.221987	  0.148803	  0.400462	
  0.182465	  0.170129	  0.146431	  0.500975	
  0.138322	  0.188592	  0.071492	  0.601595	
  0.336065	  0.060178	  0.422972	  0.180785	
  0.973889	  0.000879	  0.022006	  0.003226	
  0.045194	  0.000361	  0.000150	  0.954295	
  0.278506	  0.244555	  0.112105	  0.364833	
  0.300420	  0.203401	  0.269126	  0.227052	

URL http://cisbp.ccbr.utoronto.ca/TFreport.php?versionNumber=1.02&searchTF=T007487_1.02

MOTIF M0129_1.02 (HMGA2)_(Monodelphis_domestica)_(DBD_0.46)

letter-probability matrix: alength= 4 w= 8 nsites= 1 E= 0
  0.272331	  0.232065	  0.256472	  0.239132	
  0.290589	  0.228585	  0.247623	  0.233203	
  0.328743	  0.205465	  0.238717	  0.227074	
  0.321069	  0.190882	  0.252562	  0.235487	
  0.312520	  0.159919	  0.255870	  0.271692	
  0.448771	  0.140683	  0.094303	  0.316243	
  0.716851	  0.000111	  0.282836	  0.000201	
  0.337735	  0.159535	  0.090221	  0.412510	

URL http://cisbp.ccbr.utoronto.ca/TFreport.php?versionNumber=1.02&searchTF=T008686_1.02

MOTIF M0168_1.02 (MYF6)_(Caenorhabditis_elegans)_(DBD_0.77)

letter-probability matrix: alength= 4 w= 8 nsites= 1 E= 0
  0.000000	  0.000000	  1.000000	  0.000000	
  1.000000	  0.000000	  0.000000	  0.000000	
  0.000000	  1.000000	  0.000000	  0.000000	
  1.000000	  0.000000	  0.000000	  0.000000	
  0.000000	  0.000000	  1.000000	  0.000000	
  0.000000	  1.000000	  0.000000	  0.000000	
  0.000000	  0.000000	  0.000000	  1.000000	
  0.000000	  0.000000	  1.000000	  0.000000	

URL http://cisbp.ccbr.utoronto.ca/TFreport.php?versionNumber=1.02&searchTF=T014827_1.02

MOTIF M0179_1.02 (ARNTL)_(Mus_musculus)_(DBD_0.67)

letter-probability matrix: alength= 4 w= 12 nsites= 1 E= 0
  0.306611	  0.231130	  0.231130	  0.231130	
  0.341743	  0.181842	  0.294572	  0.181842	
  0.079056	  0.079056	  0.208948	  0.632940	
  0.095302	  0.793287	  0.019820	  0.091591	
  0.999459	  0.000180	  0.000180	  0.000180	
  0.154221	  0.773647	  0.000180	  0.071951	
  0.000180	  0.000180	  0.852206	  0.147433	
  0.000180	  0.000180	  0.000180	  0.999459	
  0.097610	  0.019051	  0.864288	  0.019051	
  0.265173	  0.598151	  0.068338	  0.068338	
  0.316182	  0.171125	  0.171125	  0.341568	
  0.230360	  0.230360	  0.230360	  0.308919	

URL http://cisbp.ccbr.utoronto.ca/TFreport.php?versionNumber=1.02&searchTF=T014817_1.02

MOTIF M0182_1.02 (MLX)_(Mus_musculus)_(DBD_0.98)

letter-probability matrix: alength= 4 w= 10 nsites= 1 E= 0
  0.213490	  0.315320	  0.291077	  0.180114	
  0.120917	  0.709888	  0.074077	  0.095117	
  0.532339	  0.092507	  0.246480	  0.128674	
  0.018594	  0.873768	  0.029161	  0.078478	
  0.214454	  0.050810	  0.733697	  0.001039	
  0.018468	  0.000035	  0.050706	  0.930792	
  0.000057	  0.000070	  0.971682	  0.028192	
  0.357783	  0.270406	  0.190552	  0.181259	
  0.215087	  0.284589	  0.156186	  0.344139	
  0.253280	  0.348799	  0.182089	  0.215831	

URL http://cisbp.ccbr.utoronto.ca/TFreport.php?versionNumber=1.02&searchTF=T014850_1.02

MOTIF M0183_1.02 (HEY1)_(Mus_musculus)_(DBD_0.87)

letter-probability matrix: alength= 4 w= 9 nsites= 1 E= 0
  0.127939	  0.141394	  0.584966	  0.145701	
  0.373417	  0.217608	  0.219795	  0.189179	
  0.050354	  0.853272	  0.050354	  0.046020	
  0.802681	  0.011681	  0.158850	  0.026788	
  0.013844	  0.914033	  0.014848	  0.057275	
  0.054400	  0.029264	  0.903576	  0.012761	
  0.017038	  0.146267	  0.011652	  0.825043	
  0.010324	  0.002043	  0.967255	  0.020378	
  0.093895	  0.524360	  0.108005	  0.273740	

URL http://cisbp.ccbr.utoronto.ca/TFreport.php?versionNumber=1.02&searchTF=T014821_1.02

MOTIF M0186_1.02 (TCF12)_(Mus_musculus)_(DBD_0.87)

letter-probability matrix: alength= 4 w= 8 nsites= 1 E= 0
  0.258484	  0.297327	  0.322090	  0.122099	
  0.021337	  0.973045	  0.003005	  0.002613	
  0.939038	  0.031654	  0.017547	  0.011762	
  0.006883	  0.186627	  0.803606	  0.002884	
  0.203145	  0.138923	  0.654532	  0.003400	
  0.004243	  0.006926	  0.001216	  0.987615	
  0.003302	  0.000975	  0.986837	  0.008886	
  0.117426	  0.319197	  0.253613	  0.309764	

URL http://cisbp.ccbr.utoronto.ca/TFreport.php?versionNumber=1.02&searchTF=T014846_1.02

MOTIF M0188_1.02 (SREBF2)_(Mus_musculus)_(DBD_0.78)

letter-probability matrix: alength= 4 w= 9 nsites= 1 E= 0
  0.571172	  0.110796	  0.316616	  0.001416	
  0.160197	  0.136511	  0.060124	  0.643168	
  0.085304	  0.817480	  0.097147	  0.000069	
  0.711640	  0.000000	  0.190104	  0.098256	
  0.027171	  0.615315	  0.144335	  0.213180	
  0.158340	  0.306355	  0.466261	  0.069044	
  0.139616	  0.440934	  0.000021	  0.419429	
  0.070163	  0.219384	  0.539597	  0.170856	
  0.556484	  0.094788	  0.157849	  0.190879	

URL http://cisbp.ccbr.utoronto.ca/TFreport.php?versionNumber=1.02&searchTF=T014815_1.02

MOTIF M0189_1.02 (ID2)_(Mus_musculus)_(DBD_0.98)

letter-probability matrix: alength= 4 w= 8 nsites= 1 E= 0
  0.277716	  0.166851	  0.499446	  0.055987	
  0.000370	  0.998891	  0.000370	  0.000370	
  0.999001	  0.000333	  0.000333	  0.000333	
  0.000333	  0.999001	  0.000333	  0.000333	
  0.000333	  0.000333	  0.999001	  0.000333	
  0.000333	  0.000333	  0.000333	  0.999001	
  0.000344	  0.000344	  0.998967	  0.000344	
  0.499546	  0.045826	  0.272686	  0.181942	

URL http://cisbp.ccbr.utoronto.ca/TFreport.php?versionNumber=1.02&searchTF=T014848_1.02

MOTIF M0190_1.02 (SREBF1)_(Mus_musculus)_(DBD_0.78)

letter-probability matrix: alength= 4 w= 8 nsites= 1 E= 0
  0.077454	  0.000767	  0.000767	  0.921012	
  0.000587	  0.704812	  0.294014	  0.000587	
  0.411385	  0.000587	  0.587441	  0.000587	
  0.000587	  0.822183	  0.117958	  0.059272	
  0.000587	  0.000587	  0.998239	  0.000587	
  0.000587	  0.059272	  0.000587	  0.939554	
  0.000587	  0.000587	  0.998239	  0.000587	
  0.844325	  0.000767	  0.077454	  0.077454	

URL http://cisbp.ccbr.utoronto.ca/TFreport.php?versionNumber=1.02&searchTF=T014857_1.02

MOTIF M0193_1.02 (TFEC)_(Mus_musculus)_(DBD_0.81)

letter-probability matrix: alength= 4 w= 8 nsites= 1 E= 0
  0.279394	  0.073633	  0.632128	  0.014844	
  0.027107	  0.045119	  0.072136	  0.855638	
  0.000075	  0.999776	  0.000075	  0.000075	
  0.850567	  0.037377	  0.029916	  0.082140	
  0.000075	  0.828186	  0.044837	  0.126902	
  0.104521	  0.022456	  0.872948	  0.000075	
  0.173579	  0.140532	  0.057915	  0.627974	
  0.000093	  0.000093	  0.990466	  0.009348	

URL http://cisbp.ccbr.utoronto.ca/TFreport.php?versionNumber=1.02&searchTF=T014838_1.02

MOTIF M0195_1.02 (MSC)_(Mus_musculus)_(DBD_1.00)

letter-probability matrix: alength= 4 w= 10 nsites= 1 E= 0
  0.349915	  0.146774	  0.278558	  0.224752	
  0.357002	  0.417355	  0.173504	  0.052139	
  0.139509	  0.827857	  0.032001	  0.000633	
  0.724593	  0.000000	  0.227645	  0.047763	
  0.064454	  0.126184	  0.294078	  0.515285	
  0.515285	  0.294078	  0.126184	  0.064454	
  0.047763	  0.227645	  0.000000	  0.724593	
  0.000633	  0.032001	  0.827857	  0.139509	
  0.052139	  0.173504	  0.417355	  0.357002	
  0.224752	  0.278558	  0.146774	  0.349915	

URL http://cisbp.ccbr.utoronto.ca/TFreport.php?versionNumber=1.02&searchTF=T014866_1.02

MOTIF M0196_1.02 (NPAS2)_(Mus_musculus)_(DBD_0.96)

letter-probability matrix: alength= 4 w= 10 nsites= 1 E= 0
  0.273313	  0.176530	  0.292754	  0.257403	
  0.154185	  0.377249	  0.420347	  0.048219	
  0.000226	  0.999321	  0.000226	  0.000226	
  0.999321	  0.000226	  0.000226	  0.000226	
  0.081100	  0.918447	  0.000226	  0.000226	
  0.081100	  0.000226	  0.918447	  0.000226	
  0.000226	  0.000226	  0.000226	  0.999321	
  0.081100	  0.000226	  0.918447	  0.000226	
  0.073697	  0.172181	  0.187665	  0.566457	
  0.297058	  0.298928	  0.202007	  0.202007	

URL http://cisbp.ccbr.utoronto.ca/TFreport.php?versionNumber=1.02&searchTF=T014874_1.02

MOTIF M0197_1.02 (USF2)_(Mus_musculus)_(DBD_0.82)

letter-probability matrix: alength= 4 w= 11 nsites= 1 E= 0
  0.233907	  0.233907	  0.233907	  0.298278	
  0.459617	  0.123761	  0.292862	  0.123761	
  0.017725	  0.171968	  0.153118	  0.657189	
  0.000135	  0.999596	  0.000135	  0.000135	
  0.999596	  0.000135	  0.000135	  0.000135	
  0.064505	  0.935226	  0.000135	  0.000135	
  0.000135	  0.000135	  0.935226	  0.064505	
  0.064505	  0.000135	  0.000135	  0.935226	
  0.016227	  0.016227	  0.951318	  0.016227	
  0.330773	  0.196186	  0.346666	  0.126374	
  0.232410	  0.232410	  0.302771	  0.232410	

URL http://cisbp.ccbr.utoronto.ca/TFreport.php?versionNumber=1.02&searchTF=T014818_1.02

MOTIF M0198_1.02 (ENSMICG00000002484)_(Mus_musculus)_(DBD_0.82)

letter-probability matrix: alength= 4 w= 10 nsites= 1 E= 0
  0.314175	  0.219192	  0.249622	  0.217011	
  0.209218	  0.174753	  0.434144	  0.181885	
  0.159171	  0.387601	  0.102512	  0.350716	
  0.253998	  0.378920	  0.186294	  0.180788	
  0.131112	  0.769738	  0.026471	  0.072679	
  0.075648	  0.029847	  0.894341	  0.000165	
  0.109744	  0.024733	  0.070679	  0.794844	
  0.000431	  0.092665	  0.896940	  0.009964	
  0.171237	  0.574240	  0.137421	  0.117102	
  0.291434	  0.191486	  0.303328	  0.213752	

URL http://cisbp.ccbr.utoronto.ca/TFreport.php?versionNumber=1.02&searchTF=T014822_1.02

MOTIF M0199_1.02 (HES1)_(Mus_musculus)_(DBD_0.67)

letter-probability matrix: alength= 4 w= 13 nsites= 1 E= 0
  0.214247	  0.214247	  0.214247	  0.357260	
  0.341052	  0.197239	  0.197239	  0.264469	
  0.341052	  0.197239	  0.197239	  0.264469	
  0.245377	  0.332697	  0.244578	  0.177348	
  0.082925	  0.152323	  0.681827	  0.082925	
  0.602961	  0.000158	  0.396723	  0.000158	
  0.281517	  0.718168	  0.000158	  0.000158	
  0.930129	  0.000158	  0.069555	  0.000158	
  0.174257	  0.753921	  0.035911	  0.035911	
  0.123235	  0.052918	  0.770928	  0.052918	
  0.052918	  0.052918	  0.052918	  0.841245	
  0.143126	  0.072810	  0.711254	  0.072810	
  0.237549	  0.427986	  0.167232	  0.167232	

URL http://cisbp.ccbr.utoronto.ca/TFreport.php?versionNumber=1.02&searchTF=T014856_1.02

MOTIF M0202_1.02 (MITF)_(Mus_musculus)_(DBD_0.93)

letter-probability matrix: alength= 4 w= 10 nsites= 1 E= 0
  0.280968	  0.204025	  0.289525	  0.225482	
  0.388583	  0.108041	  0.408506	  0.094870	
  0.108488	  0.142115	  0.143543	  0.605853	
  0.026996	  0.958819	  0.011424	  0.002761	
  0.775226	  0.088513	  0.037456	  0.098806	
  0.016809	  0.659789	  0.094814	  0.228588	
  0.191760	  0.069148	  0.710696	  0.028396	
  0.251525	  0.190098	  0.135306	  0.423071	
  0.053920	  0.058411	  0.786428	  0.101241	
  0.240583	  0.217689	  0.315155	  0.226573	

URL http://cisbp.ccbr.utoronto.ca/TFreport.php?versionNumber=1.02&searchTF=T014824_1.02

MOTIF M0203_1.02 (FIGLA)_(Mus_musculus)_(DBD_0.70)

letter-probability matrix: alength= 4 w= 9 nsites= 1 E= 0
  0.250583	  0.381378	  0.193213	  0.174826	
  0.013384	  0.986426	  0.000150	  0.000039	
  0.917989	  0.033188	  0.040132	  0.008690	
  0.008390	  0.398232	  0.570798	  0.022579	
  0.046180	  0.314989	  0.627999	  0.010832	
  0.001167	  0.022070	  0.000006	  0.976757	
  0.059828	  0.014034	  0.881371	  0.044767	
  0.176480	  0.217719	  0.308958	  0.296844	
  0.272826	  0.167140	  0.206197	  0.353836	

URL http://cisbp.ccbr.utoronto.ca/TFreport.php?versionNumber=1.02&searchTF=T014854_1.02

MOTIF M0210_1.02 (MYOD1)_(Mus_musculus)_(DBD_0.81)

letter-probability matrix: alength= 4 w= 9 nsites= 1 E= 0
  0.597222	  0.001984	  0.398810	  0.001984	
  0.886062	  0.001106	  0.001106	  0.111726	
  0.000996	  0.997012	  0.000996	  0.000996	
  0.997012	  0.000996	  0.000996	  0.000996	
  0.001106	  0.001106	  0.775442	  0.222345	
  0.222345	  0.554204	  0.001106	  0.222345	
  0.001106	  0.001106	  0.001106	  0.996681	
  0.001106	  0.001106	  0.996681	  0.001106	
  0.398810	  0.200397	  0.001984	  0.398810	

URL http://cisbp.ccbr.utoronto.ca/TFreport.php?versionNumber=1.02&searchTF=T014833_1.02

MOTIF M0211_1.02 (MLXIP)_(Mus_musculus)_(DBD_0.82)

letter-probability matrix: alength= 4 w= 8 nsites= 1 E= 0
  0.053046	  0.263130	  0.420693	  0.263130	
  0.000399	  0.998802	  0.000399	  0.000399	
  0.998802	  0.000399	  0.000399	  0.000399	
  0.000399	  0.998802	  0.000399	  0.000399	
  0.000399	  0.000399	  0.998802	  0.000399	
  0.000399	  0.000399	  0.000399	  0.998802	
  0.000399	  0.000399	  0.998802	  0.000399	
  0.187656	  0.062968	  0.250000	  0.499377	

URL http://cisbp.ccbr.utoronto.ca/TFreport.php?versionNumber=1.02&searchTF=T014816_1.02

MOTIF M0213_1.02 (OLIG2)_(Mus_musculus)_(DBD_0.96)

letter-probability matrix: alength= 4 w= 11 nsites= 1 E= 0
  0.201784	  0.295980	  0.300452	  0.201784	
  0.274925	  0.079923	  0.079923	  0.565228	
  0.731885	  0.120705	  0.024371	  0.123039	
  0.189822	  0.517890	  0.000302	  0.291985	
  0.195173	  0.614669	  0.000302	  0.189856	
  0.809704	  0.000302	  0.000302	  0.189691	
  0.000302	  0.194479	  0.093488	  0.711731	
  0.905907	  0.000302	  0.000302	  0.093488	
  0.243671	  0.144721	  0.237061	  0.374546	
  0.170379	  0.170379	  0.392660	  0.266582	
  0.225931	  0.225931	  0.322206	  0.225931	

URL http://cisbp.ccbr.utoronto.ca/TFreport.php?versionNumber=1.02&searchTF=T014828_1.02

MOTIF M0214_1.02 (TCF15)_(Mus_musculus)_(DBD_0.62)

letter-probability matrix: alength= 4 w= 9 nsites= 1 E= 0
  0.745050	  0.002475	  0.250000	  0.002475	
  0.747512	  0.250000	  0.001244	  0.001244	
  0.001244	  0.996269	  0.001244	  0.001244	
  0.996269	  0.001244	  0.001244	  0.001244	
  0.001244	  0.001244	  0.374378	  0.623134	
  0.623134	  0.374378	  0.001244	  0.001244	
  0.001244	  0.001244	  0.001244	  0.996269	
  0.001244	  0.001244	  0.996269	  0.001244	
  0.002475	  0.002475	  0.497525	  0.497525	

URL http://cisbp.ccbr.utoronto.ca/TFreport.php?versionNumber=1.02&searchTF=T014829_1.02

MOTIF M0216_1.02 (NHLH2)_(Mus_musculus)_(DBD_1.00)

letter-probability matrix: alength= 4 w= 10 nsites= 1 E= 0
  0.282767	  0.305521	  0.171954	  0.239759	
  0.037628	  0.037628	  0.674128	  0.250617	
  0.000178	  0.862732	  0.000178	  0.136912	
  0.930537	  0.000178	  0.069106	  0.000178	
  0.071132	  0.077413	  0.714543	  0.136912	
  0.145218	  0.714543	  0.069106	  0.071132	
  0.000178	  0.067984	  0.000178	  0.931660	
  0.077413	  0.000178	  0.922231	  0.000178	
  0.152455	  0.301874	  0.078225	  0.467447	
  0.281479	  0.212551	  0.293420	  0.212551	

URL http://cisbp.ccbr.utoronto.ca/TFreport.php?versionNumber=1.02&searchTF=T014823_1.02

MOTIF M0220_1.02 (ARNT)_(Mus_musculus)_(DBD_0.67)

letter-probability matrix: alength= 4 w= 10 nsites= 1 E= 0
  0.250929	  0.229332	  0.261169	  0.258571	
  0.245912	  0.124583	  0.558342	  0.071163	
  0.061688	  0.043908	  0.142892	  0.751513	
  0.002732	  0.997148	  0.000037	  0.000083	
  0.953025	  0.016113	  0.010172	  0.020690	
  0.001939	  0.965026	  0.009414	  0.023621	
  0.048059	  0.002671	  0.946167	  0.003103	
  0.054023	  0.057940	  0.051388	  0.836649	
  0.009432	  0.004113	  0.938317	  0.048139	
  0.255140	  0.330899	  0.145739	  0.268222	

URL http://cisbp.ccbr.utoronto.ca/TFreport.php?versionNumber=1.02&searchTF=T014834_1.02

MOTIF M0224_1.02 (NEUROD4)_(Mus_musculus)_(DBD_0.60)

letter-probability matrix: alength= 4 w= 10 nsites= 1 E= 0
  0.294121	  0.202526	  0.300826	  0.202526	
  0.303479	  0.500296	  0.098113	  0.098113	
  0.000011	  0.999968	  0.000011	  0.000011	
  0.999968	  0.000011	  0.000011	  0.000011	
  0.000011	  0.000011	  0.087923	  0.912055	
  0.912055	  0.087923	  0.000011	  0.000011	
  0.000011	  0.000011	  0.000011	  0.999968	
  0.000011	  0.000011	  0.999968	  0.000011	
  0.047484	  0.118649	  0.168178	  0.665688	
  0.151898	  0.243456	  0.221525	  0.383121	

URL http://cisbp.ccbr.utoronto.ca/TFreport.php?versionNumber=1.02&searchTF=T014843_1.02

MOTIF M0227_1.02 (MAX)_(Caenorhabditis_elegans)_(DBD_0.62)

letter-probability matrix: alength= 4 w= 8 nsites= 1 E= 0
  0.083333	  0.666667	  0.250000	  0.000000	
  0.000000	  1.000000	  0.000000	  0.000000	
  1.000000	  0.000000	  0.000000	  0.000000	
  0.000000	  1.000000	  0.000000	  0.000000	
  0.000000	  0.000000	  1.000000	  0.000000	
  0.000000	  0.000000	  0.000000	  1.000000	
  0.000000	  0.000000	  1.000000	  0.000000	
  0.090909	  0.181818	  0.090909	  0.636364	

URL http://cisbp.ccbr.utoronto.ca/TFreport.php?versionNumber=1.02&searchTF=T014861_1.02

MOTIF M0290_1.02 (MAFF)_(Mus_musculus)_(DBD_0.75)

letter-probability matrix: alength= 4 w= 10 nsites= 1 E= 0
  0.317998	  0.169363	  0.213160	  0.299479	
  0.335740	  0.132467	  0.157014	  0.374779	
  0.311840	  0.169439	  0.110221	  0.408500	
  0.224835	  0.184079	  0.193517	  0.397568	
  0.110627	  0.253703	  0.053848	  0.581822	
  0.121552	  0.112207	  0.544759	  0.221482	
  0.185362	  0.479292	  0.124252	  0.211095	
  0.235995	  0.224485	  0.173090	  0.366431	
  0.225334	  0.180834	  0.356945	  0.236887	
  0.364404	  0.206080	  0.225487	  0.204029	

URL http://cisbp.ccbr.utoronto.ca/TFreport.php?versionNumber=1.02&searchTF=T025703_1.02

MOTIF M0292_1.02 (XBP1)_(Mus_musculus)_(DBD_0.97)

letter-probability matrix: alength= 4 w= 9 nsites= 1 E= 0
  0.257391	  0.198462	  0.311250	  0.232897	
  0.254425	  0.249387	  0.116630	  0.379558	
  0.173011	  0.258102	  0.318414	  0.250474	
  0.748740	  0.000179	  0.023299	  0.227783	
  0.000090	  0.999847	  0.000000	  0.000064	
  0.191375	  0.092225	  0.716397	  0.000003	
  0.000003	  0.280452	  0.001594	  0.717951	
  0.304634	  0.160631	  0.395089	  0.139646	
  0.193967	  0.165288	  0.301174	  0.339572	

URL http://cisbp.ccbr.utoronto.ca/TFreport.php?versionNumber=1.02&searchTF=T025688_1.02

MOTIF M0293_1.02 (HLF)_(Mus_musculus)_(DBD_0.78)

letter-probability matrix: alength= 4 w= 10 nsites= 1 E= 0
  0.209154	  0.198953	  0.276737	  0.315156	
  0.393309	  0.153638	  0.370405	  0.082648	
  0.067956	  0.045099	  0.059078	  0.827868	
  0.036385	  0.049114	  0.161442	  0.753060	
  0.645066	  0.030550	  0.232608	  0.091776	
  0.077480	  0.544580	  0.057398	  0.320542	
  0.252937	  0.164538	  0.479689	  0.102836	
  0.174732	  0.252965	  0.129444	  0.442859	
  0.368093	  0.244285	  0.225503	  0.162120	
  0.440205	  0.171956	  0.197797	  0.190041	

URL http://cisbp.ccbr.utoronto.ca/TFreport.php?versionNumber=1.02&searchTF=T025683_1.02

MOTIF M0296_1.02 (FOSL2)_(Mus_musculus)_(DBD_0.75)

letter-probability matrix: alength= 4 w= 11 nsites= 1 E= 0
  0.232400	  0.232400	  0.232400	  0.302800	
  0.232400	  0.232400	  0.302800	  0.232400	
  0.610342	  0.103117	  0.183423	  0.103117	
  0.000108	  0.000108	  0.000108	  0.999677	
  0.000108	  0.000108	  0.937311	  0.062474	
  0.999677	  0.000108	  0.000108	  0.000108	
  0.000108	  0.999677	  0.000108	  0.000108	
  0.000108	  0.000108	  0.513290	  0.486494	
  0.017708	  0.566158	  0.017708	  0.398426	
  0.628524	  0.261855	  0.091913	  0.017708	
  0.327839	  0.254412	  0.146991	  0.270758	

URL http://cisbp.ccbr.utoronto.ca/TFreport.php?versionNumber=1.02&searchTF=T025677_1.02

MOTIF M0297_1.02 (CREM)_(Mus_musculus)_(DBD_0.93)

letter-probability matrix: alength= 4 w= 9 nsites= 1 E= 0
  0.357458	  0.170548	  0.361051	  0.110943	
  0.016538	  0.109473	  0.065084	  0.808904	
  0.001209	  0.089107	  0.665032	  0.244652	
  0.783865	  0.024149	  0.128283	  0.063703	
  0.032696	  0.834861	  0.002478	  0.129965	
  0.112813	  0.046793	  0.777229	  0.063164	
  0.152103	  0.245811	  0.086883	  0.515203	
  0.338131	  0.263337	  0.228934	  0.169598	
  0.290142	  0.192553	  0.254773	  0.262532	

URL http://cisbp.ccbr.utoronto.ca/TFreport.php?versionNumber=1.02&searchTF=T025674_1.02

MOTIF M0299_1.02 (JDP2)_(Mus_musculus)_(DBD_0.72)

letter-probability matrix: alength= 4 w= 8 nsites= 1 E= 0
  0.087240	  0.130642	  0.694878	  0.087240	
  0.827911	  0.000285	  0.171518	  0.000285	
  0.000238	  0.000238	  0.000238	  0.999286	
  0.000238	  0.000238	  0.951713	  0.047812	
  0.999286	  0.000238	  0.000238	  0.000238	
  0.000238	  0.999286	  0.000238	  0.000238	
  0.108261	  0.000270	  0.810205	  0.081263	
  0.096972	  0.193621	  0.032539	  0.676869	

URL http://cisbp.ccbr.utoronto.ca/TFreport.php?versionNumber=1.02&searchTF=T025715_1.02

MOTIF M0300_1.02 (ATF2)_(Mus_musculus)_(DBD_1.00)

letter-probability matrix: alength= 4 w= 10 nsites= 1 E= 0
  0.291870	  0.184253	  0.277636	  0.246241	
  0.530199	  0.133387	  0.274034	  0.062380	
  0.035631	  0.062379	  0.001238	  0.900752	
  0.073796	  0.082377	  0.556301	  0.287525	
  0.757933	  0.025806	  0.125285	  0.090976	
  0.084682	  0.638364	  0.084682	  0.192271	
  0.156906	  0.065082	  0.710273	  0.067738	
  0.117142	  0.166233	  0.068950	  0.647675	
  0.368627	  0.407396	  0.102492	  0.121484	
  0.489340	  0.124345	  0.187365	  0.198951	

URL http://cisbp.ccbr.utoronto.ca/TFreport.php?versionNumber=1.02&searchTF=T025693_1.02

MOTIF M0301_1.02 (FOSL1)_(Mus_musculus)_(DBD_0.75)

letter-probability matrix: alength= 4 w= 8 nsites= 1 E= 0
  0.043837	  0.130642	  0.694878	  0.130642	
  0.966817	  0.000322	  0.032539	  0.000322	
  0.000294	  0.029671	  0.000294	  0.969741	
  0.000294	  0.000294	  0.999119	  0.000294	
  0.969741	  0.000294	  0.000294	  0.029671	
  0.000294	  0.999119	  0.000294	  0.000294	
  0.143010	  0.000357	  0.606633	  0.250000	
  0.158088	  0.368172	  0.053046	  0.420693	

URL http://cisbp.ccbr.utoronto.ca/TFreport.php?versionNumber=1.02&searchTF=T025705_1.02

MOTIF M0305_1.02 (CREB3L2)_(Mus_musculus)_(DBD_1.00)

letter-probability matrix: alength= 4 w= 9 nsites= 1 E= 0
  0.002475	  0.002475	  0.745050	  0.250000	
  0.250000	  0.623134	  0.001244	  0.125622	
  0.001244	  0.871891	  0.125622	  0.001244	
  0.996269	  0.001244	  0.001244	  0.001244	
  0.001244	  0.996269	  0.001244	  0.001244	
  0.001244	  0.001244	  0.996269	  0.001244	
  0.001244	  0.001244	  0.001244	  0.996269	
  0.001420	  0.143466	  0.853693	  0.001420	
  0.250000	  0.002475	  0.250000	  0.497525	

URL http://cisbp.ccbr.utoronto.ca/TFreport.php?versionNumber=1.02&searchTF=T025687_1.02

MOTIF M0306_1.02 (ATF5)_(Mus_musculus)_(DBD_0.58)

letter-probability matrix: alength= 4 w= 13 nsites= 1 E= 0
  0.225953	  0.322141	  0.225953	  0.225953	
  0.275447	  0.272623	  0.179259	  0.272671	
  0.419876	  0.225846	  0.223845	  0.130433	
  0.143666	  0.141617	  0.150860	  0.563858	
  0.117391	  0.119440	  0.152771	  0.610399	
  0.607710	  0.000238	  0.289208	  0.102844	
  0.093650	  0.713348	  0.000238	  0.192764	
  0.190971	  0.093650	  0.522049	  0.193330	
  0.220303	  0.311922	  0.024285	  0.443490	
  0.562908	  0.199722	  0.166391	  0.070979	
  0.345918	  0.317568	  0.119805	  0.216709	
  0.297141	  0.298889	  0.201985	  0.201985	
  0.226211	  0.226211	  0.226211	  0.321368	

URL http://cisbp.ccbr.utoronto.ca/TFreport.php?versionNumber=1.02&searchTF=T025685_1.02

MOTIF M0307_1.02 (CREBZF)_(Mus_musculus)_(DBD_0.81)

letter-probability matrix: alength= 4 w= 8 nsites= 1 E= 0
  0.498756	  0.125622	  0.001244	  0.374378	
  0.498756	  0.001244	  0.001244	  0.498756	
  0.996681	  0.001106	  0.001106	  0.001106	
  0.001106	  0.996681	  0.001106	  0.001106	
  0.001106	  0.001106	  0.996681	  0.001106	
  0.001106	  0.001106	  0.001106	  0.996681	
  0.498756	  0.001244	  0.001244	  0.498756	
  0.200397	  0.001984	  0.398810	  0.398810	

URL http://cisbp.ccbr.utoronto.ca/TFreport.php?versionNumber=1.02&searchTF=T025692_1.02

MOTIF M0309_1.02 (CREB5)_(Mus_musculus)_(DBD_0.79)

letter-probability matrix: alength= 4 w= 10 nsites= 1 E= 0
  0.260002	  0.181397	  0.311279	  0.247322	
  0.577516	  0.121357	  0.289668	  0.011459	
  0.000019	  0.055723	  0.000006	  0.944252	
  0.074595	  0.061073	  0.579449	  0.284883	
  0.852748	  0.005980	  0.140958	  0.000313	
  0.000066	  0.834717	  0.000028	  0.165189	
  0.169554	  0.075428	  0.694486	  0.060532	
  0.133120	  0.126628	  0.087466	  0.652787	
  0.371994	  0.440927	  0.102399	  0.084680	
  0.527113	  0.119991	  0.170275	  0.182621	

URL http://cisbp.ccbr.utoronto.ca/TFreport.php?versionNumber=1.02&searchTF=T025696_1.02

MOTIF M0313_1.02 (CEBPG)_(Mus_musculus)_(DBD_1.00)

letter-probability matrix: alength= 4 w= 10 nsites= 1 E= 0
  0.231876	  0.201583	  0.288935	  0.277606	
  0.445882	  0.170725	  0.317366	  0.066026	
  0.064153	  0.042152	  0.047053	  0.846642	
  0.027177	  0.055277	  0.142931	  0.774614	
  0.304859	  0.000145	  0.492675	  0.202320	
  0.087581	  0.673554	  0.077678	  0.161187	
  0.302455	  0.164339	  0.376882	  0.156324	
  0.234880	  0.313900	  0.134166	  0.317055	
  0.391736	  0.281628	  0.160869	  0.165768	
  0.466130	  0.183913	  0.171480	  0.178478	

URL http://cisbp.ccbr.utoronto.ca/TFreport.php?versionNumber=1.02&searchTF=T025706_1.02

MOTIF M0315_1.02 (CEBPE)_(Mus_musculus)_(DBD_0.75)

letter-probability matrix: alength= 4 w= 10 nsites= 1 E= 0
  0.431714	  0.208047	  0.298200	  0.062039	
  0.000768	  0.000197	  0.000189	  0.998845	
  0.000294	  0.000168	  0.000030	  0.999508	
  0.280621	  0.000476	  0.582311	  0.136593	
  0.088026	  0.755689	  0.045496	  0.110789	
  0.258429	  0.120858	  0.525642	  0.095071	
  0.244243	  0.410824	  0.024982	  0.319950	
  0.643236	  0.294863	  0.024693	  0.037208	
  0.847747	  0.045267	  0.061718	  0.045267	
  0.110259	  0.293780	  0.187322	  0.408639	

URL http://cisbp.ccbr.utoronto.ca/TFreport.php?versionNumber=1.02&searchTF=T025682_1.02

MOTIF M0318_1.02 (TEF)_(Mus_musculus)_(DBD_0.67)

letter-probability matrix: alength= 4 w= 13 nsites= 1 E= 0
  0.227605	  0.227605	  0.227605	  0.317186	
  0.317186	  0.227605	  0.227605	  0.227605	
  0.225575	  0.058277	  0.058277	  0.657871	
  0.193357	  0.039156	  0.121950	  0.645538	
  0.861849	  0.020145	  0.020145	  0.097861	
  0.157740	  0.676007	  0.000185	  0.166067	
  0.600658	  0.000185	  0.398971	  0.000185	
  0.000185	  0.130427	  0.076670	  0.792718	
  0.779729	  0.022581	  0.022581	  0.175109	
  0.779729	  0.022581	  0.098625	  0.099065	
  0.348232	  0.267952	  0.191908	  0.191908	
  0.211029	  0.211029	  0.287073	  0.290868	
  0.230040	  0.230040	  0.230040	  0.309879	

URL http://cisbp.ccbr.utoronto.ca/TFreport.php?versionNumber=1.02&searchTF=T025707_1.02

MOTIF M0321_1.02 (MAF)_(Mus_musculus)_(DBD_0.56)

letter-probability matrix: alength= 4 w= 13 nsites= 1 E= 0
  0.310088	  0.229971	  0.229971	  0.229971	
  0.310088	  0.229971	  0.229971	  0.229971	
  0.388911	  0.203696	  0.203696	  0.203696	
  0.200318	  0.175901	  0.220542	  0.403239	
  0.020652	  0.020652	  0.020652	  0.938043	
  0.000209	  0.000209	  0.999374	  0.000209	
  0.000209	  0.999374	  0.000209	  0.000209	
  0.080326	  0.000209	  0.000209	  0.919257	
  0.020238	  0.020238	  0.939286	  0.020238	
  0.939286	  0.020238	  0.020238	  0.020238	
  0.046512	  0.860463	  0.046512	  0.046512	
  0.151778	  0.247677	  0.336617	  0.263927	
  0.229556	  0.229556	  0.229556	  0.311331	

URL http://cisbp.ccbr.utoronto.ca/TFreport.php?versionNumber=1.02&searchTF=T025721_1.02

MOTIF M0393_1.02 (GLIS2)_(Mus_musculus)_(DBD_1.00)

letter-probability matrix: alength= 4 w= 11 nsites= 1 E= 0
  0.296412	  0.201346	  0.300897	  0.201346	
  0.309315	  0.227261	  0.127710	  0.335713	
  0.231420	  0.044907	  0.678767	  0.044907	
  0.365605	  0.000178	  0.634038	  0.000178	
  0.000178	  0.000178	  0.999466	  0.000178	
  0.000178	  0.000178	  0.999466	  0.000178	
  0.000178	  0.000178	  0.999466	  0.000178	
  0.000178	  0.000178	  0.999466	  0.000178	
  0.048833	  0.048833	  0.048833	  0.853502	
  0.238588	  0.516476	  0.122468	  0.122468	
  0.205271	  0.291670	  0.205271	  0.297787	

URL http://cisbp.ccbr.utoronto.ca/TFreport.php?versionNumber=1.02&searchTF=T047250_1.02

MOTIF M0397_1.02 (ZNF263)_(Mus_musculus)_(DBD_0.95)

letter-probability matrix: alength= 4 w= 8 nsites= 1 E= 0
  0.150000	  0.150000	  0.600000	  0.100000	
  0.038462	  0.038462	  0.807692	  0.115385	
  0.035714	  0.035714	  0.892857	  0.035714	
  0.892857	  0.035714	  0.035714	  0.035714	
  0.035714	  0.035714	  0.714286	  0.214286	
  0.035714	  0.535714	  0.392857	  0.035714	
  0.892857	  0.035714	  0.035714	  0.035714	
  0.045455	  0.818182	  0.090909	  0.045455	

URL http://cisbp.ccbr.utoronto.ca/TFreport.php?versionNumber=1.02&searchTF=T047164_1.02

MOTIF M0398_1.02 (ZSCAN10)_(Mus_musculus)_(DBD_0.81)

letter-probability matrix: alength= 4 w= 11 nsites= 1 E= 0
  0.302984	  0.232339	  0.232339	  0.232339	
  0.040148	  0.040148	  0.879557	  0.040148	
  0.232382	  0.017611	  0.503545	  0.246461	
  0.510667	  0.000101	  0.489130	  0.000101	
  0.999696	  0.000101	  0.000101	  0.000101	
  0.000101	  0.000101	  0.999696	  0.000101	
  0.000101	  0.000101	  0.000101	  0.999696	
  0.000101	  0.000101	  0.999696	  0.000101	
  0.017763	  0.877019	  0.017763	  0.087456	
  0.370139	  0.209954	  0.209954	  0.209954	
  0.302529	  0.232490	  0.232490	  0.232490	

URL http://cisbp.ccbr.utoronto.ca/TFreport.php?versionNumber=1.02&searchTF=T047046_1.02

MOTIF M0402_1.02 (SP6)_(Mus_musculus)_(DBD_0.78)

letter-probability matrix: alength= 4 w= 10 nsites= 1 E= 0
  0.345672	  0.149230	  0.297523	  0.207575	
  0.236315	  0.119721	  0.541945	  0.102020	
  0.126852	  0.013504	  0.562855	  0.296789	
  0.166514	  0.000013	  0.833039	  0.000434	
  0.000036	  0.000030	  0.999670	  0.000264	
  0.011649	  0.000039	  0.987545	  0.000767	
  0.160079	  0.668920	  0.014093	  0.156909	
  0.035629	  0.024858	  0.909753	  0.029760	
  0.045986	  0.028741	  0.501866	  0.423407	
  0.212327	  0.118882	  0.458577	  0.210214	

URL http://cisbp.ccbr.utoronto.ca/TFreport.php?versionNumber=1.02&searchTF=T046946_1.02

MOTIF M0404_1.02 (ZNF202)_(Mus_musculus)_(DBD_0.87)

letter-probability matrix: alength= 4 w= 10 nsites= 1 E= 0
  0.285048	  0.209068	  0.226480	  0.279404	
  0.313707	  0.190273	  0.249250	  0.246770	
  0.222819	  0.189874	  0.325825	  0.261481	
  0.170544	  0.190374	  0.411163	  0.227919	
  0.007796	  0.001638	  0.857134	  0.133432	
  0.004399	  0.000062	  0.973967	  0.021572	
  0.005120	  0.000231	  0.873980	  0.120670	
  0.212111	  0.165192	  0.506289	  0.116409	
  0.073646	  0.391221	  0.353992	  0.181141	
  0.406486	  0.225326	  0.236879	  0.131309	

URL http://cisbp.ccbr.utoronto.ca/TFreport.php?versionNumber=1.02&searchTF=T047016_1.02

MOTIF M0405_1.02 (KLF3)_(Mus_musculus)_(DBD_0.81)

letter-probability matrix: alength= 4 w= 10 nsites= 1 E= 0
  0.322200	  0.077105	  0.258571	  0.342124	
  0.174850	  0.000229	  0.823801	  0.001121	
  0.000272	  0.000173	  0.999363	  0.000191	
  0.000074	  0.000241	  0.999596	  0.000089	
  0.100743	  0.660217	  0.010304	  0.228736	
  0.015211	  0.000320	  0.974574	  0.009895	
  0.042318	  0.089587	  0.352557	  0.515538	
  0.208085	  0.076550	  0.538047	  0.177318	
  0.167365	  0.115605	  0.497789	  0.219242	
  0.170239	  0.414554	  0.180766	  0.234441	

URL http://cisbp.ccbr.utoronto.ca/TFreport.php?versionNumber=1.02&searchTF=T046852_1.02

MOTIF M0407_1.02 (MTF1)_(Mus_musculus)_(DBD_0.99)

letter-probability matrix: alength= 4 w= 9 nsites= 1 E= 0
  0.004902	  0.985294	  0.004902	  0.004902	
  0.002475	  0.002475	  0.992574	  0.002475	
  0.002475	  0.002475	  0.002475	  0.992574	
  0.002475	  0.002475	  0.992574	  0.002475	
  0.002475	  0.497525	  0.002475	  0.497525	
  0.002475	  0.002475	  0.992574	  0.002475	
  0.002475	  0.992574	  0.002475	  0.002475	
  0.992574	  0.002475	  0.002475	  0.002475	
  0.495098	  0.495098	  0.004902	  0.004902	

URL http://cisbp.ccbr.utoronto.ca/TFreport.php?versionNumber=1.02&searchTF=T047128_1.02

MOTIF M0408_1.02 (ZKSCAN1)_(Mus_musculus)_(DBD_0.99)

letter-probability matrix: alength= 4 w= 10 nsites= 1 E= 0
  0.368659	  0.127974	  0.237717	  0.265650	
  0.253090	  0.257619	  0.185858	  0.303434	
  0.201345	  0.206571	  0.334720	  0.257364	
  0.145520	  0.301411	  0.103189	  0.449879	
  0.311749	  0.108333	  0.429663	  0.150255	
  0.150255	  0.429663	  0.108333	  0.311749	
  0.449879	  0.103189	  0.301411	  0.145520	
  0.257364	  0.334720	  0.206571	  0.201345	
  0.303434	  0.185858	  0.257619	  0.253090	
  0.265650	  0.237717	  0.127974	  0.368659	

URL http://cisbp.ccbr.utoronto.ca/TFreport.php?versionNumber=1.02&searchTF=T046915_1.02

MOTIF M0412_1.02 (ZIC3)_(Mus_musculus)_(DBD_0.89)

letter-probability matrix: alength= 4 w= 10 nsites= 1 E= 0
  0.211653	  0.604832	  0.125832	  0.057682	
  0.314154	  0.183072	  0.267704	  0.235070	
  0.058970	  0.740279	  0.079601	  0.121150	
  0.397146	  0.274322	  0.144648	  0.183884	
  0.284528	  0.162525	  0.493158	  0.059790	
  0.028073	  0.552700	  0.203327	  0.215900	
  0.398045	  0.024205	  0.457861	  0.119889	
  0.071035	  0.034924	  0.641094	  0.252946	
  0.023960	  0.006530	  0.894594	  0.074916	
  0.274248	  0.166340	  0.352141	  0.207272	

URL http://cisbp.ccbr.utoronto.ca/TFreport.php?versionNumber=1.02&searchTF=T047078_1.02

MOTIF M0415_1.02 (KLF9)_(Mus_musculus)_(DBD_1.00)

letter-probability matrix: alength= 4 w= 8 nsites= 1 E= 0
  0.314286	  0.285714	  0.257143	  0.142857	
  0.018519	  0.018519	  0.018519	  0.944444	
  0.946429	  0.017857	  0.017857	  0.017857	
  0.875000	  0.017857	  0.089286	  0.017857	
  0.017857	  0.946429	  0.017857	  0.017857	
  0.017857	  0.017857	  0.946429	  0.017857	
  0.017857	  0.017857	  0.910714	  0.053571	
  0.200000	  0.225000	  0.200000	  0.375000	

URL http://cisbp.ccbr.utoronto.ca/TFreport.php?versionNumber=1.02&searchTF=T046867_1.02

MOTIF M0416_1.02 (EGR3)_(Mus_musculus)_(DBD_0.90)

letter-probability matrix: alength= 4 w= 10 nsites= 1 E= 0
  0.192321	  0.219021	  0.160640	  0.428018	
  0.229021	  0.080143	  0.622543	  0.068293	
  0.087273	  0.741771	  0.043338	  0.127618	
  0.003332	  0.000425	  0.995715	  0.000529	
  0.008195	  0.008361	  0.253049	  0.730394	
  0.070393	  0.002063	  0.919744	  0.007800	
  0.000388	  0.002373	  0.996449	  0.000790	
  0.008300	  0.002550	  0.959300	  0.029851	
  0.143468	  0.636582	  0.032012	  0.187938	
  0.184814	  0.055665	  0.658094	  0.101428	

URL http://cisbp.ccbr.utoronto.ca/TFreport.php?versionNumber=1.02&searchTF=T046864_1.02

MOTIF M0419_1.02 (EGR2)_(Mus_musculus)_(DBD_0.92)

letter-probability matrix: alength= 4 w= 8 nsites= 1 E= 0
  0.094017	  0.581197	  0.145299	  0.179487	
  0.013245	  0.000000	  0.980132	  0.006623	
  0.046053	  0.052632	  0.315789	  0.585526	
  0.065359	  0.006536	  0.928105	  0.000000	
  0.000000	  0.006536	  0.980392	  0.013072	
  0.000000	  0.000000	  0.986395	  0.013605	
  0.106870	  0.473282	  0.267176	  0.152672	
  0.182796	  0.032258	  0.731183	  0.053763	

URL http://cisbp.ccbr.utoronto.ca/TFreport.php?versionNumber=1.02&searchTF=T046899_1.02

MOTIF M0420_1.02 (ZNF281)_(Mus_musculus)_(DBD_1.00)

letter-probability matrix: alength= 4 w= 10 nsites= 1 E= 0
  0.255081	  0.096697	  0.354809	  0.293413	
  0.177900	  0.056330	  0.403922	  0.361848	
  0.016239	  0.012030	  0.950881	  0.020851	
  0.018188	  0.008011	  0.954098	  0.019703	
  0.019043	  0.001386	  0.969428	  0.010142	
  0.006795	  0.007215	  0.959251	  0.026740	
  0.014939	  0.022964	  0.928851	  0.033246	
  0.342873	  0.154063	  0.053912	  0.449152	
  0.196090	  0.122557	  0.419294	  0.262060	
  0.135466	  0.130154	  0.560438	  0.173942	

URL http://cisbp.ccbr.utoronto.ca/TFreport.php?versionNumber=1.02&searchTF=T046868_1.02

MOTIF M0421_1.02 (KLF6)_(Mus_musculus)_(DBD_0.73)

letter-probability matrix: alength= 4 w= 10 nsites= 1 E= 0
  0.272187	  0.153929	  0.251260	  0.322624	
  0.250959	  0.000241	  0.702954	  0.045846	
  0.000157	  0.000135	  0.968649	  0.031059	
  0.014485	  0.000130	  0.946792	  0.038593	
  0.136533	  0.495994	  0.000033	  0.367441	
  0.090745	  0.000098	  0.843918	  0.065239	
  0.096347	  0.120056	  0.343077	  0.440520	
  0.203882	  0.128707	  0.467566	  0.199845	
  0.188128	  0.154026	  0.418687	  0.239158	
  0.187485	  0.362745	  0.178341	  0.271429	

URL http://cisbp.ccbr.utoronto.ca/TFreport.php?versionNumber=1.02&searchTF=T046874_1.02

MOTIF M0423_1.02 (ZNF410)_(Mus_musculus)_(DBD_0.98)

letter-probability matrix: alength= 4 w= 8 nsites= 1 E= 0
  0.001420	  0.001420	  0.001420	  0.995739	
  0.001106	  0.001106	  0.996681	  0.001106	
  0.001106	  0.001106	  0.996681	  0.001106	
  0.001106	  0.001106	  0.996681	  0.001106	
  0.996681	  0.001106	  0.001106	  0.001106	
  0.001106	  0.001106	  0.001106	  0.996681	
  0.250000	  0.001244	  0.747512	  0.001244	
  0.001984	  0.001984	  0.795635	  0.200397	

URL http://cisbp.ccbr.utoronto.ca/TFreport.php?versionNumber=1.02&searchTF=T046901_1.02

MOTIF M0424_1.02 (SNAI1)_(Mus_musculus)_(DBD_0.96)

letter-probability matrix: alength= 4 w= 10 nsites= 1 E= 0
  0.277274	  0.205410	  0.231599	  0.285718	
  0.260772	  0.211378	  0.215648	  0.312201	
  0.119201	  0.079108	  0.058605	  0.743086	
  0.006837	  0.028857	  0.918136	  0.046171	
  0.862086	  0.000771	  0.084720	  0.052423	
  0.039362	  0.891405	  0.009326	  0.059907	
  0.762638	  0.017936	  0.180690	  0.038737	
  0.164638	  0.133453	  0.461162	  0.240748	
  0.190999	  0.293614	  0.282101	  0.233286	
  0.218148	  0.236317	  0.178604	  0.366931	

