MEME version 4

ALPHABET= ACGT

strands: + -

Background letter frequencies (from uniform background):
A 0.25000 C 0.25000 G 0.25000 T 0.25000 

MOTIF M0122_1.02 (estExt_fgeneshMC_pg.C_10294)_(Aspergillus_nidulans)_(DBD_0.50)

letter-probability matrix: alength= 4 w= 9 nsites= 1 E= 0
  0.245292	  0.273814	  0.242851	  0.238043	
  0.237806	  0.293376	  0.242610	  0.226208	
  0.216345	  0.251357	  0.297935	  0.234364	
  0.258630	  0.241145	  0.263855	  0.236370	
  0.502489	  0.000517	  0.411403	  0.085591	
  0.353817	  0.295533	  0.000353	  0.350297	
  0.360997	  0.114305	  0.184725	  0.339974	
  0.355533	  0.121951	  0.207186	  0.315330	
  0.338774	  0.180428	  0.203432	  0.277365	

URL http://cisbp.ccbr.utoronto.ca/TFreport.php?versionNumber=1.02&searchTF=T008811_1.02

MOTIF M0234_1.02 (fgeneshMC_pg.9_

letter-probability matrix: alength= 4 w= 9 nsites= 1 E= 0
  0.269108	  0.205431	  0.331993	  0.193468	
  0.159193	  0.533850	  0.206462	  0.100496	
  0.059491	  0.939955	  0.000044	  0.000510	
  0.935853	  0.000093	  0.018384	  0.045671	
  0.000144	  0.750505	  0.011714	  0.237638	
  0.079917	  0.020105	  0.889792	  0.010186	
  0.149161	  0.300373	  0.065041	  0.485425	
  0.093731	  0.070841	  0.652254	  0.183174	
  0.241695	  0.256640	  0.267114	  0.234551	

URL http://cisbp.ccbr.utoronto.ca/TFreport.php?versionNumber=1.02&searchTF=T019719_1.02

MOTIF M0341_1.02 (e_gw1.5.1366.1)_(Schizosaccharomyces_pombe)_(DBD_0.61)

letter-probability matrix: alength= 4 w= 10 nsites= 1 E= 0
  0.570600	  0.126453	  0.170367	  0.132581	
  0.195785	  0.086320	  0.008371	  0.709524	
  0.193607	  0.163160	  0.313589	  0.329644	
  0.494817	  0.042071	  0.276108	  0.187005	
  0.071217	  0.695225	  0.054727	  0.178831	
  0.178831	  0.054727	  0.695225	  0.071217	
  0.187005	  0.276108	  0.042071	  0.494817	
  0.329644	  0.313589	  0.163160	  0.193607	
  0.709524	  0.008371	  0.086320	  0.195785	
  0.132581	  0.170367	  0.126453	  0.570600	

URL http://cisbp.ccbr.utoronto.ca/TFreport.php?versionNumber=1.02&searchTF=T028729_1.02

MOTIF M0464_1.02 (e_gw1.3.1351.1)_(Neurospora_crassa)_(DBD_0.73)

letter-probability matrix: alength= 4 w= 10 nsites= 1 E= 0
  0.236571	  0.205221	  0.278493	  0.279715	
  0.149782	  0.262156	  0.085487	  0.502575	
  0.342827	  0.526572	  0.039079	  0.091522	
  0.958824	  0.021864	  0.018184	  0.001128	
  0.018978	  0.006180	  0.942469	  0.032373	
  0.000725	  0.000000	  0.991760	  0.007516	
  0.075042	  0.000000	  0.920178	  0.004780	
  0.050954	  0.000665	  0.904357	  0.044023	
  0.107583	  0.249341	  0.211968	  0.431108	
  0.362089	  0.187738	  0.176936	  0.273237	

URL http://cisbp.ccbr.utoronto.ca/TFreport.php?versionNumber=1.02&searchTF=T062684_1.02

MOTIF M0518_1.02 (estExt_fgeneshMC_kg.C_110049)_(Saccharomyces_cerevisiae)_(DBD_0.73)

letter-probability matrix: alength= 4 w= 10 nsites= 1 E= 0
  0.324069	  0.194602	  0.223846	  0.257484	
  0.321670	  0.174779	  0.253034	  0.250517	
  0.219126	  0.223552	  0.192413	  0.364908	
  0.169345	  0.233210	  0.483929	  0.113515	
  0.109153	  0.456116	  0.034218	  0.400513	
  0.028905	  0.000271	  0.938235	  0.032590	
  0.027732	  0.029154	  0.927587	  0.015527	
  0.248758	  0.000277	  0.747309	  0.003656	
  0.127560	  0.001282	  0.779451	  0.091706	
  0.258253	  0.153536	  0.294105	  0.294105	

URL http://cisbp.ccbr.utoronto.ca/TFreport.php?versionNumber=1.02&searchTF=T063886_1.02

MOTIF M0728_1.02 (gw1.6.928.1)_(Mus_musculus)_(DBD_0.44)

letter-probability matrix: alength= 4 w= 12 nsites= 1 E= 0
  0.394926	  0.201691	  0.201691	  0.201691	
  0.357836	  0.147163	  0.347838	  0.147163	
  0.159006	  0.172368	  0.068783	  0.599842	
  0.841382	  0.113021	  0.022798	  0.022798	
  0.999531	  0.000156	  0.000156	  0.000156	
  0.999531	  0.000156	  0.000156	  0.000156	
  0.000156	  0.999531	  0.000156	  0.000156	
  0.999531	  0.000156	  0.000156	  0.000156	
  0.854605	  0.048465	  0.048465	  0.048465	
  0.691020	  0.102993	  0.102993	  0.102993	
  0.181373	  0.360053	  0.181373	  0.277201	
  0.317926	  0.227358	  0.227358	  0.227358	

URL http://cisbp.ccbr.utoronto.ca/TFreport.php?versionNumber=1.02&searchTF=T083300_1.02

MOTIF M0729_1.02 (e_gw1.1.1225.1)_(Mus_musculus)_(DBD_0.45)

letter-probability matrix: alength= 4 w= 8 nsites= 1 E= 0
  0.160144	  0.000399	  0.839058	  0.000399	
  0.000322	  0.032539	  0.000322	  0.966817	
  0.878027	  0.121368	  0.000303	  0.000303	
  0.968826	  0.030569	  0.000303	  0.000303	
  0.999092	  0.000303	  0.000303	  0.000303	
  0.000303	  0.635896	  0.000303	  0.363499	
  0.999092	  0.000303	  0.000303	  0.000303	
  0.630777	  0.105567	  0.105567	  0.158088	

URL http://cisbp.ccbr.utoronto.ca/TFreport.php?versionNumber=1.02&searchTF=T083042_1.02

MOTIF M0736_1.02 (gw1.4.1172.1)_(Mus_musculus)_(DBD_0.44)

letter-probability matrix: alength= 4 w= 8 nsites= 1 E= 0
  0.309467	  0.142959	  0.547336	  0.000238	
  0.295052	  0.000164	  0.000164	  0.704620	
  0.619510	  0.295749	  0.000141	  0.084600	
  0.888534	  0.069545	  0.000139	  0.041782	
  0.999584	  0.000139	  0.000139	  0.000139	
  0.000139	  0.957940	  0.000139	  0.041782	
  0.999572	  0.000143	  0.000143	  0.000143	
  0.660068	  0.132164	  0.056750	  0.151018	

URL http://cisbp.ccbr.utoronto.ca/TFreport.php?versionNumber=1.02&searchTF=T083290_1.02

MOTIF M0738_1.02 (estExt_Genewise1Plus.C_90212)_(Oryzias_latipes)_(DBD_0.46)

letter-probability matrix: alength= 4 w= 8 nsites= 1 E= 0
  0.352700	  0.000587	  0.646127	  0.000587	
  0.000384	  0.000384	  0.000384	  0.998848	
  0.922043	  0.077189	  0.000384	  0.000384	
  0.998848	  0.000384	  0.000384	  0.000384	
  0.998848	  0.000384	  0.000384	  0.000384	
  0.000384	  0.922043	  0.000384	  0.077189	
  0.998848	  0.000384	  0.000384	  0.000384	
  0.499446	  0.222284	  0.055987	  0.222284	

URL http://cisbp.ccbr.utoronto.ca/TFreport.php?versionNumber=1.02&searchTF=T083173_1.02

MOTIF M0740_1.02 (e_gw1.8.572.1)_(Drosophila_melanogaster)_(DBD_0.41)

letter-probability matrix: alength= 4 w= 10 nsites= 1 E= 0
  0.148384	  0.253629	  0.148384	  0.449602	
  0.343159	  0.027768	  0.517643	  0.111431	
  0.083876	  0.000213	  0.000213	  0.915697	
  0.999360	  0.000213	  0.000213	  0.000213	
  0.915697	  0.000213	  0.000213	  0.083876	
  0.999360	  0.000213	  0.000213	  0.000213	
  0.000213	  0.912223	  0.000213	  0.087351	
  0.999360	  0.000213	  0.000213	  0.000213	
  0.437060	  0.186478	  0.185492	  0.190970	
  0.332663	  0.222446	  0.222446	  0.222446	

URL http://cisbp.ccbr.utoronto.ca/TFreport.php?versionNumber=1.02&searchTF=T083088_1.02

MOTIF M0743_1.02 (gw1.9.461.1)_(Neurospora_crassa)_(DBD_0.45)

letter-probability matrix: alength= 4 w= 12 nsites= 1 E= 0
  0.325852	  0.224716	  0.224716	  0.224716	
  0.224716	  0.224716	  0.224716	  0.325852	
  0.320320	  0.126731	  0.230111	  0.322838	
  0.150068	  0.054508	  0.740916	  0.054508	
  0.110630	  0.000255	  0.000255	  0.888861	
  0.802598	  0.101332	  0.000255	  0.095815	
  0.999235	  0.000255	  0.000255	  0.000255	
  0.898099	  0.000255	  0.000255	  0.101392	
  0.025539	  0.521340	  0.025539	  0.427581	
  0.923383	  0.025539	  0.025539	  0.025539	
  0.438479	  0.218912	  0.123524	  0.219085	
  0.412759	  0.195747	  0.195747	  0.195747	

URL http://cisbp.ccbr.utoronto.ca/TFreport.php?versionNumber=1.02&searchTF=T083314_1.02

MOTIF M0752_1.02 (e_gw1.4.1134.1)_(Saccharomyces_cerevisiae)_(DBD_0.40)

letter-probability matrix: alength= 4 w= 10 nsites= 1 E= 0
  0.280208	  0.207584	  0.258665	  0.253543	
  0.254421	  0.227919	  0.227919	  0.289742	
  0.291528	  0.136338	  0.471132	  0.101002	
  0.177849	  0.121624	  0.110050	  0.590478	
  0.600876	  0.264645	  0.053968	  0.080511	
  0.706052	  0.148367	  0.051919	  0.093662	
  0.755353	  0.067842	  0.067167	  0.109638	
  0.089169	  0.528758	  0.091884	  0.290189	
  0.717520	  0.069117	  0.097106	  0.116257	
  0.356358	  0.229507	  0.193627	  0.220508	

URL http://cisbp.ccbr.utoronto.ca/TFreport.php?versionNumber=1.02&searchTF=T083070_1.02

MOTIF M0779_1.02 (estExt_fgeneshMC_pg.C_50482)_(Dictyostelium_discoideum)_(DBD_0.75)

letter-probability matrix: alength= 4 w= 8 nsites= 1 E= 0
  0.096972	  0.161405	  0.225838	  0.515786	
  0.292641	  0.706871	  0.000244	  0.000244	
  0.000244	  0.000244	  0.999269	  0.000244	
  0.999269	  0.000244	  0.000244	  0.000244	
  0.000244	  0.000244	  0.000244	  0.999269	
  0.000244	  0.999269	  0.000244	  0.000244	
  0.000263	  0.000263	  0.683754	  0.315720	
  0.111317	  0.148299	  0.259246	  0.481139	

URL http://cisbp.ccbr.utoronto.ca/TFreport.php?versionNumber=1.02&searchTF=T085507_1.02

MOTIF M0791_1.02 (estExt_fgeneshMC_pm.C_70039)_(Neurospora_crassa)_(DBD_0.78)

letter-probability matrix: alength= 4 w= 9 nsites= 1 E= 0
  0.238290	  0.282447	  0.248015	  0.231248	
  0.249185	  0.272652	  0.259355	  0.218808	
  0.236587	  0.439798	  0.109543	  0.214073	
  0.059758	  0.068055	  0.757717	  0.114470	
  0.902683	  0.000129	  0.000123	  0.097064	
  0.048477	  0.051992	  0.000705	  0.898826	
  0.141843	  0.359503	  0.271706	  0.226948	
  0.208434	  0.289925	  0.254582	  0.247058	
  0.248381	  0.255945	  0.266390	  0.229284	

URL http://cisbp.ccbr.utoronto.ca/TFreport.php?versionNumber=1.02&searchTF=T085508_1.02

MOTIF M0792_1.02 (gw1.5.1375.1)_(Neurospora_crassa)_(DBD_0.71)

letter-probability matrix: alength= 4 w= 8 nsites= 1 E= 0
  0.246114	  0.263959	  0.251086	  0.238840	
  0.289615	  0.264688	  0.175661	  0.270036	
  0.101067	  0.108395	  0.696303	  0.094234	
  0.794489	  0.034733	  0.044598	  0.126179	
  0.025614	  0.062373	  0.046671	  0.865343	
  0.449630	  0.160521	  0.097361	  0.292488	
  0.295846	  0.232721	  0.265029	  0.206405	
  0.224078	  0.276441	  0.282025	  0.217456	

URL http://cisbp.ccbr.utoronto.ca/TFreport.php?versionNumber=1.02&searchTF=T085807_1.02

MOTIF M0795_1.02 (gw1.4.1800.1)_(Saccharomyces_cerevisiae)_(DBD_0.71)

letter-probability matrix: alength= 4 w= 8 nsites= 1 E= 0
  0.186841	  0.230778	  0.186841	  0.395540	
  0.422708	  0.252032	  0.000081	  0.325179	
  0.006600	  0.000065	  0.954064	  0.039271	
  0.999804	  0.000065	  0.000065	  0.000065	
  0.000065	  0.000065	  0.000065	  0.999804	
  0.914859	  0.045805	  0.000065	  0.039271	
  0.957547	  0.007111	  0.014151	  0.021191	
  0.084280	  0.336806	  0.526199	  0.052715	

URL http://cisbp.ccbr.utoronto.ca/TFreport.php?versionNumber=1.02&searchTF=T085805_1.02

MOTIF M0797_1.02 (gw1.2.2111.1)_(Saccharomyces_cerevisiae)_(DBD_0.71)

letter-probability matrix: alength= 4 w= 10 nsites= 1 E= 0
  0.252983	  0.240645	  0.243064	  0.263308	
  0.269403	  0.251189	  0.220568	  0.258839	
  0.252879	  0.285121	  0.209121	  0.252879	
  0.266753	  0.280430	  0.166721	  0.286095	
  0.113406	  0.053569	  0.750675	  0.082350	
  0.849031	  0.039809	  0.035662	  0.075497	
  0.162404	  0.054603	  0.055152	  0.727842	
  0.690436	  0.055552	  0.065846	  0.188166	
  0.445770	  0.151381	  0.208471	  0.194378	
  0.236453	  0.251075	  0.335543	  0.176929	

URL http://cisbp.ccbr.utoronto.ca/TFreport.php?versionNumber=1.02&searchTF=T085793_1.02

MOTIF M0801_1.02 (gw1.1.2497.1)_(Saccharomyces_cerevisiae)_(DBD_0.74)

letter-probability matrix: alength= 4 w= 8 nsites= 1 E= 0
  0.270248	  0.432235	  0.000270	  0.297246	
  0.000196	  0.000196	  0.999412	  0.000196	
  0.999424	  0.000192	  0.000192	  0.000192	
  0.000192	  0.000192	  0.000192	  0.999424	
  0.980208	  0.000192	  0.019408	  0.000192	
  0.940635	  0.000196	  0.000196	  0.058973	
  0.022934	  0.113760	  0.840372	  0.022934	
  0.344697	  0.241391	  0.241391	  0.172521	

URL http://cisbp.ccbr.utoronto.ca/TFreport.php?versionNumber=1.02&searchTF=T085786_1.02

MOTIF M0802_1.02 (estExt_fgeneshMC_pg.C_31415)_(Saccharomyces_cerevisiae)_(DBD_0.71)

letter-probability matrix: alength= 4 w= 8 nsites= 1 E= 0
  0.241608	  0.275151	  0.239204	  0.244037	
  0.296230	  0.276203	  0.125353	  0.302214	
  0.112070	  0.056211	  0.764422	  0.067297	
  0.845075	  0.033096	  0.040424	  0.081404	
  0.133048	  0.032483	  0.083991	  0.750478	
  0.668490	  0.060041	  0.051163	  0.220307	
  0.508784	  0.134562	  0.198745	  0.157910	
  0.204053	  0.264642	  0.383132	  0.148173	

URL http://cisbp.ccbr.utoronto.ca/TFreport.php?versionNumber=1.02&searchTF=T085505_1.02

MOTIF M1297_1.02 (e_gw1.2.1101.1)_(Dictyostelium_discoideum)_(DBD_0.88)

letter-probability matrix: alength= 4 w= 10 nsites= 1 E= 0
  0.233777	  0.598464	  0.083460	  0.084299	
  0.030948	  0.562453	  0.044359	  0.362240	
  0.506429	  0.042836	  0.155615	  0.295120	
  0.524310	  0.062308	  0.043907	  0.369475	
  0.657133	  0.044163	  0.042009	  0.256695	
  0.290800	  0.112464	  0.066862	  0.529873	
  0.281986	  0.340992	  0.131875	  0.245147	
  0.228299	  0.247314	  0.296088	  0.228299	
  0.301159	  0.033037	  0.594451	  0.071353	
  0.207356	  0.056511	  0.520315	  0.215818	

URL http://cisbp.ccbr.utoronto.ca/TFreport.php?versionNumber=1.02&searchTF=T112236_1.02

MOTIF M1535_1.02 (fgeneshMC_pg.6_

letter-probability matrix: alength= 4 w= 10 nsites= 1 E= 0
  0.086987	  0.605320	  0.156923	  0.150770	
  0.270498	  0.273216	  0.169062	  0.287224	
  0.105470	  0.121319	  0.075070	  0.698142	
  0.471756	  0.088807	  0.414247	  0.025190	
  0.198660	  0.056917	  0.707398	  0.037025	
  0.171687	  0.536824	  0.035363	  0.256126	
  0.565485	  0.022594	  0.205960	  0.205960	
  0.898645	  0.039287	  0.042559	  0.019509	
  0.006153	  0.941002	  0.000547	  0.052297	
  0.205341	  0.328545	  0.335182	  0.130931	

URL http://cisbp.ccbr.utoronto.ca/TFreport.php?versionNumber=1.02&searchTF=T139132_1.02

MOTIF M1641_1.02 (e_gw1.11.241.1)_(Mus_musculus)_(DBD_0.81)

letter-probability matrix: alength= 4 w= 7 nsites= 1 E= 0
  0.486500	  0.104296	  0.119969	  0.289234	
  0.014489	  0.191210	  0.078521	  0.715780	
  0.639678	  0.069475	  0.000533	  0.290314	
  0.371463	  0.095340	  0.000769	  0.532428	
  0.515031	  0.123251	  0.123251	  0.238466	
  0.400342	  0.112429	  0.110202	  0.377028	
  0.323600	  0.170632	  0.188577	  0.317192	

URL http://cisbp.ccbr.utoronto.ca/TFreport.php?versionNumber=1.02&searchTF=T150818_1.02

MOTIF M1735_1.02 (estExt_fgeneshMC_kg.C_60018)_(Neurospora_crassa)_(DBD_0.76)

letter-probability matrix: alength= 4 w= 10 nsites= 1 E= 0
  0.274890	  0.238978	  0.205690	  0.280443	
  0.281944	  0.226265	  0.226265	  0.265525	
  0.265719	  0.215387	  0.213244	  0.305649	
  0.266965	  0.168531	  0.106391	  0.458114	
  0.095408	  0.419122	  0.090755	  0.394715	
  0.107235	  0.716960	  0.074815	  0.100990	
  0.000913	  0.942656	  0.056188	  0.000244	
  0.004346	  0.000048	  0.952688	  0.042918	
  0.476776	  0.152482	  0.190004	  0.180738	
  0.263307	  0.215577	  0.235879	  0.285237	

URL http://cisbp.ccbr.utoronto.ca/TFreport.php?versionNumber=1.02&searchTF=T162927_1.02

MOTIF M1890_1.02 (fgeneshMC_pg.10_

letter-probability matrix: alength= 4 w= 18 nsites= 1 E= 0
  0.536953	  0.172787	  0.112112	  0.178148	
  0.135379	  0.112568	  0.522354	  0.229699	
  0.404653	  0.257299	  0.247263	  0.090785	
  0.137203	  0.339074	  0.453695	  0.070027	
  0.208257	  0.267336	  0.035698	  0.488709	
  0.021898	  0.095119	  0.546077	  0.336907	
  0.027030	  0.842153	  0.054859	  0.075958	
  0.001825	  0.113253	  0.027600	  0.857322	
  0.025319	  0.116104	  0.819001	  0.039576	
  0.975707	  0.000228	  0.017108	  0.006957	
  0.000570	  0.005931	  0.000912	  0.992587	
  0.001141	  0.000570	  0.000570	  0.997719	
  0.003307	  0.001141	  0.994526	  0.001026	
  0.001369	  0.007984	  0.990306	  0.000342	
  0.042997	  0.305315	  0.001711	  0.649977	
  0.052464	  0.449703	  0.213618	  0.284215	
  0.175297	  0.476277	  0.253992	  0.094434	
  0.485972	  0.129562	  0.308736	  0.075730	

URL http://cisbp.ccbr.utoronto.ca/TFreport.php?versionNumber=1.02&searchTF=T070665_1.02

MOTIF M2372_1.02 (estExt_fgeneshMC_pg.C_41203)_(Arabidopsis_thaliana)_(DBD_0.90)

letter-probability matrix: alength= 4 w= 11 nsites= 1 E= 0
  0.140000	  0.450000	  0.230000	  0.180000	
  0.160000	  0.270000	  0.550000	  0.020000	
  0.000000	  0.919192	  0.040404	  0.040404	
  0.000000	  0.050000	  0.930000	  0.020000	
  0.040404	  0.939394	  0.000000	  0.020202	
  0.040404	  0.020202	  0.020202	  0.919192	
  0.080808	  0.000000	  0.858586	  0.060606	
  0.960000	  0.000000	  0.020000	  0.020000	
  0.040000	  0.040000	  0.920000	  0.000000	
  0.020000	  0.550000	  0.260000	  0.170000	
  0.151515	  0.323232	  0.242424	  0.282828	

URL http://cisbp.ccbr.utoronto.ca/TFreport.php?versionNumber=1.02&searchTF=T123077_1.02

MOTIF M4466_1.02 (e_gw1.3.1235.1)_(Homo_sapiens)_(DBD_0.79)

letter-probability matrix: alength= 4 w= 15 nsites= 1 E= 0
  0.310573	  0.154185	  0.306167	  0.229075	
  0.310573	  0.105727	  0.270925	  0.312775	
  0.160793	  0.101322	  0.385463	  0.352423	
  0.149780	  0.640969	  0.057269	  0.151982	
  0.000000	  0.506608	  0.000000	  0.493392	
  0.711454	  0.129956	  0.024229	  0.134361	
  0.704846	  0.019824	  0.114537	  0.160793	
  0.938326	  0.000000	  0.044053	  0.017621	
  0.905286	  0.004405	  0.002203	  0.088106	
  0.925110	  0.000000	  0.000000	  0.074890	
  0.033040	  0.000000	  0.000000	  0.966960	
  0.958150	  0.000000	  0.041850	  0.000000	
  0.209251	  0.052863	  0.702644	  0.035242	
  0.416300	  0.354626	  0.090308	  0.138767	
  0.387665	  0.262115	  0.070485	  0.279736	

URL http://cisbp.ccbr.utoronto.ca/TFreport.php?versionNumber=1.02&searchTF=T112240_1.02

MOTIF M4983_1.02 (e_gw1.2.1139.1)_(Drosophila_melanogaster)_(DBD_0.71)

letter-probability matrix: alength= 4 w= 7 nsites= 1 E= 0
  0.421053	  0.105263	  0.000000	  0.473684	
  0.000000	  0.000000	  1.000000	  0.000000	
  1.000000	  0.000000	  0.000000	  0.000000	
  0.000000	  0.000000	  0.000000	  1.000000	
  1.000000	  0.000000	  0.000000	  0.000000	
  1.000000	  0.000000	  0.000000	  0.000000	
  0.000000	  0.210526	  0.789474	  0.000000	

URL http://cisbp.ccbr.utoronto.ca/TFreport.php?versionNumber=1.02&searchTF=T085389_1.02

MOTIF M6342_1.02 (e_gw1.8.501.1)_(Homo_sapiens)_(DBD_0.71)

letter-probability matrix: alength= 4 w= 12 nsites= 1 E= 0
  0.052632	  0.242105	  0.389474	  0.315789	
  0.273684	  0.642105	  0.000000	  0.084211	
  0.000000	  0.094737	  0.000000	  0.905263	
  0.905263	  0.000000	  0.000000	  0.094737	
  0.621053	  0.000000	  0.000000	  0.378947	
  0.905263	  0.000000	  0.000000	  0.094737	
  0.810526	  0.000000	  0.000000	  0.189474	
  0.905263	  0.000000	  0.094737	  0.000000	
  0.000000	  0.094737	  0.000000	  0.905263	
  1.000000	  0.000000	  0.000000	  0.000000	
  0.073684	  0.094737	  0.831579	  0.000000	
  0.221053	  0.589474	  0.052632	  0.136842	

URL http://cisbp.ccbr.utoronto.ca/TFreport.php?versionNumber=1.02&searchTF=T112256_1.02

