MEME version 4

ALPHABET= ACGT

strands: + -

Background letter frequencies (from uniform background):
A 0.25000 C 0.25000 G 0.25000 T 0.25000 

MOTIF M0082_1.02 Tcfap2a

letter-probability matrix: alength= 4 w= 10 nsites= 1 E= 0
  0.220377	  0.335405	  0.102037	  0.342181	
  0.111784	  0.193750	  0.669524	  0.024942	
  0.009553	  0.989147	  0.000370	  0.000929	
  0.000437	  0.891193	  0.000324	  0.108046	
  0.046223	  0.377462	  0.191229	  0.385087	
  0.132612	  0.336106	  0.329451	  0.201830	
  0.430307	  0.248265	  0.229178	  0.092250	
  0.301624	  0.024759	  0.651437	  0.022180	
  0.055101	  0.000431	  0.943092	  0.001376	
  0.095237	  0.349453	  0.435445	  0.119865	

URL http://cisbp.ccbr.utoronto.ca/TFreport.php?versionNumber=1.02&searchTF=T004902_1.02

MOTIF M0083_1.02 Tcfap2b

letter-probability matrix: alength= 4 w= 10 nsites= 1 E= 0
  0.163199	  0.129667	  0.108307	  0.598826	
  0.203446	  0.349115	  0.246017	  0.201422	
  0.001301	  0.331377	  0.667311	  0.000011	
  0.000045	  0.999930	  0.000011	  0.000014	
  0.000213	  0.948115	  0.000023	  0.051649	
  0.020037	  0.286458	  0.155647	  0.537857	
  0.106547	  0.394882	  0.390953	  0.107618	
  0.565281	  0.177208	  0.234469	  0.023042	
  0.100634	  0.000093	  0.899183	  0.000091	
  0.000120	  0.000038	  0.999823	  0.000019	

URL http://cisbp.ccbr.utoronto.ca/TFreport.php?versionNumber=1.02&searchTF=T004903_1.02

MOTIF M0084_1.02 Tcfap2c

letter-probability matrix: alength= 4 w= 10 nsites= 1 E= 0
  0.194725	  0.400049	  0.150143	  0.255083	
  0.089600	  0.325498	  0.526030	  0.058872	
  0.000086	  0.989917	  0.000244	  0.009753	
  0.001248	  0.813717	  0.012325	  0.172710	
  0.070689	  0.449572	  0.225494	  0.254244	
  0.114154	  0.272476	  0.444767	  0.168603	
  0.586691	  0.182089	  0.161499	  0.069721	
  0.199175	  0.001924	  0.791701	  0.007201	
  0.019359	  0.000265	  0.975696	  0.004679	
  0.061747	  0.509308	  0.305837	  0.123107	

URL http://cisbp.ccbr.utoronto.ca/TFreport.php?versionNumber=1.02&searchTF=T004904_1.02

MOTIF M0085_1.02 Tcfap2e

letter-probability matrix: alength= 4 w= 10 nsites= 1 E= 0
  0.213214	  0.176319	  0.135951	  0.474516	
  0.222124	  0.321576	  0.134725	  0.321576	
  0.004784	  0.213834	  0.753855	  0.027528	
  0.000431	  0.961004	  0.000168	  0.038397	
  0.000296	  0.937765	  0.000164	  0.061775	
  0.001274	  0.327763	  0.135950	  0.535013	
  0.122837	  0.314460	  0.391841	  0.170862	
  0.454990	  0.254748	  0.230506	  0.059756	
  0.118505	  0.001133	  0.841307	  0.039054	
  0.002871	  0.001657	  0.957955	  0.037517	

URL http://cisbp.ccbr.utoronto.ca/TFreport.php?versionNumber=1.02&searchTF=T004905_1.02

MOTIF M0104_1.02 Arid3b

letter-probability matrix: alength= 4 w= 11 nsites= 1 E= 0
  0.467943	  0.177352	  0.177352	  0.177352	
  0.273411	  0.080067	  0.080067	  0.566454	
  0.609177	  0.119174	  0.033749	  0.237901	
  0.104443	  0.000141	  0.000141	  0.895276	
  0.000141	  0.000141	  0.000141	  0.999578	
  0.999578	  0.000141	  0.000141	  0.000141	
  0.910941	  0.000141	  0.000141	  0.088778	
  0.088778	  0.000141	  0.000141	  0.910941	
  0.261793	  0.167866	  0.072788	  0.497552	
  0.489780	  0.170073	  0.170073	  0.170073	
  0.350824	  0.216392	  0.216392	  0.216392	

URL http://cisbp.ccbr.utoronto.ca/TFreport.php?versionNumber=1.02&searchTF=T007532_1.02

MOTIF M0105_1.02 Arid3a

letter-probability matrix: alength= 4 w= 9 nsites= 1 E= 0
  0.265180	  0.185010	  0.202433	  0.347377	
  0.185396	  0.187259	  0.108039	  0.519306	
  0.151265	  0.141039	  0.100387	  0.607308	
  0.095920	  0.138866	  0.056459	  0.708755	
  0.354424	  0.113351	  0.333784	  0.198441	
  0.739186	  0.094212	  0.057143	  0.109459	
  0.023279	  0.024473	  0.020037	  0.932211	
  0.285933	  0.246105	  0.089636	  0.378326	
  0.254088	  0.232219	  0.267115	  0.246578	

URL http://cisbp.ccbr.utoronto.ca/TFreport.php?versionNumber=1.02&searchTF=T007534_1.02

MOTIF M0107_1.02 Arid5b

letter-probability matrix: alength= 4 w= 8 nsites= 1 E= 0
  0.211233	  0.302766	  0.189230	  0.296771	
  0.227631	  0.246590	  0.319810	  0.205969	
  0.415268	  0.085535	  0.310730	  0.188467	
  0.253025	  0.128187	  0.077749	  0.541038	
  0.862146	  0.016600	  0.062142	  0.059111	
  0.095418	  0.001646	  0.067240	  0.835696	
  0.204269	  0.230313	  0.067995	  0.497422	
  0.279564	  0.198985	  0.305892	  0.215558	

URL http://cisbp.ccbr.utoronto.ca/TFreport.php?versionNumber=1.02&searchTF=T007535_1.02

MOTIF M0108_1.02 Arid5a

letter-probability matrix: alength= 4 w= 11 nsites= 1 E= 0
  0.226414	  0.226414	  0.320759	  0.226414	
  0.368385	  0.176936	  0.277743	  0.176936	
  0.257042	  0.149621	  0.051093	  0.542245	
  0.902432	  0.000155	  0.097259	  0.000155	
  0.999535	  0.000155	  0.000155	  0.000155	
  0.000155	  0.000155	  0.000155	  0.999535	
  0.999535	  0.000155	  0.000155	  0.000155	
  0.000155	  0.000155	  0.000155	  0.999535	
  0.023741	  0.023741	  0.023741	  0.928776	
  0.177718	  0.073219	  0.466267	  0.282795	
  0.301956	  0.199062	  0.199062	  0.299920	

URL http://cisbp.ccbr.utoronto.ca/TFreport.php?versionNumber=1.02&searchTF=T007538_1.02

MOTIF M0111_1.02 (Arid3c)_(Drosophila_melanogaster)_(DBD_0.77)

letter-probability matrix: alength= 4 w= 8 nsites= 1 E= 0
  0.228748	  0.221987	  0.148803	  0.400462	
  0.182465	  0.170129	  0.146431	  0.500975	
  0.138322	  0.188592	  0.071492	  0.601595	
  0.336065	  0.060178	  0.422972	  0.180785	
  0.973889	  0.000879	  0.022006	  0.003226	
  0.045194	  0.000361	  0.000150	  0.954295	
  0.278506	  0.244555	  0.112105	  0.364833	
  0.300420	  0.203401	  0.269126	  0.227052	

URL http://cisbp.ccbr.utoronto.ca/TFreport.php?versionNumber=1.02&searchTF=T007544_1.02

MOTIF M0118_1.02 (Zfp957)_(Arabidopsis_thaliana)_(DBD_0.40)

letter-probability matrix: alength= 4 w= 9 nsites= 1 E= 0
  0.241564	  0.266970	  0.261683	  0.229783	
  0.209390	  0.306188	  0.250685	  0.233737	
  0.345181	  0.182011	  0.303102	  0.169706	
  0.329720	  0.179153	  0.251701	  0.239426	
  0.411309	  0.042920	  0.202217	  0.343554	
  0.710467	  0.047747	  0.000515	  0.241271	
  0.886835	  0.000921	  0.045045	  0.067199	
  0.454667	  0.009772	  0.038075	  0.497485	
  0.212559	  0.177544	  0.097438	  0.512458	

URL http://cisbp.ccbr.utoronto.ca/TFreport.php?versionNumber=1.02&searchTF=T008697_1.02

MOTIF M0130_1.02 Setbp1

letter-probability matrix: alength= 4 w= 10 nsites= 1 E= 0
  0.215163	  0.323274	  0.194792	  0.266771	
  0.289485	  0.100082	  0.393882	  0.216552	
  0.286614	  0.288427	  0.170297	  0.254662	
  0.404746	  0.159463	  0.167260	  0.268531	
  0.420520	  0.151365	  0.157426	  0.270689	
  0.270689	  0.157426	  0.151365	  0.420520	
  0.268531	  0.167260	  0.159463	  0.404746	
  0.254662	  0.170297	  0.288427	  0.286614	
  0.216552	  0.393882	  0.100082	  0.289485	
  0.266771	  0.194792	  0.323274	  0.215163	

URL http://cisbp.ccbr.utoronto.ca/TFreport.php?versionNumber=1.02&searchTF=T008692_1.02

MOTIF M0131_1.02 Ahctf1

letter-probability matrix: alength= 4 w= 8 nsites= 1 E= 0
  0.750000	  0.083333	  0.083333	  0.083333	
  0.800000	  0.066667	  0.066667	  0.066667	
  0.733333	  0.066667	  0.066667	  0.133333	
  0.266667	  0.066667	  0.066667	  0.600000	
  0.733333	  0.066667	  0.066667	  0.133333	
  0.666667	  0.066667	  0.066667	  0.200000	
  0.692308	  0.076923	  0.076923	  0.153846	
  0.166667	  0.083333	  0.083333	  0.666667	

URL http://cisbp.ccbr.utoronto.ca/TFreport.php?versionNumber=1.02&searchTF=T008693_1.02

MOTIF M0132_1.02 Hmga2

letter-probability matrix: alength= 4 w= 10 nsites= 1 E= 0
  0.237374	  0.264976	  0.264976	  0.232674	
  0.254916	  0.278923	  0.226090	  0.240071	
  0.234840	  0.237201	  0.304572	  0.223387	
  0.201961	  0.286597	  0.267221	  0.244221	
  0.601325	  0.000225	  0.320261	  0.078189	
  0.466521	  0.184067	  0.000331	  0.349080	
  0.391854	  0.070168	  0.064129	  0.473849	
  0.435120	  0.083565	  0.075612	  0.405703	
  0.376315	  0.160843	  0.160843	  0.302000	
  0.303804	  0.236603	  0.161804	  0.297789	

URL http://cisbp.ccbr.utoronto.ca/TFreport.php?versionNumber=1.02&searchTF=T008695_1.02

MOTIF M0133_1.02 Phf21a

letter-probability matrix: alength= 4 w= 12 nsites= 1 E= 0
  0.319241	  0.226920	  0.226920	  0.226920	
  0.295675	  0.203353	  0.297619	  0.203353	
  0.447891	  0.153263	  0.153263	  0.245584	
  0.759501	  0.080166	  0.080166	  0.080166	
  0.234882	  0.000164	  0.000164	  0.764790	
  0.819787	  0.000164	  0.000164	  0.179884	
  0.096133	  0.000164	  0.099450	  0.804253	
  0.407905	  0.000164	  0.000164	  0.591766	
  0.836001	  0.117510	  0.023245	  0.023245	
  0.859567	  0.046811	  0.046811	  0.046811	
  0.096902	  0.096902	  0.096902	  0.709295	
  0.169998	  0.169998	  0.169998	  0.490007	

URL http://cisbp.ccbr.utoronto.ca/TFreport.php?versionNumber=1.02&searchTF=T008696_1.02

MOTIF M0134_1.02 (Hmga1)_(Pongo_pygmaeus)_(DBD_0.74)

letter-probability matrix: alength= 4 w= 8 nsites= 1 E= 0
  0.295752	  0.289896	  0.225771	  0.188580	
  0.256034	  0.248467	  0.263831	  0.231669	
  0.369207	  0.139960	  0.273515	  0.217317	
  0.334398	  0.133264	  0.250218	  0.282120	
  0.408108	  0.081576	  0.176185	  0.334131	
  0.716329	  0.002147	  0.001706	  0.279818	
  0.604747	  0.000300	  0.139047	  0.255906	
  0.270214	  0.135533	  0.076647	  0.517606	

URL http://cisbp.ccbr.utoronto.ca/TFreport.php?versionNumber=1.02&searchTF=T008694_1.02

MOTIF M0174_1.02 Tcfe3

letter-probability matrix: alength= 4 w= 10 nsites= 1 E= 0
  0.280635	  0.184390	  0.316415	  0.218559	
  0.390544	  0.069237	  0.481806	  0.058413	
  0.073191	  0.091202	  0.083352	  0.752255	
  0.006168	  0.991693	  0.001767	  0.000371	
  0.893698	  0.042750	  0.012371	  0.051181	
  0.006567	  0.707771	  0.068178	  0.217483	
  0.151077	  0.039956	  0.794559	  0.014408	
  0.254645	  0.242226	  0.115569	  0.387560	
  0.035893	  0.036253	  0.863104	  0.064750	
  0.230459	  0.225896	  0.347260	  0.196384	

URL http://cisbp.ccbr.utoronto.ca/TFreport.php?versionNumber=1.02&searchTF=T015135_1.02

MOTIF M0175_1.02 Mnt

letter-probability matrix: alength= 4 w= 9 nsites= 1 E= 0
  0.237177	  0.246857	  0.223365	  0.292601	
  0.263053	  0.221929	  0.327785	  0.187233	
  0.059666	  0.787422	  0.047407	  0.105506	
  0.799512	  0.000774	  0.059383	  0.140331	
  0.018558	  0.805027	  0.000347	  0.176069	
  0.048592	  0.094015	  0.857013	  0.000380	
  0.032567	  0.226622	  0.003298	  0.737513	
  0.075226	  0.001633	  0.788785	  0.134356	
  0.183543	  0.327814	  0.217554	  0.271089	

URL http://cisbp.ccbr.utoronto.ca/TFreport.php?versionNumber=1.02&searchTF=T015136_1.02

MOTIF M0176_1.02 Tcfap4

letter-probability matrix: alength= 4 w= 9 nsites= 1 E= 0
  0.273464	  0.424609	  0.181484	  0.120442	
  0.097576	  0.829341	  0.039277	  0.033806	
  0.662486	  0.056036	  0.199537	  0.081941	
  0.043290	  0.208081	  0.467748	  0.280880	
  0.299713	  0.470043	  0.215471	  0.014773	
  0.004397	  0.072302	  0.015656	  0.907645	
  0.000715	  0.000171	  0.997439	  0.001674	
  0.378736	  0.082010	  0.275019	  0.264235	
  0.118253	  0.228795	  0.178185	  0.474767	

URL http://cisbp.ccbr.utoronto.ca/TFreport.php?versionNumber=1.02&searchTF=T015142_1.02

MOTIF M0177_1.02 Twist2

letter-probability matrix: alength= 4 w= 10 nsites= 1 E= 0
  0.301828	  0.199871	  0.298430	  0.199871	
  0.282456	  0.579511	  0.069016	  0.069016	
  0.000139	  0.999582	  0.000139	  0.000139	
  0.999582	  0.000139	  0.000139	  0.000139	
  0.000139	  0.217001	  0.000139	  0.782721	
  0.789108	  0.000139	  0.210614	  0.000139	
  0.000139	  0.000139	  0.000139	  0.999582	
  0.000139	  0.000139	  0.999582	  0.000139	
  0.050268	  0.050268	  0.154736	  0.744728	
  0.181123	  0.181123	  0.272271	  0.365483	

URL http://cisbp.ccbr.utoronto.ca/TFreport.php?versionNumber=1.02&searchTF=T015145_1.02

MOTIF M0178_1.02 Ascl2

letter-probability matrix: alength= 4 w= 10 nsites= 1 E= 0
  0.315548	  0.181281	  0.304970	  0.198202	
  0.342567	  0.215650	  0.329097	  0.112687	
  0.036295	  0.956859	  0.000000	  0.006845	
  0.887444	  0.026036	  0.052040	  0.034479	
  0.022313	  0.233167	  0.582932	  0.161589	
  0.161589	  0.582932	  0.233167	  0.022313	
  0.034479	  0.052040	  0.026036	  0.887444	
  0.006845	  0.000000	  0.956859	  0.036295	
  0.112687	  0.329097	  0.215650	  0.342567	
  0.198202	  0.304970	  0.181281	  0.315548	

URL http://cisbp.ccbr.utoronto.ca/TFreport.php?versionNumber=1.02&searchTF=T015147_1.02

MOTIF M0179_1.02 Arnt

letter-probability matrix: alength= 4 w= 12 nsites= 1 E= 0
  0.306611	  0.231130	  0.231130	  0.231130	
  0.341743	  0.181842	  0.294572	  0.181842	
  0.079056	  0.079056	  0.208948	  0.632940	
  0.095302	  0.793287	  0.019820	  0.091591	
  0.999459	  0.000180	  0.000180	  0.000180	
  0.154221	  0.773647	  0.000180	  0.071951	
  0.000180	  0.000180	  0.852206	  0.147433	
  0.000180	  0.000180	  0.000180	  0.999459	
  0.097610	  0.019051	  0.864288	  0.019051	
  0.265173	  0.598151	  0.068338	  0.068338	
  0.316182	  0.171125	  0.171125	  0.341568	
  0.230360	  0.230360	  0.230360	  0.308919	

URL http://cisbp.ccbr.utoronto.ca/TFreport.php?versionNumber=1.02&searchTF=T015149_1.02

MOTIF M0180_1.02 Arnt2

letter-probability matrix: alength= 4 w= 10 nsites= 1 E= 0
  0.441686	  0.235875	  0.161220	  0.161220	
  0.191879	  0.187982	  0.225189	  0.394950	
  0.000211	  0.000211	  0.265877	  0.733701	
  0.141244	  0.708098	  0.000211	  0.150448	
  0.929873	  0.000211	  0.069705	  0.000211	
  0.000211	  0.496749	  0.000211	  0.502828	
  0.362577	  0.000211	  0.566244	  0.070969	
  0.000211	  0.000211	  0.070969	  0.928609	
  0.157008	  0.088991	  0.665009	  0.088991	
  0.330549	  0.403477	  0.132987	  0.132987	

URL http://cisbp.ccbr.utoronto.ca/TFreport.php?versionNumber=1.02&searchTF=T015150_1.02

MOTIF M0181_1.02 Mlx

letter-probability matrix: alength= 4 w= 9 nsites= 1 E= 0
  0.213190	  0.185339	  0.327729	  0.273742	
  0.340712	  0.160941	  0.265347	  0.233000	
  0.209405	  0.197210	  0.258338	  0.335047	
  0.000001	  0.999579	  0.000071	  0.000349	
  0.888940	  0.000000	  0.111055	  0.000004	
  0.000027	  0.798969	  0.000000	  0.201004	
  0.000000	  0.076487	  0.922526	  0.000987	
  0.097990	  0.012742	  0.112715	  0.776553	
  0.052222	  0.053812	  0.769317	  0.124649	

URL http://cisbp.ccbr.utoronto.ca/TFreport.php?versionNumber=1.02&searchTF=T015151_1.02

MOTIF M0183_1.02 Hey2

letter-probability matrix: alength= 4 w= 9 nsites= 1 E= 0
  0.127939	  0.141394	  0.584966	  0.145701	
  0.373417	  0.217608	  0.219795	  0.189179	
  0.050354	  0.853272	  0.050354	  0.046020	
  0.802681	  0.011681	  0.158850	  0.026788	
  0.013844	  0.914033	  0.014848	  0.057275	
  0.054400	  0.029264	  0.903576	  0.012761	
  0.017038	  0.146267	  0.011652	  0.825043	
  0.010324	  0.002043	  0.967255	  0.020378	
  0.093895	  0.524360	  0.108005	  0.273740	

URL http://cisbp.ccbr.utoronto.ca/TFreport.php?versionNumber=1.02&searchTF=T015153_1.02

MOTIF M0184_1.02 Tcf3

letter-probability matrix: alength= 4 w= 9 nsites= 1 E= 0
  0.267667	  0.262367	  0.202299	  0.267667	
  0.266552	  0.251029	  0.393692	  0.088727	
  0.012172	  0.981588	  0.003630	  0.002610	
  0.970200	  0.006603	  0.007749	  0.015448	
  0.005096	  0.134094	  0.852816	  0.007993	
  0.093201	  0.112703	  0.784273	  0.009823	
  0.001777	  0.039843	  0.000291	  0.958089	
  0.005090	  0.000808	  0.989542	  0.004560	
  0.062982	  0.344762	  0.233424	  0.358832	

URL http://cisbp.ccbr.utoronto.ca/TFreport.php?versionNumber=1.02&searchTF=T015156_1.02

MOTIF M0187_1.02 Srebf1

letter-probability matrix: alength= 4 w= 10 nsites= 1 E= 0
  0.393016	  0.151995	  0.362799	  0.092190	
  0.117172	  0.118350	  0.069661	  0.694816	
  0.128123	  0.479620	  0.327993	  0.064264	
  0.397372	  0.002704	  0.466320	  0.133603	
  0.000288	  0.485023	  0.315512	  0.199177	
  0.212693	  0.139749	  0.578160	  0.069397	
  0.099009	  0.160007	  0.002045	  0.738939	
  0.055450	  0.025674	  0.841747	  0.077129	
  0.578926	  0.073052	  0.141341	  0.206681	
  0.101129	  0.261489	  0.146407	  0.490975	

URL http://cisbp.ccbr.utoronto.ca/TFreport.php?versionNumber=1.02&searchTF=T015157_1.02

MOTIF M0189_1.02 Id2

letter-probability matrix: alength= 4 w= 8 nsites= 1 E= 0
  0.277716	  0.166851	  0.499446	  0.055987	
  0.000370	  0.998891	  0.000370	  0.000370	
  0.999001	  0.000333	  0.000333	  0.000333	
  0.000333	  0.999001	  0.000333	  0.000333	
  0.000333	  0.000333	  0.999001	  0.000333	
  0.000333	  0.000333	  0.000333	  0.999001	
  0.000344	  0.000344	  0.998967	  0.000344	
  0.499546	  0.045826	  0.272686	  0.181942	

URL http://cisbp.ccbr.utoronto.ca/TFreport.php?versionNumber=1.02&searchTF=T015158_1.02

MOTIF M0190_1.02 Srebf2

letter-probability matrix: alength= 4 w= 8 nsites= 1 E= 0
  0.077454	  0.000767	  0.000767	  0.921012	
  0.000587	  0.704812	  0.294014	  0.000587	
  0.411385	  0.000587	  0.587441	  0.000587	
  0.000587	  0.822183	  0.117958	  0.059272	
  0.000587	  0.000587	  0.998239	  0.000587	
  0.000587	  0.059272	  0.000587	  0.939554	
  0.000587	  0.000587	  0.998239	  0.000587	
  0.844325	  0.000767	  0.077454	  0.077454	

URL http://cisbp.ccbr.utoronto.ca/TFreport.php?versionNumber=1.02&searchTF=T015165_1.02

MOTIF M0191_1.02 Hes1

letter-probability matrix: alength= 4 w= 10 nsites= 1 E= 0
  0.187192	  0.257787	  0.376958	  0.178062	
  0.208846	  0.299345	  0.396073	  0.095736	
  0.040193	  0.874529	  0.014206	  0.071071	
  0.742947	  0.033469	  0.141263	  0.082321	
  0.029223	  0.832942	  0.055978	  0.081856	
  0.164830	  0.040647	  0.768864	  0.025660	
  0.115790	  0.469552	  0.066805	  0.347853	
  0.058207	  0.112619	  0.661167	  0.168007	
  0.225947	  0.301962	  0.151457	  0.320634	
  0.217140	  0.383962	  0.198451	  0.200446	

URL http://cisbp.ccbr.utoronto.ca/TFreport.php?versionNumber=1.02&searchTF=T015166_1.02

MOTIF M0192_1.02 Hes7

letter-probability matrix: alength= 4 w= 10 nsites= 1 E= 0
  0.227282	  0.175246	  0.397896	  0.199575	
  0.347982	  0.154803	  0.337698	  0.159517	
  0.144508	  0.798981	  0.033560	  0.022950	
  0.234584	  0.082915	  0.522077	  0.160423	
  0.028070	  0.824446	  0.025399	  0.122084	
  0.031607	  0.017003	  0.947070	  0.004321	
  0.045487	  0.046406	  0.021486	  0.886622	
  0.010821	  0.004911	  0.964354	  0.019915	
  0.095751	  0.416445	  0.242682	  0.245121	
  0.159861	  0.443326	  0.207329	  0.189484	

URL http://cisbp.ccbr.utoronto.ca/TFreport.php?versionNumber=1.02&searchTF=T015167_1.02

MOTIF M0193_1.02 Tcfeb

letter-probability matrix: alength= 4 w= 8 nsites= 1 E= 0
  0.279394	  0.073633	  0.632128	  0.014844	
  0.027107	  0.045119	  0.072136	  0.855638	
  0.000075	  0.999776	  0.000075	  0.000075	
  0.850567	  0.037377	  0.029916	  0.082140	
  0.000075	  0.828186	  0.044837	  0.126902	
  0.104521	  0.022456	  0.872948	  0.000075	
  0.173579	  0.140532	  0.057915	  0.627974	
  0.000093	  0.000093	  0.990466	  0.009348	

URL http://cisbp.ccbr.utoronto.ca/TFreport.php?versionNumber=1.02&searchTF=T015168_1.02

MOTIF M0194_1.02 Bhlhe22

letter-probability matrix: alength= 4 w= 10 nsites= 1 E= 0
  0.361199	  0.183013	  0.272775	  0.183013	
  0.138914	  0.651658	  0.134874	  0.074555	
  0.000046	  0.999862	  0.000046	  0.000046	
  0.999862	  0.000046	  0.000046	  0.000046	
  0.000046	  0.000046	  0.000046	  0.999862	
  0.999862	  0.000046	  0.000046	  0.000046	
  0.000046	  0.000046	  0.000046	  0.999862	
  0.000046	  0.000046	  0.999862	  0.000046	
  0.067033	  0.298563	  0.220536	  0.413869	
  0.175491	  0.236272	  0.175491	  0.412746	

URL http://cisbp.ccbr.utoronto.ca/TFreport.php?versionNumber=1.02&searchTF=T015170_1.02

MOTIF M0195_1.02 Msc

letter-probability matrix: alength= 4 w= 10 nsites= 1 E= 0
  0.349915	  0.146774	  0.278558	  0.224752	
  0.357002	  0.417355	  0.173504	  0.052139	
  0.139509	  0.827857	  0.032001	  0.000633	
  0.724593	  0.000000	  0.227645	  0.047763	
  0.064454	  0.126184	  0.294078	  0.515285	
  0.515285	  0.294078	  0.126184	  0.064454	
  0.047763	  0.227645	  0.000000	  0.724593	
  0.000633	  0.032001	  0.827857	  0.139509	
  0.052139	  0.173504	  0.417355	  0.357002	
  0.224752	  0.278558	  0.146774	  0.349915	

URL http://cisbp.ccbr.utoronto.ca/TFreport.php?versionNumber=1.02&searchTF=T015171_1.02

MOTIF M0196_1.02 Npas2

letter-probability matrix: alength= 4 w= 10 nsites= 1 E= 0
  0.273313	  0.176530	  0.292754	  0.257403	
  0.154185	  0.377249	  0.420347	  0.048219	
  0.000226	  0.999321	  0.000226	  0.000226	
  0.999321	  0.000226	  0.000226	  0.000226	
  0.081100	  0.918447	  0.000226	  0.000226	
  0.081100	  0.000226	  0.918447	  0.000226	
  0.000226	  0.000226	  0.000226	  0.999321	
  0.081100	  0.000226	  0.918447	  0.000226	
  0.073697	  0.172181	  0.187665	  0.566457	
  0.297058	  0.298928	  0.202007	  0.202007	

URL http://cisbp.ccbr.utoronto.ca/TFreport.php?versionNumber=1.02&searchTF=T015172_1.02

MOTIF M0197_1.02 Usf1

letter-probability matrix: alength= 4 w= 11 nsites= 1 E= 0
  0.233907	  0.233907	  0.233907	  0.298278	
  0.459617	  0.123761	  0.292862	  0.123761	
  0.017725	  0.171968	  0.153118	  0.657189	
  0.000135	  0.999596	  0.000135	  0.000135	
  0.999596	  0.000135	  0.000135	  0.000135	
  0.064505	  0.935226	  0.000135	  0.000135	
  0.000135	  0.000135	  0.935226	  0.064505	
  0.064505	  0.000135	  0.000135	  0.935226	
  0.016227	  0.016227	  0.951318	  0.016227	
  0.330773	  0.196186	  0.346666	  0.126374	
  0.232410	  0.232410	  0.302771	  0.232410	

URL http://cisbp.ccbr.utoronto.ca/TFreport.php?versionNumber=1.02&searchTF=T015174_1.02

MOTIF M0198_1.02 Sohlh2

letter-probability matrix: alength= 4 w= 10 nsites= 1 E= 0
  0.314175	  0.219192	  0.249622	  0.217011	
  0.209218	  0.174753	  0.434144	  0.181885	
  0.159171	  0.387601	  0.102512	  0.350716	
  0.253998	  0.378920	  0.186294	  0.180788	
  0.131112	  0.769738	  0.026471	  0.072679	
  0.075648	  0.029847	  0.894341	  0.000165	
  0.109744	  0.024733	  0.070679	  0.794844	
  0.000431	  0.092665	  0.896940	  0.009964	
  0.171237	  0.574240	  0.137421	  0.117102	
  0.291434	  0.191486	  0.303328	  0.213752	

URL http://cisbp.ccbr.utoronto.ca/TFreport.php?versionNumber=1.02&searchTF=T015177_1.02

MOTIF M0199_1.02 Hes2

letter-probability matrix: alength= 4 w= 13 nsites= 1 E= 0
  0.214247	  0.214247	  0.214247	  0.357260	
  0.341052	  0.197239	  0.197239	  0.264469	
  0.341052	  0.197239	  0.197239	  0.264469	
  0.245377	  0.332697	  0.244578	  0.177348	
  0.082925	  0.152323	  0.681827	  0.082925	
  0.602961	  0.000158	  0.396723	  0.000158	
  0.281517	  0.718168	  0.000158	  0.000158	
  0.930129	  0.000158	  0.069555	  0.000158	
  0.174257	  0.753921	  0.035911	  0.035911	
  0.123235	  0.052918	  0.770928	  0.052918	
  0.052918	  0.052918	  0.052918	  0.841245	
  0.143126	  0.072810	  0.711254	  0.072810	
  0.237549	  0.427986	  0.167232	  0.167232	

URL http://cisbp.ccbr.utoronto.ca/TFreport.php?versionNumber=1.02&searchTF=T015182_1.02

MOTIF M0200_1.02 Clock

letter-probability matrix: alength= 4 w= 10 nsites= 1 E= 0
  0.239964	  0.200309	  0.336557	  0.223170	
  0.293276	  0.320740	  0.252774	  0.133210	
  0.162184	  0.774560	  0.028113	  0.035143	
  0.713119	  0.054463	  0.173280	  0.059138	
  0.027939	  0.674387	  0.047681	  0.249993	
  0.249993	  0.047681	  0.674387	  0.027939	
  0.059138	  0.173280	  0.054463	  0.713119	
  0.035143	  0.028113	  0.774560	  0.162184	
  0.133210	  0.252774	  0.320740	  0.293276	
  0.223170	  0.336557	  0.200309	  0.239964	

URL http://cisbp.ccbr.utoronto.ca/TFreport.php?versionNumber=1.02&searchTF=T015184_1.02

MOTIF M0201_1.02 Tcfec

letter-probability matrix: alength= 4 w= 10 nsites= 1 E= 0
  0.317421	  0.183419	  0.333604	  0.165555	
  0.190817	  0.212307	  0.221545	  0.375331	
  0.065189	  0.842821	  0.039209	  0.052781	
  0.673632	  0.069570	  0.110745	  0.146054	
  0.020029	  0.798819	  0.038881	  0.142271	
  0.142271	  0.038881	  0.798819	  0.020029	
  0.146054	  0.110745	  0.069570	  0.673632	
  0.052781	  0.039209	  0.842821	  0.065189	
  0.375331	  0.221545	  0.212307	  0.190817	
  0.165555	  0.333604	  0.183419	  0.317421	

URL http://cisbp.ccbr.utoronto.ca/TFreport.php?versionNumber=1.02&searchTF=T015185_1.02

MOTIF M0203_1.02 Figla

letter-probability matrix: alength= 4 w= 9 nsites= 1 E= 0
  0.250583	  0.381378	  0.193213	  0.174826	
  0.013384	  0.986426	  0.000150	  0.000039	
  0.917989	  0.033188	  0.040132	  0.008690	
  0.008390	  0.398232	  0.570798	  0.022579	
  0.046180	  0.314989	  0.627999	  0.010832	
  0.001167	  0.022070	  0.000006	  0.976757	
  0.059828	  0.014034	  0.881371	  0.044767	
  0.176480	  0.217719	  0.308958	  0.296844	
  0.272826	  0.167140	  0.206197	  0.353836	

URL http://cisbp.ccbr.utoronto.ca/TFreport.php?versionNumber=1.02&searchTF=T015186_1.02

MOTIF M0204_1.02 Bhlhe40

letter-probability matrix: alength= 4 w= 9 nsites= 1 E= 0
  0.194866	  0.242818	  0.404362	  0.157955	
  0.078462	  0.056409	  0.404487	  0.460642	
  0.000253	  0.999507	  0.000143	  0.000096	
  0.852074	  0.027873	  0.056130	  0.063923	
  0.005751	  0.924659	  0.023091	  0.046499	
  0.079188	  0.024333	  0.890538	  0.005941	
  0.086415	  0.146814	  0.095504	  0.671267	
  0.026260	  0.029608	  0.786851	  0.157282	
  0.323864	  0.284383	  0.092789	  0.298964	

URL http://cisbp.ccbr.utoronto.ca/TFreport.php?versionNumber=1.02&searchTF=T015187_1.02

MOTIF M0206_1.02 Bhlhe41

letter-probability matrix: alength= 4 w= 9 nsites= 1 E= 0
  0.331290	  0.180007	  0.235803	  0.252900	
  0.194525	  0.590259	  0.130394	  0.084822	
  0.361693	  0.131735	  0.344053	  0.162519	
  0.024163	  0.808217	  0.053776	  0.113844	
  0.054750	  0.033208	  0.909397	  0.002645	
  0.019419	  0.010552	  0.020212	  0.949817	
  0.002054	  0.000506	  0.982111	  0.015328	
  0.436324	  0.463304	  0.031766	  0.068606	
  0.142252	  0.406508	  0.214348	  0.236892	

URL http://cisbp.ccbr.utoronto.ca/TFreport.php?versionNumber=1.02&searchTF=T015188_1.02

MOTIF M0207_1.02 Tcf12

letter-probability matrix: alength= 4 w= 9 nsites= 1 E= 0
  0.245979	  0.352569	  0.300439	  0.101013	
  0.058813	  0.919989	  0.001025	  0.020173	
  0.872648	  0.043447	  0.042163	  0.041743	
  0.032068	  0.136709	  0.778878	  0.052345	
  0.252322	  0.142694	  0.578654	  0.026330	
  0.003499	  0.021379	  0.000159	  0.974963	
  0.048208	  0.008462	  0.930323	  0.013008	
  0.091245	  0.302945	  0.243119	  0.362691	
  0.223098	  0.220878	  0.275232	  0.280792	

URL http://cisbp.ccbr.utoronto.ca/TFreport.php?versionNumber=1.02&searchTF=T015191_1.02

MOTIF M0208_1.02 Mitf

letter-probability matrix: alength= 4 w= 10 nsites= 1 E= 0
  0.274271	  0.193275	  0.312347	  0.220107	
  0.397562	  0.081073	  0.461902	  0.059463	
  0.077449	  0.094597	  0.100446	  0.727507	
  0.006596	  0.988797	  0.002736	  0.001871	
  0.881512	  0.052021	  0.015985	  0.050483	
  0.008133	  0.724836	  0.073402	  0.193629	
  0.156385	  0.032862	  0.798170	  0.012583	
  0.238338	  0.191271	  0.109256	  0.461135	
  0.027780	  0.028341	  0.883880	  0.059999	
  0.245119	  0.215238	  0.340953	  0.198690	

URL http://cisbp.ccbr.utoronto.ca/TFreport.php?versionNumber=1.02&searchTF=T015196_1.02

MOTIF M0209_1.02 Myf6

letter-probability matrix: alength= 4 w= 9 nsites= 1 E= 0
  0.289475	  0.254187	  0.269905	  0.186433	
  0.052590	  0.774738	  0.052067	  0.120605	
  0.533145	  0.105509	  0.232478	  0.128869	
  0.266544	  0.300527	  0.261266	  0.171664	
  0.190214	  0.458588	  0.173843	  0.177355	
  0.000604	  0.000378	  0.000312	  0.998705	
  0.001765	  0.002135	  0.869844	  0.126256	
  0.234495	  0.165246	  0.146560	  0.453699	
  0.018343	  0.468373	  0.072187	  0.441097	

URL http://cisbp.ccbr.utoronto.ca/TFreport.php?versionNumber=1.02&searchTF=T015198_1.02

MOTIF M0210_1.02 Myf5

letter-probability matrix: alength= 4 w= 9 nsites= 1 E= 0
  0.597222	  0.001984	  0.398810	  0.001984	
  0.886062	  0.001106	  0.001106	  0.111726	
  0.000996	  0.997012	  0.000996	  0.000996	
  0.997012	  0.000996	  0.000996	  0.000996	
  0.001106	  0.001106	  0.775442	  0.222345	
  0.222345	  0.554204	  0.001106	  0.222345	
  0.001106	  0.001106	  0.001106	  0.996681	
  0.001106	  0.001106	  0.996681	  0.001106	
  0.398810	  0.200397	  0.001984	  0.398810	

URL http://cisbp.ccbr.utoronto.ca/TFreport.php?versionNumber=1.02&searchTF=T015137_1.02

MOTIF M0211_1.02 Mlxip

letter-probability matrix: alength= 4 w= 8 nsites= 1 E= 0
  0.053046	  0.263130	  0.420693	  0.263130	
  0.000399	  0.998802	  0.000399	  0.000399	
  0.998802	  0.000399	  0.000399	  0.000399	
  0.000399	  0.998802	  0.000399	  0.000399	
  0.000399	  0.000399	  0.998802	  0.000399	
  0.000399	  0.000399	  0.000399	  0.998802	
  0.000399	  0.000399	  0.998802	  0.000399	
  0.187656	  0.062968	  0.250000	  0.499377	

URL http://cisbp.ccbr.utoronto.ca/TFreport.php?versionNumber=1.02&searchTF=T015208_1.02

MOTIF M0212_1.02 Tcfl5

letter-probability matrix: alength= 4 w= 10 nsites= 1 E= 0
  0.263325	  0.202596	  0.307948	  0.226130	
  0.113138	  0.226680	  0.364435	  0.295747	
  0.058154	  0.874211	  0.016939	  0.050696	
  0.372199	  0.064471	  0.336403	  0.226927	
  0.006221	  0.903915	  0.018504	  0.071360	
  0.071360	  0.018504	  0.903915	  0.006221	
  0.226927	  0.336403	  0.064471	  0.372199	
  0.050696	  0.016939	  0.874211	  0.058154	
  0.295747	  0.364435	  0.226680	  0.113138	
  0.226130	  0.307948	  0.202596	  0.263325	

URL http://cisbp.ccbr.utoronto.ca/TFreport.php?versionNumber=1.02&searchTF=T015209_1.02

MOTIF M0213_1.02 Olig3

letter-probability matrix: alength= 4 w= 11 nsites= 1 E= 0
  0.201784	  0.295980	  0.300452	  0.201784	
  0.274925	  0.079923	  0.079923	  0.565228	
  0.731885	  0.120705	  0.024371	  0.123039	
  0.189822	  0.517890	  0.000302	  0.291985	
  0.195173	  0.614669	  0.000302	  0.189856	
  0.809704	  0.000302	  0.000302	  0.189691	
  0.000302	  0.194479	  0.093488	  0.711731	
  0.905907	  0.000302	  0.000302	  0.093488	
  0.243671	  0.144721	  0.237061	  0.374546	
  0.170379	  0.170379	  0.392660	  0.266582	
  0.225931	  0.225931	  0.322206	  0.225931	

URL http://cisbp.ccbr.utoronto.ca/TFreport.php?versionNumber=1.02&searchTF=T015218_1.02

MOTIF M0214_1.02 Tcf21

letter-probability matrix: alength= 4 w= 9 nsites= 1 E= 0
  0.745050	  0.002475	  0.250000	  0.002475	
  0.747512	  0.250000	  0.001244	  0.001244	
  0.001244	  0.996269	  0.001244	  0.001244	
  0.996269	  0.001244	  0.001244	  0.001244	
  0.001244	  0.001244	  0.374378	  0.623134	
  0.623134	  0.374378	  0.001244	  0.001244	
  0.001244	  0.001244	  0.001244	  0.996269	
  0.001244	  0.001244	  0.996269	  0.001244	
  0.002475	  0.002475	  0.497525	  0.497525	

URL http://cisbp.ccbr.utoronto.ca/TFreport.php?versionNumber=1.02&searchTF=T015219_1.02

MOTIF M0215_1.02 Hes5

letter-probability matrix: alength= 4 w= 10 nsites= 1 E= 0
  0.216882	  0.223200	  0.384442	  0.175475	
  0.345594	  0.220337	  0.348034	  0.086035	
  0.070888	  0.898272	  0.018035	  0.012805	
  0.587881	  0.086790	  0.237040	  0.088289	
  0.022632	  0.821184	  0.052593	  0.103591	
  0.103591	  0.052593	  0.821184	  0.022632	
  0.088289	  0.237040	  0.086790	  0.587881	
  0.012805	  0.018035	  0.898272	  0.070888	
  0.086035	  0.348034	  0.220337	  0.345594	
  0.175475	  0.384442	  0.223200	  0.216882	

URL http://cisbp.ccbr.utoronto.ca/TFreport.php?versionNumber=1.02&searchTF=T015225_1.02

MOTIF M0216_1.02 Nhlh2

letter-probability matrix: alength= 4 w= 10 nsites= 1 E= 0
  0.282767	  0.305521	  0.171954	  0.239759	
  0.037628	  0.037628	  0.674128	  0.250617	
  0.000178	  0.862732	  0.000178	  0.136912	
  0.930537	  0.000178	  0.069106	  0.000178	
  0.071132	  0.077413	  0.714543	  0.136912	
  0.145218	  0.714543	  0.069106	  0.071132	
  0.000178	  0.067984	  0.000178	  0.931660	
  0.077413	  0.000178	  0.922231	  0.000178	
  0.152455	  0.301874	  0.078225	  0.467447	
  0.281479	  0.212551	  0.293420	  0.212551	

URL http://cisbp.ccbr.utoronto.ca/TFreport.php?versionNumber=1.02&searchTF=T015227_1.02

MOTIF M0217_1.02 Neurog1

letter-probability matrix: alength= 4 w= 10 nsites= 1 E= 0
  0.424799	  0.113479	  0.235478	  0.226244	
  0.169637	  0.592091	  0.171342	  0.066931	
  0.271365	  0.687777	  0.026936	  0.013922	
  0.665113	  0.034812	  0.186785	  0.113291	
  0.001368	  0.064301	  0.143105	  0.791225	
  0.793894	  0.140745	  0.056090	  0.009272	
  0.075714	  0.150952	  0.010559	  0.762775	
  0.011683	  0.000903	  0.869711	  0.117703	
  0.038634	  0.150525	  0.421629	  0.389213	
  0.091763	  0.270213	  0.234912	  0.403111	

URL http://cisbp.ccbr.utoronto.ca/TFreport.php?versionNumber=1.02&searchTF=T015228_1.02

MOTIF M0218_1.02 Bhlha15

letter-probability matrix: alength= 4 w= 8 nsites= 1 E= 0
  0.143162	  0.570513	  0.285613	  0.000712	
  0.000499	  0.998503	  0.000499	  0.000499	
  0.998503	  0.000499	  0.000499	  0.000499	
  0.000499	  0.000499	  0.200100	  0.798902	
  0.798902	  0.200100	  0.000499	  0.000499	
  0.000499	  0.000499	  0.000499	  0.998503	
  0.000499	  0.000499	  0.998503	  0.000499	
  0.000767	  0.230828	  0.154141	  0.614264	

URL http://cisbp.ccbr.utoronto.ca/TFreport.php?versionNumber=1.02&searchTF=T015230_1.02

MOTIF M0219_1.02 Tcf4

letter-probability matrix: alength= 4 w= 9 nsites= 1 E= 0
  0.241036	  0.335274	  0.300350	  0.123340	
  0.079879	  0.889370	  0.008763	  0.021988	
  0.848296	  0.076190	  0.045752	  0.029762	
  0.021618	  0.169617	  0.760169	  0.048596	
  0.258214	  0.173086	  0.546639	  0.022061	
  0.026426	  0.033594	  0.010744	  0.929235	
  0.027834	  0.014824	  0.903488	  0.053853	
  0.124622	  0.309601	  0.243541	  0.322236	
  0.223232	  0.241825	  0.278165	  0.256778	

URL http://cisbp.ccbr.utoronto.ca/TFreport.php?versionNumber=1.02&searchTF=T015231_1.02

MOTIF M0220_1.02 Arntl

letter-probability matrix: alength= 4 w= 10 nsites= 1 E= 0
  0.250929	  0.229332	  0.261169	  0.258571	
  0.245912	  0.124583	  0.558342	  0.071163	
  0.061688	  0.043908	  0.142892	  0.751513	
  0.002732	  0.997148	  0.000037	  0.000083	
  0.953025	  0.016113	  0.010172	  0.020690	
  0.001939	  0.965026	  0.009414	  0.023621	
  0.048059	  0.002671	  0.946167	  0.003103	
  0.054023	  0.057940	  0.051388	  0.836649	
  0.009432	  0.004113	  0.938317	  0.048139	
  0.255140	  0.330899	  0.145739	  0.268222	

URL http://cisbp.ccbr.utoronto.ca/TFreport.php?versionNumber=1.02&searchTF=T015232_1.02

MOTIF M0221_1.02 Max

letter-probability matrix: alength= 4 w= 9 nsites= 1 E= 0
  0.188660	  0.365019	  0.265058	  0.181263	
  0.161107	  0.707733	  0.075344	  0.055816	
  0.553702	  0.064497	  0.272224	  0.109577	
  0.016383	  0.817513	  0.076422	  0.089682	
  0.280383	  0.069142	  0.649469	  0.001006	
  0.058979	  0.006216	  0.030483	  0.904321	
  0.000165	  0.000010	  0.999805	  0.000020	
  0.194467	  0.254745	  0.333707	  0.217080	
  0.178079	  0.273753	  0.233277	  0.314891	

URL http://cisbp.ccbr.utoronto.ca/TFreport.php?versionNumber=1.02&searchTF=T015234_1.02

MOTIF M0224_1.02 Atoh1

letter-probability matrix: alength= 4 w= 10 nsites= 1 E= 0
  0.294121	  0.202526	  0.300826	  0.202526	
  0.303479	  0.500296	  0.098113	  0.098113	
  0.000011	  0.999968	  0.000011	  0.000011	
  0.999968	  0.000011	  0.000011	  0.000011	
  0.000011	  0.000011	  0.087923	  0.912055	
  0.912055	  0.087923	  0.000011	  0.000011	
  0.000011	  0.000011	  0.000011	  0.999968	
  0.000011	  0.000011	  0.999968	  0.000011	
  0.047484	  0.118649	  0.168178	  0.665688	
  0.151898	  0.243456	  0.221525	  0.383121	

URL http://cisbp.ccbr.utoronto.ca/TFreport.php?versionNumber=1.02&searchTF=T015240_1.02

MOTIF M0225_1.02 Usf2

letter-probability matrix: alength= 4 w= 10 nsites= 1 E= 0
  0.326350	  0.175680	  0.322290	  0.175680	
  0.054832	  0.117006	  0.054832	  0.773331	
  0.000021	  0.999938	  0.000021	  0.000021	
  0.999938	  0.000021	  0.000021	  0.000021	
  0.000021	  0.999938	  0.000021	  0.000021	
  0.000021	  0.000021	  0.999938	  0.000021	
  0.000021	  0.000021	  0.000021	  0.999938	
  0.000021	  0.000021	  0.999938	  0.000021	
  0.202158	  0.177035	  0.370057	  0.250750	
  0.195189	  0.195189	  0.256649	  0.352973	

URL http://cisbp.ccbr.utoronto.ca/TFreport.php?versionNumber=1.02&searchTF=T015242_1.02

MOTIF M0274_1.02 Cebpd

letter-probability matrix: alength= 4 w= 9 nsites= 1 E= 0
  0.449938	  0.179309	  0.295631	  0.075122	
  0.100170	  0.071298	  0.034704	  0.793828	
  0.094310	  0.063853	  0.144978	  0.696859	
  0.306584	  0.006395	  0.466610	  0.220411	
  0.119374	  0.591264	  0.082456	  0.206906	
  0.267610	  0.138315	  0.441214	  0.152861	
  0.265499	  0.311566	  0.098653	  0.324281	
  0.474847	  0.265866	  0.121874	  0.137413	
  0.554946	  0.149735	  0.131482	  0.163837	

URL http://cisbp.ccbr.utoronto.ca/TFreport.php?versionNumber=1.02&searchTF=T023888_1.02

MOTIF M0290_1.02 Mafk

letter-probability matrix: alength= 4 w= 10 nsites= 1 E= 0
  0.317998	  0.169363	  0.213160	  0.299479	
  0.335740	  0.132467	  0.157014	  0.374779	
  0.311840	  0.169439	  0.110221	  0.408500	
  0.224835	  0.184079	  0.193517	  0.397568	
  0.110627	  0.253703	  0.053848	  0.581822	
  0.121552	  0.112207	  0.544759	  0.221482	
  0.185362	  0.479292	  0.124252	  0.211095	
  0.235995	  0.224485	  0.173090	  0.366431	
  0.225334	  0.180834	  0.356945	  0.236887	
  0.364404	  0.206080	  0.225487	  0.204029	

URL http://cisbp.ccbr.utoronto.ca/TFreport.php?versionNumber=1.02&searchTF=T025913_1.02

MOTIF M0291_1.02 Xbp1

letter-probability matrix: alength= 4 w= 10 nsites= 1 E= 0
  0.230690	  0.186994	  0.327365	  0.254952	
  0.344385	  0.219590	  0.245123	  0.190902	
  0.195729	  0.236685	  0.118716	  0.448870	
  0.124074	  0.196542	  0.424484	  0.254901	
  0.875057	  0.000288	  0.122033	  0.002623	
  0.049908	  0.720677	  0.001222	  0.228193	
  0.190561	  0.051934	  0.561141	  0.196364	
  0.211100	  0.240406	  0.135956	  0.412539	
  0.270015	  0.136794	  0.353710	  0.239482	
  0.204838	  0.192909	  0.293600	  0.308653	

URL http://cisbp.ccbr.utoronto.ca/TFreport.php?versionNumber=1.02&searchTF=T025915_1.02

MOTIF M0293_1.02 Tef

letter-probability matrix: alength= 4 w= 10 nsites= 1 E= 0
  0.209154	  0.198953	  0.276737	  0.315156	
  0.393309	  0.153638	  0.370405	  0.082648	
  0.067956	  0.045099	  0.059078	  0.827868	
  0.036385	  0.049114	  0.161442	  0.753060	
  0.645066	  0.030550	  0.232608	  0.091776	
  0.077480	  0.544580	  0.057398	  0.320542	
  0.252937	  0.164538	  0.479689	  0.102836	
  0.174732	  0.252965	  0.129444	  0.442859	
  0.368093	  0.244285	  0.225503	  0.162120	
  0.440205	  0.171956	  0.197797	  0.190041	

URL http://cisbp.ccbr.utoronto.ca/TFreport.php?versionNumber=1.02&searchTF=T025918_1.02

MOTIF M0294_1.02 Atf1

letter-probability matrix: alength= 4 w= 10 nsites= 1 E= 0
  0.260600	  0.193057	  0.290902	  0.255440	
  0.297930	  0.203743	  0.261611	  0.236716	
  0.174845	  0.166318	  0.245649	  0.413188	
  0.186210	  0.177128	  0.390283	  0.246379	
  0.445741	  0.112139	  0.281389	  0.160732	
  0.171869	  0.422731	  0.182497	  0.222903	
  0.256025	  0.100011	  0.480715	  0.163249	
  0.268049	  0.185151	  0.235372	  0.311428	
  0.340203	  0.183010	  0.278534	  0.198253	
  0.336613	  0.151250	  0.270138	  0.241999	

URL http://cisbp.ccbr.utoronto.ca/TFreport.php?versionNumber=1.02&searchTF=T025920_1.02

MOTIF M0296_1.02 Fosl1

letter-probability matrix: alength= 4 w= 11 nsites= 1 E= 0
  0.232400	  0.232400	  0.232400	  0.302800	
  0.232400	  0.232400	  0.302800	  0.232400	
  0.610342	  0.103117	  0.183423	  0.103117	
  0.000108	  0.000108	  0.000108	  0.999677	
  0.000108	  0.000108	  0.937311	  0.062474	
  0.999677	  0.000108	  0.000108	  0.000108	
  0.000108	  0.999677	  0.000108	  0.000108	
  0.000108	  0.000108	  0.513290	  0.486494	
  0.017708	  0.566158	  0.017708	  0.398426	
  0.628524	  0.261855	  0.091913	  0.017708	
  0.327839	  0.254412	  0.146991	  0.270758	

URL http://cisbp.ccbr.utoronto.ca/TFreport.php?versionNumber=1.02&searchTF=T025923_1.02

MOTIF M0297_1.02 Creb1

letter-probability matrix: alength= 4 w= 9 nsites= 1 E= 0
  0.357458	  0.170548	  0.361051	  0.110943	
  0.016538	  0.109473	  0.065084	  0.808904	
  0.001209	  0.089107	  0.665032	  0.244652	
  0.783865	  0.024149	  0.128283	  0.063703	
  0.032696	  0.834861	  0.002478	  0.129965	
