MEME version 4

ALPHABET= ACGT

strands: + -

Background letter frequencies (from uniform background):
A 0.25000 C 0.25000 G 0.25000 T 0.25000 

MOTIF M0053_1.02 (NCLIV_059950)_(Plasmodium_falciparum)_(DBD_0.88)

letter-probability matrix: alength= 4 w= 10 nsites= 1 E= 0
  0.231762	  0.250456	  0.122107	  0.395675	
  0.406356	  0.184236	  0.308687	  0.100721	
  0.194738	  0.027043	  0.666941	  0.111277	
  0.102980	  0.728703	  0.024053	  0.144265	
  0.000000	  0.000000	  0.109607	  0.890393	
  0.890393	  0.109607	  0.000000	  0.000000	
  0.144265	  0.024053	  0.728703	  0.102980	
  0.111277	  0.666941	  0.027043	  0.194738	
  0.100721	  0.308687	  0.184236	  0.406356	
  0.395675	  0.122107	  0.250456	  0.231762	

URL http://cisbp.ccbr.utoronto.ca/TFreport.php?versionNumber=1.02&searchTF=T001862_1.02

MOTIF M0061_1.02 (NCLIV_058430)_(Plasmodium_falciparum)_(DBD_0.70)

letter-probability matrix: alength= 4 w= 8 nsites= 1 E= 0
  0.727273	  0.090909	  0.000000	  0.181818	
  0.000000	  0.750000	  0.000000	  0.250000	
  1.000000	  0.000000	  0.000000	  0.000000	
  0.062500	  0.937500	  0.000000	  0.000000	
  0.937500	  0.000000	  0.000000	  0.062500	
  0.000000	  0.937500	  0.000000	  0.062500	
  0.937500	  0.062500	  0.000000	  0.000000	
  0.071429	  0.714286	  0.000000	  0.214286	

URL http://cisbp.ccbr.utoronto.ca/TFreport.php?versionNumber=1.02&searchTF=T001861_1.02

