MEME version 4

ALPHABET= ACGT

strands: + -

Background letter frequencies (from uniform background):
A 0.25000 C 0.25000 G 0.25000 T 0.25000 

MOTIF M0010_1.02 (CEF1)_(Arabidopsis_thaliana)_(DBD_0.75)

letter-probability matrix: alength= 4 w= 8 nsites= 1 E= 0
  0.184463	  0.256582	  0.319720	  0.239235	
  0.105899	  0.380880	  0.185394	  0.327827	
  0.045557	  0.000794	  0.952379	  0.001270	
  0.037039	  0.782083	  0.054161	  0.126718	
  0.030180	  0.624644	  0.110740	  0.234436	
  0.136135	  0.093097	  0.701799	  0.068968	
  0.176688	  0.191404	  0.362994	  0.268913	
  0.199360	  0.485467	  0.097039	  0.218134	

URL http://cisbp.ccbr.utoronto.ca/TFreport.php?versionNumber=1.02&searchTF=T002180_1.02

MOTIF M0018_1.02 (ERF2_TOBAC)_(Arabidopsis_thaliana)_(DBD_0.78)

letter-probability matrix: alength= 4 w= 10 nsites= 1 E= 0
  0.188766	  0.239969	  0.391705	  0.179560	
  0.100217	  0.435867	  0.346311	  0.117606	
  0.222731	  0.605446	  0.117444	  0.054378	
  0.014535	  0.000604	  0.912866	  0.071994	
  0.000191	  0.997296	  0.002004	  0.000509	
  0.042405	  0.950755	  0.003659	  0.003181	
  0.036094	  0.027553	  0.903365	  0.032987	
  0.170746	  0.518106	  0.100502	  0.210646	
  0.235827	  0.660568	  0.036712	  0.066893	
  0.477760	  0.132835	  0.239633	  0.149771	

URL http://cisbp.ccbr.utoronto.ca/TFreport.php?versionNumber=1.02&searchTF=T002161_1.02

MOTIF M0025_1.02 (ERF5)_(Arabidopsis_thaliana)_(DBD_0.75)

letter-probability matrix: alength= 4 w= 10 nsites= 1 E= 0
  0.176001	  0.377860	  0.270139	  0.176001	
  0.303125	  0.503085	  0.096895	  0.096895	
  0.000149	  0.000149	  0.999553	  0.000149	
  0.000149	  0.999553	  0.000149	  0.000149	
  0.000149	  0.999553	  0.000149	  0.000149	
  0.000149	  0.000149	  0.999553	  0.000149	
  0.000149	  0.999553	  0.000149	  0.000149	
  0.000149	  0.999553	  0.000149	  0.000149	
  0.359358	  0.074148	  0.492346	  0.074148	
  0.153254	  0.255523	  0.240734	  0.350489	

URL http://cisbp.ccbr.utoronto.ca/TFreport.php?versionNumber=1.02&searchTF=T002163_1.02

MOTIF M0028_1.02 (WRAF1)_(Arabidopsis_thaliana)_(DBD_0.76)

letter-probability matrix: alength= 4 w= 9 nsites= 1 E= 0
  0.216684	  0.323255	  0.262026	  0.198035	
  0.297134	  0.470682	  0.113770	  0.118414	
  0.053650	  0.000097	  0.946225	  0.000029	
  0.057636	  0.832265	  0.047663	  0.062437	
  0.127082	  0.784331	  0.032617	  0.055971	
  0.205930	  0.092530	  0.618648	  0.082892	
  0.241989	  0.346850	  0.132807	  0.278354	
  0.128129	  0.680641	  0.066889	  0.124342	
  0.307220	  0.319757	  0.140831	  0.232192	

URL http://cisbp.ccbr.utoronto.ca/TFreport.php?versionNumber=1.02&searchTF=T002157_1.02

MOTIF M0029_1.02 (WRAF2)_(Arabidopsis_thaliana)_(DBD_0.75)

letter-probability matrix: alength= 4 w= 8 nsites= 1 E= 0
  0.043837	  0.477865	  0.347656	  0.130642	
  0.108261	  0.783207	  0.081263	  0.027268	
  0.000227	  0.000227	  0.999319	  0.000227	
  0.000227	  0.976612	  0.022934	  0.000227	
  0.000227	  0.999319	  0.000227	  0.000227	
  0.000227	  0.000227	  0.999319	  0.000227	
  0.022934	  0.931199	  0.000227	  0.045640	
  0.117803	  0.734724	  0.059048	  0.088425	

URL http://cisbp.ccbr.utoronto.ca/TFreport.php?versionNumber=1.02&searchTF=T002158_1.02

MOTIF M0033_1.02 (Tsi1)_(Arabidopsis_thaliana)_(DBD_0.75)

letter-probability matrix: alength= 4 w= 8 nsites= 1 E= 0
  0.069935	  0.325511	  0.534619	  0.069935	
  0.107780	  0.768911	  0.061654	  0.061654	
  0.000127	  0.000127	  0.999620	  0.000127	
  0.000127	  0.974317	  0.025430	  0.000127	
  0.000127	  0.999620	  0.000127	  0.000127	
  0.000127	  0.012778	  0.986969	  0.000127	
  0.067666	  0.756483	  0.067666	  0.108185	
  0.096873	  0.789974	  0.064636	  0.048517	

URL http://cisbp.ccbr.utoronto.ca/TFreport.php?versionNumber=1.02&searchTF=T002164_1.02

MOTIF M0037_1.02 (ERF5)_(Arabidopsis_thaliana)_(DBD_0.79)

letter-probability matrix: alength= 4 w= 10 nsites= 1 E= 0
  0.193276	  0.300101	  0.279812	  0.226811	
  0.289447	  0.467767	  0.166996	  0.075790	
  0.033966	  0.013268	  0.939499	  0.013268	
  0.032073	  0.905066	  0.035802	  0.027059	
  0.097055	  0.850038	  0.020600	  0.032307	
  0.042649	  0.010412	  0.927966	  0.018973	
  0.129323	  0.591296	  0.130623	  0.148757	
  0.034651	  0.902636	  0.024418	  0.038295	
  0.383810	  0.175941	  0.239882	  0.200367	
  0.232502	  0.254398	  0.223385	  0.289715	

URL http://cisbp.ccbr.utoronto.ca/TFreport.php?versionNumber=1.02&searchTF=T002175_1.02

MOTIF M0038_1.02 (S25-XP1)_(Arabidopsis_thaliana)_(DBD_0.74)

letter-probability matrix: alength= 4 w= 10 nsites= 1 E= 0
  0.255196	  0.255196	  0.213158	  0.276450	
  0.231180	  0.274019	  0.265921	  0.228880	
  0.289755	  0.320229	  0.237231	  0.152786	
  0.132149	  0.080152	  0.723375	  0.064324	
  0.094393	  0.690536	  0.140818	  0.074252	
  0.172828	  0.700853	  0.042195	  0.084124	
  0.159515	  0.023858	  0.774438	  0.042188	
  0.177694	  0.464083	  0.145484	  0.212739	
  0.121072	  0.682924	  0.089692	  0.106313	
  0.342519	  0.222812	  0.220595	  0.214075	

URL http://cisbp.ccbr.utoronto.ca/TFreport.php?versionNumber=1.02&searchTF=T002165_1.02

MOTIF M0043_1.02 (ERF4)_(Oryza_sativa)_(DBD_0.77)

letter-probability matrix: alength= 4 w= 8 nsites= 1 E= 0
  0.003289	  0.990132	  0.003289	  0.003289	
  0.003289	  0.003289	  0.990132	  0.003289	
  0.003289	  0.661184	  0.332237	  0.003289	
  0.003289	  0.990132	  0.003289	  0.003289	
  0.003289	  0.003289	  0.990132	  0.003289	
  0.003289	  0.990132	  0.003289	  0.003289	
  0.003289	  0.990132	  0.003289	  0.003289	
  0.495098	  0.004902	  0.495098	  0.004902	

URL http://cisbp.ccbr.utoronto.ca/TFreport.php?versionNumber=1.02&searchTF=T002162_1.02

MOTIF M0263_1.02 (TGA1B_TOBAC)_(Arabidopsis_thaliana)_(DBD_0.78)

letter-probability matrix: alength= 4 w= 10 nsites= 1 E= 0
  0.256096	  0.205522	  0.322323	  0.216059	
  0.346225	  0.182562	  0.300994	  0.170220	
  0.181073	  0.223386	  0.098386	  0.497155	
  0.119246	  0.192711	  0.508360	  0.179682	
  0.783113	  0.052629	  0.081718	  0.082539	
  0.008951	  0.805786	  0.007256	  0.178006	
  0.176911	  0.000520	  0.777163	  0.045406	
  0.135250	  0.190020	  0.031098	  0.643632	
  0.236571	  0.105240	  0.537134	  0.121055	
  0.152185	  0.144763	  0.393507	  0.309544	

URL http://cisbp.ccbr.utoronto.ca/TFreport.php?versionNumber=1.02&searchTF=T028341_1.02

MOTIF M0268_1.02 (TAF1_TOBAC)_(Arabidopsis_thaliana)_(DBD_0.66)

letter-probability matrix: alength= 4 w= 10 nsites= 1 E= 0
  0.194982	  0.331261	  0.073179	  0.400578	
  0.062566	  0.319327	  0.401905	  0.216203	
  0.863019	  0.035889	  0.054078	  0.047014	
  0.016012	  0.783149	  0.111422	  0.089418	
  0.057917	  0.135505	  0.756729	  0.049849	
  0.020596	  0.026183	  0.004505	  0.948716	
  0.045651	  0.000000	  0.954344	  0.000005	
  0.000119	  0.051604	  0.610088	  0.338188	
  0.279665	  0.535709	  0.102883	  0.081744	
  0.362040	  0.293464	  0.151677	  0.192819	

URL http://cisbp.ccbr.utoronto.ca/TFreport.php?versionNumber=1.02&searchTF=T028338_1.02

MOTIF M0273_1.02 (TGA1A_TOBAC)_(Arabidopsis_thaliana)_(DBD_0.80)

letter-probability matrix: alength= 4 w= 10 nsites= 1 E= 0
  0.208878	  0.213098	  0.358436	  0.219588	
  0.322167	  0.297397	  0.322167	  0.058269	
  0.029823	  0.022540	  0.017554	  0.930084	
  0.040252	  0.052204	  0.753821	  0.153723	
  0.902919	  0.003339	  0.023942	  0.069800	
  0.018592	  0.751999	  0.018224	  0.211185	
  0.128802	  0.097346	  0.698039	  0.075813	
  0.166144	  0.181790	  0.105938	  0.546128	
  0.288506	  0.345405	  0.183960	  0.182129	
  0.377030	  0.183520	  0.217528	  0.221922	

URL http://cisbp.ccbr.utoronto.ca/TFreport.php?versionNumber=1.02&searchTF=T028340_1.02

MOTIF M0682_1.02 (Q9ZWK1_TOBAC)_(Arabidopsis_thaliana)_(DBD_0.76)

letter-probability matrix: alength= 4 w= 10 nsites= 1 E= 0
  0.243198	  0.221181	  0.281303	  0.254318	
  0.240165	  0.159269	  0.357238	  0.243329	
  0.448547	  0.093394	  0.346592	  0.111468	
  0.085710	  0.186343	  0.001092	  0.726855	
  0.297343	  0.048658	  0.477835	  0.176165	
  0.176165	  0.477835	  0.048658	  0.297343	
  0.726855	  0.001092	  0.186343	  0.085710	
  0.111468	  0.346592	  0.093394	  0.448547	
  0.243329	  0.357238	  0.159269	  0.240165	
  0.254318	  0.281303	  0.221181	  0.243198	

URL http://cisbp.ccbr.utoronto.ca/TFreport.php?versionNumber=1.02&searchTF=T077391_1.02

MOTIF M0769_1.02 (AGP1)_(Arabidopsis_thaliana)_(DBD_0.75)

letter-probability matrix: alength= 4 w= 10 nsites= 1 E= 0
  0.260217	  0.233112	  0.233112	  0.273559	
  0.209804	  0.316136	  0.193673	  0.280387	
  0.251218	  0.246244	  0.246244	  0.256293	
  0.354471	  0.226020	  0.214997	  0.204512	
  0.107622	  0.084659	  0.670905	  0.136815	
  0.875181	  0.000185	  0.000118	  0.124516	
  0.069827	  0.070529	  0.000426	  0.859218	
  0.057299	  0.463255	  0.204032	  0.275414	
  0.167736	  0.263062	  0.206932	  0.362270	
  0.329653	  0.179117	  0.343107	  0.148123	

URL http://cisbp.ccbr.utoronto.ca/TFreport.php?versionNumber=1.02&searchTF=T085260_1.02

MOTIF M1886_1.02 (Q9FR42_TOBAC)_(Petunia_x_hybrida)_(DBD_0.93)

letter-probability matrix: alength= 4 w= 9 nsites= 1 E= 0
  0.585714	  0.000000	  0.014286	  0.400000	
  0.700000	  0.014286	  0.242857	  0.042857	
  0.700000	  0.000000	  0.114286	  0.185714	
  0.071429	  0.757143	  0.028571	  0.142857	
  0.242857	  0.228571	  0.385714	  0.142857	
  0.014286	  0.042857	  0.885714	  0.057143	
  0.071429	  0.028571	  0.000000	  0.900000	
  0.042857	  0.028571	  0.014286	  0.914286	
  0.657143	  0.028571	  0.042857	  0.271429	

URL http://cisbp.ccbr.utoronto.ca/TFreport.php?versionNumber=1.02&searchTF=T121639_1.02

MOTIF M2341_1.02 (MADS11)_(Arabidopsis_thaliana)_(DBD_0.80)

letter-probability matrix: alength= 4 w= 15 nsites= 1 E= 0
  0.326667	  0.073333	  0.066667	  0.533333	
  0.240000	  0.200000	  0.200000	  0.360000	
  0.253333	  0.733333	  0.000000	  0.013333	
  0.053333	  0.826667	  0.000000	  0.120000	
  0.633333	  0.180000	  0.093333	  0.093333	
  0.786667	  0.053333	  0.060000	  0.100000	
  0.980000	  0.000000	  0.000000	  0.020000	
  0.733333	  0.020000	  0.026667	  0.220000	
  0.640000	  0.106667	  0.153333	  0.100000	
  0.326667	  0.120000	  0.133333	  0.420000	
  0.306667	  0.006667	  0.660000	  0.026667	
  0.026667	  0.013333	  0.960000	  0.000000	
  0.806667	  0.073333	  0.000000	  0.120000	
  0.866667	  0.040000	  0.066667	  0.026667	
  0.886667	  0.020000	  0.033333	  0.060000	

URL http://cisbp.ccbr.utoronto.ca/TFreport.php?versionNumber=1.02&searchTF=T112030_1.02

MOTIF M2347_1.02 (DEF)_(Arabidopsis_thaliana)_(DBD_0.73)

letter-probability matrix: alength= 4 w= 21 nsites= 1 E= 0
  0.492556	  0.182382	  0.168734	  0.156328	
  0.482630	  0.121588	  0.297767	  0.098015	
  0.746898	  0.000000	  0.235732	  0.017370	
  0.621588	  0.079404	  0.258065	  0.040943	
  0.849876	  0.000000	  0.150124	  0.000000	
  0.500000	  0.000000	  0.354839	  0.145161	
  0.796526	  0.142680	  0.000000	  0.060794	
  0.477667	  0.096774	  0.425558	  0.000000	
  0.764268	  0.012407	  0.223325	  0.000000	
  0.513648	  0.166253	  0.320099	  0.000000	
  0.744417	  0.070720	  0.111663	  0.073201	
  0.550868	  0.122829	  0.326303	  0.000000	
  0.913151	  0.007444	  0.000000	  0.079404	
  0.560794	  0.152605	  0.189826	  0.096774	
  0.715881	  0.028536	  0.255583	  0.000000	
  0.508685	  0.117866	  0.276675	  0.096774	
  0.524814	  0.147643	  0.155087	  0.172457	
  0.540943	  0.054591	  0.404467	  0.000000	
  0.750620	  0.000000	  0.208437	  0.040943	
  0.571960	  0.167494	  0.260546	  0.000000	
  0.598015	  0.142680	  0.259305	  0.000000	

URL http://cisbp.ccbr.utoronto.ca/TFreport.php?versionNumber=1.02&searchTF=T112023_1.02

MOTIF M2364_1.02 (Q6SA75_TOBAC)_(Arabidopsis_thaliana)_(DBD_0.95)

letter-probability matrix: alength= 4 w= 21 nsites= 1 E= 0
  0.176471	  0.117647	  0.352941	  0.352941	
  0.147059	  0.205882	  0.382353	  0.264706	
  0.235294	  0.000000	  0.705882	  0.058824	
  0.000000	  0.941176	  0.000000	  0.058824	
  0.911765	  0.000000	  0.058824	  0.029412	
  0.000000	  1.000000	  0.000000	  0.000000	
  0.617647	  0.000000	  0.382353	  0.000000	
  0.235294	  0.176471	  0.441176	  0.147059	
  0.441176	  0.029412	  0.029412	  0.500000	
  0.000000	  0.088235	  0.000000	  0.911765	
  0.117647	  0.735294	  0.000000	  0.147059	
  0.000000	  1.000000	  0.000000	  0.000000	
  0.000000	  0.970588	  0.000000	  0.029412	
  0.264706	  0.323529	  0.382353	  0.029412	
  1.000000	  0.000000	  0.000000	  0.000000	
  0.205882	  0.029412	  0.470588	  0.294118	
  0.088235	  0.029412	  0.852941	  0.029412	
  0.058824	  0.294118	  0.088235	  0.558824	
  0.235294	  0.176471	  0.411765	  0.176471	
  0.352941	  0.294118	  0.117647	  0.235294	
  0.558824	  0.117647	  0.088235	  0.235294	

URL http://cisbp.ccbr.utoronto.ca/TFreport.php?versionNumber=1.02&searchTF=T002177_1.02

MOTIF M2377_1.02 (AG1)_(Arabidopsis_thaliana)_(DBD_0.82)

letter-probability matrix: alength= 4 w= 18 nsites= 1 E= 0
  0.274510	  0.294118	  0.137255	  0.294118	
  0.274510	  0.117647	  0.196078	  0.411765	
  0.215686	  0.078431	  0.117647	  0.588235	
  0.372549	  0.137255	  0.176471	  0.313725	
  0.000000	  1.000000	  0.000000	  0.000000	
  0.000000	  0.901961	  0.000000	  0.098039	
  0.764706	  0.098039	  0.019608	  0.117647	
  0.392157	  0.039216	  0.078431	  0.490196	
  0.725490	  0.000000	  0.000000	  0.274510	
  0.490196	  0.000000	  0.000000	  0.509804	
  0.549020	  0.078431	  0.078431	  0.294118	
  0.078431	  0.117647	  0.058824	  0.745098	
  0.509804	  0.000000	  0.490196	  0.000000	
  0.000000	  0.000000	  1.000000	  0.000000	
  0.450980	  0.215686	  0.058824	  0.274510	
  0.784314	  0.058824	  0.000000	  0.156863	
  0.647059	  0.098039	  0.098039	  0.156863	
  0.117647	  0.156863	  0.333333	  0.392157	

URL http://cisbp.ccbr.utoronto.ca/TFreport.php?versionNumber=1.02&searchTF=T112013_1.02

