MEME version 4

ALPHABET= ACGT

strands: + -

Background letter frequencies (from uniform background):
A 0.25000 C 0.25000 G 0.25000 T 0.25000 

MOTIF M0018_1.02 (estExt_fgenesh1_pg.C_Chr_10369)_(Arabidopsis_thaliana)_(DBD_0.73)

letter-probability matrix: alength= 4 w= 10 nsites= 1 E= 0
  0.188766	  0.239969	  0.391705	  0.179560	
  0.100217	  0.435867	  0.346311	  0.117606	
  0.222731	  0.605446	  0.117444	  0.054378	
  0.014535	  0.000604	  0.912866	  0.071994	
  0.000191	  0.997296	  0.002004	  0.000509	
  0.042405	  0.950755	  0.003659	  0.003181	
  0.036094	  0.027553	  0.903365	  0.032987	
  0.170746	  0.518106	  0.100502	  0.210646	
  0.235827	  0.660568	  0.036712	  0.066893	
  0.477760	  0.132835	  0.239633	  0.149771	

URL http://cisbp.ccbr.utoronto.ca/TFreport.php?versionNumber=1.02&searchTF=T002778_1.02

MOTIF M0022_1.02 (gwEuk.4.617.1)_(Arabidopsis_thaliana)_(DBD_0.73)

letter-probability matrix: alength= 4 w= 8 nsites= 1 E= 0
  0.168576	  0.516734	  0.224730	  0.089960	
  0.064801	  0.726482	  0.115147	  0.093570	
  0.023863	  0.017912	  0.952214	  0.006010	
  0.011961	  0.898655	  0.083373	  0.006010	
  0.011961	  0.976018	  0.011961	  0.000060	
  0.006010	  0.006010	  0.987920	  0.000060	
  0.056298	  0.662397	  0.131280	  0.150025	
  0.123116	  0.799831	  0.038527	  0.038527	

URL http://cisbp.ccbr.utoronto.ca/TFreport.php?versionNumber=1.02&searchTF=T003438_1.02

MOTIF M0253_1.02 (eugene.2000010215)_(Ostreococcus_tauri)_(DBD_0.74)

letter-probability matrix: alength= 4 w= 10 nsites= 1 E= 0
  0.263738	  0.161573	  0.401400	  0.173289	
  0.262187	  0.079763	  0.560628	  0.097423	
  0.119224	  0.765862	  0.038130	  0.076784	
  0.270244	  0.056223	  0.572107	  0.101426	
  0.014617	  0.634085	  0.006768	  0.344530	
  0.032065	  0.035794	  0.923136	  0.009005	
  0.024927	  0.085281	  0.013276	  0.876516	
  0.014931	  0.005020	  0.947149	  0.032899	
  0.076895	  0.299599	  0.268391	  0.355116	
  0.185050	  0.403681	  0.176025	  0.235244	

URL http://cisbp.ccbr.utoronto.ca/TFreport.php?versionNumber=1.02&searchTF=T019455_1.02

MOTIF M0361_1.02 (eugene.0100010414)_(Ostreococcus_tauri)_(DBD_0.78)

letter-probability matrix: alength= 4 w= 10 nsites= 1 E= 0
  0.342746	  0.201608	  0.252239	  0.203407	
  0.216861	  0.247552	  0.038403	  0.497184	
  0.153567	  0.162123	  0.342639	  0.341671	
  0.762244	  0.038627	  0.072515	  0.126614	
  0.097940	  0.662317	  0.021605	  0.218138	
  0.218138	  0.021605	  0.662317	  0.097940	
  0.126614	  0.072515	  0.038627	  0.762244	
  0.341671	  0.342639	  0.162123	  0.153567	
  0.497184	  0.038403	  0.247552	  0.216861	
  0.203407	  0.252239	  0.201608	  0.342746	

URL http://cisbp.ccbr.utoronto.ca/TFreport.php?versionNumber=1.02&searchTF=T029214_1.02

MOTIF M0362_1.02 (eugene.0300010281)_(Ostreococcus_tauri)_(DBD_0.75)

letter-probability matrix: alength= 4 w= 9 nsites= 1 E= 0
  0.427971	  0.122616	  0.415322	  0.034092	
  0.000231	  0.000966	  0.000723	  0.998079	
  0.056467	  0.000408	  0.857185	  0.085940	
  0.937351	  0.020761	  0.001721	  0.040167	
  0.002622	  0.892498	  0.000918	  0.103962	
  0.135931	  0.024832	  0.806050	  0.033187	
  0.122189	  0.184117	  0.063788	  0.629906	
  0.281576	  0.361551	  0.252246	  0.104627	
  0.370195	  0.123227	  0.226791	  0.279787	

URL http://cisbp.ccbr.utoronto.ca/TFreport.php?versionNumber=1.02&searchTF=T029216_1.02

MOTIF M0365_1.02 (gwEuk.4.656.1)_(Ostreococcus_tauri)_(DBD_0.77)

letter-probability matrix: alength= 4 w= 10 nsites= 1 E= 0
  0.145278	  0.256891	  0.125042	  0.472789	
  0.102481	  0.043802	  0.601653	  0.252063	
  0.338106	  0.641211	  0.009055	  0.011627	
  0.013066	  0.953401	  0.000084	  0.033449	
  0.988502	  0.000047	  0.000248	  0.011203	
  0.212802	  0.151466	  0.596072	  0.039661	
  0.185794	  0.389413	  0.277173	  0.147620	
  0.156924	  0.297603	  0.316006	  0.229467	
  0.177883	  0.244967	  0.169207	  0.407942	
  0.224563	  0.168033	  0.366558	  0.240846	

URL http://cisbp.ccbr.utoronto.ca/TFreport.php?versionNumber=1.02&searchTF=T029877_1.02

MOTIF M0768_1.02 (eugene.0700010347)_(Arabidopsis_thaliana)_(DBD_0.75)

letter-probability matrix: alength= 4 w= 11 nsites= 1 E= 0
  0.227406	  0.227406	  0.227406	  0.317783	
  0.161356	  0.515932	  0.161356	  0.161356	
  0.204487	  0.291263	  0.050777	  0.453474	
  0.925381	  0.000121	  0.074376	  0.000121	
  0.000121	  0.000121	  0.999637	  0.000121	
  0.999637	  0.000121	  0.000121	  0.000121	
  0.000121	  0.000121	  0.000121	  0.999637	
  0.000121	  0.999637	  0.000121	  0.000121	
  0.022715	  0.096970	  0.022715	  0.857599	
  0.293996	  0.088765	  0.451851	  0.165387	
  0.295861	  0.199344	  0.199344	  0.305451	

URL http://cisbp.ccbr.utoronto.ca/TFreport.php?versionNumber=1.02&searchTF=T085590_1.02

MOTIF M0770_1.02 (fgenesh1_pg.C_Chr_5000161)_(Arabidopsis_thaliana)_(DBD_0.72)

letter-probability matrix: alength= 4 w= 10 nsites= 1 E= 0
  0.328343	  0.169035	  0.219501	  0.283121	
  0.211913	  0.328631	  0.142583	  0.316873	
  0.439586	  0.186507	  0.226876	  0.147031	
  0.206769	  0.163146	  0.479655	  0.150430	
  0.739393	  0.025832	  0.034627	  0.200147	
  0.200147	  0.034627	  0.025832	  0.739393	
  0.150430	  0.479655	  0.163146	  0.206769	
  0.147031	  0.226876	  0.186507	  0.439586	
  0.316873	  0.142583	  0.328631	  0.211913	
  0.283121	  0.219501	  0.169035	  0.328343	

URL http://cisbp.ccbr.utoronto.ca/TFreport.php?versionNumber=1.02&searchTF=T085603_1.02

MOTIF M0807_1.02 (eugene.0300010114)_(Ostreococcus_tauri)_(DBD_0.94)

letter-probability matrix: alength= 4 w= 8 nsites= 1 E= 0
  0.295467	  0.283881	  0.163785	  0.256866	
  0.153126	  0.061637	  0.665982	  0.119255	
  0.801085	  0.029843	  0.071950	  0.097122	
  0.036187	  0.001490	  0.000618	  0.961705	
  0.175606	  0.644352	  0.124991	  0.055050	
  0.247032	  0.170633	  0.242140	  0.340194	
  0.275531	  0.223341	  0.249311	  0.251817	
  0.246648	  0.199929	  0.275328	  0.278095	

URL http://cisbp.ccbr.utoronto.ca/TFreport.php?versionNumber=1.02&searchTF=T085585_1.02

MOTIF M0808_1.02 (eugene.0700010063)_(Ostreococcus_tauri)_(DBD_0.86)

letter-probability matrix: alength= 4 w= 10 nsites= 1 E= 0
  0.320213	  0.200134	  0.298565	  0.181089	
  0.161417	  0.147524	  0.569063	  0.121996	
  0.880136	  0.003491	  0.005313	  0.111061	
  0.085837	  0.000789	  0.004274	  0.909100	
  0.090083	  0.728314	  0.107849	  0.073754	
  0.271999	  0.103110	  0.077153	  0.547738	
  0.206466	  0.295934	  0.235130	  0.262470	
  0.259653	  0.228000	  0.242098	  0.270249	
  0.280764	  0.227583	  0.229870	  0.261783	
  0.280545	  0.229691	  0.222902	  0.266862	

URL http://cisbp.ccbr.utoronto.ca/TFreport.php?versionNumber=1.02&searchTF=T085589_1.02

MOTIF M1390_1.02 (gwEuk.6.620.1)_(Ostreococcus_tauri)_(DBD_1.00)

letter-probability matrix: alength= 4 w= 13 nsites= 1 E= 0
  0.326515	  0.224495	  0.224495	  0.224495	
  0.196779	  0.196779	  0.196779	  0.409662	
  0.172352	  0.385234	  0.270061	  0.172352	
  0.192708	  0.503997	  0.098703	  0.204592	
  0.115821	  0.023136	  0.837908	  0.023136	
  0.000200	  0.000200	  0.999399	  0.000200	
  0.999399	  0.000200	  0.000200	  0.000200	
  0.000200	  0.000200	  0.000200	  0.999399	
  0.812022	  0.136567	  0.025705	  0.025705	
  0.655311	  0.053421	  0.145163	  0.146106	
  0.077848	  0.390814	  0.169590	  0.361748	
  0.151497	  0.246689	  0.265890	  0.335924	
  0.227064	  0.227064	  0.227064	  0.318807	

URL http://cisbp.ccbr.utoronto.ca/TFreport.php?versionNumber=1.02&searchTF=T124457_1.02

MOTIF M1394_1.02 (eugene.0300010089)_(Ostreococcus_tauri)_(DBD_0.98)

letter-probability matrix: alength= 4 w= 9 nsites= 1 E= 0
  0.296166	  0.221610	  0.170873	  0.311351	
  0.443491	  0.074789	  0.114971	  0.366749	
  0.558136	  0.026698	  0.258424	  0.156742	
  0.466160	  0.510060	  0.000338	  0.023442	
  0.031326	  0.967229	  0.000400	  0.001045	
  0.077813	  0.883869	  0.037876	  0.000442	
  0.006183	  0.287663	  0.026359	  0.679795	
  0.508974	  0.176337	  0.140106	  0.174583	
  0.273515	  0.210894	  0.334072	  0.181518	

URL http://cisbp.ccbr.utoronto.ca/TFreport.php?versionNumber=1.02&searchTF=T123232_1.02

MOTIF M1397_1.02 (gwEuk.1.479.1)_(Ostreococcus_tauri)_(DBD_0.96)

letter-probability matrix: alength= 4 w= 8 nsites= 1 E= 0
  0.199383	  0.294484	  0.285781	  0.220352	
  0.265335	  0.327338	  0.232989	  0.174338	
  0.278432	  0.200172	  0.391183	  0.130213	
  0.334245	  0.103738	  0.265569	  0.296448	
  0.984956	  0.001791	  0.005066	  0.008187	
  0.093831	  0.018944	  0.014607	  0.872618	
  0.130107	  0.664050	  0.099321	  0.106523	
  0.243162	  0.226723	  0.205147	  0.324968	

URL http://cisbp.ccbr.utoronto.ca/TFreport.php?versionNumber=1.02&searchTF=T124449_1.02

MOTIF M1641_1.02 (eugene.1200010061)_(Mus_musculus)_(DBD_0.77)

letter-probability matrix: alength= 4 w= 7 nsites= 1 E= 0
  0.486500	  0.104296	  0.119969	  0.289234	
  0.014489	  0.191210	  0.078521	  0.715780	
  0.639678	  0.069475	  0.000533	  0.290314	
  0.371463	  0.095340	  0.000769	  0.532428	
  0.515031	  0.123251	  0.123251	  0.238466	
  0.400342	  0.112429	  0.110202	  0.377028	
  0.323600	  0.170632	  0.188577	  0.317192	

URL http://cisbp.ccbr.utoronto.ca/TFreport.php?versionNumber=1.02&searchTF=T150858_1.02

MOTIF M1690_1.02 (eugene.1100010253)_(Arabidopsis_thaliana)_(DBD_0.40)

letter-probability matrix: alength= 4 w= 10 nsites= 1 E= 0
  0.276406	  0.240296	  0.233194	  0.250103	
  0.319267	  0.189811	  0.229529	  0.261394	
  0.337831	  0.156420	  0.331141	  0.174608	
  0.128546	  0.084461	  0.611729	  0.175263	
  0.161254	  0.043510	  0.020145	  0.775091	
  0.208603	  0.620443	  0.091875	  0.079078	
  0.595896	  0.149915	  0.078262	  0.175927	
  0.549062	  0.057295	  0.223232	  0.170411	
  0.281131	  0.375712	  0.132797	  0.210360	
  0.231319	  0.220038	  0.303020	  0.245623	

URL http://cisbp.ccbr.utoronto.ca/TFreport.php?versionNumber=1.02&searchTF=T154975_1.02

MOTIF M2372_1.02 (eugene.0500010050)_(Arabidopsis_thaliana)_(DBD_0.93)

letter-probability matrix: alength= 4 w= 11 nsites= 1 E= 0
  0.140000	  0.450000	  0.230000	  0.180000	
  0.160000	  0.270000	  0.550000	  0.020000	
  0.000000	  0.919192	  0.040404	  0.040404	
  0.000000	  0.050000	  0.930000	  0.020000	
  0.040404	  0.939394	  0.000000	  0.020202	
  0.040404	  0.020202	  0.020202	  0.919192	
  0.080808	  0.000000	  0.858586	  0.060606	
  0.960000	  0.000000	  0.020000	  0.020000	
  0.040000	  0.040000	  0.920000	  0.000000	
  0.020000	  0.550000	  0.260000	  0.170000	
  0.151515	  0.323232	  0.242424	  0.282828	

URL http://cisbp.ccbr.utoronto.ca/TFreport.php?versionNumber=1.02&searchTF=T123235_1.02

MOTIF M6342_1.02 (eugene.0100010534)_(Homo_sapiens)_(DBD_0.75)

letter-probability matrix: alength= 4 w= 12 nsites= 1 E= 0
  0.052632	  0.242105	  0.389474	  0.315789	
  0.273684	  0.642105	  0.000000	  0.084211	
  0.000000	  0.094737	  0.000000	  0.905263	
  0.905263	  0.000000	  0.000000	  0.094737	
  0.621053	  0.000000	  0.000000	  0.378947	
  0.905263	  0.000000	  0.000000	  0.094737	
  0.810526	  0.000000	  0.000000	  0.189474	
  0.905263	  0.000000	  0.094737	  0.000000	
  0.000000	  0.094737	  0.000000	  0.905263	
  1.000000	  0.000000	  0.000000	  0.000000	
  0.073684	  0.094737	  0.831579	  0.000000	
  0.221053	  0.589474	  0.052632	  0.136842	

URL http://cisbp.ccbr.utoronto.ca/TFreport.php?versionNumber=1.02&searchTF=T112298_1.02

