MEME version 4

ALPHABET= ACGT

strands: + -

Background letter frequencies (from uniform background):
A 0.25000 C 0.25000 G 0.25000 T 0.25000 

MOTIF M0266_1.02 (CPRF1_PETCR)_(Arabidopsis_thaliana)_(DBD_0.59)

letter-probability matrix: alength= 4 w= 9 nsites= 1 E= 0
  0.122121	  0.171573	  0.426244	  0.280062	
  0.373301	  0.503904	  0.108028	  0.014767	
  0.025774	  0.879506	  0.002943	  0.091777	
  0.939211	  0.001592	  0.056545	  0.002651	
  0.085080	  0.592047	  0.219991	  0.102882	
  0.135011	  0.201412	  0.593095	  0.070482	
  0.142096	  0.182455	  0.143524	  0.531925	
  0.247171	  0.281485	  0.290058	  0.181287	
  0.309132	  0.141708	  0.352048	  0.197111	

URL http://cisbp.ccbr.utoronto.ca/TFreport.php?versionNumber=1.02&searchTF=T028324_1.02

MOTIF M0268_1.02 (CPRF3_PETCR)_(Arabidopsis_thaliana)_(DBD_0.66)

letter-probability matrix: alength= 4 w= 10 nsites= 1 E= 0
  0.194982	  0.331261	  0.073179	  0.400578	
  0.062566	  0.319327	  0.401905	  0.216203	
  0.863019	  0.035889	  0.054078	  0.047014	
  0.016012	  0.783149	  0.111422	  0.089418	
  0.057917	  0.135505	  0.756729	  0.049849	
  0.020596	  0.026183	  0.004505	  0.948716	
  0.045651	  0.000000	  0.954344	  0.000005	
  0.000119	  0.051604	  0.610088	  0.338188	
  0.279665	  0.535709	  0.102883	  0.081744	
  0.362040	  0.293464	  0.151677	  0.192819	

URL http://cisbp.ccbr.utoronto.ca/TFreport.php?versionNumber=1.02&searchTF=T028326_1.02

MOTIF M0272_1.02 (CPRF2_PETCR)_(Arabidopsis_thaliana)_(DBD_0.76)

letter-probability matrix: alength= 4 w= 12 nsites= 1 E= 0
  0.229166	  0.229166	  0.229166	  0.312503	
  0.203331	  0.203331	  0.390006	  0.203331	
  0.187672	  0.436984	  0.187672	  0.187672	
  0.166258	  0.148140	  0.020941	  0.664661	
  0.000044	  0.356147	  0.643764	  0.000044	
  0.999867	  0.000044	  0.000044	  0.000044	
  0.000044	  0.999867	  0.000044	  0.000044	
  0.000044	  0.000044	  0.999867	  0.000044	
  0.020879	  0.020879	  0.020879	  0.937363	
  0.046713	  0.123190	  0.783383	  0.046713	
  0.138849	  0.062373	  0.597600	  0.201178	
  0.229103	  0.312691	  0.229103	  0.229103	

URL http://cisbp.ccbr.utoronto.ca/TFreport.php?versionNumber=1.02&searchTF=T028325_1.02

MOTIF M1167_1.02 PRH

letter-probability matrix: alength= 4 w= 8 nsites= 1 E= 0
  0.992574	  0.002475	  0.002475	  0.002475	
  0.001420	  0.001420	  0.001420	  0.995739	
  0.995739	  0.001420	  0.001420	  0.001420	
  0.001420	  0.001420	  0.001420	  0.995739	
  0.995739	  0.001420	  0.001420	  0.001420	
  0.143466	  0.001420	  0.001420	  0.853693	
  0.498344	  0.001656	  0.001656	  0.498344	
  0.795635	  0.001984	  0.001984	  0.200397	

URL http://cisbp.ccbr.utoronto.ca/TFreport.php?versionNumber=1.02&searchTF=T100359_1.02

MOTIF M1702_1.02 (Q40828_PETCR)_(Arabidopsis_thaliana)_(DBD_0.48)

letter-probability matrix: alength= 4 w= 10 nsites= 1 E= 0
  0.278033	  0.239306	  0.210133	  0.272528	
  0.277558	  0.280348	  0.161747	  0.280348	
  0.386735	  0.110802	  0.440425	  0.062038	
  0.043692	  0.001415	  0.851642	  0.103251	
  0.125506	  0.001002	  0.000125	  0.873366	
  0.124085	  0.821364	  0.027412	  0.027139	
  0.711340	  0.145060	  0.047330	  0.096269	
  0.695699	  0.066348	  0.093216	  0.144737	
  0.301585	  0.383390	  0.162236	  0.152788	
  0.231037	  0.245324	  0.334481	  0.189157	

URL http://cisbp.ccbr.utoronto.ca/TFreport.php?versionNumber=1.02&searchTF=T154703_1.02

