MEME version 4

ALPHABET= ACGT

strands: + -

Background letter frequencies (from uniform background):
A 0.25000 C 0.25000 G 0.25000 T 0.25000 

MOTIF M1886_1.02 myb.Ph3

letter-probability matrix: alength= 4 w= 9 nsites= 1 E= 0
  0.585714	  0.000000	  0.014286	  0.400000	
  0.700000	  0.014286	  0.242857	  0.042857	
  0.700000	  0.000000	  0.114286	  0.185714	
  0.071429	  0.757143	  0.028571	  0.142857	
  0.242857	  0.228571	  0.385714	  0.142857	
  0.014286	  0.042857	  0.885714	  0.057143	
  0.071429	  0.028571	  0.000000	  0.900000	
  0.042857	  0.028571	  0.014286	  0.914286	
  0.657143	  0.028571	  0.042857	  0.271429	

URL http://cisbp.ccbr.utoronto.ca/TFreport.php?versionNumber=1.02&searchTF=T121632_1.02

MOTIF M2341_1.02 (FBP29)_(Arabidopsis_thaliana)_(DBD_0.82)

letter-probability matrix: alength= 4 w= 15 nsites= 1 E= 0
  0.326667	  0.073333	  0.066667	  0.533333	
  0.240000	  0.200000	  0.200000	  0.360000	
  0.253333	  0.733333	  0.000000	  0.013333	
  0.053333	  0.826667	  0.000000	  0.120000	
  0.633333	  0.180000	  0.093333	  0.093333	
  0.786667	  0.053333	  0.060000	  0.100000	
  0.980000	  0.000000	  0.000000	  0.020000	
  0.733333	  0.020000	  0.026667	  0.220000	
  0.640000	  0.106667	  0.153333	  0.100000	
  0.326667	  0.120000	  0.133333	  0.420000	
  0.306667	  0.006667	  0.660000	  0.026667	
  0.026667	  0.013333	  0.960000	  0.000000	
  0.806667	  0.073333	  0.000000	  0.120000	
  0.866667	  0.040000	  0.066667	  0.026667	
  0.886667	  0.020000	  0.033333	  0.060000	

URL http://cisbp.ccbr.utoronto.ca/TFreport.php?versionNumber=1.02&searchTF=T112033_1.02

MOTIF M2347_1.02 (FBP1)_(Arabidopsis_thaliana)_(DBD_0.71)

letter-probability matrix: alength= 4 w= 21 nsites= 1 E= 0
  0.492556	  0.182382	  0.168734	  0.156328	
  0.482630	  0.121588	  0.297767	  0.098015	
  0.746898	  0.000000	  0.235732	  0.017370	
  0.621588	  0.079404	  0.258065	  0.040943	
  0.849876	  0.000000	  0.150124	  0.000000	
  0.500000	  0.000000	  0.354839	  0.145161	
  0.796526	  0.142680	  0.000000	  0.060794	
  0.477667	  0.096774	  0.425558	  0.000000	
  0.764268	  0.012407	  0.223325	  0.000000	
  0.513648	  0.166253	  0.320099	  0.000000	
  0.744417	  0.070720	  0.111663	  0.073201	
  0.550868	  0.122829	  0.326303	  0.000000	
  0.913151	  0.007444	  0.000000	  0.079404	
  0.560794	  0.152605	  0.189826	  0.096774	
  0.715881	  0.028536	  0.255583	  0.000000	
  0.508685	  0.117866	  0.276675	  0.096774	
  0.524814	  0.147643	  0.155087	  0.172457	
  0.540943	  0.054591	  0.404467	  0.000000	
  0.750620	  0.000000	  0.208437	  0.040943	
  0.571960	  0.167494	  0.260546	  0.000000	
  0.598015	  0.142680	  0.259305	  0.000000	

URL http://cisbp.ccbr.utoronto.ca/TFreport.php?versionNumber=1.02&searchTF=T112015_1.02

MOTIF M2352_1.02 (PMADS2)_(Arabidopsis_thaliana)_(DBD_0.75)

letter-probability matrix: alength= 4 w= 14 nsites= 1 E= 0
  0.080645	  0.356631	  0.103943	  0.458781	
  0.028674	  0.107527	  0.046595	  0.817204	
  0.057348	  0.043011	  0.012545	  0.887097	
  0.091398	  0.012545	  0.096774	  0.799283	
  0.000000	  0.976703	  0.010753	  0.012545	
  0.000000	  0.586022	  0.000000	  0.413978	
  0.292115	  0.123656	  0.025090	  0.559140	
  0.008961	  0.437276	  0.014337	  0.539427	
  0.086022	  0.021505	  0.000000	  0.892473	
  0.003584	  0.007168	  0.001792	  0.987455	
  0.026882	  0.148746	  0.021505	  0.802867	
  0.098566	  0.120072	  0.141577	  0.639785	
  0.112903	  0.078853	  0.706093	  0.102151	
  0.034050	  0.086022	  0.600358	  0.279570	

URL http://cisbp.ccbr.utoronto.ca/TFreport.php?versionNumber=1.02&searchTF=T112018_1.02

MOTIF M2377_1.02 (FBP2)_(Arabidopsis_thaliana)_(DBD_1.00)

letter-probability matrix: alength= 4 w= 18 nsites= 1 E= 0
  0.274510	  0.294118	  0.137255	  0.294118	
  0.274510	  0.117647	  0.196078	  0.411765	
  0.215686	  0.078431	  0.117647	  0.588235	
  0.372549	  0.137255	  0.176471	  0.313725	
  0.000000	  1.000000	  0.000000	  0.000000	
  0.000000	  0.901961	  0.000000	  0.098039	
  0.764706	  0.098039	  0.019608	  0.117647	
  0.392157	  0.039216	  0.078431	  0.490196	
  0.725490	  0.000000	  0.000000	  0.274510	
  0.490196	  0.000000	  0.000000	  0.509804	
  0.549020	  0.078431	  0.078431	  0.294118	
  0.078431	  0.117647	  0.058824	  0.745098	
  0.509804	  0.000000	  0.490196	  0.000000	
  0.000000	  0.000000	  1.000000	  0.000000	
  0.450980	  0.215686	  0.058824	  0.274510	
  0.784314	  0.058824	  0.000000	  0.156863	
  0.647059	  0.098039	  0.098039	  0.156863	
  0.117647	  0.156863	  0.333333	  0.392157	

URL http://cisbp.ccbr.utoronto.ca/TFreport.php?versionNumber=1.02&searchTF=T112009_1.02

