MEME version 4

ALPHABET= ACGT

strands: + -

Background letter frequencies (from uniform background):
A 0.25000 C 0.25000 G 0.25000 T 0.25000 

MOTIF M0006_1.02 (PDK_20s1355821g002)_(Arabidopsis_thaliana)_(DBD_0.85)

letter-probability matrix: alength= 4 w= 10 nsites= 1 E= 0
  0.248762	  0.390137	  0.266799	  0.094302	
  0.136992	  0.720483	  0.132943	  0.009582	
  0.384131	  0.000678	  0.614608	  0.000583	
  0.001029	  0.795182	  0.186526	  0.017263	
  0.001119	  0.955576	  0.000685	  0.042620	
  0.201865	  0.009185	  0.711658	  0.077293	
  0.164166	  0.679174	  0.079113	  0.077547	
  0.348470	  0.351972	  0.155019	  0.144539	
  0.253096	  0.163003	  0.425715	  0.158186	
  0.184070	  0.238726	  0.171626	  0.405579	

URL http://cisbp.ccbr.utoronto.ca/TFreport.php?versionNumber=1.02&searchTF=T004439_1.02

MOTIF M0015_1.02 (PDK_20s1493381g003)_(Arabidopsis_thaliana)_(DBD_0.81)

letter-probability matrix: alength= 4 w= 9 nsites= 1 E= 0
  0.205690	  0.280443	  0.274890	  0.238978	
  0.219631	  0.420713	  0.181626	  0.178030	
  0.608067	  0.000074	  0.391617	  0.000242	
  0.020599	  0.948846	  0.026716	  0.003839	
  0.032289	  0.911179	  0.019390	  0.037142	
  0.064847	  0.000159	  0.855790	  0.079204	
  0.352874	  0.312971	  0.122255	  0.211899	
  0.215543	  0.381137	  0.150379	  0.252942	
  0.319425	  0.236636	  0.163453	  0.280486	

URL http://cisbp.ccbr.utoronto.ca/TFreport.php?versionNumber=1.02&searchTF=T004443_1.02

MOTIF M0025_1.02 (PDK_20s1325661g001)_(Arabidopsis_thaliana)_(DBD_0.75)

letter-probability matrix: alength= 4 w= 10 nsites= 1 E= 0
  0.176001	  0.377860	  0.270139	  0.176001	
  0.303125	  0.503085	  0.096895	  0.096895	
  0.000149	  0.000149	  0.999553	  0.000149	
  0.000149	  0.999553	  0.000149	  0.000149	
  0.000149	  0.999553	  0.000149	  0.000149	
  0.000149	  0.000149	  0.999553	  0.000149	
  0.000149	  0.999553	  0.000149	  0.000149	
  0.000149	  0.999553	  0.000149	  0.000149	
  0.359358	  0.074148	  0.492346	  0.074148	
  0.153254	  0.255523	  0.240734	  0.350489	

URL http://cisbp.ccbr.utoronto.ca/TFreport.php?versionNumber=1.02&searchTF=T004436_1.02

MOTIF M0038_1.02 (PDK_20s1757341g001)_(Arabidopsis_thaliana)_(DBD_0.75)

letter-probability matrix: alength= 4 w= 10 nsites= 1 E= 0
  0.255196	  0.255196	  0.213158	  0.276450	
  0.231180	  0.274019	  0.265921	  0.228880	
  0.289755	  0.320229	  0.237231	  0.152786	
  0.132149	  0.080152	  0.723375	  0.064324	
  0.094393	  0.690536	  0.140818	  0.074252	
  0.172828	  0.700853	  0.042195	  0.084124	
  0.159515	  0.023858	  0.774438	  0.042188	
  0.177694	  0.464083	  0.145484	  0.212739	
  0.121072	  0.682924	  0.089692	  0.106313	
  0.342519	  0.222812	  0.220595	  0.214075	

URL http://cisbp.ccbr.utoronto.ca/TFreport.php?versionNumber=1.02&searchTF=T004454_1.02

MOTIF M0039_1.02 (PDK_20s1354201g001)_(Arabidopsis_thaliana)_(DBD_0.74)

letter-probability matrix: alength= 4 w= 10 nsites= 1 E= 0
  0.273481	  0.273481	  0.200584	  0.252455	
  0.230650	  0.273390	  0.265310	  0.230650	
  0.278187	  0.368077	  0.188348	  0.165388	
  0.144544	  0.058183	  0.745151	  0.052122	
  0.115569	  0.613920	  0.175891	  0.094620	
  0.185945	  0.668777	  0.071913	  0.073365	
  0.213466	  0.119519	  0.586093	  0.080921	
  0.197200	  0.352207	  0.207311	  0.243282	
  0.166531	  0.604972	  0.105128	  0.123369	
  0.320417	  0.292839	  0.174099	  0.212645	

URL http://cisbp.ccbr.utoronto.ca/TFreport.php?versionNumber=1.02&searchTF=T004438_1.02

MOTIF M0044_1.02 (PDK_20s1440861g004)_(Oryza_sativa)_(DBD_0.75)

letter-probability matrix: alength= 4 w= 10 nsites= 1 E= 0
  0.228636	  0.247679	  0.252682	  0.271003	
  0.193820	  0.322766	  0.251370	  0.232044	
  0.226292	  0.344408	  0.240285	  0.189015	
  0.170262	  0.000111	  0.794205	  0.035422	
  0.020175	  0.635517	  0.309340	  0.034968	
  0.000005	  0.998696	  0.000681	  0.000617	
  0.000006	  0.000009	  0.999893	  0.000091	
  0.208791	  0.488498	  0.000437	  0.302274	
  0.304406	  0.320013	  0.158914	  0.216667	
  0.353046	  0.189919	  0.229660	  0.227375	

URL http://cisbp.ccbr.utoronto.ca/TFreport.php?versionNumber=1.02&searchTF=T004442_1.02

MOTIF M0147_1.02 (PDK_20s1354161g001)_(Arabidopsis_thaliana)_(DBD_0.78)

letter-probability matrix: alength= 4 w= 9 nsites= 1 E= 0
  0.270286	  0.232638	  0.204278	  0.292798	
  0.224984	  0.258793	  0.106275	  0.409948	
  0.004011	  0.000000	  0.089936	  0.906053	
  0.038180	  0.001408	  0.899931	  0.060480	
  0.000090	  0.012865	  0.000229	  0.986816	
  0.053557	  0.863282	  0.001650	  0.081511	
  0.061072	  0.027441	  0.797958	  0.113529	
  0.121391	  0.138244	  0.651331	  0.089034	
  0.227842	  0.336519	  0.216730	  0.218909	

URL http://cisbp.ccbr.utoronto.ca/TFreport.php?versionNumber=1.02&searchTF=T010865_1.02

MOTIF M0150_1.02 (PDK_20s1308051g001)_(Arabidopsis_thaliana)_(DBD_0.61)

letter-probability matrix: alength= 4 w= 8 nsites= 1 E= 0
  0.055987	  0.277716	  0.444013	  0.222284	
  0.000416	  0.998752	  0.000416	  0.000416	
  0.998752	  0.000416	  0.000416	  0.000416	
  0.000416	  0.998752	  0.000416	  0.000416	
  0.000416	  0.000416	  0.998752	  0.000416	
  0.000416	  0.000416	  0.000416	  0.998752	
  0.000416	  0.000416	  0.998752	  0.000416	
  0.133644	  0.067154	  0.266622	  0.532580	

URL http://cisbp.ccbr.utoronto.ca/TFreport.php?versionNumber=1.02&searchTF=T021461_1.02

MOTIF M0152_1.02 (PDK_20s1377121g004)_(Arabidopsis_thaliana)_(DBD_0.62)

letter-probability matrix: alength= 4 w= 10 nsites= 1 E= 0
  0.266536	  0.276659	  0.209724	  0.247081	
  0.259609	  0.198312	  0.365220	  0.176859	
  0.115829	  0.853161	  0.003499	  0.027512	
  0.853318	  0.012182	  0.073662	  0.060837	
  0.013981	  0.855506	  0.000019	  0.130494	
  0.130494	  0.000019	  0.855506	  0.013981	
  0.060837	  0.073662	  0.012182	  0.853318	
  0.027512	  0.003499	  0.853161	  0.115829	
  0.176859	  0.365220	  0.198312	  0.259609	
  0.247081	  0.209724	  0.276659	  0.266536	

URL http://cisbp.ccbr.utoronto.ca/TFreport.php?versionNumber=1.02&searchTF=T021480_1.02

MOTIF M0153_1.02 (PDK_20s1348091g001)_(Arabidopsis_thaliana)_(DBD_0.77)

letter-probability matrix: alength= 4 w= 9 nsites= 1 E= 0
  0.232539	  0.270172	  0.286879	  0.210410	
  0.220492	  0.300624	  0.256175	  0.222708	
  0.199931	  0.527407	  0.127482	  0.145180	
  0.685701	  0.105683	  0.137063	  0.071553	
  0.016075	  0.755428	  0.040338	  0.188159	
  0.159966	  0.001133	  0.832941	  0.005959	
  0.021982	  0.040054	  0.003255	  0.934708	
  0.013651	  0.037480	  0.928708	  0.020162	
  0.192494	  0.343801	  0.257254	  0.206451	

URL http://cisbp.ccbr.utoronto.ca/TFreport.php?versionNumber=1.02&searchTF=T021472_1.02

MOTIF M0156_1.02 (PDK_20s1361701g002)_(Arabidopsis_thaliana)_(DBD_0.62)

letter-probability matrix: alength= 4 w= 10 nsites= 1 E= 0
  0.287752	  0.219802	  0.295644	  0.196803	
  0.143693	  0.275383	  0.279230	  0.301693	
  0.020717	  0.940292	  0.014443	  0.024547	
  0.956610	  0.000000	  0.026694	  0.016696	
  0.001633	  0.907850	  0.000000	  0.090517	
  0.090517	  0.000000	  0.907850	  0.001633	
  0.016696	  0.026694	  0.000000	  0.956610	
  0.024547	  0.014443	  0.940292	  0.020717	
  0.301693	  0.279230	  0.275383	  0.143693	
  0.196803	  0.295644	  0.219802	  0.287752	

URL http://cisbp.ccbr.utoronto.ca/TFreport.php?versionNumber=1.02&searchTF=T021478_1.02

MOTIF M0158_1.02 (PDK_20s1306831g002)_(Arabidopsis_thaliana)_(DBD_0.64)

letter-probability matrix: alength= 4 w= 8 nsites= 1 E= 0
  0.214387	  0.499288	  0.071937	  0.214387	
  0.000454	  0.998639	  0.000454	  0.000454	
  0.998639	  0.000454	  0.000454	  0.000454	
  0.000454	  0.998639	  0.000454	  0.000454	
  0.000454	  0.000454	  0.998639	  0.000454	
  0.000454	  0.000454	  0.000454	  0.998639	
  0.000454	  0.000454	  0.998639	  0.000454	
  0.266622	  0.532580	  0.067154	  0.133644	

URL http://cisbp.ccbr.utoronto.ca/TFreport.php?versionNumber=1.02&searchTF=T021460_1.02

MOTIF M0162_1.02 (PDK_20s1322841g001)_(Arabidopsis_thaliana)_(DBD_0.75)

letter-probability matrix: alength= 4 w= 9 nsites= 1 E= 0
  0.201693	  0.426983	  0.207835	  0.163489	
  0.047111	  0.568222	  0.255318	  0.129349	
  0.000066	  0.960953	  0.000199	  0.038781	
  0.884695	  0.000250	  0.099012	  0.016043	
  0.009243	  0.910410	  0.000197	  0.080150	
  0.087807	  0.000359	  0.911543	  0.000291	
  0.000266	  0.012004	  0.000161	  0.987569	
  0.084366	  0.115027	  0.724270	  0.076337	
  0.220745	  0.300970	  0.236751	  0.241534	

URL http://cisbp.ccbr.utoronto.ca/TFreport.php?versionNumber=1.02&searchTF=T021466_1.02

MOTIF M0166_1.02 (PDK_20s1475851g002)_(Arabidopsis_thaliana)_(DBD_0.73)

letter-probability matrix: alength= 4 w= 8 nsites= 1 E= 0
  0.009615	  0.009615	  0.971154	  0.009615	
  0.009615	  0.971154	  0.009615	  0.009615	
  0.971154	  0.009615	  0.009615	  0.009615	
  0.009615	  0.971154	  0.009615	  0.009615	
  0.009615	  0.009615	  0.971154	  0.009615	
  0.009615	  0.009615	  0.009615	  0.971154	
  0.009615	  0.009615	  0.971154	  0.009615	
  0.009615	  0.971154	  0.009615	  0.009615	

URL http://cisbp.ccbr.utoronto.ca/TFreport.php?versionNumber=1.02&searchTF=T021494_1.02

MOTIF M0167_1.02 (PDK_20s1322801g004)_(Arabidopsis_thaliana)_(DBD_0.67)

letter-probability matrix: alength= 4 w= 10 nsites= 1 E= 0
  0.253826	  0.204611	  0.300345	  0.241217	
  0.269239	  0.227841	  0.333994	  0.168926	
  0.129932	  0.796278	  0.018776	  0.055015	
  0.681995	  0.084955	  0.120074	  0.112976	
  0.002241	  0.864955	  0.000000	  0.132804	
  0.132804	  0.000000	  0.864955	  0.002241	
  0.112976	  0.120074	  0.084955	  0.681995	
  0.055015	  0.018776	  0.796278	  0.129932	
  0.168926	  0.333994	  0.227841	  0.269239	
  0.241217	  0.300345	  0.204611	  0.253826	

URL http://cisbp.ccbr.utoronto.ca/TFreport.php?versionNumber=1.02&searchTF=T021465_1.02

MOTIF M0229_1.02 (PDK_20s1302565g001)_(Oryza_sativa)_(DBD_0.92)

letter-probability matrix: alength= 4 w= 9 nsites= 1 E= 0
  0.221115	  0.250179	  0.306228	  0.222477	
  0.000142	  0.999574	  0.000142	  0.000142	
  0.177014	  0.822701	  0.000142	  0.000142	
  0.999574	  0.000142	  0.000142	  0.000142	
  0.000142	  0.999574	  0.000142	  0.000142	
  0.000142	  0.000142	  0.000142	  0.999574	
  0.000142	  0.000142	  0.000142	  0.999574	
  0.000142	  0.000142	  0.999574	  0.000142	
  0.217847	  0.343012	  0.216602	  0.222539	

URL http://cisbp.ccbr.utoronto.ca/TFreport.php?versionNumber=1.02&searchTF=T021458_1.02

MOTIF M0250_1.02 (PDK_20s1580651g003)_(Physcomitrella_patens)_(DBD_0.69)

letter-probability matrix: alength= 4 w= 10 nsites= 1 E= 0
  0.249633	  0.272331	  0.222488	  0.255548	
  0.207994	  0.230574	  0.392066	  0.169365	
  0.105898	  0.844263	  0.012262	  0.037577	
  0.923118	  0.000000	  0.010419	  0.066463	
  0.021853	  0.939508	  0.000000	  0.038640	
  0.038640	  0.000000	  0.939508	  0.021853	
  0.066463	  0.010419	  0.000000	  0.923118	
  0.037577	  0.012262	  0.844263	  0.105898	
  0.169365	  0.392066	  0.230574	  0.207994	
  0.255548	  0.222488	  0.272331	  0.249633	

URL http://cisbp.ccbr.utoronto.ca/TFreport.php?versionNumber=1.02&searchTF=T021510_1.02

MOTIF M0252_1.02 (PDK_20s1305883g002)_(Physcomitrella_patens)_(DBD_0.60)

letter-probability matrix: alength= 4 w= 8 nsites= 1 E= 0
  0.154141	  0.460890	  0.154141	  0.230828	
  0.000525	  0.998424	  0.000525	  0.000525	
  0.998424	  0.000525	  0.000525	  0.000525	
  0.000525	  0.998424	  0.000525	  0.000525	
  0.053046	  0.000525	  0.945903	  0.000525	
  0.000525	  0.000525	  0.000525	  0.998424	
  0.000525	  0.000525	  0.998424	  0.000525	
  0.143162	  0.641738	  0.071937	  0.143162	

URL http://cisbp.ccbr.utoronto.ca/TFreport.php?versionNumber=1.02&searchTF=T021459_1.02

MOTIF M0255_1.02 (PDK_20s1310372g001)_(Arabidopsis_thaliana)_(DBD_0.67)

letter-probability matrix: alength= 4 w= 9 nsites= 1 E= 0
  0.251670	  0.336339	  0.122501	  0.289490	
  0.184008	  0.331949	  0.263745	  0.220298	
  0.621075	  0.130510	  0.137202	  0.111213	
  0.069957	  0.650592	  0.148099	  0.131352	
  0.115812	  0.162710	  0.633949	  0.087529	
  0.027593	  0.058415	  0.000223	  0.913769	
  0.032372	  0.000107	  0.950789	  0.016731	
  0.002449	  0.073371	  0.542141	  0.382040	
  0.288878	  0.476279	  0.133754	  0.101089	

URL http://cisbp.ccbr.utoronto.ca/TFreport.php?versionNumber=1.02&searchTF=T031286_1.02

MOTIF M0260_1.02 (PDK_20s1312701g003)_(Arabidopsis_thaliana)_(DBD_0.82)

letter-probability matrix: alength= 4 w= 10 nsites= 1 E= 0
  0.126879	  0.288079	  0.114805	  0.470236	
  0.092572	  0.000049	  0.719089	  0.188290	
  0.570751	  0.427072	  0.002175	  0.000002	
  0.007997	  0.971697	  0.000038	  0.020268	
  0.936294	  0.035943	  0.003428	  0.024335	
  0.213387	  0.009807	  0.767477	  0.009329	
  0.024153	  0.681583	  0.076281	  0.217983	
  0.014037	  0.079976	  0.033173	  0.872814	
  0.188407	  0.077370	  0.664215	  0.070008	
  0.087413	  0.060379	  0.387858	  0.464350	

URL http://cisbp.ccbr.utoronto.ca/TFreport.php?versionNumber=1.02&searchTF=T031287_1.02

MOTIF M0262_1.02 (PDK_20s1522421g002)_(Arabidopsis_thaliana)_(DBD_0.70)

letter-probability matrix: alength= 4 w= 10 nsites= 1 E= 0
  0.205178	  0.220055	  0.185652	  0.389115	
  0.161624	  0.024417	  0.536611	  0.277348	
  0.555577	  0.399418	  0.009488	  0.035517	
  0.061343	  0.793526	  0.005850	  0.139280	
  0.939627	  0.000001	  0.003802	  0.056570	
  0.236323	  0.071895	  0.581262	  0.110520	
  0.140427	  0.520449	  0.129631	  0.209493	
  0.174589	  0.202844	  0.113572	  0.508995	
  0.232235	  0.157237	  0.382891	  0.227637	
  0.220249	  0.125808	  0.331875	  0.322067	

URL http://cisbp.ccbr.utoronto.ca/TFreport.php?versionNumber=1.02&searchTF=T031320_1.02

MOTIF M0266_1.02 (PDK_20s1368181g001)_(Arabidopsis_thaliana)_(DBD_0.56)

letter-probability matrix: alength= 4 w= 9 nsites= 1 E= 0
  0.122121	  0.171573	  0.426244	  0.280062	
  0.373301	  0.503904	  0.108028	  0.014767	
  0.025774	  0.879506	  0.002943	  0.091777	
  0.939211	  0.001592	  0.056545	  0.002651	
  0.085080	  0.592047	  0.219991	  0.102882	
  0.135011	  0.201412	  0.593095	  0.070482	
  0.142096	  0.182455	  0.143524	  0.531925	
  0.247171	  0.281485	  0.290058	  0.181287	
  0.309132	  0.141708	  0.352048	  0.197111	

URL http://cisbp.ccbr.utoronto.ca/TFreport.php?versionNumber=1.02&searchTF=T031297_1.02

MOTIF M0268_1.02 (PDK_20s1349941g001)_(Arabidopsis_thaliana)_(DBD_0.66)

letter-probability matrix: alength= 4 w= 10 nsites= 1 E= 0
  0.194982	  0.331261	  0.073179	  0.400578	
  0.062566	  0.319327	  0.401905	  0.216203	
  0.863019	  0.035889	  0.054078	  0.047014	
  0.016012	  0.783149	  0.111422	  0.089418	
  0.057917	  0.135505	  0.756729	  0.049849	
  0.020596	  0.026183	  0.004505	  0.948716	
  0.045651	  0.000000	  0.954344	  0.000005	
  0.000119	  0.051604	  0.610088	  0.338188	
  0.279665	  0.535709	  0.102883	  0.081744	
  0.362040	  0.293464	  0.151677	  0.192819	

URL http://cisbp.ccbr.utoronto.ca/TFreport.php?versionNumber=1.02&searchTF=T031294_1.02

MOTIF M0271_1.02 (PDK_20s1703151g002)_(Arabidopsis_thaliana)_(DBD_0.78)

letter-probability matrix: alength= 4 w= 10 nsites= 1 E= 0
  0.158078	  0.093981	  0.615903	  0.132038	
  0.267449	  0.487323	  0.179276	  0.065952	
  0.053459	  0.002136	  0.001551	  0.942854	
  0.121965	  0.000603	  0.641454	  0.235978	
  0.952439	  0.005202	  0.025765	  0.016594	
  0.085419	  0.851984	  0.006473	  0.056124	
  0.179266	  0.007163	  0.795418	  0.018154	
  0.132201	  0.125754	  0.074019	  0.668025	
  0.358839	  0.324691	  0.181794	  0.134676	
  0.413771	  0.080263	  0.359716	  0.146249	

URL http://cisbp.ccbr.utoronto.ca/TFreport.php?versionNumber=1.02&searchTF=T031334_1.02

MOTIF M0272_1.02 (PDK_20s1482361g001)_(Arabidopsis_thaliana)_(DBD_0.71)

letter-probability matrix: alength= 4 w= 12 nsites= 1 E= 0
  0.229166	  0.229166	  0.229166	  0.312503	
  0.203331	  0.203331	  0.390006	  0.203331	
  0.187672	  0.436984	  0.187672	  0.187672	
  0.166258	  0.148140	  0.020941	  0.664661	
  0.000044	  0.356147	  0.643764	  0.000044	
  0.999867	  0.000044	  0.000044	  0.000044	
  0.000044	  0.999867	  0.000044	  0.000044	
  0.000044	  0.000044	  0.999867	  0.000044	
  0.020879	  0.020879	  0.020879	  0.937363	
  0.046713	  0.123190	  0.783383	  0.046713	
  0.138849	  0.062373	  0.597600	  0.201178	
  0.229103	  0.312691	  0.229103	  0.229103	

URL http://cisbp.ccbr.utoronto.ca/TFreport.php?versionNumber=1.02&searchTF=T031314_1.02

MOTIF M0273_1.02 (PDK_20s1329531g004)_(Arabidopsis_thaliana)_(DBD_0.79)

letter-probability matrix: alength= 4 w= 10 nsites= 1 E= 0
  0.208878	  0.213098	  0.358436	  0.219588	
  0.322167	  0.297397	  0.322167	  0.058269	
  0.029823	  0.022540	  0.017554	  0.930084	
  0.040252	  0.052204	  0.753821	  0.153723	
  0.902919	  0.003339	  0.023942	  0.069800	
  0.018592	  0.751999	  0.018224	  0.211185	
  0.128802	  0.097346	  0.698039	  0.075813	
  0.166144	  0.181790	  0.105938	  0.546128	
  0.288506	  0.345405	  0.183960	  0.182129	
  0.377030	  0.183520	  0.217528	  0.221922	

URL http://cisbp.ccbr.utoronto.ca/TFreport.php?versionNumber=1.02&searchTF=T031290_1.02

MOTIF M0328_1.02 (PDK_20s1520551g003)_(Oryza_sativa)_(DBD_0.67)

letter-probability matrix: alength= 4 w= 8 nsites= 1 E= 0
  0.250000	  0.125622	  0.001244	  0.623134	
  0.000906	  0.453804	  0.453804	  0.091486	
  0.997699	  0.000767	  0.000767	  0.000767	
  0.000767	  0.997699	  0.000767	  0.000767	
  0.000767	  0.000767	  0.997699	  0.000767	
  0.000831	  0.000831	  0.000831	  0.997508	
  0.000906	  0.000906	  0.997283	  0.000906	
  0.000996	  0.000996	  0.797809	  0.200199	

URL http://cisbp.ccbr.utoronto.ca/TFreport.php?versionNumber=1.02&searchTF=T031319_1.02

MOTIF M0677_1.02 (PDK_20s1576491g001)_(Physcomitrella_patens)_(DBD_0.89)

letter-probability matrix: alength= 4 w= 10 nsites= 1 E= 0
  0.233790	  0.138993	  0.425993	  0.201225	
  0.151778	  0.438088	  0.392454	  0.017680	
  0.020553	  0.048571	  0.839679	  0.091197	
  0.006893	  0.992712	  0.000031	  0.000364	
  0.013922	  0.000083	  0.985791	  0.000205	
  0.013288	  0.979343	  0.002765	  0.004604	
  0.083385	  0.551953	  0.224407	  0.140255	
  0.409276	  0.238505	  0.118438	  0.233782	
  0.379447	  0.181039	  0.122574	  0.316940	
  0.306627	  0.222657	  0.201468	  0.269248	

URL http://cisbp.ccbr.utoronto.ca/TFreport.php?versionNumber=1.02&searchTF=T077268_1.02

MOTIF M0683_1.02 (PDK_20s1301801g002)_(Oryza_sativa)_(DBD_0.67)

letter-probability matrix: alength= 4 w= 11 nsites= 1 E= 0
  0.229330	  0.229330	  0.312009	  0.229330	
  0.459626	  0.152555	  0.235264	  0.152555	
  0.855889	  0.048037	  0.048037	  0.048037	
  0.000126	  0.000126	  0.000126	  0.999623	
  0.000126	  0.000126	  0.999623	  0.000126	
  0.220603	  0.000126	  0.000126	  0.779146	
  0.999623	  0.000126	  0.000126	  0.000126	
  0.000126	  0.480439	  0.000126	  0.519310	
  0.020795	  0.937614	  0.020795	  0.020795	
  0.097571	  0.097571	  0.186925	  0.617933	
  0.292071	  0.202089	  0.303751	  0.202089	

URL http://cisbp.ccbr.utoronto.ca/TFreport.php?versionNumber=1.02&searchTF=T077479_1.02

MOTIF M0762_1.02 (PDK_20s1363101g001)_(Arabidopsis_thaliana)_(DBD_0.79)

letter-probability matrix: alength= 4 w= 7 nsites= 1 E= 0
  0.450341	  0.225880	  0.111053	  0.212726	
  0.001226	  0.003435	  0.957098	  0.038241	
  0.972237	  0.001615	  0.000368	  0.025780	
  0.000335	  0.000738	  0.000485	  0.998442	
  0.090259	  0.400489	  0.271154	  0.238099	
  0.285085	  0.194959	  0.240516	  0.279440	
  0.309814	  0.170029	  0.258778	  0.261379	

URL http://cisbp.ccbr.utoronto.ca/TFreport.php?versionNumber=1.02&searchTF=T086390_1.02

MOTIF M0771_1.02 (PDK_20s1646281g001)_(Arabidopsis_thaliana)_(DBD_0.75)

letter-probability matrix: alength= 4 w= 9 nsites= 1 E= 0
  0.241461	  0.297885	  0.201685	  0.258969	
  0.308358	  0.369172	  0.142774	  0.179695	
  0.077759	  0.027211	  0.730415	  0.164616	
  0.860149	  0.004337	  0.000266	  0.135247	
  0.051653	  0.174958	  0.042290	  0.731099	
  0.105589	  0.419704	  0.237354	  0.237354	
  0.328855	  0.175146	  0.266565	  0.229434	
  0.283194	  0.229553	  0.220552	  0.266702	
  0.286293	  0.207891	  0.241535	  0.264281	

URL http://cisbp.ccbr.utoronto.ca/TFreport.php?versionNumber=1.02&searchTF=T086392_1.02

MOTIF M0790_1.02 (PDK_20s1340921g001)_(Oryza_sativa)_(DBD_0.89)

letter-probability matrix: alength= 4 w= 9 nsites= 1 E= 0
  0.266571	  0.238803	  0.248549	  0.246076	
  0.275603	  0.249376	  0.225645	  0.249376	
  0.255911	  0.156778	  0.475721	  0.111590	
  0.483683	  0.109009	  0.223952	  0.183356	
  0.000168	  0.001483	  0.002168	  0.996181	
  0.236676	  0.339235	  0.258965	  0.165123	
  0.228379	  0.244938	  0.244938	  0.281746	
  0.258388	  0.205298	  0.285563	  0.250751	
  0.242057	  0.232565	  0.278431	  0.246947	

URL http://cisbp.ccbr.utoronto.ca/TFreport.php?versionNumber=1.02&searchTF=T086389_1.02

MOTIF M0840_1.02 (PDK_20s1308201g001)_(Arabidopsis_thaliana)_(DBD_0.83)

letter-probability matrix: alength= 4 w= 10 nsites= 1 E= 0
  0.387617	  0.167338	  0.221410	  0.223635	
  0.198422	  0.308091	  0.340493	  0.152994	
  0.340339	  0.379913	  0.134282	  0.145466	
  0.150687	  0.300427	  0.131001	  0.417885	
  0.120155	  0.004432	  0.811419	  0.063994	
  0.083166	  0.000002	  0.000074	  0.916758	
  0.103051	  0.776832	  0.040659	  0.079458	
  0.588028	  0.074947	  0.139320	  0.197705	
  0.294540	  0.285835	  0.201425	  0.218201	
  0.285359	  0.240748	  0.205152	  0.268741	

URL http://cisbp.ccbr.utoronto.ca/TFreport.php?versionNumber=1.02&searchTF=T103428_1.02

MOTIF M0848_1.02 (PDK_20s1456411g001)_(Arabidopsis_thaliana)_(DBD_0.72)

letter-probability matrix: alength= 4 w= 8 nsites= 1 E= 0
  0.124179	  0.354859	  0.337553	  0.183409	
  0.058938	  0.542665	  0.027289	  0.371108	
  0.846022	  0.068755	  0.012943	  0.072280	
  0.854798	  0.062857	  0.028244	  0.054102	
  0.046219	  0.061768	  0.000087	  0.891926	
  0.108845	  0.757426	  0.056257	  0.077473	
  0.815574	  0.034949	  0.058200	  0.091276	
  0.325215	  0.156724	  0.120842	  0.397219	

URL http://cisbp.ccbr.utoronto.ca/TFreport.php?versionNumber=1.02&searchTF=T103452_1.02

MOTIF M0850_1.02 (PDK_20s1385771g001)_(Arabidopsis_thaliana)_(DBD_0.79)

letter-probability matrix: alength= 4 w= 11 nsites= 1 E= 0
  0.306309	  0.231230	  0.231230	  0.231230	
  0.165400	  0.165400	  0.165400	  0.503801	
  0.668968	  0.207635	  0.061698	  0.061698	
  0.924325	  0.000090	  0.000090	  0.075495	
  0.000090	  0.000090	  0.000090	  0.999729	
  0.260897	  0.000090	  0.000090	  0.738922	
  0.999729	  0.000090	  0.000090	  0.000090	
  0.921680	  0.000090	  0.000090	  0.078140	
  0.018860	  0.018860	  0.018860	  0.943420	
  0.084691	  0.084691	  0.745928	  0.084691	
  0.320021	  0.303195	  0.188392	  0.188392	

URL http://cisbp.ccbr.utoronto.ca/TFreport.php?versionNumber=1.02&searchTF=T103443_1.02

MOTIF M0854_1.02 (PDK_20s1342981g001)_(Arabidopsis_thaliana)_(DBD_0.81)

letter-probability matrix: alength= 4 w= 8 nsites= 1 E= 0
  0.071937	  0.214387	  0.000712	  0.712963	
  0.998503	  0.000499	  0.000499	  0.000499	
  0.998639	  0.000454	  0.000454	  0.000454	
  0.000454	  0.000454	  0.000454	  0.998639	
  0.544918	  0.318058	  0.136570	  0.000454	
  0.998639	  0.000454	  0.000454	  0.000454	
  0.000475	  0.000475	  0.000475	  0.998574	
  0.067154	  0.000665	  0.067154	  0.865027	

URL http://cisbp.ccbr.utoronto.ca/TFreport.php?versionNumber=1.02&searchTF=T103434_1.02

MOTIF M0855_1.02 (PDK_20s1397241g001)_(Arabidopsis_thaliana)_(DBD_0.94)

letter-probability matrix: alength= 4 w= 10 nsites= 1 E= 0
  0.388403	  0.167678	  0.228616	  0.215303	
  0.194750	  0.344370	  0.334193	  0.126687	
  0.288883	  0.457611	  0.155403	  0.098103	
  0.122551	  0.241901	  0.172178	  0.463371	
  0.079750	  0.000221	  0.887929	  0.032101	
  0.025325	  0.000048	  0.000237	  0.974389	
  0.058034	  0.872212	  0.033483	  0.036271	
  0.550285	  0.131688	  0.185015	  0.133012	
  0.252361	  0.296148	  0.188832	  0.262660	
  0.281983	  0.240290	  0.217424	  0.260303	

URL http://cisbp.ccbr.utoronto.ca/TFreport.php?versionNumber=1.02&searchTF=T103445_1.02

MOTIF M1108_1.02 (PDK_20s1318331g001)_(Oryza_sativa)_(DBD_0.81)

letter-probability matrix: alength= 4 w= 10 nsites= 1 E= 0
  0.297231	  0.218003	  0.253283	  0.231483	
  0.275551	  0.232473	  0.232473	  0.259504	
  0.106303	  0.374761	  0.189860	  0.329076	
  0.050110	  0.641759	  0.019771	  0.288361	
  0.872936	  0.054156	  0.022917	  0.049992	
  0.962586	  0.028492	  0.002690	  0.006232	
  0.007216	  0.000731	  0.003409	  0.988644	
  0.014514	  0.958222	  0.008629	  0.018636	
  0.788774	  0.029385	  0.099532	  0.082309	
  0.399369	  0.165651	  0.123951	  0.311029	

URL http://cisbp.ccbr.utoronto.ca/TFreport.php?versionNumber=1.02&searchTF=T103430_1.02

MOTIF M1195_1.02 (PDK_20s1343321g001)_(Physcomitrella_patens)_(DBD_0.86)

letter-probability matrix: alength= 4 w= 10 nsites= 1 E= 0
  0.152796	  0.454458	  0.114332	  0.278413	
  0.662290	  0.180495	  0.153808	  0.003407	
  0.888120	  0.108756	  0.000092	  0.003032	
  0.000008	  0.000019	  0.000002	  0.999971	
  0.313012	  0.325786	  0.178795	  0.182407	
  0.926033	  0.000000	  0.073767	  0.000200	
  0.126891	  0.144508	  0.130756	  0.597845	
  0.217089	  0.113330	  0.308064	  0.361516	
  0.227081	  0.258606	  0.300457	  0.213856	
  0.231646	  0.243523	  0.325451	  0.199380	

URL http://cisbp.ccbr.utoronto.ca/TFreport.php?versionNumber=1.02&searchTF=T103435_1.02

MOTIF M1209_1.02 (PDK_20s1408301g001)_(Zea_mays)_(DBD_0.90)

letter-probability matrix: alength= 4 w= 8 nsites= 1 E= 0
  0.109463	  0.234385	  0.156309	  0.499844	
  0.056906	  0.772490	  0.000114	  0.170491	
  0.989704	  0.010096	  0.000100	  0.000100	
  0.979708	  0.000100	  0.020092	  0.000100	
  0.010096	  0.000100	  0.000100	  0.989704	
  0.000100	  0.699820	  0.000100	  0.299980	
  0.947075	  0.010627	  0.000105	  0.042193	
  0.550550	  0.101535	  0.202926	  0.144988	

URL http://cisbp.ccbr.utoronto.ca/TFreport.php?versionNumber=1.02&searchTF=T103447_1.02

MOTIF M1211_1.02 (PDK_20s1334792g001)_(Zea_mays)_(DBD_0.92)

letter-probability matrix: alength= 4 w= 8 nsites= 1 E= 0
  0.096272	  0.346080	  0.538240	  0.019408	
  0.347769	  0.565035	  0.029114	  0.058082	
  0.040112	  0.319963	  0.040112	  0.599813	
  0.000132	  0.000132	  0.999605	  0.000132	
  0.026433	  0.000132	  0.000132	  0.973304	
  0.000132	  0.986454	  0.013282	  0.000132	
  0.938038	  0.000154	  0.046279	  0.015529	
  0.285680	  0.333254	  0.119172	  0.261893	

URL http://cisbp.ccbr.utoronto.ca/TFreport.php?versionNumber=1.02&searchTF=T103433_1.02

MOTIF M1275_1.02 (PDK_20s1342451g001)_(Physcomitrella_patens)_(DBD_0.74)

letter-probability matrix: alength= 4 w= 10 nsites= 1 E= 0
  0.398276	  0.182572	  0.248923	  0.170229	
  0.415037	  0.148171	  0.177393	  0.259399	
  0.348590	  0.169677	  0.166317	  0.315417	
  0.293163	  0.177812	  0.125302	  0.403723	
  0.178670	  0.283027	  0.160059	  0.378245	
  0.266023	  0.302955	  0.341581	  0.089441	
  0.134815	  0.598186	  0.130830	  0.136170	
  0.001443	  0.048266	  0.950256	  0.000035	
  0.030460	  0.256313	  0.630429	  0.082798	
  0.301469	  0.208235	  0.225578	  0.264718	

URL http://cisbp.ccbr.utoronto.ca/TFreport.php?versionNumber=1.02&searchTF=T108957_1.02

MOTIF M1293_1.02 (PDK_20s1345831g002)_(Medicago_truncatula)_(DBD_0.68)

letter-probability matrix: alength= 4 w= 10 nsites= 1 E= 0
  0.127769	  0.273205	  0.144059	  0.454967	
  0.167273	  0.116702	  0.070783	  0.645242	
  0.661238	  0.066961	  0.146074	  0.125727	
  0.916772	  0.049942	  0.000142	  0.033144	
  0.017638	  0.925237	  0.004665	  0.052460	
  0.057493	  0.585035	  0.033171	  0.324301	
  0.351636	  0.299644	  0.215421	  0.133299	
  0.238186	  0.260617	  0.260617	  0.240580	
  0.354235	  0.192474	  0.284280	  0.169011	
  0.206221	  0.270143	  0.333269	  0.190366	

URL http://cisbp.ccbr.utoronto.ca/TFreport.php?versionNumber=1.02&searchTF=T110779_1.02

MOTIF M1302_1.02 (PDK_20s1581271g001)_(Cannabis_sativa)_(DBD_0.96)

letter-probability matrix: alength= 4 w= 10 nsites= 1 E= 0
  0.339096	  0.166714	  0.168390	  0.325800	
  0.284591	  0.204599	  0.240099	  0.270711	
  0.223374	  0.283964	  0.113165	  0.379497	
  0.280216	  0.089618	  0.581471	  0.048694	
  0.012178	  0.011241	  0.962573	  0.014008	
  0.911997	  0.021235	  0.055459	  0.011309	
  0.012812	  0.010809	  0.003355	  0.973023	
  0.620617	  0.112248	  0.107847	  0.159288	
  0.572623	  0.048435	  0.230495	  0.148447	
  0.217964	  0.220155	  0.366622	  0.195260	

URL http://cisbp.ccbr.utoronto.ca/TFreport.php?versionNumber=1.02&searchTF=T127312_1.02

MOTIF M1304_1.02 (PDK_20s1467521g002)_(Cannabis_sativa)_(DBD_0.91)

letter-probability matrix: alength= 4 w= 8 nsites= 1 E= 0
  0.001984	  0.795635	  0.001984	  0.200397	
  0.001420	  0.001420	  0.001420	  0.995739	
  0.995739	  0.001420	  0.001420	  0.001420	
  0.001420	  0.001420	  0.995739	  0.001420	
  0.001420	  0.001420	  0.995739	  0.001420	
  0.001420	  0.001420	  0.995739	  0.001420	
  0.001420	  0.995739	  0.001420	  0.001420	
  0.795635	  0.001984	  0.001984	  0.200397	

URL http://cisbp.ccbr.utoronto.ca/TFreport.php?versionNumber=1.02&searchTF=T127280_1.02

MOTIF M1323_1.02 (PDK_20s1369041g001)_(Arabidopsis_thaliana)_(DBD_0.96)

letter-probability matrix: alength= 4 w= 10 nsites= 1 E= 0
  0.364522	  0.151198	  0.182836	  0.301445	
  0.635951	  0.060650	  0.074078	  0.229321	
  0.026881	  0.006306	  0.766190	  0.200623	
  0.977092	  0.001056	  0.017023	  0.004829	
  0.004451	  0.000130	  0.000052	  0.995367	
  0.166117	  0.097777	  0.200877	  0.535228	
  0.005892	  0.985897	  0.000098	  0.008114	
  0.016491	  0.451606	  0.238129	  0.293774	
  0.242312	  0.295961	  0.204430	  0.257296	
  0.231762	  0.261310	  0.132384	  0.374544	

URL http://cisbp.ccbr.utoronto.ca/TFreport.php?versionNumber=1.02&searchTF=T127240_1.02

MOTIF M1324_1.02 (PDK_20s13009423g003)_(Arabidopsis_thaliana)_(DBD_0.90)

letter-probability matrix: alength= 4 w= 10 nsites= 1 E= 0
  0.375906	  0.179350	  0.221260	  0.223484	
  0.146018	  0.312227	  0.328235	  0.213520	
  0.291090	  0.465743	  0.140279	  0.102887	
  0.325139	  0.084289	  0.541452	  0.049119	
  0.429128	  0.020323	  0.202705	  0.347844	
  0.943979	  0.000454	  0.000415	  0.055153	
  0.013378	  0.000337	  0.000327	  0.985957	
  0.065753	  0.894179	  0.000976	  0.039092	
  0.141253	  0.133027	  0.079882	  0.645839	
  0.256313	  0.195664	  0.161806	  0.386217	

URL http://cisbp.ccbr.utoronto.ca/TFreport.php?versionNumber=1.02&searchTF=T127193_1.02

MOTIF M1325_1.02 (PDK_20s1491101g001)_(Arabidopsis_thaliana)_(DBD_0.90)

letter-probability matrix: alength= 4 w= 9 nsites= 1 E= 0
  0.381525	  0.187575	  0.180220	  0.250680	
  0.101881	  0.071794	  0.552140	  0.274185	
  0.792179	  0.021863	  0.153667	  0.032291	
  0.000152	  0.000040	  0.000024	  0.999784	
  0.173480	  0.122249	  0.218342	  0.485929	
  0.034292	  0.884397	  0.033613	  0.047699	
  0.079218	  0.362202	  0.282083	  0.276497	
  0.213090	  0.308498	  0.247575	  0.230837	
  0.225177	  0.269586	  0.227440	  0.277796	

URL http://cisbp.ccbr.utoronto.ca/TFreport.php?versionNumber=1.02&searchTF=T127287_1.02

MOTIF M1329_1.02 (PDK_20s1651652g001)_(Arabidopsis_thaliana)_(DBD_0.90)

letter-probability matrix: alength= 4 w= 8 nsites= 1 E= 0
  0.332237	  0.003289	  0.332237	  0.332237	
  0.994048	  0.001984	  0.001984	  0.001984	
  0.001984	  0.994048	  0.001984	  0.001984	
  0.001984	  0.994048	  0.001984	  0.001984	
  0.001984	  0.001984	  0.994048	  0.001984	
  0.001984	  0.001984	  0.994048	  0.001984	
  0.001984	  0.001984	  0.001984	  0.994048	
  0.398810	  0.200397	  0.001984	  0.398810	

URL http://cisbp.ccbr.utoronto.ca/TFreport.php?versionNumber=1.02&searchTF=T127326_1.02

MOTIF M1331_1.02 (PDK_20s1887621g001)_(Arabidopsis_thaliana)_(DBD_0.92)

letter-probability matrix: alength= 4 w= 10 nsites= 1 E= 0
  0.174267	  0.257127	  0.394339	  0.174267	
  0.337510	  0.571659	  0.045415	  0.045415	
  0.214129	  0.000156	  0.785559	  0.000156	
  0.476433	  0.000156	  0.214129	  0.309282	
  0.999533	  0.000156	  0.000156	  0.000156	
  0.000156	  0.000156	  0.000156	  0.999533	
  0.000156	  0.999533	  0.000156	  0.000156	
  0.000156	  0.000156	  0.000156	  0.999533	
  0.161635	  0.075889	  0.075889	  0.686588	
  0.204740	  0.204740	  0.204740	  0.385779	

URL http://cisbp.ccbr.utoronto.ca/TFreport.php?versionNumber=1.02&searchTF=T127351_1.02

MOTIF M1340_1.02 (PDK_20s1371281g002)_(Arabidopsis_thaliana)_(DBD_0.92)

letter-probability matrix: alength= 4 w= 10 nsites= 1 E= 0
  0.406571	  0.161998	  0.273205	  0.158226	
  0.258136	  0.112894	  0.425075	  0.203895	
  0.444515	  0.149722	  0.148379	  0.257383	
  0.554184	  0.075651	  0.144100	  0.226065	
  0.125555	  0.134751	  0.013256	  0.726437	
  0.726437	  0.013256	  0.134751	  0.125555	
  0.226065	  0.144100	  0.075651	  0.554184	
  0.257383	  0.148379	  0.149722	  0.444515	
  0.203895	  0.425075	  0.112894	  0.258136	
  0.158226	  0.273205	  0.161998	  0.406571	

URL http://cisbp.ccbr.utoronto.ca/TFreport.php?versionNumber=1.02&searchTF=T127243_1.02

MOTIF M1364_1.02 (PDK_20s1306081g005)_(Oryza_sativa)_(DBD_0.90)

letter-probability matrix: alength= 4 w= 10 nsites= 1 E= 0
  0.369683	  0.162820	  0.206985	  0.260511	
  0.565000	  0.085356	  0.112937	  0.236708	
  0.085466	  0.028166	  0.532785	  0.353583	
  0.865363	  0.003831	  0.109196	  0.021610	
  0.036584	  0.000657	  0.000198	  0.962562	
  0.190902	  0.169315	  0.247587	  0.392196	
  0.000865	  0.977504	  0.002237	  0.019395	
  0.048534	  0.388493	  0.260414	  0.302558	
  0.244885	  0.260028	  0.237647	  0.257440	
  0.230697	  0.262724	  0.188879	  0.317699	

URL http://cisbp.ccbr.utoronto.ca/TFreport.php?versionNumber=1.02&searchTF=T127202_1.02

MOTIF M1365_1.02 (PDK_20s1414244g001)_(Oryza_sativa)_(DBD_0.98)

letter-probability matrix: alength= 4 w= 9 nsites= 1 E= 0
  0.283632	  0.223113	  0.241695	  0.251559	
  0.564520	  0.113975	  0.191708	  0.129797	
  0.026211	  0.000124	  0.959280	  0.014385	
  0.991002	  0.002157	  0.005982	  0.000860	
  0.007420	  0.004281	  0.001794	  0.986506	
  0.715668	  0.078509	  0.012721	  0.193102	
  0.071293	  0.225158	  0.085354	  0.618195	
  0.135072	  0.133728	  0.155370	  0.575829	
  0.221195	  0.204189	  0.120186	  0.454430	

URL http://cisbp.ccbr.utoronto.ca/TFreport.php?versionNumber=1.02&searchTF=T127260_1.02

MOTIF M1384_1.02 (PDK_20s1451831g001)_(Physcomitrella_patens)_(DBD_0.90)

letter-probability matrix: alength= 4 w= 10 nsites= 1 E= 0
  0.340720	  0.192686	  0.244952	  0.221642	
  0.183826	  0.291194	  0.321820	  0.203160	
  0.281884	  0.384327	  0.200636	  0.133152	
  0.343039	  0.124941	  0.472408	  0.059611	
  0.421097	  0.043072	  0.247860	  0.287972	
  0.992667	  0.000040	  0.002436	  0.004857	
  0.006857	  0.003616	  0.001888	  0.987639	
  0.070629	  0.886646	  0.002381	  0.040344	
  0.180733	  0.184384	  0.143599	  0.491284	
  0.256588	  0.232171	  0.197843	  0.313398	

URL http://cisbp.ccbr.utoronto.ca/TFreport.php?versionNumber=1.02&searchTF=T127272_1.02

MOTIF M1388_1.02 (PDK_20s1340731g002)_(Physcomitrella_patens)_(DBD_0.92)

letter-probability matrix: alength= 4 w= 9 nsites= 1 E= 0
  0.198363	  0.308000	  0.206459	  0.287178	
  0.223986	  0.138599	  0.545434	  0.091981	
  0.007053	  0.026935	  0.937696	  0.028316	
  0.762314	  0.065128	  0.171805	  0.000753	
  0.000640	  0.043090	  0.028030	  0.928240	
  0.427217	  0.151002	  0.229819	  0.191961	
  0.431642	  0.093466	  0.301146	  0.173746	
  0.190550	  0.252122	  0.368674	  0.188654	
  0.210875	  0.198595	  0.424650	  0.165880	

URL http://cisbp.ccbr.utoronto.ca/TFreport.php?versionNumber=1.02&searchTF=T127224_1.02

MOTIF M1390_1.02 (PDK_20s1503511g002)_(Ostreococcus_tauri)_(DBD_0.90)

letter-probability matrix: alength= 4 w= 13 nsites= 1 E= 0
  0.326515	  0.224495	  0.224495	  0.224495	
  0.196779	  0.196779	  0.196779	  0.409662	
  0.172352	  0.385234	  0.270061	  0.172352	
  0.192708	  0.503997	  0.098703	  0.204592	
  0.115821	  0.023136	  0.837908	  0.023136	
  0.000200	  0.000200	  0.999399	  0.000200	
  0.999399	  0.000200	  0.000200	  0.000200	
  0.000200	  0.000200	  0.000200	  0.999399	
  0.812022	  0.136567	  0.025705	  0.025705	
  0.655311	  0.053421	  0.145163	  0.146106	
  0.077848	  0.390814	  0.169590	  0.361748	
  0.151497	  0.246689	  0.265890	  0.335924	
  0.227064	  0.227064	  0.227064	  0.318807	

URL http://cisbp.ccbr.utoronto.ca/TFreport.php?versionNumber=1.02&searchTF=T127291_1.02

MOTIF M1404_1.02 (PDK_20s1433691g002)_(Arabidopsis_thaliana)_(DBD_0.68)

letter-probability matrix: alength= 4 w= 12 nsites= 1 E= 0
  0.227392	  0.227392	  0.227392	  0.317824	
  0.317824	  0.227392	  0.227392	  0.227392	
  0.558686	  0.079795	  0.281724	  0.079795	
  0.021601	  0.935196	  0.021601	  0.021601	
  0.909174	  0.000131	  0.000131	  0.090563	
  0.429645	  0.479660	  0.000131	  0.090563	
  0.000131	  0.000131	  0.999606	  0.000131	
  0.224316	  0.497175	  0.092019	  0.186490	
  0.246924	  0.607117	  0.022739	  0.123219	
  0.931782	  0.022739	  0.022739	  0.022739	
  0.274228	  0.299220	  0.256215	  0.170336	
  0.314409	  0.228530	  0.228530	  0.228530	

URL http://cisbp.ccbr.utoronto.ca/TFreport.php?versionNumber=1.02&searchTF=T130155_1.02

MOTIF M1406_1.02 (PDK_20s1595931g001)_(Arabidopsis_thaliana)_(DBD_0.71)

letter-probability matrix: alength= 4 w= 10 nsites= 1 E= 0
  0.426961	  0.124142	  0.124142	  0.324754	
  0.025080	  0.326728	  0.025080	  0.623112	
  0.999556	  0.000148	  0.000148	  0.000148	
  0.000148	  0.999556	  0.000148	  0.000148	
  0.000148	  0.000148	  0.999556	  0.000148	
  0.000148	  0.597638	  0.000148	  0.402066	
  0.999556	  0.000148	  0.000148	  0.000148	
  0.999556	  0.000148	  0.000148	  0.000148	
  0.126006	  0.522212	  0.126006	  0.225777	
  0.225068	  0.324796	  0.225068	  0.225068	

URL http://cisbp.ccbr.utoronto.ca/TFreport.php?versionNumber=1.02&searchTF=T130176_1.02

MOTIF M1407_1.02 (PDK_20s1323531g003)_(Arabidopsis_thaliana)_(DBD_0.78)

letter-probability matrix: alength= 4 w= 9 nsites= 1 E= 0
  0.424681	  0.113447	  0.240168	  0.221703	
  0.070466	  0.536534	  0.107246	  0.285754	
  0.924823	  0.014579	  0.012675	  0.047923	
  0.181755	  0.737053	  0.018223	  0.062970	
  0.098095	  0.030445	  0.717616	  0.153843	
  0.127058	  0.466215	  0.140421	  0.266306	
  0.414463	  0.236745	  0.084520	  0.264273	
  0.741923	  0.027364	  0.051380	  0.179333	
  0.203954	  0.332917	  0.195957	  0.267172	

URL http://cisbp.ccbr.utoronto.ca/TFreport.php?versionNumber=1.02&searchTF=T130128_1.02

MOTIF M1409_1.02 (PDK_20s1496531g001)_(Arabidopsis_lyrata)_(DBD_0.71)

letter-probability matrix: alength= 4 w= 10 nsites= 1 E= 0
  0.386611	  0.143656	  0.261758	  0.207975	
  0.101582	  0.450727	  0.151542	  0.296149	
  0.891128	  0.023629	  0.034209	  0.051034	
  0.255437	  0.673828	  0.019163	  0.051572	
  0.123152	  0.068953	  0.634872	  0.173023	
  0.157487	  0.399153	  0.175800	  0.267560	
  0.365084	  0.254711	  0.101507	  0.278698	
  0.681546	  0.030095	  0.072556	  0.215803	
  0.236118	  0.309306	  0.180247	  0.274329	
  0.224901	  0.352714	  0.197484	  0.224901	

URL http://cisbp.ccbr.utoronto.ca/TFreport.php?versionNumber=1.02&searchTF=T130163_1.02

MOTIF M1411_1.02 (PDK_20s1306451g001)_(Oryza_sativa)_(DBD_0.78)

letter-probability matrix: alength= 4 w= 10 nsites= 1 E= 0
  0.224991	  0.229536	  0.253676	  0.291797	
  0.251209	  0.234225	  0.207739	  0.306827	
  0.247992	  0.240663	  0.228925	  0.282420	
  0.183457	  0.284855	  0.200734	  0.330954	
  0.587048	  0.159989	  0.113876	  0.139088	
  0.316642	  0.486761	  0.081270	  0.115327	
  0.171357	  0.090355	  0.541179	  0.197108	
  0.177912	  0.388111	  0.181507	  0.252470	
  0.349246	  0.222689	  0.147788	  0.280277	
  0.544946	  0.096610	  0.141272	  0.217171	

URL http://cisbp.ccbr.utoronto.ca/TFreport.php?versionNumber=1.02&searchTF=T130125_1.02

MOTIF M1416_1.02 (PDK_20s1408241g001)_(Malus_x_domestica)_(DBD_0.81)

letter-probability matrix: alength= 4 w= 10 nsites= 1 E= 0
  0.213809	  0.245938	  0.150668	  0.389585	
  0.207179	  0.176546	  0.260755	  0.355520	
  0.134749	  0.274079	  0.134749	  0.456422	
