MEME version 4

ALPHABET= ACGT

strands: + -

Background letter frequencies (from uniform background):
A 0.25000 C 0.25000 G 0.25000 T 0.25000 

MOTIF M0004_1.02 (e_gw1.31.217.1)_(Cannabis_sativa)_(DBD_0.75)

letter-probability matrix: alength= 4 w= 8 nsites= 1 E= 0
  0.150033	  0.716511	  0.075058	  0.058397	
  0.025535	  0.012799	  0.948867	  0.012799	
  0.018926	  0.874057	  0.106954	  0.000063	
  0.018926	  0.974660	  0.006351	  0.000063	
  0.000063	  0.006351	  0.993524	  0.000063	
  0.058873	  0.627352	  0.137284	  0.176490	
  0.157922	  0.774278	  0.007592	  0.060207	
  0.488783	  0.066748	  0.299978	  0.144491	

URL http://cisbp.ccbr.utoronto.ca/TFreport.php?versionNumber=1.02&searchTF=T002702_1.02

MOTIF M0006_1.02 (estExt_gwp_gw1.C_580005)_(Arabidopsis_thaliana)_(DBD_0.79)

letter-probability matrix: alength= 4 w= 10 nsites= 1 E= 0
  0.248762	  0.390137	  0.266799	  0.094302	
  0.136992	  0.720483	  0.132943	  0.009582	
  0.384131	  0.000678	  0.614608	  0.000583	
  0.001029	  0.795182	  0.186526	  0.017263	
  0.001119	  0.955576	  0.000685	  0.042620	
  0.201865	  0.009185	  0.711658	  0.077293	
  0.164166	  0.679174	  0.079113	  0.077547	
  0.348470	  0.351972	  0.155019	  0.144539	
  0.253096	  0.163003	  0.425715	  0.158186	
  0.184070	  0.238726	  0.171626	  0.405579	

URL http://cisbp.ccbr.utoronto.ca/TFreport.php?versionNumber=1.02&searchTF=T002796_1.02

MOTIF M0009_1.02 (e_gw1.124.59.1)_(Arabidopsis_thaliana)_(DBD_0.77)

letter-probability matrix: alength= 4 w= 10 nsites= 1 E= 0
  0.205688	  0.313049	  0.316195	  0.165068	
  0.213317	  0.494121	  0.123073	  0.169488	
  0.108659	  0.000049	  0.887324	  0.003968	
  0.024712	  0.834893	  0.054998	  0.085396	
  0.145090	  0.704406	  0.051283	  0.099221	
  0.131473	  0.009863	  0.827824	  0.030840	
  0.190198	  0.383013	  0.154172	  0.272617	
  0.258282	  0.489827	  0.077019	  0.174872	
  0.423887	  0.162303	  0.181176	  0.232634	
  0.275778	  0.196291	  0.204302	  0.323629	

URL http://cisbp.ccbr.utoronto.ca/TFreport.php?versionNumber=1.02&searchTF=T002667_1.02

MOTIF M0010_1.02 (e_gw1.187.17.1)_(Arabidopsis_thaliana)_(DBD_0.71)

letter-probability matrix: alength= 4 w= 8 nsites= 1 E= 0
  0.184463	  0.256582	  0.319720	  0.239235	
  0.105899	  0.380880	  0.185394	  0.327827	
  0.045557	  0.000794	  0.952379	  0.001270	
  0.037039	  0.782083	  0.054161	  0.126718	
  0.030180	  0.624644	  0.110740	  0.234436	
  0.136135	  0.093097	  0.701799	  0.068968	
  0.176688	  0.191404	  0.362994	  0.268913	
  0.199360	  0.485467	  0.097039	  0.218134	

URL http://cisbp.ccbr.utoronto.ca/TFreport.php?versionNumber=1.02&searchTF=T002682_1.02

MOTIF M0011_1.02 (e_gw1.487.2.1)_(Arabidopsis_thaliana)_(DBD_0.77)

letter-probability matrix: alength= 4 w= 8 nsites= 1 E= 0
  0.080136	  0.759592	  0.080136	  0.080136	
  0.014420	  0.000143	  0.985294	  0.000143	
  0.000143	  0.885351	  0.114363	  0.000143	
  0.000143	  0.985294	  0.014420	  0.000143	
  0.014420	  0.000143	  0.985294	  0.000143	
  0.057253	  0.642633	  0.185751	  0.114363	
  0.079473	  0.904346	  0.000159	  0.016022	
  0.581087	  0.023467	  0.279043	  0.116403	

URL http://cisbp.ccbr.utoronto.ca/TFreport.php?versionNumber=1.02&searchTF=T002712_1.02

MOTIF M0012_1.02 (e_gw1.117.76.1)_(Arabidopsis_thaliana)_(DBD_0.75)

letter-probability matrix: alength= 4 w= 10 nsites= 1 E= 0
  0.202071	  0.571703	  0.097380	  0.128846	
  0.038298	  0.000182	  0.958530	  0.002990	
  0.009314	  0.908214	  0.063528	  0.018944	
  0.113720	  0.807334	  0.031304	  0.047643	
  0.074758	  0.053210	  0.840713	  0.031320	
  0.153635	  0.452405	  0.150592	  0.243369	
  0.197442	  0.605132	  0.058291	  0.139135	
  0.448692	  0.175272	  0.184258	  0.191778	
  0.272738	  0.206131	  0.184659	  0.336471	
  0.290029	  0.206434	  0.192478	  0.311059	

URL http://cisbp.ccbr.utoronto.ca/TFreport.php?versionNumber=1.02&searchTF=T002665_1.02

MOTIF M0014_1.02 (e_gw1.60.212.1)_(Arabidopsis_thaliana)_(DBD_0.71)

letter-probability matrix: alength= 4 w= 9 nsites= 1 E= 0
  0.169306	  0.404119	  0.161049	  0.265525	
  0.486760	  0.011447	  0.402530	  0.099263	
  0.036159	  0.895997	  0.027881	  0.039962	
  0.027474	  0.937523	  0.001109	  0.033894	
  0.063555	  0.000411	  0.908597	  0.027437	
  0.354761	  0.190842	  0.188943	  0.265455	
  0.075496	  0.807613	  0.045791	  0.071100	
  0.230588	  0.493060	  0.098557	  0.177795	
  0.365499	  0.188909	  0.200590	  0.245002	

URL http://cisbp.ccbr.utoronto.ca/TFreport.php?versionNumber=1.02&searchTF=T002716_1.02

MOTIF M0015_1.02 (e_gw1.162.74.1)_(Arabidopsis_thaliana)_(DBD_0.79)

letter-probability matrix: alength= 4 w= 9 nsites= 1 E= 0
  0.205690	  0.280443	  0.274890	  0.238978	
  0.219631	  0.420713	  0.181626	  0.178030	
  0.608067	  0.000074	  0.391617	  0.000242	
  0.020599	  0.948846	  0.026716	  0.003839	
  0.032289	  0.911179	  0.019390	  0.037142	
  0.064847	  0.000159	  0.855790	  0.079204	
  0.352874	  0.312971	  0.122255	  0.211899	
  0.215543	  0.381137	  0.150379	  0.252942	
  0.319425	  0.236636	  0.163453	  0.280486	

URL http://cisbp.ccbr.utoronto.ca/TFreport.php?versionNumber=1.02&searchTF=T002678_1.02

MOTIF M0016_1.02 (e_gw1.335.26.1)_(Arabidopsis_thaliana)_(DBD_0.92)

letter-probability matrix: alength= 4 w= 10 nsites= 1 E= 0
  0.180753	  0.553982	  0.128655	  0.136610	
  0.584029	  0.000181	  0.415695	  0.000095	
  0.000969	  0.933312	  0.065283	  0.000435	
  0.001168	  0.968011	  0.000091	  0.030730	
  0.093485	  0.006806	  0.786663	  0.113047	
  0.496772	  0.241805	  0.080490	  0.180934	
  0.098722	  0.822470	  0.000369	  0.078438	
  0.270589	  0.550376	  0.052489	  0.126546	
  0.468198	  0.141019	  0.160596	  0.230187	
  0.268544	  0.245430	  0.189239	  0.296787	

URL http://cisbp.ccbr.utoronto.ca/TFreport.php?versionNumber=1.02&searchTF=T002706_1.02

MOTIF M0018_1.02 (e_gw1.5.258.1)_(Arabidopsis_thaliana)_(DBD_0.73)

letter-probability matrix: alength= 4 w= 10 nsites= 1 E= 0
  0.188766	  0.239969	  0.391705	  0.179560	
  0.100217	  0.435867	  0.346311	  0.117606	
  0.222731	  0.605446	  0.117444	  0.054378	
  0.014535	  0.000604	  0.912866	  0.071994	
  0.000191	  0.997296	  0.002004	  0.000509	
  0.042405	  0.950755	  0.003659	  0.003181	
  0.036094	  0.027553	  0.903365	  0.032987	
  0.170746	  0.518106	  0.100502	  0.210646	
  0.235827	  0.660568	  0.036712	  0.066893	
  0.477760	  0.132835	  0.239633	  0.149771	

URL http://cisbp.ccbr.utoronto.ca/TFreport.php?versionNumber=1.02&searchTF=T002713_1.02

MOTIF M0021_1.02 (gw1.160.53.1)_(Arabidopsis_thaliana)_(DBD_0.73)

letter-probability matrix: alength= 4 w= 8 nsites= 1 E= 0
  0.253340	  0.238587	  0.213734	  0.294339	
  0.238515	  0.217986	  0.263600	  0.279900	
  0.216235	  0.071978	  0.581939	  0.129848	
  0.114251	  0.501900	  0.244301	  0.139547	
  0.009576	  0.664640	  0.002269	  0.323515	
  0.203540	  0.004463	  0.777326	  0.014671	
  0.148179	  0.326497	  0.281018	  0.244306	
  0.239004	  0.346014	  0.225085	  0.189897	

URL http://cisbp.ccbr.utoronto.ca/TFreport.php?versionNumber=1.02&searchTF=T003371_1.02

MOTIF M0022_1.02 (fgenesh1_pg.scaffold_23000002)_(Arabidopsis_thaliana)_(DBD_0.75)

letter-probability matrix: alength= 4 w= 8 nsites= 1 E= 0
  0.168576	  0.516734	  0.224730	  0.089960	
  0.064801	  0.726482	  0.115147	  0.093570	
  0.023863	  0.017912	  0.952214	  0.006010	
  0.011961	  0.898655	  0.083373	  0.006010	
  0.011961	  0.976018	  0.011961	  0.000060	
  0.006010	  0.006010	  0.987920	  0.000060	
  0.056298	  0.662397	  0.131280	  0.150025	
  0.123116	  0.799831	  0.038527	  0.038527	

URL http://cisbp.ccbr.utoronto.ca/TFreport.php?versionNumber=1.02&searchTF=T002822_1.02

MOTIF M0024_1.02 (e_gw1.60.113.1)_(Arabidopsis_thaliana)_(DBD_0.75)

letter-probability matrix: alength= 4 w= 8 nsites= 1 E= 0
  0.214652	  0.317037	  0.270161	  0.198149	
  0.248334	  0.355944	  0.222466	  0.173257	
  0.095579	  0.062800	  0.804285	  0.037336	
  0.025640	  0.745566	  0.166358	  0.062436	
  0.150752	  0.769418	  0.010031	  0.069800	
  0.192118	  0.038788	  0.756053	  0.013041	
  0.189788	  0.448499	  0.170018	  0.191695	
  0.124990	  0.677381	  0.099309	  0.098321	

URL http://cisbp.ccbr.utoronto.ca/TFreport.php?versionNumber=1.02&searchTF=T002715_1.02

MOTIF M0025_1.02 (e_gw1.53.114.1)_(Arabidopsis_thaliana)_(DBD_0.74)

letter-probability matrix: alength= 4 w= 10 nsites= 1 E= 0
  0.176001	  0.377860	  0.270139	  0.176001	
  0.303125	  0.503085	  0.096895	  0.096895	
  0.000149	  0.000149	  0.999553	  0.000149	
  0.000149	  0.999553	  0.000149	  0.000149	
  0.000149	  0.999553	  0.000149	  0.000149	
  0.000149	  0.000149	  0.999553	  0.000149	
  0.000149	  0.999553	  0.000149	  0.000149	
  0.000149	  0.999553	  0.000149	  0.000149	
  0.359358	  0.074148	  0.492346	  0.074148	
  0.153254	  0.255523	  0.240734	  0.350489	

URL http://cisbp.ccbr.utoronto.ca/TFreport.php?versionNumber=1.02&searchTF=T002714_1.02

MOTIF M0027_1.02 (e_gw1.357.22.1)_(Arabidopsis_thaliana)_(DBD_0.75)

letter-probability matrix: alength= 4 w= 10 nsites= 1 E= 0
  0.290626	  0.352131	  0.178621	  0.178621	
  0.078136	  0.220663	  0.166107	  0.535094	
  0.000094	  0.000094	  0.999717	  0.000094	
  0.000094	  0.999717	  0.000094	  0.000094	
  0.000094	  0.999717	  0.000094	  0.000094	
  0.000094	  0.000094	  0.999717	  0.000094	
  0.000094	  0.088065	  0.911747	  0.000094	
  0.000094	  0.999717	  0.000094	  0.000094	
  0.158671	  0.156081	  0.530319	  0.154929	
  0.171958	  0.277698	  0.256566	  0.293777	

URL http://cisbp.ccbr.utoronto.ca/TFreport.php?versionNumber=1.02&searchTF=T002708_1.02

MOTIF M0029_1.02 (gw1.259.19.1)_(Arabidopsis_thaliana)_(DBD_0.75)

letter-probability matrix: alength= 4 w= 8 nsites= 1 E= 0
  0.043837	  0.477865	  0.347656	  0.130642	
  0.108261	  0.783207	  0.081263	  0.027268	
  0.000227	  0.000227	  0.999319	  0.000227	
  0.000227	  0.976612	  0.022934	  0.000227	
  0.000227	  0.999319	  0.000227	  0.000227	
  0.000227	  0.000227	  0.999319	  0.000227	
  0.022934	  0.931199	  0.000227	  0.045640	
  0.117803	  0.734724	  0.059048	  0.088425	

URL http://cisbp.ccbr.utoronto.ca/TFreport.php?versionNumber=1.02&searchTF=T003389_1.02

MOTIF M0032_1.02 (e_gw1.41.124.1)_(Arabidopsis_thaliana)_(DBD_0.73)

letter-probability matrix: alength= 4 w= 10 nsites= 1 E= 0
  0.589936	  0.117921	  0.126471	  0.165673	
  0.139388	  0.158739	  0.136628	  0.565246	
  0.001849	  0.000475	  0.997060	  0.000616	
  0.010492	  0.013744	  0.002561	  0.973203	
  0.004799	  0.990610	  0.003929	  0.000663	
  0.000064	  0.000000	  0.993755	  0.006181	
  0.048168	  0.000421	  0.948331	  0.003079	
  0.016168	  0.504223	  0.018784	  0.460825	
  0.340823	  0.240174	  0.279042	  0.139961	
  0.321544	  0.205025	  0.321544	  0.151887	

URL http://cisbp.ccbr.utoronto.ca/TFreport.php?versionNumber=1.02&searchTF=T002710_1.02

MOTIF M0034_1.02 (gw1.14.214.1)_(Arabidopsis_thaliana)_(DBD_0.71)

letter-probability matrix: alength= 4 w= 8 nsites= 1 E= 0
  0.000767	  0.077454	  0.000767	  0.921012	
  0.000623	  0.000623	  0.998130	  0.000623	
  0.000623	  0.000623	  0.000623	  0.998130	
  0.000623	  0.998130	  0.000623	  0.000623	
  0.000623	  0.000623	  0.998130	  0.000623	
  0.000623	  0.000623	  0.998130	  0.000623	
  0.000623	  0.250000	  0.000623	  0.748753	
  0.200199	  0.100598	  0.598606	  0.100598	

URL http://cisbp.ccbr.utoronto.ca/TFreport.php?versionNumber=1.02&searchTF=T003366_1.02

MOTIF M0037_1.02 (e_gw1.19.142.1)_(Arabidopsis_thaliana)_(DBD_0.76)

letter-probability matrix: alength= 4 w= 10 nsites= 1 E= 0
  0.193276	  0.300101	  0.279812	  0.226811	
  0.289447	  0.467767	  0.166996	  0.075790	
  0.033966	  0.013268	  0.939499	  0.013268	
  0.032073	  0.905066	  0.035802	  0.027059	
  0.097055	  0.850038	  0.020600	  0.032307	
  0.042649	  0.010412	  0.927966	  0.018973	
  0.129323	  0.591296	  0.130623	  0.148757	
  0.034651	  0.902636	  0.024418	  0.038295	
  0.383810	  0.175941	  0.239882	  0.200367	
  0.232502	  0.254398	  0.223385	  0.289715	

URL http://cisbp.ccbr.utoronto.ca/TFreport.php?versionNumber=1.02&searchTF=T002683_1.02

MOTIF M0038_1.02 (e_gw1.265.11.1)_(Arabidopsis_thaliana)_(DBD_0.74)

letter-probability matrix: alength= 4 w= 10 nsites= 1 E= 0
  0.255196	  0.255196	  0.213158	  0.276450	
  0.231180	  0.274019	  0.265921	  0.228880	
  0.289755	  0.320229	  0.237231	  0.152786	
  0.132149	  0.080152	  0.723375	  0.064324	
  0.094393	  0.690536	  0.140818	  0.074252	
  0.172828	  0.700853	  0.042195	  0.084124	
  0.159515	  0.023858	  0.774438	  0.042188	
  0.177694	  0.464083	  0.145484	  0.212739	
  0.121072	  0.682924	  0.089692	  0.106313	
  0.342519	  0.222812	  0.220595	  0.214075	

URL http://cisbp.ccbr.utoronto.ca/TFreport.php?versionNumber=1.02&searchTF=T002695_1.02

MOTIF M0039_1.02 (gw1.105.71.1)_(Arabidopsis_thaliana)_(DBD_0.74)

letter-probability matrix: alength= 4 w= 10 nsites= 1 E= 0
  0.273481	  0.273481	  0.200584	  0.252455	
  0.230650	  0.273390	  0.265310	  0.230650	
  0.278187	  0.368077	  0.188348	  0.165388	
  0.144544	  0.058183	  0.745151	  0.052122	
  0.115569	  0.613920	  0.175891	  0.094620	
  0.185945	  0.668777	  0.071913	  0.073365	
  0.213466	  0.119519	  0.586093	  0.080921	
  0.197200	  0.352207	  0.207311	  0.243282	
  0.166531	  0.604972	  0.105128	  0.123369	
  0.320417	  0.292839	  0.174099	  0.212645	

URL http://cisbp.ccbr.utoronto.ca/TFreport.php?versionNumber=1.02&searchTF=T003349_1.02

MOTIF M0041_1.02 (gw1.136.88.1)_(Arabidopsis_thaliana)_(DBD_0.73)

letter-probability matrix: alength= 4 w= 9 nsites= 1 E= 0
  0.188092	  0.313227	  0.300946	  0.197735	
  0.224791	  0.480665	  0.156831	  0.137713	
  0.054663	  0.000056	  0.945006	  0.000276	
  0.021870	  0.884583	  0.047709	  0.045838	
  0.092559	  0.771118	  0.062044	  0.074280	
  0.173467	  0.097124	  0.617690	  0.111719	
  0.195604	  0.422459	  0.140624	  0.241312	
  0.219415	  0.464502	  0.125332	  0.190750	
  0.342200	  0.236369	  0.213876	  0.207555	

URL http://cisbp.ccbr.utoronto.ca/TFreport.php?versionNumber=1.02&searchTF=T003363_1.02

MOTIF M0044_1.02 (gw1.289.18.1)_(Oryza_sativa)_(DBD_0.70)

letter-probability matrix: alength= 4 w= 10 nsites= 1 E= 0
  0.228636	  0.247679	  0.252682	  0.271003	
  0.193820	  0.322766	  0.251370	  0.232044	
  0.226292	  0.344408	  0.240285	  0.189015	
  0.170262	  0.000111	  0.794205	  0.035422	
  0.020175	  0.635517	  0.309340	  0.034968	
  0.000005	  0.998696	  0.000681	  0.000617	
  0.000006	  0.000009	  0.999893	  0.000091	
  0.208791	  0.488498	  0.000437	  0.302274	
  0.304406	  0.320013	  0.158914	  0.216667	
  0.353046	  0.189919	  0.229660	  0.227375	

URL http://cisbp.ccbr.utoronto.ca/TFreport.php?versionNumber=1.02&searchTF=T003397_1.02

MOTIF M0072_1.02 estExt_fgenesh1_pg.C_4800009

letter-probability matrix: alength= 4 w= 8 nsites= 1 E= 0
  0.071937	  0.000712	  0.285613	  0.641738	
  0.000499	  0.000499	  0.998503	  0.000499	
  0.050399	  0.000499	  0.000499	  0.948603	
  0.000499	  0.998503	  0.000499	  0.000499	
  0.000499	  0.000499	  0.998503	  0.000499	
  0.000499	  0.000499	  0.998503	  0.000499	
  0.000499	  0.150200	  0.000499	  0.848802	
  0.083887	  0.000831	  0.665282	  0.250000	

URL http://cisbp.ccbr.utoronto.ca/TFreport.php?versionNumber=1.02&searchTF=T002771_1.02

MOTIF M0073_1.02 estExt_gwp_gw1.C_550163

letter-probability matrix: alength= 4 w= 10 nsites= 1 E= 0
  0.292152	  0.179801	  0.179801	  0.348247	
  0.143827	  0.079140	  0.288488	  0.488545	
  0.000084	  0.000084	  0.999749	  0.000084	
  0.000084	  0.000084	  0.000084	  0.999749	
  0.000084	  0.999749	  0.000084	  0.000084	
  0.000084	  0.000084	  0.999749	  0.000084	
  0.000084	  0.000084	  0.999749	  0.000084	
  0.000084	  0.076152	  0.000084	  0.923681	
  0.070283	  0.070283	  0.789151	  0.070283	
  0.292063	  0.246484	  0.290510	  0.170944	

URL http://cisbp.ccbr.utoronto.ca/TFreport.php?versionNumber=1.02&searchTF=T002795_1.02

MOTIF M0074_1.02 fgenesh1_pg.scaffold_1000495

letter-probability matrix: alength= 4 w= 13 nsites= 1 E= 0
  0.264443	  0.272554	  0.179707	  0.283296	
  0.040952	  0.040952	  0.040952	  0.877144	
  0.019812	  0.019812	  0.853283	  0.107092	
  0.107092	  0.019812	  0.125391	  0.747705	
  0.019812	  0.940563	  0.019812	  0.019812	
  0.000094	  0.087374	  0.912438	  0.000094	
  0.087374	  0.000094	  0.912438	  0.000094	
  0.000094	  0.000094	  0.000094	  0.999717	
  0.608276	  0.070388	  0.157558	  0.163778	
  0.288015	  0.209142	  0.209142	  0.293700	
  0.309155	  0.230282	  0.230282	  0.230282	
  0.309155	  0.230282	  0.230282	  0.230282	
  0.309155	  0.230282	  0.230282	  0.230282	

URL http://cisbp.ccbr.utoronto.ca/TFreport.php?versionNumber=1.02&searchTF=T002818_1.02

MOTIF M0075_1.02 gw1.8.141.1

letter-probability matrix: alength= 4 w= 8 nsites= 1 E= 0
  0.071937	  0.071937	  0.285613	  0.570513	
  0.000434	  0.000434	  0.998698	  0.000434	
  0.000434	  0.000434	  0.000434	  0.998698	
  0.000434	  0.998698	  0.000434	  0.000434	
  0.000434	  0.000434	  0.998698	  0.000434	
  0.000434	  0.000434	  0.998698	  0.000434	
  0.000434	  0.217448	  0.000434	  0.781684	
  0.117958	  0.000587	  0.704812	  0.176643	

URL http://cisbp.ccbr.utoronto.ca/TFreport.php?versionNumber=1.02&searchTF=T003431_1.02

MOTIF M0076_1.02 (e_gw1.21.268.1)_(Ostreococcus_tauri)_(DBD_0.75)

letter-probability matrix: alength= 4 w= 8 nsites= 1 E= 0
  0.184280	  0.604890	  0.131703	  0.079127	
  0.000196	  0.000196	  0.999412	  0.000196	
  0.000196	  0.921042	  0.078566	  0.000196	
  0.000196	  0.979820	  0.019788	  0.000196	
  0.000196	  0.000196	  0.999412	  0.000196	
  0.019788	  0.705525	  0.215713	  0.058973	
  0.000204	  0.999388	  0.000204	  0.000204	
  0.580219	  0.032539	  0.322487	  0.064755	

URL http://cisbp.ccbr.utoronto.ca/TFreport.php?versionNumber=1.02&searchTF=T002687_1.02

MOTIF M0081_1.02 (e_gw1.63.77.1)_(Arabidopsis_thaliana)_(DBD_0.70)

letter-probability matrix: alength= 4 w= 8 nsites= 1 E= 0
  0.427557	  0.001420	  0.569602	  0.001420	
  0.001106	  0.996681	  0.001106	  0.001106	
  0.996681	  0.001106	  0.001106	  0.001106	
  0.996681	  0.001106	  0.001106	  0.001106	
  0.001106	  0.996681	  0.001106	  0.001106	
  0.996681	  0.001106	  0.001106	  0.001106	
  0.001106	  0.001106	  0.332965	  0.664823	
  0.853693	  0.001420	  0.001420	  0.143466	

URL http://cisbp.ccbr.utoronto.ca/TFreport.php?versionNumber=1.02&searchTF=T004678_1.02

MOTIF M0119_1.02 (estExt_fgenesh1_pg.C_2230073)_(Arabidopsis_thaliana)_(DBD_0.77)

letter-probability matrix: alength= 4 w= 10 nsites= 1 E= 0
  0.248110	  0.152843	  0.248240	  0.350807	
  0.831954	  0.024260	  0.024260	  0.119527	
  0.292968	  0.000230	  0.000230	  0.706571	
  0.701933	  0.000230	  0.000230	  0.297606	
  0.000230	  0.000230	  0.000230	  0.999309	
  0.802506	  0.000230	  0.000230	  0.197033	
  0.686996	  0.000230	  0.000230	  0.312544	
  0.297562	  0.000230	  0.000230	  0.701978	
  0.213125	  0.097387	  0.097387	  0.592100	
  0.322088	  0.225971	  0.225971	  0.225971	

URL http://cisbp.ccbr.utoronto.ca/TFreport.php?versionNumber=1.02&searchTF=T008801_1.02

MOTIF M0147_1.02 (e_gw1.119.103.1)_(Arabidopsis_thaliana)_(DBD_0.79)

letter-probability matrix: alength= 4 w= 9 nsites= 1 E= 0
  0.270286	  0.232638	  0.204278	  0.292798	
  0.224984	  0.258793	  0.106275	  0.409948	
  0.004011	  0.000000	  0.089936	  0.906053	
  0.038180	  0.001408	  0.899931	  0.060480	
  0.000090	  0.012865	  0.000229	  0.986816	
  0.053557	  0.863282	  0.001650	  0.081511	
  0.061072	  0.027441	  0.797958	  0.113529	
  0.121391	  0.138244	  0.651331	  0.089034	
  0.227842	  0.336519	  0.216730	  0.218909	

URL http://cisbp.ccbr.utoronto.ca/TFreport.php?versionNumber=1.02&searchTF=T010066_1.02

MOTIF M0150_1.02 (e_gw1.167.42.1)_(Arabidopsis_thaliana)_(DBD_0.62)

letter-probability matrix: alength= 4 w= 8 nsites= 1 E= 0
  0.055987	  0.277716	  0.444013	  0.222284	
  0.000416	  0.998752	  0.000416	  0.000416	
  0.998752	  0.000416	  0.000416	  0.000416	
  0.000416	  0.998752	  0.000416	  0.000416	
  0.000416	  0.000416	  0.998752	  0.000416	
  0.000416	  0.000416	  0.000416	  0.998752	
  0.000416	  0.000416	  0.998752	  0.000416	
  0.133644	  0.067154	  0.266622	  0.532580	

URL http://cisbp.ccbr.utoronto.ca/TFreport.php?versionNumber=1.02&searchTF=T019006_1.02

MOTIF M0152_1.02 (e_gw1.11.52.1)_(Arabidopsis_thaliana)_(DBD_0.88)

letter-probability matrix: alength= 4 w= 10 nsites= 1 E= 0
  0.266536	  0.276659	  0.209724	  0.247081	
  0.259609	  0.198312	  0.365220	  0.176859	
  0.115829	  0.853161	  0.003499	  0.027512	
  0.853318	  0.012182	  0.073662	  0.060837	
  0.013981	  0.855506	  0.000019	  0.130494	
  0.130494	  0.000019	  0.855506	  0.013981	
  0.060837	  0.073662	  0.012182	  0.853318	
  0.027512	  0.003499	  0.853161	  0.115829	
  0.176859	  0.365220	  0.198312	  0.259609	
  0.247081	  0.209724	  0.276659	  0.266536	

URL http://cisbp.ccbr.utoronto.ca/TFreport.php?versionNumber=1.02&searchTF=T018997_1.02

MOTIF M0156_1.02 (estExt_fgenesh1_pg.C_680048)_(Arabidopsis_thaliana)_(DBD_0.80)

letter-probability matrix: alength= 4 w= 10 nsites= 1 E= 0
  0.287752	  0.219802	  0.295644	  0.196803	
  0.143693	  0.275383	  0.279230	  0.301693	
  0.020717	  0.940292	  0.014443	  0.024547	
  0.956610	  0.000000	  0.026694	  0.016696	
  0.001633	  0.907850	  0.000000	  0.090517	
  0.090517	  0.000000	  0.907850	  0.001633	
  0.016696	  0.026694	  0.000000	  0.956610	
  0.024547	  0.014443	  0.940292	  0.020717	
  0.301693	  0.279230	  0.275383	  0.143693	
  0.196803	  0.295644	  0.219802	  0.287752	

URL http://cisbp.ccbr.utoronto.ca/TFreport.php?versionNumber=1.02&searchTF=T019203_1.02

MOTIF M0158_1.02 (e_gw1.84.236.1)_(Arabidopsis_thaliana)_(DBD_0.72)

letter-probability matrix: alength= 4 w= 8 nsites= 1 E= 0
  0.214387	  0.499288	  0.071937	  0.214387	
  0.000454	  0.998639	  0.000454	  0.000454	
  0.998639	  0.000454	  0.000454	  0.000454	
  0.000454	  0.998639	  0.000454	  0.000454	
  0.000454	  0.000454	  0.998639	  0.000454	
  0.000454	  0.000454	  0.000454	  0.998639	
  0.000454	  0.000454	  0.998639	  0.000454	
  0.266622	  0.532580	  0.067154	  0.133644	

URL http://cisbp.ccbr.utoronto.ca/TFreport.php?versionNumber=1.02&searchTF=T019066_1.02

MOTIF M0161_1.02 (e_gw1.173.38.1)_(Arabidopsis_thaliana)_(DBD_0.62)

letter-probability matrix: alength= 4 w= 10 nsites= 1 E= 0
  0.256076	  0.252535	  0.236256	  0.255133	
  0.211226	  0.228847	  0.342028	  0.217899	
  0.136199	  0.721794	  0.037680	  0.104327	
  0.892927	  0.000000	  0.033174	  0.073899	
  0.022634	  0.820225	  0.000000	  0.157141	
  0.157141	  0.000000	  0.820225	  0.022634	
  0.073899	  0.033174	  0.000000	  0.892927	
  0.104327	  0.037680	  0.721794	  0.136199	
  0.217899	  0.342028	  0.228847	  0.211226	
  0.255133	  0.236256	  0.252535	  0.256076	

URL http://cisbp.ccbr.utoronto.ca/TFreport.php?versionNumber=1.02&searchTF=T019011_1.02

MOTIF M0165_1.02 (e_gw1.31.270.1)_(Arabidopsis_thaliana)_(DBD_0.61)

letter-probability matrix: alength= 4 w= 10 nsites= 1 E= 0
  0.192233	  0.631886	  0.054528	  0.121354	
  0.580228	  0.073217	  0.124390	  0.222165	
  0.037505	  0.661484	  0.078609	  0.222402	
  0.182665	  0.001059	  0.733374	  0.082902	
  0.008954	  0.116996	  0.000871	  0.873178	
  0.089854	  0.002741	  0.726462	  0.180944	
  0.171805	  0.342530	  0.253753	  0.231912	
  0.229870	  0.246538	  0.264414	  0.259178	
  0.250556	  0.213510	  0.235965	  0.299970	
  0.302526	  0.226369	  0.202789	  0.268316	

URL http://cisbp.ccbr.utoronto.ca/TFreport.php?versionNumber=1.02&searchTF=T019031_1.02

MOTIF M0166_1.02 (fgenesh1_pg.scaffold_334000006)_(Arabidopsis_thaliana)_(DBD_0.60)

letter-probability matrix: alength= 4 w= 8 nsites= 1 E= 0
  0.009615	  0.009615	  0.971154	  0.009615	
  0.009615	  0.971154	  0.009615	  0.009615	
  0.971154	  0.009615	  0.009615	  0.009615	
  0.009615	  0.971154	  0.009615	  0.009615	
  0.009615	  0.009615	  0.971154	  0.009615	
  0.009615	  0.009615	  0.009615	  0.971154	
  0.009615	  0.009615	  0.971154	  0.009615	
  0.009615	  0.971154	  0.009615	  0.009615	

URL http://cisbp.ccbr.utoronto.ca/TFreport.php?versionNumber=1.02&searchTF=T019535_1.02

MOTIF M0167_1.02 (e_gw1.229.33.1)_(Arabidopsis_thaliana)_(DBD_0.77)

letter-probability matrix: alength= 4 w= 10 nsites= 1 E= 0
  0.253826	  0.204611	  0.300345	  0.241217	
  0.269239	  0.227841	  0.333994	  0.168926	
  0.129932	  0.796278	  0.018776	  0.055015	
  0.681995	  0.084955	  0.120074	  0.112976	
  0.002241	  0.864955	  0.000000	  0.132804	
  0.132804	  0.000000	  0.864955	  0.002241	
  0.112976	  0.120074	  0.084955	  0.681995	
  0.055015	  0.018776	  0.796278	  0.129932	
  0.168926	  0.333994	  0.227841	  0.269239	
  0.241217	  0.300345	  0.204611	  0.253826	

URL http://cisbp.ccbr.utoronto.ca/TFreport.php?versionNumber=1.02&searchTF=T019019_1.02

MOTIF M0229_1.02 (e_gw1.272.41.1)_(Oryza_sativa)_(DBD_0.76)

letter-probability matrix: alength= 4 w= 9 nsites= 1 E= 0
  0.221115	  0.250179	  0.306228	  0.222477	
  0.000142	  0.999574	  0.000142	  0.000142	
  0.177014	  0.822701	  0.000142	  0.000142	
  0.999574	  0.000142	  0.000142	  0.000142	
  0.000142	  0.999574	  0.000142	  0.000142	
  0.000142	  0.000142	  0.000142	  0.999574	
  0.000142	  0.000142	  0.000142	  0.999574	
  0.000142	  0.000142	  0.999574	  0.000142	
  0.217847	  0.343012	  0.216602	  0.222539	

URL http://cisbp.ccbr.utoronto.ca/TFreport.php?versionNumber=1.02&searchTF=T019025_1.02

MOTIF M0250_1.02 e_gw1.209.40.1

letter-probability matrix: alength= 4 w= 10 nsites= 1 E= 0
  0.249633	  0.272331	  0.222488	  0.255548	
  0.207994	  0.230574	  0.392066	  0.169365	
  0.105898	  0.844263	  0.012262	  0.037577	
  0.923118	  0.000000	  0.010419	  0.066463	
  0.021853	  0.939508	  0.000000	  0.038640	
  0.038640	  0.000000	  0.939508	  0.021853	
  0.066463	  0.010419	  0.000000	  0.923118	
  0.037577	  0.012262	  0.844263	  0.105898	
  0.169365	  0.392066	  0.230574	  0.207994	
  0.255548	  0.222488	  0.272331	  0.249633	

URL http://cisbp.ccbr.utoronto.ca/TFreport.php?versionNumber=1.02&searchTF=T019016_1.02

MOTIF M0251_1.02 fgenesh1_pg.scaffold_37000071

letter-probability matrix: alength= 4 w= 10 nsites= 1 E= 0
  0.263722	  0.237561	  0.308283	  0.190434	
  0.209728	  0.180729	  0.272054	  0.337490	
  0.069367	  0.849324	  0.017055	  0.064254	
  0.806212	  0.000021	  0.106417	  0.087351	
  0.054587	  0.799530	  0.000012	  0.145870	
  0.145870	  0.000012	  0.799530	  0.054587	
  0.087351	  0.106417	  0.000021	  0.806212	
  0.064254	  0.017055	  0.849324	  0.069367	
  0.337490	  0.272054	  0.180729	  0.209728	
  0.190434	  0.308283	  0.237561	  0.263722	

URL http://cisbp.ccbr.utoronto.ca/TFreport.php?versionNumber=1.02&searchTF=T019537_1.02

MOTIF M0252_1.02 gw1.270.82.1

letter-probability matrix: alength= 4 w= 8 nsites= 1 E= 0
  0.154141	  0.460890	  0.154141	  0.230828	
  0.000525	  0.998424	  0.000525	  0.000525	
  0.998424	  0.000525	  0.000525	  0.000525	
  0.000525	  0.998424	  0.000525	  0.000525	
  0.053046	  0.000525	  0.945903	  0.000525	
  0.000525	  0.000525	  0.000525	  0.998424	
  0.000525	  0.000525	  0.998424	  0.000525	
  0.143162	  0.641738	  0.071937	  0.143162	

URL http://cisbp.ccbr.utoronto.ca/TFreport.php?versionNumber=1.02&searchTF=T020115_1.02

MOTIF M0255_1.02 (gw1.3.298.1)_(Arabidopsis_thaliana)_(DBD_0.61)

letter-probability matrix: alength= 4 w= 9 nsites= 1 E= 0
  0.251670	  0.336339	  0.122501	  0.289490	
  0.184008	  0.331949	  0.263745	  0.220298	
  0.621075	  0.130510	  0.137202	  0.111213	
  0.069957	  0.650592	  0.148099	  0.131352	
  0.115812	  0.162710	  0.633949	  0.087529	
  0.027593	  0.058415	  0.000223	  0.913769	
  0.032372	  0.000107	  0.950789	  0.016731	
  0.002449	  0.073371	  0.542141	  0.382040	
  0.288878	  0.476279	  0.133754	  0.101089	

URL http://cisbp.ccbr.utoronto.ca/TFreport.php?versionNumber=1.02&searchTF=T029825_1.02

MOTIF M0260_1.02 (estExt_gwp_gw1.C_5120003)_(Arabidopsis_thaliana)_(DBD_0.71)

letter-probability matrix: alength= 4 w= 10 nsites= 1 E= 0
  0.126879	  0.288079	  0.114805	  0.470236	
  0.092572	  0.000049	  0.719089	  0.188290	
  0.570751	  0.427072	  0.002175	  0.000002	
  0.007997	  0.971697	  0.000038	  0.020268	
  0.936294	  0.035943	  0.003428	  0.024335	
  0.213387	  0.009807	  0.767477	  0.009329	
  0.024153	  0.681583	  0.076281	  0.217983	
  0.014037	  0.079976	  0.033173	  0.872814	
  0.188407	  0.077370	  0.664215	  0.070008	
  0.087413	  0.060379	  0.387858	  0.464350	

URL http://cisbp.ccbr.utoronto.ca/TFreport.php?versionNumber=1.02&searchTF=T029197_1.02

MOTIF M0262_1.02 (e_gw1.71.145.1)_(Arabidopsis_thaliana)_(DBD_0.72)

letter-probability matrix: alength= 4 w= 10 nsites= 1 E= 0
  0.205178	  0.220055	  0.185652	  0.389115	
  0.161624	  0.024417	  0.536611	  0.277348	
  0.555577	  0.399418	  0.009488	  0.035517	
  0.061343	  0.793526	  0.005850	  0.139280	
  0.939627	  0.000001	  0.003802	  0.056570	
  0.236323	  0.071895	  0.581262	  0.110520	
  0.140427	  0.520449	  0.129631	  0.209493	
  0.174589	  0.202844	  0.113572	  0.508995	
  0.232235	  0.157237	  0.382891	  0.227637	
  0.220249	  0.125808	  0.331875	  0.322067	

URL http://cisbp.ccbr.utoronto.ca/TFreport.php?versionNumber=1.02&searchTF=T028737_1.02

MOTIF M0263_1.02 (e_gw1.25.198.1)_(Arabidopsis_thaliana)_(DBD_0.70)

letter-probability matrix: alength= 4 w= 10 nsites= 1 E= 0
  0.256096	  0.205522	  0.322323	  0.216059	
  0.346225	  0.182562	  0.300994	  0.170220	
  0.181073	  0.223386	  0.098386	  0.497155	
  0.119246	  0.192711	  0.508360	  0.179682	
  0.783113	  0.052629	  0.081718	  0.082539	
  0.008951	  0.805786	  0.007256	  0.178006	
  0.176911	  0.000520	  0.777163	  0.045406	
  0.135250	  0.190020	  0.031098	  0.643632	
  0.236571	  0.105240	  0.537134	  0.121055	
  0.152185	  0.144763	  0.393507	  0.309544	

URL http://cisbp.ccbr.utoronto.ca/TFreport.php?versionNumber=1.02&searchTF=T028705_1.02

MOTIF M0264_1.02 (gw1.27.125.1)_(Arabidopsis_thaliana)_(DBD_0.61)

letter-probability matrix: alength= 4 w= 10 nsites= 1 E= 0
  0.199909	  0.319853	  0.108621	  0.371617	
  0.102298	  0.269858	  0.329605	  0.298239	
  0.727684	  0.087345	  0.103531	  0.081440	
  0.042557	  0.652527	  0.169161	  0.135755	
  0.074387	  0.175789	  0.658053	  0.091770	
  0.047848	  0.043294	  0.012782	  0.896076	
  0.072855	  0.000402	  0.887552	  0.039192	
  0.001078	  0.059454	  0.541965	  0.397503	
  0.330076	  0.407207	  0.142497	  0.120220	
  0.325537	  0.283008	  0.185949	  0.205506	

URL http://cisbp.ccbr.utoronto.ca/TFreport.php?versionNumber=1.02&searchTF=T029818_1.02

MOTIF M0271_1.02 (fgenesh1_pg.scaffold_30000177)_(Arabidopsis_thaliana)_(DBD_0.70)

letter-probability matrix: alength= 4 w= 10 nsites= 1 E= 0
  0.158078	  0.093981	  0.615903	  0.132038	
  0.267449	  0.487323	  0.179276	  0.065952	
  0.053459	  0.002136	  0.001551	  0.942854	
  0.121965	  0.000603	  0.641454	  0.235978	
  0.952439	  0.005202	  0.025765	  0.016594	
  0.085419	  0.851984	  0.006473	  0.056124	
  0.179266	  0.007163	  0.795418	  0.018154	
  0.132201	  0.125754	  0.074019	  0.668025	
  0.358839	  0.324691	  0.181794	  0.134676	
  0.413771	  0.080263	  0.359716	  0.146249	

URL http://cisbp.ccbr.utoronto.ca/TFreport.php?versionNumber=1.02&searchTF=T029362_1.02

MOTIF M0273_1.02 (e_gw1.258.57.1)_(Arabidopsis_thaliana)_(DBD_0.75)

letter-probability matrix: alength= 4 w= 10 nsites= 1 E= 0
  0.208878	  0.213098	  0.358436	  0.219588	
  0.322167	  0.297397	  0.322167	  0.058269	
  0.029823	  0.022540	  0.017554	  0.930084	
  0.040252	  0.052204	  0.753821	  0.153723	
  0.902919	  0.003339	  0.023942	  0.069800	
  0.018592	  0.751999	  0.018224	  0.211185	
  0.128802	  0.097346	  0.698039	  0.075813	
  0.166144	  0.181790	  0.105938	  0.546128	
  0.288506	  0.345405	  0.183960	  0.182129	
  0.377030	  0.183520	  0.217528	  0.221922	

URL http://cisbp.ccbr.utoronto.ca/TFreport.php?versionNumber=1.02&searchTF=T028706_1.02

MOTIF M0359_1.02 (estExt_fgenesh1_pg.C_2060068)_(PBM_CONSTRUCTS)_(DBD_0.64)

letter-probability matrix: alength= 4 w= 12 nsites= 1 E= 0
  0.225796	  0.225796	  0.322612	  0.225796	
  0.278231	  0.305134	  0.208318	  0.208318	
  0.192260	  0.202200	  0.090785	  0.514756	
  0.046572	  0.360880	  0.470543	  0.122005	
  0.999801	  0.000066	  0.000066	  0.000066	
  0.000066	  0.999801	  0.000066	  0.000066	
  0.000066	  0.000066	  0.999801	  0.000066	
  0.000066	  0.000066	  0.000066	  0.999801	
  0.024270	  0.024270	  0.927189	  0.024270	
  0.041749	  0.041749	  0.529962	  0.386541	
  0.159282	  0.522155	  0.159282	  0.159282	
  0.389517	  0.203494	  0.203494	  0.203494	

URL http://cisbp.ccbr.utoronto.ca/TFreport.php?versionNumber=1.02&searchTF=T028845_1.02

MOTIF M0369_1.02 (e_gw1.34.233.1)_(Arabidopsis_thaliana)_(DBD_0.83)

letter-probability matrix: alength= 4 w= 8 nsites= 1 E= 0
  0.251702	  0.239427	  0.244263	  0.264607	
  0.209665	  0.243596	  0.266537	  0.280202	
  0.228057	  0.254575	  0.247051	  0.270317	
  0.256326	  0.175292	  0.306878	  0.261504	
  0.755066	  0.049740	  0.088837	  0.106357	
  0.654756	  0.000400	  0.064992	  0.279852	
  0.054136	  0.534588	  0.400013	  0.011263	
  0.189788	  0.216136	  0.067756	  0.526320	

URL http://cisbp.ccbr.utoronto.ca/TFreport.php?versionNumber=1.02&searchTF=T062708_1.02

MOTIF M0372_1.02 (e_gw1.33.154.1)_(Arabidopsis_thaliana)_(DBD_0.74)

letter-probability matrix: alength= 4 w= 7 nsites= 1 E= 0
  0.210647	  0.232801	  0.314249	  0.242302	
  0.782719	  0.001250	  0.097785	  0.118247	
  0.002555	  0.402685	  0.588841	  0.005919	
  0.073262	  0.068995	  0.000226	  0.857516	
  0.214628	  0.048857	  0.644779	  0.091735	
  0.297532	  0.127170	  0.222632	  0.352666	
  0.284810	  0.226291	  0.273643	  0.215255	

URL http://cisbp.ccbr.utoronto.ca/TFreport.php?versionNumber=1.02&searchTF=T062697_1.02

MOTIF M0376_1.02 (e_gw1.1.457.1)_(Arabidopsis_thaliana)_(DBD_0.91)

letter-probability matrix: alength= 4 w= 7 nsites= 1 E= 0
  0.255546	  0.243083	  0.260708	  0.240664	
  0.685538	  0.021982	  0.002387	  0.290094	
  0.095913	  0.344963	  0.557486	  0.001638	
  0.051208	  0.129788	  0.025943	  0.793061	
  0.212534	  0.149770	  0.307693	  0.330003	
  0.315258	  0.173017	  0.268645	  0.243080	
  0.257050	  0.251960	  0.192341	  0.298649	

URL http://cisbp.ccbr.utoronto.ca/TFreport.php?versionNumber=1.02&searchTF=T062516_1.02

MOTIF M0581_1.02 (gw1.188.72.1)_(Arabidopsis_thaliana)_(DBD_0.71)

letter-probability matrix: alength= 4 w= 9 nsites= 1 E= 0
  0.233335	  0.540490	  0.183548	  0.042627	
  0.014027	  0.973575	  0.004623	  0.007775	
  0.031771	  0.000316	  0.961562	  0.006351	
  0.067917	  0.664004	  0.000801	  0.267278	
  0.036965	  0.000042	  0.962933	  0.000060	
  0.001331	  0.000807	  0.000005	  0.997857	
  0.230792	  0.273558	  0.210928	  0.284722	
  0.290166	  0.247263	  0.249749	  0.212822	
  0.240724	  0.258179	  0.250548	  0.250548	

URL http://cisbp.ccbr.utoronto.ca/TFreport.php?versionNumber=1.02&searchTF=T071734_1.02

MOTIF M0591_1.02 (e_gw1.9.62.1)_(Arabidopsis_thaliana)_(DBD_0.90)

letter-probability matrix: alength= 4 w= 10 nsites= 1 E= 0
  0.315734	  0.228089	  0.228089	  0.228089	
  0.593945	  0.024842	  0.251034	  0.130179	
  0.000097	  0.000097	  0.000097	  0.999710	
  0.000097	  0.000097	  0.000097	  0.999710	
  0.000097	  0.094208	  0.000097	  0.905598	
  0.224274	  0.000097	  0.775533	  0.000097	
  0.999710	  0.000097	  0.000097	  0.000097	
  0.999710	  0.000097	  0.000097	  0.000097	
  0.115357	  0.225389	  0.022008	  0.637246	
  0.225255	  0.225255	  0.225255	  0.324236	

URL http://cisbp.ccbr.utoronto.ca/TFreport.php?versionNumber=1.02&searchTF=T074069_1.02

MOTIF M0658_1.02 e_gw1.149.93.1

letter-probability matrix: alength= 4 w= 8 nsites= 1 E= 0
  0.255367	  0.257933	  0.257933	  0.228766	
  0.326829	  0.204269	  0.252002	  0.216900	
  0.399794	  0.138511	  0.162544	  0.299151	
  0.648635	  0.132273	  0.078639	  0.140453	
  0.701076	  0.101760	  0.054197	  0.142967	
  0.568715	  0.250480	  0.000729	  0.180076	
  0.082046	  0.083703	  0.755422	  0.078829	
  0.170172	  0.264227	  0.222919	  0.342683	

URL http://cisbp.ccbr.utoronto.ca/TFreport.php?versionNumber=1.02&searchTF=T075856_1.02

MOTIF M0659_1.02 e_gw1.170.52.1

letter-probability matrix: alength= 4 w= 10 nsites= 1 E= 0
  0.243003	  0.265887	  0.252920	  0.238191	
  0.302487	  0.215301	  0.260353	  0.221858	
  0.395653	  0.111112	  0.172524	  0.320710	
  0.887690	  0.042889	  0.009763	  0.059658	
  0.892004	  0.046223	  0.000615	  0.061159	
  0.715437	  0.204976	  0.028019	  0.051568	
  0.072397	  0.021806	  0.838966	  0.066831	
  0.181825	  0.258022	  0.228845	  0.331307	
  0.270858	  0.192789	  0.270858	  0.265495	
  0.280271	  0.218275	  0.271988	  0.229466	

URL http://cisbp.ccbr.utoronto.ca/TFreport.php?versionNumber=1.02&searchTF=T075858_1.02

MOTIF M0660_1.02 e_gw1.392.16.1

letter-probability matrix: alength= 4 w= 9 nsites= 1 E= 0
  0.253206	  0.263539	  0.260917	  0.222339	
  0.334354	  0.192906	  0.255239	  0.217501	
  0.482018	  0.070667	  0.117681	  0.329633	
  0.860516	  0.062025	  0.012904	  0.064556	
  0.925720	  0.035537	  0.000247	  0.038497	
  0.672013	  0.146977	  0.051950	  0.129060	
  0.070788	  0.026835	  0.897572	  0.004805	
  0.138921	  0.288273	  0.195177	  0.377628	
  0.284976	  0.157970	  0.296606	  0.260448	

URL http://cisbp.ccbr.utoronto.ca/TFreport.php?versionNumber=1.02&searchTF=T075859_1.02

MOTIF M0661_1.02 estExt_fgenesh1_pg.C_370003

letter-probability matrix: alength= 4 w= 10 nsites= 1 E= 0
  0.314440	  0.180822	  0.245015	  0.259723	
  0.180290	  0.441124	  0.159171	  0.219415	
  0.178426	  0.191722	  0.312533	  0.317319	
  0.238058	  0.134033	  0.166082	  0.461826	
  0.302887	  0.134654	  0.103779	  0.458679	
  0.458679	  0.103779	  0.134654	  0.302887	
  0.461826	  0.166082	  0.134033	  0.238058	
  0.317319	  0.312533	  0.191722	  0.178426	
  0.219415	  0.159171	  0.441124	  0.180290	
  0.259723	  0.245015	  0.180822	  0.314440	

URL http://cisbp.ccbr.utoronto.ca/TFreport.php?versionNumber=1.02&searchTF=T075863_1.02

MOTIF M0662_1.02 gw1.12.257.1

letter-probability matrix: alength= 4 w= 7 nsites= 1 E= 0
  0.254707	  0.257266	  0.259852	  0.228175	
  0.262722	  0.210839	  0.208742	  0.317697	
  0.511672	  0.184506	  0.146596	  0.157226	
  0.520263	  0.182060	  0.113788	  0.183889	
  0.352974	  0.390097	  0.051234	  0.205695	
  0.195538	  0.128477	  0.542264	  0.133721	
  0.209878	  0.251270	  0.231951	  0.306901	

URL http://cisbp.ccbr.utoronto.ca/TFreport.php?versionNumber=1.02&searchTF=T075978_1.02

MOTIF M0663_1.02 gw1.385.26.1

letter-probability matrix: alength= 4 w= 10 nsites= 1 E= 0
  0.251489	  0.264384	  0.256570	  0.227557	
  0.343000	  0.186369	  0.254101	  0.216530	
  0.462913	  0.085416	  0.128707	  0.322963	
  0.827742	  0.067945	  0.023777	  0.080536	
  0.855464	  0.062280	  0.000671	  0.081585	
  0.643522	  0.216363	  0.053891	  0.086225	
  0.060738	  0.027291	  0.859692	  0.052278	
  0.150433	  0.268679	  0.207165	  0.373723	
  0.259361	  0.173855	  0.307422	  0.259361	
  0.283434	  0.261643	  0.227461	  0.227461	

URL http://cisbp.ccbr.utoronto.ca/TFreport.php?versionNumber=1.02&searchTF=T075989_1.02

MOTIF M0677_1.02 e_gw1.38.2.1

letter-probability matrix: alength= 4 w= 10 nsites= 1 E= 0
  0.233790	  0.138993	  0.425993	  0.201225	
  0.151778	  0.438088	  0.392454	  0.017680	
  0.020553	  0.048571	  0.839679	  0.091197	
  0.006893	  0.992712	  0.000031	  0.000364	
  0.013922	  0.000083	  0.985791	  0.000205	
  0.013288	  0.979343	  0.002765	  0.004604	
  0.083385	  0.551953	  0.224407	  0.140255	
  0.409276	  0.238505	  0.118438	  0.233782	
  0.379447	  0.181039	  0.122574	  0.316940	
  0.306627	  0.222657	  0.201468	  0.269248	

URL http://cisbp.ccbr.utoronto.ca/TFreport.php?versionNumber=1.02&searchTF=T077093_1.02

MOTIF M0684_1.02 e_gw1.87.73.1

letter-probability matrix: alength= 4 w= 10 nsites= 1 E= 0
  0.281120	  0.246850	  0.239555	  0.232475	
  0.422281	  0.238811	  0.222666	  0.116242	
  0.145921	  0.193073	  0.086753	  0.574252	
  0.095688	  0.060406	  0.686144	  0.157762	
  0.323428	  0.223402	  0.073624	  0.379546	
