MEME version 4

ALPHABET= ACGT

strands: + -

Background letter frequencies (from uniform background):
A 0.25000 C 0.25000 G 0.25000 T 0.25000 

MOTIF M0046_1.02 (PBANKA_122810)_(Plasmodium_falciparum)_(DBD_0.94)

letter-probability matrix: alength= 4 w= 8 nsites= 1 E= 0
  0.000000	  0.125000	  0.000000	  0.875000	
  0.454545	  0.000000	  0.545455	  0.000000	
  0.000000	  1.000000	  0.000000	  0.000000	
  1.000000	  0.000000	  0.000000	  0.000000	
  0.000000	  1.000000	  0.000000	  0.000000	
  1.000000	  0.000000	  0.000000	  0.000000	
  0.000000	  1.000000	  0.000000	  0.000000	
  0.750000	  0.000000	  0.125000	  0.125000	

URL http://cisbp.ccbr.utoronto.ca/TFreport.php?versionNumber=1.02&searchTF=T001885_1.02

MOTIF M0047_1.02 (PBANKA_021440)_(Plasmodium_falciparum)_(DBD_0.91)

letter-probability matrix: alength= 4 w= 8 nsites= 1 E= 0
  1.000000	  0.000000	  0.000000	  0.000000	
  0.666667	  0.000000	  0.000000	  0.333333	
  0.000000	  0.000000	  0.000000	  1.000000	
  0.000000	  0.000000	  0.000000	  1.000000	
  0.000000	  0.000000	  0.000000	  1.000000	
  0.000000	  0.833333	  0.000000	  0.166667	
  0.000000	  1.000000	  0.000000	  0.000000	
  0.200000	  0.600000	  0.200000	  0.000000	

URL http://cisbp.ccbr.utoronto.ca/TFreport.php?versionNumber=1.02&searchTF=T001874_1.02

MOTIF M0051_1.02 (PBANKA_093910)_(Plasmodium_falciparum)_(DBD_1.00)

letter-probability matrix: alength= 4 w= 8 nsites= 1 E= 0
  0.000000	  0.500000	  0.000000	  0.500000	
  0.000000	  0.000000	  1.000000	  0.000000	
  0.000000	  0.000000	  0.000000	  1.000000	
  1.000000	  0.000000	  0.000000	  0.000000	
  0.000000	  0.000000	  0.000000	  1.000000	
  0.000000	  0.000000	  0.400000	  0.600000	
  0.000000	  1.000000	  0.000000	  0.000000	
  0.000000	  0.571429	  0.000000	  0.428571	

URL http://cisbp.ccbr.utoronto.ca/TFreport.php?versionNumber=1.02&searchTF=T001880_1.02

MOTIF M0053_1.02 (PBANKA_090590)_(Plasmodium_falciparum)_(DBD_0.98)

letter-probability matrix: alength= 4 w= 10 nsites= 1 E= 0
  0.231762	  0.250456	  0.122107	  0.395675	
  0.406356	  0.184236	  0.308687	  0.100721	
  0.194738	  0.027043	  0.666941	  0.111277	
  0.102980	  0.728703	  0.024053	  0.144265	
  0.000000	  0.000000	  0.109607	  0.890393	
  0.890393	  0.109607	  0.000000	  0.000000	
  0.144265	  0.024053	  0.728703	  0.102980	
  0.111277	  0.666941	  0.027043	  0.194738	
  0.100721	  0.308687	  0.184236	  0.406356	
  0.395675	  0.122107	  0.250456	  0.231762	

URL http://cisbp.ccbr.utoronto.ca/TFreport.php?versionNumber=1.02&searchTF=T001877_1.02

MOTIF M0055_1.02 (PBANKA_141570)_(Plasmodium_falciparum)_(DBD_0.93)

letter-probability matrix: alength= 4 w= 8 nsites= 1 E= 0
  0.441176	  0.014706	  0.117647	  0.426471	
  0.056818	  0.000000	  0.931818	  0.011364	
  0.159091	  0.840909	  0.000000	  0.000000	
  0.011364	  0.000000	  0.000000	  0.988636	
  0.000000	  1.000000	  0.000000	  0.000000	
  0.988636	  0.000000	  0.000000	  0.011364	
  0.657534	  0.013699	  0.328767	  0.000000	
  0.446809	  0.191489	  0.191489	  0.170213	

URL http://cisbp.ccbr.utoronto.ca/TFreport.php?versionNumber=1.02&searchTF=T001893_1.02

MOTIF M0057_1.02 (PBANKA_136370)_(Plasmodium_falciparum)_(DBD_0.96)

letter-probability matrix: alength= 4 w= 8 nsites= 1 E= 0
  0.178571	  0.642857	  0.000000	  0.178571	
  0.050000	  0.000000	  0.000000	  0.950000	
  0.318182	  0.045455	  0.000000	  0.636364	
  0.000000	  0.369565	  0.043478	  0.586957	
  0.000000	  0.000000	  0.000000	  1.000000	
  1.000000	  0.000000	  0.000000	  0.000000	
  0.000000	  0.000000	  1.000000	  0.000000	
  0.705882	  0.000000	  0.176471	  0.117647	

URL http://cisbp.ccbr.utoronto.ca/TFreport.php?versionNumber=1.02&searchTF=T001891_1.02

MOTIF M0058_1.02 (PBANKA_103430)_(Plasmodium_falciparum)_(DBD_0.97)

letter-probability matrix: alength= 4 w= 8 nsites= 1 E= 0
  0.000000	  0.000000	  0.000000	  1.000000	
  0.083333	  0.000000	  0.916667	  0.000000	
  0.000000	  1.000000	  0.000000	  0.000000	
  0.416667	  0.416667	  0.000000	  0.166667	
  1.000000	  0.000000	  0.000000	  0.000000	
  0.000000	  1.000000	  0.000000	  0.000000	
  0.000000	  1.000000	  0.000000	  0.000000	
  0.625000	  0.125000	  0.250000	  0.000000	

URL http://cisbp.ccbr.utoronto.ca/TFreport.php?versionNumber=1.02&searchTF=T001883_1.02

MOTIF M0059_1.02 (PBANKA_131970)_(Plasmodium_falciparum)_(DBD_0.91)

letter-probability matrix: alength= 4 w= 8 nsites= 1 E= 0
  0.225806	  0.129032	  0.516129	  0.129032	
  0.022727	  0.727273	  0.068182	  0.181818	
  0.843137	  0.000000	  0.156863	  0.000000	
  0.000000	  1.000000	  0.000000	  0.000000	
  1.000000	  0.000000	  0.000000	  0.000000	
  0.000000	  1.000000	  0.000000	  0.000000	
  0.937500	  0.000000	  0.062500	  0.000000	
  0.069767	  0.813953	  0.046512	  0.069767	

URL http://cisbp.ccbr.utoronto.ca/TFreport.php?versionNumber=1.02&searchTF=T001888_1.02

MOTIF M0060_1.02 (PBANKA_132980)_(Plasmodium_falciparum)_(DBD_0.89)

letter-probability matrix: alength= 4 w= 8 nsites= 1 E= 0
  0.206897	  0.206897	  0.275862	  0.310345	
  0.047619	  0.023810	  0.095238	  0.833333	
  0.060000	  0.000000	  0.940000	  0.000000	
  0.000000	  1.000000	  0.000000	  0.000000	
  1.000000	  0.000000	  0.000000	  0.000000	
  0.000000	  0.000000	  0.000000	  1.000000	
  0.000000	  0.000000	  1.000000	  0.000000	
  0.000000	  0.764706	  0.000000	  0.235294	

URL http://cisbp.ccbr.utoronto.ca/TFreport.php?versionNumber=1.02&searchTF=T001889_1.02

MOTIF M0068_1.02 (PBANKA_143750)_(Plasmodium_falciparum)_(DBD_0.84)

letter-probability matrix: alength= 4 w= 11 nsites= 1 E= 0
  0.206425	  0.206425	  0.206425	  0.380726	
  0.284314	  0.208418	  0.393193	  0.114076	
  0.023948	  0.023948	  0.839123	  0.112982	
  0.000199	  0.415813	  0.000199	  0.583790	
  0.000199	  0.000199	  0.999404	  0.000199	
  0.000199	  0.000199	  0.000199	  0.999404	
  0.999404	  0.000199	  0.000199	  0.000199	
  0.000199	  0.999404	  0.000199	  0.000199	
  0.558176	  0.043774	  0.354276	  0.043774	
  0.136123	  0.411063	  0.136123	  0.316691	
  0.321247	  0.226251	  0.226251	  0.226251	

URL http://cisbp.ccbr.utoronto.ca/TFreport.php?versionNumber=1.02&searchTF=T001894_1.02

MOTIF M0070_1.02 (PBANKA_145370)_(Plasmodium_falciparum)_(DBD_0.98)

letter-probability matrix: alength= 4 w= 8 nsites= 1 E= 0
  0.200000	  0.000000	  0.600000	  0.200000	
  0.500000	  0.166667	  0.166667	  0.166667	
  0.000000	  0.142857	  0.000000	  0.857143	
  0.285714	  0.000000	  0.571429	  0.142857	
  0.000000	  0.142857	  0.000000	  0.857143	
  0.285714	  0.428571	  0.142857	  0.142857	
  0.000000	  0.000000	  0.857143	  0.142857	
  0.500000	  0.000000	  0.000000	  0.500000	

URL http://cisbp.ccbr.utoronto.ca/TFreport.php?versionNumber=1.02&searchTF=T001895_1.02

MOTIF M0071_1.02 (PBANKA_010290)_(Plasmodium_falciparum)_(DBD_0.80)

letter-probability matrix: alength= 4 w= 8 nsites= 1 E= 0
  0.178218	  0.138614	  0.514851	  0.168317	
  0.022222	  0.311111	  0.000000	  0.666667	
  0.000000	  0.000000	  1.000000	  0.000000	
  0.000000	  1.000000	  0.000000	  0.000000	
  0.971429	  0.000000	  0.028571	  0.000000	
  0.005952	  0.958333	  0.011905	  0.023810	
  0.019231	  0.878205	  0.019231	  0.083333	
  0.222222	  0.410256	  0.145299	  0.222222	

URL http://cisbp.ccbr.utoronto.ca/TFreport.php?versionNumber=1.02&searchTF=T001871_1.02

