MEME version 4

ALPHABET= ACGT

strands: + -

Background letter frequencies (from uniform background):
A 0.25000 C 0.25000 G 0.25000 T 0.25000 

MOTIF M0118_1.02 (estExt_fgenesh3_pg.C_220092)_(Arabidopsis_thaliana)_(DBD_0.56)

letter-probability matrix: alength= 4 w= 9 nsites= 1 E= 0
  0.241564	  0.266970	  0.261683	  0.229783	
  0.209390	  0.306188	  0.250685	  0.233737	
  0.345181	  0.182011	  0.303102	  0.169706	
  0.329720	  0.179153	  0.251701	  0.239426	
  0.411309	  0.042920	  0.202217	  0.343554	
  0.710467	  0.047747	  0.000515	  0.241271	
  0.886835	  0.000921	  0.045045	  0.067199	
  0.454667	  0.009772	  0.038075	  0.497485	
  0.212559	  0.177544	  0.097438	  0.512458	

URL http://cisbp.ccbr.utoronto.ca/TFreport.php?versionNumber=1.02&searchTF=T008807_1.02

MOTIF M0234_1.02 (estExt_fgenesh3_pg.C_140149)_(Neurospora_crassa)_(DBD_0.69)

letter-probability matrix: alength= 4 w= 9 nsites= 1 E= 0
  0.269108	  0.205431	  0.331993	  0.193468	
  0.159193	  0.533850	  0.206462	  0.100496	
  0.059491	  0.939955	  0.000044	  0.000510	
  0.935853	  0.000093	  0.018384	  0.045671	
  0.000144	  0.750505	  0.011714	  0.237638	
  0.079917	  0.020105	  0.889792	  0.010186	
  0.149161	  0.300373	  0.065041	  0.485425	
  0.093731	  0.070841	  0.652254	  0.183174	
  0.241695	  0.256640	  0.267114	  0.234551	

URL http://cisbp.ccbr.utoronto.ca/TFreport.php?versionNumber=1.02&searchTF=T019306_1.02

MOTIF M0341_1.02 (estExt_Genewise1Plus.C_90029)_(Schizosaccharomyces_pombe)_(DBD_0.60)

letter-probability matrix: alength= 4 w= 10 nsites= 1 E= 0
  0.570600	  0.126453	  0.170367	  0.132581	
  0.195785	  0.086320	  0.008371	  0.709524	
  0.193607	  0.163160	  0.313589	  0.329644	
  0.494817	  0.042071	  0.276108	  0.187005	
  0.071217	  0.695225	  0.054727	  0.178831	
  0.178831	  0.054727	  0.695225	  0.071217	
  0.187005	  0.276108	  0.042071	  0.494817	
  0.329644	  0.313589	  0.163160	  0.193607	
  0.709524	  0.008371	  0.086320	  0.195785	
  0.132581	  0.170367	  0.126453	  0.570600	

URL http://cisbp.ccbr.utoronto.ca/TFreport.php?versionNumber=1.02&searchTF=T029178_1.02

MOTIF M0477_1.02 (estExt_fgenesh3_pg.C_340087)_(Neurospora_crassa)_(DBD_0.76)

letter-probability matrix: alength= 4 w= 9 nsites= 1 E= 0
  0.150339	  0.311965	  0.076930	  0.460766	
  0.204481	  0.685724	  0.049426	  0.060369	
  0.857399	  0.044876	  0.048130	  0.049596	
  0.038252	  0.042275	  0.857654	  0.061818	
  0.034879	  0.050496	  0.813949	  0.100675	
  0.114329	  0.120191	  0.555064	  0.210415	
  0.264307	  0.126104	  0.511379	  0.098210	
  0.170320	  0.346429	  0.179053	  0.304198	
  0.357377	  0.210354	  0.230164	  0.202106	

URL http://cisbp.ccbr.utoronto.ca/TFreport.php?versionNumber=1.02&searchTF=T063864_1.02

MOTIF M0518_1.02 (gw1.236.31.1)_(Saccharomyces_cerevisiae)_(DBD_0.72)

letter-probability matrix: alength= 4 w= 10 nsites= 1 E= 0
  0.324069	  0.194602	  0.223846	  0.257484	
  0.321670	  0.174779	  0.253034	  0.250517	
  0.219126	  0.223552	  0.192413	  0.364908	
  0.169345	  0.233210	  0.483929	  0.113515	
  0.109153	  0.456116	  0.034218	  0.400513	
  0.028905	  0.000271	  0.938235	  0.032590	
  0.027732	  0.029154	  0.927587	  0.015527	
  0.248758	  0.000277	  0.747309	  0.003656	
  0.127560	  0.001282	  0.779451	  0.091706	
  0.258253	  0.153536	  0.294105	  0.294105	

URL http://cisbp.ccbr.utoronto.ca/TFreport.php?versionNumber=1.02&searchTF=T065983_1.02

MOTIF M0721_1.02 (estExt_Genewise1Plus.C_1000102)_(Mus_musculus)_(DBD_0.43)

letter-probability matrix: alength= 4 w= 9 nsites= 1 E= 0
  0.337606	  0.151696	  0.424910	  0.085788	
  0.214462	  0.151129	  0.074301	  0.560108	
  0.593218	  0.291652	  0.036436	  0.078694	
  0.697590	  0.152571	  0.033369	  0.116470	
  0.810620	  0.060208	  0.065878	  0.063295	
  0.020715	  0.679160	  0.040079	  0.260046	
  0.798255	  0.049523	  0.065525	  0.086698	
  0.354392	  0.210693	  0.192559	  0.242355	
  0.307967	  0.221405	  0.177681	  0.292947	

URL http://cisbp.ccbr.utoronto.ca/TFreport.php?versionNumber=1.02&searchTF=T083164_1.02

MOTIF M0740_1.02 (estExt_fgenesh3_pg.C_740027)_(Drosophila_melanogaster)_(DBD_0.41)

letter-probability matrix: alength= 4 w= 10 nsites= 1 E= 0
  0.148384	  0.253629	  0.148384	  0.449602	
  0.343159	  0.027768	  0.517643	  0.111431	
  0.083876	  0.000213	  0.000213	  0.915697	
  0.999360	  0.000213	  0.000213	  0.000213	
  0.915697	  0.000213	  0.000213	  0.083876	
  0.999360	  0.000213	  0.000213	  0.000213	
  0.000213	  0.912223	  0.000213	  0.087351	
  0.999360	  0.000213	  0.000213	  0.000213	
  0.437060	  0.186478	  0.185492	  0.190970	
  0.332663	  0.222446	  0.222446	  0.222446	

URL http://cisbp.ccbr.utoronto.ca/TFreport.php?versionNumber=1.02&searchTF=T083144_1.02

MOTIF M0795_1.02 (estExt_fgenesh3_pg.C_1830024)_(Saccharomyces_cerevisiae)_(DBD_0.71)

letter-probability matrix: alength= 4 w= 8 nsites= 1 E= 0
  0.186841	  0.230778	  0.186841	  0.395540	
  0.422708	  0.252032	  0.000081	  0.325179	
  0.006600	  0.000065	  0.954064	  0.039271	
  0.999804	  0.000065	  0.000065	  0.000065	
  0.000065	  0.000065	  0.000065	  0.999804	
  0.914859	  0.045805	  0.000065	  0.039271	
  0.957547	  0.007111	  0.014151	  0.021191	
  0.084280	  0.336806	  0.526199	  0.052715	

URL http://cisbp.ccbr.utoronto.ca/TFreport.php?versionNumber=1.02&searchTF=T085481_1.02

MOTIF M1297_1.02 (estExt_Genewise1.C_930056)_(Dictyostelium_discoideum)_(DBD_0.92)

letter-probability matrix: alength= 4 w= 10 nsites= 1 E= 0
  0.233777	  0.598464	  0.083460	  0.084299	
  0.030948	  0.562453	  0.044359	  0.362240	
  0.506429	  0.042836	  0.155615	  0.295120	
  0.524310	  0.062308	  0.043907	  0.369475	
  0.657133	  0.044163	  0.042009	  0.256695	
  0.290800	  0.112464	  0.066862	  0.529873	
  0.281986	  0.340992	  0.131875	  0.245147	
  0.228299	  0.247314	  0.296088	  0.228299	
  0.301159	  0.033037	  0.594451	  0.071353	
  0.207356	  0.056511	  0.520315	  0.215818	

URL http://cisbp.ccbr.utoronto.ca/TFreport.php?versionNumber=1.02&searchTF=T112288_1.02

MOTIF M1538_1.02 (estExt_Genewise1Plus.C_1870041)_(Schistosoma_mansoni)_(DBD_0.38)

letter-probability matrix: alength= 4 w= 8 nsites= 1 E= 0
  0.001420	  0.001420	  0.995739	  0.001420	
  0.001420	  0.001420	  0.001420	  0.995739	
  0.001420	  0.001420	  0.001420	  0.995739	
  0.001420	  0.001420	  0.995739	  0.001420	
  0.001420	  0.995739	  0.001420	  0.001420	
  0.001420	  0.143466	  0.001420	  0.853693	
  0.995739	  0.001420	  0.001420	  0.001420	
  0.250000	  0.002475	  0.250000	  0.497525	

URL http://cisbp.ccbr.utoronto.ca/TFreport.php?versionNumber=1.02&searchTF=T139118_1.02

MOTIF M1641_1.02 (e_gw1.704.10.1)_(Mus_musculus)_(DBD_0.77)

letter-probability matrix: alength= 4 w= 7 nsites= 1 E= 0
  0.486500	  0.104296	  0.119969	  0.289234	
  0.014489	  0.191210	  0.078521	  0.715780	
  0.639678	  0.069475	  0.000533	  0.290314	
  0.371463	  0.095340	  0.000769	  0.532428	
  0.515031	  0.123251	  0.123251	  0.238466	
  0.400342	  0.112429	  0.110202	  0.377028	
  0.323600	  0.170632	  0.188577	  0.317192	

URL http://cisbp.ccbr.utoronto.ca/TFreport.php?versionNumber=1.02&searchTF=T150827_1.02

MOTIF M1710_1.02 (estExt_Genewise1Plus.C_720039)_(Puccinia_graminis)_(DBD_0.76)

letter-probability matrix: alength= 4 w= 8 nsites= 1 E= 0
  0.623134	  0.125622	  0.125622	  0.125622	
  0.000906	  0.000906	  0.000906	  0.997283	
  0.000906	  0.634964	  0.000906	  0.363225	
  0.000906	  0.997283	  0.000906	  0.000906	
  0.000906	  0.906703	  0.091486	  0.000906	
  0.000906	  0.000906	  0.997283	  0.000906	
  0.997012	  0.000996	  0.000996	  0.000996	
  0.569602	  0.001420	  0.001420	  0.427557	

URL http://cisbp.ccbr.utoronto.ca/TFreport.php?versionNumber=1.02&searchTF=T163306_1.02

MOTIF M1732_1.02 (estExt_Genewise1Plus.C_820043)_(Neurospora_crassa)_(DBD_0.78)

letter-probability matrix: alength= 4 w= 9 nsites= 1 E= 0
  0.273340	  0.228313	  0.133049	  0.365299	
  0.083299	  0.384688	  0.093919	  0.438094	
  0.095422	  0.794972	  0.104408	  0.005198	
  0.000113	  0.969885	  0.027036	  0.002966	
  0.027801	  0.000552	  0.967847	  0.003800	
  0.323238	  0.152687	  0.320021	  0.204055	
  0.216273	  0.246297	  0.251273	  0.286157	
  0.229653	  0.283318	  0.264164	  0.222866	
  0.208770	  0.273481	  0.254992	  0.262758	

URL http://cisbp.ccbr.utoronto.ca/TFreport.php?versionNumber=1.02&searchTF=T163313_1.02

MOTIF M2118_1.02 (gw1.6.221.1)_(Saccharomyces_cerevisiae)_(DBD_0.82)

letter-probability matrix: alength= 4 w= 5 nsites= 1 E= 0
  0.000000	  0.000000	  0.000000	  1.000000	
  0.000000	  0.000000	  0.010160	  0.989840	
  0.005578	  0.000000	  0.994422	  0.000000	
  0.000000	  0.000000	  0.998223	  0.001777	
  0.158006	  0.378979	  0.030665	  0.432350	

URL http://cisbp.ccbr.utoronto.ca/TFreport.php?versionNumber=1.02&searchTF=T070694_1.02

