MEME version 4

ALPHABET= ACGT

strands: + -

Background letter frequencies (from uniform background):
A 0.25000 C 0.25000 G 0.25000 T 0.25000 

MOTIF M0111_1.02 (Ppa-cfi-1)_(Drosophila_melanogaster)_(DBD_0.74)

letter-probability matrix: alength= 4 w= 8 nsites= 1 E= 0
  0.228748	  0.221987	  0.148803	  0.400462	
  0.182465	  0.170129	  0.146431	  0.500975	
  0.138322	  0.188592	  0.071492	  0.601595	
  0.336065	  0.060178	  0.422972	  0.180785	
  0.973889	  0.000879	  0.022006	  0.003226	
  0.045194	  0.000361	  0.000150	  0.954295	
  0.278506	  0.244555	  0.112105	  0.364833	
  0.300420	  0.203401	  0.269126	  0.227052	

URL http://cisbp.ccbr.utoronto.ca/TFreport.php?versionNumber=1.02&searchTF=T007903_1.02

MOTIF M0118_1.02 (Ppa-hmg-11)_(Arabidopsis_thaliana)_(DBD_0.50)

letter-probability matrix: alength= 4 w= 9 nsites= 1 E= 0
  0.241564	  0.266970	  0.261683	  0.229783	
  0.209390	  0.306188	  0.250685	  0.233737	
  0.345181	  0.182011	  0.303102	  0.169706	
  0.329720	  0.179153	  0.251701	  0.239426	
  0.411309	  0.042920	  0.202217	  0.343554	
  0.710467	  0.047747	  0.000515	  0.241271	
  0.886835	  0.000921	  0.045045	  0.067199	
  0.454667	  0.009772	  0.038075	  0.497485	
  0.212559	  0.177544	  0.097438	  0.512458	

URL http://cisbp.ccbr.utoronto.ca/TFreport.php?versionNumber=1.02&searchTF=T008752_1.02

MOTIF M0133_1.02 (PPA23753)_(Mus_musculus)_(DBD_0.54)

letter-probability matrix: alength= 4 w= 12 nsites= 1 E= 0
  0.319241	  0.226920	  0.226920	  0.226920	
  0.295675	  0.203353	  0.297619	  0.203353	
  0.447891	  0.153263	  0.153263	  0.245584	
  0.759501	  0.080166	  0.080166	  0.080166	
  0.234882	  0.000164	  0.000164	  0.764790	
  0.819787	  0.000164	  0.000164	  0.179884	
  0.096133	  0.000164	  0.099450	  0.804253	
  0.407905	  0.000164	  0.000164	  0.591766	
  0.836001	  0.117510	  0.023245	  0.023245	
  0.859567	  0.046811	  0.046811	  0.046811	
  0.096902	  0.096902	  0.096902	  0.709295	
  0.169998	  0.169998	  0.169998	  0.490007	

URL http://cisbp.ccbr.utoronto.ca/TFreport.php?versionNumber=1.02&searchTF=T008753_1.02

MOTIF M0140_1.02 (PPA25232)_(Caenorhabditis_elegans)_(DBD_0.48)

letter-probability matrix: alength= 4 w= 7 nsites= 1 E= 0
  0.272989	  0.275733	  0.247011	  0.204268	
  0.311542	  0.190859	  0.252531	  0.245068	
  0.409498	  0.106158	  0.183999	  0.300345	
  0.464798	  0.095737	  0.154718	  0.284747	
  0.582238	  0.128622	  0.014110	  0.275030	
  0.576040	  0.000723	  0.229563	  0.193674	
  0.235345	  0.212949	  0.048475	  0.503232	

URL http://cisbp.ccbr.utoronto.ca/TFreport.php?versionNumber=1.02&searchTF=T008754_1.02

MOTIF M0176_1.02 (Ppa-hlh-11)_(Mus_musculus)_(DBD_0.77)

letter-probability matrix: alength= 4 w= 9 nsites= 1 E= 0
  0.273464	  0.424609	  0.181484	  0.120442	
  0.097576	  0.829341	  0.039277	  0.033806	
  0.662486	  0.056036	  0.199537	  0.081941	
  0.043290	  0.208081	  0.467748	  0.280880	
  0.299713	  0.470043	  0.215471	  0.014773	
  0.004397	  0.072302	  0.015656	  0.907645	
  0.000715	  0.000171	  0.997439	  0.001674	
  0.378736	  0.082010	  0.275019	  0.264235	
  0.118253	  0.228795	  0.178185	  0.474767	

URL http://cisbp.ccbr.utoronto.ca/TFreport.php?versionNumber=1.02&searchTF=T018197_1.02

MOTIF M0210_1.02 (Ppa-hlh-1)_(Mus_musculus)_(DBD_0.73)

letter-probability matrix: alength= 4 w= 9 nsites= 1 E= 0
  0.597222	  0.001984	  0.398810	  0.001984	
  0.886062	  0.001106	  0.001106	  0.111726	
  0.000996	  0.997012	  0.000996	  0.000996	
  0.997012	  0.000996	  0.000996	  0.000996	
  0.001106	  0.001106	  0.775442	  0.222345	
  0.222345	  0.554204	  0.001106	  0.222345	
  0.001106	  0.001106	  0.001106	  0.996681	
  0.001106	  0.001106	  0.996681	  0.001106	
  0.398810	  0.200397	  0.001984	  0.398810	

URL http://cisbp.ccbr.utoronto.ca/TFreport.php?versionNumber=1.02&searchTF=T018192_1.02

MOTIF M0216_1.02 (Ppa-hlh-15)_(Mus_musculus)_(DBD_0.74)

letter-probability matrix: alength= 4 w= 10 nsites= 1 E= 0
  0.282767	  0.305521	  0.171954	  0.239759	
  0.037628	  0.037628	  0.674128	  0.250617	
  0.000178	  0.862732	  0.000178	  0.136912	
  0.930537	  0.000178	  0.069106	  0.000178	
  0.071132	  0.077413	  0.714543	  0.136912	
  0.145218	  0.714543	  0.069106	  0.071132	
  0.000178	  0.067984	  0.000178	  0.931660	
  0.077413	  0.000178	  0.922231	  0.000178	
  0.152455	  0.301874	  0.078225	  0.467447	
  0.281479	  0.212551	  0.293420	  0.212551	

URL http://cisbp.ccbr.utoronto.ca/TFreport.php?versionNumber=1.02&searchTF=T018200_1.02

MOTIF M0276_1.02 (PPA08194)_(Caenorhabditis_elegans)_(DBD_0.55)

letter-probability matrix: alength= 4 w= 10 nsites= 1 E= 0
  0.175570	  0.261504	  0.175570	  0.387356	
  0.095404	  0.095404	  0.639645	  0.169546	
  0.160935	  0.838902	  0.000082	  0.000082	
  0.000082	  0.999755	  0.000082	  0.000082	
  0.999755	  0.000082	  0.000082	  0.000082	
  0.000082	  0.999755	  0.000082	  0.000082	
  0.000082	  0.000082	  0.999755	  0.000082	
  0.000082	  0.000082	  0.000082	  0.999755	
  0.165231	  0.153373	  0.606884	  0.074512	
  0.233539	  0.154677	  0.277113	  0.334671	

URL http://cisbp.ccbr.utoronto.ca/TFreport.php?versionNumber=1.02&searchTF=T027894_1.02

MOTIF M0319_1.02 (Ppa-crh-1)_(Mus_musculus)_(DBD_0.80)

letter-probability matrix: alength= 4 w= 10 nsites= 1 E= 0
  0.183122	  0.183122	  0.270541	  0.363215	
  0.645397	  0.087274	  0.180054	  0.087274	
  0.000184	  0.000184	  0.000184	  0.999448	
  0.000184	  0.000184	  0.724689	  0.274944	
  0.999448	  0.000184	  0.000184	  0.000184	
  0.000184	  0.999448	  0.000184	  0.000184	
  0.000184	  0.000184	  0.999448	  0.000184	
  0.000184	  0.000184	  0.000184	  0.999448	
  0.547966	  0.317911	  0.067062	  0.067062	
  0.511272	  0.162909	  0.162909	  0.162909	

URL http://cisbp.ccbr.utoronto.ca/TFreport.php?versionNumber=1.02&searchTF=T027919_1.02

MOTIF M0346_1.02 (Ppa-zip-3)_(Caenorhabditis_elegans)_(DBD_0.59)

letter-probability matrix: alength= 4 w= 9 nsites= 1 E= 0
  0.535636	  0.078528	  0.369982	  0.015855	
  0.001169	  0.000261	  0.000246	  0.998325	
  0.054873	  0.137693	  0.716963	  0.090471	
  0.854058	  0.002509	  0.100484	  0.042948	
  0.024415	  0.611073	  0.048677	  0.315834	
  0.195600	  0.103139	  0.611597	  0.089664	
  0.168167	  0.236266	  0.115003	  0.480563	
  0.192128	  0.410824	  0.230019	  0.167028	
  0.491395	  0.118777	  0.190042	  0.199786	

URL http://cisbp.ccbr.utoronto.ca/TFreport.php?versionNumber=1.02&searchTF=T027907_1.02

MOTIF M0384_1.02 (PPA09938)_(Caenorhabditis_elegans)_(DBD_0.79)

letter-probability matrix: alength= 4 w= 9 nsites= 1 E= 0
  0.516980	  0.286131	  0.098444	  0.098444	
  0.000071	  0.999788	  0.000071	  0.000071	
  0.495526	  0.000071	  0.504333	  0.000071	
  0.000071	  0.000071	  0.999788	  0.000071	
  0.106383	  0.000071	  0.000071	  0.893475	
  0.999788	  0.000071	  0.000071	  0.000071	
  0.000071	  0.000071	  0.999788	  0.000071	
  0.000071	  0.999788	  0.000071	  0.000071	
  0.322842	  0.227729	  0.223668	  0.225760	

URL http://cisbp.ccbr.utoronto.ca/TFreport.php?versionNumber=1.02&searchTF=T061291_1.02

MOTIF M0405_1.02 (Ppa-klf-1)_(Mus_musculus)_(DBD_0.74)

letter-probability matrix: alength= 4 w= 10 nsites= 1 E= 0
  0.322200	  0.077105	  0.258571	  0.342124	
  0.174850	  0.000229	  0.823801	  0.001121	
  0.000272	  0.000173	  0.999363	  0.000191	
  0.000074	  0.000241	  0.999596	  0.000089	
  0.100743	  0.660217	  0.010304	  0.228736	
  0.015211	  0.000320	  0.974574	  0.009895	
  0.042318	  0.089587	  0.352557	  0.515538	
  0.208085	  0.076550	  0.538047	  0.177318	
  0.167365	  0.115605	  0.497789	  0.219242	
  0.170239	  0.414554	  0.180766	  0.234441	

URL http://cisbp.ccbr.utoronto.ca/TFreport.php?versionNumber=1.02&searchTF=T061252_1.02

MOTIF M0447_1.02 (PPA20237)_(Caenorhabditis_elegans)_(DBD_0.91)

letter-probability matrix: alength= 4 w= 10 nsites= 1 E= 0
  0.391273	  0.146849	  0.267577	  0.194301	
  0.236558	  0.241337	  0.322529	  0.199576	
  0.063325	  0.269963	  0.106515	  0.560196	
  0.004417	  0.002260	  0.968160	  0.025164	
  0.019015	  0.007208	  0.958364	  0.015413	
  0.150280	  0.035251	  0.000029	  0.814440	
  0.000025	  0.973874	  0.003426	  0.022675	
  0.905030	  0.032719	  0.031436	  0.030814	
  0.261983	  0.246726	  0.254240	  0.237052	
  0.139579	  0.281078	  0.155809	  0.423533	

URL http://cisbp.ccbr.utoronto.ca/TFreport.php?versionNumber=1.02&searchTF=T061339_1.02

MOTIF M0492_1.02 (Ppa-ztf-19)_(Caenorhabditis_elegans)_(DBD_0.90)

letter-probability matrix: alength= 4 w= 10 nsites= 1 E= 0
  0.191185	  0.299838	  0.187399	  0.321578	
  0.434373	  0.011634	  0.338290	  0.215703	
  0.072394	  0.118170	  0.556755	  0.252680	
  0.038220	  0.058169	  0.002755	  0.900857	
  0.004021	  0.003566	  0.721592	  0.270821	
  0.004412	  0.007060	  0.001776	  0.986752	
  0.942731	  0.006289	  0.023076	  0.027904	
  0.839473	  0.104875	  0.025605	  0.030047	
  0.329916	  0.186576	  0.080547	  0.402961	
  0.389696	  0.175101	  0.282977	  0.152226	

URL http://cisbp.ccbr.utoronto.ca/TFreport.php?versionNumber=1.02&searchTF=T061370_1.02

MOTIF M0493_1.02 (Ppa-lin-29)_(Caenorhabditis_elegans)_(DBD_0.81)

letter-probability matrix: alength= 4 w= 8 nsites= 1 E= 0
  0.242861	  0.157196	  0.428469	  0.171473	
  0.777565	  0.090973	  0.030392	  0.101070	
  0.838146	  0.060683	  0.020295	  0.080876	
  0.989600	  0.000101	  0.000101	  0.010198	
  0.989600	  0.000101	  0.000101	  0.010198	
  0.918922	  0.030392	  0.010198	  0.040489	
  0.718555	  0.156289	  0.083403	  0.041753	
  0.569619	  0.127964	  0.104719	  0.197699	

URL http://cisbp.ccbr.utoronto.ca/TFreport.php?versionNumber=1.02&searchTF=T061332_1.02

MOTIF M0544_1.02 (PPA04971)_(Caenorhabditis_elegans)_(DBD_0.72)

letter-probability matrix: alength= 4 w= 10 nsites= 1 E= 0
  0.128905	  0.198160	  0.139641	  0.533295	
  0.199185	  0.074756	  0.641772	  0.084287	
  0.215278	  0.545624	  0.112385	  0.126714	
  0.019784	  0.013665	  0.958010	  0.008541	
  0.065873	  0.024233	  0.423152	  0.486741	
  0.198217	  0.017277	  0.742012	  0.042494	
  0.002559	  0.040428	  0.943421	  0.013592	
  0.009834	  0.008810	  0.930657	  0.050698	
  0.229215	  0.300263	  0.209486	  0.261036	
  0.144330	  0.172794	  0.469703	  0.213172	

URL http://cisbp.ccbr.utoronto.ca/TFreport.php?versionNumber=1.02&searchTF=T061255_1.02

MOTIF M0546_1.02 (PPA26808)_(Caenorhabditis_elegans)_(DBD_0.80)

letter-probability matrix: alength= 4 w= 8 nsites= 1 E= 0
  0.062734	  0.468477	  0.187578	  0.281211	
  0.000192	  0.000192	  0.999424	  0.000192	
  0.096272	  0.038624	  0.346080	  0.519024	
  0.019042	  0.000189	  0.980581	  0.000189	
  0.000189	  0.000189	  0.980581	  0.019042	
  0.000189	  0.000189	  0.999434	  0.000189	
  0.204119	  0.428426	  0.122553	  0.244902	
  0.000227	  0.000227	  0.999319	  0.000227	

URL http://cisbp.ccbr.utoronto.ca/TFreport.php?versionNumber=1.02&searchTF=T061389_1.02

MOTIF M0584_1.02 (Ppa-cey-1)_(Caenorhabditis_elegans)_(DBD_0.86)

letter-probability matrix: alength= 4 w= 9 nsites= 1 E= 0
  0.230911	  0.224086	  0.262968	  0.282035	
  0.269525	  0.209906	  0.264188	  0.256380	
  0.283198	  0.178778	  0.291823	  0.246201	
  0.153491	  0.064952	  0.745191	  0.036366	
  0.485724	  0.054907	  0.315968	  0.143400	
  0.185229	  0.092907	  0.000174	  0.721690	
  0.451981	  0.073969	  0.434259	  0.039791	
  0.183594	  0.056414	  0.557089	  0.202902	
  0.369364	  0.118130	  0.213105	  0.299401	

URL http://cisbp.ccbr.utoronto.ca/TFreport.php?versionNumber=1.02&searchTF=T072637_1.02

MOTIF M0699_1.02 (Ppa-ets-5)_(Mus_musculus)_(DBD_0.74)

letter-probability matrix: alength= 4 w= 10 nsites= 1 E= 0
  0.285712	  0.231594	  0.253404	  0.229290	
  0.408828	  0.148903	  0.252976	  0.189293	
  0.179923	  0.493996	  0.209040	  0.117041	
  0.256626	  0.637542	  0.087149	  0.018683	
  0.006067	  0.001108	  0.985189	  0.007636	
  0.009552	  0.003807	  0.979202	  0.007439	
  0.918135	  0.015065	  0.025851	  0.040950	
  0.621584	  0.076117	  0.031258	  0.271041	
  0.366912	  0.123362	  0.434903	  0.074823	
  0.146891	  0.292860	  0.127701	  0.432548	

URL http://cisbp.ccbr.utoronto.ca/TFreport.php?versionNumber=1.02&searchTF=T078925_1.02

MOTIF M0702_1.02 (Ppa-ets-4)_(Mus_musculus)_(DBD_0.61)

letter-probability matrix: alength= 4 w= 10 nsites= 1 E= 0
  0.322340	  0.195509	  0.263909	  0.218242	
  0.433860	  0.124303	  0.159608	  0.282230	
  0.311585	  0.293439	  0.240248	  0.154728	
  0.200253	  0.544344	  0.186715	  0.068688	
  0.284306	  0.645517	  0.054058	  0.016120	
  0.011537	  0.000434	  0.987890	  0.000139	
  0.006865	  0.014532	  0.949918	  0.028685	
  0.874097	  0.008964	  0.059931	  0.057008	
  0.302190	  0.165846	  0.058036	  0.473929	
  0.296924	  0.248012	  0.296924	  0.158139	

URL http://cisbp.ccbr.utoronto.ca/TFreport.php?versionNumber=1.02&searchTF=T078918_1.02

MOTIF M0703_1.02 (PPA27498)_(Mus_musculus)_(DBD_0.73)

letter-probability matrix: alength= 4 w= 10 nsites= 1 E= 0
  0.292662	  0.237228	  0.244452	  0.225658	
  0.396424	  0.156410	  0.290756	  0.156410	
  0.143761	  0.549031	  0.188322	  0.118885	
  0.120828	  0.832447	  0.032930	  0.013796	
  0.000258	  0.000099	  0.996966	  0.002677	
  0.006486	  0.006108	  0.981989	  0.005417	
  0.929250	  0.010220	  0.029206	  0.031324	
  0.638426	  0.070740	  0.020677	  0.270158	
  0.353350	  0.140817	  0.431582	  0.074252	
  0.136540	  0.294896	  0.110678	  0.457886	

URL http://cisbp.ccbr.utoronto.ca/TFreport.php?versionNumber=1.02&searchTF=T078931_1.02

MOTIF M0708_1.02 (PPA01782)_(Mus_musculus)_(DBD_0.70)

letter-probability matrix: alength= 4 w= 10 nsites= 1 E= 0
  0.372844	  0.157773	  0.219458	  0.249925	
  0.282039	  0.273704	  0.189057	  0.255200	
  0.177779	  0.464305	  0.257377	  0.100539	
  0.260304	  0.591019	  0.112376	  0.036301	
  0.048307	  0.002265	  0.941601	  0.007827	
  0.026432	  0.018441	  0.938772	  0.016356	
  0.877400	  0.019628	  0.024952	  0.078020	
  0.765799	  0.046568	  0.015043	  0.172590	
  0.281705	  0.157726	  0.488266	  0.072303	
  0.182791	  0.244287	  0.114245	  0.458676	

URL http://cisbp.ccbr.utoronto.ca/TFreport.php?versionNumber=1.02&searchTF=T078913_1.02

MOTIF M0727_1.02 (Ppa-pha-4)_(Mus_musculus)_(DBD_0.45)

letter-probability matrix: alength= 4 w= 9 nsites= 1 E= 0
  0.285936	  0.209719	  0.382132	  0.122213	
  0.259231	  0.180859	  0.145143	  0.414767	
  0.482799	  0.289919	  0.074411	  0.152872	
  0.584225	  0.181324	  0.065385	  0.169066	
  0.800779	  0.028377	  0.101047	  0.069797	
  0.006674	  0.733801	  0.002741	  0.256785	
  0.711264	  0.065173	  0.101194	  0.122369	
  0.343115	  0.208109	  0.218779	  0.229997	
  0.298983	  0.230531	  0.194491	  0.275996	

URL http://cisbp.ccbr.utoronto.ca/TFreport.php?versionNumber=1.02&searchTF=T082927_1.02

MOTIF M0728_1.02 (Ppa-fkh-2)_(Mus_musculus)_(DBD_0.46)

letter-probability matrix: alength= 4 w= 12 nsites= 1 E= 0
  0.394926	  0.201691	  0.201691	  0.201691	
  0.357836	  0.147163	  0.347838	  0.147163	
  0.159006	  0.172368	  0.068783	  0.599842	
  0.841382	  0.113021	  0.022798	  0.022798	
  0.999531	  0.000156	  0.000156	  0.000156	
  0.999531	  0.000156	  0.000156	  0.000156	
  0.000156	  0.999531	  0.000156	  0.000156	
  0.999531	  0.000156	  0.000156	  0.000156	
  0.854605	  0.048465	  0.048465	  0.048465	
  0.691020	  0.102993	  0.102993	  0.102993	
  0.181373	  0.360053	  0.181373	  0.277201	
  0.317926	  0.227358	  0.227358	  0.227358	

URL http://cisbp.ccbr.utoronto.ca/TFreport.php?versionNumber=1.02&searchTF=T082929_1.02

MOTIF M0729_1.02 (Ppa-lin-31)_(Mus_musculus)_(DBD_0.45)

letter-probability matrix: alength= 4 w= 8 nsites= 1 E= 0
  0.160144	  0.000399	  0.839058	  0.000399	
  0.000322	  0.032539	  0.000322	  0.966817	
  0.878027	  0.121368	  0.000303	  0.000303	
  0.968826	  0.030569	  0.000303	  0.000303	
  0.999092	  0.000303	  0.000303	  0.000303	
  0.000303	  0.635896	  0.000303	  0.363499	
  0.999092	  0.000303	  0.000303	  0.000303	
  0.630777	  0.105567	  0.105567	  0.158088	

URL http://cisbp.ccbr.utoronto.ca/TFreport.php?versionNumber=1.02&searchTF=T082925_1.02

MOTIF M0738_1.02 (PPA26046)_(Oryzias_latipes)_(DBD_0.48)

letter-probability matrix: alength= 4 w= 8 nsites= 1 E= 0
  0.352700	  0.000587	  0.646127	  0.000587	
  0.000384	  0.000384	  0.000384	  0.998848	
  0.922043	  0.077189	  0.000384	  0.000384	
  0.998848	  0.000384	  0.000384	  0.000384	
  0.998848	  0.000384	  0.000384	  0.000384	
  0.000384	  0.922043	  0.000384	  0.077189	
  0.998848	  0.000384	  0.000384	  0.000384	
  0.499446	  0.222284	  0.055987	  0.222284	

URL http://cisbp.ccbr.utoronto.ca/TFreport.php?versionNumber=1.02&searchTF=T082932_1.02

MOTIF M0744_1.02 (PPA14054)_(Neurospora_crassa)_(DBD_0.43)

letter-probability matrix: alength= 4 w= 8 nsites= 1 E= 0
  0.570513	  0.071937	  0.356838	  0.000712	
  0.059272	  0.000587	  0.000587	  0.939554	
  0.939554	  0.059272	  0.000587	  0.000587	
  0.998239	  0.000587	  0.000587	  0.000587	
  0.998239	  0.000587	  0.000587	  0.000587	
  0.000587	  0.880869	  0.000587	  0.117958	
  0.998239	  0.000587	  0.000587	  0.000587	
  0.499004	  0.200199	  0.000996	  0.299801	

URL http://cisbp.ccbr.utoronto.ca/TFreport.php?versionNumber=1.02&searchTF=T082926_1.02

MOTIF M0746_1.02 (Ppa-let-381)_(Mus_musculus)_(DBD_0.46)

letter-probability matrix: alength= 4 w= 12 nsites= 1 E= 0
  0.324414	  0.225195	  0.225195	  0.225195	
  0.394452	  0.201849	  0.201849	  0.201849	
  0.122778	  0.122778	  0.225799	  0.528646	
  0.432796	  0.048048	  0.471109	  0.048048	
  0.093391	  0.090381	  0.000221	  0.816007	
  0.897353	  0.102206	  0.000221	  0.000221	
  0.999338	  0.000221	  0.000221	  0.000221	
  0.999338	  0.000221	  0.000221	  0.000221	
  0.025025	  0.831754	  0.025025	  0.118195	
  0.854887	  0.048371	  0.048371	  0.048371	
  0.318752	  0.233808	  0.127443	  0.319997	
  0.393482	  0.202173	  0.202173	  0.202173	

URL http://cisbp.ccbr.utoronto.ca/TFreport.php?versionNumber=1.02&searchTF=T082921_1.02

MOTIF M0859_1.02 (Ppa-ceh-34)_(Caenorhabditis_elegans)_(DBD_0.79)

letter-probability matrix: alength= 4 w= 10 nsites= 1 E= 0
  0.232744	  0.273128	  0.183083	  0.311045	
  0.140286	  0.276907	  0.161367	  0.421441	
  0.219395	  0.144153	  0.384088	  0.252364	
  0.616743	  0.132218	  0.072563	  0.178476	
  0.067661	  0.163123	  0.000667	  0.768550	
  0.527821	  0.272805	  0.040397	  0.158977	
  0.080270	  0.495415	  0.102043	  0.322272	
  0.147230	  0.400213	  0.194805	  0.257752	
  0.204420	  0.311120	  0.179501	  0.304959	
  0.227630	  0.278028	  0.190132	  0.304211	

URL http://cisbp.ccbr.utoronto.ca/TFreport.php?versionNumber=1.02&searchTF=T100015_1.02

MOTIF M0864_1.02 (Ppa-pal-1)_(Caenorhabditis_elegans)_(DBD_0.70)

letter-probability matrix: alength= 4 w= 8 nsites= 1 E= 0
  0.091486	  0.000906	  0.906703	  0.000906	
  0.000767	  0.307515	  0.000767	  0.690951	
  0.921012	  0.077454	  0.000767	  0.000767	
  0.997699	  0.000767	  0.000767	  0.000767	
  0.000767	  0.000767	  0.000767	  0.997699	
  0.537577	  0.000767	  0.000767	  0.460890	
  0.997508	  0.000831	  0.000831	  0.000831	
  0.886062	  0.111726	  0.001106	  0.001106	

URL http://cisbp.ccbr.utoronto.ca/TFreport.php?versionNumber=1.02&searchTF=T100017_1.02

MOTIF M0869_1.02 (Ppa-egl-5)_(Caenorhabditis_briggsae)_(DBD_0.91)

letter-probability matrix: alength= 4 w= 10 nsites= 1 E= 0
  0.229831	  0.163587	  0.191971	  0.414612	
  0.145017	  0.118730	  0.111816	  0.624437	
  0.595085	  0.033405	  0.112023	  0.259487	
  0.785686	  0.060133	  0.067125	  0.087056	
  0.085373	  0.150962	  0.087098	  0.676567	
  0.132663	  0.069256	  0.418976	  0.379105	
  0.354546	  0.079905	  0.369015	  0.196534	
  0.139295	  0.286173	  0.374876	  0.199656	
  0.245825	  0.277167	  0.205330	  0.271678	
  0.236252	  0.236252	  0.178556	  0.348940	

URL http://cisbp.ccbr.utoronto.ca/TFreport.php?versionNumber=1.02&searchTF=T100024_1.02

MOTIF M0911_1.02 (Ppa-ceh-12)_(Mus_musculus)_(DBD_0.74)

letter-probability matrix: alength= 4 w= 10 nsites= 1 E= 0
  0.247073	  0.284202	  0.206373	  0.262352	
  0.149870	  0.075171	  0.040036	  0.734924	
  0.706549	  0.090958	  0.126519	  0.075974	
  0.851645	  0.008910	  0.044131	  0.095313	
  0.070692	  0.091682	  0.096383	  0.741243	
  0.120799	  0.217919	  0.226813	  0.434469	
  0.367812	  0.088905	  0.402450	  0.140833	
  0.215590	  0.296895	  0.274069	  0.213445	
  0.220651	  0.269503	  0.211999	  0.297847	
  0.238452	  0.238452	  0.243269	  0.279826	

URL http://cisbp.ccbr.utoronto.ca/TFreport.php?versionNumber=1.02&searchTF=T100064_1.02

MOTIF M0927_1.02 (Ppa-alr-1)_(Mus_musculus)_(DBD_0.79)

letter-probability matrix: alength= 4 w= 8 nsites= 1 E= 0
  0.239075	  0.258987	  0.292007	  0.209931	
  0.193409	  0.338596	  0.209518	  0.258477	
  0.196306	  0.190504	  0.105601	  0.507589	
  0.649964	  0.079592	  0.135222	  0.135222	
  0.927406	  0.055834	  0.000602	  0.016158	
  0.131551	  0.181162	  0.073655	  0.613631	
  0.187274	  0.215416	  0.200852	  0.396458	
  0.315394	  0.201104	  0.274190	  0.209311	

URL http://cisbp.ccbr.utoronto.ca/TFreport.php?versionNumber=1.02&searchTF=T100011_1.02

MOTIF M0932_1.02 (Ppa-ttx-3)_(Mus_musculus)_(DBD_0.89)

letter-probability matrix: alength= 4 w= 8 nsites= 1 E= 0
  0.216311	  0.291989	  0.142126	  0.349574	
  0.127143	  0.093252	  0.018089	  0.761516	
  0.817918	  0.041962	  0.123564	  0.016556	
  0.955147	  0.007403	  0.010825	  0.026625	
  0.021750	  0.121465	  0.044684	  0.812101	
  0.145739	  0.082419	  0.268223	  0.503618	
  0.509054	  0.065533	  0.337833	  0.087580	
  0.196989	  0.238208	  0.381132	  0.183671	

URL http://cisbp.ccbr.utoronto.ca/TFreport.php?versionNumber=1.02&searchTF=T100031_1.02

MOTIF M0988_1.02 (Ppa-irx-1)_(Mus_musculus)_(DBD_0.80)

letter-probability matrix: alength= 4 w= 7 nsites= 1 E= 0
  0.303161	  0.134864	  0.255767	  0.306208	
  0.145417	  0.099445	  0.122683	  0.632454	
  0.137917	  0.118706	  0.599832	  0.143545	
  0.159578	  0.125529	  0.048064	  0.666829	
  0.335860	  0.248811	  0.102176	  0.313154	
  0.280605	  0.275048	  0.234381	  0.209966	
  0.229254	  0.248348	  0.253365	  0.269032	

URL http://cisbp.ccbr.utoronto.ca/TFreport.php?versionNumber=1.02&searchTF=T100046_1.02

MOTIF M1000_1.02 (Ppa-unc-4)_(Mus_musculus)_(DBD_0.81)

letter-probability matrix: alength= 4 w= 8 nsites= 1 E= 0
  0.216987	  0.314139	  0.148389	  0.320485	
  0.078163	  0.026544	  0.007454	  0.887839	
  0.853506	  0.044228	  0.065324	  0.036942	
  0.978482	  0.000211	  0.008551	  0.012756	
  0.002825	  0.026803	  0.027897	  0.942475	
  0.104556	  0.090897	  0.098468	  0.706079	
  0.391058	  0.094524	  0.371986	  0.142431	
  0.297757	  0.193694	  0.374758	  0.133791	

URL http://cisbp.ccbr.utoronto.ca/TFreport.php?versionNumber=1.02&searchTF=T100057_1.02

MOTIF M1013_1.02 (Ppa-lin-39)_(Mus_musculus)_(DBD_0.82)

letter-probability matrix: alength= 4 w= 9 nsites= 1 E= 0
  0.189568	  0.274444	  0.207420	  0.328569	
  0.169234	  0.099612	  0.097640	  0.633514	
  0.540007	  0.097669	  0.167600	  0.194724	
  0.650832	  0.070686	  0.086336	  0.192145	
  0.077678	  0.161187	  0.087581	  0.673554	
  0.137376	  0.166122	  0.355215	  0.341287	
  0.341237	  0.137356	  0.337841	  0.183566	
  0.207499	  0.315805	  0.258559	  0.218137	
  0.241008	  0.285668	  0.222479	  0.250844	

URL http://cisbp.ccbr.utoronto.ca/TFreport.php?versionNumber=1.02&searchTF=T100055_1.02

MOTIF M1015_1.02 (Ppa-lim-6)_(Mus_musculus)_(DBD_0.86)

letter-probability matrix: alength= 4 w= 7 nsites= 1 E= 0
  0.161249	  0.279486	  0.178208	  0.381058	
  0.074215	  0.310124	  0.003515	  0.612146	
  0.496430	  0.223061	  0.103280	  0.177229	
  0.604375	  0.168039	  0.074010	  0.153576	
  0.151745	  0.140078	  0.000347	  0.707829	
  0.255989	  0.195416	  0.091390	  0.457205	
  0.395010	  0.194204	  0.151246	  0.259540	

URL http://cisbp.ccbr.utoronto.ca/TFreport.php?versionNumber=1.02&searchTF=T100059_1.02

MOTIF M1016_1.02 (Ppa-ceh-32)_(Mus_musculus)_(DBD_0.91)

letter-probability matrix: alength= 4 w= 7 nsites= 1 E= 0
  0.247356	  0.242458	  0.265291	  0.244895	
  0.187686	  0.245862	  0.203318	  0.363134	
  0.206531	  0.145540	  0.437226	  0.210703	
  0.818609	  0.111900	  0.033704	  0.035788	
  0.126658	  0.170970	  0.099632	  0.602740	
  0.539508	  0.337193	  0.043409	  0.079890	
  0.146793	  0.419484	  0.179294	  0.254430	

URL http://cisbp.ccbr.utoronto.ca/TFreport.php?versionNumber=1.02&searchTF=T100016_1.02

MOTIF M1030_1.02 (Ppa-ceh-24)_(Mus_musculus)_(DBD_0.81)

letter-probability matrix: alength= 4 w= 9 nsites= 1 E= 0
  0.280170	  0.222604	  0.274622	  0.222604	
  0.240127	  0.324138	  0.305262	  0.130473	
  0.104035	  0.558205	  0.022081	  0.315679	
  0.565289	  0.175447	  0.053375	  0.205889	
  0.192749	  0.728793	  0.007549	  0.070908	
  0.064783	  0.023360	  0.013079	  0.898778	
  0.114462	  0.267800	  0.027667	  0.590071	
  0.375247	  0.182652	  0.286456	  0.155646	
  0.381415	  0.155072	  0.217868	  0.245645	

URL http://cisbp.ccbr.utoronto.ca/TFreport.php?versionNumber=1.02&searchTF=T100065_1.02

MOTIF M1050_1.02 (PPA15416)_(Mus_musculus)_(DBD_0.90)

letter-probability matrix: alength= 4 w= 9 nsites= 1 E= 0
  0.166042	  0.344550	  0.226386	  0.263023	
  0.263913	  0.277444	  0.207601	  0.251042	
  0.216283	  0.378641	  0.143536	  0.261540	
  0.389871	  0.143425	  0.312879	  0.153825	
  0.132714	  0.100303	  0.096370	  0.670614	
  0.161095	  0.627657	  0.075339	  0.135910	
  0.543490	  0.165341	  0.122488	  0.168681	
  0.346709	  0.227804	  0.188385	  0.237101	
  0.282568	  0.229045	  0.222276	  0.266112	

URL http://cisbp.ccbr.utoronto.ca/TFreport.php?versionNumber=1.02&searchTF=T100040_1.02

MOTIF M1059_1.02 (Ppa-ceh-22)_(Mus_musculus)_(DBD_0.82)

letter-probability matrix: alength= 4 w= 10 nsites= 1 E= 0
  0.293147	  0.219351	  0.278850	  0.208653	
  0.267936	  0.299091	  0.327258	  0.105715	
  0.093655	  0.544363	  0.028492	  0.333491	
  0.572650	  0.179518	  0.039263	  0.208570	
  0.165816	  0.743137	  0.028815	  0.062233	
  0.068391	  0.019594	  0.000381	  0.911634	
  0.074279	  0.375338	  0.023054	  0.527330	
  0.341759	  0.224552	  0.277025	  0.156664	
  0.419927	  0.148425	  0.179483	  0.252164	
  0.275193	  0.249005	  0.277959	  0.197843	

URL http://cisbp.ccbr.utoronto.ca/TFreport.php?versionNumber=1.02&searchTF=T100043_1.02

MOTIF M1085_1.02 (Ppa-ceh-19)_(Caenorhabditis_elegans)_(DBD_0.74)

letter-probability matrix: alength= 4 w= 9 nsites= 1 E= 0
  0.141463	  0.262970	  0.153245	  0.442322	
  0.140870	  0.062667	  0.055581	  0.740881	
  0.653699	  0.052596	  0.071711	  0.221993	
  0.923705	  0.035460	  0.039189	  0.001646	
  0.158548	  0.118636	  0.073410	  0.649406	
  0.341859	  0.096005	  0.176690	  0.385445	
  0.185952	  0.067053	  0.623587	  0.123407	
  0.170282	  0.272449	  0.298107	  0.259162	
  0.152968	  0.314262	  0.202396	  0.330374	

URL http://cisbp.ccbr.utoronto.ca/TFreport.php?versionNumber=1.02&searchTF=T100044_1.02

MOTIF M1090_1.02 (Ppa-ceh-2)_(Drosophila_melanogaster)_(DBD_0.79)

letter-probability matrix: alength= 4 w= 9 nsites= 1 E= 0
  0.134584	  0.408378	  0.129307	  0.327731	
  0.081007	  0.082644	  0.003760	  0.832588	
  0.917579	  0.035224	  0.037403	  0.009794	
  0.976827	  0.001575	  0.006199	  0.015399	
  0.023296	  0.008071	  0.016916	  0.951717	
  0.078443	  0.045258	  0.284968	  0.591331	
  0.706465	  0.016950	  0.244759	  0.031826	
  0.168184	  0.356045	  0.318957	  0.156814	
  0.118714	  0.360221	  0.248817	  0.272249	

URL http://cisbp.ccbr.utoronto.ca/TFreport.php?versionNumber=1.02&searchTF=T100036_1.02

MOTIF M1092_1.02 (Ppa-ceh-14)_(Drosophila_melanogaster)_(DBD_0.84)

letter-probability matrix: alength= 4 w= 10 nsites= 1 E= 0
  0.216697	  0.313720	  0.239487	  0.230097	
  0.095574	  0.372375	  0.044252	  0.487798	
  0.513306	  0.185096	  0.192650	  0.108948	
  0.650499	  0.143702	  0.075773	  0.130027	
  0.056092	  0.142164	  0.007822	  0.793922	
  0.205435	  0.280095	  0.158401	  0.356070	
  0.340270	  0.184886	  0.184886	  0.289959	
  0.267116	  0.272512	  0.264458	  0.195915	
  0.194734	  0.260248	  0.302365	  0.242653	
  0.228970	  0.279665	  0.238314	  0.253051	

URL http://cisbp.ccbr.utoronto.ca/TFreport.php?versionNumber=1.02&searchTF=T100027_1.02

MOTIF M1096_1.02 (Ppa-ceh-45)_(Drosophila_melanogaster)_(DBD_0.74)

letter-probability matrix: alength= 4 w= 8 nsites= 1 E= 0
  0.207448	  0.325343	  0.141866	  0.325343	
  0.070500	  0.046787	  0.081909	  0.800803	
  0.823901	  0.041432	  0.064978	  0.069690	
  0.800902	  0.045410	  0.085263	  0.068425	
  0.078337	  0.041722	  0.098595	  0.781347	
  0.084961	  0.693803	  0.089317	  0.131919	
  0.101356	  0.577459	  0.132772	  0.188413	
  0.148880	  0.348326	  0.299807	  0.202987	

URL http://cisbp.ccbr.utoronto.ca/TFreport.php?versionNumber=1.02&searchTF=T100047_1.02

MOTIF M1125_1.02 (Ppa-ceh-1)_(Mus_musculus)_(DBD_0.79)

letter-probability matrix: alength= 4 w= 10 nsites= 1 E= 0
  0.232947	  0.273366	  0.293187	  0.200499	
  0.212847	  0.340554	  0.181376	  0.265223	
  0.136717	  0.049300	  0.011335	  0.802648	
  0.797526	  0.087489	  0.088368	  0.026616	
  0.889584	  0.000658	  0.045639	  0.064120	
  0.150641	  0.058844	  0.122107	  0.668408	
  0.186789	  0.142591	  0.242253	  0.428367	
  0.315574	  0.091322	  0.456867	  0.136237	
  0.212950	  0.281760	  0.314523	  0.190768	
  0.193573	  0.288776	  0.231748	  0.285903	

URL http://cisbp.ccbr.utoronto.ca/TFreport.php?versionNumber=1.02&searchTF=T100061_1.02

MOTIF M1156_1.02 (PPA10611)_(PBM_CONSTRUCTS)_(DBD_0.74)

letter-probability matrix: alength= 4 w= 9 nsites= 1 E= 0
  0.229533	  0.205624	  0.178761	  0.386082	
  0.232227	  0.177278	  0.108605	  0.481890	
  0.566605	  0.046047	  0.204315	  0.183032	
  0.810061	  0.045473	  0.063251	  0.081216	
  0.166118	  0.100756	  0.263143	  0.469984	
  0.104664	  0.320779	  0.050945	  0.523612	
  0.189773	  0.077156	  0.599340	  0.133731	
  0.214583	  0.286774	  0.251815	  0.246829	
  0.193770	  0.289071	  0.197685	  0.319473	

URL http://cisbp.ccbr.utoronto.ca/TFreport.php?versionNumber=1.02&searchTF=T100033_1.02

MOTIF M1164_1.02 (Ppa-ceh-13)_(Cupiennius_salei)_(DBD_0.74)

letter-probability matrix: alength= 4 w= 8 nsites= 1 E= 0
  0.154141	  0.460890	  0.307515	  0.077454	
  0.000554	  0.000554	  0.000554	  0.998337	
  0.998424	  0.000525	  0.000525	  0.000525	
  0.998424	  0.000525	  0.000525	  0.000525	
  0.000525	  0.000525	  0.000525	  0.998424	
  0.000525	  0.000525	  0.000525	  0.998424	
  0.998337	  0.000554	  0.000554	  0.000554	
  0.690951	  0.154141	  0.077454	  0.077454	

URL http://cisbp.ccbr.utoronto.ca/TFreport.php?versionNumber=1.02&searchTF=T100054_1.02

MOTIF M1223_1.02 (Ppa-ceh-8)_(Mus_musculus)_(DBD_0.93)

letter-probability matrix: alength= 4 w= 8 nsites= 1 E= 0
  0.027268	  0.108261	  0.000270	  0.864201	
  0.022934	  0.022934	  0.000227	  0.953906	
  0.999362	  0.000213	  0.000213	  0.000213	
  0.999376	  0.000208	  0.000208	  0.000208	
  0.000208	  0.000208	  0.000208	  0.999376	
  0.000208	  0.041840	  0.104288	  0.853664	
  0.526025	  0.184280	  0.184280	  0.105415	
  0.148299	  0.037352	  0.740015	  0.074334	

URL http://cisbp.ccbr.utoronto.ca/TFreport.php?versionNumber=1.02&searchTF=T100019_1.02

MOTIF M1229_1.02 (Ppa-unc-86)_(Caenorhabditis_elegans)_(DBD_0.92)

letter-probability matrix: alength= 4 w= 8 nsites= 1 E= 0
  0.498756	  0.001244	  0.250000	  0.250000	
  0.000996	  0.000996	  0.000996	  0.997012	
  0.997012	  0.000996	  0.000996	  0.000996	
  0.000906	  0.000906	  0.091486	  0.906703	
  0.000906	  0.000906	  0.906703	  0.091486	
  0.091486	  0.906703	  0.000906	  0.000906	
  0.997012	  0.000996	  0.000996	  0.000996	
  0.001420	  0.001420	  0.001420	  0.995739	

URL http://cisbp.ccbr.utoronto.ca/TFreport.php?versionNumber=1.02&searchTF=T105293_1.02

MOTIF M1244_1.02 (PPA28710)_(Caenorhabditis_elegans)_(DBD_0.74)

letter-probability matrix: alength= 4 w= 8 nsites= 1 E= 0
  0.031523	  0.031523	  0.031523	  0.905431	
  0.102715	  0.000256	  0.871158	  0.025871	
  0.190533	  0.737631	  0.000238	  0.071598	
  0.910524	  0.044627	  0.000222	  0.044627	
  0.000222	  0.000222	  0.000222	  0.999334	
  0.999334	  0.000222	  0.000222	  0.000222	
  0.552313	  0.026551	  0.026551	  0.394585	
  0.115591	  0.077189	  0.038786	  0.768433	

URL http://cisbp.ccbr.utoronto.ca/TFreport.php?versionNumber=1.02&searchTF=T105294_1.02

MOTIF M1247_1.02 (Ppa-ceh-6)_(Xenopus_laevis)_(DBD_0.71)

letter-probability matrix: alength= 4 w= 10 nsites= 1 E= 0
  0.289447	  0.194022	  0.190180	  0.326351	
  0.306926	  0.218461	  0.199658	  0.274955	
  0.149706	  0.307560	  0.127571	  0.415163	
  0.198893	  0.102798	  0.404547	  0.293761	
  0.371286	  0.360313	  0.103231	  0.165170	
  0.900218	  0.010513	  0.053658	  0.035610	
  0.023723	  0.015744	  0.010553	  0.949980	
  0.335175	  0.057091	  0.060622	  0.547112	
  0.604681	  0.106134	  0.073310	  0.215875	
  0.297421	  0.161604	  0.195420	  0.345554	

URL http://cisbp.ccbr.utoronto.ca/TFreport.php?versionNumber=1.02&searchTF=T105292_1.02

MOTIF M1298_1.02 (Ppa-unc-120)_(Mus_musculus)_(DBD_0.94)

letter-probability matrix: alength= 4 w= 10 nsites= 1 E= 0
  0.212984	  0.416099	  0.142972	  0.227946	
  0.201998	  0.401559	  0.182516	  0.213926	
  0.432247	  0.083239	  0.179282	  0.305232	
  0.394149	  0.098816	  0.146383	  0.360652	
  0.532912	  0.075998	  0.118189	  0.272901	
  0.272901	  0.118189	  0.075998	  0.532912	
  0.360652	  0.146383	  0.098816	  0.394149	
  0.305232	  0.179282	  0.083239	  0.432247	
  0.213926	  0.182516	  0.401559	  0.201998	
  0.227946	  0.142972	  0.416099	  0.212984	

URL http://cisbp.ccbr.utoronto.ca/TFreport.php?versionNumber=1.02&searchTF=T111888_1.02

MOTIF M1457_1.02 (Ppa-unc-55)_(Mus_musculus)_(DBD_0.79)

letter-probability matrix: alength= 4 w= 8 nsites= 1 E= 0
  0.248736	  0.182434	  0.309944	  0.258887	
  0.081847	  0.193417	  0.049643	  0.675093	
  0.142543	  0.055127	  0.796035	  0.006294	
  0.799098	  0.119520	  0.068271	  0.013111	
  0.105114	  0.833006	  0.008628	  0.053252	
  0.095014	  0.848972	  0.007878	  0.048136	
  0.034152	  0.446223	  0.055192	  0.464433	
  0.175237	  0.418274	  0.111736	  0.294753	

URL http://cisbp.ccbr.utoronto.ca/TFreport.php?versionNumber=1.02&searchTF=T134548_1.02

MOTIF M1461_1.02 (Ppa-nhr-48)_(Caenorhabditis_elegans)_(DBD_0.76)

letter-probability matrix: alength= 4 w= 10 nsites= 1 E= 0
  0.259241	  0.214382	  0.259241	  0.267136	
  0.312577	  0.159948	  0.205378	  0.322097	
  0.073420	  0.132449	  0.008725	  0.785405	
  0.032259	  0.007797	  0.947468	  0.012476	
  0.097503	  0.468661	  0.018172	  0.415665	
  0.808034	  0.180297	  0.000258	  0.011411	
  0.002959	  0.977229	  0.008625	  0.011187	
  0.010770	  0.069186	  0.016068	  0.903976	
  0.156486	  0.174681	  0.040567	  0.628266	
  0.250740	  0.130898	  0.161485	  0.456877	

URL http://cisbp.ccbr.utoronto.ca/TFreport.php?versionNumber=1.02&searchTF=T134614_1.02

MOTIF M1469_1.02 (Ppa-nhr-23)_(Drosophila_melanogaster)_(DBD_0.71)

letter-probability matrix: alength= 4 w= 8 nsites= 1 E= 0
  0.221383	  0.221383	  0.290064	  0.267170	
  0.000059	  0.100627	  0.000059	  0.899255	
  0.000054	  0.005429	  0.994464	  0.000054	
  0.994464	  0.000054	  0.005429	  0.000054	
  0.005429	  0.994464	  0.000054	  0.000054	
  0.000054	  0.999839	  0.000054	  0.000054	
  0.000077	  0.407644	  0.000077	  0.592202	
  0.202148	  0.361655	  0.244683	  0.191514	

URL http://cisbp.ccbr.utoronto.ca/TFreport.php?versionNumber=1.02&searchTF=T134637_1.02

MOTIF M1472_1.02 (Ppa-fax-1)_(Drosophila_pseudoobscura)_(DBD_0.89)

letter-probability matrix: alength= 4 w= 8 nsites= 1 E= 0
  0.143466	  0.001420	  0.285511	  0.569602	
  0.000906	  0.000906	  0.000906	  0.997283	
  0.000906	  0.091486	  0.906703	  0.000906	
  0.997283	  0.000906	  0.000906	  0.000906	
  0.000906	  0.000906	  0.000906	  0.997283	
  0.000906	  0.906703	  0.091486	  0.000906	
  0.091486	  0.091486	  0.000906	  0.816123	
  0.000996	  0.598606	  0.000996	  0.399402	

URL http://cisbp.ccbr.utoronto.ca/TFreport.php?versionNumber=1.02&searchTF=T134528_1.02

MOTIF M1473_1.02 (PPA20304)_(Caenorhabditis_elegans)_(DBD_0.86)

letter-probability matrix: alength= 4 w= 10 nsites= 1 E= 0
  0.287404	  0.206622	  0.235307	  0.270667	
  0.217614	  0.235738	  0.215448	  0.331200	
  0.030812	  0.190165	  0.000116	  0.778907	
  0.169077	  0.086518	  0.620395	  0.124009	
  0.480182	  0.102942	  0.238451	  0.178424	
  0.247104	  0.247104	  0.032454	  0.473338	
  0.115008	  0.661826	  0.096063	  0.127104	
  0.125570	  0.123084	  0.129394	  0.621952	
  0.237052	  0.230046	  0.138142	  0.394760	
  0.226196	  0.181526	  0.167570	  0.424708	

URL http://cisbp.ccbr.utoronto.ca/TFreport.php?versionNumber=1.02&searchTF=T134616_1.02

MOTIF M1533_1.02 (Ppa-daf-19)_(Tetraodon_nigroviridis)_(DBD_0.38)

letter-probability matrix: alength= 4 w= 10 nsites= 1 E= 0
  0.099097	  0.002151	  0.876640	  0.022111	
  0.031155	  0.041636	  0.039211	  0.887998	
  0.200398	  0.235169	  0.019694	  0.544739	
  0.265306	  0.036266	  0.534261	  0.164167	
  0.049360	  0.691691	  0.062749	  0.196201	
  0.032642	  0.466656	  0.099047	  0.401655	
  0.664750	  0.079791	  0.114367	  0.141092	
  0.279005	  0.151598	  0.279005	  0.290392	
  0.120724	  0.130778	  0.660835	  0.087663	
  0.203722	  0.201695	  0.410247	  0.184336	

URL http://cisbp.ccbr.utoronto.ca/TFreport.php?versionNumber=1.02&searchTF=T139025_1.02

MOTIF M1574_1.02 (Ppa-sma-4)_(Caenorhabditis_elegans)_(DBD_0.80)

letter-probability matrix: alength= 4 w= 11 nsites= 1 E= 0
  0.330663	  0.223112	  0.223112	  0.223112	
  0.272757	  0.228295	  0.299748	  0.199199	
  0.033076	  0.033076	  0.033076	  0.900773	
  0.000115	  0.000115	  0.917099	  0.082672	
  0.082672	  0.000115	  0.000115	  0.917099	
  0.000115	  0.999656	  0.000115	  0.000115	
  0.000115	  0.000115	  0.000115	  0.999656	
  0.214516	  0.000115	  0.785254	  0.000115	
  0.027002	  0.027002	  0.836436	  0.109560	
  0.359996	  0.241673	  0.255945	  0.142386	
  0.217039	  0.348883	  0.217039	  0.217039	

URL http://cisbp.ccbr.utoronto.ca/TFreport.php?versionNumber=1.02&searchTF=T142317_1.02

MOTIF M1605_1.02 (Ppa-sox-3)_(Mus_musculus)_(DBD_0.93)

letter-probability matrix: alength= 4 w= 10 nsites= 1 E= 0
  0.635476	  0.088621	  0.044450	  0.231452	
  0.007154	  0.093468	  0.047352	  0.852026	
  0.043754	  0.082154	  0.012662	  0.861430	
  0.138598	  0.442117	  0.296360	  0.122925	
  0.471352	  0.116234	  0.083563	  0.328851	
  0.203189	  0.217922	  0.169718	  0.409172	
  0.225655	  0.298570	  0.208305	  0.267470	
  0.254329	  0.251798	  0.221103	  0.272770	
  0.273662	  0.245155	  0.204771	  0.276412	
  0.245589	  0.260775	  0.222218	  0.271418	

URL http://cisbp.ccbr.utoronto.ca/TFreport.php?versionNumber=1.02&searchTF=T146125_1.02

MOTIF M1609_1.02 (Ppa-egl-13)_(Caenorhabditis_elegans)_(DBD_0.94)

letter-probability matrix: alength= 4 w= 10 nsites= 1 E= 0
  0.450923	  0.148771	  0.148771	  0.251536	
  0.298333	  0.204180	  0.289058	  0.208429	
  0.896801	  0.000144	  0.000144	  0.102910	
  0.910076	  0.089635	  0.000144	  0.000144	
  0.089635	  0.807310	  0.000144	  0.102910	
  0.999567	  0.000144	  0.000144	  0.000144	
  0.999567	  0.000144	  0.000144	  0.000144	
  0.000144	  0.000144	  0.000144	  0.999567	
  0.609680	  0.101374	  0.101374	  0.187572	
  0.240264	  0.237286	  0.371677	  0.150773	

URL http://cisbp.ccbr.utoronto.ca/TFreport.php?versionNumber=1.02&searchTF=T146144_1.02

MOTIF M1641_1.02 (Ppa-tbp-1)_(Mus_musculus)_(DBD_0.83)

letter-probability matrix: alength= 4 w= 7 nsites= 1 E= 0
  0.486500	  0.104296	  0.119969	  0.289234	
  0.014489	  0.191210	  0.078521	  0.715780	
  0.639678	  0.069475	  0.000533	  0.290314	
  0.371463	  0.095340	  0.000769	  0.532428	
  0.515031	  0.123251	  0.123251	  0.238466	
  0.400342	  0.112429	  0.110202	  0.377028	
  0.323600	  0.170632	  0.188577	  0.317192	

URL http://cisbp.ccbr.utoronto.ca/TFreport.php?versionNumber=1.02&searchTF=T150732_1.02

MOTIF M1970_1.02 (Ppa-nfi-1)_(Homo_sapiens)_(DBD_0.71)

letter-probability matrix: alength= 4 w= 6 nsites= 1 E= 0
  0.209346	  0.171586	  0.141927	  0.477141	
  0.023437	  0.023148	  0.776042	  0.177373	
