MEME version 4

ALPHABET= ACGT

strands: + -

Background letter frequencies (from uniform background):
A 0.25000 C 0.25000 G 0.25000 T 0.25000 

MOTIF M0001_1.02 ABF1

letter-probability matrix: alength= 4 w= 8 nsites= 1 E= 0
  0.009615	  0.009615	  0.009615	  0.971154	
  0.009615	  0.009615	  0.009615	  0.971154	
  0.971154	  0.009615	  0.009615	  0.009615	
  0.009615	  0.009615	  0.009615	  0.971154	
  0.009615	  0.971154	  0.009615	  0.009615	
  0.971154	  0.009615	  0.009615	  0.009615	
  0.009615	  0.971154	  0.009615	  0.009615	
  0.009615	  0.009615	  0.009615	  0.971154	

URL http://cisbp.ccbr.utoronto.ca/TFreport.php?versionNumber=1.02&searchTF=T000176_1.02

MOTIF M0002_1.02 AFT1

letter-probability matrix: alength= 4 w= 11 nsites= 1 E= 0
  0.321949	  0.226017	  0.226017	  0.226017	
  0.191661	  0.099705	  0.191166	  0.517468	
  0.022580	  0.111111	  0.022580	  0.843729	
  0.000167	  0.087642	  0.822336	  0.089855	
  0.000167	  0.999498	  0.000167	  0.000167	
  0.822336	  0.177330	  0.000167	  0.000167	
  0.000167	  0.999498	  0.000167	  0.000167	
  0.000167	  0.999498	  0.000167	  0.000167	
  0.024150	  0.927550	  0.024150	  0.024150	
  0.150463	  0.256746	  0.442329	  0.150463	
  0.227587	  0.227587	  0.317238	  0.227587	

URL http://cisbp.ccbr.utoronto.ca/TFreport.php?versionNumber=1.02&searchTF=T000387_1.02

MOTIF M0003_1.02 AFT2

letter-probability matrix: alength= 4 w= 10 nsites= 1 E= 0
  0.297121	  0.199166	  0.191357	  0.312355	
  0.258788	  0.253663	  0.201544	  0.286005	
  0.206317	  0.281298	  0.242116	  0.270268	
  0.379793	  0.160714	  0.314073	  0.145420	
  0.067447	  0.863795	  0.028257	  0.040501	
  0.849665	  0.046751	  0.090454	  0.013129	
  0.032992	  0.949827	  0.000466	  0.016715	
  0.154413	  0.788102	  0.017455	  0.040030	
  0.105126	  0.635977	  0.005448	  0.253449	
  0.198322	  0.320502	  0.221382	  0.259794	

URL http://cisbp.ccbr.utoronto.ca/TFreport.php?versionNumber=1.02&searchTF=T000388_1.02

MOTIF M0091_1.02 MBP1

letter-probability matrix: alength= 4 w= 8 nsites= 1 E= 0
  0.233581	  0.270067	  0.029262	  0.467090	
  0.604440	  0.022650	  0.158213	  0.214697	
  0.000047	  0.995119	  0.004786	  0.000047	
  0.028344	  0.000047	  0.971562	  0.000047	
  0.000047	  0.919685	  0.000047	  0.080221	
  0.000047	  0.004763	  0.995142	  0.000047	
  0.131456	  0.108604	  0.000057	  0.759883	
  0.015947	  0.563393	  0.166693	  0.253967	

URL http://cisbp.ccbr.utoronto.ca/TFreport.php?versionNumber=1.02&searchTF=T005322_1.02

MOTIF M0093_1.02 SWI4

letter-probability matrix: alength= 4 w= 8 nsites= 1 E= 0
  0.349967	  0.100050	  0.449933	  0.100050	
  0.783819	  0.037090	  0.055604	  0.123488	
  0.000052	  0.999843	  0.000052	  0.000052	
  0.057332	  0.000052	  0.942564	  0.000052	
  0.005259	  0.994637	  0.000052	  0.000052	
  0.005259	  0.026088	  0.968600	  0.000052	
  0.651509	  0.129063	  0.045214	  0.174213	
  0.546119	  0.092490	  0.117692	  0.243700	

URL http://cisbp.ccbr.utoronto.ca/TFreport.php?versionNumber=1.02&searchTF=T005323_1.02

MOTIF M0094_1.02 XBP1

letter-probability matrix: alength= 4 w= 8 nsites= 1 E= 0
  0.139169	  0.130476	  0.278251	  0.452104	
  0.013049	  0.818034	  0.026032	  0.142885	
  0.000050	  0.000050	  0.000050	  0.999851	
  0.000050	  0.999851	  0.000050	  0.000050	
  0.000050	  0.000050	  0.999851	  0.000050	
  0.999851	  0.000050	  0.000050	  0.000050	
  0.626487	  0.057011	  0.278474	  0.038028	
  0.142891	  0.230165	  0.476119	  0.150825	

URL http://cisbp.ccbr.utoronto.ca/TFreport.php?versionNumber=1.02&searchTF=T005324_1.02

MOTIF M0096_1.02 PHD1

letter-probability matrix: alength= 4 w= 8 nsites= 1 E= 0
  0.000587	  0.117958	  0.880869	  0.000587	
  0.368172	  0.578256	  0.053046	  0.000525	
  0.000475	  0.000475	  0.000475	  0.998574	
  0.000475	  0.000475	  0.998574	  0.000475	
  0.000475	  0.998574	  0.000475	  0.000475	
  0.998574	  0.000475	  0.000475	  0.000475	
  0.053046	  0.053046	  0.630777	  0.263130	
  0.000767	  0.154141	  0.844325	  0.000767	

URL http://cisbp.ccbr.utoronto.ca/TFreport.php?versionNumber=1.02&searchTF=T005325_1.02

MOTIF M0098_1.02 SOK2

letter-probability matrix: alength= 4 w= 11 nsites= 1 E= 0
  0.225027	  0.225027	  0.225027	  0.324920	
  0.180909	  0.180909	  0.367512	  0.270669	
  0.075340	  0.683880	  0.075340	  0.165440	
  0.407120	  0.592518	  0.000181	  0.000181	
  0.000181	  0.000181	  0.000181	  0.999457	
  0.000181	  0.000181	  0.999457	  0.000181	
  0.000181	  0.999457	  0.000181	  0.000181	
  0.999457	  0.000181	  0.000181	  0.000181	
  0.025154	  0.025154	  0.621172	  0.328519	
  0.069272	  0.159432	  0.702024	  0.069272	
  0.174841	  0.174841	  0.174841	  0.475477	

URL http://cisbp.ccbr.utoronto.ca/TFreport.php?versionNumber=1.02&searchTF=T005326_1.02

MOTIF M0128_1.02 (ORC2)_(Meleagris_gallopavo)_(DBD_0.54)

letter-probability matrix: alength= 4 w= 10 nsites= 1 E= 0
  0.314753	  0.173580	  0.119888	  0.391779	
  0.398793	  0.102590	  0.146381	  0.352236	
  0.377309	  0.146069	  0.181421	  0.295201	
  0.269905	  0.272333	  0.062123	  0.395639	
  0.323522	  0.171271	  0.193764	  0.311444	
  0.311444	  0.193764	  0.171271	  0.323522	
  0.395639	  0.062123	  0.272333	  0.269905	
  0.295201	  0.181421	  0.146069	  0.377309	
  0.352236	  0.146381	  0.102590	  0.398793	
  0.391779	  0.119888	  0.173580	  0.314753	

URL http://cisbp.ccbr.utoronto.ca/TFreport.php?versionNumber=1.02&searchTF=T008769_1.02

MOTIF M0142_1.02 SUM1

letter-probability matrix: alength= 4 w= 7 nsites= 1 E= 0
  0.282959	  0.248465	  0.245993	  0.222583	
  0.316659	  0.184532	  0.236944	  0.261864	
  0.377778	  0.112652	  0.209413	  0.300157	
  0.616393	  0.068985	  0.111484	  0.203138	
  0.675764	  0.042770	  0.063171	  0.218294	
  0.326032	  0.133887	  0.082023	  0.458058	
  0.321153	  0.137266	  0.112384	  0.429198	

URL http://cisbp.ccbr.utoronto.ca/TFreport.php?versionNumber=1.02&searchTF=T008770_1.02

MOTIF M0241_1.02 RTG3

letter-probability matrix: alength= 4 w= 12 nsites= 1 E= 0
  0.324652	  0.225116	  0.225116	  0.225116	
  0.097676	  0.097676	  0.532933	  0.271715	
  0.096401	  0.765160	  0.119132	  0.019307	
  0.687800	  0.096666	  0.119132	  0.096401	
  0.000162	  0.823109	  0.099987	  0.076741	
  0.077256	  0.077521	  0.768481	  0.076741	
  0.099987	  0.077521	  0.000162	  0.822329	
  0.077521	  0.000162	  0.922154	  0.000162	
  0.787419	  0.162488	  0.025046	  0.025046	
  0.229065	  0.293041	  0.152486	  0.325408	
  0.230855	  0.230855	  0.230855	  0.307434	
  0.230855	  0.230855	  0.230855	  0.307434	

URL http://cisbp.ccbr.utoronto.ca/TFreport.php?versionNumber=1.02&searchTF=T018416_1.02

MOTIF M0242_1.02 PHO4

letter-probability matrix: alength= 4 w= 10 nsites= 1 E= 0
  0.274529	  0.275250	  0.274073	  0.176149	
  0.074001	  0.671519	  0.180479	  0.074001	
  0.000009	  0.999972	  0.000009	  0.000009	
  0.999972	  0.000009	  0.000009	  0.000009	
  0.000009	  0.999972	  0.000009	  0.000009	
  0.000009	  0.000009	  0.999972	  0.000009	
  0.000009	  0.000009	  0.000009	  0.999972	
  0.000009	  0.000009	  0.999972	  0.000009	
  0.073861	  0.577172	  0.177537	  0.171430	
  0.272951	  0.273391	  0.176009	  0.277649	

URL http://cisbp.ccbr.utoronto.ca/TFreport.php?versionNumber=1.02&searchTF=T018418_1.02

MOTIF M0244_1.02 CBF1

letter-probability matrix: alength= 4 w= 11 nsites= 1 E= 0
  0.310339	  0.229887	  0.229887	  0.229887	
  0.269895	  0.140964	  0.448177	  0.140964	
  0.023264	  0.023264	  0.118648	  0.834823	
  0.075323	  0.766428	  0.000203	  0.158045	
  0.841548	  0.000203	  0.000203	  0.158045	
  0.000203	  0.766428	  0.000203	  0.233165	
  0.075323	  0.000203	  0.924271	  0.000203	
  0.000203	  0.000203	  0.000203	  0.999390	
  0.095436	  0.020316	  0.786541	  0.097707	
  0.207773	  0.400191	  0.109239	  0.282796	
  0.319184	  0.226939	  0.226939	  0.226939	

URL http://cisbp.ccbr.utoronto.ca/TFreport.php?versionNumber=1.02&searchTF=T018419_1.02

MOTIF M0247_1.02 TYE7

letter-probability matrix: alength= 4 w= 8 nsites= 1 E= 0
  0.497525	  0.250000	  0.250000	  0.002475	
  0.001420	  0.143466	  0.001420	  0.853693	
  0.001420	  0.995739	  0.001420	  0.001420	
  0.995739	  0.001420	  0.001420	  0.001420	
  0.001420	  0.995739	  0.001420	  0.001420	
  0.001420	  0.001420	  0.995739	  0.001420	
  0.001420	  0.001420	  0.001420	  0.995739	
  0.001420	  0.001420	  0.995739	  0.001420	

URL http://cisbp.ccbr.utoronto.ca/TFreport.php?versionNumber=1.02&searchTF=T018423_1.02

MOTIF M0351_1.02 YAP6

letter-probability matrix: alength= 4 w= 11 nsites= 1 E= 0
  0.230941	  0.230941	  0.307177	  0.230941	
  0.370531	  0.209823	  0.209823	  0.209823	
  0.044115	  0.044115	  0.559057	  0.352713	
  0.180302	  0.000168	  0.510764	  0.308766	
  0.476335	  0.094344	  0.429152	  0.000168	
  0.167738	  0.153303	  0.523328	  0.155631	
  0.086126	  0.000168	  0.819362	  0.094344	
  0.690898	  0.000168	  0.000168	  0.308766	
  0.680965	  0.019227	  0.280580	  0.019227	
  0.704298	  0.040345	  0.120836	  0.134521	
  0.206053	  0.300229	  0.206053	  0.287665	

URL http://cisbp.ccbr.utoronto.ca/TFreport.php?versionNumber=1.02&searchTF=T028093_1.02

MOTIF M0352_1.02 GCN4

letter-probability matrix: alength= 4 w= 10 nsites= 1 E= 0
  0.211517	  0.183884	  0.282677	  0.321921	
  0.431823	  0.132690	  0.350029	  0.085457	
  0.003684	  0.000104	  0.000000	  0.996212	
  0.003146	  0.021457	  0.850682	  0.124716	
  0.985610	  0.004871	  0.003265	  0.006254	
  0.054920	  0.630099	  0.207655	  0.107327	
  0.226603	  0.085046	  0.213406	  0.474945	
  0.232372	  0.491932	  0.127529	  0.148167	
  0.469883	  0.185394	  0.183549	  0.161174	
  0.230654	  0.257474	  0.200521	  0.311351	

URL http://cisbp.ccbr.utoronto.ca/TFreport.php?versionNumber=1.02&searchTF=T028095_1.02

MOTIF M0353_1.02 HAC1

letter-probability matrix: alength= 4 w= 10 nsites= 1 E= 0
  0.353816	  0.157398	  0.244393	  0.244393	
  0.211817	  0.173421	  0.378314	  0.236447	
  0.282621	  0.049606	  0.499749	  0.168024	
  0.471319	  0.430753	  0.001814	  0.096114	
  0.095243	  0.793481	  0.018848	  0.092428	
  0.926944	  0.009993	  0.007256	  0.055807	
  0.080735	  0.863657	  0.033824	  0.021784	
  0.098975	  0.137672	  0.695667	  0.067685	
  0.101851	  0.136117	  0.133421	  0.628611	
  0.318650	  0.182016	  0.277021	  0.222314	

URL http://cisbp.ccbr.utoronto.ca/TFreport.php?versionNumber=1.02&searchTF=T028097_1.02

MOTIF M0354_1.02 YAP3

letter-probability matrix: alength= 4 w= 10 nsites= 1 E= 0
  0.286730	  0.276761	  0.218254	  0.218254	
  0.465755	  0.158579	  0.158579	  0.217086	
  0.000052	  0.000052	  0.000052	  0.999845	
  0.000052	  0.000052	  0.121061	  0.878836	
  0.941338	  0.000052	  0.000052	  0.058559	
  0.000052	  0.999845	  0.000052	  0.000052	
  0.050927	  0.000052	  0.525333	  0.423689	
  0.365182	  0.000052	  0.000052	  0.634715	
  0.904608	  0.031797	  0.031797	  0.031797	
  0.525751	  0.091472	  0.215662	  0.167115	

URL http://cisbp.ccbr.utoronto.ca/TFreport.php?versionNumber=1.02&searchTF=T028098_1.02

MOTIF M0355_1.02 CST6

letter-probability matrix: alength= 4 w= 8 nsites= 1 E= 0
  0.712963	  0.000712	  0.285613	  0.000712	
  0.000475	  0.000475	  0.000475	  0.998574	
  0.048004	  0.000475	  0.808460	  0.143061	
  0.998574	  0.000475	  0.000475	  0.000475	
  0.000475	  0.951046	  0.000475	  0.048004	
  0.095532	  0.000475	  0.903517	  0.000475	
  0.000475	  0.000475	  0.000475	  0.998574	
  0.499288	  0.285613	  0.000712	  0.214387	

URL http://cisbp.ccbr.utoronto.ca/TFreport.php?versionNumber=1.02&searchTF=T028099_1.02

MOTIF M0356_1.02 YAP1

letter-probability matrix: alength= 4 w= 10 nsites= 1 E= 0
  0.156235	  0.237783	  0.384275	  0.221707	
  0.402756	  0.386964	  0.121308	  0.088973	
  0.035172	  0.000320	  0.057412	  0.907096	
  0.017446	  0.032431	  0.336670	  0.613453	
  0.855397	  0.000658	  0.054684	  0.089261	
  0.042605	  0.534839	  0.242734	  0.179822	
  0.218505	  0.142140	  0.286234	  0.353121	
  0.409661	  0.197419	  0.112768	  0.280152	
  0.575008	  0.129591	  0.153605	  0.141795	
  0.297790	  0.163431	  0.231919	  0.306859	

URL http://cisbp.ccbr.utoronto.ca/TFreport.php?versionNumber=1.02&searchTF=T028104_1.02

MOTIF M0357_1.02 CIN5

letter-probability matrix: alength= 4 w= 10 nsites= 1 E= 0
  0.116441	  0.076507	  0.663402	  0.143650	
  0.444801	  0.453787	  0.087150	  0.014262	
  0.002919	  0.018567	  0.023840	  0.954674	
  0.050593	  0.018612	  0.155060	  0.775735	
  0.965859	  0.022044	  0.001368	  0.010730	
  0.077309	  0.600531	  0.139465	  0.182694	
  0.347681	  0.110089	  0.433237	  0.108993	
  0.089608	  0.054896	  0.046780	  0.808716	
  0.657744	  0.172227	  0.103422	  0.066607	
  0.760955	  0.072572	  0.077834	  0.088639	

URL http://cisbp.ccbr.utoronto.ca/TFreport.php?versionNumber=1.02&searchTF=T028109_1.02

MOTIF M0500_1.02 REI1

letter-probability matrix: alength= 4 w= 8 nsites= 1 E= 0
  0.205151	  0.179523	  0.051384	  0.563942	
  0.252251	  0.711545	  0.009096	  0.027107	
  0.971628	  0.014151	  0.014151	  0.000070	
  0.056393	  0.000070	  0.943467	  0.000070	
  0.000070	  0.000070	  0.999789	  0.000070	
  0.014151	  0.021191	  0.894185	  0.070473	
  0.138496	  0.038527	  0.815211	  0.007767	
  0.163495	  0.384564	  0.201942	  0.250000	

URL http://cisbp.ccbr.utoronto.ca/TFreport.php?versionNumber=1.02&searchTF=T061530_1.02

MOTIF M0501_1.02 RPN4

letter-probability matrix: alength= 4 w= 10 nsites= 1 E= 0
  0.226640	  0.295020	  0.246285	  0.232055	
  0.024287	  0.024287	  0.927140	  0.024287	
  0.000035	  0.000035	  0.999896	  0.000035	
  0.000035	  0.000035	  0.000035	  0.999896	
  0.000035	  0.000035	  0.999896	  0.000035	
  0.000035	  0.000035	  0.999896	  0.000035	
  0.000035	  0.999896	  0.000035	  0.000035	
  0.202692	  0.000035	  0.797239	  0.000035	
  0.374611	  0.197949	  0.194398	  0.233041	
  0.322756	  0.225748	  0.225748	  0.225748	

URL http://cisbp.ccbr.utoronto.ca/TFreport.php?versionNumber=1.02&searchTF=T061531_1.02

MOTIF M0503_1.02 STP4

letter-probability matrix: alength= 4 w= 9 nsites= 1 E= 0
  0.386467	  0.190004	  0.239140	  0.184389	
  0.365263	  0.151505	  0.323959	  0.159273	
  0.230840	  0.442184	  0.162670	  0.164305	
  0.143801	  0.012916	  0.254279	  0.589004	
  0.038439	  0.698591	  0.225668	  0.037303	
  0.131629	  0.022646	  0.080639	  0.765085	
  0.484548	  0.134722	  0.299830	  0.080900	
  0.185433	  0.119426	  0.504060	  0.191081	
  0.296229	  0.183302	  0.252430	  0.268039	

URL http://cisbp.ccbr.utoronto.ca/TFreport.php?versionNumber=1.02&searchTF=T061532_1.02

MOTIF M0505_1.02 NRG1

letter-probability matrix: alength= 4 w= 9 nsites= 1 E= 0
  0.263492	  0.243234	  0.199143	  0.294131	
  0.339564	  0.339564	  0.132643	  0.188229	
  0.647289	  0.100765	  0.200897	  0.051049	
  0.040855	  0.000148	  0.925212	  0.033785	
  0.000055	  0.000044	  0.999595	  0.000306	
  0.022743	  0.000055	  0.976769	  0.000434	
  0.250759	  0.118450	  0.099932	  0.530858	
  0.130351	  0.512975	  0.116773	  0.239901	
  0.125682	  0.461166	  0.141707	  0.271445	

URL http://cisbp.ccbr.utoronto.ca/TFreport.php?versionNumber=1.02&searchTF=T061534_1.02

MOTIF M0506_1.02 GIS1

letter-probability matrix: alength= 4 w= 10 nsites= 1 E= 0
  0.330313	  0.169024	  0.210617	  0.290046	
  0.354136	  0.172376	  0.165617	  0.307871	
  0.254482	  0.141066	  0.112082	  0.492370	
  0.268935	  0.149078	  0.045808	  0.536179	
  0.895324	  0.056103	  0.020434	  0.028140	
  0.214687	  0.004433	  0.779910	  0.000970	
  0.001076	  0.003264	  0.985249	  0.010411	
  0.007381	  0.004613	  0.981327	  0.006679	
  0.078682	  0.004160	  0.884847	  0.032311	
  0.224942	  0.146327	  0.238851	  0.389881	

URL http://cisbp.ccbr.utoronto.ca/TFreport.php?versionNumber=1.02&searchTF=T061535_1.02

MOTIF M0507_1.02 SWI5

letter-probability matrix: alength= 4 w= 11 nsites= 1 E= 0
  0.319888	  0.226704	  0.226704	  0.226704	
  0.333162	  0.191218	  0.284402	  0.191218	
  0.093566	  0.093566	  0.182389	  0.630479	
  0.000184	  0.000184	  0.999448	  0.000184	
  0.000184	  0.999448	  0.000184	  0.000184	
  0.000184	  0.000184	  0.000184	  0.999448	
  0.000184	  0.000184	  0.999448	  0.000184	
  0.000184	  0.000184	  0.999448	  0.000184	
  0.023480	  0.111479	  0.120419	  0.744622	
  0.264277	  0.324611	  0.058966	  0.352146	
  0.347272	  0.339492	  0.156618	  0.156618	

URL http://cisbp.ccbr.utoronto.ca/TFreport.php?versionNumber=1.02&searchTF=T061536_1.02

MOTIF M0508_1.02 ADR1

letter-probability matrix: alength= 4 w= 10 nsites= 1 E= 0
  0.288711	  0.203615	  0.304059	  0.203615	
  0.176117	  0.080211	  0.272399	  0.471273	
  0.000028	  0.000028	  0.799607	  0.200336	
  0.000028	  0.418307	  0.000028	  0.581637	
  0.000028	  0.000028	  0.999915	  0.000028	
  0.000028	  0.000028	  0.999915	  0.000028	
  0.000028	  0.000028	  0.999915	  0.000028	
  0.000028	  0.000028	  0.999915	  0.000028	
  0.046413	  0.046413	  0.046413	  0.860761	
  0.490550	  0.169817	  0.169817	  0.169817	

URL http://cisbp.ccbr.utoronto.ca/TFreport.php?versionNumber=1.02&searchTF=T061537_1.02

MOTIF M0509_1.02 MET32

letter-probability matrix: alength= 4 w= 10 nsites= 1 E= 0
  0.117161	  0.359080	  0.338169	  0.185591	
  0.074211	  0.093402	  0.077240	  0.755147	
  0.011987	  0.000312	  0.986158	  0.001543	
  0.000719	  0.039240	  0.016440	  0.943601	
  0.004868	  0.000000	  0.994952	  0.000180	
  0.000367	  0.000520	  0.998761	  0.000352	
  0.014779	  0.946909	  0.000855	  0.037457	
  0.058338	  0.005620	  0.669310	  0.266733	
  0.043885	  0.412230	  0.213062	  0.330823	
  0.167655	  0.420696	  0.202737	  0.208911	

URL http://cisbp.ccbr.utoronto.ca/TFreport.php?versionNumber=1.02&searchTF=T061538_1.02

MOTIF M0511_1.02 MIG3

letter-probability matrix: alength= 4 w= 10 nsites= 1 E= 0
  0.323790	  0.123740	  0.332907	  0.219562	
  0.022862	  0.210425	  0.022862	  0.743851	
  0.000058	  0.000058	  0.999826	  0.000058	
  0.000058	  0.906060	  0.000058	  0.093824	
  0.000058	  0.000058	  0.999826	  0.000058	
  0.000058	  0.000058	  0.999826	  0.000058	
  0.000058	  0.000058	  0.999826	  0.000058	
  0.000058	  0.000058	  0.999826	  0.000058	
  0.221411	  0.126318	  0.325944	  0.326327	
  0.227196	  0.227196	  0.227196	  0.318413	

URL http://cisbp.ccbr.utoronto.ca/TFreport.php?versionNumber=1.02&searchTF=T061540_1.02

MOTIF M0513_1.02 YER130C

letter-probability matrix: alength= 4 w= 8 nsites= 1 E= 0
  0.730584	  0.086601	  0.028931	  0.153883	
  0.198644	  0.205492	  0.027458	  0.568406	
  0.904116	  0.026643	  0.031961	  0.037279	
  0.154276	  0.000053	  0.834982	  0.010689	
  0.037279	  0.000053	  0.962614	  0.000053	
  0.047915	  0.005371	  0.941342	  0.005371	
  0.046024	  0.005803	  0.930878	  0.017295	
  0.097265	  0.229172	  0.437448	  0.236115	

URL http://cisbp.ccbr.utoronto.ca/TFreport.php?versionNumber=1.02&searchTF=T061541_1.02

MOTIF M0515_1.02 RPH1

letter-probability matrix: alength= 4 w= 11 nsites= 1 E= 0
  0.312139	  0.188633	  0.188633	  0.310595	
  0.065741	  0.065741	  0.065741	  0.802776	
  0.110601	  0.020787	  0.020787	  0.847826	
  0.999952	  0.000016	  0.000016	  0.000016	
  0.095743	  0.000016	  0.904225	  0.000016	
  0.000016	  0.000016	  0.999952	  0.000016	
  0.000016	  0.000016	  0.999952	  0.000016	
  0.000016	  0.000016	  0.999952	  0.000016	
  0.151016	  0.061383	  0.242404	  0.545197	
  0.364364	  0.184275	  0.267087	  0.184275	
  0.229229	  0.312312	  0.229229	  0.229229	

URL http://cisbp.ccbr.utoronto.ca/TFreport.php?versionNumber=1.02&searchTF=T061542_1.02

MOTIF M0517_1.02 MIG1

letter-probability matrix: alength= 4 w= 8 nsites= 1 E= 0
  0.160048	  0.226679	  0.146722	  0.466551	
  0.000098	  0.098099	  0.891905	  0.009898	
  0.000090	  0.585465	  0.081142	  0.333303	
  0.000089	  0.000089	  0.990807	  0.009015	
  0.000089	  0.000089	  0.999732	  0.000089	
  0.009015	  0.000089	  0.981881	  0.009015	
  0.019136	  0.009615	  0.971154	  0.000095	
  0.250000	  0.097307	  0.222238	  0.430455	

URL http://cisbp.ccbr.utoronto.ca/TFreport.php?versionNumber=1.02&searchTF=T061543_1.02

MOTIF M0519_1.02 MIG2

letter-probability matrix: alength= 4 w= 10 nsites= 1 E= 0
  0.295650	  0.148291	  0.323493	  0.232566	
  0.225783	  0.210519	  0.172358	  0.391340	
  0.137004	  0.160776	  0.578253	  0.123967	
  0.055202	  0.503206	  0.057455	  0.384137	
  0.063514	  0.033827	  0.855134	  0.047525	
  0.016779	  0.008332	  0.944008	  0.030881	
  0.156721	  0.017894	  0.816043	  0.009342	
  0.109703	  0.027599	  0.771067	  0.091631	
  0.256431	  0.218516	  0.178906	  0.346146	
  0.361705	  0.210783	  0.260038	  0.167474	

URL http://cisbp.ccbr.utoronto.ca/TFreport.php?versionNumber=1.02&searchTF=T061544_1.02

MOTIF M0521_1.02 FZF1

letter-probability matrix: alength= 4 w= 10 nsites= 1 E= 0
  0.299687	  0.202610	  0.295093	  0.202610	
  0.339427	  0.048293	  0.142673	  0.469607	
  0.000124	  0.000124	  0.000124	  0.999627	
  0.000124	  0.000124	  0.999627	  0.000124	
  0.999627	  0.000124	  0.000124	  0.000124	
  0.000124	  0.000124	  0.000124	  0.999627	
  0.999627	  0.000124	  0.000124	  0.000124	
  0.000124	  0.000124	  0.999627	  0.000124	
  0.247192	  0.047515	  0.469986	  0.235307	
  0.201832	  0.201832	  0.305256	  0.291080	

URL http://cisbp.ccbr.utoronto.ca/TFreport.php?versionNumber=1.02&searchTF=T061545_1.02

MOTIF M0522_1.02 YGR067C

letter-probability matrix: alength= 4 w= 8 nsites= 1 E= 0
  0.088762	  0.056514	  0.822396	  0.032328	
  0.145070	  0.236645	  0.145070	  0.473214	
  0.030601	  0.030601	  0.931090	  0.007708	
  0.084020	  0.152701	  0.717415	  0.045864	
  0.015339	  0.007708	  0.931090	  0.045864	
  0.007767	  0.000077	  0.992079	  0.000077	
  0.124009	  0.132270	  0.594927	  0.148794	
  0.164873	  0.109952	  0.582272	  0.142904	

URL http://cisbp.ccbr.utoronto.ca/TFreport.php?versionNumber=1.02&searchTF=T061547_1.02

MOTIF M0524_1.02 RIM101

letter-probability matrix: alength= 4 w= 10 nsites= 1 E= 0
  0.092857	  0.204600	  0.314523	  0.388020	
  0.005035	  0.978816	  0.001762	  0.014387	
  0.025990	  0.026515	  0.015146	  0.932350	
  0.006645	  0.103952	  0.097899	  0.791503	
  0.004433	  0.009016	  0.952459	  0.034091	
  0.005992	  0.003562	  0.963323	  0.027123	
  0.005587	  0.934839	  0.000407	  0.059168	
  0.350979	  0.115668	  0.424421	  0.108932	
  0.320352	  0.278500	  0.102455	  0.298694	
  0.181145	  0.242088	  0.317126	  0.259641	

URL http://cisbp.ccbr.utoronto.ca/TFreport.php?versionNumber=1.02&searchTF=T061548_1.02

MOTIF M0525_1.02 STP2

letter-probability matrix: alength= 4 w= 10 nsites= 1 E= 0
  0.265933	  0.243044	  0.299838	  0.191185	
  0.221377	  0.298827	  0.165648	  0.314148	
  0.375722	  0.120163	  0.326637	  0.177478	
  0.207451	  0.480533	  0.156788	  0.155228	
  0.000121	  0.107495	  0.886644	  0.005740	
  0.000120	  0.000536	  0.999306	  0.000038	
  0.106697	  0.804320	  0.071521	  0.017461	
  0.346210	  0.114097	  0.349689	  0.190004	
  0.230368	  0.364920	  0.139725	  0.264986	
  0.246133	  0.272019	  0.220494	  0.261353	

URL http://cisbp.ccbr.utoronto.ca/TFreport.php?versionNumber=1.02&searchTF=T061549_1.02

MOTIF M0526_1.02 RSF2

letter-probability matrix: alength= 4 w= 10 nsites= 1 E= 0
  0.193212	  0.193212	  0.420364	  0.193212	
  0.257026	  0.074248	  0.074248	  0.594478	
  0.000127	  0.000127	  0.999618	  0.000127	
  0.289652	  0.619310	  0.000127	  0.090910	
  0.000127	  0.000127	  0.999618	  0.000127	
  0.000127	  0.000127	  0.999618	  0.000127	
  0.000127	  0.000127	  0.999618	  0.000127	
  0.000127	  0.000127	  0.999618	  0.000127	
  0.240498	  0.148276	  0.056915	  0.554311	
  0.472362	  0.175879	  0.175879	  0.175879	

URL http://cisbp.ccbr.utoronto.ca/TFreport.php?versionNumber=1.02&searchTF=T061551_1.02

MOTIF M0527_1.02 MSN4

letter-probability matrix: alength= 4 w= 8 nsites= 1 E= 0
  0.205319	  0.300235	  0.149092	  0.345353	
  0.429618	  0.247868	  0.125574	  0.196940	
  0.573653	  0.124216	  0.268278	  0.033853	
  0.004834	  0.001778	  0.885013	  0.108375	
  0.005427	  0.000372	  0.993588	  0.000613	
  0.214906	  0.000734	  0.765250	  0.019110	
  0.193666	  0.021459	  0.682756	  0.102119	
  0.178921	  0.280603	  0.207876	  0.332600	

URL http://cisbp.ccbr.utoronto.ca/TFreport.php?versionNumber=1.02&searchTF=T061552_1.02

MOTIF M0528_1.02 ACE2

letter-probability matrix: alength= 4 w= 10 nsites= 1 E= 0
  0.267090	  0.261349	  0.291660	  0.179901	
  0.053053	  0.138982	  0.053053	  0.754912	
  0.000045	  0.000045	  0.999864	  0.000045	
  0.000045	  0.999864	  0.000045	  0.000045	
  0.000045	  0.000045	  0.000045	  0.999864	
  0.000045	  0.000045	  0.999864	  0.000045	
  0.000045	  0.124290	  0.875620	  0.000045	
  0.000045	  0.194183	  0.217694	  0.588077	
  0.070144	  0.387840	  0.070144	  0.471872	
  0.321237	  0.284779	  0.196992	  0.196992	

URL http://cisbp.ccbr.utoronto.ca/TFreport.php?versionNumber=1.02&searchTF=T061553_1.02

MOTIF M0529_1.02 STP3

letter-probability matrix: alength= 4 w= 8 nsites= 1 E= 0
  0.173575	  0.426927	  0.205740	  0.193758	
  0.057706	  0.001500	  0.056000	  0.884794	
  0.868196	  0.069160	  0.000688	  0.061956	
  0.037235	  0.043261	  0.886479	  0.033025	
  0.007781	  0.936018	  0.002058	  0.054143	
  0.146017	  0.004972	  0.815438	  0.033573	
  0.066381	  0.605109	  0.171642	  0.156869	
  0.531269	  0.120937	  0.187779	  0.160015	

URL http://cisbp.ccbr.utoronto.ca/TFreport.php?versionNumber=1.02&searchTF=T061554_1.02

MOTIF M0530_1.02 SFP1

letter-probability matrix: alength= 4 w= 8 nsites= 1 E= 0
  0.230828	  0.077454	  0.690951	  0.000767	
  0.998239	  0.000587	  0.000587	  0.000587	
  0.998239	  0.000587	  0.000587	  0.000587	
  0.998239	  0.000587	  0.000587	  0.000587	
  0.998239	  0.000587	  0.000587	  0.000587	
  0.880869	  0.000587	  0.000587	  0.117958	
  0.811097	  0.000623	  0.000623	  0.187656	
  0.250000	  0.083887	  0.083887	  0.582226	

URL http://cisbp.ccbr.utoronto.ca/TFreport.php?versionNumber=1.02&searchTF=T061555_1.02

MOTIF M0531_1.02 YML081W

letter-probability matrix: alength= 4 w= 10 nsites= 1 E= 0
  0.187343	  0.102372	  0.515652	  0.194633	
  0.108770	  0.022583	  0.115083	  0.753564	
  0.000050	  0.000050	  0.999849	  0.000050	
  0.096811	  0.903088	  0.000050	  0.000050	
  0.000050	  0.000050	  0.999849	  0.000050	
  0.000050	  0.000050	  0.999849	  0.000050	
  0.000050	  0.000050	  0.999849	  0.000050	
  0.000050	  0.000050	  0.999849	  0.000050	
  0.235248	  0.147678	  0.253472	  0.363601	
  0.317597	  0.227468	  0.227468	  0.227468	

URL http://cisbp.ccbr.utoronto.ca/TFreport.php?versionNumber=1.02&searchTF=T061556_1.02

MOTIF M0533_1.02 MSN2

letter-probability matrix: alength= 4 w= 8 nsites= 1 E= 0
  0.543906	  0.287988	  0.040067	  0.128039	
  0.785091	  0.033615	  0.181227	  0.000067	
  0.006514	  0.000064	  0.993357	  0.000064	
  0.000064	  0.000064	  0.999807	  0.000064	
  0.000064	  0.000064	  0.999807	  0.000064	
  0.013049	  0.045508	  0.928395	  0.013049	
  0.050067	  0.225008	  0.241669	  0.483256	
  0.494003	  0.129468	  0.211783	  0.164746	

URL http://cisbp.ccbr.utoronto.ca/TFreport.php?versionNumber=1.02&searchTF=T061557_1.02

MOTIF M0534_1.02 RGM1

letter-probability matrix: alength= 4 w= 8 nsites= 1 E= 0
  0.148979	  0.308486	  0.032008	  0.510527	
  0.141766	  0.850205	  0.000079	  0.007950	
  0.964082	  0.035775	  0.000071	  0.000071	
  0.064339	  0.000071	  0.935518	  0.000071	
  0.000071	  0.000071	  0.999786	  0.000071	
  0.007212	  0.028635	  0.935518	  0.028635	
  0.172755	  0.100055	  0.718012	  0.009178	
  0.160538	  0.370311	  0.234576	  0.234576	

URL http://cisbp.ccbr.utoronto.ca/TFreport.php?versionNumber=1.02&searchTF=T061559_1.02

MOTIF M0535_1.02 CRZ1

letter-probability matrix: alength= 4 w= 12 nsites= 1 E= 0
  0.226689	  0.226689	  0.319932	  0.226689	
  0.338195	  0.156882	  0.254798	  0.250124	
  0.052292	  0.052292	  0.843124	  0.052292	
  0.022104	  0.022104	  0.933688	  0.022104	
  0.000043	  0.899681	  0.100234	  0.000043	
  0.209039	  0.000043	  0.516730	  0.274188	
  0.000043	  0.725727	  0.000043	  0.274188	
  0.899681	  0.000043	  0.000043	  0.100234	
  0.023353	  0.023353	  0.829749	  0.123545	
  0.193352	  0.503917	  0.093161	  0.209570	
  0.197751	  0.406748	  0.197751	  0.197751	
  0.227939	  0.227939	  0.227939	  0.316184	

URL http://cisbp.ccbr.utoronto.ca/TFreport.php?versionNumber=1.02&searchTF=T061560_1.02

MOTIF M0536_1.02 AZF1

letter-probability matrix: alength= 4 w= 10 nsites= 1 E= 0
  0.314178	  0.172425	  0.304893	  0.208504	
  0.294373	  0.205377	  0.266360	  0.233889	
  0.338462	  0.182074	  0.243328	  0.236137	
  0.333526	  0.239780	  0.230378	  0.196315	
  0.277256	  0.191511	  0.248376	  0.282857	
  0.332636	  0.209987	  0.234404	  0.222972	
  0.362827	  0.110380	  0.370157	  0.156636	
  0.280685	  0.207936	  0.342829	  0.168550	
  0.467480	  0.171976	  0.168571	  0.191973	
  0.625209	  0.015304	  0.241794	  0.117694	

URL http://cisbp.ccbr.utoronto.ca/TFreport.php?versionNumber=1.02&searchTF=T061561_1.02

MOTIF M0537_1.02 MET31

letter-probability matrix: alength= 4 w= 10 nsites= 1 E= 0
  0.324393	  0.147224	  0.327653	  0.200729	
  0.004303	  0.107691	  0.691780	  0.196226	
  0.688165	  0.001689	  0.185681	  0.124466	
  0.000321	  0.000017	  0.995905	  0.003757	
  0.000016	  0.000004	  0.995301	  0.004679	
  0.078366	  0.000544	  0.206726	  0.714364	
  0.000409	  0.000490	  0.999050	  0.000050	
  0.217476	  0.000252	  0.330991	  0.451281	
  0.325325	  0.125817	  0.328595	  0.220264	
  0.166259	  0.260745	  0.429896	  0.143100	

URL http://cisbp.ccbr.utoronto.ca/TFreport.php?versionNumber=1.02&searchTF=T061562_1.02

MOTIF M0538_1.02 USV1

letter-probability matrix: alength= 4 w= 8 nsites= 1 E= 0
  0.176505	  0.188264	  0.023636	  0.611595	
  0.251968	  0.708517	  0.007950	  0.031565	
  0.960854	  0.013049	  0.026032	  0.000065	
  0.045508	  0.000065	  0.954363	  0.000065	
  0.000065	  0.000065	  0.999805	  0.000065	
  0.045508	  0.026032	  0.805051	  0.123410	
  0.244606	  0.050417	  0.697713	  0.007264	
  0.127317	  0.481734	  0.236369	  0.154580	

URL http://cisbp.ccbr.utoronto.ca/TFreport.php?versionNumber=1.02&searchTF=T061563_1.02

MOTIF M0540_1.02 YPR013C

letter-probability matrix: alength= 4 w= 9 nsites= 1 E= 0
  0.166186	  0.359620	  0.094850	  0.379344	
  0.000013	  0.000013	  0.999961	  0.000013	
  0.000013	  0.079133	  0.000013	  0.920841	
  0.999961	  0.000013	  0.000013	  0.000013	
  0.549961	  0.000013	  0.450013	  0.000013	
  0.999961	  0.000013	  0.000013	  0.000013	
  0.000013	  0.000013	  0.000013	  0.999961	
  0.000013	  0.999961	  0.000013	  0.000013	
  0.338112	  0.351563	  0.155163	  0.155163	

URL http://cisbp.ccbr.utoronto.ca/TFreport.php?versionNumber=1.02&searchTF=T061564_1.02

MOTIF M0542_1.02 YPR015C

letter-probability matrix: alength= 4 w= 7 nsites= 1 E= 0
  0.269036	  0.199307	  0.377981	  0.153676	
  0.268373	  0.192940	  0.425122	  0.113565	
  0.169419	  0.211109	  0.498885	  0.120587	
  0.194411	  0.257231	  0.445846	  0.102511	
  0.095917	  0.171311	  0.654243	  0.078530	
  0.998231	  0.000303	  0.001385	  0.000080	
  0.243442	  0.006455	  0.738689	  0.011414	

URL http://cisbp.ccbr.utoronto.ca/TFreport.php?versionNumber=1.02&searchTF=T061565_1.02

MOTIF M0543_1.02 YPR022C

letter-probability matrix: alength= 4 w= 9 nsites= 1 E= 0
  0.293274	  0.221651	  0.240112	  0.244963	
  0.271205	  0.158044	  0.355269	  0.215482	
  0.202303	  0.372325	  0.210559	  0.214813	
  0.084185	  0.042225	  0.814857	  0.058734	
  0.000803	  0.098607	  0.019514	  0.881075	
  0.000841	  0.008473	  0.969635	  0.021050	
  0.003675	  0.001393	  0.993879	  0.001053	
  0.089673	  0.038713	  0.850790	  0.020825	
  0.154267	  0.071428	  0.595073	  0.179233	

URL http://cisbp.ccbr.utoronto.ca/TFreport.php?versionNumber=1.02&searchTF=T061566_1.02

MOTIF M0749_1.02 HCM1

letter-probability matrix: alength= 4 w= 9 nsites= 1 E= 0
  0.242573	  0.257573	  0.299257	  0.200598	
  0.388668	  0.112474	  0.408595	  0.090263	
  0.193539	  0.116219	  0.097074	  0.593168	
  0.567331	  0.240073	  0.014746	  0.177850	
  0.726254	  0.177310	  0.022151	  0.074284	
  0.882730	  0.014629	  0.037078	  0.065563	
  0.080166	  0.688212	  0.049605	  0.182017	
  0.871825	  0.040471	  0.036255	  0.051449	
  0.497502	  0.159111	  0.141118	  0.202269	

URL http://cisbp.ccbr.utoronto.ca/TFreport.php?versionNumber=1.02&searchTF=T082941_1.02

MOTIF M0750_1.02 FKH1

letter-probability matrix: alength= 4 w= 10 nsites= 1 E= 0
  0.333384	  0.186661	  0.227988	  0.251966	
  0.243491	  0.236295	  0.191537	  0.328678	
  0.290403	  0.120454	  0.508400	  0.080743	
  0.144493	  0.108119	  0.080096	  0.667293	
  0.665365	  0.230520	  0.042535	  0.061580	
  0.737993	  0.130835	  0.027220	  0.103953	
  0.810160	  0.045026	  0.052312	  0.092502	
  0.087322	  0.613757	  0.079806	  0.219115	
  0.815710	  0.031002	  0.077794	  0.075494	
  0.402874	  0.192217	  0.160553	  0.244356	

URL http://cisbp.ccbr.utoronto.ca/TFreport.php?versionNumber=1.02&searchTF=T082942_1.02

MOTIF M0751_1.02 FKH2

letter-probability matrix: alength= 4 w= 8 nsites= 1 E= 0
  0.222345	  0.001106	  0.775442	  0.001106	
  0.001106	  0.001106	  0.001106	  0.996681	
  0.996681	  0.001106	  0.001106	  0.001106	
  0.996681	  0.001106	  0.001106	  0.001106	
  0.996681	  0.001106	  0.001106	  0.001106	
  0.001106	  0.886062	  0.001106	  0.111726	
  0.996681	  0.001106	  0.001106	  0.001106	
  0.597222	  0.200397	  0.001984	  0.200397	

URL http://cisbp.ccbr.utoronto.ca/TFreport.php?versionNumber=1.02&searchTF=T082943_1.02

MOTIF M0753_1.02 FHL1

letter-probability matrix: alength= 4 w= 8 nsites= 1 E= 0
  0.349800	  0.200100	  0.250000	  0.200100	
  0.000312	  0.062734	  0.936642	  0.000312	
  0.999190	  0.000270	  0.000270	  0.000270	
  0.000263	  0.999211	  0.000263	  0.000263	
  0.000263	  0.000263	  0.999211	  0.000263	
  0.000263	  0.999211	  0.000263	  0.000263	
  0.972923	  0.000263	  0.026551	  0.000263	
  0.482438	  0.310262	  0.069215	  0.138085	

URL http://cisbp.ccbr.utoronto.ca/TFreport.php?versionNumber=1.02&searchTF=T082944_1.02

MOTIF M0793_1.02 SRD1

letter-probability matrix: alength= 4 w= 8 nsites= 1 E= 0
  0.693097	  0.026786	  0.266658	  0.013459	
  0.029498	  0.000098	  0.970306	  0.000098	
  0.990640	  0.000091	  0.000091	  0.009178	
  0.109142	  0.000091	  0.018266	  0.872501	
  0.000091	  0.999727	  0.000091	  0.000091	
  0.000098	  0.117699	  0.000098	  0.882105	
  0.643497	  0.229894	  0.080538	  0.046071	
  0.093848	  0.702842	  0.093848	  0.109463	

URL http://cisbp.ccbr.utoronto.ca/TFreport.php?versionNumber=1.02&searchTF=T085220_1.02

MOTIF M0795_1.02 GLN3

letter-probability matrix: alength= 4 w= 8 nsites= 1 E= 0
  0.186841	  0.230778	  0.186841	  0.395540	
  0.422708	  0.252032	  0.000081	  0.325179	
  0.006600	  0.000065	  0.954064	  0.039271	
  0.999804	  0.000065	  0.000065	  0.000065	
  0.000065	  0.000065	  0.000065	  0.999804	
  0.914859	  0.045805	  0.000065	  0.039271	
  0.957547	  0.007111	  0.014151	  0.021191	
  0.084280	  0.336806	  0.526199	  0.052715	

URL http://cisbp.ccbr.utoronto.ca/TFreport.php?versionNumber=1.02&searchTF=T085221_1.02

MOTIF M0797_1.02 GAT1

letter-probability matrix: alength= 4 w= 10 nsites= 1 E= 0
  0.252983	  0.240645	  0.243064	  0.263308	
  0.269403	  0.251189	  0.220568	  0.258839	
  0.252879	  0.285121	  0.209121	  0.252879	
  0.266753	  0.280430	  0.166721	  0.286095	
  0.113406	  0.053569	  0.750675	  0.082350	
  0.849031	  0.039809	  0.035662	  0.075497	
  0.162404	  0.054603	  0.055152	  0.727842	
  0.690436	  0.055552	  0.065846	  0.188166	
  0.445770	  0.151381	  0.208471	  0.194378	
  0.236453	  0.251075	  0.335543	  0.176929	

URL http://cisbp.ccbr.utoronto.ca/TFreport.php?versionNumber=1.02&searchTF=T085222_1.02

MOTIF M0799_1.02 GAT4

letter-probability matrix: alength= 4 w= 10 nsites= 1 E= 0
  0.316933	  0.227689	  0.227689	  0.227689	
  0.208692	  0.209583	  0.297365	  0.284360	
  0.999768	  0.000077	  0.000077	  0.000077	
  0.000077	  0.000077	  0.999768	  0.000077	
  0.999768	  0.000077	  0.000077	  0.000077	
  0.000077	  0.000077	  0.000077	  0.999768	
  0.000077	  0.999768	  0.000077	  0.000077	
  0.000077	  0.000077	  0.000077	  0.999768	
  0.571845	  0.296937	  0.108830	  0.022388	
  0.131199	  0.243107	  0.403530	  0.222163	

URL http://cisbp.ccbr.utoronto.ca/TFreport.php?versionNumber=1.02&searchTF=T085223_1.02

MOTIF M0801_1.02 GZF3

letter-probability matrix: alength= 4 w= 8 nsites= 1 E= 0
  0.270248	  0.432235	  0.000270	  0.297246	
  0.000196	  0.000196	  0.999412	  0.000196	
  0.999424	  0.000192	  0.000192	  0.000192	
  0.000192	  0.000192	  0.000192	  0.999424	
  0.980208	  0.000192	  0.019408	  0.000192	
  0.940635	  0.000196	  0.000196	  0.058973	
  0.022934	  0.113760	  0.840372	  0.022934	
  0.344697	  0.241391	  0.241391	  0.172521	

URL http://cisbp.ccbr.utoronto.ca/TFreport.php?versionNumber=1.02&searchTF=T085224_1.02

MOTIF M0803_1.02 DAL80

letter-probability matrix: alength= 4 w= 10 nsites= 1 E= 0
  0.275281	  0.242608	  0.224974	  0.257137	
  0.241344	  0.282465	  0.204031	  0.272159	
  0.196189	  0.245027	  0.396334	  0.162450	
  0.410715	  0.155415	  0.184636	  0.249234	
  0.106170	  0.067699	  0.065591	  0.760540	
  0.760540	  0.065591	  0.067699	  0.106170	
  0.249234	  0.184636	  0.155415	  0.410715	
  0.162450	  0.396334	  0.245027	  0.196189	
  0.272159	  0.204031	  0.282465	  0.241344	
  0.257137	  0.224974	  0.242608	  0.275281	

URL http://cisbp.ccbr.utoronto.ca/TFreport.php?versionNumber=1.02&searchTF=T085226_1.02

MOTIF M0804_1.02 GAT3

letter-probability matrix: alength= 4 w= 10 nsites= 1 E= 0
  0.188587	  0.204294	  0.383585	  0.223533	
  0.179356	  0.110983	  0.202224	  0.507438	
  0.929359	  0.000456	  0.046270	  0.023915	
  0.072597	  0.048663	  0.832910	  0.045829	
  0.673580	  0.000290	  0.001526	  0.324604	
  0.017919	  0.009544	  0.003919	  0.968618	
  0.088745	  0.611412	  0.106247	  0.193595	
  0.131978	  0.321383	  0.158006	  0.388633	
  0.299614	  0.242863	  0.308739	  0.148784	
  0.298260	  0.199930	  0.234619	  0.267191	

URL http://cisbp.ccbr.utoronto.ca/TFreport.php?versionNumber=1.02&searchTF=T085227_1.02

MOTIF M0806_1.02 ECM23

letter-probability matrix: alength= 4 w= 8 nsites= 1 E= 0
  0.595074	  0.023917	  0.214303	  0.166706	
  0.853240	  0.034557	  0.112117	  0.000086	
  0.000071	  0.000071	  0.999786	  0.000071	
  0.999786	  0.000071	  0.000071	  0.000071	
  0.000071	  0.000071	  0.000071	  0.999786	
  0.000071	  0.985504	  0.000071	  0.014353	
  0.036441	  0.263631	  0.072792	  0.627136	
  0.279056	  0.244189	  0.441771	  0.034984	

URL http://cisbp.ccbr.utoronto.ca/TFreport.php?versionNumber=1.02&searchTF=T085229_1.02

MOTIF M1129_1.02 MATALPHA2

letter-probability matrix: alength= 4 w= 8 nsites= 1 E= 0
  0.351413	  0.179821	  0.211022	  0.257743	
  0.398208	  0.121143	  0.239122	  0.241526	
  0.426283	  0.199358	  0.215962	  0.158397	
  0.952934	  0.006818	  0.015480	  0.024768	
  0.019835	  0.740590	  0.065854	  0.173720	
  0.995255	  0.000132	  0.000118	  0.004495	
  0.999488	  0.000068	  0.000076	  0.000367	
  0.057690	  0.009162	  0.012492	  0.920656	

URL http://cisbp.ccbr.utoronto.ca/TFreport.php?versionNumber=1.02&searchTF=T100208_1.02

MOTIF M1131_1.02 HMRA2

letter-probability matrix: alength= 4 w= 8 nsites= 1 E= 0
  0.019507	  0.776495	  0.009802	  0.194196	
  0.556299	  0.000075	  0.413485	  0.030141	
  0.006643	  0.039529	  0.000066	  0.953762	
  0.013134	  0.000065	  0.986735	  0.000065	
  0.000065	  0.006600	  0.000065	  0.993270	
  0.840903	  0.006687	  0.006687	  0.145723	
  0.731551	  0.056973	  0.048846	  0.162630	
  0.516734	  0.011343	  0.022574	  0.449349	

URL http://cisbp.ccbr.utoronto.ca/TFreport.php?versionNumber=1.02&searchTF=T100209_1.02

MOTIF M1132_1.02 PHO2

letter-probability matrix: alength= 4 w= 8 nsites= 1 E= 0
  0.070923	  0.070923	  0.007950	  0.850205	
  0.866502	  0.013396	  0.013396	  0.106705	
  0.873260	  0.012718	  0.019046	  0.094976	
  0.000062	  0.000062	  0.000062	  0.999814	
  0.751428	  0.031110	  0.018691	  0.198770	
  0.635123	  0.050365	  0.006351	  0.308161	
  0.669102	  0.061596	  0.030837	  0.238465	
  0.206916	  0.057560	  0.057560	  0.677964	

