MEME version 4

ALPHABET= ACGT

strands: + -

Background letter frequencies (from uniform background):
A 0.25000 C 0.25000 G 0.25000 T 0.25000 

MOTIF M0002_1.02 (8601_YGL071W)_(Saccharomyces_cerevisiae)_(DBD_0.88)

letter-probability matrix: alength= 4 w= 11 nsites= 1 E= 0
  0.321949	  0.226017	  0.226017	  0.226017	
  0.191661	  0.099705	  0.191166	  0.517468	
  0.022580	  0.111111	  0.022580	  0.843729	
  0.000167	  0.087642	  0.822336	  0.089855	
  0.000167	  0.999498	  0.000167	  0.000167	
  0.822336	  0.177330	  0.000167	  0.000167	
  0.000167	  0.999498	  0.000167	  0.000167	
  0.000167	  0.999498	  0.000167	  0.000167	
  0.024150	  0.927550	  0.024150	  0.024150	
  0.150463	  0.256746	  0.442329	  0.150463	
  0.227587	  0.227587	  0.317238	  0.227587	

URL http://cisbp.ccbr.utoronto.ca/TFreport.php?versionNumber=1.02&searchTF=T000450_1.02

MOTIF M0003_1.02 (22109_YPL202C)_(Saccharomyces_cerevisiae)_(DBD_0.93)

letter-probability matrix: alength= 4 w= 10 nsites= 1 E= 0
  0.297121	  0.199166	  0.191357	  0.312355	
  0.258788	  0.253663	  0.201544	  0.286005	
  0.206317	  0.281298	  0.242116	  0.270268	
  0.379793	  0.160714	  0.314073	  0.145420	
  0.067447	  0.863795	  0.028257	  0.040501	
  0.849665	  0.046751	  0.090454	  0.013129	
  0.032992	  0.949827	  0.000466	  0.016715	
  0.154413	  0.788102	  0.017455	  0.040030	
  0.105126	  0.635977	  0.005448	  0.253449	
  0.198322	  0.320502	  0.221382	  0.259794	

URL http://cisbp.ccbr.utoronto.ca/TFreport.php?versionNumber=1.02&searchTF=T000447_1.02

MOTIF M0092_1.02 (3547_YDL056W)_(Saccharomyces_cerevisiae)_(DBD_1.00)

letter-probability matrix: alength= 4 w= 10 nsites= 1 E= 0
  0.482450	  0.108731	  0.194198	  0.214622	
  0.000185	  0.984668	  0.013228	  0.001920	
  0.125748	  0.015710	  0.857720	  0.000822	
  0.027694	  0.714245	  0.015506	  0.242554	
  0.041502	  0.116248	  0.808944	  0.033306	
  0.263515	  0.128267	  0.123237	  0.484981	
  0.275831	  0.304840	  0.126442	  0.292887	
  0.343869	  0.217079	  0.186842	  0.252210	
  0.239239	  0.280750	  0.220846	  0.259165	
  0.253438	  0.233953	  0.243500	  0.269109	

URL http://cisbp.ccbr.utoronto.ca/TFreport.php?versionNumber=1.02&searchTF=T006877_1.02

MOTIF M0093_1.02 (6569_YER111C)_(Saccharomyces_cerevisiae)_(DBD_1.00)

letter-probability matrix: alength= 4 w= 8 nsites= 1 E= 0
  0.349967	  0.100050	  0.449933	  0.100050	
  0.783819	  0.037090	  0.055604	  0.123488	
  0.000052	  0.999843	  0.000052	  0.000052	
  0.057332	  0.000052	  0.942564	  0.000052	
  0.005259	  0.994637	  0.000052	  0.000052	
  0.005259	  0.026088	  0.968600	  0.000052	
  0.651509	  0.129063	  0.045214	  0.174213	
  0.546119	  0.092490	  0.117692	  0.243700	

URL http://cisbp.ccbr.utoronto.ca/TFreport.php?versionNumber=1.02&searchTF=T006880_1.02

MOTIF M0097_1.02 (13647_YKL043W)_(Saccharomyces_cerevisiae)_(DBD_0.99)

letter-probability matrix: alength= 4 w= 9 nsites= 1 E= 0
  0.320147	  0.146757	  0.157399	  0.375696	
  0.101234	  0.168583	  0.511542	  0.218641	
  0.684421	  0.295472	  0.019079	  0.001029	
  0.044126	  0.060767	  0.008820	  0.886288	
  0.000400	  0.003400	  0.996111	  0.000088	
  0.000920	  0.940249	  0.000500	  0.058332	
  0.864471	  0.011158	  0.122992	  0.001380	
  0.146186	  0.306397	  0.306397	  0.241020	
  0.178872	  0.193770	  0.471854	  0.155504	

URL http://cisbp.ccbr.utoronto.ca/TFreport.php?versionNumber=1.02&searchTF=T006871_1.02

MOTIF M0098_1.02 (17269_YMR016C)_(Saccharomyces_cerevisiae)_(DBD_1.00)

letter-probability matrix: alength= 4 w= 11 nsites= 1 E= 0
  0.225027	  0.225027	  0.225027	  0.324920	
  0.180909	  0.180909	  0.367512	  0.270669	
  0.075340	  0.683880	  0.075340	  0.165440	
  0.407120	  0.592518	  0.000181	  0.000181	
  0.000181	  0.000181	  0.000181	  0.999457	
  0.000181	  0.000181	  0.999457	  0.000181	
  0.000181	  0.999457	  0.000181	  0.000181	
  0.999457	  0.000181	  0.000181	  0.000181	
  0.025154	  0.025154	  0.621172	  0.328519	
  0.069272	  0.159432	  0.702024	  0.069272	
  0.174841	  0.174841	  0.174841	  0.475477	

URL http://cisbp.ccbr.utoronto.ca/TFreport.php?versionNumber=1.02&searchTF=T006874_1.02

MOTIF M0241_1.02 (730_YBL103C)_(Saccharomyces_cerevisiae)_(DBD_1.00)

letter-probability matrix: alength= 4 w= 12 nsites= 1 E= 0
  0.324652	  0.225116	  0.225116	  0.225116	
  0.097676	  0.097676	  0.532933	  0.271715	
  0.096401	  0.765160	  0.119132	  0.019307	
  0.687800	  0.096666	  0.119132	  0.096401	
  0.000162	  0.823109	  0.099987	  0.076741	
  0.077256	  0.077521	  0.768481	  0.076741	
  0.099987	  0.077521	  0.000162	  0.822329	
  0.077521	  0.000162	  0.922154	  0.000162	
  0.787419	  0.162488	  0.025046	  0.025046	
  0.229065	  0.293041	  0.152486	  0.325408	
  0.230855	  0.230855	  0.230855	  0.307434	
  0.230855	  0.230855	  0.230855	  0.307434	

URL http://cisbp.ccbr.utoronto.ca/TFreport.php?versionNumber=1.02&searchTF=T020796_1.02

MOTIF M0243_1.02 (7312_YFR034C)_(Saccharomyces_cerevisiae)_(DBD_0.98)

letter-probability matrix: alength= 4 w= 9 nsites= 1 E= 0
  0.272480	  0.236883	  0.269769	  0.220868	
  0.283700	  0.261888	  0.275316	  0.179095	
  0.193493	  0.325460	  0.389647	  0.091400	
  0.116050	  0.883613	  0.000041	  0.000296	
  0.883751	  0.045339	  0.030697	  0.040212	
  0.000682	  0.877359	  0.002028	  0.119931	
  0.084549	  0.019246	  0.895451	  0.000754	
  0.153371	  0.171205	  0.107003	  0.568420	
  0.091647	  0.075034	  0.618898	  0.214421	

URL http://cisbp.ccbr.utoronto.ca/TFreport.php?versionNumber=1.02&searchTF=T020797_1.02

MOTIF M0244_1.02 (12538_YJR060W)_(Saccharomyces_cerevisiae)_(DBD_0.96)

letter-probability matrix: alength= 4 w= 11 nsites= 1 E= 0
  0.310339	  0.229887	  0.229887	  0.229887	
  0.269895	  0.140964	  0.448177	  0.140964	
  0.023264	  0.023264	  0.118648	  0.834823	
  0.075323	  0.766428	  0.000203	  0.158045	
  0.841548	  0.000203	  0.000203	  0.158045	
  0.000203	  0.766428	  0.000203	  0.233165	
  0.075323	  0.000203	  0.924271	  0.000203	
  0.000203	  0.000203	  0.000203	  0.999390	
  0.095436	  0.020316	  0.786541	  0.097707	
  0.207773	  0.400191	  0.109239	  0.282796	
  0.319184	  0.226939	  0.226939	  0.226939	

URL http://cisbp.ccbr.utoronto.ca/TFreport.php?versionNumber=1.02&searchTF=T020781_1.02

MOTIF M0248_1.02 (21560_YOR344C)_(Saccharomyces_cerevisiae)_(DBD_0.95)

letter-probability matrix: alength= 4 w= 10 nsites= 1 E= 0
  0.157253	  0.467714	  0.195949	  0.179084	
  0.567369	  0.082353	  0.347585	  0.002694	
  0.127858	  0.226087	  0.073034	  0.573021	
  0.029191	  0.840380	  0.092190	  0.038239	
  0.793478	  0.020418	  0.061340	  0.124764	
  0.017623	  0.691737	  0.204222	  0.086419	
  0.097515	  0.206440	  0.678584	  0.017462	
  0.146656	  0.139503	  0.043297	  0.670544	
  0.092591	  0.118889	  0.719237	  0.069282	
  0.498056	  0.122819	  0.230606	  0.148519	

URL http://cisbp.ccbr.utoronto.ca/TFreport.php?versionNumber=1.02&searchTF=T020790_1.02

MOTIF M0352_1.02 (23858_YEL009C)_(Saccharomyces_cerevisiae)_(DBD_0.98)

letter-probability matrix: alength= 4 w= 10 nsites= 1 E= 0
  0.211517	  0.183884	  0.282677	  0.321921	
  0.431823	  0.132690	  0.350029	  0.085457	
  0.003684	  0.000104	  0.000000	  0.996212	
  0.003146	  0.021457	  0.850682	  0.124716	
  0.985610	  0.004871	  0.003265	  0.006254	
  0.054920	  0.630099	  0.207655	  0.107327	
  0.226603	  0.085046	  0.213406	  0.474945	
  0.232372	  0.491932	  0.127529	  0.148167	
  0.469883	  0.185394	  0.183549	  0.161174	
  0.230654	  0.257474	  0.200521	  0.311351	

URL http://cisbp.ccbr.utoronto.ca/TFreport.php?versionNumber=1.02&searchTF=T030380_1.02

MOTIF M0353_1.02 (7030_Multiple)_(Saccharomyces_cerevisiae)_(DBD_0.93)

letter-probability matrix: alength= 4 w= 10 nsites= 1 E= 0
  0.353816	  0.157398	  0.244393	  0.244393	
  0.211817	  0.173421	  0.378314	  0.236447	
  0.282621	  0.049606	  0.499749	  0.168024	
  0.471319	  0.430753	  0.001814	  0.096114	
  0.095243	  0.793481	  0.018848	  0.092428	
  0.926944	  0.009993	  0.007256	  0.055807	
  0.080735	  0.863657	  0.033824	  0.021784	
  0.098975	  0.137672	  0.695667	  0.067685	
  0.101851	  0.136117	  0.133421	  0.628611	
  0.318650	  0.182016	  0.277021	  0.222314	

URL http://cisbp.ccbr.utoronto.ca/TFreport.php?versionNumber=1.02&searchTF=T030410_1.02

MOTIF M0354_1.02 (10438_YHL009C)_(Saccharomyces_cerevisiae)_(DBD_0.95)

letter-probability matrix: alength= 4 w= 10 nsites= 1 E= 0
  0.286730	  0.276761	  0.218254	  0.218254	
  0.465755	  0.158579	  0.158579	  0.217086	
  0.000052	  0.000052	  0.000052	  0.999845	
  0.000052	  0.000052	  0.121061	  0.878836	
  0.941338	  0.000052	  0.000052	  0.058559	
  0.000052	  0.999845	  0.000052	  0.000052	
  0.050927	  0.000052	  0.525333	  0.423689	
  0.365182	  0.000052	  0.000052	  0.634715	
  0.904608	  0.031797	  0.031797	  0.031797	
  0.525751	  0.091472	  0.215662	  0.167115	

URL http://cisbp.ccbr.utoronto.ca/TFreport.php?versionNumber=1.02&searchTF=T030344_1.02

MOTIF M0355_1.02 (11119_YIL036W)_(Saccharomyces_cerevisiae)_(DBD_0.98)

letter-probability matrix: alength= 4 w= 8 nsites= 1 E= 0
  0.712963	  0.000712	  0.285613	  0.000712	
  0.000475	  0.000475	  0.000475	  0.998574	
  0.048004	  0.000475	  0.808460	  0.143061	
  0.998574	  0.000475	  0.000475	  0.000475	
  0.000475	  0.951046	  0.000475	  0.048004	
  0.095532	  0.000475	  0.903517	  0.000475	
  0.000475	  0.000475	  0.000475	  0.998574	
  0.499288	  0.285613	  0.000712	  0.214387	

URL http://cisbp.ccbr.utoronto.ca/TFreport.php?versionNumber=1.02&searchTF=T030346_1.02

MOTIF M0356_1.02 (17363_Multiple)_(Saccharomyces_cerevisiae)_(DBD_0.94)

letter-probability matrix: alength= 4 w= 10 nsites= 1 E= 0
  0.156235	  0.237783	  0.384275	  0.221707	
  0.402756	  0.386964	  0.121308	  0.088973	
  0.035172	  0.000320	  0.057412	  0.907096	
  0.017446	  0.032431	  0.336670	  0.613453	
  0.855397	  0.000658	  0.054684	  0.089261	
  0.042605	  0.534839	  0.242734	  0.179822	
  0.218505	  0.142140	  0.286234	  0.353121	
  0.409661	  0.197419	  0.112768	  0.280152	
  0.575008	  0.129591	  0.153605	  0.141795	
  0.297790	  0.163431	  0.231919	  0.306859	

URL http://cisbp.ccbr.utoronto.ca/TFreport.php?versionNumber=1.02&searchTF=T030361_1.02

MOTIF M0357_1.02 (20415_YOR028C)_(Saccharomyces_cerevisiae)_(DBD_1.00)

letter-probability matrix: alength= 4 w= 10 nsites= 1 E= 0
  0.116441	  0.076507	  0.663402	  0.143650	
  0.444801	  0.453787	  0.087150	  0.014262	
  0.002919	  0.018567	  0.023840	  0.954674	
  0.050593	  0.018612	  0.155060	  0.775735	
  0.965859	  0.022044	  0.001368	  0.010730	
  0.077309	  0.600531	  0.139465	  0.182694	
  0.347681	  0.110089	  0.433237	  0.108993	
  0.089608	  0.054896	  0.046780	  0.808716	
  0.657744	  0.172227	  0.103422	  0.066607	
  0.760955	  0.072572	  0.077834	  0.088639	

URL http://cisbp.ccbr.utoronto.ca/TFreport.php?versionNumber=1.02&searchTF=T030373_1.02

MOTIF M0502_1.02 (3679_YDL020C)_(Saccharomyces_cerevisiae)_(DBD_1.00)

letter-probability matrix: alength= 4 w= 10 nsites= 1 E= 0
  0.250241	  0.320883	  0.302180	  0.126697	
  0.376259	  0.061389	  0.045965	  0.516386	
  0.359871	  0.105338	  0.098740	  0.436052	
  0.394764	  0.083410	  0.050374	  0.471453	
  0.361060	  0.078020	  0.075767	  0.485152	
  0.485152	  0.075767	  0.078020	  0.361060	
  0.471453	  0.050374	  0.083410	  0.394764	
  0.436052	  0.098740	  0.105338	  0.359871	
  0.516386	  0.045965	  0.061389	  0.376259	
  0.126697	  0.302180	  0.320883	  0.250241	

URL http://cisbp.ccbr.utoronto.ca/TFreport.php?versionNumber=1.02&searchTF=T067279_1.02

MOTIF M0505_1.02 (3902_YDR043C)_(Saccharomyces_cerevisiae)_(DBD_1.00)

letter-probability matrix: alength= 4 w= 9 nsites= 1 E= 0
  0.263492	  0.243234	  0.199143	  0.294131	
  0.339564	  0.339564	  0.132643	  0.188229	
  0.647289	  0.100765	  0.200897	  0.051049	
  0.040855	  0.000148	  0.925212	  0.033785	
  0.000055	  0.000044	  0.999595	  0.000306	
  0.022743	  0.000055	  0.976769	  0.000434	
  0.250759	  0.118450	  0.099932	  0.530858	
  0.130351	  0.512975	  0.116773	  0.239901	
  0.125682	  0.461166	  0.141707	  0.271445	

URL http://cisbp.ccbr.utoronto.ca/TFreport.php?versionNumber=1.02&searchTF=T067303_1.02

MOTIF M0506_1.02 (4088_Multiple)_(Saccharomyces_cerevisiae)_(DBD_1.00)

letter-probability matrix: alength= 4 w= 10 nsites= 1 E= 0
  0.330313	  0.169024	  0.210617	  0.290046	
  0.354136	  0.172376	  0.165617	  0.307871	
  0.254482	  0.141066	  0.112082	  0.492370	
  0.268935	  0.149078	  0.045808	  0.536179	
  0.895324	  0.056103	  0.020434	  0.028140	
  0.214687	  0.004433	  0.779910	  0.000970	
  0.001076	  0.003264	  0.985249	  0.010411	
  0.007381	  0.004613	  0.981327	  0.006679	
  0.078682	  0.004160	  0.884847	  0.032311	
  0.224942	  0.146327	  0.238851	  0.389881	

URL http://cisbp.ccbr.utoronto.ca/TFreport.php?versionNumber=1.02&searchTF=T067305_1.02

MOTIF M0507_1.02 (4284_YDR146C)_(Saccharomyces_cerevisiae)_(DBD_0.97)

letter-probability matrix: alength= 4 w= 11 nsites= 1 E= 0
  0.319888	  0.226704	  0.226704	  0.226704	
  0.333162	  0.191218	  0.284402	  0.191218	
  0.093566	  0.093566	  0.182389	  0.630479	
  0.000184	  0.000184	  0.999448	  0.000184	
  0.000184	  0.999448	  0.000184	  0.000184	
  0.000184	  0.000184	  0.000184	  0.999448	
  0.000184	  0.000184	  0.999448	  0.000184	
  0.000184	  0.000184	  0.999448	  0.000184	
  0.023480	  0.111479	  0.120419	  0.744622	
  0.264277	  0.324611	  0.058966	  0.352146	
  0.347272	  0.339492	  0.156618	  0.156618	

URL http://cisbp.ccbr.utoronto.ca/TFreport.php?versionNumber=1.02&searchTF=T067308_1.02

MOTIF M0508_1.02 (4550_YDR216W)_(Saccharomyces_cerevisiae)_(DBD_1.00)

letter-probability matrix: alength= 4 w= 10 nsites= 1 E= 0
  0.288711	  0.203615	  0.304059	  0.203615	
  0.176117	  0.080211	  0.272399	  0.471273	
  0.000028	  0.000028	  0.799607	  0.200336	
  0.000028	  0.418307	  0.000028	  0.581637	
  0.000028	  0.000028	  0.999915	  0.000028	
  0.000028	  0.000028	  0.999915	  0.000028	
  0.000028	  0.000028	  0.999915	  0.000028	
  0.000028	  0.000028	  0.999915	  0.000028	
  0.046413	  0.046413	  0.046413	  0.860761	
  0.490550	  0.169817	  0.169817	  0.169817	

URL http://cisbp.ccbr.utoronto.ca/TFreport.php?versionNumber=1.02&searchTF=T067311_1.02

MOTIF M0510_1.02 (4678_YDR253C)_(Saccharomyces_cerevisiae)_(DBD_0.98)

letter-probability matrix: alength= 4 w= 8 nsites= 1 E= 0
  0.155238	  0.430910	  0.241385	  0.172467	
  0.069049	  0.115005	  0.126494	  0.689453	
  0.000090	  0.000090	  0.999730	  0.000090	
  0.017625	  0.017625	  0.035163	  0.929586	
  0.000088	  0.008857	  0.990968	  0.000088	
  0.000088	  0.000088	  0.990888	  0.008935	
  0.009802	  0.970594	  0.009802	  0.009802	
  0.086500	  0.049482	  0.604763	  0.259255	

URL http://cisbp.ccbr.utoronto.ca/TFreport.php?versionNumber=1.02&searchTF=T067312_1.02

MOTIF M0514_1.02 (17169_YMR037C)_(Saccharomyces_cerevisiae)_(DBD_0.72)

letter-probability matrix: alength= 4 w= 9 nsites= 1 E= 0
  0.316777	  0.180946	  0.269939	  0.232339	
  0.350186	  0.106534	  0.283855	  0.259424	
  0.526900	  0.094350	  0.127359	  0.251391	
  0.276288	  0.142800	  0.125392	  0.455521	
  0.635588	  0.166426	  0.088637	  0.109350	
  0.159920	  0.092266	  0.629342	  0.118472	
  0.186191	  0.063230	  0.630665	  0.119914	
  0.306984	  0.046843	  0.564983	  0.081190	
  0.275201	  0.024966	  0.606377	  0.093457	

URL http://cisbp.ccbr.utoronto.ca/TFreport.php?versionNumber=1.02&searchTF=T067241_1.02

MOTIF M0516_1.02 (6757_YER169W)_(Saccharomyces_cerevisiae)_(DBD_1.00)

letter-probability matrix: alength= 4 w= 12 nsites= 1 E= 0
  0.661184	  0.003289	  0.003289	  0.332237	
  0.399701	  0.100299	  0.100299	  0.399701	
  0.319090	  0.085247	  0.042730	  0.552934	
  0.261531	  0.046279	  0.000154	  0.692036	
  0.986274	  0.013459	  0.000133	  0.000133	
  0.200027	  0.000133	  0.799707	  0.000133	
  0.040112	  0.000133	  0.959622	  0.000133	
  0.000133	  0.000133	  0.999600	  0.000133	
  0.014020	  0.000139	  0.985702	  0.000139	
  0.127362	  0.054688	  0.563408	  0.254542	
  0.250000	  0.143010	  0.392653	  0.214337	
  0.399402	  0.100598	  0.399402	  0.100598	

URL http://cisbp.ccbr.utoronto.ca/TFreport.php?versionNumber=1.02&searchTF=T067325_1.02

MOTIF M0518_1.02 (8496_YGL035C)_(Saccharomyces_cerevisiae)_(DBD_1.00)

letter-probability matrix: alength= 4 w= 10 nsites= 1 E= 0
  0.324069	  0.194602	  0.223846	  0.257484	
  0.321670	  0.174779	  0.253034	  0.250517	
  0.219126	  0.223552	  0.192413	  0.364908	
  0.169345	  0.233210	  0.483929	  0.113515	
  0.109153	  0.456116	  0.034218	  0.400513	
  0.028905	  0.000271	  0.938235	  0.032590	
  0.027732	  0.029154	  0.927587	  0.015527	
  0.248758	  0.000277	  0.747309	  0.003656	
  0.127560	  0.001282	  0.779451	  0.091706	
  0.258253	  0.153536	  0.294105	  0.294105	

URL http://cisbp.ccbr.utoronto.ca/TFreport.php?versionNumber=1.02&searchTF=T067336_1.02

MOTIF M0520_1.02 (7577_YGL209W)_(Saccharomyces_cerevisiae)_(DBD_1.00)

letter-probability matrix: alength= 4 w= 10 nsites= 1 E= 0
  0.297667	  0.170871	  0.273968	  0.257494	
  0.170226	  0.200987	  0.159881	  0.468906	
  0.103072	  0.165432	  0.686976	  0.044520	
  0.049373	  0.537548	  0.029257	  0.383823	
  0.000418	  0.006183	  0.990929	  0.002470	
  0.005980	  0.013790	  0.979318	  0.000912	
  0.175540	  0.016011	  0.799788	  0.008661	
  0.062994	  0.019834	  0.837092	  0.080080	
  0.259366	  0.209356	  0.186718	  0.344559	
  0.347146	  0.191462	  0.182745	  0.278647	

URL http://cisbp.ccbr.utoronto.ca/TFreport.php?versionNumber=1.02&searchTF=T067329_1.02

MOTIF M0521_1.02 (7733_YGL254W)_(Saccharomyces_cerevisiae)_(DBD_0.88)

letter-probability matrix: alength= 4 w= 10 nsites= 1 E= 0
  0.299687	  0.202610	  0.295093	  0.202610	
  0.339427	  0.048293	  0.142673	  0.469607	
  0.000124	  0.000124	  0.000124	  0.999627	
  0.000124	  0.000124	  0.999627	  0.000124	
  0.999627	  0.000124	  0.000124	  0.000124	
  0.000124	  0.000124	  0.000124	  0.999627	
  0.999627	  0.000124	  0.000124	  0.000124	
  0.000124	  0.000124	  0.999627	  0.000124	
  0.247192	  0.047515	  0.469986	  0.235307	
  0.201832	  0.201832	  0.305256	  0.291080	

URL http://cisbp.ccbr.utoronto.ca/TFreport.php?versionNumber=1.02&searchTF=T067331_1.02

MOTIF M0523_1.02 (8169_YGR067C)_(Saccharomyces_cerevisiae)_(DBD_0.98)

letter-probability matrix: alength= 4 w= 10 nsites= 1 E= 0
  0.308679	  0.221917	  0.245256	  0.224147	
  0.328203	  0.195124	  0.235953	  0.240720	
  0.306074	  0.174832	  0.263440	  0.255654	
  0.101564	  0.065411	  0.765622	  0.067403	
  0.237339	  0.343604	  0.035499	  0.383558	
  0.055556	  0.056114	  0.851828	  0.036503	
  0.091114	  0.069555	  0.838919	  0.000412	
  0.121043	  0.033993	  0.817411	  0.027554	
  0.129826	  0.051738	  0.754607	  0.063828	
  0.193503	  0.205469	  0.306523	  0.294504	

URL http://cisbp.ccbr.utoronto.ca/TFreport.php?versionNumber=1.02&searchTF=T067333_1.02

MOTIF M0524_1.02 (10503_YHL027W)_(Saccharomyces_cerevisiae)_(DBD_0.99)

letter-probability matrix: alength= 4 w= 10 nsites= 1 E= 0
  0.092857	  0.204600	  0.314523	  0.388020	
  0.005035	  0.978816	  0.001762	  0.014387	
  0.025990	  0.026515	  0.015146	  0.932350	
  0.006645	  0.103952	  0.097899	  0.791503	
  0.004433	  0.009016	  0.952459	  0.034091	
  0.005992	  0.003562	  0.963323	  0.027123	
  0.005587	  0.934839	  0.000407	  0.059168	
  0.350979	  0.115668	  0.424421	  0.108932	
  0.320352	  0.278500	  0.102455	  0.298694	
  0.181145	  0.242088	  0.317126	  0.259641	

URL http://cisbp.ccbr.utoronto.ca/TFreport.php?versionNumber=1.02&searchTF=T067221_1.02

MOTIF M0525_1.02 (10383_YHR006W)_(Saccharomyces_cerevisiae)_(DBD_0.98)

letter-probability matrix: alength= 4 w= 10 nsites= 1 E= 0
  0.265933	  0.243044	  0.299838	  0.191185	
  0.221377	  0.298827	  0.165648	  0.314148	
  0.375722	  0.120163	  0.326637	  0.177478	
  0.207451	  0.480533	  0.156788	  0.155228	
  0.000121	  0.107495	  0.886644	  0.005740	
  0.000120	  0.000536	  0.999306	  0.000038	
  0.106697	  0.804320	  0.071521	  0.017461	
  0.346210	  0.114097	  0.349689	  0.190004	
  0.230368	  0.364920	  0.139725	  0.264986	
  0.246133	  0.272019	  0.220494	  0.261353	

URL http://cisbp.ccbr.utoronto.ca/TFreport.php?versionNumber=1.02&searchTF=T067220_1.02

MOTIF M0526_1.02 (12764_Multiple)_(Saccharomyces_cerevisiae)_(DBD_1.00)

letter-probability matrix: alength= 4 w= 10 nsites= 1 E= 0
  0.193212	  0.193212	  0.420364	  0.193212	
  0.257026	  0.074248	  0.074248	  0.594478	
  0.000127	  0.000127	  0.999618	  0.000127	
  0.289652	  0.619310	  0.000127	  0.090910	
  0.000127	  0.000127	  0.999618	  0.000127	
  0.000127	  0.000127	  0.999618	  0.000127	
  0.000127	  0.000127	  0.999618	  0.000127	
  0.000127	  0.000127	  0.999618	  0.000127	
  0.240498	  0.148276	  0.056915	  0.554311	
  0.472362	  0.175879	  0.175879	  0.175879	

URL http://cisbp.ccbr.utoronto.ca/TFreport.php?versionNumber=1.02&searchTF=T067227_1.02

MOTIF M0527_1.02 (13715_YKL062W)_(Saccharomyces_cerevisiae)_(DBD_1.00)

letter-probability matrix: alength= 4 w= 8 nsites= 1 E= 0
  0.205319	  0.300235	  0.149092	  0.345353	
  0.429618	  0.247868	  0.125574	  0.196940	
  0.573653	  0.124216	  0.268278	  0.033853	
  0.004834	  0.001778	  0.885013	  0.108375	
  0.005427	  0.000372	  0.993588	  0.000613	
  0.214906	  0.000734	  0.765250	  0.019110	
  0.193666	  0.021459	  0.682756	  0.102119	
  0.178921	  0.280603	  0.207876	  0.332600	

URL http://cisbp.ccbr.utoronto.ca/TFreport.php?versionNumber=1.02&searchTF=T067229_1.02

MOTIF M0528_1.02 (14324_YLR131C)_(Saccharomyces_cerevisiae)_(DBD_0.99)

letter-probability matrix: alength= 4 w= 10 nsites= 1 E= 0
  0.267090	  0.261349	  0.291660	  0.179901	
  0.053053	  0.138982	  0.053053	  0.754912	
  0.000045	  0.000045	  0.999864	  0.000045	
  0.000045	  0.999864	  0.000045	  0.000045	
  0.000045	  0.000045	  0.000045	  0.999864	
  0.000045	  0.000045	  0.999864	  0.000045	
  0.000045	  0.124290	  0.875620	  0.000045	
  0.000045	  0.194183	  0.217694	  0.588077	
  0.070144	  0.387840	  0.070144	  0.471872	
  0.321237	  0.284779	  0.196992	  0.196992	

URL http://cisbp.ccbr.utoronto.ca/TFreport.php?versionNumber=1.02&searchTF=T067231_1.02

MOTIF M0532_1.02 (17638_YML081W)_(Saccharomyces_cerevisiae)_(DBD_1.00)

letter-probability matrix: alength= 4 w= 10 nsites= 1 E= 0
  0.284861	  0.187167	  0.314820	  0.213151	
  0.318640	  0.092209	  0.211465	  0.377685	
  0.087381	  0.040865	  0.796544	  0.075210	
  0.296222	  0.391941	  0.018562	  0.293275	
  0.030457	  0.005849	  0.894542	  0.069152	
  0.058272	  0.001641	  0.939281	  0.000807	
  0.137082	  0.001139	  0.829300	  0.032479	
  0.061219	  0.020999	  0.716552	  0.201231	
  0.246999	  0.198222	  0.246999	  0.307780	
  0.346702	  0.180994	  0.225533	  0.246772	

URL http://cisbp.ccbr.utoronto.ca/TFreport.php?versionNumber=1.02&searchTF=T067243_1.02

MOTIF M0534_1.02 (16604_YMR182C)_(Saccharomyces_cerevisiae)_(DBD_0.98)

letter-probability matrix: alength= 4 w= 8 nsites= 1 E= 0
  0.148979	  0.308486	  0.032008	  0.510527	
  0.141766	  0.850205	  0.000079	  0.007950	
  0.964082	  0.035775	  0.000071	  0.000071	
  0.064339	  0.000071	  0.935518	  0.000071	
  0.000071	  0.000071	  0.999786	  0.000071	
  0.007212	  0.028635	  0.935518	  0.028635	
  0.172755	  0.100055	  0.718012	  0.009178	
  0.160538	  0.370311	  0.234576	  0.234576	

URL http://cisbp.ccbr.utoronto.ca/TFreport.php?versionNumber=1.02&searchTF=T067237_1.02

MOTIF M0535_1.02 (19232_YNL027W)_(Saccharomyces_cerevisiae)_(DBD_1.00)

letter-probability matrix: alength= 4 w= 12 nsites= 1 E= 0
  0.226689	  0.226689	  0.319932	  0.226689	
  0.338195	  0.156882	  0.254798	  0.250124	
  0.052292	  0.052292	  0.843124	  0.052292	
  0.022104	  0.022104	  0.933688	  0.022104	
  0.000043	  0.899681	  0.100234	  0.000043	
  0.209039	  0.000043	  0.516730	  0.274188	
  0.000043	  0.725727	  0.000043	  0.274188	
  0.899681	  0.000043	  0.000043	  0.100234	
  0.023353	  0.023353	  0.829749	  0.123545	
  0.193352	  0.503917	  0.093161	  0.209570	
  0.197751	  0.406748	  0.197751	  0.197751	
  0.227939	  0.227939	  0.227939	  0.316184	

URL http://cisbp.ccbr.utoronto.ca/TFreport.php?versionNumber=1.02&searchTF=T067248_1.02

MOTIF M0536_1.02 (20760_YOR113W)_(Saccharomyces_cerevisiae)_(DBD_1.00)

letter-probability matrix: alength= 4 w= 10 nsites= 1 E= 0
  0.314178	  0.172425	  0.304893	  0.208504	
  0.294373	  0.205377	  0.266360	  0.233889	
  0.338462	  0.182074	  0.243328	  0.236137	
  0.333526	  0.239780	  0.230378	  0.196315	
  0.277256	  0.191511	  0.248376	  0.282857	
  0.332636	  0.209987	  0.234404	  0.222972	
  0.362827	  0.110380	  0.370157	  0.156636	
  0.280685	  0.207936	  0.342829	  0.168550	
  0.467480	  0.171976	  0.168571	  0.191973	
  0.625209	  0.015304	  0.241794	  0.117694	

URL http://cisbp.ccbr.utoronto.ca/TFreport.php?versionNumber=1.02&searchTF=T067252_1.02

MOTIF M0537_1.02 (23564_YPL038W)_(Saccharomyces_cerevisiae)_(DBD_1.00)

letter-probability matrix: alength= 4 w= 10 nsites= 1 E= 0
  0.324393	  0.147224	  0.327653	  0.200729	
  0.004303	  0.107691	  0.691780	  0.196226	
  0.688165	  0.001689	  0.185681	  0.124466	
  0.000321	  0.000017	  0.995905	  0.003757	
  0.000016	  0.000004	  0.995301	  0.004679	
  0.078366	  0.000544	  0.206726	  0.714364	
  0.000409	  0.000490	  0.999050	  0.000050	
  0.217476	  0.000252	  0.330991	  0.451281	
  0.325325	  0.125817	  0.328595	  0.220264	
  0.166259	  0.260745	  0.429896	  0.143100	

URL http://cisbp.ccbr.utoronto.ca/TFreport.php?versionNumber=1.02&searchTF=T067268_1.02

MOTIF M0539_1.02 (21995_YPL230W)_(Saccharomyces_cerevisiae)_(DBD_1.00)

letter-probability matrix: alength= 4 w= 8 nsites= 1 E= 0
  0.170491	  0.295434	  0.022831	  0.511245	
  0.162423	  0.837406	  0.000085	  0.000085	
  0.984146	  0.015698	  0.000078	  0.000078	
  0.039128	  0.000078	  0.960715	  0.000078	
  0.000078	  0.000078	  0.999766	  0.000078	
  0.007888	  0.023508	  0.898235	  0.070369	
  0.190024	  0.070072	  0.719812	  0.020092	
  0.175716	  0.378309	  0.243247	  0.202728	

URL http://cisbp.ccbr.utoronto.ca/TFreport.php?versionNumber=1.02&searchTF=T067256_1.02

MOTIF M0541_1.02 (23365_YPR013C)_(Saccharomyces_cerevisiae)_(DBD_0.98)

letter-probability matrix: alength= 4 w= 10 nsites= 1 E= 0
  0.243229	  0.267608	  0.295019	  0.194144	
  0.115411	  0.405641	  0.150272	  0.328677	
  0.046600	  0.017752	  0.906935	  0.028713	
  0.124892	  0.243059	  0.085847	  0.546202	
  0.484396	  0.261664	  0.066335	  0.187604	
  0.362151	  0.082963	  0.456331	  0.098555	
  0.964808	  0.003435	  0.015804	  0.015953	
  0.000375	  0.000000	  0.000000	  0.999625	
  0.014161	  0.910649	  0.026184	  0.049006	
  0.367211	  0.290052	  0.164598	  0.178139	

URL http://cisbp.ccbr.utoronto.ca/TFreport.php?versionNumber=1.02&searchTF=T067267_1.02

MOTIF M0542_1.02 (23355_YPR015C)_(Saccharomyces_cerevisiae)_(DBD_1.00)

letter-probability matrix: alength= 4 w= 7 nsites= 1 E= 0
  0.269036	  0.199307	  0.377981	  0.153676	
  0.268373	  0.192940	  0.425122	  0.113565	
  0.169419	  0.211109	  0.498885	  0.120587	
  0.194411	  0.257231	  0.445846	  0.102511	
  0.095917	  0.171311	  0.654243	  0.078530	
  0.998231	  0.000303	  0.001385	  0.000080	
  0.243442	  0.006455	  0.738689	  0.011414	

URL http://cisbp.ccbr.utoronto.ca/TFreport.php?versionNumber=1.02&searchTF=T067266_1.02

MOTIF M0543_1.02 (23330_YPR022C)_(Saccharomyces_cerevisiae)_(DBD_1.00)

letter-probability matrix: alength= 4 w= 9 nsites= 1 E= 0
  0.293274	  0.221651	  0.240112	  0.244963	
  0.271205	  0.158044	  0.355269	  0.215482	
  0.202303	  0.372325	  0.210559	  0.214813	
  0.084185	  0.042225	  0.814857	  0.058734	
  0.000803	  0.098607	  0.019514	  0.881075	
  0.000841	  0.008473	  0.969635	  0.021050	
  0.003675	  0.001393	  0.993879	  0.001053	
  0.089673	  0.038713	  0.850790	  0.020825	
  0.154267	  0.071428	  0.595073	  0.179233	

URL http://cisbp.ccbr.utoronto.ca/TFreport.php?versionNumber=1.02&searchTF=T067265_1.02

MOTIF M0750_1.02 (19078_YNL068C)_(Saccharomyces_cerevisiae)_(DBD_0.71)

letter-probability matrix: alength= 4 w= 10 nsites= 1 E= 0
  0.333384	  0.186661	  0.227988	  0.251966	
  0.243491	  0.236295	  0.191537	  0.328678	
  0.290403	  0.120454	  0.508400	  0.080743	
  0.144493	  0.108119	  0.080096	  0.667293	
  0.665365	  0.230520	  0.042535	  0.061580	
  0.737993	  0.130835	  0.027220	  0.103953	
  0.810160	  0.045026	  0.052312	  0.092502	
  0.087322	  0.613757	  0.079806	  0.219115	
  0.815710	  0.031002	  0.077794	  0.075494	
  0.402874	  0.192217	  0.160553	  0.244356	

URL http://cisbp.ccbr.utoronto.ca/TFreport.php?versionNumber=1.02&searchTF=T083395_1.02

MOTIF M0752_1.02 (10722_YIL131C)_(Saccharomyces_cerevisiae)_(DBD_0.71)

letter-probability matrix: alength= 4 w= 10 nsites= 1 E= 0
  0.280208	  0.207584	  0.258665	  0.253543	
  0.254421	  0.227919	  0.227919	  0.289742	
  0.291528	  0.136338	  0.471132	  0.101002	
  0.177849	  0.121624	  0.110050	  0.590478	
  0.600876	  0.264645	  0.053968	  0.080511	
  0.706052	  0.148367	  0.051919	  0.093662	
  0.755353	  0.067842	  0.067167	  0.109638	
  0.089169	  0.528758	  0.091884	  0.290189	
  0.717520	  0.069117	  0.097106	  0.116257	
  0.356358	  0.229507	  0.193627	  0.220508	

URL http://cisbp.ccbr.utoronto.ca/TFreport.php?versionNumber=1.02&searchTF=T083391_1.02

MOTIF M0754_1.02 (23064_YPR104C)_(Saccharomyces_cerevisiae)_(DBD_0.99)

letter-probability matrix: alength= 4 w= 9 nsites= 1 E= 0
  0.253538	  0.231716	  0.256086	  0.258660	
  0.197686	  0.243880	  0.444379	  0.114055	
  0.612621	  0.117654	  0.127453	  0.142273	
  0.088533	  0.823346	  0.000469	  0.087652	
  0.066044	  0.000091	  0.773038	  0.160827	
  0.048781	  0.950840	  0.000012	  0.000367	
  0.624070	  0.056614	  0.225036	  0.094279	
  0.386853	  0.239378	  0.199945	  0.173824	
  0.377692	  0.176634	  0.171414	  0.274261	

URL http://cisbp.ccbr.utoronto.ca/TFreport.php?versionNumber=1.02&searchTF=T083398_1.02

MOTIF M0757_1.02 (2649_YCR065W)_(Strongylocentrotus_purpuratus)_(DBD_0.44)

letter-probability matrix: alength= 4 w= 10 nsites= 1 E= 0
  0.321884	  0.201178	  0.236085	  0.240854	
  0.216367	  0.234387	  0.239122	  0.310124	
  0.297171	  0.182055	  0.409243	  0.111532	
  0.279854	  0.144643	  0.132194	  0.443309	
  0.472247	  0.313407	  0.069235	  0.145111	
  0.572460	  0.196359	  0.062174	  0.169007	
  0.751021	  0.048981	  0.135834	  0.064163	
  0.037542	  0.655546	  0.026722	  0.280190	
  0.680835	  0.057015	  0.121915	  0.140235	
  0.359328	  0.213628	  0.193298	  0.233746	

URL http://cisbp.ccbr.utoronto.ca/TFreport.php?versionNumber=1.02&searchTF=T083400_1.02

MOTIF M0794_1.02 (2489_YCR018C)_(Saccharomyces_cerevisiae)_(DBD_0.94)

letter-probability matrix: alength= 4 w= 9 nsites= 1 E= 0
  0.165614	  0.131586	  0.502532	  0.200269	
  0.108826	  0.145438	  0.267669	  0.478067	
  0.934794	  0.000756	  0.000357	  0.064092	
  0.098817	  0.000247	  0.775315	  0.125621	
  0.641626	  0.042692	  0.000231	  0.315452	
  0.048198	  0.000345	  0.002548	  0.948909	
  0.135691	  0.590150	  0.089155	  0.185004	
  0.131979	  0.373397	  0.142971	  0.351652	
  0.263786	  0.271820	  0.248424	  0.215970	

URL http://cisbp.ccbr.utoronto.ca/TFreport.php?versionNumber=1.02&searchTF=T086040_1.02

MOTIF M0796_1.02 (6181_YER040W)_(Saccharomyces_cerevisiae)_(DBD_1.00)

letter-probability matrix: alength= 4 w= 7 nsites= 1 E= 0
  0.382278	  0.266706	  0.047283	  0.303733	
  0.001667	  0.001555	  0.993421	  0.003357	
  0.998364	  0.000073	  0.000002	  0.001562	
  0.000247	  0.005764	  0.000045	  0.993944	
  0.736465	  0.026360	  0.008601	  0.228574	
  0.603633	  0.082514	  0.228827	  0.085027	
  0.169766	  0.288421	  0.370340	  0.171472	

URL http://cisbp.ccbr.utoronto.ca/TFreport.php?versionNumber=1.02&searchTF=T086045_1.02

MOTIF M0798_1.02 (11722_YJL110C)_(Saccharomyces_cerevisiae)_(DBD_0.74)

letter-probability matrix: alength= 4 w= 8 nsites= 1 E= 0
  0.247804	  0.271140	  0.235718	  0.245338	
  0.261670	  0.297997	  0.154020	  0.286313	
  0.052780	  0.029849	  0.876675	  0.040696	
  0.926075	  0.021998	  0.011034	  0.040893	
  0.058687	  0.022697	  0.027722	  0.890894	
  0.705984	  0.042504	  0.014148	  0.237364	
  0.466491	  0.155281	  0.201389	  0.176839	
  0.199833	  0.275195	  0.367778	  0.157194	

URL http://cisbp.ccbr.utoronto.ca/TFreport.php?versionNumber=1.02&searchTF=T086020_1.02

MOTIF M0800_1.02 (11320_YIR013C)_(Saccharomyces_cerevisiae)_(DBD_1.00)

letter-probability matrix: alength= 4 w= 10 nsites= 1 E= 0
  0.353511	  0.201610	  0.198409	  0.246470	
  0.297149	  0.236702	  0.168914	  0.297236	
  0.527519	  0.132522	  0.189709	  0.150250	
  0.219015	  0.087463	  0.575200	  0.118323	
  0.679754	  0.024286	  0.040385	  0.255575	
  0.255575	  0.040385	  0.024286	  0.679754	
  0.118323	  0.575200	  0.087463	  0.219015	
  0.150250	  0.189709	  0.132522	  0.527519	
  0.297236	  0.168914	  0.236702	  0.297149	
  0.246470	  0.198409	  0.201610	  0.353511	

URL http://cisbp.ccbr.utoronto.ca/TFreport.php?versionNumber=1.02&searchTF=T086019_1.02

MOTIF M0801_1.02 (6983_YFL021W)_(Saccharomyces_cerevisiae)_(DBD_0.74)

letter-probability matrix: alength= 4 w= 8 nsites= 1 E= 0
  0.270248	  0.432235	  0.000270	  0.297246	
  0.000196	  0.000196	  0.999412	  0.000196	
  0.999424	  0.000192	  0.000192	  0.000192	
  0.000192	  0.000192	  0.000192	  0.999424	
  0.980208	  0.000192	  0.019408	  0.000192	
  0.940635	  0.000196	  0.000196	  0.058973	
  0.022934	  0.113760	  0.840372	  0.022934	
  0.344697	  0.241391	  0.241391	  0.172521	

URL http://cisbp.ccbr.utoronto.ca/TFreport.php?versionNumber=1.02&searchTF=T086047_1.02

MOTIF M0803_1.02 (13369_YKR034W)_(Saccharomyces_cerevisiae)_(DBD_1.00)

letter-probability matrix: alength= 4 w= 10 nsites= 1 E= 0
  0.275281	  0.242608	  0.224974	  0.257137	
  0.241344	  0.282465	  0.204031	  0.272159	
  0.196189	  0.245027	  0.396334	  0.162450	
  0.410715	  0.155415	  0.184636	  0.249234	
  0.106170	  0.067699	  0.065591	  0.760540	
  0.760540	  0.065591	  0.067699	  0.106170	
  0.249234	  0.184636	  0.155415	  0.410715	
  0.162450	  0.396334	  0.245027	  0.196189	
  0.272159	  0.204031	  0.282465	  0.241344	
  0.257137	  0.224974	  0.242608	  0.275281	

URL http://cisbp.ccbr.utoronto.ca/TFreport.php?versionNumber=1.02&searchTF=T086024_1.02

MOTIF M0805_1.02 (14781_YLR013W)_(Saccharomyces_cerevisiae)_(DBD_0.94)

letter-probability matrix: alength= 4 w= 10 nsites= 1 E= 0
  0.187065	  0.176171	  0.442065	  0.194699	
  0.176846	  0.118543	  0.178623	  0.525988	
  0.952320	  0.000999	  0.046012	  0.000670	
  0.030711	  0.000101	  0.967412	  0.001776	
  0.654621	  0.002757	  0.004280	  0.338342	
  0.008644	  0.018669	  0.003086	  0.969600	
  0.073762	  0.596363	  0.125317	  0.204558	
  0.137503	  0.366370	  0.164621	  0.331506	
  0.301150	  0.256623	  0.304177	  0.138049	
  0.287100	  0.200303	  0.270381	  0.242216	

URL http://cisbp.ccbr.utoronto.ca/TFreport.php?versionNumber=1.02&searchTF=T086029_1.02

MOTIF M0806_1.02 (23503_YPL021W)_(Saccharomyces_cerevisiae)_(DBD_1.00)

letter-probability matrix: alength= 4 w= 8 nsites= 1 E= 0
  0.595074	  0.023917	  0.214303	  0.166706	
  0.853240	  0.034557	  0.112117	  0.000086	
  0.000071	  0.000071	  0.999786	  0.000071	
  0.999786	  0.000071	  0.000071	  0.000071	
  0.000071	  0.000071	  0.000071	  0.999786	
  0.000071	  0.985504	  0.000071	  0.014353	
  0.036441	  0.263631	  0.072792	  0.627136	
  0.279056	  0.244189	  0.441771	  0.034984	

URL http://cisbp.ccbr.utoronto.ca/TFreport.php?versionNumber=1.02&searchTF=T086039_1.02

MOTIF M1131_1.02 (2197_Multiple)_(Saccharomyces_cerevisiae)_(DBD_1.00)

letter-probability matrix: alength= 4 w= 8 nsites= 1 E= 0
  0.019507	  0.776495	  0.009802	  0.194196	
  0.556299	  0.000075	  0.413485	  0.030141	
  0.006643	  0.039529	  0.000066	  0.953762	
  0.013134	  0.000065	  0.986735	  0.000065	
  0.000065	  0.006600	  0.000065	  0.993270	
  0.840903	  0.006687	  0.006687	  0.145723	
  0.731551	  0.056973	  0.048846	  0.162630	
  0.516734	  0.011343	  0.022574	  0.449349	

URL http://cisbp.ccbr.utoronto.ca/TFreport.php?versionNumber=1.02&searchTF=T102753_1.02

MOTIF M1134_1.02 (3376_YDL106C)_(Saccharomyces_cerevisiae)_(DBD_1.00)

letter-probability matrix: alength= 4 w= 10 nsites= 1 E= 0
  0.202440	  0.284417	  0.296025	  0.217118	
  0.137527	  0.312255	  0.107106	  0.443111	
  0.485283	  0.222456	  0.125805	  0.166456	
  0.674859	  0.086878	  0.166418	  0.071845	
  0.000960	  0.136889	  0.000227	  0.861924	
  0.380271	  0.154606	  0.127853	  0.337270	
  0.292325	  0.203949	  0.113054	  0.390672	
  0.352141	  0.226792	  0.203168	  0.217899	
  0.255984	  0.238678	  0.213816	  0.291522	
  0.242348	  0.287257	  0.237549	  0.232846	

URL http://cisbp.ccbr.utoronto.ca/TFreport.php?versionNumber=1.02&searchTF=T102766_1.02

MOTIF M1135_1.02 (5594_YDR451C)_(Saccharomyces_cerevisiae)_(DBD_0.98)

letter-probability matrix: alength= 4 w= 9 nsites= 1 E= 0
  0.315585	  0.211543	  0.248248	  0.224624	
  0.159846	  0.297143	  0.233741	  0.309270	
  0.049077	  0.412975	  0.043527	  0.494421	
  0.607502	  0.221264	  0.054563	  0.116671	
  0.795033	  0.116557	  0.042879	  0.045531	
  0.000127	  0.038401	  0.000360	  0.961112	
  0.265461	  0.065462	  0.072346	  0.596731	
  0.450376	  0.041268	  0.057979	  0.450376	
  0.509296	  0.154939	  0.196966	  0.138799	

URL http://cisbp.ccbr.utoronto.ca/TFreport.php?versionNumber=1.02&searchTF=T102771_1.02

MOTIF M1137_1.02 (8695_YGL096W)_(Saccharomyces_cerevisiae)_(DBD_1.00)

letter-probability matrix: alength= 4 w= 10 nsites= 1 E= 0
  0.245815	  0.225257	  0.203376	  0.325553	
  0.194420	  0.262562	  0.257546	  0.285473	
  0.430172	  0.136541	  0.136692	  0.296595	
  0.085866	  0.677481	  0.136832	  0.099821	
  0.533490	  0.020328	  0.395325	  0.050857	
  0.050857	  0.395325	  0.020328	  0.533490	
  0.099821	  0.136832	  0.677481	  0.085866	
  0.296595	  0.136692	  0.136541	  0.430172	
  0.285473	  0.257546	  0.262562	  0.194420	
  0.325553	  0.203376	  0.225257	  0.245815	

URL http://cisbp.ccbr.utoronto.ca/TFreport.php?versionNumber=1.02&searchTF=T102774_1.02

MOTIF M1139_1.02 (17440_YML027W)_(Saccharomyces_cerevisiae)_(DBD_0.98)

letter-probability matrix: alength= 4 w= 7 nsites= 1 E= 0
  0.124134	  0.217317	  0.179713	  0.478836	
  0.425499	  0.081717	  0.063008	  0.429776	
  0.545914	  0.061711	  0.110218	  0.282157	
  0.962144	  0.000037	  0.037681	  0.000138	
  0.064162	  0.078368	  0.177934	  0.679537	
  0.160587	  0.082999	  0.212477	  0.543937	
  0.445369	  0.076623	  0.387185	  0.090822	

URL http://cisbp.ccbr.utoronto.ca/TFreport.php?versionNumber=1.02&searchTF=T102749_1.02

MOTIF M1141_1.02 (22207_YPL177C)_(Saccharomyces_cerevisiae)_(DBD_1.00)

letter-probability matrix: alength= 4 w= 10 nsites= 1 E= 0
  0.387637	  0.087363	  0.170727	  0.354273	
  0.488651	  0.052021	  0.047071	  0.412258	
  0.180890	  0.062670	  0.131353	  0.625086	
  0.195932	  0.145150	  0.637637	  0.021280	
  0.066209	  0.183611	  0.020345	  0.729835	
  0.006063	  0.011730	  0.945896	  0.036311	
  0.142484	  0.145362	  0.034098	  0.678056	
  0.000623	  0.989175	  0.001205	  0.008997	
  0.626682	  0.105683	  0.119157	  0.148478	
  0.302874	  0.195062	  0.143067	  0.358997	

URL http://cisbp.ccbr.utoronto.ca/TFreport.php?versionNumber=1.02&searchTF=T102755_1.02

MOTIF M1252_1.02 (8607_YGL073W)_(Saccharomyces_cerevisiae)_(DBD_1.00)

letter-probability matrix: alength= 4 w= 9 nsites= 1 E= 0
  0.320154	  0.181055	  0.206191	  0.292599	
  0.231700	  0.238756	  0.197442	  0.332102	
  0.223589	  0.242212	  0.287095	  0.247105	
  0.161512	  0.025143	  0.029212	  0.784133	
  0.138264	  0.051376	  0.075881	  0.734480	
  0.092315	  0.709959	  0.122145	  0.075581	
  0.148989	  0.381409	  0.144586	  0.325016	
  0.473500	  0.149928	  0.202381	  0.174191	
  0.182247	  0.285820	  0.153755	  0.378177	

URL http://cisbp.ccbr.utoronto.ca/TFreport.php?versionNumber=1.02&searchTF=T107013_1.02

MOTIF M1253_1.02 (9292_YGR249W)_(Saccharomyces_cerevisiae)_(DBD_0.98)

letter-probability matrix: alength= 4 w= 10 nsites= 1 E= 0
  0.263925	  0.211805	  0.283061	  0.241209	
  0.183192	  0.259962	  0.254814	  0.302032	
