MEME version 4

ALPHABET= ACGT

strands: + -

Background letter frequencies (from uniform background):
A 0.25000 C 0.25000 G 0.25000 T 0.25000 

MOTIF M0002_1.02 (Skud_Contig2057.12)_(Saccharomyces_cerevisiae)_(DBD_0.82)

letter-probability matrix: alength= 4 w= 11 nsites= 1 E= 0
  0.321949	  0.226017	  0.226017	  0.226017	
  0.191661	  0.099705	  0.191166	  0.517468	
  0.022580	  0.111111	  0.022580	  0.843729	
  0.000167	  0.087642	  0.822336	  0.089855	
  0.000167	  0.999498	  0.000167	  0.000167	
  0.822336	  0.177330	  0.000167	  0.000167	
  0.000167	  0.999498	  0.000167	  0.000167	
  0.000167	  0.999498	  0.000167	  0.000167	
  0.024150	  0.927550	  0.024150	  0.024150	
  0.150463	  0.256746	  0.442329	  0.150463	
  0.227587	  0.227587	  0.317238	  0.227587	

URL http://cisbp.ccbr.utoronto.ca/TFreport.php?versionNumber=1.02&searchTF=T000445_1.02

MOTIF M0003_1.02 (Skud_Contig1659.3)_(Saccharomyces_cerevisiae)_(DBD_0.85)

letter-probability matrix: alength= 4 w= 10 nsites= 1 E= 0
  0.297121	  0.199166	  0.191357	  0.312355	
  0.258788	  0.253663	  0.201544	  0.286005	
  0.206317	  0.281298	  0.242116	  0.270268	
  0.379793	  0.160714	  0.314073	  0.145420	
  0.067447	  0.863795	  0.028257	  0.040501	
  0.849665	  0.046751	  0.090454	  0.013129	
  0.032992	  0.949827	  0.000466	  0.016715	
  0.154413	  0.788102	  0.017455	  0.040030	
  0.105126	  0.635977	  0.005448	  0.253449	
  0.198322	  0.320502	  0.221382	  0.259794	

URL http://cisbp.ccbr.utoronto.ca/TFreport.php?versionNumber=1.02&searchTF=T000444_1.02

MOTIF M0097_1.02 (Skud_Contig2056.3)_(Saccharomyces_cerevisiae)_(DBD_0.97)

letter-probability matrix: alength= 4 w= 9 nsites= 1 E= 0
  0.320147	  0.146757	  0.157399	  0.375696	
  0.101234	  0.168583	  0.511542	  0.218641	
  0.684421	  0.295472	  0.019079	  0.001029	
  0.044126	  0.060767	  0.008820	  0.886288	
  0.000400	  0.003400	  0.996111	  0.000088	
  0.000920	  0.940249	  0.000500	  0.058332	
  0.864471	  0.011158	  0.122992	  0.001380	
  0.146186	  0.306397	  0.306397	  0.241020	
  0.178872	  0.193770	  0.471854	  0.155504	

URL http://cisbp.ccbr.utoronto.ca/TFreport.php?versionNumber=1.02&searchTF=T006869_1.02

MOTIF M0098_1.02 (Skud_Contig2054.9)_(Saccharomyces_cerevisiae)_(DBD_0.97)

letter-probability matrix: alength= 4 w= 11 nsites= 1 E= 0
  0.225027	  0.225027	  0.225027	  0.324920	
  0.180909	  0.180909	  0.367512	  0.270669	
  0.075340	  0.683880	  0.075340	  0.165440	
  0.407120	  0.592518	  0.000181	  0.000181	
  0.000181	  0.000181	  0.000181	  0.999457	
  0.000181	  0.000181	  0.999457	  0.000181	
  0.000181	  0.999457	  0.000181	  0.000181	
  0.999457	  0.000181	  0.000181	  0.000181	
  0.025154	  0.025154	  0.621172	  0.328519	
  0.069272	  0.159432	  0.702024	  0.069272	
  0.174841	  0.174841	  0.174841	  0.475477	

URL http://cisbp.ccbr.utoronto.ca/TFreport.php?versionNumber=1.02&searchTF=T006868_1.02

MOTIF M0241_1.02 (Skud_Contig1948.3)_(Saccharomyces_cerevisiae)_(DBD_1.00)

letter-probability matrix: alength= 4 w= 12 nsites= 1 E= 0
  0.324652	  0.225116	  0.225116	  0.225116	
  0.097676	  0.097676	  0.532933	  0.271715	
  0.096401	  0.765160	  0.119132	  0.019307	
  0.687800	  0.096666	  0.119132	  0.096401	
  0.000162	  0.823109	  0.099987	  0.076741	
  0.077256	  0.077521	  0.768481	  0.076741	
  0.099987	  0.077521	  0.000162	  0.822329	
  0.077521	  0.000162	  0.922154	  0.000162	
  0.787419	  0.162488	  0.025046	  0.025046	
  0.229065	  0.293041	  0.152486	  0.325408	
  0.230855	  0.230855	  0.230855	  0.307434	
  0.230855	  0.230855	  0.230855	  0.307434	

URL http://cisbp.ccbr.utoronto.ca/TFreport.php?versionNumber=1.02&searchTF=T020738_1.02

MOTIF M0243_1.02 (Skud_Contig1504.3)_(Saccharomyces_cerevisiae)_(DBD_0.98)

letter-probability matrix: alength= 4 w= 9 nsites= 1 E= 0
  0.272480	  0.236883	  0.269769	  0.220868	
  0.283700	  0.261888	  0.275316	  0.179095	
  0.193493	  0.325460	  0.389647	  0.091400	
  0.116050	  0.883613	  0.000041	  0.000296	
  0.883751	  0.045339	  0.030697	  0.040212	
  0.000682	  0.877359	  0.002028	  0.119931	
  0.084549	  0.019246	  0.895451	  0.000754	
  0.153371	  0.171205	  0.107003	  0.568420	
  0.091647	  0.075034	  0.618898	  0.214421	

URL http://cisbp.ccbr.utoronto.ca/TFreport.php?versionNumber=1.02&searchTF=T020734_1.02

MOTIF M0244_1.02 (Skud_Contig1911.4)_(Saccharomyces_cerevisiae)_(DBD_0.96)

letter-probability matrix: alength= 4 w= 11 nsites= 1 E= 0
  0.310339	  0.229887	  0.229887	  0.229887	
  0.269895	  0.140964	  0.448177	  0.140964	
  0.023264	  0.023264	  0.118648	  0.834823	
  0.075323	  0.766428	  0.000203	  0.158045	
  0.841548	  0.000203	  0.000203	  0.158045	
  0.000203	  0.766428	  0.000203	  0.233165	
  0.075323	  0.000203	  0.924271	  0.000203	
  0.000203	  0.000203	  0.000203	  0.999390	
  0.095436	  0.020316	  0.786541	  0.097707	
  0.207773	  0.400191	  0.109239	  0.282796	
  0.319184	  0.226939	  0.226939	  0.226939	

URL http://cisbp.ccbr.utoronto.ca/TFreport.php?versionNumber=1.02&searchTF=T020736_1.02

MOTIF M0248_1.02 (Skud_Contig1945.3)_(Saccharomyces_cerevisiae)_(DBD_0.98)

letter-probability matrix: alength= 4 w= 10 nsites= 1 E= 0
  0.157253	  0.467714	  0.195949	  0.179084	
  0.567369	  0.082353	  0.347585	  0.002694	
  0.127858	  0.226087	  0.073034	  0.573021	
  0.029191	  0.840380	  0.092190	  0.038239	
  0.793478	  0.020418	  0.061340	  0.124764	
  0.017623	  0.691737	  0.204222	  0.086419	
  0.097515	  0.206440	  0.678584	  0.017462	
  0.146656	  0.139503	  0.043297	  0.670544	
  0.092591	  0.118889	  0.719237	  0.069282	
  0.498056	  0.122819	  0.230606	  0.148519	

URL http://cisbp.ccbr.utoronto.ca/TFreport.php?versionNumber=1.02&searchTF=T020737_1.02

MOTIF M0352_1.02 (Skud_Contig1215.2)_(Saccharomyces_cerevisiae)_(DBD_0.98)

letter-probability matrix: alength= 4 w= 10 nsites= 1 E= 0
  0.211517	  0.183884	  0.282677	  0.321921	
  0.431823	  0.132690	  0.350029	  0.085457	
  0.003684	  0.000104	  0.000000	  0.996212	
  0.003146	  0.021457	  0.850682	  0.124716	
  0.985610	  0.004871	  0.003265	  0.006254	
  0.054920	  0.630099	  0.207655	  0.107327	
  0.226603	  0.085046	  0.213406	  0.474945	
  0.232372	  0.491932	  0.127529	  0.148167	
  0.469883	  0.185394	  0.183549	  0.161174	
  0.230654	  0.257474	  0.200521	  0.311351	

URL http://cisbp.ccbr.utoronto.ca/TFreport.php?versionNumber=1.02&searchTF=T030309_1.02

MOTIF M0353_1.02 (Skud_Contig1132.1)_(Saccharomyces_cerevisiae)_(DBD_0.83)

letter-probability matrix: alength= 4 w= 10 nsites= 1 E= 0
  0.353816	  0.157398	  0.244393	  0.244393	
  0.211817	  0.173421	  0.378314	  0.236447	
  0.282621	  0.049606	  0.499749	  0.168024	
  0.471319	  0.430753	  0.001814	  0.096114	
  0.095243	  0.793481	  0.018848	  0.092428	
  0.926944	  0.009993	  0.007256	  0.055807	
  0.080735	  0.863657	  0.033824	  0.021784	
  0.098975	  0.137672	  0.695667	  0.067685	
  0.101851	  0.136117	  0.133421	  0.628611	
  0.318650	  0.182016	  0.277021	  0.222314	

URL http://cisbp.ccbr.utoronto.ca/TFreport.php?versionNumber=1.02&searchTF=T030308_1.02

MOTIF M0354_1.02 (Skud_Contig2034.8)_(Saccharomyces_cerevisiae)_(DBD_0.83)

letter-probability matrix: alength= 4 w= 10 nsites= 1 E= 0
  0.286730	  0.276761	  0.218254	  0.218254	
  0.465755	  0.158579	  0.158579	  0.217086	
  0.000052	  0.000052	  0.000052	  0.999845	
  0.000052	  0.000052	  0.121061	  0.878836	
  0.941338	  0.000052	  0.000052	  0.058559	
  0.000052	  0.999845	  0.000052	  0.000052	
  0.050927	  0.000052	  0.525333	  0.423689	
  0.365182	  0.000052	  0.000052	  0.634715	
  0.904608	  0.031797	  0.031797	  0.031797	
  0.525751	  0.091472	  0.215662	  0.167115	

URL http://cisbp.ccbr.utoronto.ca/TFreport.php?versionNumber=1.02&searchTF=T030316_1.02

MOTIF M0356_1.02 (Skud_Contig2043.2)_(Saccharomyces_cerevisiae)_(DBD_0.91)

letter-probability matrix: alength= 4 w= 10 nsites= 1 E= 0
  0.156235	  0.237783	  0.384275	  0.221707	
  0.402756	  0.386964	  0.121308	  0.088973	
  0.035172	  0.000320	  0.057412	  0.907096	
  0.017446	  0.032431	  0.336670	  0.613453	
  0.855397	  0.000658	  0.054684	  0.089261	
  0.042605	  0.534839	  0.242734	  0.179822	
  0.218505	  0.142140	  0.286234	  0.353121	
  0.409661	  0.197419	  0.112768	  0.280152	
  0.575008	  0.129591	  0.153605	  0.141795	
  0.297790	  0.163431	  0.231919	  0.306859	

URL http://cisbp.ccbr.utoronto.ca/TFreport.php?versionNumber=1.02&searchTF=T030317_1.02

MOTIF M0357_1.02 (Skud_Contig1983.3)_(Saccharomyces_cerevisiae)_(DBD_0.82)

letter-probability matrix: alength= 4 w= 10 nsites= 1 E= 0
  0.116441	  0.076507	  0.663402	  0.143650	
  0.444801	  0.453787	  0.087150	  0.014262	
  0.002919	  0.018567	  0.023840	  0.954674	
  0.050593	  0.018612	  0.155060	  0.775735	
  0.965859	  0.022044	  0.001368	  0.010730	
  0.077309	  0.600531	  0.139465	  0.182694	
  0.347681	  0.110089	  0.433237	  0.108993	
  0.089608	  0.054896	  0.046780	  0.808716	
  0.657744	  0.172227	  0.103422	  0.066607	
  0.760955	  0.072572	  0.077834	  0.088639	

URL http://cisbp.ccbr.utoronto.ca/TFreport.php?versionNumber=1.02&searchTF=T030313_1.02

MOTIF M0502_1.02 (Skud_Contig1867.8)_(Saccharomyces_cerevisiae)_(DBD_1.00)

letter-probability matrix: alength= 4 w= 10 nsites= 1 E= 0
  0.250241	  0.320883	  0.302180	  0.126697	
  0.376259	  0.061389	  0.045965	  0.516386	
  0.359871	  0.105338	  0.098740	  0.436052	
  0.394764	  0.083410	  0.050374	  0.471453	
  0.361060	  0.078020	  0.075767	  0.485152	
  0.485152	  0.075767	  0.078020	  0.361060	
  0.471453	  0.050374	  0.083410	  0.394764	
  0.436052	  0.098740	  0.105338	  0.359871	
  0.516386	  0.045965	  0.061389	  0.376259	
  0.126697	  0.302180	  0.320883	  0.250241	

URL http://cisbp.ccbr.utoronto.ca/TFreport.php?versionNumber=1.02&searchTF=T066928_1.02

MOTIF M0505_1.02 (Skud_Contig1722.1)_(Saccharomyces_cerevisiae)_(DBD_1.00)

letter-probability matrix: alength= 4 w= 9 nsites= 1 E= 0
  0.263492	  0.243234	  0.199143	  0.294131	
  0.339564	  0.339564	  0.132643	  0.188229	
  0.647289	  0.100765	  0.200897	  0.051049	
  0.040855	  0.000148	  0.925212	  0.033785	
  0.000055	  0.000044	  0.999595	  0.000306	
  0.022743	  0.000055	  0.976769	  0.000434	
  0.250759	  0.118450	  0.099932	  0.530858	
  0.130351	  0.512975	  0.116773	  0.239901	
  0.125682	  0.461166	  0.141707	  0.271445	

URL http://cisbp.ccbr.utoronto.ca/TFreport.php?versionNumber=1.02&searchTF=T066926_1.02

MOTIF M0506_1.02 (Skud_Contig1417.1)_(Saccharomyces_cerevisiae)_(DBD_1.00)

letter-probability matrix: alength= 4 w= 10 nsites= 1 E= 0
  0.330313	  0.169024	  0.210617	  0.290046	
  0.354136	  0.172376	  0.165617	  0.307871	
  0.254482	  0.141066	  0.112082	  0.492370	
  0.268935	  0.149078	  0.045808	  0.536179	
  0.895324	  0.056103	  0.020434	  0.028140	
  0.214687	  0.004433	  0.779910	  0.000970	
  0.001076	  0.003264	  0.985249	  0.010411	
  0.007381	  0.004613	  0.981327	  0.006679	
  0.078682	  0.004160	  0.884847	  0.032311	
  0.224942	  0.146327	  0.238851	  0.389881	

URL http://cisbp.ccbr.utoronto.ca/TFreport.php?versionNumber=1.02&searchTF=T066920_1.02

MOTIF M0510_1.02 (Skud_Contig1915.9)_(Saccharomyces_cerevisiae)_(DBD_0.98)

letter-probability matrix: alength= 4 w= 8 nsites= 1 E= 0
  0.155238	  0.430910	  0.241385	  0.172467	
  0.069049	  0.115005	  0.126494	  0.689453	
  0.000090	  0.000090	  0.999730	  0.000090	
  0.017625	  0.017625	  0.035163	  0.929586	
  0.000088	  0.008857	  0.990968	  0.000088	
  0.000088	  0.000088	  0.990888	  0.008935	
  0.009802	  0.970594	  0.009802	  0.009802	
  0.086500	  0.049482	  0.604763	  0.259255	

URL http://cisbp.ccbr.utoronto.ca/TFreport.php?versionNumber=1.02&searchTF=T066929_1.02

MOTIF M0512_1.02 (Skud_Contig1757.2)_(Saccharomyces_cerevisiae)_(DBD_0.83)

letter-probability matrix: alength= 4 w= 9 nsites= 1 E= 0
  0.303922	  0.205772	  0.241476	  0.248830	
  0.294098	  0.189410	  0.258246	  0.258246	
  0.187249	  0.215387	  0.192951	  0.404413	
  0.142155	  0.199720	  0.553862	  0.104263	
  0.113438	  0.508392	  0.037384	  0.340786	
  0.020014	  0.085320	  0.894634	  0.000032	
  0.069469	  0.004310	  0.926007	  0.000215	
  0.243273	  0.039024	  0.716361	  0.001342	
  0.154211	  0.060844	  0.657419	  0.127526	

URL http://cisbp.ccbr.utoronto.ca/TFreport.php?versionNumber=1.02&searchTF=T066927_1.02

MOTIF M0518_1.02 (Skud_Contig2052.11)_(Saccharomyces_cerevisiae)_(DBD_1.00)

letter-probability matrix: alength= 4 w= 10 nsites= 1 E= 0
  0.324069	  0.194602	  0.223846	  0.257484	
  0.321670	  0.174779	  0.253034	  0.250517	
  0.219126	  0.223552	  0.192413	  0.364908	
  0.169345	  0.233210	  0.483929	  0.113515	
  0.109153	  0.456116	  0.034218	  0.400513	
  0.028905	  0.000271	  0.938235	  0.032590	
  0.027732	  0.029154	  0.927587	  0.015527	
  0.248758	  0.000277	  0.747309	  0.003656	
  0.127560	  0.001282	  0.779451	  0.091706	
  0.258253	  0.153536	  0.294105	  0.294105	

URL http://cisbp.ccbr.utoronto.ca/TFreport.php?versionNumber=1.02&searchTF=T066931_1.02

MOTIF M0520_1.02 (Skud_Contig1253.2)_(Saccharomyces_cerevisiae)_(DBD_1.00)

letter-probability matrix: alength= 4 w= 10 nsites= 1 E= 0
  0.297667	  0.170871	  0.273968	  0.257494	
  0.170226	  0.200987	  0.159881	  0.468906	
  0.103072	  0.165432	  0.686976	  0.044520	
  0.049373	  0.537548	  0.029257	  0.383823	
  0.000418	  0.006183	  0.990929	  0.002470	
  0.005980	  0.013790	  0.979318	  0.000912	
  0.175540	  0.016011	  0.799788	  0.008661	
  0.062994	  0.019834	  0.837092	  0.080080	
  0.259366	  0.209356	  0.186718	  0.344559	
  0.347146	  0.191462	  0.182745	  0.278647	

URL http://cisbp.ccbr.utoronto.ca/TFreport.php?versionNumber=1.02&searchTF=T066918_1.02

MOTIF M0521_1.02 (Skud_Contig1439.2)_(Saccharomyces_cerevisiae)_(DBD_0.86)

letter-probability matrix: alength= 4 w= 10 nsites= 1 E= 0
  0.299687	  0.202610	  0.295093	  0.202610	
  0.339427	  0.048293	  0.142673	  0.469607	
  0.000124	  0.000124	  0.000124	  0.999627	
  0.000124	  0.000124	  0.999627	  0.000124	
  0.999627	  0.000124	  0.000124	  0.000124	
  0.000124	  0.000124	  0.000124	  0.999627	
  0.999627	  0.000124	  0.000124	  0.000124	
  0.000124	  0.000124	  0.999627	  0.000124	
  0.247192	  0.047515	  0.469986	  0.235307	
  0.201832	  0.201832	  0.305256	  0.291080	

URL http://cisbp.ccbr.utoronto.ca/TFreport.php?versionNumber=1.02&searchTF=T066921_1.02

MOTIF M0525_1.02 (Skud_Contig2067.15)_(Saccharomyces_cerevisiae)_(DBD_0.95)

letter-probability matrix: alength= 4 w= 10 nsites= 1 E= 0
  0.265933	  0.243044	  0.299838	  0.191185	
  0.221377	  0.298827	  0.165648	  0.314148	
  0.375722	  0.120163	  0.326637	  0.177478	
  0.207451	  0.480533	  0.156788	  0.155228	
  0.000121	  0.107495	  0.886644	  0.005740	
  0.000120	  0.000536	  0.999306	  0.000038	
  0.106697	  0.804320	  0.071521	  0.017461	
  0.346210	  0.114097	  0.349689	  0.190004	
  0.230368	  0.364920	  0.139725	  0.264986	
  0.246133	  0.272019	  0.220494	  0.261353	

URL http://cisbp.ccbr.utoronto.ca/TFreport.php?versionNumber=1.02&searchTF=T066933_1.02

MOTIF M0527_1.02 (Skud_Contig1582.3)_(Saccharomyces_cerevisiae)_(DBD_1.00)

letter-probability matrix: alength= 4 w= 8 nsites= 1 E= 0
  0.205319	  0.300235	  0.149092	  0.345353	
  0.429618	  0.247868	  0.125574	  0.196940	
  0.573653	  0.124216	  0.268278	  0.033853	
  0.004834	  0.001778	  0.885013	  0.108375	
  0.005427	  0.000372	  0.993588	  0.000613	
  0.214906	  0.000734	  0.765250	  0.019110	
  0.193666	  0.021459	  0.682756	  0.102119	
  0.178921	  0.280603	  0.207876	  0.332600	

URL http://cisbp.ccbr.utoronto.ca/TFreport.php?versionNumber=1.02&searchTF=T066923_1.02

MOTIF M0532_1.02 (Skud_Contig1623.3)_(Saccharomyces_cerevisiae)_(DBD_1.00)

letter-probability matrix: alength= 4 w= 10 nsites= 1 E= 0
  0.284861	  0.187167	  0.314820	  0.213151	
  0.318640	  0.092209	  0.211465	  0.377685	
  0.087381	  0.040865	  0.796544	  0.075210	
  0.296222	  0.391941	  0.018562	  0.293275	
  0.030457	  0.005849	  0.894542	  0.069152	
  0.058272	  0.001641	  0.939281	  0.000807	
  0.137082	  0.001139	  0.829300	  0.032479	
  0.061219	  0.020999	  0.716552	  0.201231	
  0.246999	  0.198222	  0.246999	  0.307780	
  0.346702	  0.180994	  0.225533	  0.246772	

URL http://cisbp.ccbr.utoronto.ca/TFreport.php?versionNumber=1.02&searchTF=T066924_1.02

MOTIF M0537_1.02 (Skud_Contig1396.3)_(Saccharomyces_cerevisiae)_(DBD_0.98)

letter-probability matrix: alength= 4 w= 10 nsites= 1 E= 0
  0.324393	  0.147224	  0.327653	  0.200729	
  0.004303	  0.107691	  0.691780	  0.196226	
  0.688165	  0.001689	  0.185681	  0.124466	
  0.000321	  0.000017	  0.995905	  0.003757	
  0.000016	  0.000004	  0.995301	  0.004679	
  0.078366	  0.000544	  0.206726	  0.714364	
  0.000409	  0.000490	  0.999050	  0.000050	
  0.217476	  0.000252	  0.330991	  0.451281	
  0.325325	  0.125817	  0.328595	  0.220264	
  0.166259	  0.260745	  0.429896	  0.143100	

URL http://cisbp.ccbr.utoronto.ca/TFreport.php?versionNumber=1.02&searchTF=T066919_1.02

MOTIF M0539_1.02 (Skud_Contig1090.1)_(Saccharomyces_cerevisiae)_(DBD_0.98)

letter-probability matrix: alength= 4 w= 8 nsites= 1 E= 0
  0.170491	  0.295434	  0.022831	  0.511245	
  0.162423	  0.837406	  0.000085	  0.000085	
  0.984146	  0.015698	  0.000078	  0.000078	
  0.039128	  0.000078	  0.960715	  0.000078	
  0.000078	  0.000078	  0.999766	  0.000078	
  0.007888	  0.023508	  0.898235	  0.070369	
  0.190024	  0.070072	  0.719812	  0.020092	
  0.175716	  0.378309	  0.243247	  0.202728	

URL http://cisbp.ccbr.utoronto.ca/TFreport.php?versionNumber=1.02&searchTF=T066917_1.02

MOTIF M0541_1.02 (Skud_Contig1714.3)_(Saccharomyces_cerevisiae)_(DBD_0.98)

letter-probability matrix: alength= 4 w= 10 nsites= 1 E= 0
  0.243229	  0.267608	  0.295019	  0.194144	
  0.115411	  0.405641	  0.150272	  0.328677	
  0.046600	  0.017752	  0.906935	  0.028713	
  0.124892	  0.243059	  0.085847	  0.546202	
  0.484396	  0.261664	  0.066335	  0.187604	
  0.362151	  0.082963	  0.456331	  0.098555	
  0.964808	  0.003435	  0.015804	  0.015953	
  0.000375	  0.000000	  0.000000	  0.999625	
  0.014161	  0.910649	  0.026184	  0.049006	
  0.367211	  0.290052	  0.164598	  0.178139	

URL http://cisbp.ccbr.utoronto.ca/TFreport.php?versionNumber=1.02&searchTF=T066925_1.02

MOTIF M0752_1.02 (Skud_Contig1475.5)_(Saccharomyces_cerevisiae)_(DBD_0.70)

letter-probability matrix: alength= 4 w= 10 nsites= 1 E= 0
  0.280208	  0.207584	  0.258665	  0.253543	
  0.254421	  0.227919	  0.227919	  0.289742	
  0.291528	  0.136338	  0.471132	  0.101002	
  0.177849	  0.121624	  0.110050	  0.590478	
  0.600876	  0.264645	  0.053968	  0.080511	
  0.706052	  0.148367	  0.051919	  0.093662	
  0.755353	  0.067842	  0.067167	  0.109638	
  0.089169	  0.528758	  0.091884	  0.290189	
  0.717520	  0.069117	  0.097106	  0.116257	
  0.356358	  0.229507	  0.193627	  0.220508	

URL http://cisbp.ccbr.utoronto.ca/TFreport.php?versionNumber=1.02&searchTF=T083370_1.02

MOTIF M0754_1.02 (Skud_Contig1693.6)_(Saccharomyces_cerevisiae)_(DBD_0.97)

letter-probability matrix: alength= 4 w= 9 nsites= 1 E= 0
  0.253538	  0.231716	  0.256086	  0.258660	
  0.197686	  0.243880	  0.444379	  0.114055	
  0.612621	  0.117654	  0.127453	  0.142273	
  0.088533	  0.823346	  0.000469	  0.087652	
  0.066044	  0.000091	  0.773038	  0.160827	
  0.048781	  0.950840	  0.000012	  0.000367	
  0.624070	  0.056614	  0.225036	  0.094279	
  0.386853	  0.239378	  0.199945	  0.173824	
  0.377692	  0.176634	  0.171414	  0.274261	

URL http://cisbp.ccbr.utoronto.ca/TFreport.php?versionNumber=1.02&searchTF=T083371_1.02

MOTIF M0794_1.02 (Skud_Contig2048.1)_(Saccharomyces_cerevisiae)_(DBD_0.94)

letter-probability matrix: alength= 4 w= 9 nsites= 1 E= 0
  0.165614	  0.131586	  0.502532	  0.200269	
  0.108826	  0.145438	  0.267669	  0.478067	
  0.934794	  0.000756	  0.000357	  0.064092	
  0.098817	  0.000247	  0.775315	  0.125621	
  0.641626	  0.042692	  0.000231	  0.315452	
  0.048198	  0.000345	  0.002548	  0.948909	
  0.135691	  0.590150	  0.089155	  0.185004	
  0.131979	  0.373397	  0.142971	  0.351652	
  0.263786	  0.271820	  0.248424	  0.215970	

URL http://cisbp.ccbr.utoronto.ca/TFreport.php?versionNumber=1.02&searchTF=T086007_1.02

MOTIF M0798_1.02 (Skud_Contig1451.2)_(Saccharomyces_cerevisiae)_(DBD_0.74)

letter-probability matrix: alength= 4 w= 8 nsites= 1 E= 0
  0.247804	  0.271140	  0.235718	  0.245338	
  0.261670	  0.297997	  0.154020	  0.286313	
  0.052780	  0.029849	  0.876675	  0.040696	
  0.926075	  0.021998	  0.011034	  0.040893	
  0.058687	  0.022697	  0.027722	  0.890894	
  0.705984	  0.042504	  0.014148	  0.237364	
  0.466491	  0.155281	  0.201389	  0.176839	
  0.199833	  0.275195	  0.367778	  0.157194	

URL http://cisbp.ccbr.utoronto.ca/TFreport.php?versionNumber=1.02&searchTF=T086000_1.02

MOTIF M0800_1.02 (Skud_Contig1568.3)_(Saccharomyces_cerevisiae)_(DBD_0.97)

letter-probability matrix: alength= 4 w= 10 nsites= 1 E= 0
  0.353511	  0.201610	  0.198409	  0.246470	
  0.297149	  0.236702	  0.168914	  0.297236	
  0.527519	  0.132522	  0.189709	  0.150250	
  0.219015	  0.087463	  0.575200	  0.118323	
  0.679754	  0.024286	  0.040385	  0.255575	
  0.255575	  0.040385	  0.024286	  0.679754	
  0.118323	  0.575200	  0.087463	  0.219015	
  0.150250	  0.189709	  0.132522	  0.527519	
  0.297236	  0.168914	  0.236702	  0.297149	
  0.246470	  0.198409	  0.201610	  0.353511	

URL http://cisbp.ccbr.utoronto.ca/TFreport.php?versionNumber=1.02&searchTF=T086002_1.02

MOTIF M0803_1.02 (Skud_Contig1606.3)_(Saccharomyces_cerevisiae)_(DBD_1.00)

letter-probability matrix: alength= 4 w= 10 nsites= 1 E= 0
  0.275281	  0.242608	  0.224974	  0.257137	
  0.241344	  0.282465	  0.204031	  0.272159	
  0.196189	  0.245027	  0.396334	  0.162450	
  0.410715	  0.155415	  0.184636	  0.249234	
  0.106170	  0.067699	  0.065591	  0.760540	
  0.760540	  0.065591	  0.067699	  0.106170	
  0.249234	  0.184636	  0.155415	  0.410715	
  0.162450	  0.396334	  0.245027	  0.196189	
  0.272159	  0.204031	  0.282465	  0.241344	
  0.257137	  0.224974	  0.242608	  0.275281	

URL http://cisbp.ccbr.utoronto.ca/TFreport.php?versionNumber=1.02&searchTF=T086003_1.02

MOTIF M0805_1.02 (Skud_Contig2025.12)_(Saccharomyces_cerevisiae)_(DBD_0.97)

letter-probability matrix: alength= 4 w= 10 nsites= 1 E= 0
  0.187065	  0.176171	  0.442065	  0.194699	
  0.176846	  0.118543	  0.178623	  0.525988	
  0.952320	  0.000999	  0.046012	  0.000670	
  0.030711	  0.000101	  0.967412	  0.001776	
  0.654621	  0.002757	  0.004280	  0.338342	
  0.008644	  0.018669	  0.003086	  0.969600	
  0.073762	  0.596363	  0.125317	  0.204558	
  0.137503	  0.366370	  0.164621	  0.331506	
  0.301150	  0.256623	  0.304177	  0.138049	
  0.287100	  0.200303	  0.270381	  0.242216	

URL http://cisbp.ccbr.utoronto.ca/TFreport.php?versionNumber=1.02&searchTF=T086006_1.02

MOTIF M0806_1.02 (Skud_Contig1501.4)_(Saccharomyces_cerevisiae)_(DBD_0.97)

letter-probability matrix: alength= 4 w= 8 nsites= 1 E= 0
  0.595074	  0.023917	  0.214303	  0.166706	
  0.853240	  0.034557	  0.112117	  0.000086	
  0.000071	  0.000071	  0.999786	  0.000071	
  0.999786	  0.000071	  0.000071	  0.000071	
  0.000071	  0.000071	  0.000071	  0.999786	
  0.000071	  0.985504	  0.000071	  0.014353	
  0.036441	  0.263631	  0.072792	  0.627136	
  0.279056	  0.244189	  0.441771	  0.034984	

URL http://cisbp.ccbr.utoronto.ca/TFreport.php?versionNumber=1.02&searchTF=T086001_1.02

MOTIF M1131_1.02 (Skud_Contig1781.3)_(Saccharomyces_cerevisiae)_(DBD_1.00)

letter-probability matrix: alength= 4 w= 8 nsites= 1 E= 0
  0.019507	  0.776495	  0.009802	  0.194196	
  0.556299	  0.000075	  0.413485	  0.030141	
  0.006643	  0.039529	  0.000066	  0.953762	
  0.013134	  0.000065	  0.986735	  0.000065	
  0.000065	  0.006600	  0.000065	  0.993270	
  0.840903	  0.006687	  0.006687	  0.145723	
  0.731551	  0.056973	  0.048846	  0.162630	
  0.516734	  0.011343	  0.022574	  0.449349	

URL http://cisbp.ccbr.utoronto.ca/TFreport.php?versionNumber=1.02&searchTF=T102653_1.02

MOTIF M1134_1.02 (Skud_Contig1733.2)_(Saccharomyces_cerevisiae)_(DBD_0.96)

letter-probability matrix: alength= 4 w= 10 nsites= 1 E= 0
  0.202440	  0.284417	  0.296025	  0.217118	
  0.137527	  0.312255	  0.107106	  0.443111	
  0.485283	  0.222456	  0.125805	  0.166456	
  0.674859	  0.086878	  0.166418	  0.071845	
  0.000960	  0.136889	  0.000227	  0.861924	
  0.380271	  0.154606	  0.127853	  0.337270	
  0.292325	  0.203949	  0.113054	  0.390672	
  0.352141	  0.226792	  0.203168	  0.217899	
  0.255984	  0.238678	  0.213816	  0.291522	
  0.242348	  0.287257	  0.237549	  0.232846	

URL http://cisbp.ccbr.utoronto.ca/TFreport.php?versionNumber=1.02&searchTF=T102652_1.02

MOTIF M1135_1.02 (Skud_Contig1234.2)_(Saccharomyces_cerevisiae)_(DBD_0.98)

letter-probability matrix: alength= 4 w= 9 nsites= 1 E= 0
  0.315585	  0.211543	  0.248248	  0.224624	
  0.159846	  0.297143	  0.233741	  0.309270	
  0.049077	  0.412975	  0.043527	  0.494421	
  0.607502	  0.221264	  0.054563	  0.116671	
  0.795033	  0.116557	  0.042879	  0.045531	
  0.000127	  0.038401	  0.000360	  0.961112	
  0.265461	  0.065462	  0.072346	  0.596731	
  0.450376	  0.041268	  0.057979	  0.450376	
  0.509296	  0.154939	  0.196966	  0.138799	

URL http://cisbp.ccbr.utoronto.ca/TFreport.php?versionNumber=1.02&searchTF=T102651_1.02

MOTIF M1137_1.02 (Skud_Contig1919.4)_(Saccharomyces_cerevisiae)_(DBD_0.86)

letter-probability matrix: alength= 4 w= 10 nsites= 1 E= 0
  0.245815	  0.225257	  0.203376	  0.325553	
  0.194420	  0.262562	  0.257546	  0.285473	
  0.430172	  0.136541	  0.136692	  0.296595	
  0.085866	  0.677481	  0.136832	  0.099821	
  0.533490	  0.020328	  0.395325	  0.050857	
  0.050857	  0.395325	  0.020328	  0.533490	
  0.099821	  0.136832	  0.677481	  0.085866	
  0.296595	  0.136692	  0.136541	  0.430172	
  0.285473	  0.257546	  0.262562	  0.194420	
  0.325553	  0.203376	  0.225257	  0.245815	

URL http://cisbp.ccbr.utoronto.ca/TFreport.php?versionNumber=1.02&searchTF=T102654_1.02

MOTIF M1252_1.02 (Skud_Contig2057.11)_(Saccharomyces_cerevisiae)_(DBD_0.97)

letter-probability matrix: alength= 4 w= 9 nsites= 1 E= 0
  0.320154	  0.181055	  0.206191	  0.292599	
  0.231700	  0.238756	  0.197442	  0.332102	
  0.223589	  0.242212	  0.287095	  0.247105	
  0.161512	  0.025143	  0.029212	  0.784133	
  0.138264	  0.051376	  0.075881	  0.734480	
  0.092315	  0.709959	  0.122145	  0.075581	
  0.148989	  0.381409	  0.144586	  0.325016	
  0.473500	  0.149928	  0.202381	  0.174191	
  0.182247	  0.285820	  0.153755	  0.378177	

URL http://cisbp.ccbr.utoronto.ca/TFreport.php?versionNumber=1.02&searchTF=T106999_1.02

MOTIF M1253_1.02 (Skud_Contig1999.9)_(Saccharomyces_cerevisiae)_(DBD_0.93)

letter-probability matrix: alength= 4 w= 10 nsites= 1 E= 0
  0.263925	  0.211805	  0.283061	  0.241209	
  0.183192	  0.259962	  0.254814	  0.302032	
  0.263878	  0.227122	  0.332117	  0.176883	
  0.104221	  0.017931	  0.060130	  0.817717	
  0.063717	  0.031326	  0.003109	  0.901848	
  0.071783	  0.831841	  0.034593	  0.061784	
  0.096185	  0.277625	  0.258856	  0.367334	
  0.293438	  0.235489	  0.240247	  0.230826	
  0.184072	  0.269165	  0.124627	  0.422136	
  0.282740	  0.229185	  0.274384	  0.213691	

URL http://cisbp.ccbr.utoronto.ca/TFreport.php?versionNumber=1.02&searchTF=T106998_1.02

MOTIF M1255_1.02 (Skud_Contig1913.2)_(Saccharomyces_cerevisiae)_(DBD_1.00)

letter-probability matrix: alength= 4 w= 10 nsites= 1 E= 0
  0.177497	  0.343421	  0.206223	  0.272859	
  0.086696	  0.213239	  0.337786	  0.362278	
  0.114953	  0.032607	  0.849392	  0.003048	
  0.001386	  0.018659	  0.885668	  0.094287	
  0.063067	  0.849122	  0.067640	  0.020170	
  0.004904	  0.387626	  0.357824	  0.249645	
  0.423871	  0.102456	  0.281302	  0.192372	
  0.243651	  0.141987	  0.152282	  0.462079	
  0.349097	  0.158436	  0.185926	  0.306541	
  0.307704	  0.202176	  0.188508	  0.301611	

URL http://cisbp.ccbr.utoronto.ca/TFreport.php?versionNumber=1.02&searchTF=T106997_1.02

MOTIF M1256_1.02 (Skud_Contig1833.2)_(Saccharomyces_cerevisiae)_(DBD_0.87)

letter-probability matrix: alength= 4 w= 12 nsites= 1 E= 0
  0.201194	  0.201194	  0.304697	  0.292914	
  0.230780	  0.226281	  0.127278	  0.415661	
  0.152730	  0.049228	  0.049228	  0.748814	
  0.025929	  0.214641	  0.129432	  0.629998	
  0.000154	  0.999537	  0.000154	  0.000154	
  0.000154	  0.000154	  0.000154	  0.999537	
  0.000154	  0.000154	  0.000154	  0.999537	
  0.000154	  0.999537	  0.000154	  0.000154	
  0.048960	  0.153606	  0.142155	  0.655279	
  0.534377	  0.122877	  0.122877	  0.219869	
  0.200927	  0.200927	  0.200927	  0.397220	
  0.224225	  0.224225	  0.224225	  0.327324	

URL http://cisbp.ccbr.utoronto.ca/TFreport.php?versionNumber=1.02&searchTF=T106996_1.02

MOTIF M1298_1.02 (Skud_Contig779.2)_(Mus_musculus)_(DBD_0.78)

letter-probability matrix: alength= 4 w= 10 nsites= 1 E= 0
  0.212984	  0.416099	  0.142972	  0.227946	
  0.201998	  0.401559	  0.182516	  0.213926	
  0.432247	  0.083239	  0.179282	  0.305232	
  0.394149	  0.098816	  0.146383	  0.360652	
  0.532912	  0.075998	  0.118189	  0.272901	
  0.272901	  0.118189	  0.075998	  0.532912	
  0.360652	  0.146383	  0.098816	  0.394149	
  0.305232	  0.179282	  0.083239	  0.432247	
  0.213926	  0.182516	  0.401559	  0.201998	
  0.227946	  0.142972	  0.416099	  0.212984	

URL http://cisbp.ccbr.utoronto.ca/TFreport.php?versionNumber=1.02&searchTF=T112811_1.02

MOTIF M1299_1.02 (Skud_Contig1785.6)_(Saccharomyces_cerevisiae)_(DBD_1.00)

letter-probability matrix: alength= 4 w= 8 nsites= 1 E= 0
  0.009615	  0.009615	  0.009615	  0.971154	
  0.009615	  0.009615	  0.009615	  0.971154	
  0.971154	  0.009615	  0.009615	  0.009615	
  0.971154	  0.009615	  0.009615	  0.009615	
  0.009615	  0.009615	  0.009615	  0.971154	
  0.971154	  0.009615	  0.009615	  0.009615	
  0.971154	  0.009615	  0.009615	  0.009615	
  0.971154	  0.009615	  0.009615	  0.009615	

URL http://cisbp.ccbr.utoronto.ca/TFreport.php?versionNumber=1.02&searchTF=T112809_1.02

MOTIF M1375_1.02 (Skud_Contig2028.5)_(Saccharomyces_cerevisiae)_(DBD_0.97)

letter-probability matrix: alength= 4 w= 8 nsites= 1 E= 0
  0.285511	  0.711648	  0.001420	  0.001420	
  0.332965	  0.443584	  0.222345	  0.001106	
  0.001106	  0.001106	  0.996681	  0.001106	
  0.996681	  0.001106	  0.001106	  0.001106	
  0.001106	  0.001106	  0.996681	  0.001106	
  0.001106	  0.001106	  0.001106	  0.996681	
  0.001106	  0.996681	  0.001106	  0.001106	
  0.995739	  0.001420	  0.001420	  0.001420	

URL http://cisbp.ccbr.utoronto.ca/TFreport.php?versionNumber=1.02&searchTF=T125555_1.02

MOTIF M1377_1.02 (Skud_Contig2019.4)_(Saccharomyces_cerevisiae)_(DBD_1.00)

letter-probability matrix: alength= 4 w= 10 nsites= 1 E= 0
  0.210808	  0.287422	  0.228366	  0.273404	
  0.346966	  0.188524	  0.212561	  0.251949	
  0.642603	  0.065728	  0.094210	  0.197458	
  0.498983	  0.068209	  0.384742	  0.048066	
  0.118621	  0.833751	  0.012255	  0.035373	
  0.000197	  0.999738	  0.000027	  0.000038	
  0.001193	  0.998655	  0.000107	  0.000045	
  0.005640	  0.067346	  0.020284	  0.906730	
  0.630604	  0.123554	  0.170150	  0.075692	
  0.422559	  0.157013	  0.222812	  0.197616	

URL http://cisbp.ccbr.utoronto.ca/TFreport.php?versionNumber=1.02&searchTF=T125554_1.02

MOTIF M1421_1.02 (Skud_Contig1988.6)_(Saccharomyces_cerevisiae)_(DBD_0.93)

letter-probability matrix: alength= 4 w= 10 nsites= 1 E= 0
  0.231217	  0.129675	  0.110158	  0.528949	
  0.099592	  0.285966	  0.036494	  0.577948	
  0.105809	  0.109352	  0.011528	  0.773311	
  0.060845	  0.119289	  0.006588	  0.813278	
  0.126500	  0.115232	  0.022321	  0.735946	
  0.121450	  0.123004	  0.673175	  0.082371	
  0.084715	  0.101396	  0.037741	  0.776148	
  0.316956	  0.018337	  0.379079	  0.285628	
  0.195859	  0.225160	  0.224505	  0.354476	
  0.226011	  0.400663	  0.075828	  0.297498	

URL http://cisbp.ccbr.utoronto.ca/TFreport.php?versionNumber=1.02&searchTF=T130589_1.02

MOTIF M1612_1.02 (Skud_Contig2011.6)_(Saccharomyces_cerevisiae)_(DBD_0.96)

letter-probability matrix: alength= 4 w= 10 nsites= 1 E= 0
  0.175861	  0.419764	  0.221338	  0.183038	
  0.212492	  0.364638	  0.210378	  0.212492	
  0.193202	  0.434301	  0.072511	  0.299986	
  0.570324	  0.050714	  0.339069	  0.039893	
  0.069362	  0.502369	  0.084719	  0.343551	
  0.366244	  0.064283	  0.103886	  0.465587	
  0.468704	  0.109944	  0.145470	  0.275882	
  0.464954	  0.118148	  0.065493	  0.351405	
  0.406158	  0.157078	  0.197698	  0.239066	
  0.343445	  0.184754	  0.196179	  0.275621	

URL http://cisbp.ccbr.utoronto.ca/TFreport.php?versionNumber=1.02&searchTF=T147515_1.02

MOTIF M1613_1.02 (Skud_Contig1672.6)_(Saccharomyces_cerevisiae)_(DBD_0.98)

letter-probability matrix: alength= 4 w= 8 nsites= 1 E= 0
  0.009615	  0.009615	  0.009615	  0.971154	
  0.009615	  0.971154	  0.009615	  0.009615	
  0.009615	  0.971154	  0.009615	  0.009615	
  0.009615	  0.971154	  0.009615	  0.009615	
  0.009615	  0.971154	  0.009615	  0.009615	
  0.009615	  0.009615	  0.971154	  0.009615	
  0.009615	  0.009615	  0.971154	  0.009615	
  0.009615	  0.971154	  0.009615	  0.009615	

URL http://cisbp.ccbr.utoronto.ca/TFreport.php?versionNumber=1.02&searchTF=T147513_1.02

MOTIF M1615_1.02 (Skud_Contig1806.4)_(Saccharomyces_cerevisiae)_(DBD_1.00)

letter-probability matrix: alength= 4 w= 8 nsites= 1 E= 0
  0.270726	  0.299198	  0.159350	  0.270726	
  0.171103	  0.404343	  0.058690	  0.365865	
  0.701225	  0.048078	  0.204963	  0.045733	
  0.053179	  0.447494	  0.090348	  0.408979	
  0.407307	  0.049381	  0.055677	  0.487635	
  0.525518	  0.097943	  0.128302	  0.248237	
  0.510778	  0.094249	  0.117441	  0.277532	
  0.343791	  0.175921	  0.275898	  0.204391	

URL http://cisbp.ccbr.utoronto.ca/TFreport.php?versionNumber=1.02&searchTF=T147514_1.02

MOTIF M1641_1.02 (Skud_Contig1636.4)_(Mus_musculus)_(DBD_0.80)

letter-probability matrix: alength= 4 w= 7 nsites= 1 E= 0
  0.486500	  0.104296	  0.119969	  0.289234	
  0.014489	  0.191210	  0.078521	  0.715780	
  0.639678	  0.069475	  0.000533	  0.290314	
  0.371463	  0.095340	  0.000769	  0.532428	
  0.515031	  0.123251	  0.123251	  0.238466	
  0.400342	  0.112429	  0.110202	  0.377028	
  0.323600	  0.170632	  0.188577	  0.317192	

URL http://cisbp.ccbr.utoronto.ca/TFreport.php?versionNumber=1.02&searchTF=T150912_1.02

MOTIF M1803_1.02 (Skud_Contig1775.2)_(Saccharomyces_cerevisiae)_(DBD_0.80)

letter-probability matrix: alength= 4 w= 9 nsites= 1 E= 0
  0.363944	  0.163531	  0.191905	  0.280620	
  0.286896	  0.182933	  0.200161	  0.330009	
  0.192948	  0.296611	  0.189127	  0.321314	
  0.092953	  0.305544	  0.150219	  0.451283	
  0.006943	  0.895824	  0.037628	  0.059605	
  0.002817	  0.968543	  0.011425	  0.017215	
  0.100664	  0.082417	  0.758840	  0.058078	
  0.095356	  0.286465	  0.227606	  0.390573	
  0.165900	  0.268108	  0.257595	  0.308397	

URL http://cisbp.ccbr.utoronto.ca/TFreport.php?versionNumber=1.02&searchTF=T164735_1.02

MOTIF M1890_1.02 (Skud_Contig1238.2)_(Homo_sapiens)_(DBD_0.71)

letter-probability matrix: alength= 4 w= 18 nsites= 1 E= 0
  0.536953	  0.172787	  0.112112	  0.178148	
  0.135379	  0.112568	  0.522354	  0.229699	
  0.404653	  0.257299	  0.247263	  0.090785	
  0.137203	  0.339074	  0.453695	  0.070027	
  0.208257	  0.267336	  0.035698	  0.488709	
  0.021898	  0.095119	  0.546077	  0.336907	
  0.027030	  0.842153	  0.054859	  0.075958	
  0.001825	  0.113253	  0.027600	  0.857322	
  0.025319	  0.116104	  0.819001	  0.039576	
  0.975707	  0.000228	  0.017108	  0.006957	
  0.000570	  0.005931	  0.000912	  0.992587	
  0.001141	  0.000570	  0.000570	  0.997719	
  0.003307	  0.001141	  0.994526	  0.001026	
  0.001369	  0.007984	  0.990306	  0.000342	
  0.042997	  0.305315	  0.001711	  0.649977	
  0.052464	  0.449703	  0.213618	  0.284215	
  0.175297	  0.476277	  0.253992	  0.094434	
  0.485972	  0.129562	  0.308736	  0.075730	

URL http://cisbp.ccbr.utoronto.ca/TFreport.php?versionNumber=1.02&searchTF=T070728_1.02

MOTIF M2085_1.02 (Skud_Contig2070.3)_(Saccharomyces_cerevisiae)_(DBD_1.00)

letter-probability matrix: alength= 4 w= 6 nsites= 1 E= 0
  0.220000	  0.280000	  0.180000	  0.320000	
  0.000000	  0.210000	  0.130000	  0.660000	
  0.000000	  1.000000	  0.000000	  0.000000	
  0.000000	  1.000000	  0.000000	  0.000000	
  0.000000	  0.000000	  1.000000	  0.000000	
  0.000000	  0.000000	  1.000000	  0.000000	

URL http://cisbp.ccbr.utoronto.ca/TFreport.php?versionNumber=1.02&searchTF=T164760_1.02

MOTIF M2225_1.02 (Skud_Contig1387.1)_(Saccharomyces_cerevisiae)_(DBD_1.00)

letter-probability matrix: alength= 4 w= 8 nsites= 1 E= 0
  0.282828	  0.040404	  0.636364	  0.040404	
  0.000000	  0.000000	  0.000000	  1.000000	
  0.000000	  0.000000	  0.000000	  1.000000	
  0.000000	  1.000000	  0.000000	  0.000000	
  0.000000	  1.000000	  0.000000	  0.000000	
  0.000000	  0.000000	  1.000000	  0.000000	
  0.410000	  0.060000	  0.470000	  0.060000	
  0.161616	  0.222222	  0.101010	  0.515152	

URL http://cisbp.ccbr.utoronto.ca/TFreport.php?versionNumber=1.02&searchTF=T164726_1.02

MOTIF M2243_1.02 (Skud_Contig2050.8)_(Saccharomyces_cerevisiae)_(DBD_0.80)

letter-probability matrix: alength= 4 w= 8 nsites= 1 E= 0
  0.760000	  0.040000	  0.080000	  0.120000	
  0.050000	  0.010000	  0.010000	  0.930000	
  0.120000	  0.160000	  0.120000	  0.600000	
  0.000000	  0.000000	  0.000000	  1.000000	
  0.000000	  1.000000	  0.000000	  0.000000	
  0.000000	  1.000000	  0.000000	  0.000000	
  0.020000	  0.020000	  0.940000	  0.020000	
  0.110000	  0.230000	  0.150000	  0.510000	

URL http://cisbp.ccbr.utoronto.ca/TFreport.php?versionNumber=1.02&searchTF=T164757_1.02

MOTIF M2244_1.02 (Skud_Contig1300.2)_(Saccharomyces_cerevisiae)_(DBD_0.97)

letter-probability matrix: alength= 4 w= 11 nsites= 1 E= 0
  0.210000	  0.420000	  0.220000	  0.150000	
  0.161616	  0.161616	  0.101010	  0.575758	
  0.220000	  0.080000	  0.040000	  0.660000	
  0.890000	  0.010000	  0.020000	  0.080000	
  0.190000	  0.090000	  0.040000	  0.680000	
  0.277228	  0.326733	  0.079208	  0.316832	
  0.039604	  0.217822	  0.069307	  0.673267	
  0.000000	  1.000000	  0.000000	  0.000000	
  0.000000	  1.000000	  0.000000	  0.000000	
  0.030000	  0.000000	  0.950000	  0.020000	
  0.060000	  0.410000	  0.140000	  0.390000	

URL http://cisbp.ccbr.utoronto.ca/TFreport.php?versionNumber=1.02&searchTF=T164725_1.02

MOTIF M4197_1.02 (Skud_Contig1893.2)_(Saccharomyces_cerevisiae)_(DBD_0.90)

letter-probability matrix: alength= 4 w= 8 nsites= 1 E= 0
  0.187000	  0.087000	  0.098000	  0.628000	
  0.126000	  0.791000	  0.060000	  0.023000	
  0.196196	  0.280280	  0.072072	  0.451451	
  0.060000	  0.053000	  0.818000	  0.069000	
  0.034000	  0.842000	  0.062000	  0.062000	
  0.023976	  0.117882	  0.732268	  0.125874	
  0.036000	  0.040000	  0.884000	  0.040000	
  0.324000	  0.180000	  0.342000	  0.154000	

URL http://cisbp.ccbr.utoronto.ca/TFreport.php?versionNumber=1.02&searchTF=T164743_1.02

MOTIF M4202_1.02 (Skud_Contig1675.3)_(Saccharomyces_cerevisiae)_(DBD_0.79)

letter-probability matrix: alength= 4 w= 9 nsites= 1 E= 0
  0.535714	  0.107143	  0.202381	  0.154762	
  0.154762	  0.011905	  0.011905	  0.821429	
  0.000000	  0.000000	  0.000000	  1.000000	
  0.190476	  0.095238	  0.238095	  0.476190	
  0.238095	  0.000000	  0.000000	  0.761905	
  0.000000	  0.000000	  0.000000	  1.000000	
  0.000000	  1.000000	  0.000000	  0.000000	
  0.000000	  1.000000	  0.000000	  0.000000	
  0.190476	  0.142857	  0.523810	  0.142857	

URL http://cisbp.ccbr.utoronto.ca/TFreport.php?versionNumber=1.02&searchTF=T164733_1.02

MOTIF M4205_1.02 (Skud_Contig1761.2)_(Saccharomyces_cerevisiae)_(DBD_0.84)

letter-probability matrix: alength= 4 w= 20 nsites= 1 E= 0
  0.290310	  0.302434	  0.130368	  0.276889	
  0.369507	  0.263876	  0.138415	  0.228201	
  0.415587	  0.202985	  0.166543	  0.214884	
  0.194335	  0.353620	  0.187605	  0.264440	
  0.160117	  0.430781	  0.198437	  0.210664	
  0.500105	  0.218635	  0.073431	  0.207829	
  0.753885	  0.009890	  0.225485	  0.010740	
  0.079572	  0.917028	  0.002496	  0.000904	
  0.963133	  0.000654	  0.034699	  0.001513	
  0.013734	  0.000968	  0.000818	  0.984480	
