MEME version 4

ALPHABET= ACGT

strands: + -

Background letter frequencies (from uniform background):
A 0.25000 C 0.25000 G 0.25000 T 0.25000 

MOTIF M0138_1.02 (SJAG_02394)_(Neurospora_crassa)_(DBD_0.53)

letter-probability matrix: alength= 4 w= 10 nsites= 1 E= 0
  0.606435	  0.100113	  0.193339	  0.100113	
  0.558535	  0.133577	  0.047162	  0.260727	
  0.808690	  0.000196	  0.088314	  0.102800	
  0.231969	  0.000196	  0.000196	  0.767638	
  0.889933	  0.000196	  0.000196	  0.109675	
  0.290663	  0.000196	  0.000196	  0.708945	
  0.267391	  0.000196	  0.000196	  0.732217	
  0.000196	  0.093423	  0.000196	  0.906185	
  0.460241	  0.150083	  0.150083	  0.239593	
  0.203034	  0.291152	  0.203034	  0.302779	

URL http://cisbp.ccbr.utoronto.ca/TFreport.php?versionNumber=1.02&searchTF=T008577_1.02

MOTIF M0232_1.02 (SJAG_01307)_(Neurospora_crassa)_(DBD_0.63)

letter-probability matrix: alength= 4 w= 10 nsites= 1 E= 0
  0.388135	  0.112825	  0.260346	  0.238694	
  0.249054	  0.172339	  0.128937	  0.449670	
  0.199250	  0.410304	  0.162487	  0.227958	
  0.479655	  0.034839	  0.286042	  0.199464	
  0.129912	  0.429844	  0.141336	  0.298908	
  0.298908	  0.141336	  0.429844	  0.129912	
  0.199464	  0.286042	  0.034839	  0.479655	
  0.227958	  0.162487	  0.410304	  0.199250	
  0.449670	  0.128937	  0.172339	  0.249054	
  0.238694	  0.260346	  0.112825	  0.388135	

URL http://cisbp.ccbr.utoronto.ca/TFreport.php?versionNumber=1.02&searchTF=T011839_1.02

MOTIF M0341_1.02 (SJAG_04749)_(Schizosaccharomyces_pombe)_(DBD_0.84)

letter-probability matrix: alength= 4 w= 10 nsites= 1 E= 0
  0.570600	  0.126453	  0.170367	  0.132581	
  0.195785	  0.086320	  0.008371	  0.709524	
  0.193607	  0.163160	  0.313589	  0.329644	
  0.494817	  0.042071	  0.276108	  0.187005	
  0.071217	  0.695225	  0.054727	  0.178831	
  0.178831	  0.054727	  0.695225	  0.071217	
  0.187005	  0.276108	  0.042071	  0.494817	
  0.329644	  0.313589	  0.163160	  0.193607	
  0.709524	  0.008371	  0.086320	  0.195785	
  0.132581	  0.170367	  0.126453	  0.570600	

URL http://cisbp.ccbr.utoronto.ca/TFreport.php?versionNumber=1.02&searchTF=T023235_1.02

MOTIF M0518_1.02 (SJAG_03473)_(Saccharomyces_cerevisiae)_(DBD_0.75)

letter-probability matrix: alength= 4 w= 10 nsites= 1 E= 0
  0.324069	  0.194602	  0.223846	  0.257484	
  0.321670	  0.174779	  0.253034	  0.250517	
  0.219126	  0.223552	  0.192413	  0.364908	
  0.169345	  0.233210	  0.483929	  0.113515	
  0.109153	  0.456116	  0.034218	  0.400513	
  0.028905	  0.000271	  0.938235	  0.032590	
  0.027732	  0.029154	  0.927587	  0.015527	
  0.248758	  0.000277	  0.747309	  0.003656	
  0.127560	  0.001282	  0.779451	  0.091706	
  0.258253	  0.153536	  0.294105	  0.294105	

URL http://cisbp.ccbr.utoronto.ca/TFreport.php?versionNumber=1.02&searchTF=T034703_1.02

MOTIF M0728_1.02 (SJAG_05288)_(Mus_musculus)_(DBD_0.41)

letter-probability matrix: alength= 4 w= 12 nsites= 1 E= 0
  0.394926	  0.201691	  0.201691	  0.201691	
  0.357836	  0.147163	  0.347838	  0.147163	
  0.159006	  0.172368	  0.068783	  0.599842	
  0.841382	  0.113021	  0.022798	  0.022798	
  0.999531	  0.000156	  0.000156	  0.000156	
  0.999531	  0.000156	  0.000156	  0.000156	
  0.000156	  0.999531	  0.000156	  0.000156	
  0.999531	  0.000156	  0.000156	  0.000156	
  0.854605	  0.048465	  0.048465	  0.048465	
  0.691020	  0.102993	  0.102993	  0.102993	
  0.181373	  0.360053	  0.181373	  0.277201	
  0.317926	  0.227358	  0.227358	  0.227358	

URL http://cisbp.ccbr.utoronto.ca/TFreport.php?versionNumber=1.02&searchTF=T080832_1.02

MOTIF M0729_1.02 (SJAG_04813)_(Mus_musculus)_(DBD_0.42)

letter-probability matrix: alength= 4 w= 8 nsites= 1 E= 0
  0.160144	  0.000399	  0.839058	  0.000399	
  0.000322	  0.032539	  0.000322	  0.966817	
  0.878027	  0.121368	  0.000303	  0.000303	
  0.968826	  0.030569	  0.000303	  0.000303	
  0.999092	  0.000303	  0.000303	  0.000303	
  0.000303	  0.635896	  0.000303	  0.363499	
  0.999092	  0.000303	  0.000303	  0.000303	
  0.630777	  0.105567	  0.105567	  0.158088	

URL http://cisbp.ccbr.utoronto.ca/TFreport.php?versionNumber=1.02&searchTF=T080831_1.02

MOTIF M0736_1.02 (SJAG_01243)_(Mus_musculus)_(DBD_0.45)

letter-probability matrix: alength= 4 w= 8 nsites= 1 E= 0
  0.309467	  0.142959	  0.547336	  0.000238	
  0.295052	  0.000164	  0.000164	  0.704620	
  0.619510	  0.295749	  0.000141	  0.084600	
  0.888534	  0.069545	  0.000139	  0.041782	
  0.999584	  0.000139	  0.000139	  0.000139	
  0.000139	  0.957940	  0.000139	  0.041782	
  0.999572	  0.000143	  0.000143	  0.000143	
  0.660068	  0.132164	  0.056750	  0.151018	

URL http://cisbp.ccbr.utoronto.ca/TFreport.php?versionNumber=1.02&searchTF=T080829_1.02

MOTIF M0752_1.02 (SJAG_03143)_(Saccharomyces_cerevisiae)_(DBD_0.44)

letter-probability matrix: alength= 4 w= 10 nsites= 1 E= 0
  0.280208	  0.207584	  0.258665	  0.253543	
  0.254421	  0.227919	  0.227919	  0.289742	
  0.291528	  0.136338	  0.471132	  0.101002	
  0.177849	  0.121624	  0.110050	  0.590478	
  0.600876	  0.264645	  0.053968	  0.080511	
  0.706052	  0.148367	  0.051919	  0.093662	
  0.755353	  0.067842	  0.067167	  0.109638	
  0.089169	  0.528758	  0.091884	  0.290189	
  0.717520	  0.069117	  0.097106	  0.116257	
  0.356358	  0.229507	  0.193627	  0.220508	

URL http://cisbp.ccbr.utoronto.ca/TFreport.php?versionNumber=1.02&searchTF=T080830_1.02

MOTIF M0791_1.02 (SJAG_05242)_(Neurospora_crassa)_(DBD_0.75)

letter-probability matrix: alength= 4 w= 9 nsites= 1 E= 0
  0.238290	  0.282447	  0.248015	  0.231248	
  0.249185	  0.272652	  0.259355	  0.218808	
  0.236587	  0.439798	  0.109543	  0.214073	
  0.059758	  0.068055	  0.757717	  0.114470	
  0.902683	  0.000129	  0.000123	  0.097064	
  0.048477	  0.051992	  0.000705	  0.898826	
  0.141843	  0.359503	  0.271706	  0.226948	
  0.208434	  0.289925	  0.254582	  0.247058	
  0.248381	  0.255945	  0.266390	  0.229284	

URL http://cisbp.ccbr.utoronto.ca/TFreport.php?versionNumber=1.02&searchTF=T084115_1.02

MOTIF M0792_1.02 (SJAG_02730)_(Neurospora_crassa)_(DBD_0.80)

letter-probability matrix: alength= 4 w= 8 nsites= 1 E= 0
  0.246114	  0.263959	  0.251086	  0.238840	
  0.289615	  0.264688	  0.175661	  0.270036	
  0.101067	  0.108395	  0.696303	  0.094234	
  0.794489	  0.034733	  0.044598	  0.126179	
  0.025614	  0.062373	  0.046671	  0.865343	
  0.449630	  0.160521	  0.097361	  0.292488	
  0.295846	  0.232721	  0.265029	  0.206405	
  0.224078	  0.276441	  0.282025	  0.217456	

URL http://cisbp.ccbr.utoronto.ca/TFreport.php?versionNumber=1.02&searchTF=T084111_1.02

MOTIF M1534_1.02 (SJAG_04839)_(Caenorhabditis_elegans)_(DBD_0.41)

letter-probability matrix: alength= 4 w= 10 nsites= 1 E= 0
  0.025375	  0.883392	  0.084248	  0.006985	
  0.324584	  0.308754	  0.111335	  0.255327	
  0.007219	  0.023966	  0.009085	  0.959730	
  0.777114	  0.029241	  0.189727	  0.003918	
  0.163732	  0.002939	  0.827350	  0.005979	
  0.059305	  0.701133	  0.003829	  0.235732	
  0.669900	  0.001255	  0.168532	  0.160313	
  0.998653	  0.000227	  0.000452	  0.000668	
  0.002016	  0.993346	  0.003099	  0.001539	
  0.141587	  0.489270	  0.344783	  0.024359	

URL http://cisbp.ccbr.utoronto.ca/TFreport.php?versionNumber=1.02&searchTF=T138627_1.02

MOTIF M1641_1.02 (SJAG_00421)_(Mus_musculus)_(DBD_0.83)

letter-probability matrix: alength= 4 w= 7 nsites= 1 E= 0
  0.486500	  0.104296	  0.119969	  0.289234	
  0.014489	  0.191210	  0.078521	  0.715780	
  0.639678	  0.069475	  0.000533	  0.290314	
  0.371463	  0.095340	  0.000769	  0.532428	
  0.515031	  0.123251	  0.123251	  0.238466	
  0.400342	  0.112429	  0.110202	  0.377028	
  0.323600	  0.170632	  0.188577	  0.317192	

URL http://cisbp.ccbr.utoronto.ca/TFreport.php?versionNumber=1.02&searchTF=T150426_1.02

MOTIF M1742_1.02 (SJAG_00926)_(Neurospora_crassa)_(DBD_0.75)

letter-probability matrix: alength= 4 w= 9 nsites= 1 E= 0
  0.231793	  0.248599	  0.224942	  0.294666	
  0.053192	  0.187526	  0.155076	  0.604206	
  0.611409	  0.012500	  0.016212	  0.359878	
  0.580877	  0.133559	  0.215840	  0.069724	
  0.078072	  0.329516	  0.571135	  0.021277	
  0.006820	  0.992178	  0.000002	  0.001000	
  0.004370	  0.000385	  0.977344	  0.017901	
  0.789651	  0.055235	  0.111229	  0.043886	
  0.271328	  0.158116	  0.438486	  0.132070	

URL http://cisbp.ccbr.utoronto.ca/TFreport.php?versionNumber=1.02&searchTF=T158714_1.02

MOTIF M2118_1.02 (SJAG_00698)_(Saccharomyces_cerevisiae)_(DBD_0.76)

letter-probability matrix: alength= 4 w= 5 nsites= 1 E= 0
  0.000000	  0.000000	  0.000000	  1.000000	
  0.000000	  0.000000	  0.010160	  0.989840	
  0.005578	  0.000000	  0.994422	  0.000000	
  0.000000	  0.000000	  0.998223	  0.001777	
  0.158006	  0.378979	  0.030665	  0.432350	

URL http://cisbp.ccbr.utoronto.ca/TFreport.php?versionNumber=1.02&searchTF=T070401_1.02

