MEME version 4

ALPHABET= ACGT

strands: + -

Background letter frequencies (from uniform background):
A 0.25000 C 0.25000 G 0.25000 T 0.25000 

MOTIF M0006_1.02 (e_gw1.13.1010.1)_(Arabidopsis_thaliana)_(DBD_0.81)

letter-probability matrix: alength= 4 w= 10 nsites= 1 E= 0
  0.248762	  0.390137	  0.266799	  0.094302	
  0.136992	  0.720483	  0.132943	  0.009582	
  0.384131	  0.000678	  0.614608	  0.000583	
  0.001029	  0.795182	  0.186526	  0.017263	
  0.001119	  0.955576	  0.000685	  0.042620	
  0.201865	  0.009185	  0.711658	  0.077293	
  0.164166	  0.679174	  0.079113	  0.077547	
  0.348470	  0.351972	  0.155019	  0.144539	
  0.253096	  0.163003	  0.425715	  0.158186	
  0.184070	  0.238726	  0.171626	  0.405579	

URL http://cisbp.ccbr.utoronto.ca/TFreport.php?versionNumber=1.02&searchTF=T002668_1.02

MOTIF M0009_1.02 (fgenesh2_pg.C_scaffold_0000815)_(Arabidopsis_thaliana)_(DBD_0.73)

letter-probability matrix: alength= 4 w= 10 nsites= 1 E= 0
  0.205688	  0.313049	  0.316195	  0.165068	
  0.213317	  0.494121	  0.123073	  0.169488	
  0.108659	  0.000049	  0.887324	  0.003968	
  0.024712	  0.834893	  0.054998	  0.085396	
  0.145090	  0.704406	  0.051283	  0.099221	
  0.131473	  0.009863	  0.827824	  0.030840	
  0.190198	  0.383013	  0.154172	  0.272617	
  0.258282	  0.489827	  0.077019	  0.174872	
  0.423887	  0.162303	  0.181176	  0.232634	
  0.275778	  0.196291	  0.204302	  0.323629	

URL http://cisbp.ccbr.utoronto.ca/TFreport.php?versionNumber=1.02&searchTF=T002839_1.02

MOTIF M0011_1.02 (gw1.22.165.1)_(Arabidopsis_thaliana)_(DBD_0.78)

letter-probability matrix: alength= 4 w= 8 nsites= 1 E= 0
  0.080136	  0.759592	  0.080136	  0.080136	
  0.014420	  0.000143	  0.985294	  0.000143	
  0.000143	  0.885351	  0.114363	  0.000143	
  0.000143	  0.985294	  0.014420	  0.000143	
  0.014420	  0.000143	  0.985294	  0.000143	
  0.057253	  0.642633	  0.185751	  0.114363	
  0.079473	  0.904346	  0.000159	  0.016022	
  0.581087	  0.023467	  0.279043	  0.116403	

URL http://cisbp.ccbr.utoronto.ca/TFreport.php?versionNumber=1.02&searchTF=T003382_1.02

MOTIF M0015_1.02 (gw1.0.866.1)_(Arabidopsis_thaliana)_(DBD_0.79)

letter-probability matrix: alength= 4 w= 9 nsites= 1 E= 0
  0.205690	  0.280443	  0.274890	  0.238978	
  0.219631	  0.420713	  0.181626	  0.178030	
  0.608067	  0.000074	  0.391617	  0.000242	
  0.020599	  0.948846	  0.026716	  0.003839	
  0.032289	  0.911179	  0.019390	  0.037142	
  0.064847	  0.000159	  0.855790	  0.079204	
  0.352874	  0.312971	  0.122255	  0.211899	
  0.215543	  0.381137	  0.150379	  0.252942	
  0.319425	  0.236636	  0.163453	  0.280486	

URL http://cisbp.ccbr.utoronto.ca/TFreport.php?versionNumber=1.02&searchTF=T003346_1.02

MOTIF M0016_1.02 (e_gw1.30.536.1)_(Arabidopsis_thaliana)_(DBD_0.90)

letter-probability matrix: alength= 4 w= 10 nsites= 1 E= 0
  0.180753	  0.553982	  0.128655	  0.136610	
  0.584029	  0.000181	  0.415695	  0.000095	
  0.000969	  0.933312	  0.065283	  0.000435	
  0.001168	  0.968011	  0.000091	  0.030730	
  0.093485	  0.006806	  0.786663	  0.113047	
  0.496772	  0.241805	  0.080490	  0.180934	
  0.098722	  0.822470	  0.000369	  0.078438	
  0.270589	  0.550376	  0.052489	  0.126546	
  0.468198	  0.141019	  0.160596	  0.230187	
  0.268544	  0.245430	  0.189239	  0.296787	

URL http://cisbp.ccbr.utoronto.ca/TFreport.php?versionNumber=1.02&searchTF=T002701_1.02

MOTIF M0020_1.02 (e_gw1.0.2871.1)_(Arabidopsis_thaliana)_(DBD_0.74)

letter-probability matrix: alength= 4 w= 8 nsites= 1 E= 0
  0.217420	  0.478063	  0.282580	  0.021937	
  0.000161	  0.048517	  0.951161	  0.000161	
  0.016280	  0.951161	  0.032398	  0.000161	
  0.000161	  0.983398	  0.016280	  0.000161	
  0.000161	  0.016280	  0.983398	  0.000161	
  0.096873	  0.644907	  0.145229	  0.112992	
  0.000169	  0.999492	  0.000169	  0.000169	
  0.461322	  0.102715	  0.282018	  0.153945	

URL http://cisbp.ccbr.utoronto.ca/TFreport.php?versionNumber=1.02&searchTF=T002661_1.02

MOTIF M0022_1.02 (fgenesh2_pg.C_scaffold_18000269)_(Arabidopsis_thaliana)_(DBD_0.71)

letter-probability matrix: alength= 4 w= 8 nsites= 1 E= 0
  0.168576	  0.516734	  0.224730	  0.089960	
  0.064801	  0.726482	  0.115147	  0.093570	
  0.023863	  0.017912	  0.952214	  0.006010	
  0.011961	  0.898655	  0.083373	  0.006010	
  0.011961	  0.976018	  0.011961	  0.000060	
  0.006010	  0.006010	  0.987920	  0.000060	
  0.056298	  0.662397	  0.131280	  0.150025	
  0.123116	  0.799831	  0.038527	  0.038527	

URL http://cisbp.ccbr.utoronto.ca/TFreport.php?versionNumber=1.02&searchTF=T002845_1.02

MOTIF M0023_1.02 (estExt_fgenesh2_pg.C_330199)_(Arabidopsis_thaliana)_(DBD_0.77)

letter-probability matrix: alength= 4 w= 10 nsites= 1 E= 0
  0.262526	  0.441577	  0.139819	  0.156077	
  0.076944	  0.014484	  0.873998	  0.034573	
  0.048233	  0.867862	  0.083599	  0.000306	
  0.128539	  0.769880	  0.036461	  0.065120	
  0.090398	  0.024884	  0.874998	  0.009720	
  0.145906	  0.456214	  0.132021	  0.265858	
  0.211816	  0.593310	  0.066401	  0.128473	
  0.418633	  0.173642	  0.209976	  0.197748	
  0.275863	  0.208493	  0.198325	  0.317319	
  0.279059	  0.208810	  0.200622	  0.311508	

URL http://cisbp.ccbr.utoronto.ca/TFreport.php?versionNumber=1.02&searchTF=T002783_1.02

MOTIF M0026_1.02 (gw1.30.164.1)_(Arabidopsis_thaliana)_(DBD_0.73)

letter-probability matrix: alength= 4 w= 10 nsites= 1 E= 0
  0.250205	  0.235634	  0.273767	  0.240394	
  0.165396	  0.241856	  0.120102	  0.472645	
  0.043200	  0.010977	  0.912179	  0.033644	
  0.114623	  0.085768	  0.140001	  0.659609	
  0.003731	  0.989002	  0.002476	  0.004791	
  0.006158	  0.001661	  0.980147	  0.012034	
  0.019148	  0.008434	  0.965086	  0.007332	
  0.020120	  0.416435	  0.039320	  0.524125	
  0.244346	  0.170475	  0.394882	  0.190297	
  0.261387	  0.224978	  0.316082	  0.197552	

URL http://cisbp.ccbr.utoronto.ca/TFreport.php?versionNumber=1.02&searchTF=T003401_1.02

MOTIF M0028_1.02 (e_gw1.4.804.1)_(Arabidopsis_thaliana)_(DBD_0.77)

letter-probability matrix: alength= 4 w= 9 nsites= 1 E= 0
  0.216684	  0.323255	  0.262026	  0.198035	
  0.297134	  0.470682	  0.113770	  0.118414	
  0.053650	  0.000097	  0.946225	  0.000029	
  0.057636	  0.832265	  0.047663	  0.062437	
  0.127082	  0.784331	  0.032617	  0.055971	
  0.205930	  0.092530	  0.618648	  0.082892	
  0.241989	  0.346850	  0.132807	  0.278354	
  0.128129	  0.680641	  0.066889	  0.124342	
  0.307220	  0.319757	  0.140831	  0.232192	

URL http://cisbp.ccbr.utoronto.ca/TFreport.php?versionNumber=1.02&searchTF=T002711_1.02

MOTIF M0033_1.02 (gw1.3.1693.1)_(Arabidopsis_thaliana)_(DBD_0.73)

letter-probability matrix: alength= 4 w= 8 nsites= 1 E= 0
  0.069935	  0.325511	  0.534619	  0.069935	
  0.107780	  0.768911	  0.061654	  0.061654	
  0.000127	  0.000127	  0.999620	  0.000127	
  0.000127	  0.974317	  0.025430	  0.000127	
  0.000127	  0.999620	  0.000127	  0.000127	
  0.000127	  0.012778	  0.986969	  0.000127	
  0.067666	  0.756483	  0.067666	  0.108185	
  0.096873	  0.789974	  0.064636	  0.048517	

URL http://cisbp.ccbr.utoronto.ca/TFreport.php?versionNumber=1.02&searchTF=T003402_1.02

MOTIF M0036_1.02 (gw1.57.527.1)_(Arabidopsis_thaliana)_(DBD_0.73)

letter-probability matrix: alength= 4 w= 10 nsites= 1 E= 0
  0.178678	  0.349179	  0.274674	  0.197470	
  0.255958	  0.443639	  0.173298	  0.127105	
  0.074895	  0.028677	  0.885447	  0.010980	
  0.036587	  0.764852	  0.143981	  0.054581	
  0.103240	  0.801957	  0.041974	  0.052829	
  0.112874	  0.082787	  0.747155	  0.057184	
  0.181955	  0.413129	  0.119553	  0.285363	
  0.276532	  0.455924	  0.092975	  0.174570	
  0.387096	  0.208236	  0.192226	  0.212443	
  0.286170	  0.212000	  0.191826	  0.310004	

URL http://cisbp.ccbr.utoronto.ca/TFreport.php?versionNumber=1.02&searchTF=T003419_1.02

MOTIF M0037_1.02 (gw1.0.1788.1)_(Arabidopsis_thaliana)_(DBD_0.74)

letter-probability matrix: alength= 4 w= 10 nsites= 1 E= 0
  0.193276	  0.300101	  0.279812	  0.226811	
  0.289447	  0.467767	  0.166996	  0.075790	
  0.033966	  0.013268	  0.939499	  0.013268	
  0.032073	  0.905066	  0.035802	  0.027059	
  0.097055	  0.850038	  0.020600	  0.032307	
  0.042649	  0.010412	  0.927966	  0.018973	
  0.129323	  0.591296	  0.130623	  0.148757	
  0.034651	  0.902636	  0.024418	  0.038295	
  0.383810	  0.175941	  0.239882	  0.200367	
  0.232502	  0.254398	  0.223385	  0.289715	

URL http://cisbp.ccbr.utoronto.ca/TFreport.php?versionNumber=1.02&searchTF=T003344_1.02

MOTIF M0041_1.02 (e_gw1.105.77.1)_(Arabidopsis_thaliana)_(DBD_0.71)

letter-probability matrix: alength= 4 w= 9 nsites= 1 E= 0
  0.188092	  0.313227	  0.300946	  0.197735	
  0.224791	  0.480665	  0.156831	  0.137713	
  0.054663	  0.000056	  0.945006	  0.000276	
  0.021870	  0.884583	  0.047709	  0.045838	
  0.092559	  0.771118	  0.062044	  0.074280	
  0.173467	  0.097124	  0.617690	  0.111719	
  0.195604	  0.422459	  0.140624	  0.241312	
  0.219415	  0.464502	  0.125332	  0.190750	
  0.342200	  0.236369	  0.213876	  0.207555	

URL http://cisbp.ccbr.utoronto.ca/TFreport.php?versionNumber=1.02&searchTF=T002662_1.02

MOTIF M0043_1.02 (gw1.59.458.1)_(Oryza_sativa)_(DBD_0.71)

letter-probability matrix: alength= 4 w= 8 nsites= 1 E= 0
  0.003289	  0.990132	  0.003289	  0.003289	
  0.003289	  0.003289	  0.990132	  0.003289	
  0.003289	  0.661184	  0.332237	  0.003289	
  0.003289	  0.990132	  0.003289	  0.003289	
  0.003289	  0.003289	  0.990132	  0.003289	
  0.003289	  0.990132	  0.003289	  0.003289	
  0.003289	  0.990132	  0.003289	  0.003289	
  0.495098	  0.004902	  0.495098	  0.004902	

URL http://cisbp.ccbr.utoronto.ca/TFreport.php?versionNumber=1.02&searchTF=T003421_1.02

MOTIF M0072_1.02 (gw1.114.192.1)_(Physcomitrella_patens)_(DBD_0.75)

letter-probability matrix: alength= 4 w= 8 nsites= 1 E= 0
  0.071937	  0.000712	  0.285613	  0.641738	
  0.000499	  0.000499	  0.998503	  0.000499	
  0.050399	  0.000499	  0.000499	  0.948603	
  0.000499	  0.998503	  0.000499	  0.000499	
  0.000499	  0.000499	  0.998503	  0.000499	
  0.000499	  0.000499	  0.998503	  0.000499	
  0.000499	  0.150200	  0.000499	  0.848802	
  0.083887	  0.000831	  0.665282	  0.250000	

URL http://cisbp.ccbr.utoronto.ca/TFreport.php?versionNumber=1.02&searchTF=T003350_1.02

MOTIF M0073_1.02 (e_gw1.30.112.1)_(Physcomitrella_patens)_(DBD_0.73)

letter-probability matrix: alength= 4 w= 10 nsites= 1 E= 0
  0.292152	  0.179801	  0.179801	  0.348247	
  0.143827	  0.079140	  0.288488	  0.488545	
  0.000084	  0.000084	  0.999749	  0.000084	
  0.000084	  0.000084	  0.000084	  0.999749	
  0.000084	  0.999749	  0.000084	  0.000084	
  0.000084	  0.000084	  0.999749	  0.000084	
  0.000084	  0.000084	  0.999749	  0.000084	
  0.000084	  0.076152	  0.000084	  0.923681	
  0.070283	  0.070283	  0.789151	  0.070283	
  0.292063	  0.246484	  0.290510	  0.170944	

URL http://cisbp.ccbr.utoronto.ca/TFreport.php?versionNumber=1.02&searchTF=T002699_1.02

MOTIF M0075_1.02 (gw1.0.2869.1)_(Physcomitrella_patens)_(DBD_0.79)

letter-probability matrix: alength= 4 w= 8 nsites= 1 E= 0
  0.071937	  0.071937	  0.285613	  0.570513	
  0.000434	  0.000434	  0.998698	  0.000434	
  0.000434	  0.000434	  0.000434	  0.998698	
  0.000434	  0.998698	  0.000434	  0.000434	
  0.000434	  0.000434	  0.998698	  0.000434	
  0.000434	  0.000434	  0.998698	  0.000434	
  0.000434	  0.217448	  0.000434	  0.781684	
  0.117958	  0.000587	  0.704812	  0.176643	

URL http://cisbp.ccbr.utoronto.ca/TFreport.php?versionNumber=1.02&searchTF=T003345_1.02

MOTIF M0076_1.02 (gw1.10.1175.1)_(Ostreococcus_tauri)_(DBD_0.71)

letter-probability matrix: alength= 4 w= 8 nsites= 1 E= 0
  0.184280	  0.604890	  0.131703	  0.079127	
  0.000196	  0.000196	  0.999412	  0.000196	
  0.000196	  0.921042	  0.078566	  0.000196	
  0.000196	  0.979820	  0.019788	  0.000196	
  0.000196	  0.000196	  0.999412	  0.000196	
  0.019788	  0.705525	  0.215713	  0.058973	
  0.000204	  0.999388	  0.000204	  0.000204	
  0.580219	  0.032539	  0.322487	  0.064755	

URL http://cisbp.ccbr.utoronto.ca/TFreport.php?versionNumber=1.02&searchTF=T003347_1.02

MOTIF M0081_1.02 (e_gw1.39.430.1)_(Arabidopsis_thaliana)_(DBD_0.72)

letter-probability matrix: alength= 4 w= 8 nsites= 1 E= 0
  0.427557	  0.001420	  0.569602	  0.001420	
  0.001106	  0.996681	  0.001106	  0.001106	
  0.996681	  0.001106	  0.001106	  0.001106	
  0.996681	  0.001106	  0.001106	  0.001106	
  0.001106	  0.996681	  0.001106	  0.001106	
  0.996681	  0.001106	  0.001106	  0.001106	
  0.001106	  0.001106	  0.332965	  0.664823	
  0.853693	  0.001420	  0.001420	  0.143466	

URL http://cisbp.ccbr.utoronto.ca/TFreport.php?versionNumber=1.02&searchTF=T004677_1.02

MOTIF M0142_1.02 (fgenesh2_pg.C_scaffold_83000076)_(Saccharomyces_cerevisiae)_(DBD_0.50)

letter-probability matrix: alength= 4 w= 7 nsites= 1 E= 0
  0.282959	  0.248465	  0.245993	  0.222583	
  0.316659	  0.184532	  0.236944	  0.261864	
  0.377778	  0.112652	  0.209413	  0.300157	
  0.616393	  0.068985	  0.111484	  0.203138	
  0.675764	  0.042770	  0.063171	  0.218294	
  0.326032	  0.133887	  0.082023	  0.458058	
  0.321153	  0.137266	  0.112384	  0.429198	

URL http://cisbp.ccbr.utoronto.ca/TFreport.php?versionNumber=1.02&searchTF=T008827_1.02

MOTIF M0147_1.02 (e_gw1.55.235.1)_(Arabidopsis_thaliana)_(DBD_0.82)

letter-probability matrix: alength= 4 w= 9 nsites= 1 E= 0
  0.270286	  0.232638	  0.204278	  0.292798	
  0.224984	  0.258793	  0.106275	  0.409948	
  0.004011	  0.000000	  0.089936	  0.906053	
  0.038180	  0.001408	  0.899931	  0.060480	
  0.000090	  0.012865	  0.000229	  0.986816	
  0.053557	  0.863282	  0.001650	  0.081511	
  0.061072	  0.027441	  0.797958	  0.113529	
  0.121391	  0.138244	  0.651331	  0.089034	
  0.227842	  0.336519	  0.216730	  0.218909	

URL http://cisbp.ccbr.utoronto.ca/TFreport.php?versionNumber=1.02&searchTF=T010073_1.02

MOTIF M0152_1.02 (gw1.20.424.1)_(Arabidopsis_thaliana)_(DBD_0.61)

letter-probability matrix: alength= 4 w= 10 nsites= 1 E= 0
  0.266536	  0.276659	  0.209724	  0.247081	
  0.259609	  0.198312	  0.365220	  0.176859	
  0.115829	  0.853161	  0.003499	  0.027512	
  0.853318	  0.012182	  0.073662	  0.060837	
  0.013981	  0.855506	  0.000019	  0.130494	
  0.130494	  0.000019	  0.855506	  0.013981	
  0.060837	  0.073662	  0.012182	  0.853318	
  0.027512	  0.003499	  0.853161	  0.115829	
  0.176859	  0.365220	  0.198312	  0.259609	
  0.247081	  0.209724	  0.276659	  0.266536	

URL http://cisbp.ccbr.utoronto.ca/TFreport.php?versionNumber=1.02&searchTF=T020107_1.02

MOTIF M0156_1.02 (estExt_fgenesh2_pg.C_470207)_(Arabidopsis_thaliana)_(DBD_0.62)

letter-probability matrix: alength= 4 w= 10 nsites= 1 E= 0
  0.287752	  0.219802	  0.295644	  0.196803	
  0.143693	  0.275383	  0.279230	  0.301693	
  0.020717	  0.940292	  0.014443	  0.024547	
  0.956610	  0.000000	  0.026694	  0.016696	
  0.001633	  0.907850	  0.000000	  0.090517	
  0.090517	  0.000000	  0.907850	  0.001633	
  0.016696	  0.026694	  0.000000	  0.956610	
  0.024547	  0.014443	  0.940292	  0.020717	
  0.301693	  0.279230	  0.275383	  0.143693	
  0.196803	  0.295644	  0.219802	  0.287752	

URL http://cisbp.ccbr.utoronto.ca/TFreport.php?versionNumber=1.02&searchTF=T019283_1.02

MOTIF M0158_1.02 (e_gw1.47.312.1)_(Arabidopsis_thaliana)_(DBD_0.72)

letter-probability matrix: alength= 4 w= 8 nsites= 1 E= 0
  0.214387	  0.499288	  0.071937	  0.214387	
  0.000454	  0.998639	  0.000454	  0.000454	
  0.998639	  0.000454	  0.000454	  0.000454	
  0.000454	  0.998639	  0.000454	  0.000454	
  0.000454	  0.000454	  0.998639	  0.000454	
  0.000454	  0.000454	  0.000454	  0.998639	
  0.000454	  0.000454	  0.998639	  0.000454	
  0.266622	  0.532580	  0.067154	  0.133644	

URL http://cisbp.ccbr.utoronto.ca/TFreport.php?versionNumber=1.02&searchTF=T019043_1.02

MOTIF M0162_1.02 (gw1.6.345.1)_(Arabidopsis_thaliana)_(DBD_0.60)

letter-probability matrix: alength= 4 w= 9 nsites= 1 E= 0
  0.201693	  0.426983	  0.207835	  0.163489	
  0.047111	  0.568222	  0.255318	  0.129349	
  0.000066	  0.960953	  0.000199	  0.038781	
  0.884695	  0.000250	  0.099012	  0.016043	
  0.009243	  0.910410	  0.000197	  0.080150	
  0.087807	  0.000359	  0.911543	  0.000291	
  0.000266	  0.012004	  0.000161	  0.987569	
  0.084366	  0.115027	  0.724270	  0.076337	
  0.220745	  0.300970	  0.236751	  0.241534	

URL http://cisbp.ccbr.utoronto.ca/TFreport.php?versionNumber=1.02&searchTF=T020155_1.02

MOTIF M0167_1.02 (estExt_Genewise1Plus.C_20067)_(Arabidopsis_thaliana)_(DBD_0.71)

letter-probability matrix: alength= 4 w= 10 nsites= 1 E= 0
  0.253826	  0.204611	  0.300345	  0.241217	
  0.269239	  0.227841	  0.333994	  0.168926	
  0.129932	  0.796278	  0.018776	  0.055015	
  0.681995	  0.084955	  0.120074	  0.112976	
  0.002241	  0.864955	  0.000000	  0.132804	
  0.132804	  0.000000	  0.864955	  0.002241	
  0.112976	  0.120074	  0.084955	  0.681995	
  0.055015	  0.018776	  0.796278	  0.129932	
  0.168926	  0.333994	  0.227841	  0.269239	
  0.241217	  0.300345	  0.204611	  0.253826	

URL http://cisbp.ccbr.utoronto.ca/TFreport.php?versionNumber=1.02&searchTF=T019397_1.02

MOTIF M0229_1.02 (estExt_fgenesh2_pg.C_300009)_(Oryza_sativa)_(DBD_0.75)

letter-probability matrix: alength= 4 w= 9 nsites= 1 E= 0
  0.221115	  0.250179	  0.306228	  0.222477	
  0.000142	  0.999574	  0.000142	  0.000142	
  0.177014	  0.822701	  0.000142	  0.000142	
  0.999574	  0.000142	  0.000142	  0.000142	
  0.000142	  0.999574	  0.000142	  0.000142	
  0.000142	  0.000142	  0.000142	  0.999574	
  0.000142	  0.000142	  0.000142	  0.999574	
  0.000142	  0.000142	  0.999574	  0.000142	
  0.217847	  0.343012	  0.216602	  0.222539	

URL http://cisbp.ccbr.utoronto.ca/TFreport.php?versionNumber=1.02&searchTF=T019271_1.02

MOTIF M0250_1.02 (fgenesh2_pg.C_scaffold_20000093)_(Physcomitrella_patens)_(DBD_0.62)

letter-probability matrix: alength= 4 w= 10 nsites= 1 E= 0
  0.249633	  0.272331	  0.222488	  0.255548	
  0.207994	  0.230574	  0.392066	  0.169365	
  0.105898	  0.844263	  0.012262	  0.037577	
  0.923118	  0.000000	  0.010419	  0.066463	
  0.021853	  0.939508	  0.000000	  0.038640	
  0.038640	  0.000000	  0.939508	  0.021853	
  0.066463	  0.010419	  0.000000	  0.923118	
  0.037577	  0.012262	  0.844263	  0.105898	
  0.169365	  0.392066	  0.230574	  0.207994	
  0.255548	  0.222488	  0.272331	  0.249633	

URL http://cisbp.ccbr.utoronto.ca/TFreport.php?versionNumber=1.02&searchTF=T019602_1.02

MOTIF M0252_1.02 (e_gw1.14.526.1)_(Physcomitrella_patens)_(DBD_0.94)

letter-probability matrix: alength= 4 w= 8 nsites= 1 E= 0
  0.154141	  0.460890	  0.154141	  0.230828	
  0.000525	  0.998424	  0.000525	  0.000525	
  0.998424	  0.000525	  0.000525	  0.000525	
  0.000525	  0.998424	  0.000525	  0.000525	
  0.053046	  0.000525	  0.945903	  0.000525	
  0.000525	  0.000525	  0.000525	  0.998424	
  0.000525	  0.000525	  0.998424	  0.000525	
  0.143162	  0.641738	  0.071937	  0.143162	

URL http://cisbp.ccbr.utoronto.ca/TFreport.php?versionNumber=1.02&searchTF=T019002_1.02

MOTIF M0255_1.02 (e_gw1.80.138.1)_(Arabidopsis_thaliana)_(DBD_0.61)

letter-probability matrix: alength= 4 w= 9 nsites= 1 E= 0
  0.251670	  0.336339	  0.122501	  0.289490	
  0.184008	  0.331949	  0.263745	  0.220298	
  0.621075	  0.130510	  0.137202	  0.111213	
  0.069957	  0.650592	  0.148099	  0.131352	
  0.115812	  0.162710	  0.633949	  0.087529	
  0.027593	  0.058415	  0.000223	  0.913769	
  0.032372	  0.000107	  0.950789	  0.016731	
  0.002449	  0.073371	  0.542141	  0.382040	
  0.288878	  0.476279	  0.133754	  0.101089	

URL http://cisbp.ccbr.utoronto.ca/TFreport.php?versionNumber=1.02&searchTF=T028743_1.02

MOTIF M0256_1.02 (e_gw1.12.823.1)_(Arabidopsis_thaliana)_(DBD_0.64)

letter-probability matrix: alength= 4 w= 13 nsites= 1 E= 0
  0.230716	  0.307853	  0.230716	  0.230716	
  0.307853	  0.230716	  0.230716	  0.230716	
  0.191026	  0.267809	  0.191026	  0.350139	
  0.274155	  0.120235	  0.403400	  0.202210	
  0.699118	  0.177248	  0.102805	  0.020830	
  0.000187	  0.840327	  0.000187	  0.159300	
  0.999440	  0.000187	  0.000187	  0.000187	
  0.000187	  0.917465	  0.000187	  0.082162	
  0.019471	  0.019471	  0.941587	  0.019471	
  0.019471	  0.019471	  0.019471	  0.941587	
  0.218043	  0.059161	  0.663636	  0.059161	
  0.212525	  0.129952	  0.286897	  0.370626	
  0.229357	  0.229357	  0.229357	  0.311929	

URL http://cisbp.ccbr.utoronto.ca/TFreport.php?versionNumber=1.02&searchTF=T028667_1.02

MOTIF M0260_1.02 (e_gw1.2.835.1)_(Arabidopsis_thaliana)_(DBD_0.78)

letter-probability matrix: alength= 4 w= 10 nsites= 1 E= 0
  0.126879	  0.288079	  0.114805	  0.470236	
  0.092572	  0.000049	  0.719089	  0.188290	
  0.570751	  0.427072	  0.002175	  0.000002	
  0.007997	  0.971697	  0.000038	  0.020268	
  0.936294	  0.035943	  0.003428	  0.024335	
  0.213387	  0.009807	  0.767477	  0.009329	
  0.024153	  0.681583	  0.076281	  0.217983	
  0.014037	  0.079976	  0.033173	  0.872814	
  0.188407	  0.077370	  0.664215	  0.070008	
  0.087413	  0.060379	  0.387858	  0.464350	

URL http://cisbp.ccbr.utoronto.ca/TFreport.php?versionNumber=1.02&searchTF=T028710_1.02

MOTIF M0264_1.02 (gw1.13.564.1)_(Arabidopsis_thaliana)_(DBD_0.58)

letter-probability matrix: alength= 4 w= 10 nsites= 1 E= 0
  0.199909	  0.319853	  0.108621	  0.371617	
  0.102298	  0.269858	  0.329605	  0.298239	
  0.727684	  0.087345	  0.103531	  0.081440	
  0.042557	  0.652527	  0.169161	  0.135755	
  0.074387	  0.175789	  0.658053	  0.091770	
  0.047848	  0.043294	  0.012782	  0.896076	
  0.072855	  0.000402	  0.887552	  0.039192	
  0.001078	  0.059454	  0.541965	  0.397503	
  0.330076	  0.407207	  0.142497	  0.120220	
  0.325537	  0.283008	  0.185949	  0.205506	

URL http://cisbp.ccbr.utoronto.ca/TFreport.php?versionNumber=1.02&searchTF=T029787_1.02

MOTIF M0266_1.02 (e_gw1.142.107.1)_(Arabidopsis_thaliana)_(DBD_0.62)

letter-probability matrix: alength= 4 w= 9 nsites= 1 E= 0
  0.122121	  0.171573	  0.426244	  0.280062	
  0.373301	  0.503904	  0.108028	  0.014767	
  0.025774	  0.879506	  0.002943	  0.091777	
  0.939211	  0.001592	  0.056545	  0.002651	
  0.085080	  0.592047	  0.219991	  0.102882	
  0.135011	  0.201412	  0.593095	  0.070482	
  0.142096	  0.182455	  0.143524	  0.531925	
  0.247171	  0.281485	  0.290058	  0.181287	
  0.309132	  0.141708	  0.352048	  0.197111	

URL http://cisbp.ccbr.utoronto.ca/TFreport.php?versionNumber=1.02&searchTF=T028675_1.02

MOTIF M0271_1.02 (fgenesh1_pm.C_scaffold_12000074)_(Arabidopsis_thaliana)_(DBD_0.78)

letter-probability matrix: alength= 4 w= 10 nsites= 1 E= 0
  0.158078	  0.093981	  0.615903	  0.132038	
  0.267449	  0.487323	  0.179276	  0.065952	
  0.053459	  0.002136	  0.001551	  0.942854	
  0.121965	  0.000603	  0.641454	  0.235978	
  0.952439	  0.005202	  0.025765	  0.016594	
  0.085419	  0.851984	  0.006473	  0.056124	
  0.179266	  0.007163	  0.795418	  0.018154	
  0.132201	  0.125754	  0.074019	  0.668025	
  0.358839	  0.324691	  0.181794	  0.134676	
  0.413771	  0.080263	  0.359716	  0.146249	

URL http://cisbp.ccbr.utoronto.ca/TFreport.php?versionNumber=1.02&searchTF=T029375_1.02

MOTIF M0273_1.02 (fgenesh1_pm.C_scaffold_10000065)_(Arabidopsis_thaliana)_(DBD_0.75)

letter-probability matrix: alength= 4 w= 10 nsites= 1 E= 0
  0.208878	  0.213098	  0.358436	  0.219588	
  0.322167	  0.297397	  0.322167	  0.058269	
  0.029823	  0.022540	  0.017554	  0.930084	
  0.040252	  0.052204	  0.753821	  0.153723	
  0.902919	  0.003339	  0.023942	  0.069800	
  0.018592	  0.751999	  0.018224	  0.211185	
  0.128802	  0.097346	  0.698039	  0.075813	
  0.166144	  0.181790	  0.105938	  0.546128	
  0.288506	  0.345405	  0.183960	  0.182129	
  0.377030	  0.183520	  0.217528	  0.221922	

URL http://cisbp.ccbr.utoronto.ca/TFreport.php?versionNumber=1.02&searchTF=T029374_1.02

MOTIF M0329_1.02 (estExt_fgenesh1_pm.C_50157)_(Oryza_sativa)_(DBD_0.56)

letter-probability matrix: alength= 4 w= 8 nsites= 1 E= 0
  0.661184	  0.332237	  0.003289	  0.003289	
  0.003289	  0.990132	  0.003289	  0.003289	
  0.990132	  0.003289	  0.003289	  0.003289	
  0.003289	  0.990132	  0.003289	  0.003289	
  0.003289	  0.003289	  0.990132	  0.003289	
  0.003289	  0.003289	  0.003289	  0.990132	
  0.003289	  0.003289	  0.990132	  0.003289	
  0.004902	  0.004902	  0.495098	  0.495098	

URL http://cisbp.ccbr.utoronto.ca/TFreport.php?versionNumber=1.02&searchTF=T028930_1.02

MOTIF M0359_1.02 (estExt_fgenesh1_kg.C_10041)_(PBM_CONSTRUCTS)_(DBD_0.73)

letter-probability matrix: alength= 4 w= 12 nsites= 1 E= 0
  0.225796	  0.225796	  0.322612	  0.225796	
  0.278231	  0.305134	  0.208318	  0.208318	
  0.192260	  0.202200	  0.090785	  0.514756	
  0.046572	  0.360880	  0.470543	  0.122005	
  0.999801	  0.000066	  0.000066	  0.000066	
  0.000066	  0.999801	  0.000066	  0.000066	
  0.000066	  0.000066	  0.999801	  0.000066	
  0.000066	  0.000066	  0.000066	  0.999801	
  0.024270	  0.024270	  0.927189	  0.024270	
  0.041749	  0.041749	  0.529962	  0.386541	
  0.159282	  0.522155	  0.159282	  0.159282	
  0.389517	  0.203494	  0.203494	  0.203494	

URL http://cisbp.ccbr.utoronto.ca/TFreport.php?versionNumber=1.02&searchTF=T028792_1.02

MOTIF M0375_1.02 (gw1.20.334.1)_(Arabidopsis_thaliana)_(DBD_0.74)

letter-probability matrix: alength= 4 w= 7 nsites= 1 E= 0
  0.250850	  0.241014	  0.294375	  0.213760	
  0.656797	  0.029886	  0.078836	  0.234481	
  0.059443	  0.338670	  0.563984	  0.037903	
  0.064886	  0.247803	  0.000105	  0.687206	
  0.323959	  0.079887	  0.399662	  0.196491	
  0.300849	  0.186160	  0.229662	  0.283329	
  0.266597	  0.246100	  0.243651	  0.243651	

URL http://cisbp.ccbr.utoronto.ca/TFreport.php?versionNumber=1.02&searchTF=T065955_1.02

MOTIF M0582_1.02 (estExt_fgenesh2_pg.C_180125)_(Arabidopsis_thaliana)_(DBD_0.74)

letter-probability matrix: alength= 4 w= 9 nsites= 1 E= 0
  0.312611	  0.203356	  0.220293	  0.263739	
  0.326944	  0.237410	  0.175878	  0.259768	
  0.392951	  0.120746	  0.243152	  0.243152	
  0.219861	  0.438339	  0.305819	  0.035981	
  0.026347	  0.954655	  0.007624	  0.011374	
  0.018307	  0.010562	  0.969973	  0.001159	
  0.031325	  0.681579	  0.007202	  0.279894	
  0.007983	  0.006601	  0.969971	  0.015445	
  0.007485	  0.010945	  0.053674	  0.927896	

URL http://cisbp.ccbr.utoronto.ca/TFreport.php?versionNumber=1.02&searchTF=T071713_1.02

MOTIF M0677_1.02 (e_gw1.151.5.1)_(Physcomitrella_patens)_(DBD_0.94)

letter-probability matrix: alength= 4 w= 10 nsites= 1 E= 0
  0.233790	  0.138993	  0.425993	  0.201225	
  0.151778	  0.438088	  0.392454	  0.017680	
  0.020553	  0.048571	  0.839679	  0.091197	
  0.006893	  0.992712	  0.000031	  0.000364	
  0.013922	  0.000083	  0.985791	  0.000205	
  0.013288	  0.979343	  0.002765	  0.004604	
  0.083385	  0.551953	  0.224407	  0.140255	
  0.409276	  0.238505	  0.118438	  0.233782	
  0.379447	  0.181039	  0.122574	  0.316940	
  0.306627	  0.222657	  0.201468	  0.269248	

URL http://cisbp.ccbr.utoronto.ca/TFreport.php?versionNumber=1.02&searchTF=T077090_1.02

MOTIF M0684_1.02 (e_gw1.43.121.1)_(Physcomitrella_patens)_(DBD_0.81)

letter-probability matrix: alength= 4 w= 10 nsites= 1 E= 0
  0.281120	  0.246850	  0.239555	  0.232475	
  0.422281	  0.238811	  0.222666	  0.116242	
  0.145921	  0.193073	  0.086753	  0.574252	
  0.095688	  0.060406	  0.686144	  0.157762	
  0.323428	  0.223402	  0.073624	  0.379546	
  0.727066	  0.080561	  0.014865	  0.177508	
  0.133486	  0.413227	  0.023196	  0.430091	
  0.152687	  0.419217	  0.198024	  0.230071	
  0.237390	  0.194359	  0.210546	  0.357704	
  0.292491	  0.198033	  0.270004	  0.239472	

URL http://cisbp.ccbr.utoronto.ca/TFreport.php?versionNumber=1.02&searchTF=T077407_1.02

MOTIF M0761_1.02 (estExt_fgenesh2_pg.C_90061)_(Arabidopsis_thaliana)_(DBD_0.78)

letter-probability matrix: alength= 4 w= 9 nsites= 1 E= 0
  0.206270	  0.281233	  0.216845	  0.295652	
  0.307628	  0.200115	  0.283976	  0.208281	
  0.181545	  0.287581	  0.066122	  0.464752	
  0.039888	  0.037565	  0.903324	  0.019222	
  0.980482	  0.000346	  0.000481	  0.018691	
  0.003138	  0.000782	  0.000355	  0.995726	
  0.054994	  0.663297	  0.155590	  0.126119	
  0.324320	  0.200684	  0.268200	  0.206796	
  0.269225	  0.238782	  0.280213	  0.211780	

URL http://cisbp.ccbr.utoronto.ca/TFreport.php?versionNumber=1.02&searchTF=T085477_1.02

MOTIF M0762_1.02 (estExt_Genewise1Plus.C_380364)_(Arabidopsis_thaliana)_(DBD_0.87)

letter-probability matrix: alength= 4 w= 7 nsites= 1 E= 0
  0.450341	  0.225880	  0.111053	  0.212726	
  0.001226	  0.003435	  0.957098	  0.038241	
  0.972237	  0.001615	  0.000368	  0.025780	
  0.000335	  0.000738	  0.000485	  0.998442	
  0.090259	  0.400489	  0.271154	  0.238099	
  0.285085	  0.194959	  0.240516	  0.279440	
  0.309814	  0.170029	  0.258778	  0.261379	

URL http://cisbp.ccbr.utoronto.ca/TFreport.php?versionNumber=1.02&searchTF=T085557_1.02

MOTIF M0765_1.02 (gw1.0.1826.1)_(Arabidopsis_thaliana)_(DBD_0.78)

letter-probability matrix: alength= 4 w= 9 nsites= 1 E= 0
  0.207198	  0.318516	  0.260779	  0.213508	
  0.475804	  0.241050	  0.152171	  0.130975	
  0.058602	  0.029393	  0.898531	  0.013474	
  0.991127	  0.000594	  0.002052	  0.006227	
  0.002064	  0.020583	  0.000377	  0.976976	
  0.026991	  0.649038	  0.132356	  0.191616	
  0.059538	  0.378650	  0.108485	  0.453327	
  0.384072	  0.157721	  0.369012	  0.089195	
  0.313880	  0.186608	  0.320221	  0.179291	

URL http://cisbp.ccbr.utoronto.ca/TFreport.php?versionNumber=1.02&searchTF=T085782_1.02

MOTIF M0848_1.02 (estExt_Genewise1.C_01157)_(Arabidopsis_thaliana)_(DBD_0.84)

letter-probability matrix: alength= 4 w= 8 nsites= 1 E= 0
  0.124179	  0.354859	  0.337553	  0.183409	
  0.058938	  0.542665	  0.027289	  0.371108	
  0.846022	  0.068755	  0.012943	  0.072280	
  0.854798	  0.062857	  0.028244	  0.054102	
  0.046219	  0.061768	  0.000087	  0.891926	
  0.108845	  0.757426	  0.056257	  0.077473	
  0.815574	  0.034949	  0.058200	  0.091276	
  0.325215	  0.156724	  0.120842	  0.397219	

URL http://cisbp.ccbr.utoronto.ca/TFreport.php?versionNumber=1.02&searchTF=T101324_1.02

MOTIF M0855_1.02 (e_gw1.11.921.1)_(Arabidopsis_thaliana)_(DBD_0.86)

letter-probability matrix: alength= 4 w= 10 nsites= 1 E= 0
  0.388403	  0.167678	  0.228616	  0.215303	
  0.194750	  0.344370	  0.334193	  0.126687	
  0.288883	  0.457611	  0.155403	  0.098103	
  0.122551	  0.241901	  0.172178	  0.463371	
  0.079750	  0.000221	  0.887929	  0.032101	
  0.025325	  0.000048	  0.000237	  0.974389	
  0.058034	  0.872212	  0.033483	  0.036271	
  0.550285	  0.131688	  0.185015	  0.133012	
  0.252361	  0.296148	  0.188832	  0.262660	
  0.281983	  0.240290	  0.217424	  0.260303	

URL http://cisbp.ccbr.utoronto.ca/TFreport.php?versionNumber=1.02&searchTF=T100910_1.02

MOTIF M1195_1.02 (e_gw1.4.419.1)_(Physcomitrella_patens)_(DBD_0.86)

letter-probability matrix: alength= 4 w= 10 nsites= 1 E= 0
  0.152796	  0.454458	  0.114332	  0.278413	
  0.662290	  0.180495	  0.153808	  0.003407	
  0.888120	  0.108756	  0.000092	  0.003032	
  0.000008	  0.000019	  0.000002	  0.999971	
  0.313012	  0.325786	  0.178795	  0.182407	
  0.926033	  0.000000	  0.073767	  0.000200	
  0.126891	  0.144508	  0.130756	  0.597845	
  0.217089	  0.113330	  0.308064	  0.361516	
  0.227081	  0.258606	  0.300457	  0.213856	
  0.231646	  0.243523	  0.325451	  0.199380	

URL http://cisbp.ccbr.utoronto.ca/TFreport.php?versionNumber=1.02&searchTF=T100990_1.02

MOTIF M1209_1.02 (gw1.2.104.1)_(Zea_mays)_(DBD_0.76)

letter-probability matrix: alength= 4 w= 8 nsites= 1 E= 0
  0.109463	  0.234385	  0.156309	  0.499844	
  0.056906	  0.772490	  0.000114	  0.170491	
  0.989704	  0.010096	  0.000100	  0.000100	
  0.979708	  0.000100	  0.020092	  0.000100	
  0.010096	  0.000100	  0.000100	  0.989704	
  0.000100	  0.699820	  0.000100	  0.299980	
  0.947075	  0.010627	  0.000105	  0.042193	
  0.550550	  0.101535	  0.202926	  0.144988	

URL http://cisbp.ccbr.utoronto.ca/TFreport.php?versionNumber=1.02&searchTF=T102013_1.02

MOTIF M1211_1.02 (estExt_Genewise1.C_870284)_(Zea_mays)_(DBD_0.73)

letter-probability matrix: alength= 4 w= 8 nsites= 1 E= 0
  0.096272	  0.346080	  0.538240	  0.019408	
  0.347769	  0.565035	  0.029114	  0.058082	
  0.040112	  0.319963	  0.040112	  0.599813	
  0.000132	  0.000132	  0.999605	  0.000132	
  0.026433	  0.000132	  0.000132	  0.973304	
  0.000132	  0.986454	  0.013282	  0.000132	
  0.938038	  0.000154	  0.046279	  0.015529	
  0.285680	  0.333254	  0.119172	  0.261893	

URL http://cisbp.ccbr.utoronto.ca/TFreport.php?versionNumber=1.02&searchTF=T101341_1.02

MOTIF M1274_1.02 (gw1.64.365.1)_(Arabidopsis_thaliana)_(DBD_0.83)

letter-probability matrix: alength= 4 w= 10 nsites= 1 E= 0
  0.389733	  0.203458	  0.285848	  0.120960	
  0.472670	  0.110874	  0.244300	  0.172155	
  0.254581	  0.354114	  0.131581	  0.259724	
  0.197262	  0.370381	  0.366695	  0.065663	
  0.069990	  0.763836	  0.143790	  0.022384	
  0.064963	  0.140305	  0.775743	  0.018988	
  0.092794	  0.228237	  0.639307	  0.039662	
  0.213544	  0.300019	  0.355614	  0.130823	
  0.278886	  0.176056	  0.369002	  0.176056	
  0.302500	  0.179843	  0.293560	  0.224098	

URL http://cisbp.ccbr.utoronto.ca/TFreport.php?versionNumber=1.02&searchTF=T108675_1.02

MOTIF M1275_1.02 (gw1.35.640.1)_(Physcomitrella_patens)_(DBD_0.73)

letter-probability matrix: alength= 4 w= 10 nsites= 1 E= 0
  0.398276	  0.182572	  0.248923	  0.170229	
  0.415037	  0.148171	  0.177393	  0.259399	
  0.348590	  0.169677	  0.166317	  0.315417	
  0.293163	  0.177812	  0.125302	  0.403723	
  0.178670	  0.283027	  0.160059	  0.378245	
  0.266023	  0.302955	  0.341581	  0.089441	
  0.134815	  0.598186	  0.130830	  0.136170	
  0.001443	  0.048266	  0.950256	  0.000035	
  0.030460	  0.256313	  0.630429	  0.082798	
  0.301469	  0.208235	  0.225578	  0.264718	

URL http://cisbp.ccbr.utoronto.ca/TFreport.php?versionNumber=1.02&searchTF=T108664_1.02

MOTIF M1293_1.02 (e_gw1.38.434.1)_(Medicago_truncatula)_(DBD_0.72)

letter-probability matrix: alength= 4 w= 10 nsites= 1 E= 0
  0.127769	  0.273205	  0.144059	  0.454967	
  0.167273	  0.116702	  0.070783	  0.645242	
  0.661238	  0.066961	  0.146074	  0.125727	
  0.916772	  0.049942	  0.000142	  0.033144	
  0.017638	  0.925237	  0.004665	  0.052460	
  0.057493	  0.585035	  0.033171	  0.324301	
  0.351636	  0.299644	  0.215421	  0.133299	
  0.238186	  0.260617	  0.260617	  0.240580	
  0.354235	  0.192474	  0.284280	  0.169011	
  0.206221	  0.270143	  0.333269	  0.190366	

URL http://cisbp.ccbr.utoronto.ca/TFreport.php?versionNumber=1.02&searchTF=T110467_1.02

MOTIF M1303_1.02 (e_gw1.2.1408.1)_(Cannabis_sativa)_(DBD_0.98)

letter-probability matrix: alength= 4 w= 9 nsites= 1 E= 0
  0.250000	  0.250000	  0.250000	  0.250000	
  0.995033	  0.001656	  0.001656	  0.001656	
  0.001244	  0.001244	  0.996269	  0.001244	
  0.996269	  0.001244	  0.001244	  0.001244	
  0.001244	  0.001244	  0.001244	  0.996269	
  0.996269	  0.001244	  0.001244	  0.001244	
  0.001244	  0.001244	  0.001244	  0.996269	
  0.001244	  0.001244	  0.001244	  0.996269	
  0.497525	  0.002475	  0.002475	  0.497525	

URL http://cisbp.ccbr.utoronto.ca/TFreport.php?versionNumber=1.02&searchTF=T122680_1.02

MOTIF M1314_1.02 (e_gw1.119.48.1)_(Cannabis_sativa)_(DBD_0.88)

letter-probability matrix: alength= 4 w= 10 nsites= 1 E= 0
  0.272187	  0.216262	  0.236628	  0.274923	
  0.243006	  0.279524	  0.136059	  0.341411	
  0.299018	  0.092805	  0.539425	  0.068752	
  0.066812	  0.027164	  0.864267	  0.041758	
  0.836790	  0.047922	  0.071491	  0.043797	
  0.049210	  0.030756	  0.025690	  0.894344	
  0.573220	  0.126630	  0.120454	  0.179696	
  0.542125	  0.054899	  0.236393	  0.166583	
  0.209465	  0.240942	  0.352326	  0.197267	
  0.252500	  0.196647	  0.361916	  0.188937	

URL http://cisbp.ccbr.utoronto.ca/TFreport.php?versionNumber=1.02&searchTF=T122627_1.02

MOTIF M1321_1.02 (gw1.6.1186.1)_(Arabidopsis_thaliana)_(DBD_0.96)

letter-probability matrix: alength= 4 w= 10 nsites= 1 E= 0
  0.292233	  0.212205	  0.272477	  0.223085	
  0.236980	  0.241767	  0.256717	  0.264536	
  0.315719	  0.211633	  0.309468	  0.163180	
  0.067428	  0.082356	  0.758283	  0.091933	
  0.493557	  0.119300	  0.151660	  0.235483	
  0.951433	  0.002430	  0.025482	  0.020655	
  0.082640	  0.057082	  0.002374	  0.857904	
  0.229967	  0.594628	  0.083758	  0.091646	
  0.216027	  0.169933	  0.128432	  0.485608	
  0.263156	  0.222015	  0.209086	  0.305743	

URL http://cisbp.ccbr.utoronto.ca/TFreport.php?versionNumber=1.02&searchTF=T124404_1.02

MOTIF M1323_1.02 (fgenesh2_pg.C_scaffold_3000622)_(Arabidopsis_thaliana)_(DBD_0.90)

letter-probability matrix: alength= 4 w= 10 nsites= 1 E= 0
  0.364522	  0.151198	  0.182836	  0.301445	
  0.635951	  0.060650	  0.074078	  0.229321	
  0.026881	  0.006306	  0.766190	  0.200623	
  0.977092	  0.001056	  0.017023	  0.004829	
  0.004451	  0.000130	  0.000052	  0.995367	
  0.166117	  0.097777	  0.200877	  0.535228	
  0.005892	  0.985897	  0.000098	  0.008114	
  0.016491	  0.451606	  0.238129	  0.293774	
  0.242312	  0.295961	  0.204430	  0.257296	
  0.231762	  0.261310	  0.132384	  0.374544	

URL http://cisbp.ccbr.utoronto.ca/TFreport.php?versionNumber=1.02&searchTF=T123442_1.02

MOTIF M1337_1.02 (gw1.1.942.1)_(Arabidopsis_thaliana)_(DBD_0.96)

letter-probability matrix: alength= 4 w= 11 nsites= 1 E= 0
  0.325083	  0.224972	  0.224972	  0.224972	
  0.248785	  0.260211	  0.048443	  0.442561	
  0.825532	  0.024528	  0.024528	  0.125413	
  0.000222	  0.000222	  0.999335	  0.000222	
  0.999335	  0.000222	  0.000222	  0.000222	
  0.000222	  0.000222	  0.000222	  0.999335	
  0.287819	  0.317618	  0.000222	  0.394341	
  0.000222	  0.776894	  0.000222	  0.222663	
  0.025249	  0.025249	  0.723019	  0.226482	
  0.299003	  0.201779	  0.297439	  0.201779	
  0.322918	  0.225694	  0.225694	  0.225694	

URL http://cisbp.ccbr.utoronto.ca/TFreport.php?versionNumber=1.02&searchTF=T124319_1.02

MOTIF M1340_1.02 (estExt_fgenesh2_pg.C_200114)_(Arabidopsis_thaliana)_(DBD_0.94)

letter-probability matrix: alength= 4 w= 10 nsites= 1 E= 0
  0.406571	  0.161998	  0.273205	  0.158226	
  0.258136	  0.112894	  0.425075	  0.203895	
  0.444515	  0.149722	  0.148379	  0.257383	
  0.554184	  0.075651	  0.144100	  0.226065	
  0.125555	  0.134751	  0.013256	  0.726437	
  0.726437	  0.013256	  0.134751	  0.125555	
  0.226065	  0.144100	  0.075651	  0.554184	
  0.257383	  0.148379	  0.149722	  0.444515	
  0.203895	  0.425075	  0.112894	  0.258136	
  0.158226	  0.273205	  0.161998	  0.406571	

URL http://cisbp.ccbr.utoronto.ca/TFreport.php?versionNumber=1.02&searchTF=T123004_1.02

MOTIF M1351_1.02 (gw1.0.2793.1)_(Dictyostelium_discoideum)_(DBD_0.91)

letter-probability matrix: alength= 4 w= 8 nsites= 1 E= 0
  0.676220	  0.088330	  0.132422	  0.103028	
  0.000116	  0.000116	  0.988029	  0.011739	
  0.988166	  0.011604	  0.000115	  0.000115	
  0.000115	  0.000115	  0.000115	  0.999655	
  0.942210	  0.023093	  0.000115	  0.034582	
  0.023361	  0.046606	  0.011739	  0.918294	
  0.088330	  0.132422	  0.088330	  0.690917	
  0.295413	  0.113760	  0.045640	  0.545186	

URL http://cisbp.ccbr.utoronto.ca/TFreport.php?versionNumber=1.02&searchTF=T124259_1.02

MOTIF M1363_1.02 (fgenesh2_pg.C_scaffold_0000045)_(Oryza_sativa)_(DBD_0.92)

letter-probability matrix: alength= 4 w= 10 nsites= 1 E= 0
  0.264272	  0.232056	  0.236744	  0.266928	
  0.459174	  0.131556	  0.192372	  0.216899	
  0.056905	  0.057476	  0.659429	  0.226190	
  0.856224	  0.017506	  0.073151	  0.053119	
  0.064952	  0.029478	  0.022279	  0.883290	
  0.211654	  0.207463	  0.105104	  0.475779	
  0.025195	  0.894840	  0.024450	  0.055515	
  0.146841	  0.383503	  0.212586	  0.257070	
  0.224166	  0.293650	  0.271073	  0.211112	
  0.221394	  0.292932	  0.225866	  0.259808	

URL http://cisbp.ccbr.utoronto.ca/TFreport.php?versionNumber=1.02&searchTF=T123430_1.02

MOTIF M1365_1.02 (gw1.4.555.1)_(Oryza_sativa)_(DBD_0.89)

letter-probability matrix: alength= 4 w= 9 nsites= 1 E= 0
  0.283632	  0.223113	  0.241695	  0.251559	
  0.564520	  0.113975	  0.191708	  0.129797	
  0.026211	  0.000124	  0.959280	  0.014385	
  0.991002	  0.002157	  0.005982	  0.000860	
  0.007420	  0.004281	  0.001794	  0.986506	
  0.715668	  0.078509	  0.012721	  0.193102	
