MEME version 4

ALPHABET= ACGT

strands: + -

Background letter frequencies (from uniform background):
A 0.25000 C 0.25000 G 0.25000 T 0.25000 

MOTIF M0006_1.02 (ERF1)_(Arabidopsis_thaliana)_(DBD_0.83)

letter-probability matrix: alength= 4 w= 10 nsites= 1 E= 0
  0.248762	  0.390137	  0.266799	  0.094302	
  0.136992	  0.720483	  0.132943	  0.009582	
  0.384131	  0.000678	  0.614608	  0.000583	
  0.001029	  0.795182	  0.186526	  0.017263	
  0.001119	  0.955576	  0.000685	  0.042620	
  0.201865	  0.009185	  0.711658	  0.077293	
  0.164166	  0.679174	  0.079113	  0.077547	
  0.348470	  0.351972	  0.155019	  0.144539	
  0.253096	  0.163003	  0.425715	  0.158186	
  0.184070	  0.238726	  0.171626	  0.405579	

URL http://cisbp.ccbr.utoronto.ca/TFreport.php?versionNumber=1.02&searchTF=T002195_1.02

MOTIF M0010_1.02 (JERF1)_(Arabidopsis_thaliana)_(DBD_0.75)

letter-probability matrix: alength= 4 w= 8 nsites= 1 E= 0
  0.184463	  0.256582	  0.319720	  0.239235	
  0.105899	  0.380880	  0.185394	  0.327827	
  0.045557	  0.000794	  0.952379	  0.001270	
  0.037039	  0.782083	  0.054161	  0.126718	
  0.030180	  0.624644	  0.110740	  0.234436	
  0.136135	  0.093097	  0.701799	  0.068968	
  0.176688	  0.191404	  0.362994	  0.268913	
  0.199360	  0.485467	  0.097039	  0.218134	

URL http://cisbp.ccbr.utoronto.ca/TFreport.php?versionNumber=1.02&searchTF=T002190_1.02

MOTIF M0018_1.02 (JERF3)_(Arabidopsis_thaliana)_(DBD_0.73)

letter-probability matrix: alength= 4 w= 10 nsites= 1 E= 0
  0.188766	  0.239969	  0.391705	  0.179560	
  0.100217	  0.435867	  0.346311	  0.117606	
  0.222731	  0.605446	  0.117444	  0.054378	
  0.014535	  0.000604	  0.912866	  0.071994	
  0.000191	  0.997296	  0.002004	  0.000509	
  0.042405	  0.950755	  0.003659	  0.003181	
  0.036094	  0.027553	  0.903365	  0.032987	
  0.170746	  0.518106	  0.100502	  0.210646	
  0.235827	  0.660568	  0.036712	  0.066893	
  0.477760	  0.132835	  0.239633	  0.149771	

URL http://cisbp.ccbr.utoronto.ca/TFreport.php?versionNumber=1.02&searchTF=T002179_1.02

MOTIF M0024_1.02 (PTI5)_(Arabidopsis_thaliana)_(DBD_0.77)

letter-probability matrix: alength= 4 w= 8 nsites= 1 E= 0
  0.214652	  0.317037	  0.270161	  0.198149	
  0.248334	  0.355944	  0.222466	  0.173257	
  0.095579	  0.062800	  0.804285	  0.037336	
  0.025640	  0.745566	  0.166358	  0.062436	
  0.150752	  0.769418	  0.010031	  0.069800	
  0.192118	  0.038788	  0.756053	  0.013041	
  0.189788	  0.448499	  0.170018	  0.191695	
  0.124990	  0.677381	  0.099309	  0.098321	

URL http://cisbp.ccbr.utoronto.ca/TFreport.php?versionNumber=1.02&searchTF=T002166_1.02

MOTIF M0027_1.02 (ERF4)_(Arabidopsis_thaliana)_(DBD_0.72)

letter-probability matrix: alength= 4 w= 10 nsites= 1 E= 0
  0.290626	  0.352131	  0.178621	  0.178621	
  0.078136	  0.220663	  0.166107	  0.535094	
  0.000094	  0.000094	  0.999717	  0.000094	
  0.000094	  0.999717	  0.000094	  0.000094	
  0.000094	  0.999717	  0.000094	  0.000094	
  0.000094	  0.000094	  0.999717	  0.000094	
  0.000094	  0.088065	  0.911747	  0.000094	
  0.000094	  0.999717	  0.000094	  0.000094	
  0.158671	  0.156081	  0.530319	  0.154929	
  0.171958	  0.277698	  0.256566	  0.293777	

URL http://cisbp.ccbr.utoronto.ca/TFreport.php?versionNumber=1.02&searchTF=T002184_1.02

MOTIF M0036_1.02 (ERF2)_(Arabidopsis_thaliana)_(DBD_0.75)

letter-probability matrix: alength= 4 w= 10 nsites= 1 E= 0
  0.178678	  0.349179	  0.274674	  0.197470	
  0.255958	  0.443639	  0.173298	  0.127105	
  0.074895	  0.028677	  0.885447	  0.010980	
  0.036587	  0.764852	  0.143981	  0.054581	
  0.103240	  0.801957	  0.041974	  0.052829	
  0.112874	  0.082787	  0.747155	  0.057184	
  0.181955	  0.413129	  0.119553	  0.285363	
  0.276532	  0.455924	  0.092975	  0.174570	
  0.387096	  0.208236	  0.192226	  0.212443	
  0.286170	  0.212000	  0.191826	  0.310004	

URL http://cisbp.ccbr.utoronto.ca/TFreport.php?versionNumber=1.02&searchTF=T002186_1.02

MOTIF M0037_1.02 (ERF1)_(Arabidopsis_thaliana)_(DBD_0.77)

letter-probability matrix: alength= 4 w= 10 nsites= 1 E= 0
  0.193276	  0.300101	  0.279812	  0.226811	
  0.289447	  0.467767	  0.166996	  0.075790	
  0.033966	  0.013268	  0.939499	  0.013268	
  0.032073	  0.905066	  0.035802	  0.027059	
  0.097055	  0.850038	  0.020600	  0.032307	
  0.042649	  0.010412	  0.927966	  0.018973	
  0.129323	  0.591296	  0.130623	  0.148757	
  0.034651	  0.902636	  0.024418	  0.038295	
  0.383810	  0.175941	  0.239882	  0.200367	
  0.232502	  0.254398	  0.223385	  0.289715	

URL http://cisbp.ccbr.utoronto.ca/TFreport.php?versionNumber=1.02&searchTF=T002189_1.02

MOTIF M0038_1.02 (TSRF1)_(Arabidopsis_thaliana)_(DBD_0.79)

letter-probability matrix: alength= 4 w= 10 nsites= 1 E= 0
  0.255196	  0.255196	  0.213158	  0.276450	
  0.231180	  0.274019	  0.265921	  0.228880	
  0.289755	  0.320229	  0.237231	  0.152786	
  0.132149	  0.080152	  0.723375	  0.064324	
  0.094393	  0.690536	  0.140818	  0.074252	
  0.172828	  0.700853	  0.042195	  0.084124	
  0.159515	  0.023858	  0.774438	  0.042188	
  0.177694	  0.464083	  0.145484	  0.212739	
  0.121072	  0.682924	  0.089692	  0.106313	
  0.342519	  0.222812	  0.220595	  0.214075	

URL http://cisbp.ccbr.utoronto.ca/TFreport.php?versionNumber=1.02&searchTF=T002187_1.02

MOTIF M0041_1.02 (PTI6)_(Arabidopsis_thaliana)_(DBD_0.75)

letter-probability matrix: alength= 4 w= 9 nsites= 1 E= 0
  0.188092	  0.313227	  0.300946	  0.197735	
  0.224791	  0.480665	  0.156831	  0.137713	
  0.054663	  0.000056	  0.945006	  0.000276	
  0.021870	  0.884583	  0.047709	  0.045838	
  0.092559	  0.771118	  0.062044	  0.074280	
  0.173467	  0.097124	  0.617690	  0.111719	
  0.195604	  0.422459	  0.140624	  0.241312	
  0.219415	  0.464502	  0.125332	  0.190750	
  0.342200	  0.236369	  0.213876	  0.207555	

URL http://cisbp.ccbr.utoronto.ca/TFreport.php?versionNumber=1.02&searchTF=T002167_1.02

MOTIF M0042_1.02 (CBF3)_(Oryza_sativa)_(DBD_0.77)

letter-probability matrix: alength= 4 w= 10 nsites= 1 E= 0
  0.314484	  0.228505	  0.228505	  0.228505	
  0.119485	  0.226190	  0.119485	  0.534840	
  0.179575	  0.000197	  0.820032	  0.000197	
  0.000197	  0.999410	  0.000197	  0.000197	
  0.000197	  0.999410	  0.000197	  0.000197	
  0.000197	  0.000197	  0.999410	  0.000197	
  0.884147	  0.000197	  0.115460	  0.000197	
  0.000197	  0.999410	  0.000197	  0.000197	
  0.845250	  0.021692	  0.021692	  0.111367	
  0.130712	  0.218526	  0.220585	  0.430177	

URL http://cisbp.ccbr.utoronto.ca/TFreport.php?versionNumber=1.02&searchTF=T002176_1.02

MOTIF M0043_1.02 (ERF3)_(Oryza_sativa)_(DBD_0.77)

letter-probability matrix: alength= 4 w= 8 nsites= 1 E= 0
  0.003289	  0.990132	  0.003289	  0.003289	
  0.003289	  0.003289	  0.990132	  0.003289	
  0.003289	  0.661184	  0.332237	  0.003289	
  0.003289	  0.990132	  0.003289	  0.003289	
  0.003289	  0.003289	  0.990132	  0.003289	
  0.003289	  0.990132	  0.003289	  0.003289	
  0.003289	  0.990132	  0.003289	  0.003289	
  0.495098	  0.004902	  0.495098	  0.004902	

URL http://cisbp.ccbr.utoronto.ca/TFreport.php?versionNumber=1.02&searchTF=T002182_1.02

MOTIF M0843_1.02 (VAHOX1)_(Arabidopsis_thaliana)_(DBD_0.79)

letter-probability matrix: alength= 4 w= 9 nsites= 1 E= 0
  0.177458	  0.251825	  0.286785	  0.283932	
  0.148612	  0.523919	  0.084888	  0.242581	
  0.745161	  0.089443	  0.073230	  0.092167	
  0.886168	  0.071301	  0.000564	  0.041968	
  0.020477	  0.006419	  0.001138	  0.971965	
  0.356265	  0.309722	  0.128467	  0.205547	
  0.924456	  0.005308	  0.038444	  0.031792	
  0.106454	  0.065872	  0.130024	  0.697650	
  0.233578	  0.111443	  0.266005	  0.388975	

URL http://cisbp.ccbr.utoronto.ca/TFreport.php?versionNumber=1.02&searchTF=T100365_1.02

MOTIF M2341_1.02 (TDR4)_(Arabidopsis_thaliana)_(DBD_0.78)

letter-probability matrix: alength= 4 w= 15 nsites= 1 E= 0
  0.326667	  0.073333	  0.066667	  0.533333	
  0.240000	  0.200000	  0.200000	  0.360000	
  0.253333	  0.733333	  0.000000	  0.013333	
  0.053333	  0.826667	  0.000000	  0.120000	
  0.633333	  0.180000	  0.093333	  0.093333	
  0.786667	  0.053333	  0.060000	  0.100000	
  0.980000	  0.000000	  0.000000	  0.020000	
  0.733333	  0.020000	  0.026667	  0.220000	
  0.640000	  0.106667	  0.153333	  0.100000	
  0.326667	  0.120000	  0.133333	  0.420000	
  0.306667	  0.006667	  0.660000	  0.026667	
  0.026667	  0.013333	  0.960000	  0.000000	
  0.806667	  0.073333	  0.000000	  0.120000	
  0.866667	  0.040000	  0.066667	  0.026667	
  0.886667	  0.020000	  0.033333	  0.060000	

URL http://cisbp.ccbr.utoronto.ca/TFreport.php?versionNumber=1.02&searchTF=T112008_1.02

MOTIF M2347_1.02 (TDR8)_(Arabidopsis_thaliana)_(DBD_0.80)

letter-probability matrix: alength= 4 w= 21 nsites= 1 E= 0
  0.492556	  0.182382	  0.168734	  0.156328	
  0.482630	  0.121588	  0.297767	  0.098015	
  0.746898	  0.000000	  0.235732	  0.017370	
  0.621588	  0.079404	  0.258065	  0.040943	
  0.849876	  0.000000	  0.150124	  0.000000	
  0.500000	  0.000000	  0.354839	  0.145161	
  0.796526	  0.142680	  0.000000	  0.060794	
  0.477667	  0.096774	  0.425558	  0.000000	
  0.764268	  0.012407	  0.223325	  0.000000	
  0.513648	  0.166253	  0.320099	  0.000000	
  0.744417	  0.070720	  0.111663	  0.073201	
  0.550868	  0.122829	  0.326303	  0.000000	
  0.913151	  0.007444	  0.000000	  0.079404	
  0.560794	  0.152605	  0.189826	  0.096774	
  0.715881	  0.028536	  0.255583	  0.000000	
  0.508685	  0.117866	  0.276675	  0.096774	
  0.524814	  0.147643	  0.155087	  0.172457	
  0.540943	  0.054591	  0.404467	  0.000000	
  0.750620	  0.000000	  0.208437	  0.040943	
  0.571960	  0.167494	  0.260546	  0.000000	
  0.598015	  0.142680	  0.259305	  0.000000	

URL http://cisbp.ccbr.utoronto.ca/TFreport.php?versionNumber=1.02&searchTF=T112022_1.02

MOTIF M2377_1.02 (TDR5)_(Arabidopsis_thaliana)_(DBD_0.98)

letter-probability matrix: alength= 4 w= 18 nsites= 1 E= 0
  0.274510	  0.294118	  0.137255	  0.294118	
  0.274510	  0.117647	  0.196078	  0.411765	
  0.215686	  0.078431	  0.117647	  0.588235	
  0.372549	  0.137255	  0.176471	  0.313725	
  0.000000	  1.000000	  0.000000	  0.000000	
  0.000000	  0.901961	  0.000000	  0.098039	
  0.764706	  0.098039	  0.019608	  0.117647	
  0.392157	  0.039216	  0.078431	  0.490196	
  0.725490	  0.000000	  0.000000	  0.274510	
  0.490196	  0.000000	  0.000000	  0.509804	
  0.549020	  0.078431	  0.078431	  0.294118	
  0.078431	  0.117647	  0.058824	  0.745098	
  0.509804	  0.000000	  0.490196	  0.000000	
  0.000000	  0.000000	  1.000000	  0.000000	
  0.450980	  0.215686	  0.058824	  0.274510	
  0.784314	  0.058824	  0.000000	  0.156863	
  0.647059	  0.098039	  0.098039	  0.156863	
  0.117647	  0.156863	  0.333333	  0.392157	

URL http://cisbp.ccbr.utoronto.ca/TFreport.php?versionNumber=1.02&searchTF=T112010_1.02

