MEME version 4

ALPHABET= ACGT

strands: + -

Background letter frequencies (from uniform background):
A 0.25000 C 0.25000 G 0.25000 T 0.25000 

MOTIF M0082_1.02 (TFAP2C)_(Mus_musculus)_(DBD_0.74)

letter-probability matrix: alength= 4 w= 10 nsites= 1 E= 0
  0.220377	  0.335405	  0.102037	  0.342181	
  0.111784	  0.193750	  0.669524	  0.024942	
  0.009553	  0.989147	  0.000370	  0.000929	
  0.000437	  0.891193	  0.000324	  0.108046	
  0.046223	  0.377462	  0.191229	  0.385087	
  0.132612	  0.336106	  0.329451	  0.201830	
  0.430307	  0.248265	  0.229178	  0.092250	
  0.301624	  0.024759	  0.651437	  0.022180	
  0.055101	  0.000431	  0.943092	  0.001376	
  0.095237	  0.349453	  0.435445	  0.119865	

URL http://cisbp.ccbr.utoronto.ca/TFreport.php?versionNumber=1.02&searchTF=T004962_1.02

MOTIF M0103_1.02 (ARID3A)_(Microcebus_murinus)_(DBD_0.75)

letter-probability matrix: alength= 4 w= 9 nsites= 1 E= 0
  0.280526	  0.184318	  0.225127	  0.310029	
  0.226709	  0.176561	  0.107090	  0.489639	
  0.139203	  0.122233	  0.102098	  0.636466	
  0.115272	  0.102237	  0.056673	  0.725817	
  0.377683	  0.049110	  0.312329	  0.260879	
  0.967814	  0.010125	  0.010644	  0.011416	
  0.000386	  0.000207	  0.000101	  0.999306	
  0.294769	  0.222782	  0.115145	  0.367305	
  0.296025	  0.225979	  0.228250	  0.249746	

URL http://cisbp.ccbr.utoronto.ca/TFreport.php?versionNumber=1.02&searchTF=T007700_1.02

MOTIF M0107_1.02 (ARID5B)_(Mus_musculus)_(DBD_1.00)

letter-probability matrix: alength= 4 w= 8 nsites= 1 E= 0
  0.211233	  0.302766	  0.189230	  0.296771	
  0.227631	  0.246590	  0.319810	  0.205969	
  0.415268	  0.085535	  0.310730	  0.188467	
  0.253025	  0.128187	  0.077749	  0.541038	
  0.862146	  0.016600	  0.062142	  0.059111	
  0.095418	  0.001646	  0.067240	  0.835696	
  0.204269	  0.230313	  0.067995	  0.497422	
  0.279564	  0.198985	  0.305892	  0.215558	

URL http://cisbp.ccbr.utoronto.ca/TFreport.php?versionNumber=1.02&searchTF=T007697_1.02

MOTIF M0111_1.02 (ARID3C)_(Drosophila_melanogaster)_(DBD_0.77)

letter-probability matrix: alength= 4 w= 8 nsites= 1 E= 0
  0.228748	  0.221987	  0.148803	  0.400462	
  0.182465	  0.170129	  0.146431	  0.500975	
  0.138322	  0.188592	  0.071492	  0.601595	
  0.336065	  0.060178	  0.422972	  0.180785	
  0.973889	  0.000879	  0.022006	  0.003226	
  0.045194	  0.000361	  0.000150	  0.954295	
  0.278506	  0.244555	  0.112105	  0.364833	
  0.300420	  0.203401	  0.269126	  0.227052	

URL http://cisbp.ccbr.utoronto.ca/TFreport.php?versionNumber=1.02&searchTF=T007699_1.02

MOTIF M0168_1.02 (MYF6)_(Caenorhabditis_elegans)_(DBD_0.77)

letter-probability matrix: alength= 4 w= 8 nsites= 1 E= 0
  0.000000	  0.000000	  1.000000	  0.000000	
  1.000000	  0.000000	  0.000000	  0.000000	
  0.000000	  1.000000	  0.000000	  0.000000	
  1.000000	  0.000000	  0.000000	  0.000000	
  0.000000	  0.000000	  1.000000	  0.000000	
  0.000000	  1.000000	  0.000000	  0.000000	
  0.000000	  0.000000	  0.000000	  1.000000	
  0.000000	  0.000000	  1.000000	  0.000000	

URL http://cisbp.ccbr.utoronto.ca/TFreport.php?versionNumber=1.02&searchTF=T016228_1.02

MOTIF M0174_1.02 (TFE3)_(Mus_musculus)_(DBD_0.61)

letter-probability matrix: alength= 4 w= 10 nsites= 1 E= 0
  0.280635	  0.184390	  0.316415	  0.218559	
  0.390544	  0.069237	  0.481806	  0.058413	
  0.073191	  0.091202	  0.083352	  0.752255	
  0.006168	  0.991693	  0.001767	  0.000371	
  0.893698	  0.042750	  0.012371	  0.051181	
  0.006567	  0.707771	  0.068178	  0.217483	
  0.151077	  0.039956	  0.794559	  0.014408	
  0.254645	  0.242226	  0.115569	  0.387560	
  0.035893	  0.036253	  0.863104	  0.064750	
  0.230459	  0.225896	  0.347260	  0.196384	

URL http://cisbp.ccbr.utoronto.ca/TFreport.php?versionNumber=1.02&searchTF=T016222_1.02

MOTIF M0177_1.02 (TWIST2)_(Mus_musculus)_(DBD_1.00)

letter-probability matrix: alength= 4 w= 10 nsites= 1 E= 0
  0.301828	  0.199871	  0.298430	  0.199871	
  0.282456	  0.579511	  0.069016	  0.069016	
  0.000139	  0.999582	  0.000139	  0.000139	
  0.999582	  0.000139	  0.000139	  0.000139	
  0.000139	  0.217001	  0.000139	  0.782721	
  0.789108	  0.000139	  0.210614	  0.000139	
  0.000139	  0.000139	  0.000139	  0.999582	
  0.000139	  0.000139	  0.999582	  0.000139	
  0.050268	  0.050268	  0.154736	  0.744728	
  0.181123	  0.181123	  0.272271	  0.365483	

URL http://cisbp.ccbr.utoronto.ca/TFreport.php?versionNumber=1.02&searchTF=T016199_1.02

MOTIF M0179_1.02 (ARNTL)_(Mus_musculus)_(DBD_0.67)

letter-probability matrix: alength= 4 w= 12 nsites= 1 E= 0
  0.306611	  0.231130	  0.231130	  0.231130	
  0.341743	  0.181842	  0.294572	  0.181842	
  0.079056	  0.079056	  0.208948	  0.632940	
  0.095302	  0.793287	  0.019820	  0.091591	
  0.999459	  0.000180	  0.000180	  0.000180	
  0.154221	  0.773647	  0.000180	  0.071951	
  0.000180	  0.000180	  0.852206	  0.147433	
  0.000180	  0.000180	  0.000180	  0.999459	
  0.097610	  0.019051	  0.864288	  0.019051	
  0.265173	  0.598151	  0.068338	  0.068338	
  0.316182	  0.171125	  0.171125	  0.341568	
  0.230360	  0.230360	  0.230360	  0.308919	

URL http://cisbp.ccbr.utoronto.ca/TFreport.php?versionNumber=1.02&searchTF=T016203_1.02

MOTIF M0182_1.02 (MLX)_(Mus_musculus)_(DBD_0.98)

letter-probability matrix: alength= 4 w= 10 nsites= 1 E= 0
  0.213490	  0.315320	  0.291077	  0.180114	
  0.120917	  0.709888	  0.074077	  0.095117	
  0.532339	  0.092507	  0.246480	  0.128674	
  0.018594	  0.873768	  0.029161	  0.078478	
  0.214454	  0.050810	  0.733697	  0.001039	
  0.018468	  0.000035	  0.050706	  0.930792	
  0.000057	  0.000070	  0.971682	  0.028192	
  0.357783	  0.270406	  0.190552	  0.181259	
  0.215087	  0.284589	  0.156186	  0.344139	
  0.253280	  0.348799	  0.182089	  0.215831	

URL http://cisbp.ccbr.utoronto.ca/TFreport.php?versionNumber=1.02&searchTF=T016197_1.02

MOTIF M0183_1.02 (HEY1)_(Mus_musculus)_(DBD_0.87)

letter-probability matrix: alength= 4 w= 9 nsites= 1 E= 0
  0.127939	  0.141394	  0.584966	  0.145701	
  0.373417	  0.217608	  0.219795	  0.189179	
  0.050354	  0.853272	  0.050354	  0.046020	
  0.802681	  0.011681	  0.158850	  0.026788	
  0.013844	  0.914033	  0.014848	  0.057275	
  0.054400	  0.029264	  0.903576	  0.012761	
  0.017038	  0.146267	  0.011652	  0.825043	
  0.010324	  0.002043	  0.967255	  0.020378	
  0.093895	  0.524360	  0.108005	  0.273740	

URL http://cisbp.ccbr.utoronto.ca/TFreport.php?versionNumber=1.02&searchTF=T016207_1.02

MOTIF M0186_1.02 (TCF12)_(Mus_musculus)_(DBD_0.87)

letter-probability matrix: alength= 4 w= 8 nsites= 1 E= 0
  0.258484	  0.297327	  0.322090	  0.122099	
  0.021337	  0.973045	  0.003005	  0.002613	
  0.939038	  0.031654	  0.017547	  0.011762	
  0.006883	  0.186627	  0.803606	  0.002884	
  0.203145	  0.138923	  0.654532	  0.003400	
  0.004243	  0.006926	  0.001216	  0.987615	
  0.003302	  0.000975	  0.986837	  0.008886	
  0.117426	  0.319197	  0.253613	  0.309764	

URL http://cisbp.ccbr.utoronto.ca/TFreport.php?versionNumber=1.02&searchTF=T016191_1.02

MOTIF M0188_1.02 (SREBF2)_(Mus_musculus)_(DBD_0.78)

letter-probability matrix: alength= 4 w= 9 nsites= 1 E= 0
  0.571172	  0.110796	  0.316616	  0.001416	
  0.160197	  0.136511	  0.060124	  0.643168	
  0.085304	  0.817480	  0.097147	  0.000069	
  0.711640	  0.000000	  0.190104	  0.098256	
  0.027171	  0.615315	  0.144335	  0.213180	
  0.158340	  0.306355	  0.466261	  0.069044	
  0.139616	  0.440934	  0.000021	  0.419429	
  0.070163	  0.219384	  0.539597	  0.170856	
  0.556484	  0.094788	  0.157849	  0.190879	

URL http://cisbp.ccbr.utoronto.ca/TFreport.php?versionNumber=1.02&searchTF=T016219_1.02

MOTIF M0189_1.02 (ID2)_(Mus_musculus)_(DBD_0.98)

letter-probability matrix: alength= 4 w= 8 nsites= 1 E= 0
  0.277716	  0.166851	  0.499446	  0.055987	
  0.000370	  0.998891	  0.000370	  0.000370	
  0.999001	  0.000333	  0.000333	  0.000333	
  0.000333	  0.999001	  0.000333	  0.000333	
  0.000333	  0.000333	  0.999001	  0.000333	
  0.000333	  0.000333	  0.000333	  0.999001	
  0.000344	  0.000344	  0.998967	  0.000344	
  0.499546	  0.045826	  0.272686	  0.181942	

URL http://cisbp.ccbr.utoronto.ca/TFreport.php?versionNumber=1.02&searchTF=T016187_1.02

MOTIF M0190_1.02 (SREBF1)_(Mus_musculus)_(DBD_0.76)

letter-probability matrix: alength= 4 w= 8 nsites= 1 E= 0
  0.077454	  0.000767	  0.000767	  0.921012	
  0.000587	  0.704812	  0.294014	  0.000587	
  0.411385	  0.000587	  0.587441	  0.000587	
  0.000587	  0.822183	  0.117958	  0.059272	
  0.000587	  0.000587	  0.998239	  0.000587	
  0.000587	  0.059272	  0.000587	  0.939554	
  0.000587	  0.000587	  0.998239	  0.000587	
  0.844325	  0.000767	  0.077454	  0.077454	

URL http://cisbp.ccbr.utoronto.ca/TFreport.php?versionNumber=1.02&searchTF=T016224_1.02

MOTIF M0196_1.02 (NPAS2)_(Mus_musculus)_(DBD_0.96)

letter-probability matrix: alength= 4 w= 10 nsites= 1 E= 0
  0.273313	  0.176530	  0.292754	  0.257403	
  0.154185	  0.377249	  0.420347	  0.048219	
  0.000226	  0.999321	  0.000226	  0.000226	
  0.999321	  0.000226	  0.000226	  0.000226	
  0.081100	  0.918447	  0.000226	  0.000226	
  0.081100	  0.000226	  0.918447	  0.000226	
  0.000226	  0.000226	  0.000226	  0.999321	
  0.081100	  0.000226	  0.918447	  0.000226	
  0.073697	  0.172181	  0.187665	  0.566457	
  0.297058	  0.298928	  0.202007	  0.202007	

URL http://cisbp.ccbr.utoronto.ca/TFreport.php?versionNumber=1.02&searchTF=T016211_1.02

MOTIF M0197_1.02 (USF1)_(Mus_musculus)_(DBD_1.00)

letter-probability matrix: alength= 4 w= 11 nsites= 1 E= 0
  0.233907	  0.233907	  0.233907	  0.298278	
  0.459617	  0.123761	  0.292862	  0.123761	
  0.017725	  0.171968	  0.153118	  0.657189	
  0.000135	  0.999596	  0.000135	  0.000135	
  0.999596	  0.000135	  0.000135	  0.000135	
  0.064505	  0.935226	  0.000135	  0.000135	
  0.000135	  0.000135	  0.935226	  0.064505	
  0.064505	  0.000135	  0.000135	  0.935226	
  0.016227	  0.016227	  0.951318	  0.016227	
  0.330773	  0.196186	  0.346666	  0.126374	
  0.232410	  0.232410	  0.302771	  0.232410	

URL http://cisbp.ccbr.utoronto.ca/TFreport.php?versionNumber=1.02&searchTF=T016218_1.02

MOTIF M0199_1.02 (HES1)_(Mus_musculus)_(DBD_0.67)

letter-probability matrix: alength= 4 w= 13 nsites= 1 E= 0
  0.214247	  0.214247	  0.214247	  0.357260	
  0.341052	  0.197239	  0.197239	  0.264469	
  0.341052	  0.197239	  0.197239	  0.264469	
  0.245377	  0.332697	  0.244578	  0.177348	
  0.082925	  0.152323	  0.681827	  0.082925	
  0.602961	  0.000158	  0.396723	  0.000158	
  0.281517	  0.718168	  0.000158	  0.000158	
  0.930129	  0.000158	  0.069555	  0.000158	
  0.174257	  0.753921	  0.035911	  0.035911	
  0.123235	  0.052918	  0.770928	  0.052918	
  0.052918	  0.052918	  0.052918	  0.841245	
  0.143126	  0.072810	  0.711254	  0.072810	
  0.237549	  0.427986	  0.167232	  0.167232	

URL http://cisbp.ccbr.utoronto.ca/TFreport.php?versionNumber=1.02&searchTF=T016190_1.02

MOTIF M0202_1.02 (MITF)_(Mus_musculus)_(DBD_0.93)

letter-probability matrix: alength= 4 w= 10 nsites= 1 E= 0
  0.280968	  0.204025	  0.289525	  0.225482	
  0.388583	  0.108041	  0.408506	  0.094870	
  0.108488	  0.142115	  0.143543	  0.605853	
  0.026996	  0.958819	  0.011424	  0.002761	
  0.775226	  0.088513	  0.037456	  0.098806	
  0.016809	  0.659789	  0.094814	  0.228588	
  0.191760	  0.069148	  0.710696	  0.028396	
  0.251525	  0.190098	  0.135306	  0.423071	
  0.053920	  0.058411	  0.786428	  0.101241	
  0.240583	  0.217689	  0.315155	  0.226573	

URL http://cisbp.ccbr.utoronto.ca/TFreport.php?versionNumber=1.02&searchTF=T016204_1.02

MOTIF M0203_1.02 (FIGLA)_(Mus_musculus)_(DBD_0.91)

letter-probability matrix: alength= 4 w= 9 nsites= 1 E= 0
  0.250583	  0.381378	  0.193213	  0.174826	
  0.013384	  0.986426	  0.000150	  0.000039	
  0.917989	  0.033188	  0.040132	  0.008690	
  0.008390	  0.398232	  0.570798	  0.022579	
  0.046180	  0.314989	  0.627999	  0.010832	
  0.001167	  0.022070	  0.000006	  0.976757	
  0.059828	  0.014034	  0.881371	  0.044767	
  0.176480	  0.217719	  0.308958	  0.296844	
  0.272826	  0.167140	  0.206197	  0.353836	

URL http://cisbp.ccbr.utoronto.ca/TFreport.php?versionNumber=1.02&searchTF=T016208_1.02

MOTIF M0207_1.02 (ENSSTOG00000010293)_(Mus_musculus)_(DBD_0.93)

letter-probability matrix: alength= 4 w= 9 nsites= 1 E= 0
  0.245979	  0.352569	  0.300439	  0.101013	
  0.058813	  0.919989	  0.001025	  0.020173	
  0.872648	  0.043447	  0.042163	  0.041743	
  0.032068	  0.136709	  0.778878	  0.052345	
  0.252322	  0.142694	  0.578654	  0.026330	
  0.003499	  0.021379	  0.000159	  0.974963	
  0.048208	  0.008462	  0.930323	  0.013008	
  0.091245	  0.302945	  0.243119	  0.362691	
  0.223098	  0.220878	  0.275232	  0.280792	

URL http://cisbp.ccbr.utoronto.ca/TFreport.php?versionNumber=1.02&searchTF=T016215_1.02

MOTIF M0210_1.02 (MYF5)_(Mus_musculus)_(DBD_0.81)

letter-probability matrix: alength= 4 w= 9 nsites= 1 E= 0
  0.597222	  0.001984	  0.398810	  0.001984	
  0.886062	  0.001106	  0.001106	  0.111726	
  0.000996	  0.997012	  0.000996	  0.000996	
  0.997012	  0.000996	  0.000996	  0.000996	
  0.001106	  0.001106	  0.775442	  0.222345	
  0.222345	  0.554204	  0.001106	  0.222345	
  0.001106	  0.001106	  0.001106	  0.996681	
  0.001106	  0.001106	  0.996681	  0.001106	
  0.398810	  0.200397	  0.001984	  0.398810	

URL http://cisbp.ccbr.utoronto.ca/TFreport.php?versionNumber=1.02&searchTF=T016229_1.02

MOTIF M0211_1.02 (MLXIP)_(Mus_musculus)_(DBD_0.84)

letter-probability matrix: alength= 4 w= 8 nsites= 1 E= 0
  0.053046	  0.263130	  0.420693	  0.263130	
  0.000399	  0.998802	  0.000399	  0.000399	
  0.998802	  0.000399	  0.000399	  0.000399	
  0.000399	  0.998802	  0.000399	  0.000399	
  0.000399	  0.000399	  0.998802	  0.000399	
  0.000399	  0.000399	  0.000399	  0.998802	
  0.000399	  0.000399	  0.998802	  0.000399	
  0.187656	  0.062968	  0.250000	  0.499377	

URL http://cisbp.ccbr.utoronto.ca/TFreport.php?versionNumber=1.02&searchTF=T016192_1.02

MOTIF M0214_1.02 (TCF23)_(Mus_musculus)_(DBD_0.60)

letter-probability matrix: alength= 4 w= 9 nsites= 1 E= 0
  0.745050	  0.002475	  0.250000	  0.002475	
  0.747512	  0.250000	  0.001244	  0.001244	
  0.001244	  0.996269	  0.001244	  0.001244	
  0.996269	  0.001244	  0.001244	  0.001244	
  0.001244	  0.001244	  0.374378	  0.623134	
  0.623134	  0.374378	  0.001244	  0.001244	
  0.001244	  0.001244	  0.001244	  0.996269	
  0.001244	  0.001244	  0.996269	  0.001244	
  0.002475	  0.002475	  0.497525	  0.497525	

URL http://cisbp.ccbr.utoronto.ca/TFreport.php?versionNumber=1.02&searchTF=T016227_1.02

MOTIF M0216_1.02 (TAL1)_(Mus_musculus)_(DBD_0.62)

letter-probability matrix: alength= 4 w= 10 nsites= 1 E= 0
  0.282767	  0.305521	  0.171954	  0.239759	
  0.037628	  0.037628	  0.674128	  0.250617	
  0.000178	  0.862732	  0.000178	  0.136912	
  0.930537	  0.000178	  0.069106	  0.000178	
  0.071132	  0.077413	  0.714543	  0.136912	
  0.145218	  0.714543	  0.069106	  0.071132	
  0.000178	  0.067984	  0.000178	  0.931660	
  0.077413	  0.000178	  0.922231	  0.000178	
  0.152455	  0.301874	  0.078225	  0.467447	
  0.281479	  0.212551	  0.293420	  0.212551	

URL http://cisbp.ccbr.utoronto.ca/TFreport.php?versionNumber=1.02&searchTF=T016210_1.02

MOTIF M0220_1.02 (ARNT2)_(Mus_musculus)_(DBD_0.63)

letter-probability matrix: alength= 4 w= 10 nsites= 1 E= 0
  0.250929	  0.229332	  0.261169	  0.258571	
  0.245912	  0.124583	  0.558342	  0.071163	
  0.061688	  0.043908	  0.142892	  0.751513	
  0.002732	  0.997148	  0.000037	  0.000083	
  0.953025	  0.016113	  0.010172	  0.020690	
  0.001939	  0.965026	  0.009414	  0.023621	
  0.048059	  0.002671	  0.946167	  0.003103	
  0.054023	  0.057940	  0.051388	  0.836649	
  0.009432	  0.004113	  0.938317	  0.048139	
  0.255140	  0.330899	  0.145739	  0.268222	

URL http://cisbp.ccbr.utoronto.ca/TFreport.php?versionNumber=1.02&searchTF=T016198_1.02

MOTIF M0224_1.02 (NEUROG1)_(Mus_musculus)_(DBD_1.00)

letter-probability matrix: alength= 4 w= 10 nsites= 1 E= 0
  0.294121	  0.202526	  0.300826	  0.202526	
  0.303479	  0.500296	  0.098113	  0.098113	
  0.000011	  0.999968	  0.000011	  0.000011	
  0.999968	  0.000011	  0.000011	  0.000011	
  0.000011	  0.000011	  0.087923	  0.912055	
  0.912055	  0.087923	  0.000011	  0.000011	
  0.000011	  0.000011	  0.000011	  0.999968	
  0.000011	  0.000011	  0.999968	  0.000011	
  0.047484	  0.118649	  0.168178	  0.665688	
  0.151898	  0.243456	  0.221525	  0.383121	

URL http://cisbp.ccbr.utoronto.ca/TFreport.php?versionNumber=1.02&searchTF=T016213_1.02

MOTIF M0297_1.02 (CREM)_(Mus_musculus)_(DBD_0.93)

letter-probability matrix: alength= 4 w= 9 nsites= 1 E= 0
  0.357458	  0.170548	  0.361051	  0.110943	
  0.016538	  0.109473	  0.065084	  0.808904	
  0.001209	  0.089107	  0.665032	  0.244652	
  0.783865	  0.024149	  0.128283	  0.063703	
  0.032696	  0.834861	  0.002478	  0.129965	
  0.112813	  0.046793	  0.777229	  0.063164	
  0.152103	  0.245811	  0.086883	  0.515203	
  0.338131	  0.263337	  0.228934	  0.169598	
  0.290142	  0.192553	  0.254773	  0.262532	

URL http://cisbp.ccbr.utoronto.ca/TFreport.php?versionNumber=1.02&searchTF=T026655_1.02

MOTIF M0300_1.02 (ATF2)_(Mus_musculus)_(DBD_0.72)

letter-probability matrix: alength= 4 w= 10 nsites= 1 E= 0
  0.291870	  0.184253	  0.277636	  0.246241	
  0.530199	  0.133387	  0.274034	  0.062380	
  0.035631	  0.062379	  0.001238	  0.900752	
  0.073796	  0.082377	  0.556301	  0.287525	
  0.757933	  0.025806	  0.125285	  0.090976	
  0.084682	  0.638364	  0.084682	  0.192271	
  0.156906	  0.065082	  0.710273	  0.067738	
  0.117142	  0.166233	  0.068950	  0.647675	
  0.368627	  0.407396	  0.102492	  0.121484	
  0.489340	  0.124345	  0.187365	  0.198951	

URL http://cisbp.ccbr.utoronto.ca/TFreport.php?versionNumber=1.02&searchTF=T026676_1.02

MOTIF M0301_1.02 (Q4F865_SPETR)_(Mus_musculus)_(DBD_0.81)

letter-probability matrix: alength= 4 w= 8 nsites= 1 E= 0
  0.043837	  0.130642	  0.694878	  0.130642	
  0.966817	  0.000322	  0.032539	  0.000322	
  0.000294	  0.029671	  0.000294	  0.969741	
  0.000294	  0.000294	  0.999119	  0.000294	
  0.969741	  0.000294	  0.000294	  0.029671	
  0.000294	  0.999119	  0.000294	  0.000294	
  0.143010	  0.000357	  0.606633	  0.250000	
  0.158088	  0.368172	  0.053046	  0.420693	

URL http://cisbp.ccbr.utoronto.ca/TFreport.php?versionNumber=1.02&searchTF=T026649_1.02

MOTIF M0303_1.02 (ATF3)_(Mus_musculus)_(DBD_0.73)

letter-probability matrix: alength= 4 w= 10 nsites= 1 E= 0
  0.233199	  0.233199	  0.300403	  0.233199	
  0.507982	  0.164006	  0.164006	  0.164006	
  0.000043	  0.000043	  0.000043	  0.999872	
  0.000043	  0.000043	  0.948614	  0.051301	
  0.999872	  0.000043	  0.000043	  0.000043	
  0.000043	  0.999872	  0.000043	  0.000043	
  0.000043	  0.000043	  0.766726	  0.233189	
  0.000043	  0.281877	  0.000043	  0.718037	
  0.516762	  0.396651	  0.069743	  0.016844	
  0.613651	  0.136419	  0.086037	  0.163893	

URL http://cisbp.ccbr.utoronto.ca/TFreport.php?versionNumber=1.02&searchTF=T026660_1.02

MOTIF M0305_1.02 (CREB3L1)_(Mus_musculus)_(DBD_0.78)

letter-probability matrix: alength= 4 w= 9 nsites= 1 E= 0
  0.002475	  0.002475	  0.745050	  0.250000	
  0.250000	  0.623134	  0.001244	  0.125622	
  0.001244	  0.871891	  0.125622	  0.001244	
  0.996269	  0.001244	  0.001244	  0.001244	
  0.001244	  0.996269	  0.001244	  0.001244	
  0.001244	  0.001244	  0.996269	  0.001244	
  0.001244	  0.001244	  0.001244	  0.996269	
  0.001420	  0.143466	  0.853693	  0.001420	
  0.250000	  0.002475	  0.250000	  0.497525	

URL http://cisbp.ccbr.utoronto.ca/TFreport.php?versionNumber=1.02&searchTF=T026672_1.02

MOTIF M0309_1.02 (ATF7)_(Mus_musculus)_(DBD_1.00)

letter-probability matrix: alength= 4 w= 10 nsites= 1 E= 0
  0.260002	  0.181397	  0.311279	  0.247322	
  0.577516	  0.121357	  0.289668	  0.011459	
  0.000019	  0.055723	  0.000006	  0.944252	
  0.074595	  0.061073	  0.579449	  0.284883	
  0.852748	  0.005980	  0.140958	  0.000313	
  0.000066	  0.834717	  0.000028	  0.165189	
  0.169554	  0.075428	  0.694486	  0.060532	
  0.133120	  0.126628	  0.087466	  0.652787	
  0.371994	  0.440927	  0.102399	  0.084680	
  0.527113	  0.119991	  0.170275	  0.182621	

URL http://cisbp.ccbr.utoronto.ca/TFreport.php?versionNumber=1.02&searchTF=T026659_1.02

MOTIF M0315_1.02 (CEBPE)_(Mus_musculus)_(DBD_0.75)

letter-probability matrix: alength= 4 w= 10 nsites= 1 E= 0
  0.431714	  0.208047	  0.298200	  0.062039	
  0.000768	  0.000197	  0.000189	  0.998845	
  0.000294	  0.000168	  0.000030	  0.999508	
  0.280621	  0.000476	  0.582311	  0.136593	
  0.088026	  0.755689	  0.045496	  0.110789	
  0.258429	  0.120858	  0.525642	  0.095071	
  0.244243	  0.410824	  0.024982	  0.319950	
  0.643236	  0.294863	  0.024693	  0.037208	
  0.847747	  0.045267	  0.061718	  0.045267	
  0.110259	  0.293780	  0.187322	  0.408639	

URL http://cisbp.ccbr.utoronto.ca/TFreport.php?versionNumber=1.02&searchTF=T026662_1.02

MOTIF M0318_1.02 (TEF)_(Mus_musculus)_(DBD_0.66)

letter-probability matrix: alength= 4 w= 13 nsites= 1 E= 0
  0.227605	  0.227605	  0.227605	  0.317186	
  0.317186	  0.227605	  0.227605	  0.227605	
  0.225575	  0.058277	  0.058277	  0.657871	
  0.193357	  0.039156	  0.121950	  0.645538	
  0.861849	  0.020145	  0.020145	  0.097861	
  0.157740	  0.676007	  0.000185	  0.166067	
  0.600658	  0.000185	  0.398971	  0.000185	
  0.000185	  0.130427	  0.076670	  0.792718	
  0.779729	  0.022581	  0.022581	  0.175109	
  0.779729	  0.022581	  0.098625	  0.099065	
  0.348232	  0.267952	  0.191908	  0.191908	
  0.211029	  0.211029	  0.287073	  0.290868	
  0.230040	  0.230040	  0.230040	  0.309879	

URL http://cisbp.ccbr.utoronto.ca/TFreport.php?versionNumber=1.02&searchTF=T026679_1.02

MOTIF M0394_1.02 (PLAGL1)_(Mus_musculus)_(DBD_0.88)

letter-probability matrix: alength= 4 w= 10 nsites= 1 E= 0
  0.265677	  0.200794	  0.302560	  0.230968	
  0.297612	  0.119796	  0.338929	  0.243664	
  0.040482	  0.030595	  0.872049	  0.056874	
  0.226744	  0.011289	  0.752816	  0.009151	
  0.007531	  0.000170	  0.924328	  0.067970	
  0.026305	  0.000980	  0.934251	  0.038465	
  0.084445	  0.553411	  0.203589	  0.158555	
  0.164476	  0.494112	  0.191093	  0.150319	
  0.223285	  0.423455	  0.170451	  0.182810	
  0.249629	  0.327005	  0.214858	  0.208508	

URL http://cisbp.ccbr.utoronto.ca/TFreport.php?versionNumber=1.02&searchTF=T054570_1.02

MOTIF M0395_1.02 (ENSSTOG00000008606)_(Mus_musculus)_(DBD_0.90)

letter-probability matrix: alength= 4 w= 8 nsites= 1 E= 0
  0.000093	  0.000093	  0.999721	  0.000093	
  0.185064	  0.000093	  0.259544	  0.555300	
  0.809118	  0.000093	  0.190696	  0.000093	
  0.000093	  0.795572	  0.000093	  0.204242	
  0.198253	  0.107873	  0.081000	  0.612874	
  0.999721	  0.000093	  0.000093	  0.000093	
  0.720654	  0.000093	  0.279160	  0.000093	
  0.000093	  0.000093	  0.279160	  0.720654	

URL http://cisbp.ccbr.utoronto.ca/TFreport.php?versionNumber=1.02&searchTF=T054482_1.02

MOTIF M0397_1.02 (ZNF263)_(Mus_musculus)_(DBD_0.95)

letter-probability matrix: alength= 4 w= 8 nsites= 1 E= 0
  0.150000	  0.150000	  0.600000	  0.100000	
  0.038462	  0.038462	  0.807692	  0.115385	
  0.035714	  0.035714	  0.892857	  0.035714	
  0.892857	  0.035714	  0.035714	  0.035714	
  0.035714	  0.035714	  0.714286	  0.214286	
  0.035714	  0.535714	  0.392857	  0.035714	
  0.892857	  0.035714	  0.035714	  0.035714	
  0.045455	  0.818182	  0.090909	  0.045455	

URL http://cisbp.ccbr.utoronto.ca/TFreport.php?versionNumber=1.02&searchTF=T054573_1.02

MOTIF M0398_1.02 (ZSCAN10)_(Mus_musculus)_(DBD_0.82)

letter-probability matrix: alength= 4 w= 11 nsites= 1 E= 0
  0.302984	  0.232339	  0.232339	  0.232339	
  0.040148	  0.040148	  0.879557	  0.040148	
  0.232382	  0.017611	  0.503545	  0.246461	
  0.510667	  0.000101	  0.489130	  0.000101	
  0.999696	  0.000101	  0.000101	  0.000101	
  0.000101	  0.000101	  0.999696	  0.000101	
  0.000101	  0.000101	  0.000101	  0.999696	
  0.000101	  0.000101	  0.999696	  0.000101	
  0.017763	  0.877019	  0.017763	  0.087456	
  0.370139	  0.209954	  0.209954	  0.209954	
  0.302529	  0.232490	  0.232490	  0.232490	

URL http://cisbp.ccbr.utoronto.ca/TFreport.php?versionNumber=1.02&searchTF=T054381_1.02

MOTIF M0402_1.02 (SP6)_(Mus_musculus)_(DBD_0.78)

letter-probability matrix: alength= 4 w= 10 nsites= 1 E= 0
  0.345672	  0.149230	  0.297523	  0.207575	
  0.236315	  0.119721	  0.541945	  0.102020	
  0.126852	  0.013504	  0.562855	  0.296789	
  0.166514	  0.000013	  0.833039	  0.000434	
  0.000036	  0.000030	  0.999670	  0.000264	
  0.011649	  0.000039	  0.987545	  0.000767	
  0.160079	  0.668920	  0.014093	  0.156909	
  0.035629	  0.024858	  0.909753	  0.029760	
  0.045986	  0.028741	  0.501866	  0.423407	
  0.212327	  0.118882	  0.458577	  0.210214	

URL http://cisbp.ccbr.utoronto.ca/TFreport.php?versionNumber=1.02&searchTF=T054337_1.02

MOTIF M0405_1.02 (KLF3)_(Mus_musculus)_(DBD_0.81)

letter-probability matrix: alength= 4 w= 10 nsites= 1 E= 0
  0.322200	  0.077105	  0.258571	  0.342124	
  0.174850	  0.000229	  0.823801	  0.001121	
  0.000272	  0.000173	  0.999363	  0.000191	
  0.000074	  0.000241	  0.999596	  0.000089	
  0.100743	  0.660217	  0.010304	  0.228736	
  0.015211	  0.000320	  0.974574	  0.009895	
  0.042318	  0.089587	  0.352557	  0.515538	
  0.208085	  0.076550	  0.538047	  0.177318	
  0.167365	  0.115605	  0.497789	  0.219242	
  0.170239	  0.414554	  0.180766	  0.234441	

URL http://cisbp.ccbr.utoronto.ca/TFreport.php?versionNumber=1.02&searchTF=T054525_1.02

MOTIF M0408_1.02 (ZKSCAN1)_(Mus_musculus)_(DBD_0.99)

letter-probability matrix: alength= 4 w= 10 nsites= 1 E= 0
  0.368659	  0.127974	  0.237717	  0.265650	
  0.253090	  0.257619	  0.185858	  0.303434	
  0.201345	  0.206571	  0.334720	  0.257364	
  0.145520	  0.301411	  0.103189	  0.449879	
  0.311749	  0.108333	  0.429663	  0.150255	
  0.150255	  0.429663	  0.108333	  0.311749	
  0.449879	  0.103189	  0.301411	  0.145520	
  0.257364	  0.334720	  0.206571	  0.201345	
  0.303434	  0.185858	  0.257619	  0.253090	
  0.265650	  0.237717	  0.127974	  0.368659	

URL http://cisbp.ccbr.utoronto.ca/TFreport.php?versionNumber=1.02&searchTF=T054513_1.02

MOTIF M0419_1.02 (EGR2)_(Mus_musculus)_(DBD_0.94)

letter-probability matrix: alength= 4 w= 8 nsites= 1 E= 0
  0.094017	  0.581197	  0.145299	  0.179487	
  0.013245	  0.000000	  0.980132	  0.006623	
  0.046053	  0.052632	  0.315789	  0.585526	
  0.065359	  0.006536	  0.928105	  0.000000	
  0.000000	  0.006536	  0.980392	  0.013072	
  0.000000	  0.000000	  0.986395	  0.013605	
  0.106870	  0.473282	  0.267176	  0.152672	
  0.182796	  0.032258	  0.731183	  0.053763	

URL http://cisbp.ccbr.utoronto.ca/TFreport.php?versionNumber=1.02&searchTF=T054387_1.02

MOTIF M0424_1.02 (SNAI1)_(Mus_musculus)_(DBD_0.90)

letter-probability matrix: alength= 4 w= 10 nsites= 1 E= 0
  0.277274	  0.205410	  0.231599	  0.285718	
  0.260772	  0.211378	  0.215648	  0.312201	
  0.119201	  0.079108	  0.058605	  0.743086	
  0.006837	  0.028857	  0.918136	  0.046171	
  0.862086	  0.000771	  0.084720	  0.052423	
  0.039362	  0.891405	  0.009326	  0.059907	
  0.762638	  0.017936	  0.180690	  0.038737	
  0.164638	  0.133453	  0.461162	  0.240748	
  0.190999	  0.293614	  0.282101	  0.233286	
  0.218148	  0.236317	  0.178604	  0.366931	

URL http://cisbp.ccbr.utoronto.ca/TFreport.php?versionNumber=1.02&searchTF=T054430_1.02

MOTIF M0428_1.02 (ZNF691)_(Mus_musculus)_(DBD_0.87)

letter-probability matrix: alength= 4 w= 8 nsites= 1 E= 0
  0.516489	  0.100100	  0.283311	  0.100100	
  0.081474	  0.127964	  0.523129	  0.267434	
  0.018955	  0.000094	  0.980856	  0.000094	
  0.971426	  0.009525	  0.018955	  0.000094	
  0.009525	  0.000094	  0.971426	  0.018955	
  0.000095	  0.647468	  0.009615	  0.342822	
  0.791865	  0.188143	  0.000099	  0.019893	
  0.054901	  0.890060	  0.013828	  0.041210	

URL http://cisbp.ccbr.utoronto.ca/TFreport.php?versionNumber=1.02&searchTF=T054308_1.02

MOTIF M0431_1.02 (OSR1)_(Mus_musculus)_(DBD_1.00)

letter-probability matrix: alength= 4 w= 9 nsites= 1 E= 0
  0.403971	  0.240169	  0.179710	  0.176151	
  0.198142	  0.544020	  0.131497	  0.126341	
  0.492328	  0.000000	  0.507322	  0.000350	
  0.083075	  0.002363	  0.906640	  0.007923	
  0.250624	  0.044432	  0.158215	  0.546729	
  0.796265	  0.000247	  0.170704	  0.032784	
  0.140921	  0.002359	  0.835642	  0.021077	
  0.097198	  0.532058	  0.178887	  0.191857	
  0.295275	  0.246634	  0.218745	  0.239345	

URL http://cisbp.ccbr.utoronto.ca/TFreport.php?versionNumber=1.02&searchTF=T054627_1.02

MOTIF M0436_1.02 (ZNF35)_(Mus_musculus)_(DBD_0.96)

letter-probability matrix: alength= 4 w= 10 nsites= 1 E= 0
  0.108008	  0.054174	  0.023623	  0.814196	
  0.040151	  0.120620	  0.016488	  0.822741	
  0.317341	  0.134287	  0.387601	  0.160770	
  0.124227	  0.077642	  0.111287	  0.686845	
  0.050023	  0.092064	  0.043488	  0.814425	
  0.133657	  0.086945	  0.303467	  0.475931	
  0.339638	  0.088933	  0.267169	  0.304260	
  0.204153	  0.251859	  0.141015	  0.402973	
  0.173772	  0.220908	  0.186372	  0.418948	
  0.251866	  0.246878	  0.320184	  0.181072	

URL http://cisbp.ccbr.utoronto.ca/TFreport.php?versionNumber=1.02&searchTF=T054619_1.02

MOTIF M0441_1.02 (ZIC4)_(Mus_musculus)_(DBD_0.84)

letter-probability matrix: alength= 4 w= 10 nsites= 1 E= 0
  0.221840	  0.540209	  0.137271	  0.100681	
  0.298238	  0.195956	  0.256696	  0.249109	
  0.073341	  0.661906	  0.084363	  0.180390	
  0.396767	  0.228915	  0.171289	  0.203029	
  0.249892	  0.144175	  0.534338	  0.071595	
  0.032422	  0.482435	  0.259523	  0.225619	
  0.369435	  0.013763	  0.488810	  0.127993	
  0.065318	  0.057932	  0.632238	  0.244512	
  0.028364	  0.021224	  0.833068	  0.117345	
  0.262735	  0.172629	  0.340749	  0.223888	

URL http://cisbp.ccbr.utoronto.ca/TFreport.php?versionNumber=1.02&searchTF=T054640_1.02

MOTIF M0442_1.02 (ZBTB3)_(Mus_musculus)_(DBD_1.00)

letter-probability matrix: alength= 4 w= 9 nsites= 1 E= 0
  0.270078	  0.259488	  0.249313	  0.221121	
  0.278329	  0.234817	  0.254374	  0.232480	
  0.155698	  0.118856	  0.218747	  0.506699	
  0.151076	  0.236935	  0.571226	  0.040763	
  0.061428	  0.904932	  0.012780	  0.020861	
  0.988678	  0.000117	  0.000000	  0.011205	
  0.012623	  0.105162	  0.850223	  0.031992	
  0.038334	  0.329088	  0.008468	  0.624110	
  0.150689	  0.044935	  0.604994	  0.199381	

URL http://cisbp.ccbr.utoronto.ca/TFreport.php?versionNumber=1.02&searchTF=T054396_1.02

MOTIF M0443_1.02 (ENSSTOG00000008421)_(Mus_musculus)_(DBD_0.78)

letter-probability matrix: alength= 4 w= 10 nsites= 1 E= 0
  0.260102	  0.124098	  0.223872	  0.391927	
  0.187213	  0.000148	  0.790168	  0.022471	
  0.000002	  0.000005	  0.999931	  0.000063	
  0.000374	  0.000026	  0.999566	  0.000034	
  0.076094	  0.621399	  0.000039	  0.302468	
  0.000325	  0.000031	  0.997699	  0.001945	
  0.060231	  0.086331	  0.346604	  0.506834	
  0.189328	  0.102872	  0.514647	  0.193153	
  0.167870	  0.130737	  0.470215	  0.231178	
  0.172456	  0.411638	  0.156045	  0.259860	

URL http://cisbp.ccbr.utoronto.ca/TFreport.php?versionNumber=1.02&searchTF=T054479_1.02

MOTIF M0444_1.02 (ENSSTOG00000007158)_(Mus_musculus)_(DBD_0.99)

letter-probability matrix: alength= 4 w= 9 nsites= 1 E= 0
  0.243790	  0.256290	  0.225047	  0.274873	
  0.241468	  0.229692	  0.274991	  0.253849	
  0.218787	  0.275365	  0.227716	  0.278133	
  0.014786	  0.008879	  0.976210	  0.000125	
  0.000536	  0.000018	  0.999405	  0.000041	
  0.000079	  0.999887	  0.000008	  0.000026	
  0.000277	  0.842616	  0.157042	  0.000065	
  0.051111	  0.352131	  0.130844	  0.465915	
  0.302347	  0.187087	  0.245077	  0.265489	

URL http://cisbp.ccbr.utoronto.ca/TFreport.php?versionNumber=1.02&searchTF=T054460_1.02

MOTIF M0447_1.02 (BCL11B)_(Caenorhabditis_elegans)_(DBD_0.73)

letter-probability matrix: alength= 4 w= 10 nsites= 1 E= 0
  0.391273	  0.146849	  0.267577	  0.194301	
  0.236558	  0.241337	  0.322529	  0.199576	
  0.063325	  0.269963	  0.106515	  0.560196	
  0.004417	  0.002260	  0.968160	  0.025164	
  0.019015	  0.007208	  0.958364	  0.015413	
  0.150280	  0.035251	  0.000029	  0.814440	
  0.000025	  0.973874	  0.003426	  0.022675	
  0.905030	  0.032719	  0.031436	  0.030814	
  0.261983	  0.246726	  0.254240	  0.237052	
  0.139579	  0.281078	  0.155809	  0.423533	

URL http://cisbp.ccbr.utoronto.ca/TFreport.php?versionNumber=1.02&searchTF=T054451_1.02

MOTIF M0565_1.02 (SP4)_(PBM_CONSTRUCTS)_(DBD_0.75)

letter-probability matrix: alength= 4 w= 8 nsites= 1 E= 0
  0.181818	  0.000000	  0.818182	  0.000000	
  0.600000	  0.066667	  0.000000	  0.333333	
  0.000000	  0.000000	  1.000000	  0.000000	
  0.000000	  1.000000	  0.000000	  0.000000	
  0.000000	  0.000000	  1.000000	  0.000000	
  0.000000	  0.000000	  1.000000	  0.000000	
  0.071429	  0.000000	  0.928571	  0.000000	
  0.600000	  0.000000	  0.000000	  0.400000	

URL http://cisbp.ccbr.utoronto.ca/TFreport.php?versionNumber=1.02&searchTF=T054517_1.02

MOTIF M0584_1.02 (ENSSTOG00000000116)_(Caenorhabditis_elegans)_(DBD_0.77)

letter-probability matrix: alength= 4 w= 9 nsites= 1 E= 0
  0.230911	  0.224086	  0.262968	  0.282035	
  0.269525	  0.209906	  0.264188	  0.256380	
  0.283198	  0.178778	  0.291823	  0.246201	
  0.153491	  0.064952	  0.745191	  0.036366	
  0.485724	  0.054907	  0.315968	  0.143400	
  0.185229	  0.092907	  0.000174	  0.721690	
  0.451981	  0.073969	  0.434259	  0.039791	
  0.183594	  0.056414	  0.557089	  0.202902	
  0.369364	  0.118130	  0.213105	  0.299401	

URL http://cisbp.ccbr.utoronto.ca/TFreport.php?versionNumber=1.02&searchTF=T072488_1.02

MOTIF M0608_1.02 (MLL)_(Homo_sapiens)_(DBD_1.00)

letter-probability matrix: alength= 4 w= 10 nsites= 1 E= 0
  0.255050	  0.190845	  0.321006	  0.233098	
  0.295043	  0.239157	  0.307084	  0.158717	
  0.232323	  0.272634	  0.329682	  0.165361	
  0.275506	  0.167103	  0.440808	  0.116584	
  0.166251	  0.276857	  0.388969	  0.167922	
  0.008509	  0.907839	  0.064140	  0.019513	
  0.056470	  0.014207	  0.928630	  0.000693	
  0.265416	  0.194669	  0.228446	  0.311469	
  0.411622	  0.114446	  0.254705	  0.219227	
  0.348511	  0.224454	  0.211383	  0.215653	

URL http://cisbp.ccbr.utoronto.ca/TFreport.php?versionNumber=1.02&searchTF=T074716_1.02

MOTIF M0631_1.02 (DMRT1)_(Homo_sapiens)_(DBD_0.91)

letter-probability matrix: alength= 4 w= 8 nsites= 1 E= 0
  0.000831	  0.000831	  0.000831	  0.997508	
  0.143162	  0.000712	  0.855413	  0.000712	
  0.000712	  0.000712	  0.000712	  0.997863	
  0.855413	  0.000712	  0.000712	  0.143162	
  0.071937	  0.000712	  0.143162	  0.784188	
  0.071937	  0.855413	  0.000712	  0.071937	
  0.816123	  0.000906	  0.091486	  0.091486	
  0.775442	  0.001106	  0.001106	  0.222345	

URL http://cisbp.ccbr.utoronto.ca/TFreport.php?versionNumber=1.02&searchTF=T075241_1.02

MOTIF M0635_1.02 (DMRTC2)_(Mus_musculus)_(DBD_1.00)

letter-probability matrix: alength= 4 w= 13 nsites= 1 E= 0
  0.341381	  0.219540	  0.219540	  0.219540	
  0.474682	  0.175106	  0.175106	  0.175106	
  0.263748	  0.386040	  0.175106	  0.175106	
  0.680243	  0.106586	  0.106586	  0.106586	
  0.022531	  0.022531	  0.022531	  0.932406	
  0.187692	  0.000165	  0.811978	  0.000165	
  0.000165	  0.000165	  0.000165	  0.999505	
  0.877664	  0.000165	  0.000165	  0.122006	
  0.119267	  0.030625	  0.030625	  0.819483	
  0.401418	  0.260937	  0.075059	  0.262586	
  0.537929	  0.311953	  0.075059	  0.075059	
  0.383101	  0.143579	  0.143579	  0.329740	
  0.317099	  0.227634	  0.227634	  0.227634	

URL http://cisbp.ccbr.utoronto.ca/TFreport.php?versionNumber=1.02&searchTF=T075238_1.02

MOTIF M0670_1.02 (E2F3)_(Mus_musculus)_(DBD_0.86)

letter-probability matrix: alength= 4 w= 10 nsites= 1 E= 0
  0.323791	  0.157606	  0.184952	  0.333651	
  0.356499	  0.123511	  0.133798	  0.386191	
  0.252758	  0.144378	  0.247753	  0.355112	
  0.126742	  0.200769	  0.545747	  0.126742	
  0.023207	  0.074773	  0.901856	  0.000164	
  0.069741	  0.911218	  0.000224	  0.018817	
  0.000176	  0.000025	  0.982509	  0.017290	
  0.011409	  0.610578	  0.359389	  0.018623	
  0.108464	  0.261496	  0.386224	  0.243817	
  0.250797	  0.271685	  0.168114	  0.309403	

URL http://cisbp.ccbr.utoronto.ca/TFreport.php?versionNumber=1.02&searchTF=T076861_1.02

MOTIF M0673_1.02 (E2F2)_(Taeniopygia_guttata)_(DBD_0.86)

letter-probability matrix: alength= 4 w= 10 nsites= 1 E= 0
  0.318805	  0.227065	  0.227065	  0.227065	
  0.193453	  0.178255	  0.402863	  0.225428	
  0.099232	  0.600146	  0.300486	  0.000135	
  0.000135	  0.000135	  0.999594	  0.000135	
  0.000135	  0.999594	  0.000135	  0.000135	
  0.000135	  0.000135	  0.999594	  0.000135	
  0.000135	  0.999594	  0.000135	  0.000135	
  0.000135	  0.202501	  0.797228	  0.000135	
  0.230338	  0.723521	  0.023070	  0.023070	
  0.242693	  0.246407	  0.263382	  0.247518	

URL http://cisbp.ccbr.utoronto.ca/TFreport.php?versionNumber=1.02&searchTF=T076859_1.02

MOTIF M0686_1.02 (SPIB)_(Mus_musculus)_(DBD_0.63)

letter-probability matrix: alength= 4 w= 10 nsites= 1 E= 0
  0.444315	  0.118692	  0.180645	  0.256348	
  0.349319	  0.124709	  0.216153	  0.309818	
  0.255840	  0.195303	  0.421810	  0.127047	
  0.307632	  0.310723	  0.317000	  0.064645	
  0.110300	  0.012344	  0.856799	  0.020557	
  0.017415	  0.012150	  0.960387	  0.010048	
  0.947248	  0.001866	  0.006914	  0.043972	
  0.903251	  0.021456	  0.000405	  0.074888	
  0.141802	  0.325197	  0.480310	  0.052690	
  0.131010	  0.231661	  0.084375	  0.552954	

URL http://cisbp.ccbr.utoronto.ca/TFreport.php?versionNumber=1.02&searchTF=T078604_1.02

MOTIF M0688_1.02 (ELF5)_(Mus_musculus)_(DBD_0.66)

letter-probability matrix: alength= 4 w= 10 nsites= 1 E= 0
  0.350685	  0.160756	  0.212701	  0.275858	
  0.244116	  0.269790	  0.251550	  0.234544	
  0.253145	  0.309192	  0.282580	  0.155083	
  0.327987	  0.369805	  0.166164	  0.136044	
  0.176264	  0.064199	  0.615223	  0.144313	
  0.165059	  0.084462	  0.599625	  0.150853	
  0.844606	  0.003486	  0.021734	  0.130174	
  0.722343	  0.020958	  0.006440	  0.250260	
  0.379399	  0.139573	  0.360896	  0.120132	
  0.218131	  0.238673	  0.133633	  0.409564	

URL http://cisbp.ccbr.utoronto.ca/TFreport.php?versionNumber=1.02&searchTF=T078596_1.02

MOTIF M0694_1.02 (GABPA)_(Mus_musculus)_(DBD_1.00)

letter-probability matrix: alength= 4 w= 9 nsites= 1 E= 0
  0.635514	  0.077048	  0.180266	  0.107172	
  0.154613	  0.646083	  0.165824	  0.033479	
  0.148376	  0.812201	  0.037328	  0.002095	
  0.000563	  0.000345	  0.997694	  0.001399	
  0.009222	  0.004912	  0.984004	  0.001862	
  0.979651	  0.004126	  0.014690	  0.001533	
  0.777163	  0.021024	  0.004330	  0.197483	
  0.378533	  0.050719	  0.553523	  0.017224	
  0.132095	  0.222188	  0.053706	  0.592011	

URL http://cisbp.ccbr.utoronto.ca/TFreport.php?versionNumber=1.02&searchTF=T078598_1.02

MOTIF M0695_1.02 (ELK1)_(Mus_musculus)_(DBD_0.66)

letter-probability matrix: alength= 4 w= 10 nsites= 1 E= 0
  0.309868	  0.222771	  0.251174	  0.216187	
  0.457429	  0.125917	  0.274684	  0.141971	
  0.105811	  0.679702	  0.144265	  0.070222	
  0.082782	  0.903446	  0.010657	  0.003115	
  0.000362	  0.000111	  0.996194	  0.003333	
  0.001272	  0.002562	  0.993129	  0.003037	
  0.976431	  0.003873	  0.006579	  0.013117	
  0.816923	  0.026724	  0.005616	  0.150738	
  0.219085	  0.152851	  0.589610	  0.038454	
  0.105478	  0.283865	  0.082972	  0.527685	

URL http://cisbp.ccbr.utoronto.ca/TFreport.php?versionNumber=1.02&searchTF=T078601_1.02

MOTIF M0698_1.02 (ETV4)_(Mus_musculus)_(DBD_0.94)

letter-probability matrix: alength= 4 w= 9 nsites= 1 E= 0
  0.459522	  0.123988	  0.257286	  0.159204	
  0.115659	  0.639476	  0.181390	  0.063475	
  0.147216	  0.822129	  0.025839	  0.004816	
  0.000821	  0.001213	  0.995522	  0.002443	
  0.001119	  0.001200	  0.994484	  0.003197	
  0.964413	  0.005880	  0.009792	  0.019916	
  0.635432	  0.057645	  0.032600	  0.274323	
  0.279102	  0.122925	  0.545432	  0.052540	
  0.125096	  0.281205	  0.101401	  0.492298	

URL http://cisbp.ccbr.utoronto.ca/TFreport.php?versionNumber=1.02&searchTF=T078606_1.02

MOTIF M0699_1.02 (ETS2)_(Mus_musculus)_(DBD_0.66)

