MEME version 4

ALPHABET= ACGT

strands: + -

Background letter frequencies (from uniform background):
A 0.25000 C 0.25000 G 0.25000 T 0.25000 

MOTIF M0086_1.02 (SNOG_14941)_(Histoplasma_capsulatum)_(DBD_0.97)

letter-probability matrix: alength= 4 w= 10 nsites= 1 E= 0
  0.287386	  0.184982	  0.164060	  0.363572	
  0.268823	  0.245690	  0.172342	  0.313145	
  0.339997	  0.263260	  0.151658	  0.245086	
  0.153137	  0.201022	  0.101791	  0.544050	
  0.240409	  0.109919	  0.541436	  0.108237	
  0.108237	  0.541436	  0.109919	  0.240409	
  0.544050	  0.101791	  0.201022	  0.153137	
  0.245086	  0.151658	  0.263260	  0.339997	
  0.313145	  0.172342	  0.245690	  0.268823	
  0.363572	  0.164060	  0.184982	  0.287386	

URL http://cisbp.ccbr.utoronto.ca/TFreport.php?versionNumber=1.02&searchTF=T005227_1.02

MOTIF M0088_1.02 (SNOG_10392)_(Aspergillus_nidulans)_(DBD_0.82)

letter-probability matrix: alength= 4 w= 7 nsites= 1 E= 0
  0.244709	  0.273163	  0.217037	  0.265090	
  0.259296	  0.165335	  0.343083	  0.232286	
  0.677036	  0.034389	  0.124926	  0.163649	
  0.005898	  0.967321	  0.013525	  0.013257	
  0.149512	  0.010149	  0.818420	  0.021919	
  0.010007	  0.874189	  0.003265	  0.112539	
  0.015323	  0.032764	  0.943248	  0.008665	

URL http://cisbp.ccbr.utoronto.ca/TFreport.php?versionNumber=1.02&searchTF=T005226_1.02

MOTIF M0112_1.02 (SNOG_11200)_(Neurospora_crassa)_(DBD_0.80)

letter-probability matrix: alength= 4 w= 8 nsites= 1 E= 0
  0.231893	  0.272129	  0.231893	  0.264086	
  0.199782	  0.275126	  0.241587	  0.283505	
  0.239406	  0.256765	  0.190216	  0.313613	
  0.169991	  0.163325	  0.418109	  0.248575	
  0.699238	  0.072966	  0.111051	  0.116745	
  0.096923	  0.120773	  0.014210	  0.768095	
  0.556969	  0.037808	  0.314980	  0.090243	
  0.186997	  0.278967	  0.206664	  0.327371	

URL http://cisbp.ccbr.utoronto.ca/TFreport.php?versionNumber=1.02&searchTF=T007080_1.02

MOTIF M0139_1.02 (SNOG_06908)_(Neurospora_crassa)_(DBD_0.44)

letter-probability matrix: alength= 4 w= 10 nsites= 1 E= 0
  0.201025	  0.307957	  0.244501	  0.246517	
  0.321984	  0.166011	  0.320153	  0.191852	
  0.414247	  0.188211	  0.192640	  0.204903	
  0.431510	  0.064433	  0.100297	  0.403760	
  0.423723	  0.047936	  0.000049	  0.528292	
  0.528292	  0.000049	  0.047936	  0.423723	
  0.403760	  0.100297	  0.064433	  0.431510	
  0.204903	  0.192640	  0.188211	  0.414247	
  0.191852	  0.320153	  0.166011	  0.321984	
  0.246517	  0.244501	  0.307957	  0.201025	

URL http://cisbp.ccbr.utoronto.ca/TFreport.php?versionNumber=1.02&searchTF=T008578_1.02

MOTIF M0142_1.02 (SNOG_12188)_(Saccharomyces_cerevisiae)_(DBD_0.42)

letter-probability matrix: alength= 4 w= 7 nsites= 1 E= 0
  0.282959	  0.248465	  0.245993	  0.222583	
  0.316659	  0.184532	  0.236944	  0.261864	
  0.377778	  0.112652	  0.209413	  0.300157	
  0.616393	  0.068985	  0.111484	  0.203138	
  0.675764	  0.042770	  0.063171	  0.218294	
  0.326032	  0.133887	  0.082023	  0.458058	
  0.321153	  0.137266	  0.112384	  0.429198	

URL http://cisbp.ccbr.utoronto.ca/TFreport.php?versionNumber=1.02&searchTF=T008579_1.02

MOTIF M0145_1.02 (SNOG_15045)_(Medicago_truncatula)_(DBD_0.62)

letter-probability matrix: alength= 4 w= 8 nsites= 1 E= 0
  0.839058	  0.000399	  0.120208	  0.040335	
  0.881610	  0.000294	  0.000294	  0.117803	
  0.832686	  0.000277	  0.000277	  0.166759	
  0.693951	  0.000277	  0.000277	  0.305494	
  0.166759	  0.000277	  0.000277	  0.832686	
  0.832686	  0.000277	  0.000277	  0.166759	
  0.764101	  0.029671	  0.000294	  0.205934	
  0.185281	  0.037352	  0.000370	  0.776997	

URL http://cisbp.ccbr.utoronto.ca/TFreport.php?versionNumber=1.02&searchTF=T008580_1.02

MOTIF M0232_1.02 (SNOG_10427)_(Neurospora_crassa)_(DBD_0.67)

letter-probability matrix: alength= 4 w= 10 nsites= 1 E= 0
  0.388135	  0.112825	  0.260346	  0.238694	
  0.249054	  0.172339	  0.128937	  0.449670	
  0.199250	  0.410304	  0.162487	  0.227958	
  0.479655	  0.034839	  0.286042	  0.199464	
  0.129912	  0.429844	  0.141336	  0.298908	
  0.298908	  0.141336	  0.429844	  0.129912	
  0.199464	  0.286042	  0.034839	  0.479655	
  0.227958	  0.162487	  0.410304	  0.199250	
  0.449670	  0.128937	  0.172339	  0.249054	
  0.238694	  0.260346	  0.112825	  0.388135	

URL http://cisbp.ccbr.utoronto.ca/TFreport.php?versionNumber=1.02&searchTF=T011850_1.02

MOTIF M0233_1.02 (SNOG_15057)_(Neurospora_crassa)_(DBD_0.74)

letter-probability matrix: alength= 4 w= 10 nsites= 1 E= 0
  0.372697	  0.131267	  0.368992	  0.127044	
  0.132630	  0.120618	  0.150348	  0.596405	
  0.053806	  0.833998	  0.040004	  0.072192	
  0.860550	  0.014337	  0.062962	  0.062150	
  0.049765	  0.733895	  0.036448	  0.179892	
  0.179892	  0.036448	  0.733895	  0.049765	
  0.062150	  0.062962	  0.014337	  0.860550	
  0.072192	  0.040004	  0.833998	  0.053806	
  0.596405	  0.150348	  0.120618	  0.132630	
  0.127044	  0.368992	  0.131267	  0.372697	

URL http://cisbp.ccbr.utoronto.ca/TFreport.php?versionNumber=1.02&searchTF=T011853_1.02

MOTIF M0235_1.02 (SNOG_06810)_(Neurospora_crassa)_(DBD_0.88)

letter-probability matrix: alength= 4 w= 8 nsites= 1 E= 0
  0.274385	  0.205312	  0.348812	  0.171491	
  0.190278	  0.136796	  0.336463	  0.336463	
  0.075030	  0.878218	  0.030505	  0.016247	
  0.751431	  0.000270	  0.135908	  0.112390	
  0.002837	  0.782682	  0.078471	  0.136010	
  0.236992	  0.000239	  0.711963	  0.050807	
  0.167264	  0.223536	  0.126415	  0.482785	
  0.153853	  0.085285	  0.605464	  0.155399	

URL http://cisbp.ccbr.utoronto.ca/TFreport.php?versionNumber=1.02&searchTF=T011847_1.02

MOTIF M0277_1.02 (SNOG_06296)_(Aspergillus_nidulans)_(DBD_0.84)

letter-probability matrix: alength= 4 w= 10 nsites= 1 E= 0
  0.154221	  0.132739	  0.506936	  0.206105	
  0.384330	  0.442085	  0.102668	  0.070916	
  0.058696	  0.013228	  0.037054	  0.891022	
  0.007506	  0.030745	  0.385962	  0.575787	
  0.911092	  0.000094	  0.061846	  0.026968	
  0.063690	  0.586417	  0.169700	  0.180193	
  0.278427	  0.160639	  0.196204	  0.364730	
  0.518034	  0.154476	  0.059742	  0.267747	
  0.729176	  0.086653	  0.088404	  0.095767	
  0.258065	  0.140220	  0.224351	  0.377364	

URL http://cisbp.ccbr.utoronto.ca/TFreport.php?versionNumber=1.02&searchTF=T023248_1.02

MOTIF M0278_1.02 (SNOG_02426)_(Aspergillus_nidulans)_(DBD_0.73)

letter-probability matrix: alength= 4 w= 9 nsites= 1 E= 0
  0.248440	  0.175072	  0.312686	  0.263802	
  0.348841	  0.201264	  0.236185	  0.213709	
  0.250961	  0.137730	  0.144792	  0.466518	
  0.192616	  0.159285	  0.330530	  0.317569	
  0.547798	  0.306711	  0.100074	  0.045418	
  0.083480	  0.792037	  0.004829	  0.119654	
  0.161924	  0.013834	  0.778312	  0.045930	
  0.238359	  0.306059	  0.081759	  0.373822	
  0.313093	  0.147894	  0.356559	  0.182454	

URL http://cisbp.ccbr.utoronto.ca/TFreport.php?versionNumber=1.02&searchTF=T023239_1.02

MOTIF M0279_1.02 (SNOG_04486)_(Aspergillus_nidulans)_(DBD_0.66)

letter-probability matrix: alength= 4 w= 10 nsites= 1 E= 0
  0.246840	  0.196081	  0.257201	  0.299878	
  0.404547	  0.230507	  0.142781	  0.222165	
  0.184351	  0.378595	  0.128283	  0.308771	
  0.636412	  0.020156	  0.194119	  0.149314	
  0.177436	  0.522892	  0.092598	  0.207075	
  0.207075	  0.092598	  0.522892	  0.177436	
  0.149314	  0.194119	  0.020156	  0.636412	
  0.308771	  0.128283	  0.378595	  0.184351	
  0.222165	  0.142781	  0.230507	  0.404547	
  0.299878	  0.257201	  0.196081	  0.246840	

URL http://cisbp.ccbr.utoronto.ca/TFreport.php?versionNumber=1.02&searchTF=T023243_1.02

MOTIF M0280_1.02 (SNOG_08036)_(Aspergillus_nidulans)_(DBD_0.74)

letter-probability matrix: alength= 4 w= 10 nsites= 1 E= 0
  0.145649	  0.150084	  0.513473	  0.190794	
  0.418917	  0.431675	  0.089808	  0.059601	
  0.005884	  0.000005	  0.066837	  0.927274	
  0.023022	  0.048253	  0.291916	  0.636808	
  0.986170	  0.000006	  0.013788	  0.000036	
  0.019732	  0.609267	  0.192916	  0.178084	
  0.220193	  0.096015	  0.341896	  0.341896	
  0.331651	  0.171414	  0.040209	  0.456726	
  0.667716	  0.100873	  0.129524	  0.101887	
  0.435821	  0.122392	  0.214269	  0.227518	

URL http://cisbp.ccbr.utoronto.ca/TFreport.php?versionNumber=1.02&searchTF=T023250_1.02

MOTIF M0330_1.02 (SNOG_11878)_(Neurospora_crassa)_(DBD_0.84)

letter-probability matrix: alength= 4 w= 8 nsites= 1 E= 0
  0.690951	  0.077454	  0.154141	  0.077454	
  0.000525	  0.000525	  0.000525	  0.998424	
  0.053046	  0.000525	  0.053046	  0.893382	
  0.998424	  0.000525	  0.000525	  0.000525	
  0.000525	  0.945903	  0.053046	  0.000525	
  0.053046	  0.000525	  0.893382	  0.053046	
  0.000525	  0.053046	  0.000525	  0.945903	
  0.784188	  0.071937	  0.071937	  0.071937	

URL http://cisbp.ccbr.utoronto.ca/TFreport.php?versionNumber=1.02&searchTF=T023256_1.02

MOTIF M0331_1.02 (SNOG_00166)_(Neurospora_crassa)_(DBD_0.73)

letter-probability matrix: alength= 4 w= 10 nsites= 1 E= 0
  0.138972	  0.117246	  0.552400	  0.191382	
  0.407664	  0.450538	  0.049921	  0.091876	
  0.018202	  0.000228	  0.064170	  0.917399	
  0.109798	  0.113142	  0.249297	  0.527762	
  0.898816	  0.005480	  0.085719	  0.009985	
  0.003372	  0.668907	  0.109469	  0.218251	
  0.178122	  0.123035	  0.455988	  0.242856	
  0.305077	  0.126541	  0.094686	  0.473696	
  0.502827	  0.177727	  0.146973	  0.172474	
  0.496385	  0.129976	  0.163588	  0.210051	

URL http://cisbp.ccbr.utoronto.ca/TFreport.php?versionNumber=1.02&searchTF=T023236_1.02

MOTIF M0341_1.02 (SNOG_04964)_(Schizosaccharomyces_pombe)_(DBD_0.68)

letter-probability matrix: alength= 4 w= 10 nsites= 1 E= 0
  0.570600	  0.126453	  0.170367	  0.132581	
  0.195785	  0.086320	  0.008371	  0.709524	
  0.193607	  0.163160	  0.313589	  0.329644	
  0.494817	  0.042071	  0.276108	  0.187005	
  0.071217	  0.695225	  0.054727	  0.178831	
  0.178831	  0.054727	  0.695225	  0.071217	
  0.187005	  0.276108	  0.042071	  0.494817	
  0.329644	  0.313589	  0.163160	  0.193607	
  0.709524	  0.008371	  0.086320	  0.195785	
  0.132581	  0.170367	  0.126453	  0.570600	

URL http://cisbp.ccbr.utoronto.ca/TFreport.php?versionNumber=1.02&searchTF=T023244_1.02

MOTIF M0464_1.02 (SNOG_09292)_(Neurospora_crassa)_(DBD_0.88)

letter-probability matrix: alength= 4 w= 10 nsites= 1 E= 0
  0.236571	  0.205221	  0.278493	  0.279715	
  0.149782	  0.262156	  0.085487	  0.502575	
  0.342827	  0.526572	  0.039079	  0.091522	
  0.958824	  0.021864	  0.018184	  0.001128	
  0.018978	  0.006180	  0.942469	  0.032373	
  0.000725	  0.000000	  0.991760	  0.007516	
  0.075042	  0.000000	  0.920178	  0.004780	
  0.050954	  0.000665	  0.904357	  0.044023	
  0.107583	  0.249341	  0.211968	  0.431108	
  0.362089	  0.187738	  0.176936	  0.273237	

URL http://cisbp.ccbr.utoronto.ca/TFreport.php?versionNumber=1.02&searchTF=T034741_1.02

MOTIF M0467_1.02 (SNOG_05430)_(Neurospora_crassa)_(DBD_0.80)

letter-probability matrix: alength= 4 w= 8 nsites= 1 E= 0
  0.200133	  0.133644	  0.599069	  0.067154	
  0.000370	  0.000370	  0.998891	  0.000370	
  0.000370	  0.000370	  0.037352	  0.961908	
  0.000370	  0.000370	  0.998891	  0.000370	
  0.000370	  0.000370	  0.998891	  0.000370	
  0.000370	  0.998891	  0.000370	  0.000370	
  0.185281	  0.037352	  0.776997	  0.000370	
  0.578256	  0.158088	  0.105567	  0.158088	

URL http://cisbp.ccbr.utoronto.ca/TFreport.php?versionNumber=1.02&searchTF=T034722_1.02

MOTIF M0469_1.02 (SNOG_03932)_(Neurospora_crassa)_(DBD_0.85)

letter-probability matrix: alength= 4 w= 10 nsites= 1 E= 0
  0.135111	  0.173485	  0.132435	  0.558969	
  0.036396	  0.008797	  0.948091	  0.006716	
  0.090702	  0.038382	  0.076522	  0.794394	
  0.000618	  0.001681	  0.991595	  0.006106	
  0.003099	  0.000230	  0.993412	  0.003258	
  0.008631	  0.977890	  0.002171	  0.011307	
  0.083917	  0.020902	  0.487765	  0.407416	
  0.128276	  0.306184	  0.274290	  0.291251	
  0.384309	  0.167578	  0.230776	  0.217337	
  0.242545	  0.177894	  0.351141	  0.228420	

URL http://cisbp.ccbr.utoronto.ca/TFreport.php?versionNumber=1.02&searchTF=T034715_1.02

MOTIF M0473_1.02 (SNOG_06177)_(Neurospora_crassa)_(DBD_0.86)

letter-probability matrix: alength= 4 w= 10 nsites= 1 E= 0
  0.289992	  0.212694	  0.304860	  0.192453	
  0.226165	  0.376631	  0.131797	  0.265407	
  0.199332	  0.017725	  0.681959	  0.100985	
  0.075701	  0.801743	  0.000218	  0.122338	
  0.645987	  0.007697	  0.129125	  0.217192	
  0.158375	  0.581123	  0.012121	  0.248381	
  0.244520	  0.088173	  0.432376	  0.234932	
  0.170600	  0.075893	  0.538789	  0.214718	
  0.377946	  0.137655	  0.240989	  0.243411	
  0.151477	  0.459636	  0.144089	  0.244798	

URL http://cisbp.ccbr.utoronto.ca/TFreport.php?versionNumber=1.02&searchTF=T034727_1.02

MOTIF M0477_1.02 (SNOG_03167)_(Neurospora_crassa)_(DBD_0.86)

letter-probability matrix: alength= 4 w= 9 nsites= 1 E= 0
  0.150339	  0.311965	  0.076930	  0.460766	
  0.204481	  0.685724	  0.049426	  0.060369	
  0.857399	  0.044876	  0.048130	  0.049596	
  0.038252	  0.042275	  0.857654	  0.061818	
  0.034879	  0.050496	  0.813949	  0.100675	
  0.114329	  0.120191	  0.555064	  0.210415	
  0.264307	  0.126104	  0.511379	  0.098210	
  0.170320	  0.346429	  0.179053	  0.304198	
  0.357377	  0.210354	  0.230164	  0.202106	

URL http://cisbp.ccbr.utoronto.ca/TFreport.php?versionNumber=1.02&searchTF=T034712_1.02

MOTIF M0478_1.02 (SNOG_12578)_(Neurospora_crassa)_(DBD_0.80)

letter-probability matrix: alength= 4 w= 8 nsites= 1 E= 0
  0.242991	  0.344820	  0.200943	  0.211246	
  0.195557	  0.000022	  0.703347	  0.101074	
  0.021540	  0.372380	  0.061554	  0.544526	
  0.000061	  0.000001	  0.999903	  0.000035	
  0.004818	  0.000871	  0.918184	  0.076127	
  0.061126	  0.018046	  0.856568	  0.064260	
  0.189179	  0.100755	  0.524632	  0.185433	
  0.232300	  0.138107	  0.375415	  0.254177	

URL http://cisbp.ccbr.utoronto.ca/TFreport.php?versionNumber=1.02&searchTF=T034750_1.02

MOTIF M0479_1.02 (SNOG_12754)_(Neurospora_crassa)_(DBD_0.83)

letter-probability matrix: alength= 4 w= 9 nsites= 1 E= 0
  0.177316	  0.043726	  0.778939	  0.000020	
  0.062338	  0.287886	  0.028010	  0.621766	
  0.013525	  0.000169	  0.957675	  0.028632	
  0.009894	  0.002779	  0.917783	  0.069544	
  0.232831	  0.002916	  0.728008	  0.036245	
  0.093156	  0.176668	  0.438900	  0.291276	
  0.228382	  0.384145	  0.165840	  0.221633	
  0.246097	  0.283079	  0.243648	  0.227176	
  0.258103	  0.255535	  0.250475	  0.235888	

URL http://cisbp.ccbr.utoronto.ca/TFreport.php?versionNumber=1.02&searchTF=T034751_1.02

MOTIF M0483_1.02 (SNOG_09641)_(Neurospora_crassa)_(DBD_0.75)

letter-probability matrix: alength= 4 w= 10 nsites= 1 E= 0
  0.309407	  0.173236	  0.322034	  0.195323	
  0.212288	  0.170365	  0.398594	  0.218753	
  0.182019	  0.056493	  0.688221	  0.073267	
  0.205430	  0.081868	  0.250913	  0.461789	
  0.005887	  0.032875	  0.927699	  0.033539	
  0.000760	  0.000020	  0.997902	  0.001317	
  0.000226	  0.805566	  0.018021	  0.176187	
  0.115535	  0.065995	  0.310932	  0.507539	
  0.149767	  0.109846	  0.644891	  0.095496	
  0.194711	  0.078376	  0.602759	  0.124153	

URL http://cisbp.ccbr.utoronto.ca/TFreport.php?versionNumber=1.02&searchTF=T034744_1.02

MOTIF M0484_1.02 (SNOG_05002)_(Neurospora_crassa)_(DBD_0.78)

letter-probability matrix: alength= 4 w= 9 nsites= 1 E= 0
  0.263824	  0.057701	  0.599012	  0.079462	
  0.306847	  0.094288	  0.136503	  0.462362	
  0.003417	  0.000402	  0.811461	  0.184719	
  0.000117	  0.000000	  0.999883	  0.000000	
  0.000079	  0.986535	  0.000000	  0.013386	
  0.095950	  0.004322	  0.443116	  0.456611	
  0.156563	  0.315279	  0.296918	  0.231240	
  0.534596	  0.081574	  0.087489	  0.296341	
  0.157278	  0.059028	  0.644202	  0.139493	

URL http://cisbp.ccbr.utoronto.ca/TFreport.php?versionNumber=1.02&searchTF=T034720_1.02

MOTIF M0486_1.02 (SNOG_15249)_(Neurospora_crassa)_(DBD_0.72)

letter-probability matrix: alength= 4 w= 10 nsites= 1 E= 0
  0.205413	  0.261131	  0.227016	  0.306440	
  0.399144	  0.225726	  0.088175	  0.286954	
  0.999703	  0.000032	  0.000053	  0.000212	
  0.001910	  0.001333	  0.979689	  0.017069	
  0.017715	  0.020997	  0.948033	  0.013255	
  0.047779	  0.801580	  0.014106	  0.136535	
  0.448288	  0.211756	  0.140532	  0.199424	
  0.246607	  0.199896	  0.269831	  0.283666	
  0.233805	  0.300212	  0.220190	  0.245793	
  0.264966	  0.237366	  0.219116	  0.278551	

URL http://cisbp.ccbr.utoronto.ca/TFreport.php?versionNumber=1.02&searchTF=T034759_1.02

MOTIF M0518_1.02 (SNOG_13619)_(Saccharomyces_cerevisiae)_(DBD_0.79)

letter-probability matrix: alength= 4 w= 10 nsites= 1 E= 0
  0.324069	  0.194602	  0.223846	  0.257484	
  0.321670	  0.174779	  0.253034	  0.250517	
  0.219126	  0.223552	  0.192413	  0.364908	
  0.169345	  0.233210	  0.483929	  0.113515	
  0.109153	  0.456116	  0.034218	  0.400513	
  0.028905	  0.000271	  0.938235	  0.032590	
  0.027732	  0.029154	  0.927587	  0.015527	
  0.248758	  0.000277	  0.747309	  0.003656	
  0.127560	  0.001282	  0.779451	  0.091706	
  0.258253	  0.153536	  0.294105	  0.294105	

URL http://cisbp.ccbr.utoronto.ca/TFreport.php?versionNumber=1.02&searchTF=T034755_1.02

MOTIF M0526_1.02 (SNOG_10626)_(Saccharomyces_cerevisiae)_(DBD_0.70)

letter-probability matrix: alength= 4 w= 10 nsites= 1 E= 0
  0.193212	  0.193212	  0.420364	  0.193212	
  0.257026	  0.074248	  0.074248	  0.594478	
  0.000127	  0.000127	  0.999618	  0.000127	
  0.289652	  0.619310	  0.000127	  0.090910	
  0.000127	  0.000127	  0.999618	  0.000127	
  0.000127	  0.000127	  0.999618	  0.000127	
  0.000127	  0.000127	  0.999618	  0.000127	
  0.000127	  0.000127	  0.999618	  0.000127	
  0.240498	  0.148276	  0.056915	  0.554311	
  0.472362	  0.175879	  0.175879	  0.175879	

URL http://cisbp.ccbr.utoronto.ca/TFreport.php?versionNumber=1.02&searchTF=T034748_1.02

MOTIF M0732_1.02 (SNOG_11882)_(Mus_musculus)_(DBD_0.41)

letter-probability matrix: alength= 4 w= 10 nsites= 1 E= 0
  0.359371	  0.149061	  0.090410	  0.401158	
  0.421728	  0.136232	  0.263581	  0.178459	
  0.287711	  0.194796	  0.208921	  0.308572	
  0.387293	  0.104499	  0.432326	  0.075882	
  0.213252	  0.166081	  0.058118	  0.562548	
  0.555669	  0.284341	  0.048919	  0.111071	
  0.768444	  0.096967	  0.051130	  0.083460	
  0.771861	  0.058487	  0.089910	  0.079743	
  0.062825	  0.561351	  0.051953	  0.323871	
  0.748482	  0.072099	  0.068583	  0.110835	

URL http://cisbp.ccbr.utoronto.ca/TFreport.php?versionNumber=1.02&searchTF=T080837_1.02

MOTIF M0740_1.02 (SNOG_09317)_(Drosophila_melanogaster)_(DBD_0.42)

letter-probability matrix: alength= 4 w= 10 nsites= 1 E= 0
  0.148384	  0.253629	  0.148384	  0.449602	
  0.343159	  0.027768	  0.517643	  0.111431	
  0.083876	  0.000213	  0.000213	  0.915697	
  0.999360	  0.000213	  0.000213	  0.000213	
  0.915697	  0.000213	  0.000213	  0.083876	
  0.999360	  0.000213	  0.000213	  0.000213	
  0.000213	  0.912223	  0.000213	  0.087351	
  0.999360	  0.000213	  0.000213	  0.000213	
  0.437060	  0.186478	  0.185492	  0.190970	
  0.332663	  0.222446	  0.222446	  0.222446	

URL http://cisbp.ccbr.utoronto.ca/TFreport.php?versionNumber=1.02&searchTF=T080836_1.02

MOTIF M0791_1.02 (SNOG_14195)_(Neurospora_crassa)_(DBD_1.00)

letter-probability matrix: alength= 4 w= 9 nsites= 1 E= 0
  0.238290	  0.282447	  0.248015	  0.231248	
  0.249185	  0.272652	  0.259355	  0.218808	
  0.236587	  0.439798	  0.109543	  0.214073	
  0.059758	  0.068055	  0.757717	  0.114470	
  0.902683	  0.000129	  0.000123	  0.097064	
  0.048477	  0.051992	  0.000705	  0.898826	
  0.141843	  0.359503	  0.271706	  0.226948	
  0.208434	  0.289925	  0.254582	  0.247058	
  0.248381	  0.255945	  0.266390	  0.229284	

URL http://cisbp.ccbr.utoronto.ca/TFreport.php?versionNumber=1.02&searchTF=T084123_1.02

MOTIF M0798_1.02 (SNOG_13332)_(Saccharomyces_cerevisiae)_(DBD_0.77)

letter-probability matrix: alength= 4 w= 8 nsites= 1 E= 0
  0.247804	  0.271140	  0.235718	  0.245338	
  0.261670	  0.297997	  0.154020	  0.286313	
  0.052780	  0.029849	  0.876675	  0.040696	
  0.926075	  0.021998	  0.011034	  0.040893	
  0.058687	  0.022697	  0.027722	  0.890894	
  0.705984	  0.042504	  0.014148	  0.237364	
  0.466491	  0.155281	  0.201389	  0.176839	
  0.199833	  0.275195	  0.367778	  0.157194	

URL http://cisbp.ccbr.utoronto.ca/TFreport.php?versionNumber=1.02&searchTF=T084121_1.02

MOTIF M0803_1.02 (SNOG_07400)_(Saccharomyces_cerevisiae)_(DBD_0.71)

letter-probability matrix: alength= 4 w= 10 nsites= 1 E= 0
  0.275281	  0.242608	  0.224974	  0.257137	
  0.241344	  0.282465	  0.204031	  0.272159	
  0.196189	  0.245027	  0.396334	  0.162450	
  0.410715	  0.155415	  0.184636	  0.249234	
  0.106170	  0.067699	  0.065591	  0.760540	
  0.760540	  0.065591	  0.067699	  0.106170	
  0.249234	  0.184636	  0.155415	  0.410715	
  0.162450	  0.396334	  0.245027	  0.196189	
  0.272159	  0.204031	  0.282465	  0.241344	
  0.257137	  0.224974	  0.242608	  0.275281	

URL http://cisbp.ccbr.utoronto.ca/TFreport.php?versionNumber=1.02&searchTF=T084117_1.02

MOTIF M0868_1.02 (SNOG_10542)_(Aspergillus_terreus)_(DBD_0.79)

letter-probability matrix: alength= 4 w= 10 nsites= 1 E= 0
  0.120334	  0.181321	  0.137039	  0.561307	
  0.393227	  0.030398	  0.023912	  0.552463	
  0.666060	  0.048491	  0.068127	  0.217322	
  0.968998	  0.000057	  0.030455	  0.000490	
  0.058899	  0.026731	  0.182332	  0.732037	
  0.088383	  0.034181	  0.190886	  0.686549	
  0.445525	  0.049366	  0.450003	  0.055106	
  0.363920	  0.205806	  0.277809	  0.152465	
  0.269688	  0.199790	  0.173689	  0.356833	
  0.294363	  0.220261	  0.205370	  0.280006	

URL http://cisbp.ccbr.utoronto.ca/TFreport.php?versionNumber=1.02&searchTF=T089538_1.02

MOTIF M1114_1.02 (SNOG_16027)_(Neurospora_crassa)_(DBD_0.89)

letter-probability matrix: alength= 4 w= 8 nsites= 1 E= 0
  0.209810	  0.248689	  0.243765	  0.297735	
  0.169404	  0.268348	  0.296570	  0.265678	
  0.128561	  0.266774	  0.173539	  0.431126	
  0.418284	  0.236550	  0.131126	  0.214040	
  0.620568	  0.129106	  0.226022	  0.024304	
  0.203970	  0.136725	  0.099283	  0.560021	
  0.279320	  0.235653	  0.176330	  0.308697	
  0.292088	  0.158706	  0.150966	  0.398240	

URL http://cisbp.ccbr.utoronto.ca/TFreport.php?versionNumber=1.02&searchTF=T089541_1.02

MOTIF M1212_1.02 (SNOG_11642)_(Phaeosphaeria_nodorum)_(DBD_1.00)

letter-probability matrix: alength= 4 w= 11 nsites= 1 E= 0
  0.404262	  0.198579	  0.198579	  0.198579	
  0.210358	  0.445165	  0.227255	  0.117223	
  0.023570	  0.023570	  0.023570	  0.929290	
  0.814469	  0.000159	  0.092078	  0.093294	
  0.999523	  0.000159	  0.000159	  0.000159	
  0.000159	  0.000159	  0.000159	  0.999523	
  0.093294	  0.906388	  0.000159	  0.000159	
  0.999523	  0.000159	  0.000159	  0.000159	
  0.444433	  0.051580	  0.051580	  0.452408	
  0.225863	  0.132936	  0.132936	  0.508264	
  0.226589	  0.226589	  0.226589	  0.320233	

URL http://cisbp.ccbr.utoronto.ca/TFreport.php?versionNumber=1.02&searchTF=T089539_1.02

MOTIF M1213_1.02 (SNOG_08903)_(Phaeosphaeria_nodorum)_(DBD_1.00)

letter-probability matrix: alength= 4 w= 8 nsites= 1 E= 0
  0.001984	  0.597222	  0.001984	  0.398810	
  0.663907	  0.167219	  0.001656	  0.167219	
  0.995033	  0.001656	  0.001656	  0.001656	
  0.995739	  0.001420	  0.001420	  0.001420	
  0.001420	  0.001420	  0.001420	  0.995739	
  0.001420	  0.995739	  0.001420	  0.001420	
  0.995739	  0.001420	  0.001420	  0.001420	
  0.995033	  0.001656	  0.001656	  0.001656	

URL http://cisbp.ccbr.utoronto.ca/TFreport.php?versionNumber=1.02&searchTF=T089536_1.02

MOTIF M1214_1.02 (SNOG_08237)_(Phaeosphaeria_nodorum)_(DBD_0.97)

letter-probability matrix: alength= 4 w= 9 nsites= 1 E= 0
  0.183057	  0.192443	  0.244642	  0.379858	
  0.089850	  0.307399	  0.064596	  0.538155	
  0.688220	  0.122011	  0.079369	  0.110400	
  0.818578	  0.107508	  0.072789	  0.001125	
  0.000245	  0.070414	  0.000078	  0.929263	
  0.397696	  0.161691	  0.077145	  0.363467	
  0.315946	  0.109461	  0.074111	  0.500481	
  0.450724	  0.183251	  0.232957	  0.133067	
  0.247417	  0.223872	  0.204604	  0.324107	

URL http://cisbp.ccbr.utoronto.ca/TFreport.php?versionNumber=1.02&searchTF=T089534_1.02

MOTIF M1299_1.02 (SNOG_15194)_(Saccharomyces_cerevisiae)_(DBD_0.75)

letter-probability matrix: alength= 4 w= 8 nsites= 1 E= 0
  0.009615	  0.009615	  0.009615	  0.971154	
  0.009615	  0.009615	  0.009615	  0.971154	
  0.971154	  0.009615	  0.009615	  0.009615	
  0.971154	  0.009615	  0.009615	  0.009615	
  0.009615	  0.009615	  0.009615	  0.971154	
  0.971154	  0.009615	  0.009615	  0.009615	
  0.971154	  0.009615	  0.009615	  0.009615	
  0.971154	  0.009615	  0.009615	  0.009615	

URL http://cisbp.ccbr.utoronto.ca/TFreport.php?versionNumber=1.02&searchTF=T110999_1.02

MOTIF M1538_1.02 (SNOG_15366)_(Schistosoma_mansoni)_(DBD_0.42)

letter-probability matrix: alength= 4 w= 8 nsites= 1 E= 0
  0.001420	  0.001420	  0.995739	  0.001420	
  0.001420	  0.001420	  0.001420	  0.995739	
  0.001420	  0.001420	  0.001420	  0.995739	
  0.001420	  0.001420	  0.995739	  0.001420	
  0.001420	  0.995739	  0.001420	  0.001420	
  0.001420	  0.143466	  0.001420	  0.853693	
  0.995739	  0.001420	  0.001420	  0.001420	
  0.250000	  0.002475	  0.250000	  0.497525	

URL http://cisbp.ccbr.utoronto.ca/TFreport.php?versionNumber=1.02&searchTF=T138628_1.02

MOTIF M1641_1.02 (SNOG_06135)_(Mus_musculus)_(DBD_0.81)

letter-probability matrix: alength= 4 w= 7 nsites= 1 E= 0
  0.486500	  0.104296	  0.119969	  0.289234	
  0.014489	  0.191210	  0.078521	  0.715780	
  0.639678	  0.069475	  0.000533	  0.290314	
  0.371463	  0.095340	  0.000769	  0.532428	
  0.515031	  0.123251	  0.123251	  0.238466	
  0.400342	  0.112429	  0.110202	  0.377028	
  0.323600	  0.170632	  0.188577	  0.317192	

URL http://cisbp.ccbr.utoronto.ca/TFreport.php?versionNumber=1.02&searchTF=T150427_1.02

MOTIF M1709_1.02 (SNOG_07682)_(Histoplasma_capsulatum)_(DBD_0.82)

letter-probability matrix: alength= 4 w= 10 nsites= 1 E= 0
  0.210977	  0.265536	  0.252586	  0.270900	
  0.223875	  0.237718	  0.223875	  0.314532	
  0.351108	  0.077563	  0.183294	  0.388034	
  0.160399	  0.356975	  0.210117	  0.272508	
  0.001886	  0.996570	  0.000001	  0.001544	
  0.000100	  0.999832	  0.000051	  0.000017	
  0.018155	  0.000186	  0.981346	  0.000313	
  0.205945	  0.342958	  0.170308	  0.280790	
  0.272412	  0.232134	  0.246488	  0.248966	
  0.269485	  0.264149	  0.239012	  0.227355	

URL http://cisbp.ccbr.utoronto.ca/TFreport.php?versionNumber=1.02&searchTF=T158793_1.02

MOTIF M1720_1.02 (SNOG_10444)_(Neurospora_crassa)_(DBD_0.87)

letter-probability matrix: alength= 4 w= 7 nsites= 1 E= 0
  0.203955	  0.184546	  0.423224	  0.188275	
  0.000292	  0.992488	  0.000533	  0.006687	
  0.090292	  0.000060	  0.909640	  0.000009	
  0.131709	  0.572835	  0.217152	  0.078304	
  0.243083	  0.240664	  0.255546	  0.260708	
  0.296444	  0.204764	  0.219611	  0.279181	
  0.290956	  0.217712	  0.235845	  0.255487	

URL http://cisbp.ccbr.utoronto.ca/TFreport.php?versionNumber=1.02&searchTF=T158814_1.02

MOTIF M1722_1.02 (SNOG_14661)_(Neurospora_crassa)_(DBD_0.85)

letter-probability matrix: alength= 4 w= 9 nsites= 1 E= 0
  0.253258	  0.248243	  0.271621	  0.226877	
  0.203860	  0.223058	  0.277947	  0.295135	
  0.344665	  0.129357	  0.125534	  0.400444	
  0.105804	  0.210942	  0.179753	  0.503501	
  0.006588	  0.987517	  0.000393	  0.005502	
  0.000099	  0.978024	  0.021661	  0.000216	
  0.015357	  0.000607	  0.983943	  0.000093	
  0.304515	  0.127577	  0.375673	  0.192235	
  0.256613	  0.212209	  0.310309	  0.220869	

URL http://cisbp.ccbr.utoronto.ca/TFreport.php?versionNumber=1.02&searchTF=T158849_1.02

MOTIF M1732_1.02 (SNOG_07781)_(Neurospora_crassa)_(DBD_0.85)

letter-probability matrix: alength= 4 w= 9 nsites= 1 E= 0
  0.273340	  0.228313	  0.133049	  0.365299	
  0.083299	  0.384688	  0.093919	  0.438094	
  0.095422	  0.794972	  0.104408	  0.005198	
  0.000113	  0.969885	  0.027036	  0.002966	
  0.027801	  0.000552	  0.967847	  0.003800	
  0.323238	  0.152687	  0.320021	  0.204055	
  0.216273	  0.246297	  0.251273	  0.286157	
  0.229653	  0.283318	  0.264164	  0.222866	
  0.208770	  0.273481	  0.254992	  0.262758	

URL http://cisbp.ccbr.utoronto.ca/TFreport.php?versionNumber=1.02&searchTF=T158794_1.02

MOTIF M1734_1.02 (SNOG_02470)_(Neurospora_crassa)_(DBD_0.77)

letter-probability matrix: alength= 4 w= 8 nsites= 1 E= 0
  0.324200	  0.145673	  0.242587	  0.287540	
  0.495789	  0.056045	  0.178779	  0.269387	
  0.128603	  0.277753	  0.028695	  0.564948	
  0.542726	  0.280509	  0.112911	  0.063854	
  0.053493	  0.862262	  0.018908	  0.065337	
  0.054837	  0.044897	  0.815966	  0.084299	
  0.507501	  0.120241	  0.252017	  0.120241	
  0.262801	  0.165902	  0.380465	  0.190832	

URL http://cisbp.ccbr.utoronto.ca/TFreport.php?versionNumber=1.02&searchTF=T158758_1.02

MOTIF M1742_1.02 (SNOG_13663)_(Neurospora_crassa)_(DBD_0.77)

letter-probability matrix: alength= 4 w= 9 nsites= 1 E= 0
  0.231793	  0.248599	  0.224942	  0.294666	
  0.053192	  0.187526	  0.155076	  0.604206	
  0.611409	  0.012500	  0.016212	  0.359878	
  0.580877	  0.133559	  0.215840	  0.069724	
  0.078072	  0.329516	  0.571135	  0.021277	
  0.006820	  0.992178	  0.000002	  0.001000	
  0.004370	  0.000385	  0.977344	  0.017901	
  0.789651	  0.055235	  0.111229	  0.043886	
  0.271328	  0.158116	  0.438486	  0.132070	

URL http://cisbp.ccbr.utoronto.ca/TFreport.php?versionNumber=1.02&searchTF=T158843_1.02

MOTIF M1743_1.02 (SNOG_13376)_(Neurospora_crassa)_(DBD_0.78)

letter-probability matrix: alength= 4 w= 8 nsites= 1 E= 0
  0.120208	  0.040335	  0.000399	  0.839058	
  0.856450	  0.028824	  0.085902	  0.028824	
  0.052839	  0.105415	  0.105415	  0.736330	
  0.125125	  0.200050	  0.200050	  0.474775	
  0.025225	  0.674575	  0.075175	  0.225025	
  0.000250	  0.999251	  0.000250	  0.000250	
  0.000250	  0.874376	  0.125125	  0.000250	
  0.057363	  0.000285	  0.942066	  0.000285	

URL http://cisbp.ccbr.utoronto.ca/TFreport.php?versionNumber=1.02&searchTF=T158840_1.02

MOTIF M1745_1.02 (SNOG_07159)_(Neurospora_crassa)_(DBD_0.89)

letter-probability matrix: alength= 4 w= 11 nsites= 1 E= 0
  0.267306	  0.384250	  0.174222	  0.174222	
  0.470233	  0.075473	  0.378822	  0.075473	
  0.023740	  0.023740	  0.023740	  0.928780	
  0.000136	  0.000136	  0.000136	  0.999593	
  0.000136	  0.999593	  0.000136	  0.000136	
  0.000136	  0.999593	  0.000136	  0.000136	
  0.000136	  0.000136	  0.999593	  0.000136	
  0.000136	  0.999593	  0.000136	  0.000136	
  0.258305	  0.075913	  0.589868	  0.075913	
  0.174663	  0.274628	  0.376046	  0.174663	
  0.320812	  0.226396	  0.226396	  0.226396	

URL http://cisbp.ccbr.utoronto.ca/TFreport.php?versionNumber=1.02&searchTF=T158791_1.02

MOTIF M1747_1.02 (SNOG_01260)_(Neurospora_crassa)_(DBD_0.97)

letter-probability matrix: alength= 4 w= 11 nsites= 1 E= 0
  0.638147	  0.120618	  0.120618	  0.120618	
  0.653853	  0.047071	  0.047071	  0.252005	
  0.141783	  0.558929	  0.138039	  0.161249	
  0.000193	  0.000193	  0.000193	  0.999421	
  0.100582	  0.000193	  0.899032	  0.000193	
  0.000193	  0.999421	  0.000193	  0.000193	
  0.000193	  0.999421	  0.000193	  0.000193	
  0.000193	  0.000193	  0.999421	  0.000193	
  0.328086	  0.129575	  0.412763	  0.129575	
  0.296955	  0.296800	  0.203122	  0.203122	
  0.203122	  0.203122	  0.296800	  0.296955	

URL http://cisbp.ccbr.utoronto.ca/TFreport.php?versionNumber=1.02&searchTF=T158749_1.02

MOTIF M1750_1.02 (SNOG_10771)_(Neurospora_crassa)_(DBD_0.93)

letter-probability matrix: alength= 4 w= 10 nsites= 1 E= 0
  0.211830	  0.238838	  0.236462	  0.312870	
  0.286261	  0.212067	  0.178914	  0.322758	
  0.197780	  0.280664	  0.246450	  0.275106	
  0.297925	  0.189965	  0.214185	  0.297925	
  0.120806	  0.215764	  0.224569	  0.438861	
  0.030024	  0.945762	  0.016810	  0.007404	
  0.000282	  0.848941	  0.150504	  0.000274	
  0.030870	  0.024042	  0.934286	  0.010803	
  0.295063	  0.136618	  0.360391	  0.207928	
  0.350231	  0.184674	  0.256876	  0.208219	

URL http://cisbp.ccbr.utoronto.ca/TFreport.php?versionNumber=1.02&searchTF=T158817_1.02

MOTIF M1754_1.02 (SNOG_08740)_(Neurospora_crassa)_(DBD_0.90)

letter-probability matrix: alength= 4 w= 9 nsites= 1 E= 0
  0.302925	  0.226668	  0.199036	  0.271371	
  0.286863	  0.214649	  0.141035	  0.357453	
  0.277806	  0.146485	  0.157106	  0.418603	
  0.126365	  0.251936	  0.143908	  0.477791	
  0.567564	  0.002463	  0.109001	  0.320972	
  0.227816	  0.234754	  0.264685	  0.272745	
  0.162122	  0.512012	  0.146694	  0.179172	
  0.179260	  0.554928	  0.127592	  0.138219	
  0.229591	  0.133794	  0.422546	  0.214069	

URL http://cisbp.ccbr.utoronto.ca/TFreport.php?versionNumber=1.02&searchTF=T158802_1.02

MOTIF M1757_1.02 (SNOG_03490)_(Neurospora_crassa)_(DBD_0.82)

letter-probability matrix: alength= 4 w= 9 nsites= 1 E= 0
  0.180507	  0.280274	  0.229469	  0.309751	
  0.062223	  0.129117	  0.169139	  0.639521	
  0.674992	  0.021428	  0.009251	  0.294330	
  0.513306	  0.100572	  0.284540	  0.101583	
  0.103585	  0.337104	  0.523424	  0.035888	
  0.000033	  0.999923	  0.000044	  0.000000	
  0.000000	  0.000000	  1.000000	  0.000000	
  0.000000	  1.000000	  0.000000	  0.000000	
  0.023689	  0.452598	  0.294419	  0.229294	

URL http://cisbp.ccbr.utoronto.ca/TFreport.php?versionNumber=1.02&searchTF=T158768_1.02

MOTIF M1759_1.02 (SNOG_03108)_(Neurospora_crassa)_(DBD_0.87)

letter-probability matrix: alength= 4 w= 13 nsites= 1 E= 0
  0.227321	  0.227321	  0.227321	  0.318038	
  0.366969	  0.184084	  0.184084	  0.264864	
  0.170934	  0.137418	  0.056638	  0.635010	
  0.033009	  0.135029	  0.113790	  0.718172	
  0.033009	  0.820193	  0.113790	  0.033009	
  0.000132	  0.999605	  0.000132	  0.000132	
  0.000132	  0.080912	  0.918824	  0.000132	
  0.082750	  0.000132	  0.916987	  0.000132	
  0.654761	  0.105429	  0.124831	  0.114978	
  0.278049	  0.066048	  0.148666	  0.507237	
  0.193494	  0.419518	  0.193494	  0.193494	
  0.217123	  0.348632	  0.217123	  0.217123	
  0.217123	  0.217123	  0.348632	  0.217123	

URL http://cisbp.ccbr.utoronto.ca/TFreport.php?versionNumber=1.02&searchTF=T158765_1.02

MOTIF M2118_1.02 (SNOG_15220)_(Saccharomyces_cerevisiae)_(DBD_0.76)

letter-probability matrix: alength= 4 w= 5 nsites= 1 E= 0
  0.000000	  0.000000	  0.000000	  1.000000	
  0.000000	  0.000000	  0.010160	  0.989840	
  0.005578	  0.000000	  0.994422	  0.000000	
  0.000000	  0.000000	  0.998223	  0.001777	
  0.158006	  0.378979	  0.030665	  0.432350	

URL http://cisbp.ccbr.utoronto.ca/TFreport.php?versionNumber=1.02&searchTF=T070402_1.02

