MEME version 4

ALPHABET= ACGT

strands: + -

Background letter frequencies (from uniform background):
A 0.25000 C 0.25000 G 0.25000 T 0.25000 

MOTIF M0116_1.02 21.m00216

letter-probability matrix: alength= 4 w= 9 nsites= 1 E= 0
  0.236996	  0.251651	  0.203985	  0.307368	
  0.141612	  0.153406	  0.169540	  0.535441	
  0.122464	  0.136703	  0.083748	  0.657085	
  0.668404	  0.067013	  0.193426	  0.071157	
  0.874030	  0.038983	  0.047613	  0.039374	
  0.087965	  0.026494	  0.016894	  0.868647	
  0.204510	  0.210738	  0.096604	  0.488148	
  0.436896	  0.136961	  0.102483	  0.323660	
  0.356854	  0.205887	  0.216443	  0.220816	

URL http://cisbp.ccbr.utoronto.ca/TFreport.php?versionNumber=1.02&searchTF=T008200_1.02

MOTIF M1216_1.02 3681.m00016

letter-probability matrix: alength= 4 w= 10 nsites= 1 E= 0
  0.253727	  0.251573	  0.220499	  0.274201	
  0.243359	  0.219423	  0.198692	  0.338526	
  0.222237	  0.134064	  0.140031	  0.503668	
  0.243919	  0.093726	  0.140165	  0.522190	
  0.095479	  0.540459	  0.128479	  0.235583	
  0.235583	  0.128479	  0.540459	  0.095479	
  0.522190	  0.140165	  0.093726	  0.243919	
  0.503668	  0.140031	  0.134064	  0.222237	
  0.338526	  0.198692	  0.219423	  0.243359	
  0.274201	  0.220499	  0.251573	  0.253727	

URL http://cisbp.ccbr.utoronto.ca/TFreport.php?versionNumber=1.02&searchTF=T102767_1.02

MOTIF M1393_1.02 17.m00373

letter-probability matrix: alength= 4 w= 9 nsites= 1 E= 0
  0.357153	  0.218802	  0.162092	  0.261953	
  0.356085	  0.069073	  0.480665	  0.094176	
  0.000435	  0.000051	  0.999462	  0.000052	
  0.875723	  0.033955	  0.088681	  0.001641	
  0.005601	  0.026653	  0.002000	  0.965747	
  0.431525	  0.289260	  0.058401	  0.220815	
  0.021244	  0.636553	  0.053307	  0.288896	
  0.207687	  0.195593	  0.426680	  0.170040	
  0.200762	  0.321219	  0.279254	  0.198765	

URL http://cisbp.ccbr.utoronto.ca/TFreport.php?versionNumber=1.02&searchTF=T125604_1.02

MOTIF M1642_1.02 (3812.m02620)_(Saccharomyces_cerevisiae)_(DBD_0.72)

letter-probability matrix: alength= 4 w= 7 nsites= 1 E= 0
  0.315311	  0.189343	  0.207174	  0.288172	
  0.345705	  0.141966	  0.211788	  0.300541	
  0.271982	  0.110580	  0.155359	  0.462079	
  0.583542	  0.000869	  0.110954	  0.304636	
  0.219565	  0.006434	  0.188981	  0.585020	
  0.934996	  0.000354	  0.051964	  0.012687	
  0.422777	  0.000471	  0.095282	  0.481470	

URL http://cisbp.ccbr.utoronto.ca/TFreport.php?versionNumber=1.02&searchTF=T150917_1.02

