MEME version 4

ALPHABET= ACGT

strands: + -

Background letter frequencies (from uniform background):
A 0.25000 C 0.25000 G 0.25000 T 0.25000 

MOTIF M0082_1.02 (TFAP2A)_(Mus_musculus)_(DBD_0.71)

letter-probability matrix: alength= 4 w= 10 nsites= 1 E= 0
  0.220377	  0.335405	  0.102037	  0.342181	
  0.111784	  0.193750	  0.669524	  0.024942	
  0.009553	  0.989147	  0.000370	  0.000929	
  0.000437	  0.891193	  0.000324	  0.108046	
  0.046223	  0.377462	  0.191229	  0.385087	
  0.132612	  0.336106	  0.329451	  0.201830	
  0.430307	  0.248265	  0.229178	  0.092250	
  0.301624	  0.024759	  0.651437	  0.022180	
  0.055101	  0.000431	  0.943092	  0.001376	
  0.095237	  0.349453	  0.435445	  0.119865	

URL http://cisbp.ccbr.utoronto.ca/TFreport.php?versionNumber=1.02&searchTF=T004972_1.02

MOTIF M0083_1.02 (TFAP2C)_(Mus_musculus)_(DBD_0.84)

letter-probability matrix: alength= 4 w= 10 nsites= 1 E= 0
  0.163199	  0.129667	  0.108307	  0.598826	
  0.203446	  0.349115	  0.246017	  0.201422	
  0.001301	  0.331377	  0.667311	  0.000011	
  0.000045	  0.999930	  0.000011	  0.000014	
  0.000213	  0.948115	  0.000023	  0.051649	
  0.020037	  0.286458	  0.155647	  0.537857	
  0.106547	  0.394882	  0.390953	  0.107618	
  0.565281	  0.177208	  0.234469	  0.023042	
  0.100634	  0.000093	  0.899183	  0.000091	
  0.000120	  0.000038	  0.999823	  0.000019	

URL http://cisbp.ccbr.utoronto.ca/TFreport.php?versionNumber=1.02&searchTF=T004970_1.02

MOTIF M0102_1.02 (ENSTNIG00000013457)_(Danio_rerio)_(DBD_0.74)

letter-probability matrix: alength= 4 w= 8 nsites= 1 E= 0
  0.217798	  0.296951	  0.150440	  0.334811	
  0.254971	  0.217272	  0.340750	  0.187008	
  0.533023	  0.067936	  0.272753	  0.126288	
  0.308619	  0.035237	  0.082443	  0.573701	
  0.899051	  0.001509	  0.063519	  0.035922	
  0.011533	  0.001964	  0.008804	  0.977699	
  0.121891	  0.258044	  0.016332	  0.603732	
  0.380231	  0.150021	  0.340623	  0.129125	

URL http://cisbp.ccbr.utoronto.ca/TFreport.php?versionNumber=1.02&searchTF=T007735_1.02

MOTIF M0107_1.02 (ARID5B)_(Mus_musculus)_(DBD_0.83)

letter-probability matrix: alength= 4 w= 8 nsites= 1 E= 0
  0.211233	  0.302766	  0.189230	  0.296771	
  0.227631	  0.246590	  0.319810	  0.205969	
  0.415268	  0.085535	  0.310730	  0.188467	
  0.253025	  0.128187	  0.077749	  0.541038	
  0.862146	  0.016600	  0.062142	  0.059111	
  0.095418	  0.001646	  0.067240	  0.835696	
  0.204269	  0.230313	  0.067995	  0.497422	
  0.279564	  0.198985	  0.305892	  0.215558	

URL http://cisbp.ccbr.utoronto.ca/TFreport.php?versionNumber=1.02&searchTF=T007732_1.02

MOTIF M0110_1.02 (ARID5A)_(Rattus_norvegicus)_(DBD_0.74)

letter-probability matrix: alength= 4 w= 10 nsites= 1 E= 0
  0.229320	  0.255984	  0.250916	  0.263780	
  0.194317	  0.317186	  0.177592	  0.310905	
  0.229015	  0.255644	  0.331553	  0.183789	
  0.525746	  0.074800	  0.294364	  0.105090	
  0.330068	  0.122646	  0.088173	  0.459114	
  0.930616	  0.000580	  0.049198	  0.019606	
  0.034070	  0.021942	  0.020255	  0.923732	
  0.151462	  0.217095	  0.053002	  0.578440	
  0.292785	  0.179368	  0.323578	  0.204269	
  0.247457	  0.254993	  0.242557	  0.254993	

URL http://cisbp.ccbr.utoronto.ca/TFreport.php?versionNumber=1.02&searchTF=T007728_1.02

MOTIF M0111_1.02 (ARID3A)_(Drosophila_melanogaster)_(DBD_0.83)

letter-probability matrix: alength= 4 w= 8 nsites= 1 E= 0
  0.228748	  0.221987	  0.148803	  0.400462	
  0.182465	  0.170129	  0.146431	  0.500975	
  0.138322	  0.188592	  0.071492	  0.601595	
  0.336065	  0.060178	  0.422972	  0.180785	
  0.973889	  0.000879	  0.022006	  0.003226	
  0.045194	  0.000361	  0.000150	  0.954295	
  0.278506	  0.244555	  0.112105	  0.364833	
  0.300420	  0.203401	  0.269126	  0.227052	

URL http://cisbp.ccbr.utoronto.ca/TFreport.php?versionNumber=1.02&searchTF=T007729_1.02

MOTIF M0132_1.02 (HMGA2)_(Mus_musculus)_(DBD_0.92)

letter-probability matrix: alength= 4 w= 10 nsites= 1 E= 0
  0.237374	  0.264976	  0.264976	  0.232674	
  0.254916	  0.278923	  0.226090	  0.240071	
  0.234840	  0.237201	  0.304572	  0.223387	
  0.201961	  0.286597	  0.267221	  0.244221	
  0.601325	  0.000225	  0.320261	  0.078189	
  0.466521	  0.184067	  0.000331	  0.349080	
  0.391854	  0.070168	  0.064129	  0.473849	
  0.435120	  0.083565	  0.075612	  0.405703	
  0.376315	  0.160843	  0.160843	  0.302000	
  0.303804	  0.236603	  0.161804	  0.297789	

URL http://cisbp.ccbr.utoronto.ca/TFreport.php?versionNumber=1.02&searchTF=T008715_1.02

MOTIF M0168_1.02 (MYOG)_(Caenorhabditis_elegans)_(DBD_0.71)

letter-probability matrix: alength= 4 w= 8 nsites= 1 E= 0
  0.000000	  0.000000	  1.000000	  0.000000	
  1.000000	  0.000000	  0.000000	  0.000000	
  0.000000	  1.000000	  0.000000	  0.000000	
  1.000000	  0.000000	  0.000000	  0.000000	
  0.000000	  0.000000	  1.000000	  0.000000	
  0.000000	  1.000000	  0.000000	  0.000000	
  0.000000	  0.000000	  0.000000	  1.000000	
  0.000000	  0.000000	  1.000000	  0.000000	

URL http://cisbp.ccbr.utoronto.ca/TFreport.php?versionNumber=1.02&searchTF=T016392_1.02

MOTIF M0175_1.02 (MNT)_(Mus_musculus)_(DBD_0.88)

letter-probability matrix: alength= 4 w= 9 nsites= 1 E= 0
  0.237177	  0.246857	  0.223365	  0.292601	
  0.263053	  0.221929	  0.327785	  0.187233	
  0.059666	  0.787422	  0.047407	  0.105506	
  0.799512	  0.000774	  0.059383	  0.140331	
  0.018558	  0.805027	  0.000347	  0.176069	
  0.048592	  0.094015	  0.857013	  0.000380	
  0.032567	  0.226622	  0.003298	  0.737513	
  0.075226	  0.001633	  0.788785	  0.134356	
  0.183543	  0.327814	  0.217554	  0.271089	

URL http://cisbp.ccbr.utoronto.ca/TFreport.php?versionNumber=1.02&searchTF=T016385_1.02

MOTIF M0177_1.02 (ENSTNIG00000000441)_(Mus_musculus)_(DBD_0.90)

letter-probability matrix: alength= 4 w= 10 nsites= 1 E= 0
  0.301828	  0.199871	  0.298430	  0.199871	
  0.282456	  0.579511	  0.069016	  0.069016	
  0.000139	  0.999582	  0.000139	  0.000139	
  0.999582	  0.000139	  0.000139	  0.000139	
  0.000139	  0.217001	  0.000139	  0.782721	
  0.789108	  0.000139	  0.210614	  0.000139	
  0.000139	  0.000139	  0.000139	  0.999582	
  0.000139	  0.000139	  0.999582	  0.000139	
  0.050268	  0.050268	  0.154736	  0.744728	
  0.181123	  0.181123	  0.272271	  0.365483	

URL http://cisbp.ccbr.utoronto.ca/TFreport.php?versionNumber=1.02&searchTF=T016363_1.02

MOTIF M0178_1.02 (ASCL4)_(Mus_musculus)_(DBD_0.88)

letter-probability matrix: alength= 4 w= 10 nsites= 1 E= 0
  0.315548	  0.181281	  0.304970	  0.198202	
  0.342567	  0.215650	  0.329097	  0.112687	
  0.036295	  0.956859	  0.000000	  0.006845	
  0.887444	  0.026036	  0.052040	  0.034479	
  0.022313	  0.233167	  0.582932	  0.161589	
  0.161589	  0.582932	  0.233167	  0.022313	
  0.034479	  0.052040	  0.026036	  0.887444	
  0.006845	  0.000000	  0.956859	  0.036295	
  0.112687	  0.329097	  0.215650	  0.342567	
  0.198202	  0.304970	  0.181281	  0.315548	

URL http://cisbp.ccbr.utoronto.ca/TFreport.php?versionNumber=1.02&searchTF=T016416_1.02

MOTIF M0179_1.02 (ARNTL)_(Mus_musculus)_(DBD_0.67)

letter-probability matrix: alength= 4 w= 12 nsites= 1 E= 0
  0.306611	  0.231130	  0.231130	  0.231130	
  0.341743	  0.181842	  0.294572	  0.181842	
  0.079056	  0.079056	  0.208948	  0.632940	
  0.095302	  0.793287	  0.019820	  0.091591	
  0.999459	  0.000180	  0.000180	  0.000180	
  0.154221	  0.773647	  0.000180	  0.071951	
  0.000180	  0.000180	  0.852206	  0.147433	
  0.000180	  0.000180	  0.000180	  0.999459	
  0.097610	  0.019051	  0.864288	  0.019051	
  0.265173	  0.598151	  0.068338	  0.068338	
  0.316182	  0.171125	  0.171125	  0.341568	
  0.230360	  0.230360	  0.230360	  0.308919	

URL http://cisbp.ccbr.utoronto.ca/TFreport.php?versionNumber=1.02&searchTF=T016383_1.02

MOTIF M0183_1.02 (ENSTNIG00000009228)_(Mus_musculus)_(DBD_0.91)

letter-probability matrix: alength= 4 w= 9 nsites= 1 E= 0
  0.127939	  0.141394	  0.584966	  0.145701	
  0.373417	  0.217608	  0.219795	  0.189179	
  0.050354	  0.853272	  0.050354	  0.046020	
  0.802681	  0.011681	  0.158850	  0.026788	
  0.013844	  0.914033	  0.014848	  0.057275	
  0.054400	  0.029264	  0.903576	  0.012761	
  0.017038	  0.146267	  0.011652	  0.825043	
  0.010324	  0.002043	  0.967255	  0.020378	
  0.093895	  0.524360	  0.108005	  0.273740	

URL http://cisbp.ccbr.utoronto.ca/TFreport.php?versionNumber=1.02&searchTF=T016408_1.02

MOTIF M0186_1.02 (TCF4)_(Mus_musculus)_(DBD_0.87)

letter-probability matrix: alength= 4 w= 8 nsites= 1 E= 0
  0.258484	  0.297327	  0.322090	  0.122099	
  0.021337	  0.973045	  0.003005	  0.002613	
  0.939038	  0.031654	  0.017547	  0.011762	
  0.006883	  0.186627	  0.803606	  0.002884	
  0.203145	  0.138923	  0.654532	  0.003400	
  0.004243	  0.006926	  0.001216	  0.987615	
  0.003302	  0.000975	  0.986837	  0.008886	
  0.117426	  0.319197	  0.253613	  0.309764	

URL http://cisbp.ccbr.utoronto.ca/TFreport.php?versionNumber=1.02&searchTF=T016412_1.02

MOTIF M0188_1.02 (SREBF1)_(Mus_musculus)_(DBD_0.94)

letter-probability matrix: alength= 4 w= 9 nsites= 1 E= 0
  0.571172	  0.110796	  0.316616	  0.001416	
  0.160197	  0.136511	  0.060124	  0.643168	
  0.085304	  0.817480	  0.097147	  0.000069	
  0.711640	  0.000000	  0.190104	  0.098256	
  0.027171	  0.615315	  0.144335	  0.213180	
  0.158340	  0.306355	  0.466261	  0.069044	
  0.139616	  0.440934	  0.000021	  0.419429	
  0.070163	  0.219384	  0.539597	  0.170856	
  0.556484	  0.094788	  0.157849	  0.190879	

URL http://cisbp.ccbr.utoronto.ca/TFreport.php?versionNumber=1.02&searchTF=T016424_1.02

MOTIF M0189_1.02 (ID1)_(Mus_musculus)_(DBD_0.76)

letter-probability matrix: alength= 4 w= 8 nsites= 1 E= 0
  0.277716	  0.166851	  0.499446	  0.055987	
  0.000370	  0.998891	  0.000370	  0.000370	
  0.999001	  0.000333	  0.000333	  0.000333	
  0.000333	  0.999001	  0.000333	  0.000333	
  0.000333	  0.000333	  0.999001	  0.000333	
  0.000333	  0.000333	  0.000333	  0.999001	
  0.000344	  0.000344	  0.998967	  0.000344	
  0.499546	  0.045826	  0.272686	  0.181942	

URL http://cisbp.ccbr.utoronto.ca/TFreport.php?versionNumber=1.02&searchTF=T016366_1.02

MOTIF M0190_1.02 (SREBF2)_(Mus_musculus)_(DBD_0.92)

letter-probability matrix: alength= 4 w= 8 nsites= 1 E= 0
  0.077454	  0.000767	  0.000767	  0.921012	
  0.000587	  0.704812	  0.294014	  0.000587	
  0.411385	  0.000587	  0.587441	  0.000587	
  0.000587	  0.822183	  0.117958	  0.059272	
  0.000587	  0.000587	  0.998239	  0.000587	
  0.000587	  0.059272	  0.000587	  0.939554	
  0.000587	  0.000587	  0.998239	  0.000587	
  0.844325	  0.000767	  0.077454	  0.077454	

URL http://cisbp.ccbr.utoronto.ca/TFreport.php?versionNumber=1.02&searchTF=T016415_1.02

MOTIF M0193_1.02 (ENSTNIG00000018518)_(Mus_musculus)_(DBD_0.83)

letter-probability matrix: alength= 4 w= 8 nsites= 1 E= 0
  0.279394	  0.073633	  0.632128	  0.014844	
  0.027107	  0.045119	  0.072136	  0.855638	
  0.000075	  0.999776	  0.000075	  0.000075	
  0.850567	  0.037377	  0.029916	  0.082140	
  0.000075	  0.828186	  0.044837	  0.126902	
  0.104521	  0.022456	  0.872948	  0.000075	
  0.173579	  0.140532	  0.057915	  0.627974	
  0.000093	  0.000093	  0.990466	  0.009348	

URL http://cisbp.ccbr.utoronto.ca/TFreport.php?versionNumber=1.02&searchTF=T016472_1.02

MOTIF M0194_1.02 (OLIG2)_(Mus_musculus)_(DBD_0.76)

letter-probability matrix: alength= 4 w= 10 nsites= 1 E= 0
  0.361199	  0.183013	  0.272775	  0.183013	
  0.138914	  0.651658	  0.134874	  0.074555	
  0.000046	  0.999862	  0.000046	  0.000046	
  0.999862	  0.000046	  0.000046	  0.000046	
  0.000046	  0.000046	  0.000046	  0.999862	
  0.999862	  0.000046	  0.000046	  0.000046	
  0.000046	  0.000046	  0.000046	  0.999862	
  0.000046	  0.000046	  0.999862	  0.000046	
  0.067033	  0.298563	  0.220536	  0.413869	
  0.175491	  0.236272	  0.175491	  0.412746	

URL http://cisbp.ccbr.utoronto.ca/TFreport.php?versionNumber=1.02&searchTF=T016360_1.02

MOTIF M0195_1.02 (MSC)_(Mus_musculus)_(DBD_0.96)

letter-probability matrix: alength= 4 w= 10 nsites= 1 E= 0
  0.349915	  0.146774	  0.278558	  0.224752	
  0.357002	  0.417355	  0.173504	  0.052139	
  0.139509	  0.827857	  0.032001	  0.000633	
  0.724593	  0.000000	  0.227645	  0.047763	
  0.064454	  0.126184	  0.294078	  0.515285	
  0.515285	  0.294078	  0.126184	  0.064454	
  0.047763	  0.227645	  0.000000	  0.724593	
  0.000633	  0.032001	  0.827857	  0.139509	
  0.052139	  0.173504	  0.417355	  0.357002	
  0.224752	  0.278558	  0.146774	  0.349915	

URL http://cisbp.ccbr.utoronto.ca/TFreport.php?versionNumber=1.02&searchTF=T016401_1.02

MOTIF M0197_1.02 (USF2)_(Mus_musculus)_(DBD_0.82)

letter-probability matrix: alength= 4 w= 11 nsites= 1 E= 0
  0.233907	  0.233907	  0.233907	  0.298278	
  0.459617	  0.123761	  0.292862	  0.123761	
  0.017725	  0.171968	  0.153118	  0.657189	
  0.000135	  0.999596	  0.000135	  0.000135	
  0.999596	  0.000135	  0.000135	  0.000135	
  0.064505	  0.935226	  0.000135	  0.000135	
  0.000135	  0.000135	  0.935226	  0.064505	
  0.064505	  0.000135	  0.000135	  0.935226	
  0.016227	  0.016227	  0.951318	  0.016227	
  0.330773	  0.196186	  0.346666	  0.126374	
  0.232410	  0.232410	  0.302771	  0.232410	

URL http://cisbp.ccbr.utoronto.ca/TFreport.php?versionNumber=1.02&searchTF=T016375_1.02

MOTIF M0199_1.02 (ENSTNIG00000007837)_(Mus_musculus)_(DBD_0.64)

letter-probability matrix: alength= 4 w= 13 nsites= 1 E= 0
  0.214247	  0.214247	  0.214247	  0.357260	
  0.341052	  0.197239	  0.197239	  0.264469	
  0.341052	  0.197239	  0.197239	  0.264469	
  0.245377	  0.332697	  0.244578	  0.177348	
  0.082925	  0.152323	  0.681827	  0.082925	
  0.602961	  0.000158	  0.396723	  0.000158	
  0.281517	  0.718168	  0.000158	  0.000158	
  0.930129	  0.000158	  0.069555	  0.000158	
  0.174257	  0.753921	  0.035911	  0.035911	
  0.123235	  0.052918	  0.770928	  0.052918	
  0.052918	  0.052918	  0.052918	  0.841245	
  0.143126	  0.072810	  0.711254	  0.072810	
  0.237549	  0.427986	  0.167232	  0.167232	

URL http://cisbp.ccbr.utoronto.ca/TFreport.php?versionNumber=1.02&searchTF=T016399_1.02

MOTIF M0200_1.02 (CLOCK)_(Mus_musculus)_(DBD_0.92)

letter-probability matrix: alength= 4 w= 10 nsites= 1 E= 0
  0.239964	  0.200309	  0.336557	  0.223170	
  0.293276	  0.320740	  0.252774	  0.133210	
  0.162184	  0.774560	  0.028113	  0.035143	
  0.713119	  0.054463	  0.173280	  0.059138	
  0.027939	  0.674387	  0.047681	  0.249993	
  0.249993	  0.047681	  0.674387	  0.027939	
  0.059138	  0.173280	  0.054463	  0.713119	
  0.035143	  0.028113	  0.774560	  0.162184	
  0.133210	  0.252774	  0.320740	  0.293276	
  0.223170	  0.336557	  0.200309	  0.239964	

URL http://cisbp.ccbr.utoronto.ca/TFreport.php?versionNumber=1.02&searchTF=T016381_1.02

MOTIF M0202_1.02 (TFEB)_(Mus_musculus)_(DBD_0.80)

letter-probability matrix: alength= 4 w= 10 nsites= 1 E= 0
  0.280968	  0.204025	  0.289525	  0.225482	
  0.388583	  0.108041	  0.408506	  0.094870	
  0.108488	  0.142115	  0.143543	  0.605853	
  0.026996	  0.958819	  0.011424	  0.002761	
  0.775226	  0.088513	  0.037456	  0.098806	
  0.016809	  0.659789	  0.094814	  0.228588	
  0.191760	  0.069148	  0.710696	  0.028396	
  0.251525	  0.190098	  0.135306	  0.423071	
  0.053920	  0.058411	  0.786428	  0.101241	
  0.240583	  0.217689	  0.315155	  0.226573	

URL http://cisbp.ccbr.utoronto.ca/TFreport.php?versionNumber=1.02&searchTF=T016393_1.02

MOTIF M0205_1.02 (BHLHE40)_(Mus_musculus)_(DBD_0.98)

letter-probability matrix: alength= 4 w= 8 nsites= 1 E= 0
  0.267902	  0.219339	  0.228291	  0.284468	
  0.222256	  0.520000	  0.141717	  0.116028	
  0.425708	  0.158183	  0.226729	  0.189380	
  0.106247	  0.605325	  0.078710	  0.209718	
  0.118105	  0.048988	  0.821866	  0.011041	
  0.000989	  0.037290	  0.000000	  0.961721	
  0.053596	  0.000226	  0.881367	  0.064811	
  0.318931	  0.356016	  0.129668	  0.195386	

URL http://cisbp.ccbr.utoronto.ca/TFreport.php?versionNumber=1.02&searchTF=T016396_1.02

MOTIF M0206_1.02 (BHLHE40)_(Mus_musculus)_(DBD_0.80)

letter-probability matrix: alength= 4 w= 9 nsites= 1 E= 0
  0.331290	  0.180007	  0.235803	  0.252900	
  0.194525	  0.590259	  0.130394	  0.084822	
  0.361693	  0.131735	  0.344053	  0.162519	
  0.024163	  0.808217	  0.053776	  0.113844	
  0.054750	  0.033208	  0.909397	  0.002645	
  0.019419	  0.010552	  0.020212	  0.949817	
  0.002054	  0.000506	  0.982111	  0.015328	
  0.436324	  0.463304	  0.031766	  0.068606	
  0.142252	  0.406508	  0.214348	  0.236892	

URL http://cisbp.ccbr.utoronto.ca/TFreport.php?versionNumber=1.02&searchTF=T016446_1.02

MOTIF M0207_1.02 (ENSTNIG00000015322)_(Mus_musculus)_(DBD_0.83)

letter-probability matrix: alength= 4 w= 9 nsites= 1 E= 0
  0.245979	  0.352569	  0.300439	  0.101013	
  0.058813	  0.919989	  0.001025	  0.020173	
  0.872648	  0.043447	  0.042163	  0.041743	
  0.032068	  0.136709	  0.778878	  0.052345	
  0.252322	  0.142694	  0.578654	  0.026330	
  0.003499	  0.021379	  0.000159	  0.974963	
  0.048208	  0.008462	  0.930323	  0.013008	
  0.091245	  0.302945	  0.243119	  0.362691	
  0.223098	  0.220878	  0.275232	  0.280792	

URL http://cisbp.ccbr.utoronto.ca/TFreport.php?versionNumber=1.02&searchTF=T016449_1.02

MOTIF M0210_1.02 (ENSTNIG00000002808)_(Mus_musculus)_(DBD_0.87)

letter-probability matrix: alength= 4 w= 9 nsites= 1 E= 0
  0.597222	  0.001984	  0.398810	  0.001984	
  0.886062	  0.001106	  0.001106	  0.111726	
  0.000996	  0.997012	  0.000996	  0.000996	
  0.997012	  0.000996	  0.000996	  0.000996	
  0.001106	  0.001106	  0.775442	  0.222345	
  0.222345	  0.554204	  0.001106	  0.222345	
  0.001106	  0.001106	  0.001106	  0.996681	
  0.001106	  0.001106	  0.996681	  0.001106	
  0.398810	  0.200397	  0.001984	  0.398810	

URL http://cisbp.ccbr.utoronto.ca/TFreport.php?versionNumber=1.02&searchTF=T016376_1.02

MOTIF M0213_1.02 (ENSTNIG00000008922)_(Mus_musculus)_(DBD_0.89)

letter-probability matrix: alength= 4 w= 11 nsites= 1 E= 0
  0.201784	  0.295980	  0.300452	  0.201784	
  0.274925	  0.079923	  0.079923	  0.565228	
  0.731885	  0.120705	  0.024371	  0.123039	
  0.189822	  0.517890	  0.000302	  0.291985	
  0.195173	  0.614669	  0.000302	  0.189856	
  0.809704	  0.000302	  0.000302	  0.189691	
  0.000302	  0.194479	  0.093488	  0.711731	
  0.905907	  0.000302	  0.000302	  0.093488	
  0.243671	  0.144721	  0.237061	  0.374546	
  0.170379	  0.170379	  0.392660	  0.266582	
  0.225931	  0.225931	  0.322206	  0.225931	

URL http://cisbp.ccbr.utoronto.ca/TFreport.php?versionNumber=1.02&searchTF=T016406_1.02

MOTIF M0214_1.02 (ENSTNIG00000012471)_(Mus_musculus)_(DBD_0.60)

letter-probability matrix: alength= 4 w= 9 nsites= 1 E= 0
  0.745050	  0.002475	  0.250000	  0.002475	
  0.747512	  0.250000	  0.001244	  0.001244	
  0.001244	  0.996269	  0.001244	  0.001244	
  0.996269	  0.001244	  0.001244	  0.001244	
  0.001244	  0.001244	  0.374378	  0.623134	
  0.623134	  0.374378	  0.001244	  0.001244	
  0.001244	  0.001244	  0.001244	  0.996269	
  0.001244	  0.001244	  0.996269	  0.001244	
  0.002475	  0.002475	  0.497525	  0.497525	

URL http://cisbp.ccbr.utoronto.ca/TFreport.php?versionNumber=1.02&searchTF=T016433_1.02

MOTIF M0215_1.02 (ENSTNIG00000006238)_(Mus_musculus)_(DBD_0.63)

letter-probability matrix: alength= 4 w= 10 nsites= 1 E= 0
  0.216882	  0.223200	  0.384442	  0.175475	
  0.345594	  0.220337	  0.348034	  0.086035	
  0.070888	  0.898272	  0.018035	  0.012805	
  0.587881	  0.086790	  0.237040	  0.088289	
  0.022632	  0.821184	  0.052593	  0.103591	
  0.103591	  0.052593	  0.821184	  0.022632	
  0.088289	  0.237040	  0.086790	  0.587881	
  0.012805	  0.018035	  0.898272	  0.070888	
  0.086035	  0.348034	  0.220337	  0.345594	
  0.175475	  0.384442	  0.223200	  0.216882	

URL http://cisbp.ccbr.utoronto.ca/TFreport.php?versionNumber=1.02&searchTF=T016387_1.02

MOTIF M0216_1.02 (TAL1)_(Mus_musculus)_(DBD_0.64)

letter-probability matrix: alength= 4 w= 10 nsites= 1 E= 0
  0.282767	  0.305521	  0.171954	  0.239759	
  0.037628	  0.037628	  0.674128	  0.250617	
  0.000178	  0.862732	  0.000178	  0.136912	
  0.930537	  0.000178	  0.069106	  0.000178	
  0.071132	  0.077413	  0.714543	  0.136912	
  0.145218	  0.714543	  0.069106	  0.071132	
  0.000178	  0.067984	  0.000178	  0.931660	
  0.077413	  0.000178	  0.922231	  0.000178	
  0.152455	  0.301874	  0.078225	  0.467447	
  0.281479	  0.212551	  0.293420	  0.212551	

URL http://cisbp.ccbr.utoronto.ca/TFreport.php?versionNumber=1.02&searchTF=T016369_1.02

MOTIF M0217_1.02 (NEUROD4)_(Mus_musculus)_(DBD_0.62)

letter-probability matrix: alength= 4 w= 10 nsites= 1 E= 0
  0.424799	  0.113479	  0.235478	  0.226244	
  0.169637	  0.592091	  0.171342	  0.066931	
  0.271365	  0.687777	  0.026936	  0.013922	
  0.665113	  0.034812	  0.186785	  0.113291	
  0.001368	  0.064301	  0.143105	  0.791225	
  0.793894	  0.140745	  0.056090	  0.009272	
  0.075714	  0.150952	  0.010559	  0.762775	
  0.011683	  0.000903	  0.869711	  0.117703	
  0.038634	  0.150525	  0.421629	  0.389213	
  0.091763	  0.270213	  0.234912	  0.403111	

URL http://cisbp.ccbr.utoronto.ca/TFreport.php?versionNumber=1.02&searchTF=T016357_1.02

MOTIF M0218_1.02 (ENSTNIG00000012887)_(Mus_musculus)_(DBD_0.92)

letter-probability matrix: alength= 4 w= 8 nsites= 1 E= 0
  0.143162	  0.570513	  0.285613	  0.000712	
  0.000499	  0.998503	  0.000499	  0.000499	
  0.998503	  0.000499	  0.000499	  0.000499	
  0.000499	  0.000499	  0.200100	  0.798902	
  0.798902	  0.200100	  0.000499	  0.000499	
  0.000499	  0.000499	  0.000499	  0.998503	
  0.000499	  0.000499	  0.998503	  0.000499	
  0.000767	  0.230828	  0.154141	  0.614264	

URL http://cisbp.ccbr.utoronto.ca/TFreport.php?versionNumber=1.02&searchTF=T016437_1.02

MOTIF M0219_1.02 (TCF12)_(Mus_musculus)_(DBD_0.93)

letter-probability matrix: alength= 4 w= 9 nsites= 1 E= 0
  0.241036	  0.335274	  0.300350	  0.123340	
  0.079879	  0.889370	  0.008763	  0.021988	
  0.848296	  0.076190	  0.045752	  0.029762	
  0.021618	  0.169617	  0.760169	  0.048596	
  0.258214	  0.173086	  0.546639	  0.022061	
  0.026426	  0.033594	  0.010744	  0.929235	
  0.027834	  0.014824	  0.903488	  0.053853	
  0.124622	  0.309601	  0.243541	  0.322236	
  0.223232	  0.241825	  0.278165	  0.256778	

URL http://cisbp.ccbr.utoronto.ca/TFreport.php?versionNumber=1.02&searchTF=T016410_1.02

MOTIF M0220_1.02 (ARNTL2)_(Mus_musculus)_(DBD_0.67)

letter-probability matrix: alength= 4 w= 10 nsites= 1 E= 0
  0.250929	  0.229332	  0.261169	  0.258571	
  0.245912	  0.124583	  0.558342	  0.071163	
  0.061688	  0.043908	  0.142892	  0.751513	
  0.002732	  0.997148	  0.000037	  0.000083	
  0.953025	  0.016113	  0.010172	  0.020690	
  0.001939	  0.965026	  0.009414	  0.023621	
  0.048059	  0.002671	  0.946167	  0.003103	
  0.054023	  0.057940	  0.051388	  0.836649	
  0.009432	  0.004113	  0.938317	  0.048139	
  0.255140	  0.330899	  0.145739	  0.268222	

URL http://cisbp.ccbr.utoronto.ca/TFreport.php?versionNumber=1.02&searchTF=T016377_1.02

MOTIF M0224_1.02 (ENSTNIG00000000026)_(Mus_musculus)_(DBD_0.72)

letter-probability matrix: alength= 4 w= 10 nsites= 1 E= 0
  0.294121	  0.202526	  0.300826	  0.202526	
  0.303479	  0.500296	  0.098113	  0.098113	
  0.000011	  0.999968	  0.000011	  0.000011	
  0.999968	  0.000011	  0.000011	  0.000011	
  0.000011	  0.000011	  0.087923	  0.912055	
  0.912055	  0.087923	  0.000011	  0.000011	
  0.000011	  0.000011	  0.000011	  0.999968	
  0.000011	  0.000011	  0.999968	  0.000011	
  0.047484	  0.118649	  0.168178	  0.665688	
  0.151898	  0.243456	  0.221525	  0.383121	

URL http://cisbp.ccbr.utoronto.ca/TFreport.php?versionNumber=1.02&searchTF=T016358_1.02

MOTIF M0228_1.02 (TFAP4)_(Caenorhabditis_elegans)_(DBD_0.65)

letter-probability matrix: alength= 4 w= 9 nsites= 1 E= 0
  1.000000	  0.000000	  0.000000	  0.000000	
  0.000000	  0.000000	  0.000000	  1.000000	
  0.000000	  1.000000	  0.000000	  0.000000	
  1.000000	  0.000000	  0.000000	  0.000000	
  0.000000	  0.000000	  1.000000	  0.000000	
  0.000000	  1.000000	  0.000000	  0.000000	
  0.000000	  0.000000	  0.000000	  1.000000	
  0.000000	  0.000000	  1.000000	  0.000000	
  1.000000	  0.000000	  0.000000	  0.000000	

URL http://cisbp.ccbr.utoronto.ca/TFreport.php?versionNumber=1.02&searchTF=T016373_1.02

MOTIF M0274_1.02 (CEBPD)_(Mus_musculus)_(DBD_0.73)

letter-probability matrix: alength= 4 w= 9 nsites= 1 E= 0
  0.449938	  0.179309	  0.295631	  0.075122	
  0.100170	  0.071298	  0.034704	  0.793828	
  0.094310	  0.063853	  0.144978	  0.696859	
  0.306584	  0.006395	  0.466610	  0.220411	
  0.119374	  0.591264	  0.082456	  0.206906	
  0.267610	  0.138315	  0.441214	  0.152861	
  0.265499	  0.311566	  0.098653	  0.324281	
  0.474847	  0.265866	  0.121874	  0.137413	
  0.554946	  0.149735	  0.131482	  0.163837	

URL http://cisbp.ccbr.utoronto.ca/TFreport.php?versionNumber=1.02&searchTF=T026781_1.02

MOTIF M0290_1.02 (ENSTNIG00000001100)_(Mus_musculus)_(DBD_0.62)

letter-probability matrix: alength= 4 w= 10 nsites= 1 E= 0
  0.317998	  0.169363	  0.213160	  0.299479	
  0.335740	  0.132467	  0.157014	  0.374779	
  0.311840	  0.169439	  0.110221	  0.408500	
  0.224835	  0.184079	  0.193517	  0.397568	
  0.110627	  0.253703	  0.053848	  0.581822	
  0.121552	  0.112207	  0.544759	  0.221482	
  0.185362	  0.479292	  0.124252	  0.211095	
  0.235995	  0.224485	  0.173090	  0.366431	
  0.225334	  0.180834	  0.356945	  0.236887	
  0.364404	  0.206080	  0.225487	  0.204029	

URL http://cisbp.ccbr.utoronto.ca/TFreport.php?versionNumber=1.02&searchTF=T026784_1.02

MOTIF M0293_1.02 (HLF)_(Mus_musculus)_(DBD_0.77)

letter-probability matrix: alength= 4 w= 10 nsites= 1 E= 0
  0.209154	  0.198953	  0.276737	  0.315156	
  0.393309	  0.153638	  0.370405	  0.082648	
  0.067956	  0.045099	  0.059078	  0.827868	
  0.036385	  0.049114	  0.161442	  0.753060	
  0.645066	  0.030550	  0.232608	  0.091776	
  0.077480	  0.544580	  0.057398	  0.320542	
  0.252937	  0.164538	  0.479689	  0.102836	
  0.174732	  0.252965	  0.129444	  0.442859	
  0.368093	  0.244285	  0.225503	  0.162120	
  0.440205	  0.171956	  0.197797	  0.190041	

URL http://cisbp.ccbr.utoronto.ca/TFreport.php?versionNumber=1.02&searchTF=T026788_1.02

MOTIF M0296_1.02 (FOSB)_(Mus_musculus)_(DBD_0.75)

letter-probability matrix: alength= 4 w= 11 nsites= 1 E= 0
  0.232400	  0.232400	  0.232400	  0.302800	
  0.232400	  0.232400	  0.302800	  0.232400	
  0.610342	  0.103117	  0.183423	  0.103117	
  0.000108	  0.000108	  0.000108	  0.999677	
  0.000108	  0.000108	  0.937311	  0.062474	
  0.999677	  0.000108	  0.000108	  0.000108	
  0.000108	  0.999677	  0.000108	  0.000108	
  0.000108	  0.000108	  0.513290	  0.486494	
  0.017708	  0.566158	  0.017708	  0.398426	
  0.628524	  0.261855	  0.091913	  0.017708	
  0.327839	  0.254412	  0.146991	  0.270758	

URL http://cisbp.ccbr.utoronto.ca/TFreport.php?versionNumber=1.02&searchTF=T026807_1.02

MOTIF M0297_1.02 (ATF1)_(Mus_musculus)_(DBD_0.81)

letter-probability matrix: alength= 4 w= 9 nsites= 1 E= 0
  0.357458	  0.170548	  0.361051	  0.110943	
  0.016538	  0.109473	  0.065084	  0.808904	
  0.001209	  0.089107	  0.665032	  0.244652	
  0.783865	  0.024149	  0.128283	  0.063703	
  0.032696	  0.834861	  0.002478	  0.129965	
  0.112813	  0.046793	  0.777229	  0.063164	
  0.152103	  0.245811	  0.086883	  0.515203	
  0.338131	  0.263337	  0.228934	  0.169598	
  0.290142	  0.192553	  0.254773	  0.262532	

URL http://cisbp.ccbr.utoronto.ca/TFreport.php?versionNumber=1.02&searchTF=T026832_1.02

MOTIF M0299_1.02 (JDP2)_(Mus_musculus)_(DBD_0.64)

letter-probability matrix: alength= 4 w= 8 nsites= 1 E= 0
  0.087240	  0.130642	  0.694878	  0.087240	
  0.827911	  0.000285	  0.171518	  0.000285	
  0.000238	  0.000238	  0.000238	  0.999286	
  0.000238	  0.000238	  0.951713	  0.047812	
  0.999286	  0.000238	  0.000238	  0.000238	
  0.000238	  0.999286	  0.000238	  0.000238	
  0.108261	  0.000270	  0.810205	  0.081263	
  0.096972	  0.193621	  0.032539	  0.676869	

URL http://cisbp.ccbr.utoronto.ca/TFreport.php?versionNumber=1.02&searchTF=T026840_1.02

MOTIF M0300_1.02 (ATF2)_(Mus_musculus)_(DBD_0.94)

letter-probability matrix: alength= 4 w= 10 nsites= 1 E= 0
  0.291870	  0.184253	  0.277636	  0.246241	
  0.530199	  0.133387	  0.274034	  0.062380	
  0.035631	  0.062379	  0.001238	  0.900752	
  0.073796	  0.082377	  0.556301	  0.287525	
  0.757933	  0.025806	  0.125285	  0.090976	
  0.084682	  0.638364	  0.084682	  0.192271	
  0.156906	  0.065082	  0.710273	  0.067738	
  0.117142	  0.166233	  0.068950	  0.647675	
  0.368627	  0.407396	  0.102492	  0.121484	
  0.489340	  0.124345	  0.187365	  0.198951	

URL http://cisbp.ccbr.utoronto.ca/TFreport.php?versionNumber=1.02&searchTF=T026845_1.02

MOTIF M0301_1.02 (FOS)_(Mus_musculus)_(DBD_0.77)

letter-probability matrix: alength= 4 w= 8 nsites= 1 E= 0
  0.043837	  0.130642	  0.694878	  0.130642	
  0.966817	  0.000322	  0.032539	  0.000322	
  0.000294	  0.029671	  0.000294	  0.969741	
  0.000294	  0.000294	  0.999119	  0.000294	
  0.969741	  0.000294	  0.000294	  0.029671	
  0.000294	  0.999119	  0.000294	  0.000294	
  0.143010	  0.000357	  0.606633	  0.250000	
  0.158088	  0.368172	  0.053046	  0.420693	

URL http://cisbp.ccbr.utoronto.ca/TFreport.php?versionNumber=1.02&searchTF=T026842_1.02

MOTIF M0303_1.02 (ATF3)_(Mus_musculus)_(DBD_0.69)

letter-probability matrix: alength= 4 w= 10 nsites= 1 E= 0
  0.233199	  0.233199	  0.300403	  0.233199	
  0.507982	  0.164006	  0.164006	  0.164006	
  0.000043	  0.000043	  0.000043	  0.999872	
  0.000043	  0.000043	  0.948614	  0.051301	
  0.999872	  0.000043	  0.000043	  0.000043	
  0.000043	  0.999872	  0.000043	  0.000043	
  0.000043	  0.000043	  0.766726	  0.233189	
  0.000043	  0.281877	  0.000043	  0.718037	
  0.516762	  0.396651	  0.069743	  0.016844	
  0.613651	  0.136419	  0.086037	  0.163893	

URL http://cisbp.ccbr.utoronto.ca/TFreport.php?versionNumber=1.02&searchTF=T026790_1.02

MOTIF M0304_1.02 (CEBPE)_(Mus_musculus)_(DBD_0.59)

letter-probability matrix: alength= 4 w= 10 nsites= 1 E= 0
  0.417594	  0.193373	  0.289850	  0.099182	
  0.070926	  0.105761	  0.069103	  0.754210	
  0.075979	  0.046003	  0.228470	  0.649548	
  0.348495	  0.037506	  0.334666	  0.279334	
  0.126578	  0.520621	  0.107184	  0.245617	
  0.245617	  0.107184	  0.520621	  0.126578	
  0.279334	  0.334666	  0.037506	  0.348495	
  0.649548	  0.228470	  0.046003	  0.075979	
  0.754210	  0.069103	  0.105761	  0.070926	
  0.099182	  0.289850	  0.193373	  0.417594	

URL http://cisbp.ccbr.utoronto.ca/TFreport.php?versionNumber=1.02&searchTF=T026856_1.02

MOTIF M0305_1.02 (CREB3L1)_(Mus_musculus)_(DBD_0.57)

letter-probability matrix: alength= 4 w= 9 nsites= 1 E= 0
  0.002475	  0.002475	  0.745050	  0.250000	
  0.250000	  0.623134	  0.001244	  0.125622	
  0.001244	  0.871891	  0.125622	  0.001244	
  0.996269	  0.001244	  0.001244	  0.001244	
  0.001244	  0.996269	  0.001244	  0.001244	
  0.001244	  0.001244	  0.996269	  0.001244	
  0.001244	  0.001244	  0.001244	  0.996269	
  0.001420	  0.143466	  0.853693	  0.001420	
  0.250000	  0.002475	  0.250000	  0.497525	

URL http://cisbp.ccbr.utoronto.ca/TFreport.php?versionNumber=1.02&searchTF=T026798_1.02

MOTIF M0306_1.02 (ATF4)_(Mus_musculus)_(DBD_0.69)

letter-probability matrix: alength= 4 w= 13 nsites= 1 E= 0
  0.225953	  0.322141	  0.225953	  0.225953	
  0.275447	  0.272623	  0.179259	  0.272671	
  0.419876	  0.225846	  0.223845	  0.130433	
  0.143666	  0.141617	  0.150860	  0.563858	
  0.117391	  0.119440	  0.152771	  0.610399	
  0.607710	  0.000238	  0.289208	  0.102844	
  0.093650	  0.713348	  0.000238	  0.192764	
  0.190971	  0.093650	  0.522049	  0.193330	
  0.220303	  0.311922	  0.024285	  0.443490	
  0.562908	  0.199722	  0.166391	  0.070979	
  0.345918	  0.317568	  0.119805	  0.216709	
  0.297141	  0.298889	  0.201985	  0.201985	
  0.226211	  0.226211	  0.226211	  0.321368	

URL http://cisbp.ccbr.utoronto.ca/TFreport.php?versionNumber=1.02&searchTF=T026783_1.02

MOTIF M0309_1.02 (ENSTNIG00000009203)_(Mus_musculus)_(DBD_0.83)

letter-probability matrix: alength= 4 w= 10 nsites= 1 E= 0
  0.260002	  0.181397	  0.311279	  0.247322	
  0.577516	  0.121357	  0.289668	  0.011459	
  0.000019	  0.055723	  0.000006	  0.944252	
  0.074595	  0.061073	  0.579449	  0.284883	
  0.852748	  0.005980	  0.140958	  0.000313	
  0.000066	  0.834717	  0.000028	  0.165189	
  0.169554	  0.075428	  0.694486	  0.060532	
  0.133120	  0.126628	  0.087466	  0.652787	
  0.371994	  0.440927	  0.102399	  0.084680	
  0.527113	  0.119991	  0.170275	  0.182621	

URL http://cisbp.ccbr.utoronto.ca/TFreport.php?versionNumber=1.02&searchTF=T026813_1.02

MOTIF M0313_1.02 (CEBPG)_(Mus_musculus)_(DBD_0.83)

letter-probability matrix: alength= 4 w= 10 nsites= 1 E= 0
  0.231876	  0.201583	  0.288935	  0.277606	
  0.445882	  0.170725	  0.317366	  0.066026	
  0.064153	  0.042152	  0.047053	  0.846642	
  0.027177	  0.055277	  0.142931	  0.774614	
  0.304859	  0.000145	  0.492675	  0.202320	
  0.087581	  0.673554	  0.077678	  0.161187	
  0.302455	  0.164339	  0.376882	  0.156324	
  0.234880	  0.313900	  0.134166	  0.317055	
  0.391736	  0.281628	  0.160869	  0.165768	
  0.466130	  0.183913	  0.171480	  0.178478	

URL http://cisbp.ccbr.utoronto.ca/TFreport.php?versionNumber=1.02&searchTF=T026787_1.02

MOTIF M0315_1.02 (CEBPA)_(Mus_musculus)_(DBD_0.70)

letter-probability matrix: alength= 4 w= 10 nsites= 1 E= 0
  0.431714	  0.208047	  0.298200	  0.062039	
  0.000768	  0.000197	  0.000189	  0.998845	
  0.000294	  0.000168	  0.000030	  0.999508	
  0.280621	  0.000476	  0.582311	  0.136593	
  0.088026	  0.755689	  0.045496	  0.110789	
  0.258429	  0.120858	  0.525642	  0.095071	
  0.244243	  0.410824	  0.024982	  0.319950	
  0.643236	  0.294863	  0.024693	  0.037208	
  0.847747	  0.045267	  0.061718	  0.045267	
  0.110259	  0.293780	  0.187322	  0.408639	

URL http://cisbp.ccbr.utoronto.ca/TFreport.php?versionNumber=1.02&searchTF=T026792_1.02

MOTIF M0316_1.02 (NFIL3)_(Mus_musculus)_(DBD_0.81)

letter-probability matrix: alength= 4 w= 10 nsites= 1 E= 0
  0.176462	  0.172968	  0.288041	  0.362529	
  0.560912	  0.096502	  0.320398	  0.022188	
  0.011530	  0.008206	  0.002843	  0.977421	
  0.001434	  0.010080	  0.167434	  0.821052	
  0.857324	  0.000132	  0.121975	  0.020570	
  0.031371	  0.696365	  0.042772	  0.229493	
  0.236286	  0.159979	  0.525864	  0.077870	
  0.167505	  0.232995	  0.144173	  0.455327	
  0.395826	  0.293235	  0.177856	  0.133083	
  0.545449	  0.129232	  0.164286	  0.161033	

URL http://cisbp.ccbr.utoronto.ca/TFreport.php?versionNumber=1.02&searchTF=T026782_1.02

MOTIF M0318_1.02 (DBP)_(Mus_musculus)_(DBD_0.74)

letter-probability matrix: alength= 4 w= 13 nsites= 1 E= 0
  0.227605	  0.227605	  0.227605	  0.317186	
  0.317186	  0.227605	  0.227605	  0.227605	
  0.225575	  0.058277	  0.058277	  0.657871	
  0.193357	  0.039156	  0.121950	  0.645538	
  0.861849	  0.020145	  0.020145	  0.097861	
  0.157740	  0.676007	  0.000185	  0.166067	
  0.600658	  0.000185	  0.398971	  0.000185	
  0.000185	  0.130427	  0.076670	  0.792718	
  0.779729	  0.022581	  0.022581	  0.175109	
  0.779729	  0.022581	  0.098625	  0.099065	
  0.348232	  0.267952	  0.191908	  0.191908	
  0.211029	  0.211029	  0.287073	  0.290868	
  0.230040	  0.230040	  0.230040	  0.309879	

URL http://cisbp.ccbr.utoronto.ca/TFreport.php?versionNumber=1.02&searchTF=T026799_1.02

MOTIF M0319_1.02 (CREB1)_(Mus_musculus)_(DBD_0.95)

letter-probability matrix: alength= 4 w= 10 nsites= 1 E= 0
  0.183122	  0.183122	  0.270541	  0.363215	
  0.645397	  0.087274	  0.180054	  0.087274	
  0.000184	  0.000184	  0.000184	  0.999448	
  0.000184	  0.000184	  0.724689	  0.274944	
  0.999448	  0.000184	  0.000184	  0.000184	
  0.000184	  0.999448	  0.000184	  0.000184	
  0.000184	  0.000184	  0.999448	  0.000184	
  0.000184	  0.000184	  0.000184	  0.999448	
  0.547966	  0.317911	  0.067062	  0.067062	
  0.511272	  0.162909	  0.162909	  0.162909	

URL http://cisbp.ccbr.utoronto.ca/TFreport.php?versionNumber=1.02&searchTF=T026803_1.02

MOTIF M0320_1.02 (JUND)_(Mus_musculus)_(DBD_0.92)

letter-probability matrix: alength= 4 w= 9 nsites= 1 E= 0
  0.661184	  0.003289	  0.332237	  0.003289	
  0.001656	  0.001656	  0.001656	  0.995033	
  0.001656	  0.001656	  0.995033	  0.001656	
  0.995033	  0.001656	  0.001656	  0.001656	
  0.001656	  0.995033	  0.001656	  0.001656	
  0.001656	  0.001656	  0.332781	  0.663907	
  0.001656	  0.829470	  0.001656	  0.167219	
  0.829470	  0.167219	  0.001656	  0.001656	
  0.332237	  0.332237	  0.003289	  0.332237	

URL http://cisbp.ccbr.utoronto.ca/TFreport.php?versionNumber=1.02&searchTF=T026817_1.02

MOTIF M0321_1.02 (MAF)_(Mus_musculus)_(DBD_0.58)

letter-probability matrix: alength= 4 w= 13 nsites= 1 E= 0
  0.310088	  0.229971	  0.229971	  0.229971	
  0.310088	  0.229971	  0.229971	  0.229971	
  0.388911	  0.203696	  0.203696	  0.203696	
  0.200318	  0.175901	  0.220542	  0.403239	
  0.020652	  0.020652	  0.020652	  0.938043	
  0.000209	  0.000209	  0.999374	  0.000209	
  0.000209	  0.999374	  0.000209	  0.000209	
  0.080326	  0.000209	  0.000209	  0.919257	
  0.020238	  0.020238	  0.939286	  0.020238	
  0.939286	  0.020238	  0.020238	  0.020238	
  0.046512	  0.860463	  0.046512	  0.046512	
  0.151778	  0.247677	  0.336617	  0.263927	
  0.229556	  0.229556	  0.229556	  0.311331	

URL http://cisbp.ccbr.utoronto.ca/TFreport.php?versionNumber=1.02&searchTF=T026802_1.02

MOTIF M0391_1.02 (ENSTNIG00000007834)_(Mus_musculus)_(DBD_0.86)

letter-probability matrix: alength= 4 w= 12 nsites= 1 E= 0
  0.225477	  0.225477	  0.225477	  0.323570	
  0.174679	  0.264200	  0.174679	  0.386441	
  0.174679	  0.475962	  0.174679	  0.174679	
  0.231566	  0.046052	  0.136642	  0.585740	
  0.613789	  0.112087	  0.273933	  0.000191	
  0.185997	  0.000191	  0.813622	  0.000191	
  0.702578	  0.000191	  0.297041	  0.000191	
  0.794940	  0.000191	  0.204678	  0.000191	
  0.630781	  0.117305	  0.227200	  0.024714	
  0.373214	  0.075511	  0.475764	  0.075511	
  0.590285	  0.075511	  0.258693	  0.075511	
  0.294700	  0.297022	  0.204139	  0.204139	

URL http://cisbp.ccbr.utoronto.ca/TFreport.php?versionNumber=1.02&searchTF=T055656_1.02

MOTIF M0392_1.02 (ENSTNIG00000002903)_(Mus_musculus)_(DBD_0.82)

letter-probability matrix: alength= 4 w= 9 nsites= 1 E= 0
  0.249730	  0.075696	  0.598878	  0.075696	
  0.000046	  0.000046	  0.694134	  0.305774	
  0.000046	  0.000046	  0.999863	  0.000046	
  0.000046	  0.084914	  0.914995	  0.000046	
  0.000046	  0.000046	  0.999863	  0.000046	
  0.000046	  0.914995	  0.084914	  0.000046	
  0.000046	  0.000046	  0.999863	  0.000046	
  0.000046	  0.000046	  0.582071	  0.417838	
  0.174350	  0.174350	  0.476951	  0.174350	

URL http://cisbp.ccbr.utoronto.ca/TFreport.php?versionNumber=1.02&searchTF=T055571_1.02

MOTIF M0393_1.02 (GLIS2)_(Mus_musculus)_(DBD_0.96)

letter-probability matrix: alength= 4 w= 11 nsites= 1 E= 0
  0.296412	  0.201346	  0.300897	  0.201346	
  0.309315	  0.227261	  0.127710	  0.335713	
  0.231420	  0.044907	  0.678767	  0.044907	
  0.365605	  0.000178	  0.634038	  0.000178	
  0.000178	  0.000178	  0.999466	  0.000178	
  0.000178	  0.000178	  0.999466	  0.000178	
  0.000178	  0.000178	  0.999466	  0.000178	
  0.000178	  0.000178	  0.999466	  0.000178	
  0.048833	  0.048833	  0.048833	  0.853502	
  0.238588	  0.516476	  0.122468	  0.122468	
  0.205271	  0.291670	  0.205271	  0.297787	

URL http://cisbp.ccbr.utoronto.ca/TFreport.php?versionNumber=1.02&searchTF=T055687_1.02

MOTIF M0396_1.02 (OSR2)_(Mus_musculus)_(DBD_1.00)

letter-probability matrix: alength= 4 w= 10 nsites= 1 E= 0
  0.421366	  0.195525	  0.181878	  0.201232	
  0.443805	  0.205154	  0.147552	  0.203489	
  0.163505	  0.668656	  0.069838	  0.098002	
  0.486448	  0.000004	  0.513153	  0.000396	
  0.006671	  0.000189	  0.993136	  0.000004	
  0.203978	  0.028198	  0.090710	  0.677114	
  0.859283	  0.000001	  0.104554	  0.036161	
  0.044236	  0.000000	  0.942389	  0.013374	
  0.034714	  0.675756	  0.116217	  0.173312	
  0.351094	  0.201449	  0.184650	  0.262806	

URL http://cisbp.ccbr.utoronto.ca/TFreport.php?versionNumber=1.02&searchTF=T055727_1.02

MOTIF M0402_1.02 (SP2)_(Mus_musculus)_(DBD_0.74)

