MEME version 4

ALPHABET= ACGT

strands: + -

Background letter frequencies (from uniform background):
A 0.25000 C 0.25000 G 0.25000 T 0.25000 

MOTIF M0135_1.02 (THAPSDRAFT_24106)_(Drosophila_melanogaster)_(DBD_0.46)

letter-probability matrix: alength= 4 w= 9 nsites= 1 E= 0
  0.353239	  0.184407	  0.205850	  0.256504	
  0.291909	  0.209860	  0.178831	  0.319399	
  0.479754	  0.153435	  0.207115	  0.159696	
  0.353839	  0.157408	  0.196143	  0.292610	
  0.432302	  0.070748	  0.192313	  0.304638	
  0.389749	  0.100033	  0.061899	  0.448318	
  0.862322	  0.000496	  0.084743	  0.052438	
  0.519591	  0.033887	  0.087623	  0.358899	
  0.365816	  0.092956	  0.080812	  0.460416	

URL http://cisbp.ccbr.utoronto.ca/TFreport.php?versionNumber=1.02&searchTF=T008766_1.02

MOTIF M0137_1.02 (THAPSDRAFT_11588)_(Oryza_sativa)_(DBD_0.50)

letter-probability matrix: alength= 4 w= 8 nsites= 1 E= 0
  0.412581	  0.181714	  0.204881	  0.200825	
  0.383860	  0.151453	  0.183145	  0.281541	
  0.411062	  0.042894	  0.192240	  0.353804	
  0.442483	  0.115862	  0.053112	  0.388542	
  0.805888	  0.001826	  0.077629	  0.114657	
  0.508656	  0.001176	  0.069531	  0.420638	
  0.340689	  0.076018	  0.064778	  0.518515	
  0.310543	  0.194090	  0.145231	  0.350136	

URL http://cisbp.ccbr.utoronto.ca/TFreport.php?versionNumber=1.02&searchTF=T008765_1.02

MOTIF M1369_1.02 THAPSDRAFT_24118

letter-probability matrix: alength= 4 w= 9 nsites= 1 E= 0
  0.228356	  0.249861	  0.240064	  0.281718	
  0.263420	  0.229006	  0.213524	  0.294050	
  0.339244	  0.231996	  0.118714	  0.310046	
  0.347213	  0.119097	  0.357787	  0.175904	
  0.136270	  0.082652	  0.674951	  0.106127	
  0.641759	  0.144635	  0.150538	  0.063068	
  0.015815	  0.016625	  0.003710	  0.963850	
  0.366729	  0.271679	  0.152113	  0.209479	
  0.155506	  0.374910	  0.191844	  0.277740	

URL http://cisbp.ccbr.utoronto.ca/TFreport.php?versionNumber=1.02&searchTF=T120826_1.02

