MEME version 4

ALPHABET= ACGT

strands: + -

Background letter frequencies (from uniform background):
A 0.25000 C 0.25000 G 0.25000 T 0.25000 

MOTIF M1296_1.02 (AMSG_06825)_(Caenorhabditis_elegans)_(DBD_0.71)

letter-probability matrix: alength= 4 w= 9 nsites= 1 E= 0
  0.000244	  0.999712	  0.000025	  0.000020	
  0.017908	  0.800487	  0.019990	  0.161616	
  0.366259	  0.151918	  0.085059	  0.396764	
  0.236844	  0.035424	  0.037241	  0.690491	
  0.647071	  0.070278	  0.129342	  0.153309	
  0.141330	  0.114560	  0.064787	  0.679324	
  0.573322	  0.058058	  0.034517	  0.334103	
  0.303215	  0.124517	  0.233795	  0.338473	
  0.153662	  0.012613	  0.800117	  0.033608	

URL http://cisbp.ccbr.utoronto.ca/TFreport.php?versionNumber=1.02&searchTF=T110915_1.02

MOTIF M1534_1.02 (AMSG_03262)_(Caenorhabditis_elegans)_(DBD_0.29)

letter-probability matrix: alength= 4 w= 10 nsites= 1 E= 0
  0.025375	  0.883392	  0.084248	  0.006985	
  0.324584	  0.308754	  0.111335	  0.255327	
  0.007219	  0.023966	  0.009085	  0.959730	
  0.777114	  0.029241	  0.189727	  0.003918	
  0.163732	  0.002939	  0.827350	  0.005979	
  0.059305	  0.701133	  0.003829	  0.235732	
  0.669900	  0.001255	  0.168532	  0.160313	
  0.998653	  0.000227	  0.000452	  0.000668	
  0.002016	  0.993346	  0.003099	  0.001539	
  0.141587	  0.489270	  0.344783	  0.024359	

URL http://cisbp.ccbr.utoronto.ca/TFreport.php?versionNumber=1.02&searchTF=T138584_1.02

MOTIF M1641_1.02 (AMSG_02980)_(Mus_musculus)_(DBD_0.74)

letter-probability matrix: alength= 4 w= 7 nsites= 1 E= 0
  0.486500	  0.104296	  0.119969	  0.289234	
  0.014489	  0.191210	  0.078521	  0.715780	
  0.639678	  0.069475	  0.000533	  0.290314	
  0.371463	  0.095340	  0.000769	  0.532428	
  0.515031	  0.123251	  0.123251	  0.238466	
  0.400342	  0.112429	  0.110202	  0.377028	
  0.323600	  0.170632	  0.188577	  0.317192	

URL http://cisbp.ccbr.utoronto.ca/TFreport.php?versionNumber=1.02&searchTF=T150377_1.02

MOTIF M1680_1.02 (AMSG_08859)_(Arabidopsis_thaliana)_(DBD_0.36)

letter-probability matrix: alength= 4 w= 10 nsites= 1 E= 0
  0.398188	  0.177137	  0.201729	  0.222945	
  0.408330	  0.172790	  0.161108	  0.257772	
  0.498696	  0.076096	  0.311686	  0.113522	
  0.038020	  0.017255	  0.869677	  0.075048	
  0.030165	  0.000077	  0.000367	  0.969392	
  0.051800	  0.913590	  0.007296	  0.027314	
  0.878551	  0.048341	  0.023296	  0.049813	
  0.817187	  0.013955	  0.112828	  0.056029	
  0.259717	  0.507548	  0.087321	  0.145415	
  0.199346	  0.207481	  0.385692	  0.207481	

URL http://cisbp.ccbr.utoronto.ca/TFreport.php?versionNumber=1.02&searchTF=T153910_1.02

MOTIF M1704_1.02 (AMSG_02819)_(Ostreococcus_tauri)_(DBD_0.36)

letter-probability matrix: alength= 4 w= 9 nsites= 1 E= 0
  0.241635	  0.259156	  0.232161	  0.267048	
  0.339988	  0.116619	  0.454369	  0.089024	
  0.090372	  0.018246	  0.791505	  0.099877	
  0.115683	  0.000069	  0.003424	  0.880823	
  0.157393	  0.749003	  0.041213	  0.052391	
  0.758233	  0.079122	  0.043423	  0.119222	
  0.650035	  0.029875	  0.180734	  0.139355	
  0.254248	  0.415014	  0.132729	  0.198009	
  0.231806	  0.229499	  0.328948	  0.209747	

URL http://cisbp.ccbr.utoronto.ca/TFreport.php?versionNumber=1.02&searchTF=T153909_1.02

