MEME version 4

ALPHABET= ACGT

strands: + -

Background letter frequencies (from uniform background):
A 0.25000 C 0.25000 G 0.25000 T 0.25000 

MOTIF M0060_1.02 (TA08375)_(Plasmodium_falciparum)_(DBD_0.73)

letter-probability matrix: alength= 4 w= 8 nsites= 1 E= 0
  0.206897	  0.206897	  0.275862	  0.310345	
  0.047619	  0.023810	  0.095238	  0.833333	
  0.060000	  0.000000	  0.940000	  0.000000	
  0.000000	  1.000000	  0.000000	  0.000000	
  1.000000	  0.000000	  0.000000	  0.000000	
  0.000000	  0.000000	  0.000000	  1.000000	
  0.000000	  0.000000	  1.000000	  0.000000	
  0.000000	  0.764706	  0.000000	  0.235294	

URL http://cisbp.ccbr.utoronto.ca/TFreport.php?versionNumber=1.02&searchTF=T004588_1.02

MOTIF M0061_1.02 (TA07100)_(Plasmodium_falciparum)_(DBD_0.74)

letter-probability matrix: alength= 4 w= 8 nsites= 1 E= 0
  0.727273	  0.090909	  0.000000	  0.181818	
  0.000000	  0.750000	  0.000000	  0.250000	
  1.000000	  0.000000	  0.000000	  0.000000	
  0.062500	  0.937500	  0.000000	  0.000000	
  0.937500	  0.000000	  0.000000	  0.062500	
  0.000000	  0.937500	  0.000000	  0.062500	
  0.937500	  0.062500	  0.000000	  0.000000	
  0.071429	  0.714286	  0.000000	  0.214286	

URL http://cisbp.ccbr.utoronto.ca/TFreport.php?versionNumber=1.02&searchTF=T004586_1.02

MOTIF M0068_1.02 (TA13515)_(Plasmodium_falciparum)_(DBD_0.75)

letter-probability matrix: alength= 4 w= 11 nsites= 1 E= 0
  0.206425	  0.206425	  0.206425	  0.380726	
  0.284314	  0.208418	  0.393193	  0.114076	
  0.023948	  0.023948	  0.839123	  0.112982	
  0.000199	  0.415813	  0.000199	  0.583790	
  0.000199	  0.000199	  0.999404	  0.000199	
  0.000199	  0.000199	  0.000199	  0.999404	
  0.999404	  0.000199	  0.000199	  0.000199	
  0.000199	  0.999404	  0.000199	  0.000199	
  0.558176	  0.043774	  0.354276	  0.043774	
  0.136123	  0.411063	  0.136123	  0.316691	
  0.321247	  0.226251	  0.226251	  0.226251	

URL http://cisbp.ccbr.utoronto.ca/TFreport.php?versionNumber=1.02&searchTF=T004595_1.02

MOTIF M0134_1.02 (TA03140)_(Pongo_pygmaeus)_(DBD_0.59)

letter-probability matrix: alength= 4 w= 8 nsites= 1 E= 0
  0.295752	  0.289896	  0.225771	  0.188580	
  0.256034	  0.248467	  0.263831	  0.231669	
  0.369207	  0.139960	  0.273515	  0.217317	
  0.334398	  0.133264	  0.250218	  0.282120	
  0.408108	  0.081576	  0.176185	  0.334131	
  0.716329	  0.002147	  0.001706	  0.279818	
  0.604747	  0.000300	  0.139047	  0.255906	
  0.270214	  0.135533	  0.076647	  0.517606	

URL http://cisbp.ccbr.utoronto.ca/TFreport.php?versionNumber=1.02&searchTF=T008924_1.02

