MEME version 4

ALPHABET= ACGT

strands: + -

Background letter frequencies (from uniform background):
A 0.25000 C 0.25000 G 0.25000 T 0.25000 

MOTIF M0177_1.02 (amel4_ncbi_hmm5152)_(Mus_musculus)_(DBD_0.92)

letter-probability matrix: alength= 4 w= 10 nsites= 1 E= 0
  0.301828	  0.199871	  0.298430	  0.199871	
  0.282456	  0.579511	  0.069016	  0.069016	
  0.000139	  0.999582	  0.000139	  0.000139	
  0.999582	  0.000139	  0.000139	  0.000139	
  0.000139	  0.217001	  0.000139	  0.782721	
  0.789108	  0.000139	  0.210614	  0.000139	
  0.000139	  0.000139	  0.000139	  0.999582	
  0.000139	  0.000139	  0.999582	  0.000139	
  0.050268	  0.050268	  0.154736	  0.744728	
  0.181123	  0.181123	  0.272271	  0.365483	

URL http://cisbp.ccbr.utoronto.ca/TFreport.php?versionNumber=1.02&searchTF=T012111_1.02

MOTIF M0183_1.02 (amel4_ncbi_hmm4224)_(Mus_musculus)_(DBD_0.67)

letter-probability matrix: alength= 4 w= 9 nsites= 1 E= 0
  0.127939	  0.141394	  0.584966	  0.145701	
  0.373417	  0.217608	  0.219795	  0.189179	
  0.050354	  0.853272	  0.050354	  0.046020	
  0.802681	  0.011681	  0.158850	  0.026788	
  0.013844	  0.914033	  0.014848	  0.057275	
  0.054400	  0.029264	  0.903576	  0.012761	
  0.017038	  0.146267	  0.011652	  0.825043	
  0.010324	  0.002043	  0.967255	  0.020378	
  0.093895	  0.524360	  0.108005	  0.273740	

URL http://cisbp.ccbr.utoronto.ca/TFreport.php?versionNumber=1.02&searchTF=T012103_1.02

MOTIF M0297_1.02 (amel4_ncbi_hmm7733)_(Mus_musculus)_(DBD_0.77)

letter-probability matrix: alength= 4 w= 9 nsites= 1 E= 0
  0.357458	  0.170548	  0.361051	  0.110943	
  0.016538	  0.109473	  0.065084	  0.808904	
  0.001209	  0.089107	  0.665032	  0.244652	
  0.783865	  0.024149	  0.128283	  0.063703	
  0.032696	  0.834861	  0.002478	  0.129965	
  0.112813	  0.046793	  0.777229	  0.063164	
  0.152103	  0.245811	  0.086883	  0.515203	
  0.338131	  0.263337	  0.228934	  0.169598	
  0.290142	  0.192553	  0.254773	  0.262532	

URL http://cisbp.ccbr.utoronto.ca/TFreport.php?versionNumber=1.02&searchTF=T023655_1.02

MOTIF M0419_1.02 (amel4_ncbi_hmm20717)_(Mus_musculus)_(DBD_0.87)

letter-probability matrix: alength= 4 w= 8 nsites= 1 E= 0
  0.094017	  0.581197	  0.145299	  0.179487	
  0.013245	  0.000000	  0.980132	  0.006623	
  0.046053	  0.052632	  0.315789	  0.585526	
  0.065359	  0.006536	  0.928105	  0.000000	
  0.000000	  0.006536	  0.980392	  0.013072	
  0.000000	  0.000000	  0.986395	  0.013605	
  0.106870	  0.473282	  0.267176	  0.152672	
  0.182796	  0.032258	  0.731183	  0.053763	

URL http://cisbp.ccbr.utoronto.ca/TFreport.php?versionNumber=1.02&searchTF=T035383_1.02

MOTIF M0443_1.02 (amel4_ncbi_hmm15630)_(Mus_musculus)_(DBD_0.82)

letter-probability matrix: alength= 4 w= 10 nsites= 1 E= 0
  0.260102	  0.124098	  0.223872	  0.391927	
  0.187213	  0.000148	  0.790168	  0.022471	
  0.000002	  0.000005	  0.999931	  0.000063	
  0.000374	  0.000026	  0.999566	  0.000034	
  0.076094	  0.621399	  0.000039	  0.302468	
  0.000325	  0.000031	  0.997699	  0.001945	
  0.060231	  0.086331	  0.346604	  0.506834	
  0.189328	  0.102872	  0.514647	  0.193153	
  0.167870	  0.130737	  0.470215	  0.231178	
  0.172456	  0.411638	  0.156045	  0.259860	

URL http://cisbp.ccbr.utoronto.ca/TFreport.php?versionNumber=1.02&searchTF=T035347_1.02

MOTIF M0493_1.02 (amel4_ncbi_hmm11304)_(Caenorhabditis_elegans)_(DBD_0.82)

letter-probability matrix: alength= 4 w= 8 nsites= 1 E= 0
  0.242861	  0.157196	  0.428469	  0.171473	
  0.777565	  0.090973	  0.030392	  0.101070	
  0.838146	  0.060683	  0.020295	  0.080876	
  0.989600	  0.000101	  0.000101	  0.010198	
  0.989600	  0.000101	  0.000101	  0.010198	
  0.918922	  0.030392	  0.010198	  0.040489	
  0.718555	  0.156289	  0.083403	  0.041753	
  0.569619	  0.127964	  0.104719	  0.197699	

URL http://cisbp.ccbr.utoronto.ca/TFreport.php?versionNumber=1.02&searchTF=T035316_1.02

MOTIF M0584_1.02 (amel4_ncbi_hmm3751)_(Caenorhabditis_elegans)_(DBD_0.72)

letter-probability matrix: alength= 4 w= 9 nsites= 1 E= 0
  0.230911	  0.224086	  0.262968	  0.282035	
  0.269525	  0.209906	  0.264188	  0.256380	
  0.283198	  0.178778	  0.291823	  0.246201	
  0.153491	  0.064952	  0.745191	  0.036366	
  0.485724	  0.054907	  0.315968	  0.143400	
  0.185229	  0.092907	  0.000174	  0.721690	
  0.451981	  0.073969	  0.434259	  0.039791	
  0.183594	  0.056414	  0.557089	  0.202902	
  0.369364	  0.118130	  0.213105	  0.299401	

URL http://cisbp.ccbr.utoronto.ca/TFreport.php?versionNumber=1.02&searchTF=T072058_1.02

MOTIF M0702_1.02 (amel4_ncbi_hmm9300)_(Mus_musculus)_(DBD_0.76)

letter-probability matrix: alength= 4 w= 10 nsites= 1 E= 0
  0.322340	  0.195509	  0.263909	  0.218242	
  0.433860	  0.124303	  0.159608	  0.282230	
  0.311585	  0.293439	  0.240248	  0.154728	
  0.200253	  0.544344	  0.186715	  0.068688	
  0.284306	  0.645517	  0.054058	  0.016120	
  0.011537	  0.000434	  0.987890	  0.000139	
  0.006865	  0.014532	  0.949918	  0.028685	
  0.874097	  0.008964	  0.059931	  0.057008	
  0.302190	  0.165846	  0.058036	  0.473929	
  0.296924	  0.248012	  0.296924	  0.158139	

URL http://cisbp.ccbr.utoronto.ca/TFreport.php?versionNumber=1.02&searchTF=T077534_1.02

MOTIF M0706_1.02 (amel4_ncbi_hmm2086)_(Mus_musculus)_(DBD_0.83)

letter-probability matrix: alength= 4 w= 10 nsites= 1 E= 0
  0.352704	  0.187847	  0.218248	  0.241201	
  0.295417	  0.283834	  0.188366	  0.232383	
  0.200864	  0.429503	  0.247802	  0.121830	
  0.289523	  0.522297	  0.118894	  0.069286	
  0.138981	  0.013254	  0.791822	  0.055943	
  0.109863	  0.063386	  0.772195	  0.054556	
  0.902087	  0.004458	  0.007424	  0.086031	
  0.789723	  0.012203	  0.005268	  0.192806	
  0.278298	  0.168796	  0.445276	  0.107629	
  0.208426	  0.254572	  0.121460	  0.415542	

URL http://cisbp.ccbr.utoronto.ca/TFreport.php?versionNumber=1.02&searchTF=T077528_1.02

MOTIF M0727_1.02 (amel4_ncbi_hmm35573)_(Mus_musculus)_(DBD_0.46)

letter-probability matrix: alength= 4 w= 9 nsites= 1 E= 0
  0.285936	  0.209719	  0.382132	  0.122213	
  0.259231	  0.180859	  0.145143	  0.414767	
  0.482799	  0.289919	  0.074411	  0.152872	
  0.584225	  0.181324	  0.065385	  0.169066	
  0.800779	  0.028377	  0.101047	  0.069797	
  0.006674	  0.733801	  0.002741	  0.256785	
  0.711264	  0.065173	  0.101194	  0.122369	
  0.343115	  0.208109	  0.218779	  0.229997	
  0.298983	  0.230531	  0.194491	  0.275996	

URL http://cisbp.ccbr.utoronto.ca/TFreport.php?versionNumber=1.02&searchTF=T080917_1.02

MOTIF M0737_1.02 (amel4_ncbi_hmm24155)_(Mus_musculus)_(DBD_0.49)

letter-probability matrix: alength= 4 w= 10 nsites= 1 E= 0
  0.329842	  0.082156	  0.060257	  0.527746	
  0.520070	  0.108198	  0.255689	  0.116043	
  0.283345	  0.081996	  0.128595	  0.506065	
  0.209230	  0.033229	  0.701648	  0.055893	
  0.071321	  0.155585	  0.032694	  0.740400	
  0.638753	  0.232646	  0.070072	  0.058529	
  0.729556	  0.133278	  0.066184	  0.070983	
  0.865457	  0.036352	  0.043959	  0.054231	
  0.059316	  0.519509	  0.058726	  0.362449	
  0.777489	  0.053307	  0.067092	  0.102112	

URL http://cisbp.ccbr.utoronto.ca/TFreport.php?versionNumber=1.02&searchTF=T080915_1.02

MOTIF M0813_1.02 (amel4_ncbi_hmm35814)_(Rattus_norvegicus)_(DBD_0.59)

letter-probability matrix: alength= 4 w= 10 nsites= 1 E= 0
  0.271003	  0.219671	  0.235599	  0.273727	
  0.213209	  0.271042	  0.263031	  0.252718	
  0.561460	  0.141251	  0.230567	  0.066722	
  0.084700	  0.070044	  0.041642	  0.803614	
  0.320216	  0.105530	  0.571917	  0.002337	
  0.150709	  0.587190	  0.153753	  0.108348	
  0.076061	  0.043883	  0.707359	  0.172697	
  0.003197	  0.007554	  0.984433	  0.004817	
  0.003677	  0.001451	  0.984366	  0.010507	
  0.105313	  0.335943	  0.082018	  0.476726	

URL http://cisbp.ccbr.utoronto.ca/TFreport.php?versionNumber=1.02&searchTF=T086709_1.02

MOTIF M0911_1.02 (amel4_ncbi_hmm21711)_(Mus_musculus)_(DBD_0.95)

letter-probability matrix: alength= 4 w= 10 nsites= 1 E= 0
  0.247073	  0.284202	  0.206373	  0.262352	
  0.149870	  0.075171	  0.040036	  0.734924	
  0.706549	  0.090958	  0.126519	  0.075974	
  0.851645	  0.008910	  0.044131	  0.095313	
  0.070692	  0.091682	  0.096383	  0.741243	
  0.120799	  0.217919	  0.226813	  0.434469	
  0.367812	  0.088905	  0.402450	  0.140833	
  0.215590	  0.296895	  0.274069	  0.213445	
  0.220651	  0.269503	  0.211999	  0.297847	
  0.238452	  0.238452	  0.243269	  0.279826	

URL http://cisbp.ccbr.utoronto.ca/TFreport.php?versionNumber=1.02&searchTF=T089791_1.02

MOTIF M0919_1.02 (amel4_ncbi_hmm14627)_(Mus_musculus)_(DBD_0.91)

letter-probability matrix: alength= 4 w= 8 nsites= 1 E= 0
  0.243137	  0.255603	  0.173058	  0.328201	
  0.180751	  0.050761	  0.028138	  0.740350	
  0.754094	  0.029830	  0.091425	  0.124651	
  0.948503	  0.020184	  0.016361	  0.014953	
  0.061921	  0.014525	  0.234126	  0.689428	
  0.144617	  0.648127	  0.069692	  0.137564	
  0.112198	  0.502838	  0.114465	  0.270499	
  0.173843	  0.301314	  0.278148	  0.246695	

URL http://cisbp.ccbr.utoronto.ca/TFreport.php?versionNumber=1.02&searchTF=T089768_1.02

MOTIF M0927_1.02 (amel4_ncbi_hmm1861)_(Mus_musculus)_(DBD_0.72)

letter-probability matrix: alength= 4 w= 8 nsites= 1 E= 0
  0.239075	  0.258987	  0.292007	  0.209931	
  0.193409	  0.338596	  0.209518	  0.258477	
  0.196306	  0.190504	  0.105601	  0.507589	
  0.649964	  0.079592	  0.135222	  0.135222	
  0.927406	  0.055834	  0.000602	  0.016158	
  0.131551	  0.181162	  0.073655	  0.613631	
  0.187274	  0.215416	  0.200852	  0.396458	
  0.315394	  0.201104	  0.274190	  0.209311	

URL http://cisbp.ccbr.utoronto.ca/TFreport.php?versionNumber=1.02&searchTF=T089780_1.02

MOTIF M0932_1.02 (amel4_ncbi_hmm22038)_(Mus_musculus)_(DBD_0.93)

letter-probability matrix: alength= 4 w= 8 nsites= 1 E= 0
  0.216311	  0.291989	  0.142126	  0.349574	
  0.127143	  0.093252	  0.018089	  0.761516	
  0.817918	  0.041962	  0.123564	  0.016556	
  0.955147	  0.007403	  0.010825	  0.026625	
  0.021750	  0.121465	  0.044684	  0.812101	
  0.145739	  0.082419	  0.268223	  0.503618	
  0.509054	  0.065533	  0.337833	  0.087580	
  0.196989	  0.238208	  0.381132	  0.183671	

URL http://cisbp.ccbr.utoronto.ca/TFreport.php?versionNumber=1.02&searchTF=T089793_1.02

MOTIF M0965_1.02 (amel4_ncbi_hmm17728)_(Mus_musculus)_(DBD_0.97)

letter-probability matrix: alength= 4 w= 9 nsites= 1 E= 0
  0.380575	  0.167617	  0.255107	  0.196701	
  0.167523	  0.333994	  0.324123	  0.174360	
  0.211535	  0.461457	  0.152077	  0.174931	
  0.049943	  0.172585	  0.019315	  0.758156	
  0.060538	  0.004969	  0.891832	  0.042661	
  0.106529	  0.102352	  0.003969	  0.787150	
  0.033772	  0.906531	  0.031489	  0.028209	
  0.641128	  0.089410	  0.136078	  0.133384	
  0.306056	  0.226732	  0.187498	  0.279714	

URL http://cisbp.ccbr.utoronto.ca/TFreport.php?versionNumber=1.02&searchTF=T089777_1.02

MOTIF M0988_1.02 (amel4_ncbi_hmm18674)_(Mus_musculus)_(DBD_0.92)

letter-probability matrix: alength= 4 w= 7 nsites= 1 E= 0
  0.303161	  0.134864	  0.255767	  0.306208	
  0.145417	  0.099445	  0.122683	  0.632454	
  0.137917	  0.118706	  0.599832	  0.143545	
  0.159578	  0.125529	  0.048064	  0.666829	
  0.335860	  0.248811	  0.102176	  0.313154	
  0.280605	  0.275048	  0.234381	  0.209966	
  0.229254	  0.248348	  0.253365	  0.269032	

URL http://cisbp.ccbr.utoronto.ca/TFreport.php?versionNumber=1.02&searchTF=T089782_1.02

MOTIF M0991_1.02 (amel4_ncbi_hmm80967)_(Mus_musculus)_(DBD_1.00)

letter-probability matrix: alength= 4 w= 7 nsites= 1 E= 0
  0.207112	  0.268610	  0.252968	  0.271310	
  0.229210	  0.070431	  0.130927	  0.569432	
  0.521448	  0.073450	  0.236656	  0.168445	
  0.627941	  0.108034	  0.128053	  0.135972	
  0.172464	  0.088251	  0.270478	  0.468806	
  0.209059	  0.140136	  0.302661	  0.348144	
  0.255000	  0.139947	  0.428917	  0.176137	

URL http://cisbp.ccbr.utoronto.ca/TFreport.php?versionNumber=1.02&searchTF=T089837_1.02

MOTIF M1005_1.02 (amel4_ncbi_hmm11977)_(Mus_musculus)_(DBD_0.82)

letter-probability matrix: alength= 4 w= 8 nsites= 1 E= 0
  0.242841	  0.263067	  0.185380	  0.308712	
  0.148309	  0.025011	  0.084716	  0.741964	
  0.720695	  0.068048	  0.132982	  0.078274	
  0.901099	  0.000634	  0.037100	  0.061167	
  0.054250	  0.052647	  0.101861	  0.791243	
  0.155226	  0.112717	  0.168154	  0.563903	
  0.352662	  0.120966	  0.359786	  0.166586	
  0.298979	  0.206515	  0.330423	  0.164083	

URL http://cisbp.ccbr.utoronto.ca/TFreport.php?versionNumber=1.02&searchTF=T089757_1.02

MOTIF M1013_1.02 (amel4_ncbi_hmm1569)_(Mus_musculus)_(DBD_0.89)

letter-probability matrix: alength= 4 w= 9 nsites= 1 E= 0
  0.189568	  0.274444	  0.207420	  0.328569	
  0.169234	  0.099612	  0.097640	  0.633514	
  0.540007	  0.097669	  0.167600	  0.194724	
  0.650832	  0.070686	  0.086336	  0.192145	
  0.077678	  0.161187	  0.087581	  0.673554	
  0.137376	  0.166122	  0.355215	  0.341287	
  0.341237	  0.137356	  0.337841	  0.183566	
  0.207499	  0.315805	  0.258559	  0.218137	
  0.241008	  0.285668	  0.222479	  0.250844	

URL http://cisbp.ccbr.utoronto.ca/TFreport.php?versionNumber=1.02&searchTF=T089773_1.02

MOTIF M1090_1.02 (amel4_ncbi_hmm13995)_(Drosophila_melanogaster)_(DBD_0.89)

letter-probability matrix: alength= 4 w= 9 nsites= 1 E= 0
  0.134584	  0.408378	  0.129307	  0.327731	
  0.081007	  0.082644	  0.003760	  0.832588	
  0.917579	  0.035224	  0.037403	  0.009794	
  0.976827	  0.001575	  0.006199	  0.015399	
  0.023296	  0.008071	  0.016916	  0.951717	
  0.078443	  0.045258	  0.284968	  0.591331	
  0.706465	  0.016950	  0.244759	  0.031826	
  0.168184	  0.356045	  0.318957	  0.156814	
  0.118714	  0.360221	  0.248817	  0.272249	

URL http://cisbp.ccbr.utoronto.ca/TFreport.php?versionNumber=1.02&searchTF=T089766_1.02

MOTIF M1229_1.02 (amel4_ncbi_hmm1906)_(Caenorhabditis_elegans)_(DBD_0.85)

letter-probability matrix: alength= 4 w= 8 nsites= 1 E= 0
  0.498756	  0.001244	  0.250000	  0.250000	
  0.000996	  0.000996	  0.000996	  0.997012	
  0.997012	  0.000996	  0.000996	  0.000996	
  0.000906	  0.000906	  0.091486	  0.906703	
  0.000906	  0.000906	  0.906703	  0.091486	
  0.091486	  0.906703	  0.000906	  0.000906	
  0.997012	  0.000996	  0.000996	  0.000996	
  0.001420	  0.001420	  0.001420	  0.995739	

URL http://cisbp.ccbr.utoronto.ca/TFreport.php?versionNumber=1.02&searchTF=T104705_1.02

MOTIF M1423_1.02 (amel4_ncbi_hmm4554)_(Anopheles_gambiae)_(DBD_0.90)

letter-probability matrix: alength= 4 w= 9 nsites= 1 E= 0
  0.268421	  0.231032	  0.250274	  0.250274	
  0.233375	  0.233375	  0.287910	  0.245340	
  0.057487	  0.255077	  0.000962	  0.686473	
  0.168946	  0.001803	  0.803982	  0.025269	
  0.514234	  0.273877	  0.124298	  0.087591	
  0.210810	  0.441844	  0.029694	  0.317652	
  0.194071	  0.726489	  0.000537	  0.078903	
  0.087004	  0.294700	  0.132417	  0.485878	
  0.237598	  0.270584	  0.287316	  0.204503	

URL http://cisbp.ccbr.utoronto.ca/TFreport.php?versionNumber=1.02&searchTF=T131141_1.02

MOTIF M1501_1.02 (amel4_ncbi_hmm29477)_(Caenorhabditis_elegans)_(DBD_0.74)

letter-probability matrix: alength= 4 w= 10 nsites= 1 E= 0
  0.565802	  0.021078	  0.261974	  0.151146	
  0.277894	  0.491390	  0.110746	  0.119970	
  0.001918	  0.361880	  0.633534	  0.002668	
  0.020290	  0.862764	  0.050914	  0.066032	
  0.227943	  0.038440	  0.677966	  0.055651	
  0.002240	  0.066449	  0.129856	  0.801455	
  0.182257	  0.072633	  0.668754	  0.076357	
  0.881551	  0.038927	  0.033841	  0.045681	
  0.114914	  0.857638	  0.026159	  0.001289	
  0.097215	  0.243939	  0.606024	  0.052822	

URL http://cisbp.ccbr.utoronto.ca/TFreport.php?versionNumber=1.02&searchTF=T135718_1.02

MOTIF M1573_1.02 (amel4_ncbi_hmm347)_(Mus_musculus)_(DBD_0.72)

letter-probability matrix: alength= 4 w= 10 nsites= 1 E= 0
  0.161347	  0.312172	  0.137491	  0.388991	
  0.001880	  0.000028	  0.917332	  0.080759	
  0.059948	  0.048110	  0.263350	  0.628592	
  0.005782	  0.858163	  0.067007	  0.069047	
  0.006546	  0.075861	  0.339984	  0.577609	
  0.253754	  0.214084	  0.390086	  0.142077	
  0.243170	  0.197110	  0.381367	  0.178353	
  0.290031	  0.210606	  0.244689	  0.254675	
  0.293113	  0.228276	  0.210726	  0.267885	
  0.261235	  0.234024	  0.216031	  0.288710	

URL http://cisbp.ccbr.utoronto.ca/TFreport.php?versionNumber=1.02&searchTF=T141677_1.02

MOTIF M1641_1.02 (amel4_ncbi_hmm838)_(Mus_musculus)_(DBD_0.92)

letter-probability matrix: alength= 4 w= 7 nsites= 1 E= 0
  0.486500	  0.104296	  0.119969	  0.289234	
  0.014489	  0.191210	  0.078521	  0.715780	
  0.639678	  0.069475	  0.000533	  0.290314	
  0.371463	  0.095340	  0.000769	  0.532428	
  0.515031	  0.123251	  0.123251	  0.238466	
  0.400342	  0.112429	  0.110202	  0.377028	
  0.323600	  0.170632	  0.188577	  0.317192	

URL http://cisbp.ccbr.utoronto.ca/TFreport.php?versionNumber=1.02&searchTF=T150450_1.02

MOTIF M1855_1.02 (amel4_ncbi_hmm4785)_(Drosophila_melanogaster)_(DBD_0.80)

letter-probability matrix: alength= 4 w= 10 nsites= 1 E= 0
  0.000000	  0.111111	  0.777778	  0.111111	
  0.000000	  0.000000	  0.777778	  0.222222	
  0.000000	  0.000000	  1.000000	  0.000000	
  0.000000	  0.000000	  0.888889	  0.111111	
  0.444444	  0.111111	  0.000000	  0.444444	
  0.222222	  0.111111	  0.000000	  0.666667	
  0.000000	  0.000000	  0.000000	  1.000000	
  0.000000	  0.111111	  0.000000	  0.888889	
  0.000000	  1.000000	  0.000000	  0.000000	
  0.111111	  0.888889	  0.000000	  0.000000	

URL http://cisbp.ccbr.utoronto.ca/TFreport.php?versionNumber=1.02&searchTF=T138023_1.02

MOTIF M5053_1.02 (amel4_ncbi_hmm27408)_(Drosophila_melanogaster)_(DBD_0.87)

letter-probability matrix: alength= 4 w= 15 nsites= 1 E= 0
  0.254302	  0.363289	  0.235182	  0.147228	
  0.232210	  0.359551	  0.234082	  0.174157	
  0.274254	  0.371269	  0.205224	  0.149254	
  0.244403	  0.337687	  0.222015	  0.195896	
  0.388060	  0.037313	  0.501866	  0.072761	
  0.083955	  0.001866	  0.871269	  0.042910	
  0.460821	  0.020522	  0.033582	  0.485075	
  0.000000	  0.000000	  0.988806	  0.011194	
  0.983209	  0.000000	  0.000000	  0.016791	
  0.992537	  0.003731	  0.001866	  0.001866	
  0.998134	  0.000000	  0.000000	  0.001866	
  0.003731	  0.000000	  0.985075	  0.011194	
  0.003731	  0.343284	  0.085821	  0.567164	
  0.403377	  0.166979	  0.227017	  0.202627	
  0.268687	  0.296970	  0.305051	  0.129293	

URL http://cisbp.ccbr.utoronto.ca/TFreport.php?versionNumber=1.02&searchTF=T035430_1.02

MOTIF M5123_1.02 (amel4_ncbi_hmm7939)_(Drosophila_melanogaster)_(DBD_0.89)

letter-probability matrix: alength= 4 w= 9 nsites= 1 E= 0
  0.333333	  0.250000	  0.041667	  0.375000	
  0.500000	  0.416667	  0.000000	  0.083333	
  0.041667	  0.958333	  0.000000	  0.000000	
  0.500000	  0.000000	  0.500000	  0.000000	
  0.041667	  0.000000	  0.958333	  0.000000	
  0.083333	  0.000000	  0.000000	  0.916667	
  1.000000	  0.000000	  0.000000	  0.000000	
  0.000000	  0.000000	  1.000000	  0.000000	
  0.000000	  1.000000	  0.000000	  0.000000	

URL http://cisbp.ccbr.utoronto.ca/TFreport.php?versionNumber=1.02&searchTF=T035522_1.02

MOTIF M5141_1.02 (amel4_ncbi_hmm10976)_(Drosophila_melanogaster)_(DBD_0.94)

letter-probability matrix: alength= 4 w= 14 nsites= 1 E= 0
  0.275862	  0.307882	  0.248768	  0.167488	
  0.410319	  0.093366	  0.400491	  0.095823	
  0.272727	  0.270270	  0.223587	  0.233415	
  0.562654	  0.213759	  0.152334	  0.071253	
  0.000000	  0.004914	  0.007371	  0.987715	
  0.943489	  0.002457	  0.000000	  0.054054	
  0.995086	  0.000000	  0.000000	  0.004914	
  0.007371	  0.985258	  0.000000	  0.007371	
  0.000000	  0.000000	  0.980344	  0.019656	
  0.000000	  0.000000	  0.985258	  0.014742	
  0.117936	  0.049140	  0.383292	  0.449631	
  0.803440	  0.054054	  0.029484	  0.113022	
  0.175309	  0.503704	  0.024691	  0.296296	
  0.306233	  0.252033	  0.065041	  0.376694	

URL http://cisbp.ccbr.utoronto.ca/TFreport.php?versionNumber=1.02&searchTF=T035314_1.02

MOTIF M5179_1.02 (amel4_ncbi_hmm3217)_(Drosophila_melanogaster)_(DBD_0.63)

letter-probability matrix: alength= 4 w= 8 nsites= 1 E= 0
  0.478261	  0.217391	  0.304348	  0.000000	
  0.000000	  1.000000	  0.000000	  0.000000	
  1.000000	  0.000000	  0.000000	  0.000000	
  0.000000	  0.875000	  0.041667	  0.083333	
  0.000000	  1.000000	  0.000000	  0.000000	
  0.000000	  0.000000	  0.000000	  1.000000	
  0.000000	  0.000000	  1.000000	  0.000000	
  0.000000	  0.666667	  0.041667	  0.291667	

URL http://cisbp.ccbr.utoronto.ca/TFreport.php?versionNumber=1.02&searchTF=T012095_1.02

MOTIF M5234_1.02 (amel4_ncbi_hmm27757)_(Drosophila_melanogaster)_(DBD_0.76)

letter-probability matrix: alength= 4 w= 10 nsites= 1 E= 0
  0.238095	  0.142857	  0.619048	  0.000000	
  0.142857	  0.047619	  0.809524	  0.000000	
  0.000000	  0.000000	  0.136364	  0.863636	
  0.000000	  1.000000	  0.000000	  0.000000	
  1.000000	  0.000000	  0.000000	  0.000000	
  0.000000	  1.000000	  0.000000	  0.000000	
  0.000000	  0.000000	  1.000000	  0.000000	
  0.000000	  0.000000	  0.000000	  1.000000	
  0.636364	  0.090909	  0.000000	  0.272727	
  0.000000	  0.590909	  0.181818	  0.227273	

URL http://cisbp.ccbr.utoronto.ca/TFreport.php?versionNumber=1.02&searchTF=T012087_1.02

MOTIF M5704_1.02 (amel4_ncbi_hmm1894)_(Homo_sapiens)_(DBD_0.76)

letter-probability matrix: alength= 4 w= 10 nsites= 1 E= 0
  0.188540	  0.022977	  0.037254	  0.751229	
  0.980380	  0.003949	  0.011846	  0.003825	
  0.993870	  0.003002	  0.001501	  0.001626	
  0.001115	  0.012512	  0.002106	  0.984267	
  0.001496	  0.656815	  0.007732	  0.333957	
  0.335500	  0.006000	  0.657625	  0.000875	
  0.986344	  0.002731	  0.007076	  0.003849	
  0.000000	  0.001756	  0.001756	  0.996488	
  0.007124	  0.011914	  0.005158	  0.975804	
  0.841988	  0.024693	  0.020877	  0.112442	

URL http://cisbp.ccbr.utoronto.ca/TFreport.php?versionNumber=1.02&searchTF=T104320_1.02

MOTIF M5794_1.02 (amel4_ncbi_hmm18025)_(Homo_sapiens)_(DBD_0.72)

letter-probability matrix: alength= 4 w= 10 nsites= 1 E= 0
  0.517616	  0.198428	  0.020956	  0.262999	
  0.681968	  0.061802	  0.217112	  0.039118	
  0.926699	  0.040170	  0.033131	  0.000000	
  0.000393	  0.999607	  0.000000	  0.000000	
  0.000000	  0.997127	  0.002873	  0.000000	
  0.385786	  0.009803	  0.599123	  0.005288	
  0.003839	  0.977220	  0.012286	  0.006655	
  0.910131	  0.043862	  0.024076	  0.021931	
  0.670589	  0.089137	  0.155616	  0.084658	
  0.541061	  0.156909	  0.112770	  0.189260	

URL http://cisbp.ccbr.utoronto.ca/TFreport.php?versionNumber=1.02&searchTF=T139220_1.02

MOTIF M6267_1.02 (amel4_ncbi_hmm21104)_(Homo_sapiens)_(DBD_0.77)

letter-probability matrix: alength= 4 w= 10 nsites= 1 E= 0
  0.053936	  0.196793	  0.736152	  0.013120	
  0.026239	  0.381924	  0.093294	  0.498542	
  0.093294	  0.000000	  0.854227	  0.052478	
  0.000000	  0.000000	  0.801749	  0.198251	
  0.026239	  0.026239	  0.947522	  0.000000	
  0.052478	  0.000000	  0.763848	  0.183673	
  0.000000	  0.000000	  1.000000	  0.000000	
  0.040816	  0.026239	  0.854227	  0.078717	
  0.026239	  0.224490	  0.000000	  0.749271	
  0.422741	  0.419825	  0.104956	  0.052478	

URL http://cisbp.ccbr.utoronto.ca/TFreport.php?versionNumber=1.02&searchTF=T035385_1.02

MOTIF M6330_1.02 (amel4_ncbi_hmm6319)_(Homo_sapiens)_(DBD_0.56)

letter-probability matrix: alength= 4 w= 21 nsites= 1 E= 0
  0.100451	  0.357788	  0.369074	  0.172686	
  0.103837	  0.000000	  0.279910	  0.616253	
  0.031603	  0.031603	  0.776524	  0.160271	
  0.000000	  0.984199	  0.015801	  0.000000	
  0.092551	  0.000000	  0.000000	  0.907449	
  0.000000	  0.099323	  0.900677	  0.000000	
  0.715576	  0.103837	  0.015801	  0.164786	
  0.148984	  0.593679	  0.137698	  0.119639	
  0.000000	  0.381490	  0.363431	  0.255079	
  0.325056	  0.458239	  0.036117	  0.180587	
  0.167043	  0.376975	  0.117381	  0.338600	
  0.036117	  0.153499	  0.670429	  0.139955	
  0.081264	  0.616253	  0.067720	  0.234763	
  0.663657	  0.083521	  0.081264	  0.171558	
  0.246050	  0.144470	  0.507901	  0.101580	
  0.083521	  0.539503	  0.067720	  0.309255	
  0.252822	  0.397291	  0.000000	  0.349887	
  0.148984	  0.133183	  0.103837	  0.613995	
  0.083521	  0.343115	  0.081264	  0.492099	
  0.112867	  0.650113	  0.088036	  0.148984	
  0.250564	  0.318284	  0.322799	  0.108352	

URL http://cisbp.ccbr.utoronto.ca/TFreport.php?versionNumber=1.02&searchTF=T023648_1.02

