MEME version 4

ALPHABET= ACGT

strands: + -

Background letter frequencies (from uniform background):
A 0.25000 C 0.25000 G 0.25000 T 0.25000 

MOTIF M0015_1.02 (DREB6)_(Arabidopsis_thaliana)_(DBD_0.77)

letter-probability matrix: alength= 4 w= 9 nsites= 1 E= 0
  0.205690	  0.280443	  0.274890	  0.238978	
  0.219631	  0.420713	  0.181626	  0.178030	
  0.608067	  0.000074	  0.391617	  0.000242	
  0.020599	  0.948846	  0.026716	  0.003839	
  0.032289	  0.911179	  0.019390	  0.037142	
  0.064847	  0.000159	  0.855790	  0.079204	
  0.352874	  0.312971	  0.122255	  0.211899	
  0.215543	  0.381137	  0.150379	  0.252942	
  0.319425	  0.236636	  0.163453	  0.280486	

URL http://cisbp.ccbr.utoronto.ca/TFreport.php?versionNumber=1.02&searchTF=T002168_1.02

MOTIF M0021_1.02 (EREB1)_(Arabidopsis_thaliana)_(DBD_0.79)

letter-probability matrix: alength= 4 w= 8 nsites= 1 E= 0
  0.253340	  0.238587	  0.213734	  0.294339	
  0.238515	  0.217986	  0.263600	  0.279900	
  0.216235	  0.071978	  0.581939	  0.129848	
  0.114251	  0.501900	  0.244301	  0.139547	
  0.009576	  0.664640	  0.002269	  0.323515	
  0.203540	  0.004463	  0.777326	  0.014671	
  0.148179	  0.326497	  0.281018	  0.244306	
  0.239004	  0.346014	  0.225085	  0.189897	

URL http://cisbp.ccbr.utoronto.ca/TFreport.php?versionNumber=1.02&searchTF=T002169_1.02

MOTIF M0037_1.02 (A5JTT1_WHEAT)_(Arabidopsis_thaliana)_(DBD_0.74)

letter-probability matrix: alength= 4 w= 10 nsites= 1 E= 0
  0.193276	  0.300101	  0.279812	  0.226811	
  0.289447	  0.467767	  0.166996	  0.075790	
  0.033966	  0.013268	  0.939499	  0.013268	
  0.032073	  0.905066	  0.035802	  0.027059	
  0.097055	  0.850038	  0.020600	  0.032307	
  0.042649	  0.010412	  0.927966	  0.018973	
  0.129323	  0.591296	  0.130623	  0.148757	
  0.034651	  0.902636	  0.024418	  0.038295	
  0.383810	  0.175941	  0.239882	  0.200367	
  0.232502	  0.254398	  0.223385	  0.289715	

URL http://cisbp.ccbr.utoronto.ca/TFreport.php?versionNumber=1.02&searchTF=T002159_1.02

MOTIF M0264_1.02 (HBP1A_WHEAT)_(Arabidopsis_thaliana)_(DBD_0.58)

letter-probability matrix: alength= 4 w= 10 nsites= 1 E= 0
  0.199909	  0.319853	  0.108621	  0.371617	
  0.102298	  0.269858	  0.329605	  0.298239	
  0.727684	  0.087345	  0.103531	  0.081440	
  0.042557	  0.652527	  0.169161	  0.135755	
  0.074387	  0.175789	  0.658053	  0.091770	
  0.047848	  0.043294	  0.012782	  0.896076	
  0.072855	  0.000402	  0.887552	  0.039192	
  0.001078	  0.059454	  0.541965	  0.397503	
  0.330076	  0.407207	  0.142497	  0.120220	
  0.325537	  0.283008	  0.185949	  0.205506	

URL http://cisbp.ccbr.utoronto.ca/TFreport.php?versionNumber=1.02&searchTF=T028329_1.02

MOTIF M0271_1.02 (HBP1B_WHEAT)_(Arabidopsis_thaliana)_(DBD_0.80)

letter-probability matrix: alength= 4 w= 10 nsites= 1 E= 0
  0.158078	  0.093981	  0.615903	  0.132038	
  0.267449	  0.487323	  0.179276	  0.065952	
  0.053459	  0.002136	  0.001551	  0.942854	
  0.121965	  0.000603	  0.641454	  0.235978	
  0.952439	  0.005202	  0.025765	  0.016594	
  0.085419	  0.851984	  0.006473	  0.056124	
  0.179266	  0.007163	  0.795418	  0.018154	
  0.132201	  0.125754	  0.074019	  0.668025	
  0.358839	  0.324691	  0.181794	  0.134676	
  0.413771	  0.080263	  0.359716	  0.146249	

URL http://cisbp.ccbr.utoronto.ca/TFreport.php?versionNumber=1.02&searchTF=T028330_1.02

MOTIF M1401_1.02 (NAC69-1)_(Arabidopsis_thaliana)_(DBD_0.77)

letter-probability matrix: alength= 4 w= 9 nsites= 1 E= 0
  0.261770	  0.264401	  0.195873	  0.277957	
  0.374464	  0.123408	  0.448315	  0.053812	
  0.002111	  0.002380	  0.913465	  0.082043	
  0.027646	  0.000100	  0.000138	  0.972116	
  0.020820	  0.978378	  0.000261	  0.000541	
  0.682119	  0.144778	  0.047238	  0.125864	
  0.599594	  0.101114	  0.122273	  0.177018	
  0.247488	  0.268100	  0.273516	  0.210895	
  0.250588	  0.253106	  0.291142	  0.205164	

URL http://cisbp.ccbr.utoronto.ca/TFreport.php?versionNumber=1.02&searchTF=T128901_1.02

MOTIF M1948_1.02 EmBP-1

letter-probability matrix: alength= 4 w= 8 nsites= 1 E= 0
  0.692308	  0.000000	  0.000000	  0.307692	
  0.076923	  0.538462	  0.307692	  0.076923	
  1.000000	  0.000000	  0.000000	  0.000000	
  0.000000	  0.923077	  0.000000	  0.076923	
  0.000000	  0.000000	  1.000000	  0.000000	
  0.000000	  0.000000	  0.000000	  1.000000	
  0.000000	  0.076923	  0.923077	  0.000000	
  0.000000	  0.076923	  0.923077	  0.000000	

URL http://cisbp.ccbr.utoronto.ca/TFreport.php?versionNumber=1.02&searchTF=T028327_1.02

MOTIF M2348_1.02 (TaVRT-2)_(Arabidopsis_thaliana)_(DBD_0.80)

letter-probability matrix: alength= 4 w= 20 nsites= 1 E= 0
  0.304348	  0.260870	  0.228261	  0.206522	
  0.304348	  0.119565	  0.086957	  0.489130	
  0.304348	  0.010870	  0.108696	  0.576087	
  0.358696	  0.173913	  0.119565	  0.347826	
  0.076087	  0.923913	  0.000000	  0.000000	
  0.032609	  0.858696	  0.010870	  0.097826	
  0.630435	  0.173913	  0.076087	  0.119565	
  0.728261	  0.054348	  0.086957	  0.130435	
  0.934783	  0.000000	  0.000000	  0.065217	
  0.836957	  0.010870	  0.021739	  0.130435	
  0.847826	  0.086957	  0.032609	  0.032609	
  0.369565	  0.108696	  0.152174	  0.369565	
  0.173913	  0.000000	  0.804348	  0.021739	
  0.000000	  0.000000	  1.000000	  0.000000	
  0.771739	  0.108696	  0.000000	  0.119565	
  0.913043	  0.021739	  0.021739	  0.043478	
  0.836957	  0.076087	  0.021739	  0.065217	
  0.369565	  0.086957	  0.423913	  0.119565	
  0.543478	  0.173913	  0.054348	  0.228261	
  0.413043	  0.228261	  0.032609	  0.326087	

URL http://cisbp.ccbr.utoronto.ca/TFreport.php?versionNumber=1.02&searchTF=T112027_1.02

MOTIF M2377_1.02 (TaMADS

letter-probability matrix: alength= 4 w= 18 nsites= 1 E= 0
  0.274510	  0.294118	  0.137255	  0.294118	
  0.274510	  0.117647	  0.196078	  0.411765	
  0.215686	  0.078431	  0.117647	  0.588235	
  0.372549	  0.137255	  0.176471	  0.313725	
  0.000000	  1.000000	  0.000000	  0.000000	
  0.000000	  0.901961	  0.000000	  0.098039	
  0.764706	  0.098039	  0.019608	  0.117647	
  0.392157	  0.039216	  0.078431	  0.490196	
  0.725490	  0.000000	  0.000000	  0.274510	
  0.490196	  0.000000	  0.000000	  0.509804	
  0.549020	  0.078431	  0.078431	  0.294118	
  0.078431	  0.117647	  0.058824	  0.745098	
  0.509804	  0.000000	  0.490196	  0.000000	
  0.000000	  0.000000	  1.000000	  0.000000	
  0.450980	  0.215686	  0.058824	  0.274510	
  0.784314	  0.058824	  0.000000	  0.156863	
  0.647059	  0.098039	  0.098039	  0.156863	
  0.117647	  0.156863	  0.333333	  0.392157	

URL http://cisbp.ccbr.utoronto.ca/TFreport.php?versionNumber=1.02&searchTF=T112019_1.02

