MEME version 4

ALPHABET= ACGT

strands: + -

Background letter frequencies (from uniform background):
A 0.25000 C 0.25000 G 0.25000 T 0.25000 

MOTIF M0098_1.02 (A7TQU1_VANPO)_(Saccharomyces_cerevisiae)_(DBD_0.82)

letter-probability matrix: alength= 4 w= 11 nsites= 1 E= 0
  0.225027	  0.225027	  0.225027	  0.324920	
  0.180909	  0.180909	  0.367512	  0.270669	
  0.075340	  0.683880	  0.075340	  0.165440	
  0.407120	  0.592518	  0.000181	  0.000181	
  0.000181	  0.000181	  0.000181	  0.999457	
  0.000181	  0.000181	  0.999457	  0.000181	
  0.000181	  0.999457	  0.000181	  0.000181	
  0.999457	  0.000181	  0.000181	  0.000181	
  0.025154	  0.025154	  0.621172	  0.328519	
  0.069272	  0.159432	  0.702024	  0.069272	
  0.174841	  0.174841	  0.174841	  0.475477	

URL http://cisbp.ccbr.utoronto.ca/TFreport.php?versionNumber=1.02&searchTF=T006886_1.02

MOTIF M0129_1.02 (A7THV6_VANPO)_(Monodelphis_domestica)_(DBD_0.46)

letter-probability matrix: alength= 4 w= 8 nsites= 1 E= 0
  0.272331	  0.232065	  0.256472	  0.239132	
  0.290589	  0.228585	  0.247623	  0.233203	
  0.328743	  0.205465	  0.238717	  0.227074	
  0.321069	  0.190882	  0.252562	  0.235487	
  0.312520	  0.159919	  0.255870	  0.271692	
  0.448771	  0.140683	  0.094303	  0.316243	
  0.716851	  0.000111	  0.282836	  0.000201	
  0.337735	  0.159535	  0.090221	  0.412510	

URL http://cisbp.ccbr.utoronto.ca/TFreport.php?versionNumber=1.02&searchTF=T008887_1.02

MOTIF M0241_1.02 (A7TIH3_VANPO)_(Saccharomyces_cerevisiae)_(DBD_0.75)

letter-probability matrix: alength= 4 w= 12 nsites= 1 E= 0
  0.324652	  0.225116	  0.225116	  0.225116	
  0.097676	  0.097676	  0.532933	  0.271715	
  0.096401	  0.765160	  0.119132	  0.019307	
  0.687800	  0.096666	  0.119132	  0.096401	
  0.000162	  0.823109	  0.099987	  0.076741	
  0.077256	  0.077521	  0.768481	  0.076741	
  0.099987	  0.077521	  0.000162	  0.822329	
  0.077521	  0.000162	  0.922154	  0.000162	
  0.787419	  0.162488	  0.025046	  0.025046	
  0.229065	  0.293041	  0.152486	  0.325408	
  0.230855	  0.230855	  0.230855	  0.307434	
  0.230855	  0.230855	  0.230855	  0.307434	

URL http://cisbp.ccbr.utoronto.ca/TFreport.php?versionNumber=1.02&searchTF=T020802_1.02

MOTIF M0244_1.02 (A7TID5_VANPO)_(Saccharomyces_cerevisiae)_(DBD_0.88)

letter-probability matrix: alength= 4 w= 11 nsites= 1 E= 0
  0.310339	  0.229887	  0.229887	  0.229887	
  0.269895	  0.140964	  0.448177	  0.140964	
  0.023264	  0.023264	  0.118648	  0.834823	
  0.075323	  0.766428	  0.000203	  0.158045	
  0.841548	  0.000203	  0.000203	  0.158045	
  0.000203	  0.766428	  0.000203	  0.233165	
  0.075323	  0.000203	  0.924271	  0.000203	
  0.000203	  0.000203	  0.000203	  0.999390	
  0.095436	  0.020316	  0.786541	  0.097707	
  0.207773	  0.400191	  0.109239	  0.282796	
  0.319184	  0.226939	  0.226939	  0.226939	

URL http://cisbp.ccbr.utoronto.ca/TFreport.php?versionNumber=1.02&searchTF=T020801_1.02

MOTIF M0248_1.02 (A7TL31_VANPO)_(Saccharomyces_cerevisiae)_(DBD_0.62)

letter-probability matrix: alength= 4 w= 10 nsites= 1 E= 0
  0.157253	  0.467714	  0.195949	  0.179084	
  0.567369	  0.082353	  0.347585	  0.002694	
  0.127858	  0.226087	  0.073034	  0.573021	
  0.029191	  0.840380	  0.092190	  0.038239	
  0.793478	  0.020418	  0.061340	  0.124764	
  0.017623	  0.691737	  0.204222	  0.086419	
  0.097515	  0.206440	  0.678584	  0.017462	
  0.146656	  0.139503	  0.043297	  0.670544	
  0.092591	  0.118889	  0.719237	  0.069282	
  0.498056	  0.122819	  0.230606	  0.148519	

URL http://cisbp.ccbr.utoronto.ca/TFreport.php?versionNumber=1.02&searchTF=T020803_1.02

MOTIF M0352_1.02 (A7TQ76_VANPO)_(Saccharomyces_cerevisiae)_(DBD_0.71)

letter-probability matrix: alength= 4 w= 10 nsites= 1 E= 0
  0.211517	  0.183884	  0.282677	  0.321921	
  0.431823	  0.132690	  0.350029	  0.085457	
  0.003684	  0.000104	  0.000000	  0.996212	
  0.003146	  0.021457	  0.850682	  0.124716	
  0.985610	  0.004871	  0.003265	  0.006254	
  0.054920	  0.630099	  0.207655	  0.107327	
  0.226603	  0.085046	  0.213406	  0.474945	
  0.232372	  0.491932	  0.127529	  0.148167	
  0.469883	  0.185394	  0.183549	  0.161174	
  0.230654	  0.257474	  0.200521	  0.311351	

URL http://cisbp.ccbr.utoronto.ca/TFreport.php?versionNumber=1.02&searchTF=T030428_1.02

MOTIF M0356_1.02 (A7TFW6_VANPO)_(Saccharomyces_cerevisiae)_(DBD_0.68)

letter-probability matrix: alength= 4 w= 10 nsites= 1 E= 0
  0.156235	  0.237783	  0.384275	  0.221707	
  0.402756	  0.386964	  0.121308	  0.088973	
  0.035172	  0.000320	  0.057412	  0.907096	
  0.017446	  0.032431	  0.336670	  0.613453	
  0.855397	  0.000658	  0.054684	  0.089261	
  0.042605	  0.534839	  0.242734	  0.179822	
  0.218505	  0.142140	  0.286234	  0.353121	
  0.409661	  0.197419	  0.112768	  0.280152	
  0.575008	  0.129591	  0.153605	  0.141795	
  0.297790	  0.163431	  0.231919	  0.306859	

URL http://cisbp.ccbr.utoronto.ca/TFreport.php?versionNumber=1.02&searchTF=T030418_1.02

MOTIF M0357_1.02 (A7TNZ4_VANPO)_(Saccharomyces_cerevisiae)_(DBD_0.60)

letter-probability matrix: alength= 4 w= 10 nsites= 1 E= 0
  0.116441	  0.076507	  0.663402	  0.143650	
  0.444801	  0.453787	  0.087150	  0.014262	
  0.002919	  0.018567	  0.023840	  0.954674	
  0.050593	  0.018612	  0.155060	  0.775735	
  0.965859	  0.022044	  0.001368	  0.010730	
  0.077309	  0.600531	  0.139465	  0.182694	
  0.347681	  0.110089	  0.433237	  0.108993	
  0.089608	  0.054896	  0.046780	  0.808716	
  0.657744	  0.172227	  0.103422	  0.066607	
  0.760955	  0.072572	  0.077834	  0.088639	

URL http://cisbp.ccbr.utoronto.ca/TFreport.php?versionNumber=1.02&searchTF=T030426_1.02

MOTIF M0505_1.02 (A7TL37_VANPO)_(Saccharomyces_cerevisiae)_(DBD_0.71)

letter-probability matrix: alength= 4 w= 9 nsites= 1 E= 0
  0.263492	  0.243234	  0.199143	  0.294131	
  0.339564	  0.339564	  0.132643	  0.188229	
  0.647289	  0.100765	  0.200897	  0.051049	
  0.040855	  0.000148	  0.925212	  0.033785	
  0.000055	  0.000044	  0.999595	  0.000306	
  0.022743	  0.000055	  0.976769	  0.000434	
  0.250759	  0.118450	  0.099932	  0.530858	
  0.130351	  0.512975	  0.116773	  0.239901	
  0.125682	  0.461166	  0.141707	  0.271445	

URL http://cisbp.ccbr.utoronto.ca/TFreport.php?versionNumber=1.02&searchTF=T067361_1.02

MOTIF M0507_1.02 (A7TEL7_VANPO)_(Saccharomyces_cerevisiae)_(DBD_0.89)

letter-probability matrix: alength= 4 w= 11 nsites= 1 E= 0
  0.319888	  0.226704	  0.226704	  0.226704	
  0.333162	  0.191218	  0.284402	  0.191218	
  0.093566	  0.093566	  0.182389	  0.630479	
  0.000184	  0.000184	  0.999448	  0.000184	
  0.000184	  0.999448	  0.000184	  0.000184	
  0.000184	  0.000184	  0.000184	  0.999448	
  0.000184	  0.000184	  0.999448	  0.000184	
  0.000184	  0.000184	  0.999448	  0.000184	
  0.023480	  0.111479	  0.120419	  0.744622	
  0.264277	  0.324611	  0.058966	  0.352146	
  0.347272	  0.339492	  0.156618	  0.156618	

URL http://cisbp.ccbr.utoronto.ca/TFreport.php?versionNumber=1.02&searchTF=T067345_1.02

MOTIF M0508_1.02 (A7TM66_VANPO)_(Saccharomyces_cerevisiae)_(DBD_0.77)

letter-probability matrix: alength= 4 w= 10 nsites= 1 E= 0
  0.288711	  0.203615	  0.304059	  0.203615	
  0.176117	  0.080211	  0.272399	  0.471273	
  0.000028	  0.000028	  0.799607	  0.200336	
  0.000028	  0.418307	  0.000028	  0.581637	
  0.000028	  0.000028	  0.999915	  0.000028	
  0.000028	  0.000028	  0.999915	  0.000028	
  0.000028	  0.000028	  0.999915	  0.000028	
  0.000028	  0.000028	  0.999915	  0.000028	
  0.046413	  0.046413	  0.046413	  0.860761	
  0.490550	  0.169817	  0.169817	  0.169817	

URL http://cisbp.ccbr.utoronto.ca/TFreport.php?versionNumber=1.02&searchTF=T067366_1.02

MOTIF M0512_1.02 (A7TR92_VANPO)_(Saccharomyces_cerevisiae)_(DBD_0.77)

letter-probability matrix: alength= 4 w= 9 nsites= 1 E= 0
  0.303922	  0.205772	  0.241476	  0.248830	
  0.294098	  0.189410	  0.258246	  0.258246	
  0.187249	  0.215387	  0.192951	  0.404413	
  0.142155	  0.199720	  0.553862	  0.104263	
  0.113438	  0.508392	  0.037384	  0.340786	
  0.020014	  0.085320	  0.894634	  0.000032	
  0.069469	  0.004310	  0.926007	  0.000215	
  0.243273	  0.039024	  0.716361	  0.001342	
  0.154211	  0.060844	  0.657419	  0.127526	

URL http://cisbp.ccbr.utoronto.ca/TFreport.php?versionNumber=1.02&searchTF=T067373_1.02

MOTIF M0514_1.02 (A7THX4_VANPO)_(Saccharomyces_cerevisiae)_(DBD_0.87)

letter-probability matrix: alength= 4 w= 9 nsites= 1 E= 0
  0.316777	  0.180946	  0.269939	  0.232339	
  0.350186	  0.106534	  0.283855	  0.259424	
  0.526900	  0.094350	  0.127359	  0.251391	
  0.276288	  0.142800	  0.125392	  0.455521	
  0.635588	  0.166426	  0.088637	  0.109350	
  0.159920	  0.092266	  0.629342	  0.118472	
  0.186191	  0.063230	  0.630665	  0.119914	
  0.306984	  0.046843	  0.564983	  0.081190	
  0.275201	  0.024966	  0.606377	  0.093457	

URL http://cisbp.ccbr.utoronto.ca/TFreport.php?versionNumber=1.02&searchTF=T067355_1.02

MOTIF M0516_1.02 (A7TH06_VANPO)_(Saccharomyces_cerevisiae)_(DBD_0.94)

letter-probability matrix: alength= 4 w= 12 nsites= 1 E= 0
  0.661184	  0.003289	  0.003289	  0.332237	
  0.399701	  0.100299	  0.100299	  0.399701	
  0.319090	  0.085247	  0.042730	  0.552934	
  0.261531	  0.046279	  0.000154	  0.692036	
  0.986274	  0.013459	  0.000133	  0.000133	
  0.200027	  0.000133	  0.799707	  0.000133	
  0.040112	  0.000133	  0.959622	  0.000133	
  0.000133	  0.000133	  0.999600	  0.000133	
  0.014020	  0.000139	  0.985702	  0.000139	
  0.127362	  0.054688	  0.563408	  0.254542	
  0.250000	  0.143010	  0.392653	  0.214337	
  0.399402	  0.100598	  0.399402	  0.100598	

URL http://cisbp.ccbr.utoronto.ca/TFreport.php?versionNumber=1.02&searchTF=T067352_1.02

MOTIF M0523_1.02 (A7TQH8_VANPO)_(Saccharomyces_cerevisiae)_(DBD_0.74)

letter-probability matrix: alength= 4 w= 10 nsites= 1 E= 0
  0.308679	  0.221917	  0.245256	  0.224147	
  0.328203	  0.195124	  0.235953	  0.240720	
  0.306074	  0.174832	  0.263440	  0.255654	
  0.101564	  0.065411	  0.765622	  0.067403	
  0.237339	  0.343604	  0.035499	  0.383558	
  0.055556	  0.056114	  0.851828	  0.036503	
  0.091114	  0.069555	  0.838919	  0.000412	
  0.121043	  0.033993	  0.817411	  0.027554	
  0.129826	  0.051738	  0.754607	  0.063828	
  0.193503	  0.205469	  0.306523	  0.294504	

URL http://cisbp.ccbr.utoronto.ca/TFreport.php?versionNumber=1.02&searchTF=T067372_1.02

MOTIF M0527_1.02 (A7TH69_VANPO)_(Saccharomyces_cerevisiae)_(DBD_0.85)

letter-probability matrix: alength= 4 w= 8 nsites= 1 E= 0
  0.205319	  0.300235	  0.149092	  0.345353	
  0.429618	  0.247868	  0.125574	  0.196940	
  0.573653	  0.124216	  0.268278	  0.033853	
  0.004834	  0.001778	  0.885013	  0.108375	
  0.005427	  0.000372	  0.993588	  0.000613	
  0.214906	  0.000734	  0.765250	  0.019110	
  0.193666	  0.021459	  0.682756	  0.102119	
  0.178921	  0.280603	  0.207876	  0.332600	

URL http://cisbp.ccbr.utoronto.ca/TFreport.php?versionNumber=1.02&searchTF=T067353_1.02

MOTIF M0530_1.02 (A7TGE4_VANPO)_(Saccharomyces_cerevisiae)_(DBD_0.96)

letter-probability matrix: alength= 4 w= 8 nsites= 1 E= 0
  0.230828	  0.077454	  0.690951	  0.000767	
  0.998239	  0.000587	  0.000587	  0.000587	
  0.998239	  0.000587	  0.000587	  0.000587	
  0.998239	  0.000587	  0.000587	  0.000587	
  0.998239	  0.000587	  0.000587	  0.000587	
  0.880869	  0.000587	  0.000587	  0.117958	
  0.811097	  0.000623	  0.000623	  0.187656	
  0.250000	  0.083887	  0.083887	  0.582226	

URL http://cisbp.ccbr.utoronto.ca/TFreport.php?versionNumber=1.02&searchTF=T067351_1.02

MOTIF M0532_1.02 (A7TFW9_VANPO)_(Saccharomyces_cerevisiae)_(DBD_0.81)

letter-probability matrix: alength= 4 w= 10 nsites= 1 E= 0
  0.284861	  0.187167	  0.314820	  0.213151	
  0.318640	  0.092209	  0.211465	  0.377685	
  0.087381	  0.040865	  0.796544	  0.075210	
  0.296222	  0.391941	  0.018562	  0.293275	
  0.030457	  0.005849	  0.894542	  0.069152	
  0.058272	  0.001641	  0.939281	  0.000807	
  0.137082	  0.001139	  0.829300	  0.032479	
  0.061219	  0.020999	  0.716552	  0.201231	
  0.246999	  0.198222	  0.246999	  0.307780	
  0.346702	  0.180994	  0.225533	  0.246772	

URL http://cisbp.ccbr.utoronto.ca/TFreport.php?versionNumber=1.02&searchTF=T067350_1.02

MOTIF M0535_1.02 (A7TM07_VANPO)_(Saccharomyces_cerevisiae)_(DBD_0.84)

letter-probability matrix: alength= 4 w= 12 nsites= 1 E= 0
  0.226689	  0.226689	  0.319932	  0.226689	
  0.338195	  0.156882	  0.254798	  0.250124	
  0.052292	  0.052292	  0.843124	  0.052292	
  0.022104	  0.022104	  0.933688	  0.022104	
  0.000043	  0.899681	  0.100234	  0.000043	
  0.209039	  0.000043	  0.516730	  0.274188	
  0.000043	  0.725727	  0.000043	  0.274188	
  0.899681	  0.000043	  0.000043	  0.100234	
  0.023353	  0.023353	  0.829749	  0.123545	
  0.193352	  0.503917	  0.093161	  0.209570	
  0.197751	  0.406748	  0.197751	  0.197751	
  0.227939	  0.227939	  0.227939	  0.316184	

URL http://cisbp.ccbr.utoronto.ca/TFreport.php?versionNumber=1.02&searchTF=T067363_1.02

MOTIF M0536_1.02 (A7TKS6_VANPO)_(Saccharomyces_cerevisiae)_(DBD_0.84)

letter-probability matrix: alength= 4 w= 10 nsites= 1 E= 0
  0.314178	  0.172425	  0.304893	  0.208504	
  0.294373	  0.205377	  0.266360	  0.233889	
  0.338462	  0.182074	  0.243328	  0.236137	
  0.333526	  0.239780	  0.230378	  0.196315	
  0.277256	  0.191511	  0.248376	  0.282857	
  0.332636	  0.209987	  0.234404	  0.222972	
  0.362827	  0.110380	  0.370157	  0.156636	
  0.280685	  0.207936	  0.342829	  0.168550	
  0.467480	  0.171976	  0.168571	  0.191973	
  0.625209	  0.015304	  0.241794	  0.117694	

URL http://cisbp.ccbr.utoronto.ca/TFreport.php?versionNumber=1.02&searchTF=T067360_1.02

MOTIF M0541_1.02 (A7TIY5_VANPO)_(Saccharomyces_cerevisiae)_(DBD_0.83)

letter-probability matrix: alength= 4 w= 10 nsites= 1 E= 0
  0.243229	  0.267608	  0.295019	  0.194144	
  0.115411	  0.405641	  0.150272	  0.328677	
  0.046600	  0.017752	  0.906935	  0.028713	
  0.124892	  0.243059	  0.085847	  0.546202	
  0.484396	  0.261664	  0.066335	  0.187604	
  0.362151	  0.082963	  0.456331	  0.098555	
  0.964808	  0.003435	  0.015804	  0.015953	
  0.000375	  0.000000	  0.000000	  0.999625	
  0.014161	  0.910649	  0.026184	  0.049006	
  0.367211	  0.290052	  0.164598	  0.178139	

URL http://cisbp.ccbr.utoronto.ca/TFreport.php?versionNumber=1.02&searchTF=T067357_1.02

MOTIF M0734_1.02 (A7TG15_VANPO)_(Mus_musculus)_(DBD_0.41)

letter-probability matrix: alength= 4 w= 10 nsites= 1 E= 0
  0.351977	  0.145994	  0.093090	  0.408939	
  0.430155	  0.146079	  0.255736	  0.168030	
  0.278189	  0.199996	  0.208158	  0.313657	
  0.359617	  0.095110	  0.461757	  0.083516	
  0.198979	  0.180044	  0.080094	  0.540882	
  0.531072	  0.271754	  0.087786	  0.109388	
  0.713788	  0.108917	  0.076752	  0.100543	
  0.717547	  0.081113	  0.105197	  0.096143	
  0.093915	  0.556901	  0.052583	  0.296601	
  0.697500	  0.074255	  0.098249	  0.129996	

URL http://cisbp.ccbr.utoronto.ca/TFreport.php?versionNumber=1.02&searchTF=T083404_1.02

MOTIF M0750_1.02 (A7TLW4_VANPO)_(Saccharomyces_cerevisiae)_(DBD_0.59)

letter-probability matrix: alength= 4 w= 10 nsites= 1 E= 0
  0.333384	  0.186661	  0.227988	  0.251966	
  0.243491	  0.236295	  0.191537	  0.328678	
  0.290403	  0.120454	  0.508400	  0.080743	
  0.144493	  0.108119	  0.080096	  0.667293	
  0.665365	  0.230520	  0.042535	  0.061580	
  0.737993	  0.130835	  0.027220	  0.103953	
  0.810160	  0.045026	  0.052312	  0.092502	
  0.087322	  0.613757	  0.079806	  0.219115	
  0.815710	  0.031002	  0.077794	  0.075494	
  0.402874	  0.192217	  0.160553	  0.244356	

URL http://cisbp.ccbr.utoronto.ca/TFreport.php?versionNumber=1.02&searchTF=T083406_1.02

MOTIF M0754_1.02 (A7TDY5_VANPO)_(Saccharomyces_cerevisiae)_(DBD_0.82)

letter-probability matrix: alength= 4 w= 9 nsites= 1 E= 0
  0.253538	  0.231716	  0.256086	  0.258660	
  0.197686	  0.243880	  0.444379	  0.114055	
  0.612621	  0.117654	  0.127453	  0.142273	
  0.088533	  0.823346	  0.000469	  0.087652	
  0.066044	  0.000091	  0.773038	  0.160827	
  0.048781	  0.950840	  0.000012	  0.000367	
  0.624070	  0.056614	  0.225036	  0.094279	
  0.386853	  0.239378	  0.199945	  0.173824	
  0.377692	  0.176634	  0.171414	  0.274261	

URL http://cisbp.ccbr.utoronto.ca/TFreport.php?versionNumber=1.02&searchTF=T083403_1.02

MOTIF M0781_1.02 (A7TRI7_VANPO)_(Dictyostelium_discoideum)_(DBD_0.72)

letter-probability matrix: alength= 4 w= 9 nsites= 1 E= 0
  0.219716	  0.265691	  0.183522	  0.331071	
  0.250434	  0.265920	  0.243032	  0.240614	
  0.444513	  0.386441	  0.083678	  0.085369	
  0.084304	  0.006517	  0.866469	  0.042710	
  0.921264	  0.013273	  0.007735	  0.057728	
  0.016068	  0.014394	  0.000001	  0.969537	
  0.152074	  0.546954	  0.164739	  0.136233	
  0.135109	  0.205631	  0.261408	  0.397853	
  0.296179	  0.230665	  0.242491	  0.230665	

URL http://cisbp.ccbr.utoronto.ca/TFreport.php?versionNumber=1.02&searchTF=T086054_1.02

MOTIF M0792_1.02 (A7TJR1_VANPO)_(Neurospora_crassa)_(DBD_0.74)

letter-probability matrix: alength= 4 w= 8 nsites= 1 E= 0
  0.246114	  0.263959	  0.251086	  0.238840	
  0.289615	  0.264688	  0.175661	  0.270036	
  0.101067	  0.108395	  0.696303	  0.094234	
  0.794489	  0.034733	  0.044598	  0.126179	
  0.025614	  0.062373	  0.046671	  0.865343	
  0.449630	  0.160521	  0.097361	  0.292488	
  0.295846	  0.232721	  0.265029	  0.206405	
  0.224078	  0.276441	  0.282025	  0.217456	

URL http://cisbp.ccbr.utoronto.ca/TFreport.php?versionNumber=1.02&searchTF=T086050_1.02

MOTIF M0798_1.02 (A7TNS9_VANPO)_(Saccharomyces_cerevisiae)_(DBD_0.71)

letter-probability matrix: alength= 4 w= 8 nsites= 1 E= 0
  0.247804	  0.271140	  0.235718	  0.245338	
  0.261670	  0.297997	  0.154020	  0.286313	
  0.052780	  0.029849	  0.876675	  0.040696	
  0.926075	  0.021998	  0.011034	  0.040893	
  0.058687	  0.022697	  0.027722	  0.890894	
  0.705984	  0.042504	  0.014148	  0.237364	
  0.466491	  0.155281	  0.201389	  0.176839	
  0.199833	  0.275195	  0.367778	  0.157194	

URL http://cisbp.ccbr.utoronto.ca/TFreport.php?versionNumber=1.02&searchTF=T086052_1.02

MOTIF M0802_1.02 (A7TQ74_VANPO)_(Saccharomyces_cerevisiae)_(DBD_0.71)

letter-probability matrix: alength= 4 w= 8 nsites= 1 E= 0
  0.241608	  0.275151	  0.239204	  0.244037	
  0.296230	  0.276203	  0.125353	  0.302214	
  0.112070	  0.056211	  0.764422	  0.067297	
  0.845075	  0.033096	  0.040424	  0.081404	
  0.133048	  0.032483	  0.083991	  0.750478	
  0.668490	  0.060041	  0.051163	  0.220307	
  0.508784	  0.134562	  0.198745	  0.157910	
  0.204053	  0.264642	  0.383132	  0.148173	

URL http://cisbp.ccbr.utoronto.ca/TFreport.php?versionNumber=1.02&searchTF=T086053_1.02

MOTIF M1139_1.02 (A7TJA6_VANPO)_(Saccharomyces_cerevisiae)_(DBD_0.74)

letter-probability matrix: alength= 4 w= 7 nsites= 1 E= 0
  0.124134	  0.217317	  0.179713	  0.478836	
  0.425499	  0.081717	  0.063008	  0.429776	
  0.545914	  0.061711	  0.110218	  0.282157	
  0.962144	  0.000037	  0.037681	  0.000138	
  0.064162	  0.078368	  0.177934	  0.679537	
  0.160587	  0.082999	  0.212477	  0.543937	
  0.445369	  0.076623	  0.387185	  0.090822	

URL http://cisbp.ccbr.utoronto.ca/TFreport.php?versionNumber=1.02&searchTF=T102780_1.02

MOTIF M1141_1.02 (A7TEK4_VANPO)_(Saccharomyces_cerevisiae)_(DBD_0.83)

letter-probability matrix: alength= 4 w= 10 nsites= 1 E= 0
  0.387637	  0.087363	  0.170727	  0.354273	
  0.488651	  0.052021	  0.047071	  0.412258	
  0.180890	  0.062670	  0.131353	  0.625086	
  0.195932	  0.145150	  0.637637	  0.021280	
  0.066209	  0.183611	  0.020345	  0.729835	
  0.006063	  0.011730	  0.945896	  0.036311	
  0.142484	  0.145362	  0.034098	  0.678056	
  0.000623	  0.989175	  0.001205	  0.008997	
  0.626682	  0.105683	  0.119157	  0.148478	
  0.302874	  0.195062	  0.143067	  0.358997	

URL http://cisbp.ccbr.utoronto.ca/TFreport.php?versionNumber=1.02&searchTF=T102775_1.02

MOTIF M1218_1.02 (A7TIP2_VANPO)_(Kluyveromyces_lactis)_(DBD_0.70)

letter-probability matrix: alength= 4 w= 10 nsites= 1 E= 0
  0.231822	  0.269534	  0.267283	  0.231361	
  0.200699	  0.319573	  0.182522	  0.297206	
  0.339925	  0.217030	  0.204019	  0.239025	
  0.449614	  0.196016	  0.137032	  0.217338	
  0.233803	  0.072202	  0.130307	  0.563688	
  0.563688	  0.130307	  0.072202	  0.233803	
  0.217338	  0.137032	  0.196016	  0.449614	
  0.239025	  0.204019	  0.217030	  0.339925	
  0.297206	  0.182522	  0.319573	  0.200699	
  0.231361	  0.267283	  0.269534	  0.231822	

URL http://cisbp.ccbr.utoronto.ca/TFreport.php?versionNumber=1.02&searchTF=T102779_1.02

MOTIF M1252_1.02 (A7TJ41_VANPO)_(Saccharomyces_cerevisiae)_(DBD_0.73)

letter-probability matrix: alength= 4 w= 9 nsites= 1 E= 0
  0.320154	  0.181055	  0.206191	  0.292599	
  0.231700	  0.238756	  0.197442	  0.332102	
  0.223589	  0.242212	  0.287095	  0.247105	
  0.161512	  0.025143	  0.029212	  0.784133	
  0.138264	  0.051376	  0.075881	  0.734480	
  0.092315	  0.709959	  0.122145	  0.075581	
  0.148989	  0.381409	  0.144586	  0.325016	
  0.473500	  0.149928	  0.202381	  0.174191	
  0.182247	  0.285820	  0.153755	  0.378177	

URL http://cisbp.ccbr.utoronto.ca/TFreport.php?versionNumber=1.02&searchTF=T107019_1.02

MOTIF M1255_1.02 (A7TT79_VANPO)_(Saccharomyces_cerevisiae)_(DBD_0.73)

letter-probability matrix: alength= 4 w= 10 nsites= 1 E= 0
  0.177497	  0.343421	  0.206223	  0.272859	
  0.086696	  0.213239	  0.337786	  0.362278	
  0.114953	  0.032607	  0.849392	  0.003048	
  0.001386	  0.018659	  0.885668	  0.094287	
  0.063067	  0.849122	  0.067640	  0.020170	
  0.004904	  0.387626	  0.357824	  0.249645	
  0.423871	  0.102456	  0.281302	  0.192372	
  0.243651	  0.141987	  0.152282	  0.462079	
  0.349097	  0.158436	  0.185926	  0.306541	
  0.307704	  0.202176	  0.188508	  0.301611	

URL http://cisbp.ccbr.utoronto.ca/TFreport.php?versionNumber=1.02&searchTF=T107021_1.02

MOTIF M1298_1.02 (A7TPT7_VANPO)_(Mus_musculus)_(DBD_0.78)

letter-probability matrix: alength= 4 w= 10 nsites= 1 E= 0
  0.212984	  0.416099	  0.142972	  0.227946	
  0.201998	  0.401559	  0.182516	  0.213926	
  0.432247	  0.083239	  0.179282	  0.305232	
  0.394149	  0.098816	  0.146383	  0.360652	
  0.532912	  0.075998	  0.118189	  0.272901	
  0.272901	  0.118189	  0.075998	  0.532912	
  0.360652	  0.146383	  0.098816	  0.394149	
  0.305232	  0.179282	  0.083239	  0.432247	
  0.213926	  0.182516	  0.401559	  0.201998	
  0.227946	  0.142972	  0.416099	  0.212984	

URL http://cisbp.ccbr.utoronto.ca/TFreport.php?versionNumber=1.02&searchTF=T112828_1.02

MOTIF M1299_1.02 (A7TGL0_VANPO)_(Saccharomyces_cerevisiae)_(DBD_0.80)

letter-probability matrix: alength= 4 w= 8 nsites= 1 E= 0
  0.009615	  0.009615	  0.009615	  0.971154	
  0.009615	  0.009615	  0.009615	  0.971154	
  0.971154	  0.009615	  0.009615	  0.009615	
  0.971154	  0.009615	  0.009615	  0.009615	
  0.009615	  0.009615	  0.009615	  0.971154	
  0.971154	  0.009615	  0.009615	  0.009615	
  0.971154	  0.009615	  0.009615	  0.009615	
  0.971154	  0.009615	  0.009615	  0.009615	

URL http://cisbp.ccbr.utoronto.ca/TFreport.php?versionNumber=1.02&searchTF=T112827_1.02

MOTIF M1641_1.02 (A7TGZ0_VANPO)_(Mus_musculus)_(DBD_0.81)

letter-probability matrix: alength= 4 w= 7 nsites= 1 E= 0
  0.486500	  0.104296	  0.119969	  0.289234	
  0.014489	  0.191210	  0.078521	  0.715780	
  0.639678	  0.069475	  0.000533	  0.290314	
  0.371463	  0.095340	  0.000769	  0.532428	
  0.515031	  0.123251	  0.123251	  0.238466	
  0.400342	  0.112429	  0.110202	  0.377028	
  0.323600	  0.170632	  0.188577	  0.317192	

URL http://cisbp.ccbr.utoronto.ca/TFreport.php?versionNumber=1.02&searchTF=T150922_1.02

MOTIF M1813_1.02 (A7TPX7_VANPO)_(Saccharomyces_cerevisiae)_(DBD_0.81)

letter-probability matrix: alength= 4 w= 9 nsites= 1 E= 0
  0.296230	  0.194637	  0.221658	  0.287475	
  0.350496	  0.157488	  0.181154	  0.310862	
  0.164924	  0.322300	  0.218216	  0.294560	
  0.158784	  0.223083	  0.322965	  0.295168	
  0.000723	  0.858877	  0.098065	  0.042335	
  0.010072	  0.943664	  0.046052	  0.000212	
  0.000616	  0.028667	  0.867612	  0.103105	
  0.168308	  0.152292	  0.485800	  0.193600	
  0.250892	  0.164848	  0.127106	  0.457155	

URL http://cisbp.ccbr.utoronto.ca/TFreport.php?versionNumber=1.02&searchTF=T164962_1.02

MOTIF M1890_1.02 (A7TPG4_VANPO)_(Homo_sapiens)_(DBD_0.72)

letter-probability matrix: alength= 4 w= 18 nsites= 1 E= 0
  0.536953	  0.172787	  0.112112	  0.178148	
  0.135379	  0.112568	  0.522354	  0.229699	
  0.404653	  0.257299	  0.247263	  0.090785	
  0.137203	  0.339074	  0.453695	  0.070027	
  0.208257	  0.267336	  0.035698	  0.488709	
  0.021898	  0.095119	  0.546077	  0.336907	
  0.027030	  0.842153	  0.054859	  0.075958	
  0.001825	  0.113253	  0.027600	  0.857322	
  0.025319	  0.116104	  0.819001	  0.039576	
  0.975707	  0.000228	  0.017108	  0.006957	
  0.000570	  0.005931	  0.000912	  0.992587	
  0.001141	  0.000570	  0.000570	  0.997719	
  0.003307	  0.001141	  0.994526	  0.001026	
  0.001369	  0.007984	  0.990306	  0.000342	
  0.042997	  0.305315	  0.001711	  0.649977	
  0.052464	  0.449703	  0.213618	  0.284215	
  0.175297	  0.476277	  0.253992	  0.094434	
  0.485972	  0.129562	  0.308736	  0.075730	

URL http://cisbp.ccbr.utoronto.ca/TFreport.php?versionNumber=1.02&searchTF=T070735_1.02

MOTIF M2080_1.02 (A7THD8_VANPO)_(Saccharomyces_cerevisiae)_(DBD_0.87)

letter-probability matrix: alength= 4 w= 6 nsites= 1 E= 0
  0.470000	  0.000000	  0.000000	  0.530000	
  0.000000	  0.161616	  0.111111	  0.727273	
  0.000000	  1.000000	  0.000000	  0.000000	
  0.000000	  1.000000	  0.000000	  0.000000	
  0.000000	  0.000000	  1.000000	  0.000000	
  0.240000	  0.000000	  0.760000	  0.000000	

URL http://cisbp.ccbr.utoronto.ca/TFreport.php?versionNumber=1.02&searchTF=T164941_1.02

MOTIF M2097_1.02 (A7TM68_VANPO)_(Saccharomyces_cerevisiae)_(DBD_0.75)

letter-probability matrix: alength= 4 w= 7 nsites= 1 E= 0
  0.000000	  0.070000	  0.000000	  0.930000	
  0.140000	  0.860000	  0.000000	  0.000000	
  0.000000	  0.860000	  0.140000	  0.000000	
  0.000000	  0.000000	  1.000000	  0.000000	
  0.000000	  0.000000	  1.000000	  0.000000	
  0.717172	  0.070707	  0.070707	  0.141414	
  0.282828	  0.070707	  0.363636	  0.282828	

URL http://cisbp.ccbr.utoronto.ca/TFreport.php?versionNumber=1.02&searchTF=T164954_1.02

MOTIF M2172_1.02 (A7TE38_VANPO)_(Saccharomyces_cerevisiae)_(DBD_0.76)

letter-probability matrix: alength= 4 w= 11 nsites= 1 E= 0
  0.420000	  0.130000	  0.230000	  0.220000	
  0.340000	  0.100000	  0.340000	  0.220000	
  0.370000	  0.000000	  0.000000	  0.630000	
  0.217822	  0.019802	  0.000000	  0.762376	
  0.270000	  0.150000	  0.170000	  0.410000	
  0.300000	  0.180000	  0.040000	  0.480000	
  0.000000	  0.120000	  0.000000	  0.880000	
  0.000000	  1.000000	  0.000000	  0.000000	
  0.000000	  1.000000	  0.000000	  0.000000	
  0.039604	  0.000000	  0.881188	  0.079208	
  0.320000	  0.130000	  0.330000	  0.220000	

URL http://cisbp.ccbr.utoronto.ca/TFreport.php?versionNumber=1.02&searchTF=T164936_1.02

MOTIF M4228_1.02 (A7TJD9_VANPO)_(Saccharomyces_cerevisiae)_(DBD_0.93)

letter-probability matrix: alength= 4 w= 15 nsites= 1 E= 0
  0.600000	  0.000000	  0.000000	  0.400000	
  0.600000	  0.000000	  0.000000	  0.400000	
  0.000000	  0.000000	  0.000000	  1.000000	
  0.100000	  0.000000	  0.100000	  0.800000	
  0.000000	  1.000000	  0.000000	  0.000000	
  0.000000	  1.000000	  0.000000	  0.000000	
  0.400000	  0.100000	  0.500000	  0.000000	
  0.200000	  0.300000	  0.400000	  0.100000	
  0.100000	  0.600000	  0.000000	  0.300000	
  0.000000	  0.000000	  1.000000	  0.000000	
  0.000000	  0.000000	  1.000000	  0.000000	
  0.600000	  0.100000	  0.200000	  0.100000	
  0.900000	  0.000000	  0.000000	  0.100000	
  0.300000	  0.000000	  0.100000	  0.600000	
  0.200000	  0.200000	  0.000000	  0.600000	

URL http://cisbp.ccbr.utoronto.ca/TFreport.php?versionNumber=1.02&searchTF=T164946_1.02

MOTIF M4243_1.02 (A7TFR4_VANPO)_(Saccharomyces_cerevisiae)_(DBD_0.80)

letter-probability matrix: alength= 4 w= 7 nsites= 1 E= 0
  0.176573	  0.337413	  0.260490	  0.225524	
  0.141608	  0.365385	  0.302448	  0.190559	
  0.204545	  0.183566	  0.547203	  0.064685	
  0.001748	  0.994755	  0.001748	  0.001748	
  0.001748	  0.001748	  0.994755	  0.001748	
  0.001748	  0.994755	  0.001748	  0.001748	
  0.036713	  0.050699	  0.910839	  0.001748	

URL http://cisbp.ccbr.utoronto.ca/TFreport.php?versionNumber=1.02&searchTF=T164938_1.02

MOTIF M4308_1.02 (A7TMS0_VANPO)_(Saccharomyces_cerevisiae)_(DBD_0.80)

letter-probability matrix: alength= 4 w= 16 nsites= 1 E= 0
  1.000000	  0.000000	  0.000000	  0.000000	
  1.000000	  0.000000	  0.000000	  0.000000	
  0.000000	  0.000000	  0.000000	  1.000000	
  0.000000	  1.000000	  0.000000	  0.000000	
  1.000000	  0.000000	  0.000000	  0.000000	
  0.250000	  0.250000	  0.250000	  0.250000	
  0.250000	  0.250000	  0.250000	  0.250000	
  0.250000	  0.250000	  0.250000	  0.250000	
  0.250000	  0.250000	  0.250000	  0.250000	
  0.250000	  0.250000	  0.250000	  0.250000	
  0.250000	  0.250000	  0.250000	  0.250000	
  0.250000	  0.250000	  0.250000	  0.250000	
  0.250000	  0.250000	  0.250000	  0.250000	
  0.000000	  0.000000	  0.000000	  1.000000	
  0.000000	  0.000000	  1.000000	  0.000000	
  1.000000	  0.000000	  0.000000	  0.000000	

URL http://cisbp.ccbr.utoronto.ca/TFreport.php?versionNumber=1.02&searchTF=T153819_1.02

MOTIF M4317_1.02 (A7TNT5_VANPO)_(Saccharomyces_cerevisiae)_(DBD_0.82)

letter-probability matrix: alength= 4 w= 13 nsites= 1 E= 0
  0.055000	  0.280000	  0.081000	  0.584000	
  0.005000	  0.931000	  0.043000	  0.021000	
  0.043000	  0.697000	  0.205000	  0.055000	
  0.596404	  0.037962	  0.282717	  0.082917	
  0.089910	  0.068931	  0.188811	  0.652348	
  0.123000	  0.135000	  0.159000	  0.583000	
  0.412000	  0.269000	  0.182000	  0.137000	
  0.507000	  0.073000	  0.358000	  0.062000	
  0.157000	  0.170000	  0.417000	  0.256000	
  0.012000	  0.946000	  0.017000	  0.025000	
  0.020979	  0.913087	  0.033966	  0.031968	
  0.012000	  0.030000	  0.945000	  0.013000	
  0.377000	  0.140000	  0.329000	  0.154000	

URL http://cisbp.ccbr.utoronto.ca/TFreport.php?versionNumber=1.02&searchTF=T164957_1.02

MOTIF M4319_1.02 (A7TQK0_VANPO)_(Saccharomyces_cerevisiae)_(DBD_0.76)

letter-probability matrix: alength= 4 w= 21 nsites= 1 E= 0
  0.322548	  0.207571	  0.190454	  0.279426	
  0.160074	  0.172216	  0.229316	  0.438395	
  0.219382	  0.289418	  0.168908	  0.322291	
  0.461381	  0.124628	  0.184273	  0.229718	
  0.349612	  0.201072	  0.233241	  0.216074	
  0.342502	  0.144311	  0.281900	  0.231287	
  0.566078	  0.022501	  0.017576	  0.393844	
  0.849427	  0.009370	  0.020674	  0.120529	
  0.400368	  0.164609	  0.182670	  0.252352	
  0.003731	  0.916518	  0.010544	  0.069207	
  0.004779	  0.177764	  0.038898	  0.778560	
  0.003126	  0.985672	  0.001336	  0.009866	
  0.000987	  0.972506	  0.025512	  0.000994	
  0.000802	  0.030741	  0.967169	  0.001288	
  0.136500	  0.004161	  0.849357	  0.009982	
  0.708847	  0.060727	  0.197735	  0.032691	
  0.289826	  0.183904	  0.438604	  0.087666	
  0.164184	  0.172297	  0.205085	  0.458434	
  0.373681	  0.101036	  0.232782	  0.292501	
  0.225637	  0.168325	  0.299085	  0.306953	
  0.322790	  0.212682	  0.195581	  0.268947	

URL http://cisbp.ccbr.utoronto.ca/TFreport.php?versionNumber=1.02&searchTF=T164965_1.02

MOTIF M4333_1.02 (A7TGD0_VANPO)_(Saccharomyces_cerevisiae)_(DBD_0.84)

letter-probability matrix: alength= 4 w= 5 nsites= 1 E= 0
  1.000000	  0.000000	  0.000000	  0.000000	
  0.000000	  0.000000	  0.000000	  1.000000	
  0.000000	  1.000000	  0.000000	  0.000000	
  1.000000	  0.000000	  0.000000	  0.000000	
  0.500000	  0.000000	  0.500000	  0.000000	

URL http://cisbp.ccbr.utoronto.ca/TFreport.php?versionNumber=1.02&searchTF=T086049_1.02

MOTIF M4346_1.02 (A7TJF2_VANPO)_(Saccharomyces_cerevisiae)_(DBD_0.85)

letter-probability matrix: alength= 4 w= 11 nsites= 1 E= 0
  0.035964	  0.615385	  0.328671	  0.019980	
  0.008000	  0.960000	  0.007000	  0.025000	
  0.007000	  0.004000	  0.973000	  0.016000	
  0.499000	  0.103000	  0.172000	  0.226000	
  0.107107	  0.009009	  0.012012	  0.871872	
  0.832000	  0.040000	  0.062000	  0.066000	
  0.292000	  0.012000	  0.033000	  0.663000	
  0.111000	  0.242000	  0.064000	  0.583000	
  0.091908	  0.075924	  0.252747	  0.579421	
  0.007000	  0.948000	  0.021000	  0.024000	
  0.017000	  0.955000	  0.019000	  0.009000	

URL http://cisbp.ccbr.utoronto.ca/TFreport.php?versionNumber=1.02&searchTF=T164948_1.02

MOTIF M4363_1.02 (A7TLL4_VANPO)_(Saccharomyces_cerevisiae)_(DBD_0.78)

letter-probability matrix: alength= 4 w= 8 nsites= 1 E= 0
  0.066010	  0.379270	  0.000000	  0.554719	
  0.000000	  0.000000	  1.000000	  0.000000	
  1.000000	  0.000000	  0.000000	  0.000000	
  0.000000	  0.000000	  1.000000	  0.000000	
  0.000000	  0.932362	  0.000000	  0.067638	
  1.000000	  0.000000	  0.000000	  0.000000	
  0.824901	  0.124503	  0.000000	  0.050597	
  0.937967	  0.000000	  0.000000	  0.062033	

URL http://cisbp.ccbr.utoronto.ca/TFreport.php?versionNumber=1.02&searchTF=T071964_1.02

MOTIF M4368_1.02 (A7TDN4_VANPO)_(Saccharomyces_cerevisiae)_(DBD_0.81)

letter-probability matrix: alength= 4 w= 6 nsites= 1 E= 0
  0.329357	  0.329357	  0.011930	  0.329357	
  0.964289	  0.011904	  0.011904	  0.011904	
  0.011904	  0.011904	  0.964289	  0.011904	
  0.011904	  0.011904	  0.964289	  0.011904	
  0.011909	  0.488091	  0.011909	  0.488091	
  0.964289	  0.011904	  0.011904	  0.011904	

URL http://cisbp.ccbr.utoronto.ca/TFreport.php?versionNumber=1.02&searchTF=T067342_1.02

MOTIF M4388_1.02 (A7TSG0_VANPO)_(Saccharomyces_cerevisiae)_(DBD_0.75)

letter-probability matrix: alength= 4 w= 8 nsites= 1 E= 0
  0.424905	  0.149417	  0.104664	  0.321015	
  0.770037	  0.007863	  0.097419	  0.124681	
  0.107723	  0.036654	  0.016066	  0.839558	
  0.017478	  0.000981	  0.980561	  0.000981	
  0.000974	  0.000974	  0.023947	  0.974105	
  0.038374	  0.932951	  0.008804	  0.019871	
  0.058792	  0.766578	  0.011831	  0.162799	
  0.303547	  0.220024	  0.118676	  0.357753	

URL http://cisbp.ccbr.utoronto.ca/TFreport.php?versionNumber=1.02&searchTF=T087047_1.02

MOTIF M4398_1.02 (A7TRK5_VANPO)_(Saccharomyces_cerevisiae)_(DBD_0.82)

letter-probability matrix: alength= 4 w= 20 nsites= 1 E= 0
  0.006128	  0.008274	  0.977386	  0.008212	
  0.263556	  0.169136	  0.388448	  0.178860	
  0.086188	  0.027945	  0.094702	  0.791165	
  0.432362	  0.117457	  0.130198	  0.319983	
  0.372251	  0.084303	  0.123429	  0.420018	
  0.017074	  0.002137	  0.006100	  0.974689	
  0.004662	  0.010334	  0.005120	  0.979885	
  0.966206	  0.003052	  0.012463	  0.018279	
  0.979278	  0.001845	  0.003637	  0.015240	
  0.281310	  0.042736	  0.029531	  0.646423	
  0.018818	  0.025854	  0.025939	  0.929388	
  0.147691	  0.269864	  0.081011	  0.501433	
  0.003204	  0.964554	  0.026868	  0.005375	
  0.001915	  0.985609	  0.011036	  0.001441	
  0.003188	  0.005582	  0.988820	  0.002411	
  0.317349	  0.526582	  0.134485	  0.021584	
  0.916063	  0.023426	  0.013556	  0.046955	
  0.191552	  0.234073	  0.415123	  0.159252	
  0.589827	  0.040247	  0.144157	  0.225769	
  0.335417	  0.168799	  0.091968	  0.403816	

URL http://cisbp.ccbr.utoronto.ca/TFreport.php?versionNumber=1.02&searchTF=T164968_1.02

MOTIF M4404_1.02 (A7TGM2_VANPO)_(Saccharomyces_cerevisiae)_(DBD_0.88)

letter-probability matrix: alength= 4 w= 7 nsites= 1 E= 0
  0.213048	  0.131122	  0.541105	  0.114725	
  0.000000	  1.000000	  0.000000	  0.000000	
  0.081990	  0.000000	  0.016394	  0.901616	
  0.000000	  0.000000	  0.000000	  1.000000	
  0.000000	  0.934419	  0.000000	  0.065581	
  0.000000	  0.967218	  0.016389	  0.016393	
  0.376968	  0.196724	  0.032786	  0.393521	

URL http://cisbp.ccbr.utoronto.ca/TFreport.php?versionNumber=1.02&searchTF=T087044_1.02

MOTIF M4414_1.02 (A7TIX5_VANPO)_(Saccharomyces_cerevisiae)_(DBD_0.95)

letter-probability matrix: alength= 4 w= 6 nsites= 1 E= 0
  0.000000	  0.500000	  0.500000	  0.000000	
  0.500000	  0.500000	  0.000000	  0.000000	
  0.000000	  0.000000	  1.000000	  0.000000	
  0.000000	  0.000000	  1.000000	  0.000000	
  0.000000	  0.500000	  0.500000	  0.000000	
  0.000000	  0.000000	  1.000000	  0.000000	

URL http://cisbp.ccbr.utoronto.ca/TFreport.php?versionNumber=1.02&searchTF=T071963_1.02

