MEME version 4

ALPHABET= ACGT

strands: + -

Background letter frequencies (from uniform background):
A 0.25000 C 0.25000 G 0.25000 T 0.25000 

MOTIF M0099_1.02 (VDBG_00362)_(Nectria_haematococca)_(DBD_0.95)

letter-probability matrix: alength= 4 w= 10 nsites= 1 E= 0
  0.282479	  0.173160	  0.181256	  0.363105	
  0.200768	  0.319145	  0.136963	  0.343123	
  0.492646	  0.261305	  0.149200	  0.096849	
  0.029691	  0.074764	  0.001569	  0.893977	
  0.120064	  0.011447	  0.815301	  0.053187	
  0.053187	  0.815301	  0.011447	  0.120064	
  0.893977	  0.001569	  0.074764	  0.029691	
  0.096849	  0.149200	  0.261305	  0.492646	
  0.343123	  0.136963	  0.319145	  0.200768	
  0.363105	  0.181256	  0.173160	  0.282479	

URL http://cisbp.ccbr.utoronto.ca/TFreport.php?versionNumber=1.02&searchTF=T005265_1.02

MOTIF M0112_1.02 (VDBG_07586)_(Neurospora_crassa)_(DBD_0.85)

letter-probability matrix: alength= 4 w= 8 nsites= 1 E= 0
  0.231893	  0.272129	  0.231893	  0.264086	
  0.199782	  0.275126	  0.241587	  0.283505	
  0.239406	  0.256765	  0.190216	  0.313613	
  0.169991	  0.163325	  0.418109	  0.248575	
  0.699238	  0.072966	  0.111051	  0.116745	
  0.096923	  0.120773	  0.014210	  0.768095	
  0.556969	  0.037808	  0.314980	  0.090243	
  0.186997	  0.278967	  0.206664	  0.327371	

URL http://cisbp.ccbr.utoronto.ca/TFreport.php?versionNumber=1.02&searchTF=T007120_1.02

MOTIF M0118_1.02 (VDBG_00047)_(Arabidopsis_thaliana)_(DBD_0.48)

letter-probability matrix: alength= 4 w= 9 nsites= 1 E= 0
  0.241564	  0.266970	  0.261683	  0.229783	
  0.209390	  0.306188	  0.250685	  0.233737	
  0.345181	  0.182011	  0.303102	  0.169706	
  0.329720	  0.179153	  0.251701	  0.239426	
  0.411309	  0.042920	  0.202217	  0.343554	
  0.710467	  0.047747	  0.000515	  0.241271	
  0.886835	  0.000921	  0.045045	  0.067199	
  0.454667	  0.009772	  0.038075	  0.497485	
  0.212559	  0.177544	  0.097438	  0.512458	

URL http://cisbp.ccbr.utoronto.ca/TFreport.php?versionNumber=1.02&searchTF=T008594_1.02

MOTIF M0232_1.02 (VDBG_08060)_(Neurospora_crassa)_(DBD_0.67)

letter-probability matrix: alength= 4 w= 10 nsites= 1 E= 0
  0.388135	  0.112825	  0.260346	  0.238694	
  0.249054	  0.172339	  0.128937	  0.449670	
  0.199250	  0.410304	  0.162487	  0.227958	
  0.479655	  0.034839	  0.286042	  0.199464	
  0.129912	  0.429844	  0.141336	  0.298908	
  0.298908	  0.141336	  0.429844	  0.129912	
  0.199464	  0.286042	  0.034839	  0.479655	
  0.227958	  0.162487	  0.410304	  0.199250	
  0.449670	  0.128937	  0.172339	  0.249054	
  0.238694	  0.260346	  0.112825	  0.388135	

URL http://cisbp.ccbr.utoronto.ca/TFreport.php?versionNumber=1.02&searchTF=T011946_1.02

MOTIF M0233_1.02 (VDBG_05122)_(Neurospora_crassa)_(DBD_0.90)

letter-probability matrix: alength= 4 w= 10 nsites= 1 E= 0
  0.372697	  0.131267	  0.368992	  0.127044	
  0.132630	  0.120618	  0.150348	  0.596405	
  0.053806	  0.833998	  0.040004	  0.072192	
  0.860550	  0.014337	  0.062962	  0.062150	
  0.049765	  0.733895	  0.036448	  0.179892	
  0.179892	  0.036448	  0.733895	  0.049765	
  0.062150	  0.062962	  0.014337	  0.860550	
  0.072192	  0.040004	  0.833998	  0.053806	
  0.596405	  0.150348	  0.120618	  0.132630	
  0.127044	  0.368992	  0.131267	  0.372697	

URL http://cisbp.ccbr.utoronto.ca/TFreport.php?versionNumber=1.02&searchTF=T011942_1.02

MOTIF M0234_1.02 (VDBG_06134)_(Neurospora_crassa)_(DBD_0.91)

letter-probability matrix: alength= 4 w= 9 nsites= 1 E= 0
  0.269108	  0.205431	  0.331993	  0.193468	
  0.159193	  0.533850	  0.206462	  0.100496	
  0.059491	  0.939955	  0.000044	  0.000510	
  0.935853	  0.000093	  0.018384	  0.045671	
  0.000144	  0.750505	  0.011714	  0.237638	
  0.079917	  0.020105	  0.889792	  0.010186	
  0.149161	  0.300373	  0.065041	  0.485425	
  0.093731	  0.070841	  0.652254	  0.183174	
  0.241695	  0.256640	  0.267114	  0.234551	

URL http://cisbp.ccbr.utoronto.ca/TFreport.php?versionNumber=1.02&searchTF=T011943_1.02

MOTIF M0277_1.02 (VDBG_08090)_(Aspergillus_nidulans)_(DBD_0.68)

letter-probability matrix: alength= 4 w= 10 nsites= 1 E= 0
  0.154221	  0.132739	  0.506936	  0.206105	
  0.384330	  0.442085	  0.102668	  0.070916	
  0.058696	  0.013228	  0.037054	  0.891022	
  0.007506	  0.030745	  0.385962	  0.575787	
  0.911092	  0.000094	  0.061846	  0.026968	
  0.063690	  0.586417	  0.169700	  0.180193	
  0.278427	  0.160639	  0.196204	  0.364730	
  0.518034	  0.154476	  0.059742	  0.267747	
  0.729176	  0.086653	  0.088404	  0.095767	
  0.258065	  0.140220	  0.224351	  0.377364	

URL http://cisbp.ccbr.utoronto.ca/TFreport.php?versionNumber=1.02&searchTF=T023539_1.02

MOTIF M0278_1.02 (VDBG_05782)_(Aspergillus_nidulans)_(DBD_0.75)

letter-probability matrix: alength= 4 w= 9 nsites= 1 E= 0
  0.248440	  0.175072	  0.312686	  0.263802	
  0.348841	  0.201264	  0.236185	  0.213709	
  0.250961	  0.137730	  0.144792	  0.466518	
  0.192616	  0.159285	  0.330530	  0.317569	
  0.547798	  0.306711	  0.100074	  0.045418	
  0.083480	  0.792037	  0.004829	  0.119654	
  0.161924	  0.013834	  0.778312	  0.045930	
  0.238359	  0.306059	  0.081759	  0.373822	
  0.313093	  0.147894	  0.356559	  0.182454	

URL http://cisbp.ccbr.utoronto.ca/TFreport.php?versionNumber=1.02&searchTF=T023535_1.02

MOTIF M0279_1.02 (VDBG_04532)_(Aspergillus_nidulans)_(DBD_0.66)

letter-probability matrix: alength= 4 w= 10 nsites= 1 E= 0
  0.246840	  0.196081	  0.257201	  0.299878	
  0.404547	  0.230507	  0.142781	  0.222165	
  0.184351	  0.378595	  0.128283	  0.308771	
  0.636412	  0.020156	  0.194119	  0.149314	
  0.177436	  0.522892	  0.092598	  0.207075	
  0.207075	  0.092598	  0.522892	  0.177436	
  0.149314	  0.194119	  0.020156	  0.636412	
  0.308771	  0.128283	  0.378595	  0.184351	
  0.222165	  0.142781	  0.230507	  0.404547	
  0.299878	  0.257201	  0.196081	  0.246840	

URL http://cisbp.ccbr.utoronto.ca/TFreport.php?versionNumber=1.02&searchTF=T023534_1.02

MOTIF M0330_1.02 (VDBG_08802)_(Neurospora_crassa)_(DBD_0.92)

letter-probability matrix: alength= 4 w= 8 nsites= 1 E= 0
  0.690951	  0.077454	  0.154141	  0.077454	
  0.000525	  0.000525	  0.000525	  0.998424	
  0.053046	  0.000525	  0.053046	  0.893382	
  0.998424	  0.000525	  0.000525	  0.000525	
  0.000525	  0.945903	  0.053046	  0.000525	
  0.053046	  0.000525	  0.893382	  0.053046	
  0.000525	  0.053046	  0.000525	  0.945903	
  0.784188	  0.071937	  0.071937	  0.071937	

URL http://cisbp.ccbr.utoronto.ca/TFreport.php?versionNumber=1.02&searchTF=T023541_1.02

MOTIF M0333_1.02 (VDBG_08221)_(Neurospora_crassa)_(DBD_0.67)

letter-probability matrix: alength= 4 w= 9 nsites= 1 E= 0
  0.226007	  0.214985	  0.259970	  0.299037	
  0.362284	  0.189129	  0.305646	  0.142941	
  0.035974	  0.098770	  0.000200	  0.865056	
  0.112334	  0.000555	  0.714424	  0.172686	
  0.745300	  0.051614	  0.051100	  0.151986	
  0.120675	  0.535446	  0.187373	  0.156507	
  0.203170	  0.147532	  0.236050	  0.413247	
  0.260935	  0.335047	  0.220141	  0.183877	
  0.299449	  0.221837	  0.250121	  0.228593	

URL http://cisbp.ccbr.utoronto.ca/TFreport.php?versionNumber=1.02&searchTF=T023540_1.02

MOTIF M0463_1.02 (VDBG_07022)_(Neurospora_crassa)_(DBD_0.81)

letter-probability matrix: alength= 4 w= 9 nsites= 1 E= 0
  0.282318	  0.185496	  0.344824	  0.187361	
  0.100407	  0.208352	  0.065316	  0.625925	
  0.155963	  0.340229	  0.104545	  0.399263	
  0.327377	  0.063505	  0.513429	  0.095690	
  0.000083	  0.092693	  0.828236	  0.078988	
  0.068514	  0.057803	  0.818146	  0.055537	
  0.103622	  0.544981	  0.033810	  0.317587	
  0.271605	  0.229144	  0.258359	  0.240892	
  0.188301	  0.301280	  0.278117	  0.232303	

URL http://cisbp.ccbr.utoronto.ca/TFreport.php?versionNumber=1.02&searchTF=T035183_1.02

MOTIF M0469_1.02 (VDBG_04504)_(Neurospora_crassa)_(DBD_0.88)

letter-probability matrix: alength= 4 w= 10 nsites= 1 E= 0
  0.135111	  0.173485	  0.132435	  0.558969	
  0.036396	  0.008797	  0.948091	  0.006716	
  0.090702	  0.038382	  0.076522	  0.794394	
  0.000618	  0.001681	  0.991595	  0.006106	
  0.003099	  0.000230	  0.993412	  0.003258	
  0.008631	  0.977890	  0.002171	  0.011307	
  0.083917	  0.020902	  0.487765	  0.407416	
  0.128276	  0.306184	  0.274290	  0.291251	
  0.384309	  0.167578	  0.230776	  0.217337	
  0.242545	  0.177894	  0.351141	  0.228420	

URL http://cisbp.ccbr.utoronto.ca/TFreport.php?versionNumber=1.02&searchTF=T035175_1.02

MOTIF M0472_1.02 (VDBG_09365)_(Neurospora_crassa)_(DBD_0.94)

letter-probability matrix: alength= 4 w= 10 nsites= 1 E= 0
  0.217529	  0.252732	  0.181695	  0.348044	
  0.275225	  0.138046	  0.414713	  0.172016	
  0.212459	  0.346800	  0.343349	  0.097392	
  0.239578	  0.026546	  0.712572	  0.021304	
  0.007446	  0.017420	  0.970338	  0.004795	
  0.005001	  0.991913	  0.000771	  0.002316	
  0.004087	  0.000084	  0.035083	  0.960747	
  0.096549	  0.013736	  0.871357	  0.018358	
  0.599819	  0.084490	  0.173578	  0.142114	
  0.360144	  0.180640	  0.274927	  0.184289	

URL http://cisbp.ccbr.utoronto.ca/TFreport.php?versionNumber=1.02&searchTF=T035191_1.02

MOTIF M0473_1.02 (VDBG_08073)_(Neurospora_crassa)_(DBD_0.93)

letter-probability matrix: alength= 4 w= 10 nsites= 1 E= 0
  0.289992	  0.212694	  0.304860	  0.192453	
  0.226165	  0.376631	  0.131797	  0.265407	
  0.199332	  0.017725	  0.681959	  0.100985	
  0.075701	  0.801743	  0.000218	  0.122338	
  0.645987	  0.007697	  0.129125	  0.217192	
  0.158375	  0.581123	  0.012121	  0.248381	
  0.244520	  0.088173	  0.432376	  0.234932	
  0.170600	  0.075893	  0.538789	  0.214718	
  0.377946	  0.137655	  0.240989	  0.243411	
  0.151477	  0.459636	  0.144089	  0.244798	

URL http://cisbp.ccbr.utoronto.ca/TFreport.php?versionNumber=1.02&searchTF=T035187_1.02

MOTIF M0481_1.02 (VDBG_06964)_(Neurospora_crassa)_(DBD_0.88)

letter-probability matrix: alength= 4 w= 10 nsites= 1 E= 0
  0.414477	  0.104274	  0.295013	  0.186237	
  0.082034	  0.149476	  0.131254	  0.637235	
  0.000453	  0.000134	  0.999386	  0.000028	
  0.320894	  0.627103	  0.051993	  0.000010	
  0.000001	  0.000716	  0.998236	  0.001047	
  0.000006	  0.000761	  0.999233	  0.000000	
  0.002353	  0.987809	  0.000008	  0.009830	
  0.026346	  0.003226	  0.196628	  0.773800	
  0.160037	  0.593124	  0.166568	  0.080271	
  0.572905	  0.134386	  0.142696	  0.150013	

URL http://cisbp.ccbr.utoronto.ca/TFreport.php?versionNumber=1.02&searchTF=T035182_1.02

MOTIF M0483_1.02 (VDBG_03095)_(Neurospora_crassa)_(DBD_0.90)

letter-probability matrix: alength= 4 w= 10 nsites= 1 E= 0
  0.309407	  0.173236	  0.322034	  0.195323	
  0.212288	  0.170365	  0.398594	  0.218753	
  0.182019	  0.056493	  0.688221	  0.073267	
  0.205430	  0.081868	  0.250913	  0.461789	
  0.005887	  0.032875	  0.927699	  0.033539	
  0.000760	  0.000020	  0.997902	  0.001317	
  0.000226	  0.805566	  0.018021	  0.176187	
  0.115535	  0.065995	  0.310932	  0.507539	
  0.149767	  0.109846	  0.644891	  0.095496	
  0.194711	  0.078376	  0.602759	  0.124153	

URL http://cisbp.ccbr.utoronto.ca/TFreport.php?versionNumber=1.02&searchTF=T035169_1.02

MOTIF M0484_1.02 (VDBG_06048)_(Neurospora_crassa)_(DBD_0.81)

letter-probability matrix: alength= 4 w= 9 nsites= 1 E= 0
  0.263824	  0.057701	  0.599012	  0.079462	
  0.306847	  0.094288	  0.136503	  0.462362	
  0.003417	  0.000402	  0.811461	  0.184719	
  0.000117	  0.000000	  0.999883	  0.000000	
  0.000079	  0.986535	  0.000000	  0.013386	
  0.095950	  0.004322	  0.443116	  0.456611	
  0.156563	  0.315279	  0.296918	  0.231240	
  0.534596	  0.081574	  0.087489	  0.296341	
  0.157278	  0.059028	  0.644202	  0.139493	

URL http://cisbp.ccbr.utoronto.ca/TFreport.php?versionNumber=1.02&searchTF=T035181_1.02

MOTIF M0514_1.02 (VDBG_04686)_(Saccharomyces_cerevisiae)_(DBD_0.72)

letter-probability matrix: alength= 4 w= 9 nsites= 1 E= 0
  0.316777	  0.180946	  0.269939	  0.232339	
  0.350186	  0.106534	  0.283855	  0.259424	
  0.526900	  0.094350	  0.127359	  0.251391	
  0.276288	  0.142800	  0.125392	  0.455521	
  0.635588	  0.166426	  0.088637	  0.109350	
  0.159920	  0.092266	  0.629342	  0.118472	
  0.186191	  0.063230	  0.630665	  0.119914	
  0.306984	  0.046843	  0.564983	  0.081190	
  0.275201	  0.024966	  0.606377	  0.093457	

URL http://cisbp.ccbr.utoronto.ca/TFreport.php?versionNumber=1.02&searchTF=T035176_1.02

MOTIF M0729_1.02 (VDBG_06876)_(Mus_musculus)_(DBD_0.42)

letter-probability matrix: alength= 4 w= 8 nsites= 1 E= 0
  0.160144	  0.000399	  0.839058	  0.000399	
  0.000322	  0.032539	  0.000322	  0.966817	
  0.878027	  0.121368	  0.000303	  0.000303	
  0.968826	  0.030569	  0.000303	  0.000303	
  0.999092	  0.000303	  0.000303	  0.000303	
  0.000303	  0.635896	  0.000303	  0.363499	
  0.999092	  0.000303	  0.000303	  0.000303	
  0.630777	  0.105567	  0.105567	  0.158088	

URL http://cisbp.ccbr.utoronto.ca/TFreport.php?versionNumber=1.02&searchTF=T080884_1.02

MOTIF M0745_1.02 (VDBG_09975)_(Neurospora_crassa)_(DBD_0.46)

letter-probability matrix: alength= 4 w= 10 nsites= 1 E= 0
  0.227337	  0.227337	  0.227337	  0.317989	
  0.358861	  0.170204	  0.298544	  0.172391	
  0.484493	  0.000117	  0.515274	  0.000117	
  0.000117	  0.999650	  0.000117	  0.000117	
  0.999650	  0.000117	  0.000117	  0.000117	
  0.999650	  0.000117	  0.000117	  0.000117	
  0.999650	  0.000117	  0.000117	  0.000117	
  0.000117	  0.999650	  0.000117	  0.000117	
  0.931661	  0.022780	  0.022780	  0.022780	
  0.168823	  0.298703	  0.256580	  0.275894	

URL http://cisbp.ccbr.utoronto.ca/TFreport.php?versionNumber=1.02&searchTF=T080886_1.02

MOTIF M0803_1.02 (VDBG_01745)_(Saccharomyces_cerevisiae)_(DBD_0.71)

letter-probability matrix: alength= 4 w= 10 nsites= 1 E= 0
  0.275281	  0.242608	  0.224974	  0.257137	
  0.241344	  0.282465	  0.204031	  0.272159	
  0.196189	  0.245027	  0.396334	  0.162450	
  0.410715	  0.155415	  0.184636	  0.249234	
  0.106170	  0.067699	  0.065591	  0.760540	
  0.760540	  0.065591	  0.067699	  0.106170	
  0.249234	  0.184636	  0.155415	  0.410715	
  0.162450	  0.396334	  0.245027	  0.196189	
  0.272159	  0.204031	  0.282465	  0.241344	
  0.257137	  0.224974	  0.242608	  0.275281	

URL http://cisbp.ccbr.utoronto.ca/TFreport.php?versionNumber=1.02&searchTF=T084209_1.02

MOTIF M0828_1.02 (VDBG_00856)_(Fusarium_graminearum)_(DBD_0.91)

letter-probability matrix: alength= 4 w= 10 nsites= 1 E= 0
  0.270983	  0.228619	  0.255202	  0.245196	
  0.216975	  0.340285	  0.223583	  0.219156	
  0.365503	  0.167549	  0.219483	  0.247466	
  0.185416	  0.183571	  0.095833	  0.535180	
  0.195033	  0.020972	  0.701464	  0.082531	
  0.127597	  0.214621	  0.000001	  0.657782	
  0.257506	  0.459915	  0.121637	  0.160942	
  0.447523	  0.162997	  0.235976	  0.153504	
  0.372269	  0.155963	  0.151353	  0.320415	
  0.277862	  0.241561	  0.182568	  0.298009	

URL http://cisbp.ccbr.utoronto.ca/TFreport.php?versionNumber=1.02&searchTF=T089624_1.02

MOTIF M1113_1.02 (VDBG_05845)_(Neurospora_crassa)_(DBD_0.84)

letter-probability matrix: alength= 4 w= 10 nsites= 1 E= 0
  0.167595	  0.270847	  0.354799	  0.206759	
  0.228200	  0.217070	  0.273205	  0.281525	
  0.091943	  0.145644	  0.165863	  0.596550	
  0.426137	  0.024161	  0.029217	  0.520485	
  0.611844	  0.034004	  0.137893	  0.216259	
  0.965123	  0.001720	  0.027447	  0.005710	
  0.055823	  0.041355	  0.293593	  0.609229	
  0.147332	  0.064244	  0.247817	  0.540606	
  0.271480	  0.078562	  0.569004	  0.080955	
  0.162588	  0.293307	  0.399902	  0.144203	

URL http://cisbp.ccbr.utoronto.ca/TFreport.php?versionNumber=1.02&searchTF=T089628_1.02

MOTIF M1114_1.02 (VDBG_06534)_(Neurospora_crassa)_(DBD_0.84)

letter-probability matrix: alength= 4 w= 8 nsites= 1 E= 0
  0.209810	  0.248689	  0.243765	  0.297735	
  0.169404	  0.268348	  0.296570	  0.265678	
  0.128561	  0.266774	  0.173539	  0.431126	
  0.418284	  0.236550	  0.131126	  0.214040	
  0.620568	  0.129106	  0.226022	  0.024304	
  0.203970	  0.136725	  0.099283	  0.560021	
  0.279320	  0.235653	  0.176330	  0.308697	
  0.292088	  0.158706	  0.150966	  0.398240	

URL http://cisbp.ccbr.utoronto.ca/TFreport.php?versionNumber=1.02&searchTF=T089629_1.02

MOTIF M1250_1.02 (VDBG_05375)_(Neurospora_crassa)_(DBD_0.94)

letter-probability matrix: alength= 4 w= 10 nsites= 1 E= 0
  0.283600	  0.227595	  0.232192	  0.256612	
  0.230392	  0.212679	  0.304839	  0.252089	
  0.293438	  0.240247	  0.235489	  0.230826	
  0.116548	  0.031134	  0.065255	  0.787062	
  0.076460	  0.000184	  0.028411	  0.894946	
  0.057969	  0.862560	  0.029076	  0.050396	
  0.020561	  0.408869	  0.193136	  0.377434	
  0.547873	  0.105219	  0.207689	  0.139218	
  0.169023	  0.290044	  0.145479	  0.395454	
  0.259381	  0.227762	  0.298359	  0.214498	

URL http://cisbp.ccbr.utoronto.ca/TFreport.php?versionNumber=1.02&searchTF=T105683_1.02

MOTIF M1420_1.02 (VDBG_04231)_(Neurospora_crassa)_(DBD_0.77)

letter-probability matrix: alength= 4 w= 10 nsites= 1 E= 0
  0.435026	  0.147733	  0.211750	  0.205492	
  0.284690	  0.183351	  0.314632	  0.217327	
  0.175588	  0.232326	  0.364360	  0.227726	
  0.162248	  0.059094	  0.625859	  0.152799	
  0.153098	  0.058620	  0.108971	  0.679311	
  0.278014	  0.227619	  0.115316	  0.379052	
  0.399591	  0.076741	  0.420078	  0.103590	
  0.114621	  0.508586	  0.097674	  0.279118	
  0.666838	  0.055288	  0.178136	  0.099738	
  0.177973	  0.250043	  0.147177	  0.424807	

URL http://cisbp.ccbr.utoronto.ca/TFreport.php?versionNumber=1.02&searchTF=T130401_1.02

MOTIF M1535_1.02 (VDBG_04171)_(Pediculus_humanus)_(DBD_0.38)

letter-probability matrix: alength= 4 w= 10 nsites= 1 E= 0
  0.086987	  0.605320	  0.156923	  0.150770	
  0.270498	  0.273216	  0.169062	  0.287224	
  0.105470	  0.121319	  0.075070	  0.698142	
  0.471756	  0.088807	  0.414247	  0.025190	
  0.198660	  0.056917	  0.707398	  0.037025	
  0.171687	  0.536824	  0.035363	  0.256126	
  0.565485	  0.022594	  0.205960	  0.205960	
  0.898645	  0.039287	  0.042559	  0.019509	
  0.006153	  0.941002	  0.000547	  0.052297	
  0.205341	  0.328545	  0.335182	  0.130931	

URL http://cisbp.ccbr.utoronto.ca/TFreport.php?versionNumber=1.02&searchTF=T138640_1.02

MOTIF M1705_1.02 (VDBG_03734)_(Botrytis_cinerea)_(DBD_0.82)

letter-probability matrix: alength= 4 w= 8 nsites= 1 E= 0
  0.191567	  0.356109	  0.215991	  0.236332	
  0.161870	  0.286230	  0.205777	  0.346123	
  0.002701	  0.957000	  0.039009	  0.001289	
  0.000422	  0.999438	  0.000104	  0.000036	
  0.013375	  0.000158	  0.985709	  0.000758	
  0.338398	  0.185716	  0.255755	  0.220131	
  0.254124	  0.218727	  0.278056	  0.249092	
  0.253865	  0.258993	  0.264225	  0.222917	

URL http://cisbp.ccbr.utoronto.ca/TFreport.php?versionNumber=1.02&searchTF=T159750_1.02

MOTIF M1706_1.02 (VDBG_07828)_(Fusarium_graminearum)_(DBD_0.98)

letter-probability matrix: alength= 4 w= 10 nsites= 1 E= 0
  0.308556	  0.185287	  0.154764	  0.351393	
  0.296736	  0.166142	  0.222037	  0.315085	
  0.348515	  0.136140	  0.148961	  0.366384	
  0.232505	  0.212494	  0.364641	  0.190359	
  0.044296	  0.916800	  0.033145	  0.005760	
  0.000048	  0.936738	  0.062954	  0.000260	
  0.000070	  0.000015	  0.999762	  0.000154	
  0.424080	  0.214846	  0.188655	  0.172418	
  0.258288	  0.211468	  0.312335	  0.217909	
  0.261616	  0.256436	  0.259013	  0.222935	

URL http://cisbp.ccbr.utoronto.ca/TFreport.php?versionNumber=1.02&searchTF=T159805_1.02

MOTIF M1720_1.02 (VDBG_00044)_(Neurospora_crassa)_(DBD_0.88)

letter-probability matrix: alength= 4 w= 7 nsites= 1 E= 0
  0.203955	  0.184546	  0.423224	  0.188275	
  0.000292	  0.992488	  0.000533	  0.006687	
  0.090292	  0.000060	  0.909640	  0.000009	
  0.131709	  0.572835	  0.217152	  0.078304	
  0.243083	  0.240664	  0.255546	  0.260708	
  0.296444	  0.204764	  0.219611	  0.279181	
  0.290956	  0.217712	  0.235845	  0.255487	

URL http://cisbp.ccbr.utoronto.ca/TFreport.php?versionNumber=1.02&searchTF=T159691_1.02

MOTIF M1722_1.02 (VDBG_00235)_(Neurospora_crassa)_(DBD_0.85)

letter-probability matrix: alength= 4 w= 9 nsites= 1 E= 0
  0.253258	  0.248243	  0.271621	  0.226877	
  0.203860	  0.223058	  0.277947	  0.295135	
  0.344665	  0.129357	  0.125534	  0.400444	
  0.105804	  0.210942	  0.179753	  0.503501	
  0.006588	  0.987517	  0.000393	  0.005502	
  0.000099	  0.978024	  0.021661	  0.000216	
  0.015357	  0.000607	  0.983943	  0.000093	
  0.304515	  0.127577	  0.375673	  0.192235	
  0.256613	  0.212209	  0.310309	  0.220869	

URL http://cisbp.ccbr.utoronto.ca/TFreport.php?versionNumber=1.02&searchTF=T159693_1.02

MOTIF M1734_1.02 (VDBG_09426)_(Neurospora_crassa)_(DBD_0.90)

letter-probability matrix: alength= 4 w= 8 nsites= 1 E= 0
  0.324200	  0.145673	  0.242587	  0.287540	
  0.495789	  0.056045	  0.178779	  0.269387	
  0.128603	  0.277753	  0.028695	  0.564948	
  0.542726	  0.280509	  0.112911	  0.063854	
  0.053493	  0.862262	  0.018908	  0.065337	
  0.054837	  0.044897	  0.815966	  0.084299	
  0.507501	  0.120241	  0.252017	  0.120241	
  0.262801	  0.165902	  0.380465	  0.190832	

URL http://cisbp.ccbr.utoronto.ca/TFreport.php?versionNumber=1.02&searchTF=T159829_1.02

MOTIF M1735_1.02 (VDBG_08085)_(Neurospora_crassa)_(DBD_0.98)

letter-probability matrix: alength= 4 w= 10 nsites= 1 E= 0
  0.274890	  0.238978	  0.205690	  0.280443	
  0.281944	  0.226265	  0.226265	  0.265525	
  0.265719	  0.215387	  0.213244	  0.305649	
  0.266965	  0.168531	  0.106391	  0.458114	
  0.095408	  0.419122	  0.090755	  0.394715	
  0.107235	  0.716960	  0.074815	  0.100990	
  0.000913	  0.942656	  0.056188	  0.000244	
  0.004346	  0.000048	  0.952688	  0.042918	
  0.476776	  0.152482	  0.190004	  0.180738	
  0.263307	  0.215577	  0.235879	  0.285237	

URL http://cisbp.ccbr.utoronto.ca/TFreport.php?versionNumber=1.02&searchTF=T159808_1.02

MOTIF M1736_1.02 (VDBG_04249)_(Neurospora_crassa)_(DBD_0.75)

letter-probability matrix: alength= 4 w= 7 nsites= 1 E= 0
  0.407129	  0.131516	  0.182935	  0.278420	
  0.276101	  0.185076	  0.308205	  0.230619	
  0.142455	  0.403037	  0.407088	  0.047419	
  0.001881	  0.917486	  0.000665	  0.079969	
  0.062893	  0.000330	  0.935834	  0.000943	
  0.170292	  0.711601	  0.018869	  0.099238	
  0.123411	  0.261261	  0.405662	  0.209667	

URL http://cisbp.ccbr.utoronto.ca/TFreport.php?versionNumber=1.02&searchTF=T159757_1.02

MOTIF M1740_1.02 (VDBG_09303)_(Neurospora_crassa)_(DBD_0.77)

letter-probability matrix: alength= 4 w= 8 nsites= 1 E= 0
  0.131570	  0.163947	  0.186707	  0.517776	
  0.022399	  0.905978	  0.014282	  0.057341	
  0.033587	  0.745563	  0.191357	  0.029493	
  0.003830	  0.010835	  0.985141	  0.000195	
  0.114585	  0.181511	  0.550770	  0.153134	
  0.462094	  0.195541	  0.197506	  0.144860	
  0.244126	  0.193967	  0.310346	  0.251561	
  0.238754	  0.294545	  0.218204	  0.248497	

URL http://cisbp.ccbr.utoronto.ca/TFreport.php?versionNumber=1.02&searchTF=T159827_1.02

MOTIF M1743_1.02 (VDBG_01253)_(Neurospora_crassa)_(DBD_0.86)

letter-probability matrix: alength= 4 w= 8 nsites= 1 E= 0
  0.120208	  0.040335	  0.000399	  0.839058	
  0.856450	  0.028824	  0.085902	  0.028824	
  0.052839	  0.105415	  0.105415	  0.736330	
  0.125125	  0.200050	  0.200050	  0.474775	
  0.025225	  0.674575	  0.075175	  0.225025	
  0.000250	  0.999251	  0.000250	  0.000250	
  0.000250	  0.874376	  0.125125	  0.000250	
  0.057363	  0.000285	  0.942066	  0.000285	

URL http://cisbp.ccbr.utoronto.ca/TFreport.php?versionNumber=1.02&searchTF=T159706_1.02

MOTIF M1745_1.02 (VDBG_09267)_(Neurospora_crassa)_(DBD_0.91)

letter-probability matrix: alength= 4 w= 11 nsites= 1 E= 0
  0.267306	  0.384250	  0.174222	  0.174222	
  0.470233	  0.075473	  0.378822	  0.075473	
  0.023740	  0.023740	  0.023740	  0.928780	
  0.000136	  0.000136	  0.000136	  0.999593	
  0.000136	  0.999593	  0.000136	  0.000136	
  0.000136	  0.999593	  0.000136	  0.000136	
  0.000136	  0.000136	  0.999593	  0.000136	
  0.000136	  0.999593	  0.000136	  0.000136	
  0.258305	  0.075913	  0.589868	  0.075913	
  0.174663	  0.274628	  0.376046	  0.174663	
  0.320812	  0.226396	  0.226396	  0.226396	

URL http://cisbp.ccbr.utoronto.ca/TFreport.php?versionNumber=1.02&searchTF=T159826_1.02

MOTIF M1747_1.02 (VDBG_06746)_(Neurospora_crassa)_(DBD_0.97)

letter-probability matrix: alength= 4 w= 11 nsites= 1 E= 0
  0.638147	  0.120618	  0.120618	  0.120618	
  0.653853	  0.047071	  0.047071	  0.252005	
  0.141783	  0.558929	  0.138039	  0.161249	
  0.000193	  0.000193	  0.000193	  0.999421	
  0.100582	  0.000193	  0.899032	  0.000193	
  0.000193	  0.999421	  0.000193	  0.000193	
  0.000193	  0.999421	  0.000193	  0.000193	
  0.000193	  0.000193	  0.999421	  0.000193	
  0.328086	  0.129575	  0.412763	  0.129575	
  0.296955	  0.296800	  0.203122	  0.203122	
  0.203122	  0.203122	  0.296800	  0.296955	

URL http://cisbp.ccbr.utoronto.ca/TFreport.php?versionNumber=1.02&searchTF=T159791_1.02

MOTIF M1753_1.02 (VDBG_05795)_(Neurospora_crassa)_(DBD_0.93)

letter-probability matrix: alength= 4 w= 9 nsites= 1 E= 0
  0.234931	  0.278465	  0.242086	  0.244519	
  0.352195	  0.093148	  0.124485	  0.430172	
  0.209400	  0.152055	  0.338406	  0.300139	
  0.060892	  0.933646	  0.002827	  0.002636	
  0.024420	  0.958514	  0.016867	  0.000199	
  0.032543	  0.001959	  0.965426	  0.000072	
  0.496476	  0.095348	  0.316567	  0.091609	
  0.273564	  0.192777	  0.340882	  0.192777	
  0.319529	  0.264238	  0.218514	  0.197719	

URL http://cisbp.ccbr.utoronto.ca/TFreport.php?versionNumber=1.02&searchTF=T159778_1.02

MOTIF M1754_1.02 (VDBG_01258)_(Neurospora_crassa)_(DBD_0.97)

letter-probability matrix: alength= 4 w= 9 nsites= 1 E= 0
  0.302925	  0.226668	  0.199036	  0.271371	
  0.286863	  0.214649	  0.141035	  0.357453	
  0.277806	  0.146485	  0.157106	  0.418603	
  0.126365	  0.251936	  0.143908	  0.477791	
  0.567564	  0.002463	  0.109001	  0.320972	
  0.227816	  0.234754	  0.264685	  0.272745	
  0.162122	  0.512012	  0.146694	  0.179172	
  0.179260	  0.554928	  0.127592	  0.138219	
  0.229591	  0.133794	  0.422546	  0.214069	

URL http://cisbp.ccbr.utoronto.ca/TFreport.php?versionNumber=1.02&searchTF=T159708_1.02

MOTIF M1757_1.02 (VDBG_04632)_(Neurospora_crassa)_(DBD_0.92)

letter-probability matrix: alength= 4 w= 9 nsites= 1 E= 0
  0.180507	  0.280274	  0.229469	  0.309751	
  0.062223	  0.129117	  0.169139	  0.639521	
  0.674992	  0.021428	  0.009251	  0.294330	
  0.513306	  0.100572	  0.284540	  0.101583	
  0.103585	  0.337104	  0.523424	  0.035888	
  0.000033	  0.999923	  0.000044	  0.000000	
  0.000000	  0.000000	  1.000000	  0.000000	
  0.000000	  1.000000	  0.000000	  0.000000	
  0.023689	  0.452598	  0.294419	  0.229294	

URL http://cisbp.ccbr.utoronto.ca/TFreport.php?versionNumber=1.02&searchTF=T159763_1.02

MOTIF M1759_1.02 (VDBG_00821)_(Neurospora_crassa)_(DBD_1.00)

letter-probability matrix: alength= 4 w= 13 nsites= 1 E= 0
  0.227321	  0.227321	  0.227321	  0.318038	
  0.366969	  0.184084	  0.184084	  0.264864	
  0.170934	  0.137418	  0.056638	  0.635010	
  0.033009	  0.135029	  0.113790	  0.718172	
  0.033009	  0.820193	  0.113790	  0.033009	
  0.000132	  0.999605	  0.000132	  0.000132	
  0.000132	  0.080912	  0.918824	  0.000132	
  0.082750	  0.000132	  0.916987	  0.000132	
  0.654761	  0.105429	  0.124831	  0.114978	
  0.278049	  0.066048	  0.148666	  0.507237	
  0.193494	  0.419518	  0.193494	  0.193494	
  0.217123	  0.348632	  0.217123	  0.217123	
  0.217123	  0.217123	  0.348632	  0.217123	

URL http://cisbp.ccbr.utoronto.ca/TFreport.php?versionNumber=1.02&searchTF=T159700_1.02

MOTIF M1764_1.02 (VDBG_08450)_(Neurospora_crassa)_(DBD_0.97)

letter-probability matrix: alength= 4 w= 8 nsites= 1 E= 0
  0.154206	  0.394764	  0.175614	  0.275417	
  0.119430	  0.287935	  0.215451	  0.377184	
  0.005379	  0.984896	  0.009417	  0.000308	
  0.000065	  0.999887	  0.000032	  0.000016	
  0.000068	  0.000015	  0.999901	  0.000016	
  0.311498	  0.111207	  0.376679	  0.200616	
  0.299938	  0.178319	  0.253047	  0.268695	
  0.254085	  0.264454	  0.229905	  0.251556	

URL http://cisbp.ccbr.utoronto.ca/TFreport.php?versionNumber=1.02&searchTF=T159813_1.02

MOTIF M2085_1.02 (VDBG_00686)_(Saccharomyces_cerevisiae)_(DBD_0.80)

letter-probability matrix: alength= 4 w= 6 nsites= 1 E= 0
  0.220000	  0.280000	  0.180000	  0.320000	
  0.000000	  0.210000	  0.130000	  0.660000	
  0.000000	  1.000000	  0.000000	  0.000000	
  0.000000	  1.000000	  0.000000	  0.000000	
  0.000000	  0.000000	  1.000000	  0.000000	
  0.000000	  0.000000	  1.000000	  0.000000	

URL http://cisbp.ccbr.utoronto.ca/TFreport.php?versionNumber=1.02&searchTF=T159697_1.02

MOTIF M2118_1.02 (VDBG_05896)_(Saccharomyces_cerevisiae)_(DBD_0.78)

letter-probability matrix: alength= 4 w= 5 nsites= 1 E= 0
  0.000000	  0.000000	  0.000000	  1.000000	
  0.000000	  0.000000	  0.010160	  0.989840	
  0.005578	  0.000000	  0.994422	  0.000000	
  0.000000	  0.000000	  0.998223	  0.001777	
  0.158006	  0.378979	  0.030665	  0.432350	

URL http://cisbp.ccbr.utoronto.ca/TFreport.php?versionNumber=1.02&searchTF=T070412_1.02

