MEME version 4

ALPHABET= ACGT

strands: + -

Background letter frequencies (from uniform background):
A 0.25000 C 0.25000 G 0.25000 T 0.25000 

MOTIF M0083_1.02 (TFAP2D)_(Mus_musculus)_(DBD_0.73)

letter-probability matrix: alength= 4 w= 10 nsites= 1 E= 0
  0.163199	  0.129667	  0.108307	  0.598826	
  0.203446	  0.349115	  0.246017	  0.201422	
  0.001301	  0.331377	  0.667311	  0.000011	
  0.000045	  0.999930	  0.000011	  0.000014	
  0.000213	  0.948115	  0.000023	  0.051649	
  0.020037	  0.286458	  0.155647	  0.537857	
  0.106547	  0.394882	  0.390953	  0.107618	
  0.565281	  0.177208	  0.234469	  0.023042	
  0.100634	  0.000093	  0.899183	  0.000091	
  0.000120	  0.000038	  0.999823	  0.000019	

URL http://cisbp.ccbr.utoronto.ca/TFreport.php?versionNumber=1.02&searchTF=T004991_1.02

MOTIF M0111_1.02 (ARID3B)_(Drosophila_melanogaster)_(DBD_0.67)

letter-probability matrix: alength= 4 w= 8 nsites= 1 E= 0
  0.228748	  0.221987	  0.148803	  0.400462	
  0.182465	  0.170129	  0.146431	  0.500975	
  0.138322	  0.188592	  0.071492	  0.601595	
  0.336065	  0.060178	  0.422972	  0.180785	
  0.973889	  0.000879	  0.022006	  0.003226	
  0.045194	  0.000361	  0.000150	  0.954295	
  0.278506	  0.244555	  0.112105	  0.364833	
  0.300420	  0.203401	  0.269126	  0.227052	

URL http://cisbp.ccbr.utoronto.ca/TFreport.php?versionNumber=1.02&searchTF=T007775_1.02

MOTIF M0168_1.02 (MYF6)_(Caenorhabditis_elegans)_(DBD_0.77)

letter-probability matrix: alength= 4 w= 8 nsites= 1 E= 0
  0.000000	  0.000000	  1.000000	  0.000000	
  1.000000	  0.000000	  0.000000	  0.000000	
  0.000000	  1.000000	  0.000000	  0.000000	
  1.000000	  0.000000	  0.000000	  0.000000	
  0.000000	  0.000000	  1.000000	  0.000000	
  0.000000	  1.000000	  0.000000	  0.000000	
  0.000000	  0.000000	  0.000000	  1.000000	
  0.000000	  0.000000	  1.000000	  0.000000	

URL http://cisbp.ccbr.utoronto.ca/TFreport.php?versionNumber=1.02&searchTF=T016740_1.02

MOTIF M0178_1.02 (ASCL1)_(Mus_musculus)_(DBD_0.88)

letter-probability matrix: alength= 4 w= 10 nsites= 1 E= 0
  0.315548	  0.181281	  0.304970	  0.198202	
  0.342567	  0.215650	  0.329097	  0.112687	
  0.036295	  0.956859	  0.000000	  0.006845	
  0.887444	  0.026036	  0.052040	  0.034479	
  0.022313	  0.233167	  0.582932	  0.161589	
  0.161589	  0.582932	  0.233167	  0.022313	
  0.034479	  0.052040	  0.026036	  0.887444	
  0.006845	  0.000000	  0.956859	  0.036295	
  0.112687	  0.329097	  0.215650	  0.342567	
  0.198202	  0.304970	  0.181281	  0.315548	

URL http://cisbp.ccbr.utoronto.ca/TFreport.php?versionNumber=1.02&searchTF=T016742_1.02

MOTIF M0179_1.02 (ARNTL)_(Mus_musculus)_(DBD_0.67)

letter-probability matrix: alength= 4 w= 12 nsites= 1 E= 0
  0.306611	  0.231130	  0.231130	  0.231130	
  0.341743	  0.181842	  0.294572	  0.181842	
  0.079056	  0.079056	  0.208948	  0.632940	
  0.095302	  0.793287	  0.019820	  0.091591	
  0.999459	  0.000180	  0.000180	  0.000180	
  0.154221	  0.773647	  0.000180	  0.071951	
  0.000180	  0.000180	  0.852206	  0.147433	
  0.000180	  0.000180	  0.000180	  0.999459	
  0.097610	  0.019051	  0.864288	  0.019051	
  0.265173	  0.598151	  0.068338	  0.068338	
  0.316182	  0.171125	  0.171125	  0.341568	
  0.230360	  0.230360	  0.230360	  0.308919	

URL http://cisbp.ccbr.utoronto.ca/TFreport.php?versionNumber=1.02&searchTF=T016751_1.02

MOTIF M0183_1.02 (HEY2)_(Mus_musculus)_(DBD_1.00)

letter-probability matrix: alength= 4 w= 9 nsites= 1 E= 0
  0.127939	  0.141394	  0.584966	  0.145701	
  0.373417	  0.217608	  0.219795	  0.189179	
  0.050354	  0.853272	  0.050354	  0.046020	
  0.802681	  0.011681	  0.158850	  0.026788	
  0.013844	  0.914033	  0.014848	  0.057275	
  0.054400	  0.029264	  0.903576	  0.012761	
  0.017038	  0.146267	  0.011652	  0.825043	
  0.010324	  0.002043	  0.967255	  0.020378	
  0.093895	  0.524360	  0.108005	  0.273740	

URL http://cisbp.ccbr.utoronto.ca/TFreport.php?versionNumber=1.02&searchTF=T016762_1.02

MOTIF M0186_1.02 (TCF12)_(Mus_musculus)_(DBD_0.85)

letter-probability matrix: alength= 4 w= 8 nsites= 1 E= 0
  0.258484	  0.297327	  0.322090	  0.122099	
  0.021337	  0.973045	  0.003005	  0.002613	
  0.939038	  0.031654	  0.017547	  0.011762	
  0.006883	  0.186627	  0.803606	  0.002884	
  0.203145	  0.138923	  0.654532	  0.003400	
  0.004243	  0.006926	  0.001216	  0.987615	
  0.003302	  0.000975	  0.986837	  0.008886	
  0.117426	  0.319197	  0.253613	  0.309764	

URL http://cisbp.ccbr.utoronto.ca/TFreport.php?versionNumber=1.02&searchTF=T016755_1.02

MOTIF M0190_1.02 (SREBF2)_(Mus_musculus)_(DBD_0.65)

letter-probability matrix: alength= 4 w= 8 nsites= 1 E= 0
  0.077454	  0.000767	  0.000767	  0.921012	
  0.000587	  0.704812	  0.294014	  0.000587	
  0.411385	  0.000587	  0.587441	  0.000587	
  0.000587	  0.822183	  0.117958	  0.059272	
  0.000587	  0.000587	  0.998239	  0.000587	
  0.000587	  0.059272	  0.000587	  0.939554	
  0.000587	  0.000587	  0.998239	  0.000587	
  0.844325	  0.000767	  0.077454	  0.077454	

URL http://cisbp.ccbr.utoronto.ca/TFreport.php?versionNumber=1.02&searchTF=T016737_1.02

MOTIF M0193_1.02 (TFEC)_(Mus_musculus)_(DBD_0.81)

letter-probability matrix: alength= 4 w= 8 nsites= 1 E= 0
  0.279394	  0.073633	  0.632128	  0.014844	
  0.027107	  0.045119	  0.072136	  0.855638	
  0.000075	  0.999776	  0.000075	  0.000075	
  0.850567	  0.037377	  0.029916	  0.082140	
  0.000075	  0.828186	  0.044837	  0.126902	
  0.104521	  0.022456	  0.872948	  0.000075	
  0.173579	  0.140532	  0.057915	  0.627974	
  0.000093	  0.000093	  0.990466	  0.009348	

URL http://cisbp.ccbr.utoronto.ca/TFreport.php?versionNumber=1.02&searchTF=T016748_1.02

MOTIF M0195_1.02 (MSC)_(Mus_musculus)_(DBD_1.00)

letter-probability matrix: alength= 4 w= 10 nsites= 1 E= 0
  0.349915	  0.146774	  0.278558	  0.224752	
  0.357002	  0.417355	  0.173504	  0.052139	
  0.139509	  0.827857	  0.032001	  0.000633	
  0.724593	  0.000000	  0.227645	  0.047763	
  0.064454	  0.126184	  0.294078	  0.515285	
  0.515285	  0.294078	  0.126184	  0.064454	
  0.047763	  0.227645	  0.000000	  0.724593	
  0.000633	  0.032001	  0.827857	  0.139509	
  0.052139	  0.173504	  0.417355	  0.357002	
  0.224752	  0.278558	  0.146774	  0.349915	

URL http://cisbp.ccbr.utoronto.ca/TFreport.php?versionNumber=1.02&searchTF=T016733_1.02

MOTIF M0196_1.02 (NPAS2)_(Mus_musculus)_(DBD_1.00)

letter-probability matrix: alength= 4 w= 10 nsites= 1 E= 0
  0.273313	  0.176530	  0.292754	  0.257403	
  0.154185	  0.377249	  0.420347	  0.048219	
  0.000226	  0.999321	  0.000226	  0.000226	
  0.999321	  0.000226	  0.000226	  0.000226	
  0.081100	  0.918447	  0.000226	  0.000226	
  0.081100	  0.000226	  0.918447	  0.000226	
  0.000226	  0.000226	  0.000226	  0.999321	
  0.081100	  0.000226	  0.918447	  0.000226	
  0.073697	  0.172181	  0.187665	  0.566457	
  0.297058	  0.298928	  0.202007	  0.202007	

URL http://cisbp.ccbr.utoronto.ca/TFreport.php?versionNumber=1.02&searchTF=T016736_1.02

MOTIF M0197_1.02 (USF1)_(Mus_musculus)_(DBD_1.00)

letter-probability matrix: alength= 4 w= 11 nsites= 1 E= 0
  0.233907	  0.233907	  0.233907	  0.298278	
  0.459617	  0.123761	  0.292862	  0.123761	
  0.017725	  0.171968	  0.153118	  0.657189	
  0.000135	  0.999596	  0.000135	  0.000135	
  0.999596	  0.000135	  0.000135	  0.000135	
  0.064505	  0.935226	  0.000135	  0.000135	
  0.000135	  0.000135	  0.935226	  0.064505	
  0.064505	  0.000135	  0.000135	  0.935226	
  0.016227	  0.016227	  0.951318	  0.016227	
  0.330773	  0.196186	  0.346666	  0.126374	
  0.232410	  0.232410	  0.302771	  0.232410	

URL http://cisbp.ccbr.utoronto.ca/TFreport.php?versionNumber=1.02&searchTF=T016759_1.02

MOTIF M0200_1.02 (CLOCK)_(Mus_musculus)_(DBD_1.00)

letter-probability matrix: alength= 4 w= 10 nsites= 1 E= 0
  0.239964	  0.200309	  0.336557	  0.223170	
  0.293276	  0.320740	  0.252774	  0.133210	
  0.162184	  0.774560	  0.028113	  0.035143	
  0.713119	  0.054463	  0.173280	  0.059138	
  0.027939	  0.674387	  0.047681	  0.249993	
  0.249993	  0.047681	  0.674387	  0.027939	
  0.059138	  0.173280	  0.054463	  0.713119	
  0.035143	  0.028113	  0.774560	  0.162184	
  0.133210	  0.252774	  0.320740	  0.293276	
  0.223170	  0.336557	  0.200309	  0.239964	

URL http://cisbp.ccbr.utoronto.ca/TFreport.php?versionNumber=1.02&searchTF=T016754_1.02

MOTIF M0203_1.02 (FIGLA)_(Mus_musculus)_(DBD_0.70)

letter-probability matrix: alength= 4 w= 9 nsites= 1 E= 0
  0.250583	  0.381378	  0.193213	  0.174826	
  0.013384	  0.986426	  0.000150	  0.000039	
  0.917989	  0.033188	  0.040132	  0.008690	
  0.008390	  0.398232	  0.570798	  0.022579	
  0.046180	  0.314989	  0.627999	  0.010832	
  0.001167	  0.022070	  0.000006	  0.976757	
  0.059828	  0.014034	  0.881371	  0.044767	
  0.176480	  0.217719	  0.308958	  0.296844	
  0.272826	  0.167140	  0.206197	  0.353836	

URL http://cisbp.ccbr.utoronto.ca/TFreport.php?versionNumber=1.02&searchTF=T016743_1.02

MOTIF M0210_1.02 (MYF5)_(Mus_musculus)_(DBD_0.81)

letter-probability matrix: alength= 4 w= 9 nsites= 1 E= 0
  0.597222	  0.001984	  0.398810	  0.001984	
  0.886062	  0.001106	  0.001106	  0.111726	
  0.000996	  0.997012	  0.000996	  0.000996	
  0.997012	  0.000996	  0.000996	  0.000996	
  0.001106	  0.001106	  0.775442	  0.222345	
  0.222345	  0.554204	  0.001106	  0.222345	
  0.001106	  0.001106	  0.001106	  0.996681	
  0.001106	  0.001106	  0.996681	  0.001106	
  0.398810	  0.200397	  0.001984	  0.398810	

URL http://cisbp.ccbr.utoronto.ca/TFreport.php?versionNumber=1.02&searchTF=T016741_1.02

MOTIF M0213_1.02 (OLIG1)_(Mus_musculus)_(DBD_0.70)

letter-probability matrix: alength= 4 w= 11 nsites= 1 E= 0
  0.201784	  0.295980	  0.300452	  0.201784	
  0.274925	  0.079923	  0.079923	  0.565228	
  0.731885	  0.120705	  0.024371	  0.123039	
  0.189822	  0.517890	  0.000302	  0.291985	
  0.195173	  0.614669	  0.000302	  0.189856	
  0.809704	  0.000302	  0.000302	  0.189691	
  0.000302	  0.194479	  0.093488	  0.711731	
  0.905907	  0.000302	  0.000302	  0.093488	
  0.243671	  0.144721	  0.237061	  0.374546	
  0.170379	  0.170379	  0.392660	  0.266582	
  0.225931	  0.225931	  0.322206	  0.225931	

URL http://cisbp.ccbr.utoronto.ca/TFreport.php?versionNumber=1.02&searchTF=T016746_1.02

MOTIF M0214_1.02 (TCF21)_(Mus_musculus)_(DBD_1.00)

letter-probability matrix: alength= 4 w= 9 nsites= 1 E= 0
  0.745050	  0.002475	  0.250000	  0.002475	
  0.747512	  0.250000	  0.001244	  0.001244	
  0.001244	  0.996269	  0.001244	  0.001244	
  0.996269	  0.001244	  0.001244	  0.001244	
  0.001244	  0.001244	  0.374378	  0.623134	
  0.623134	  0.374378	  0.001244	  0.001244	
  0.001244	  0.001244	  0.001244	  0.996269	
  0.001244	  0.001244	  0.996269	  0.001244	
  0.002475	  0.002475	  0.497525	  0.497525	

URL http://cisbp.ccbr.utoronto.ca/TFreport.php?versionNumber=1.02&searchTF=T016752_1.02

MOTIF M0216_1.02 (TAL1)_(Mus_musculus)_(DBD_0.62)

letter-probability matrix: alength= 4 w= 10 nsites= 1 E= 0
  0.282767	  0.305521	  0.171954	  0.239759	
  0.037628	  0.037628	  0.674128	  0.250617	
  0.000178	  0.862732	  0.000178	  0.136912	
  0.930537	  0.000178	  0.069106	  0.000178	
  0.071132	  0.077413	  0.714543	  0.136912	
  0.145218	  0.714543	  0.069106	  0.071132	
  0.000178	  0.067984	  0.000178	  0.931660	
  0.077413	  0.000178	  0.922231	  0.000178	
  0.152455	  0.301874	  0.078225	  0.467447	
  0.281479	  0.212551	  0.293420	  0.212551	

URL http://cisbp.ccbr.utoronto.ca/TFreport.php?versionNumber=1.02&searchTF=T016745_1.02

MOTIF M0220_1.02 (ARNT)_(Mus_musculus)_(DBD_0.67)

letter-probability matrix: alength= 4 w= 10 nsites= 1 E= 0
  0.250929	  0.229332	  0.261169	  0.258571	
  0.245912	  0.124583	  0.558342	  0.071163	
  0.061688	  0.043908	  0.142892	  0.751513	
  0.002732	  0.997148	  0.000037	  0.000083	
  0.953025	  0.016113	  0.010172	  0.020690	
  0.001939	  0.965026	  0.009414	  0.023621	
  0.048059	  0.002671	  0.946167	  0.003103	
  0.054023	  0.057940	  0.051388	  0.836649	
  0.009432	  0.004113	  0.938317	  0.048139	
  0.255140	  0.330899	  0.145739	  0.268222	

URL http://cisbp.ccbr.utoronto.ca/TFreport.php?versionNumber=1.02&searchTF=T016747_1.02

MOTIF M0221_1.02 (MAX)_(Mus_musculus)_(DBD_0.64)

letter-probability matrix: alength= 4 w= 9 nsites= 1 E= 0
  0.188660	  0.365019	  0.265058	  0.181263	
  0.161107	  0.707733	  0.075344	  0.055816	
  0.553702	  0.064497	  0.272224	  0.109577	
  0.016383	  0.817513	  0.076422	  0.089682	
  0.280383	  0.069142	  0.649469	  0.001006	
  0.058979	  0.006216	  0.030483	  0.904321	
  0.000165	  0.000010	  0.999805	  0.000020	
  0.194467	  0.254745	  0.333707	  0.217080	
  0.178079	  0.273753	  0.233277	  0.314891	

URL http://cisbp.ccbr.utoronto.ca/TFreport.php?versionNumber=1.02&searchTF=T016753_1.02

MOTIF M0224_1.02 (ATOH7)_(Mus_musculus)_(DBD_0.75)

letter-probability matrix: alength= 4 w= 10 nsites= 1 E= 0
  0.294121	  0.202526	  0.300826	  0.202526	
  0.303479	  0.500296	  0.098113	  0.098113	
  0.000011	  0.999968	  0.000011	  0.000011	
  0.999968	  0.000011	  0.000011	  0.000011	
  0.000011	  0.000011	  0.087923	  0.912055	
  0.912055	  0.087923	  0.000011	  0.000011	
  0.000011	  0.000011	  0.000011	  0.999968	
  0.000011	  0.000011	  0.999968	  0.000011	
  0.047484	  0.118649	  0.168178	  0.665688	
  0.151898	  0.243456	  0.221525	  0.383121	

URL http://cisbp.ccbr.utoronto.ca/TFreport.php?versionNumber=1.02&searchTF=T016764_1.02

MOTIF M0228_1.02 (TFAP4)_(Caenorhabditis_elegans)_(DBD_0.63)

letter-probability matrix: alength= 4 w= 9 nsites= 1 E= 0
  1.000000	  0.000000	  0.000000	  0.000000	
  0.000000	  0.000000	  0.000000	  1.000000	
  0.000000	  1.000000	  0.000000	  0.000000	
  1.000000	  0.000000	  0.000000	  0.000000	
  0.000000	  0.000000	  1.000000	  0.000000	
  0.000000	  1.000000	  0.000000	  0.000000	
  0.000000	  0.000000	  0.000000	  1.000000	
  0.000000	  0.000000	  1.000000	  0.000000	
  1.000000	  0.000000	  0.000000	  0.000000	

URL http://cisbp.ccbr.utoronto.ca/TFreport.php?versionNumber=1.02&searchTF=T016758_1.02

MOTIF M0290_1.02 (MAFG)_(Mus_musculus)_(DBD_0.82)

letter-probability matrix: alength= 4 w= 10 nsites= 1 E= 0
  0.317998	  0.169363	  0.213160	  0.299479	
  0.335740	  0.132467	  0.157014	  0.374779	
  0.311840	  0.169439	  0.110221	  0.408500	
  0.224835	  0.184079	  0.193517	  0.397568	
  0.110627	  0.253703	  0.053848	  0.581822	
  0.121552	  0.112207	  0.544759	  0.221482	
  0.185362	  0.479292	  0.124252	  0.211095	
  0.235995	  0.224485	  0.173090	  0.366431	
  0.225334	  0.180834	  0.356945	  0.236887	
  0.364404	  0.206080	  0.225487	  0.204029	

URL http://cisbp.ccbr.utoronto.ca/TFreport.php?versionNumber=1.02&searchTF=T027033_1.02

MOTIF M0296_1.02 (FOSB)_(Mus_musculus)_(DBD_0.77)

letter-probability matrix: alength= 4 w= 11 nsites= 1 E= 0
  0.232400	  0.232400	  0.232400	  0.302800	
  0.232400	  0.232400	  0.302800	  0.232400	
  0.610342	  0.103117	  0.183423	  0.103117	
  0.000108	  0.000108	  0.000108	  0.999677	
  0.000108	  0.000108	  0.937311	  0.062474	
  0.999677	  0.000108	  0.000108	  0.000108	
  0.000108	  0.999677	  0.000108	  0.000108	
  0.000108	  0.000108	  0.513290	  0.486494	
  0.017708	  0.566158	  0.017708	  0.398426	
  0.628524	  0.261855	  0.091913	  0.017708	
  0.327839	  0.254412	  0.146991	  0.270758	

URL http://cisbp.ccbr.utoronto.ca/TFreport.php?versionNumber=1.02&searchTF=T027053_1.02

MOTIF M0297_1.02 (ATF1)_(Mus_musculus)_(DBD_0.85)

letter-probability matrix: alength= 4 w= 9 nsites= 1 E= 0
  0.357458	  0.170548	  0.361051	  0.110943	
  0.016538	  0.109473	  0.065084	  0.808904	
  0.001209	  0.089107	  0.665032	  0.244652	
  0.783865	  0.024149	  0.128283	  0.063703	
  0.032696	  0.834861	  0.002478	  0.129965	
  0.112813	  0.046793	  0.777229	  0.063164	
  0.152103	  0.245811	  0.086883	  0.515203	
  0.338131	  0.263337	  0.228934	  0.169598	
  0.290142	  0.192553	  0.254773	  0.262532	

URL http://cisbp.ccbr.utoronto.ca/TFreport.php?versionNumber=1.02&searchTF=T027055_1.02

MOTIF M0300_1.02 (ATF2)_(Mus_musculus)_(DBD_1.00)

letter-probability matrix: alength= 4 w= 10 nsites= 1 E= 0
  0.291870	  0.184253	  0.277636	  0.246241	
  0.530199	  0.133387	  0.274034	  0.062380	
  0.035631	  0.062379	  0.001238	  0.900752	
  0.073796	  0.082377	  0.556301	  0.287525	
  0.757933	  0.025806	  0.125285	  0.090976	
  0.084682	  0.638364	  0.084682	  0.192271	
  0.156906	  0.065082	  0.710273	  0.067738	
  0.117142	  0.166233	  0.068950	  0.647675	
  0.368627	  0.407396	  0.102492	  0.121484	
  0.489340	  0.124345	  0.187365	  0.198951	

URL http://cisbp.ccbr.utoronto.ca/TFreport.php?versionNumber=1.02&searchTF=T027036_1.02

MOTIF M0301_1.02 (FOS)_(Mus_musculus)_(DBD_0.81)

letter-probability matrix: alength= 4 w= 8 nsites= 1 E= 0
  0.043837	  0.130642	  0.694878	  0.130642	
  0.966817	  0.000322	  0.032539	  0.000322	
  0.000294	  0.029671	  0.000294	  0.969741	
  0.000294	  0.000294	  0.999119	  0.000294	
  0.969741	  0.000294	  0.000294	  0.029671	
  0.000294	  0.999119	  0.000294	  0.000294	
  0.143010	  0.000357	  0.606633	  0.250000	
  0.158088	  0.368172	  0.053046	  0.420693	

URL http://cisbp.ccbr.utoronto.ca/TFreport.php?versionNumber=1.02&searchTF=T027042_1.02

MOTIF M0303_1.02 (ATF3)_(Mus_musculus)_(DBD_0.73)

letter-probability matrix: alength= 4 w= 10 nsites= 1 E= 0
  0.233199	  0.233199	  0.300403	  0.233199	
  0.507982	  0.164006	  0.164006	  0.164006	
  0.000043	  0.000043	  0.000043	  0.999872	
  0.000043	  0.000043	  0.948614	  0.051301	
  0.999872	  0.000043	  0.000043	  0.000043	
  0.000043	  0.999872	  0.000043	  0.000043	
  0.000043	  0.000043	  0.766726	  0.233189	
  0.000043	  0.281877	  0.000043	  0.718037	
  0.516762	  0.396651	  0.069743	  0.016844	
  0.613651	  0.136419	  0.086037	  0.163893	

URL http://cisbp.ccbr.utoronto.ca/TFreport.php?versionNumber=1.02&searchTF=T027058_1.02

MOTIF M0305_1.02 (CREB3L1)_(Mus_musculus)_(DBD_0.79)

letter-probability matrix: alength= 4 w= 9 nsites= 1 E= 0
  0.002475	  0.002475	  0.745050	  0.250000	
  0.250000	  0.623134	  0.001244	  0.125622	
  0.001244	  0.871891	  0.125622	  0.001244	
  0.996269	  0.001244	  0.001244	  0.001244	
  0.001244	  0.996269	  0.001244	  0.001244	
  0.001244	  0.001244	  0.996269	  0.001244	
  0.001244	  0.001244	  0.001244	  0.996269	
  0.001420	  0.143466	  0.853693	  0.001420	
  0.250000	  0.002475	  0.250000	  0.497525	

URL http://cisbp.ccbr.utoronto.ca/TFreport.php?versionNumber=1.02&searchTF=T027050_1.02

MOTIF M0309_1.02 (ATF7)_(Mus_musculus)_(DBD_1.00)

letter-probability matrix: alength= 4 w= 10 nsites= 1 E= 0
  0.260002	  0.181397	  0.311279	  0.247322	
  0.577516	  0.121357	  0.289668	  0.011459	
  0.000019	  0.055723	  0.000006	  0.944252	
  0.074595	  0.061073	  0.579449	  0.284883	
  0.852748	  0.005980	  0.140958	  0.000313	
  0.000066	  0.834717	  0.000028	  0.165189	
  0.169554	  0.075428	  0.694486	  0.060532	
  0.133120	  0.126628	  0.087466	  0.652787	
  0.371994	  0.440927	  0.102399	  0.084680	
  0.527113	  0.119991	  0.170275	  0.182621	

URL http://cisbp.ccbr.utoronto.ca/TFreport.php?versionNumber=1.02&searchTF=T027032_1.02

MOTIF M0313_1.02 (CEBPG)_(Mus_musculus)_(DBD_0.98)

letter-probability matrix: alength= 4 w= 10 nsites= 1 E= 0
  0.231876	  0.201583	  0.288935	  0.277606	
  0.445882	  0.170725	  0.317366	  0.066026	
  0.064153	  0.042152	  0.047053	  0.846642	
  0.027177	  0.055277	  0.142931	  0.774614	
  0.304859	  0.000145	  0.492675	  0.202320	
  0.087581	  0.673554	  0.077678	  0.161187	
  0.302455	  0.164339	  0.376882	  0.156324	
  0.234880	  0.313900	  0.134166	  0.317055	
  0.391736	  0.281628	  0.160869	  0.165768	
  0.466130	  0.183913	  0.171480	  0.178478	

URL http://cisbp.ccbr.utoronto.ca/TFreport.php?versionNumber=1.02&searchTF=T027046_1.02

MOTIF M0318_1.02 (TEF)_(Mus_musculus)_(DBD_0.70)

letter-probability matrix: alength= 4 w= 13 nsites= 1 E= 0
  0.227605	  0.227605	  0.227605	  0.317186	
  0.317186	  0.227605	  0.227605	  0.227605	
  0.225575	  0.058277	  0.058277	  0.657871	
  0.193357	  0.039156	  0.121950	  0.645538	
  0.861849	  0.020145	  0.020145	  0.097861	
  0.157740	  0.676007	  0.000185	  0.166067	
  0.600658	  0.000185	  0.398971	  0.000185	
  0.000185	  0.130427	  0.076670	  0.792718	
  0.779729	  0.022581	  0.022581	  0.175109	
  0.779729	  0.022581	  0.098625	  0.099065	
  0.348232	  0.267952	  0.191908	  0.191908	
  0.211029	  0.211029	  0.287073	  0.290868	
  0.230040	  0.230040	  0.230040	  0.309879	

URL http://cisbp.ccbr.utoronto.ca/TFreport.php?versionNumber=1.02&searchTF=T027035_1.02

MOTIF M0397_1.02 (ZNF263)_(Mus_musculus)_(DBD_0.95)

letter-probability matrix: alength= 4 w= 8 nsites= 1 E= 0
  0.150000	  0.150000	  0.600000	  0.100000	
  0.038462	  0.038462	  0.807692	  0.115385	
  0.035714	  0.035714	  0.892857	  0.035714	
  0.892857	  0.035714	  0.035714	  0.035714	
  0.035714	  0.035714	  0.714286	  0.214286	
  0.035714	  0.535714	  0.392857	  0.035714	
  0.892857	  0.035714	  0.035714	  0.035714	
  0.045455	  0.818182	  0.090909	  0.045455	

URL http://cisbp.ccbr.utoronto.ca/TFreport.php?versionNumber=1.02&searchTF=T057268_1.02

MOTIF M0404_1.02 (ZNF202)_(Mus_musculus)_(DBD_0.84)

letter-probability matrix: alength= 4 w= 10 nsites= 1 E= 0
  0.285048	  0.209068	  0.226480	  0.279404	
  0.313707	  0.190273	  0.249250	  0.246770	
  0.222819	  0.189874	  0.325825	  0.261481	
  0.170544	  0.190374	  0.411163	  0.227919	
  0.007796	  0.001638	  0.857134	  0.133432	
  0.004399	  0.000062	  0.973967	  0.021572	
  0.005120	  0.000231	  0.873980	  0.120670	
  0.212111	  0.165192	  0.506289	  0.116409	
  0.073646	  0.391221	  0.353992	  0.181141	
  0.406486	  0.225326	  0.236879	  0.131309	

URL http://cisbp.ccbr.utoronto.ca/TFreport.php?versionNumber=1.02&searchTF=T057124_1.02

MOTIF M0405_1.02 (KLF3)_(Mus_musculus)_(DBD_0.81)

letter-probability matrix: alength= 4 w= 10 nsites= 1 E= 0
  0.322200	  0.077105	  0.258571	  0.342124	
  0.174850	  0.000229	  0.823801	  0.001121	
  0.000272	  0.000173	  0.999363	  0.000191	
  0.000074	  0.000241	  0.999596	  0.000089	
  0.100743	  0.660217	  0.010304	  0.228736	
  0.015211	  0.000320	  0.974574	  0.009895	
  0.042318	  0.089587	  0.352557	  0.515538	
  0.208085	  0.076550	  0.538047	  0.177318	
  0.167365	  0.115605	  0.497789	  0.219242	
  0.170239	  0.414554	  0.180766	  0.234441	

URL http://cisbp.ccbr.utoronto.ca/TFreport.php?versionNumber=1.02&searchTF=T057027_1.02

MOTIF M0408_1.02 (ZKSCAN1)_(Mus_musculus)_(DBD_0.99)

letter-probability matrix: alength= 4 w= 10 nsites= 1 E= 0
  0.368659	  0.127974	  0.237717	  0.265650	
  0.253090	  0.257619	  0.185858	  0.303434	
  0.201345	  0.206571	  0.334720	  0.257364	
  0.145520	  0.301411	  0.103189	  0.449879	
  0.311749	  0.108333	  0.429663	  0.150255	
  0.150255	  0.429663	  0.108333	  0.311749	
  0.449879	  0.103189	  0.301411	  0.145520	
  0.257364	  0.334720	  0.206571	  0.201345	
  0.303434	  0.185858	  0.257619	  0.253090	
  0.265650	  0.237717	  0.127974	  0.368659	

URL http://cisbp.ccbr.utoronto.ca/TFreport.php?versionNumber=1.02&searchTF=T057204_1.02

MOTIF M0413_1.02 (ZBTB1)_(Mus_musculus)_(DBD_0.99)

letter-probability matrix: alength= 4 w= 10 nsites= 1 E= 0
  0.209797	  0.211906	  0.300708	  0.277589	
  0.292816	  0.094589	  0.304766	  0.307829	
  0.023864	  0.219721	  0.041362	  0.715054	
  0.069278	  0.000316	  0.905174	  0.025232	
  0.000120	  0.979540	  0.000112	  0.020228	
  0.032886	  0.011859	  0.891628	  0.063628	
  0.033638	  0.061908	  0.558724	  0.345729	
  0.085787	  0.080791	  0.567855	  0.265567	
  0.361841	  0.108985	  0.305273	  0.223901	
  0.217817	  0.282494	  0.220006	  0.279683	

URL http://cisbp.ccbr.utoronto.ca/TFreport.php?versionNumber=1.02&searchTF=T057125_1.02

MOTIF M0419_1.02 (EGR2)_(Mus_musculus)_(DBD_0.94)

letter-probability matrix: alength= 4 w= 8 nsites= 1 E= 0
  0.094017	  0.581197	  0.145299	  0.179487	
  0.013245	  0.000000	  0.980132	  0.006623	
  0.046053	  0.052632	  0.315789	  0.585526	
  0.065359	  0.006536	  0.928105	  0.000000	
  0.000000	  0.006536	  0.980392	  0.013072	
  0.000000	  0.000000	  0.986395	  0.013605	
  0.106870	  0.473282	  0.267176	  0.152672	
  0.182796	  0.032258	  0.731183	  0.053763	

URL http://cisbp.ccbr.utoronto.ca/TFreport.php?versionNumber=1.02&searchTF=T057194_1.02

MOTIF M0423_1.02 (ZNF410)_(Mus_musculus)_(DBD_0.97)

letter-probability matrix: alength= 4 w= 8 nsites= 1 E= 0
  0.001420	  0.001420	  0.001420	  0.995739	
  0.001106	  0.001106	  0.996681	  0.001106	
  0.001106	  0.001106	  0.996681	  0.001106	
  0.001106	  0.001106	  0.996681	  0.001106	
  0.996681	  0.001106	  0.001106	  0.001106	
  0.001106	  0.001106	  0.001106	  0.996681	
  0.250000	  0.001244	  0.747512	  0.001244	
  0.001984	  0.001984	  0.795635	  0.200397	

URL http://cisbp.ccbr.utoronto.ca/TFreport.php?versionNumber=1.02&searchTF=T057036_1.02

MOTIF M0430_1.02 (ZNF148)_(Mus_musculus)_(DBD_0.72)

letter-probability matrix: alength= 4 w= 10 nsites= 1 E= 0
  0.251654	  0.264556	  0.249150	  0.234640	
  0.285098	  0.174659	  0.299716	  0.240527	
  0.245093	  0.200665	  0.150151	  0.404091	
  0.061064	  0.005485	  0.872994	  0.060457	
  0.017446	  0.002855	  0.861883	  0.117815	
  0.092297	  0.021868	  0.841356	  0.044479	
  0.056768	  0.000747	  0.896927	  0.045557	
  0.033987	  0.028106	  0.903233	  0.034674	
  0.076611	  0.026809	  0.670984	  0.225596	
  0.170472	  0.107616	  0.487150	  0.234762	

URL http://cisbp.ccbr.utoronto.ca/TFreport.php?versionNumber=1.02&searchTF=T057139_1.02

MOTIF M0436_1.02 (ZNF35)_(Mus_musculus)_(DBD_0.96)

letter-probability matrix: alength= 4 w= 10 nsites= 1 E= 0
  0.108008	  0.054174	  0.023623	  0.814196	
  0.040151	  0.120620	  0.016488	  0.822741	
  0.317341	  0.134287	  0.387601	  0.160770	
  0.124227	  0.077642	  0.111287	  0.686845	
  0.050023	  0.092064	  0.043488	  0.814425	
  0.133657	  0.086945	  0.303467	  0.475931	
  0.339638	  0.088933	  0.267169	  0.304260	
  0.204153	  0.251859	  0.141015	  0.402973	
  0.173772	  0.220908	  0.186372	  0.418948	
  0.251866	  0.246878	  0.320184	  0.181072	

URL http://cisbp.ccbr.utoronto.ca/TFreport.php?versionNumber=1.02&searchTF=T057178_1.02

MOTIF M0437_1.02 (ZNF32)_(Mus_musculus)_(DBD_0.99)

letter-probability matrix: alength= 4 w= 9 nsites= 1 E= 0
  0.166667	  0.166667	  0.166667	  0.500000	
  0.625000	  0.125000	  0.125000	  0.125000	
  0.125000	  0.125000	  0.125000	  0.625000	
  0.500000	  0.125000	  0.250000	  0.125000	
  0.125000	  0.125000	  0.125000	  0.625000	
  0.625000	  0.125000	  0.125000	  0.125000	
  0.125000	  0.125000	  0.125000	  0.625000	
  0.500000	  0.125000	  0.250000	  0.125000	
  0.166667	  0.166667	  0.166667	  0.500000	

URL http://cisbp.ccbr.utoronto.ca/TFreport.php?versionNumber=1.02&searchTF=T057294_1.02

MOTIF M0443_1.02 (KLF5)_(Mus_musculus)_(DBD_0.82)

letter-probability matrix: alength= 4 w= 10 nsites= 1 E= 0
  0.260102	  0.124098	  0.223872	  0.391927	
  0.187213	  0.000148	  0.790168	  0.022471	
  0.000002	  0.000005	  0.999931	  0.000063	
  0.000374	  0.000026	  0.999566	  0.000034	
  0.076094	  0.621399	  0.000039	  0.302468	
  0.000325	  0.000031	  0.997699	  0.001945	
  0.060231	  0.086331	  0.346604	  0.506834	
  0.189328	  0.102872	  0.514647	  0.193153	
  0.167870	  0.130737	  0.470215	  0.231178	
  0.172456	  0.411638	  0.156045	  0.259860	

URL http://cisbp.ccbr.utoronto.ca/TFreport.php?versionNumber=1.02&searchTF=T057098_1.02

MOTIF M0584_1.02 (YBX1)_(Caenorhabditis_elegans)_(DBD_0.77)

letter-probability matrix: alength= 4 w= 9 nsites= 1 E= 0
  0.230911	  0.224086	  0.262968	  0.282035	
  0.269525	  0.209906	  0.264188	  0.256380	
  0.283198	  0.178778	  0.291823	  0.246201	
  0.153491	  0.064952	  0.745191	  0.036366	
  0.485724	  0.054907	  0.315968	  0.143400	
  0.185229	  0.092907	  0.000174	  0.721690	
  0.451981	  0.073969	  0.434259	  0.039791	
  0.183594	  0.056414	  0.557089	  0.202902	
  0.369364	  0.118130	  0.213105	  0.299401	

URL http://cisbp.ccbr.utoronto.ca/TFreport.php?versionNumber=1.02&searchTF=T072540_1.02

MOTIF M0586_1.02 (ONECUT1)_(Caenorhabditis_elegans)_(DBD_0.78)

letter-probability matrix: alength= 4 w= 9 nsites= 1 E= 0
  0.395367	  0.142567	  0.267686	  0.194380	
  0.441509	  0.138407	  0.196409	  0.223676	
  0.053561	  0.358107	  0.054100	  0.534232	
  0.094710	  0.789038	  0.054643	  0.061609	
  0.386161	  0.036461	  0.510941	  0.066437	
  0.930672	  0.000688	  0.000203	  0.068437	
  0.025821	  0.000265	  0.000145	  0.973769	
  0.534768	  0.134536	  0.127975	  0.202721	
  0.342352	  0.213971	  0.182334	  0.261344	

URL http://cisbp.ccbr.utoronto.ca/TFreport.php?versionNumber=1.02&searchTF=T073708_1.02

MOTIF M0594_1.02 (LIN54)_(Gallus_gallus)_(DBD_0.98)

letter-probability matrix: alength= 4 w= 9 nsites= 1 E= 0
  0.411378	  0.091233	  0.211983	  0.285406	
  0.000206	  0.000206	  0.000206	  0.999383	
  0.000206	  0.000206	  0.000206	  0.999383	
  0.000206	  0.211990	  0.000206	  0.787598	
  0.437915	  0.000206	  0.561674	  0.000206	
  0.999383	  0.000206	  0.000206	  0.000206	
  0.999383	  0.000206	  0.000206	  0.000206	
  0.103784	  0.210663	  0.000206	  0.685347	
  0.242672	  0.248680	  0.158972	  0.349676	

URL http://cisbp.ccbr.utoronto.ca/TFreport.php?versionNumber=1.02&searchTF=T073926_1.02

MOTIF M0608_1.02 (MLL)_(Homo_sapiens)_(DBD_1.00)

letter-probability matrix: alength= 4 w= 10 nsites= 1 E= 0
  0.255050	  0.190845	  0.321006	  0.233098	
  0.295043	  0.239157	  0.307084	  0.158717	
  0.232323	  0.272634	  0.329682	  0.165361	
  0.275506	  0.167103	  0.440808	  0.116584	
  0.166251	  0.276857	  0.388969	  0.167922	
  0.008509	  0.907839	  0.064140	  0.019513	
  0.056470	  0.014207	  0.928630	  0.000693	
  0.265416	  0.194669	  0.228446	  0.311469	
  0.411622	  0.114446	  0.254705	  0.219227	
  0.348511	  0.224454	  0.211383	  0.215653	

URL http://cisbp.ccbr.utoronto.ca/TFreport.php?versionNumber=1.02&searchTF=T074769_1.02

MOTIF M0609_1.02 (DNMT1)_(Homo_sapiens)_(DBD_1.00)

letter-probability matrix: alength= 4 w= 10 nsites= 1 E= 0
  0.182278	  0.309678	  0.201448	  0.306596	
  0.238026	  0.276546	  0.265703	  0.219725	
  0.047012	  0.773099	  0.139827	  0.040061	
  0.000166	  0.790471	  0.209062	  0.000302	
  0.000061	  0.000197	  0.999710	  0.000031	
  0.209396	  0.434514	  0.164717	  0.191374	
  0.201591	  0.248699	  0.274855	  0.274855	
  0.252448	  0.230720	  0.344193	  0.172639	
  0.202629	  0.305326	  0.268105	  0.223940	
  0.187900	  0.297648	  0.280314	  0.234138	

URL http://cisbp.ccbr.utoronto.ca/TFreport.php?versionNumber=1.02&searchTF=T074770_1.02

MOTIF M0610_1.02 (TET1)_(Homo_sapiens)_(DBD_1.00)

letter-probability matrix: alength= 4 w= 9 nsites= 1 E= 0
  0.280309	  0.224953	  0.222715	  0.272024	
  0.246701	  0.234669	  0.208133	  0.310498	
  0.176211	  0.437766	  0.120504	  0.265518	
  0.354307	  0.157616	  0.372473	  0.115603	
  0.002282	  0.997172	  0.000000	  0.000546	
  0.061728	  0.000620	  0.909355	  0.028296	
  0.167484	  0.337271	  0.111151	  0.384094	
  0.254196	  0.168698	  0.170393	  0.406713	
  0.315980	  0.266581	  0.213936	  0.203503	

URL http://cisbp.ccbr.utoronto.ca/TFreport.php?versionNumber=1.02&searchTF=T074773_1.02

MOTIF M0635_1.02 (DMRTC2)_(Mus_musculus)_(DBD_0.96)

letter-probability matrix: alength= 4 w= 13 nsites= 1 E= 0
  0.341381	  0.219540	  0.219540	  0.219540	
  0.474682	  0.175106	  0.175106	  0.175106	
  0.263748	  0.386040	  0.175106	  0.175106	
  0.680243	  0.106586	  0.106586	  0.106586	
  0.022531	  0.022531	  0.022531	  0.932406	
  0.187692	  0.000165	  0.811978	  0.000165	
  0.000165	  0.000165	  0.000165	  0.999505	
  0.877664	  0.000165	  0.000165	  0.122006	
  0.119267	  0.030625	  0.030625	  0.819483	
  0.401418	  0.260937	  0.075059	  0.262586	
  0.537929	  0.311953	  0.075059	  0.075059	
  0.383101	  0.143579	  0.143579	  0.329740	
  0.317099	  0.227634	  0.227634	  0.227634	

URL http://cisbp.ccbr.utoronto.ca/TFreport.php?versionNumber=1.02&searchTF=T075271_1.02

MOTIF M0641_1.02 (DMRTA1)_(Drosophila_melanogaster)_(DBD_0.96)

letter-probability matrix: alength= 4 w= 10 nsites= 1 E= 0
  0.264213	  0.114063	  0.073461	  0.548263	
  0.146979	  0.076730	  0.639248	  0.137043	
  0.091624	  0.122448	  0.030195	  0.755733	
  0.530776	  0.071833	  0.106096	  0.291296	
  0.340580	  0.064758	  0.186914	  0.407748	
  0.130860	  0.648156	  0.077799	  0.143184	
  0.378005	  0.205389	  0.180351	  0.236254	
  0.412383	  0.112387	  0.172768	  0.302461	
  0.281282	  0.131546	  0.159072	  0.428100	
  0.236410	  0.182284	  0.128453	  0.452853	

URL http://cisbp.ccbr.utoronto.ca/TFreport.php?versionNumber=1.02&searchTF=T075272_1.02

MOTIF M0670_1.02 (E2F3)_(Mus_musculus)_(DBD_0.86)

letter-probability matrix: alength= 4 w= 10 nsites= 1 E= 0
  0.323791	  0.157606	  0.184952	  0.333651	
  0.356499	  0.123511	  0.133798	  0.386191	
  0.252758	  0.144378	  0.247753	  0.355112	
  0.126742	  0.200769	  0.545747	  0.126742	
  0.023207	  0.074773	  0.901856	  0.000164	
  0.069741	  0.911218	  0.000224	  0.018817	
  0.000176	  0.000025	  0.982509	  0.017290	
  0.011409	  0.610578	  0.359389	  0.018623	
  0.108464	  0.261496	  0.386224	  0.243817	
  0.250797	  0.271685	  0.168114	  0.309403	

URL http://cisbp.ccbr.utoronto.ca/TFreport.php?versionNumber=1.02&searchTF=T076913_1.02

MOTIF M0688_1.02 (ENSVPAG00000010990)_(Mus_musculus)_(DBD_0.66)

letter-probability matrix: alength= 4 w= 10 nsites= 1 E= 0
  0.350685	  0.160756	  0.212701	  0.275858	
  0.244116	  0.269790	  0.251550	  0.234544	
  0.253145	  0.309192	  0.282580	  0.155083	
  0.327987	  0.369805	  0.166164	  0.136044	
  0.176264	  0.064199	  0.615223	  0.144313	
  0.165059	  0.084462	  0.599625	  0.150853	
  0.844606	  0.003486	  0.021734	  0.130174	
  0.722343	  0.020958	  0.006440	  0.250260	
  0.379399	  0.139573	  0.360896	  0.120132	
  0.218131	  0.238673	  0.133633	  0.409564	

URL http://cisbp.ccbr.utoronto.ca/TFreport.php?versionNumber=1.02&searchTF=T078766_1.02

MOTIF M0694_1.02 (GABPA)_(Mus_musculus)_(DBD_1.00)

letter-probability matrix: alength= 4 w= 9 nsites= 1 E= 0
  0.635514	  0.077048	  0.180266	  0.107172	
  0.154613	  0.646083	  0.165824	  0.033479	
  0.148376	  0.812201	  0.037328	  0.002095	
  0.000563	  0.000345	  0.997694	  0.001399	
  0.009222	  0.004912	  0.984004	  0.001862	
  0.979651	  0.004126	  0.014690	  0.001533	
  0.777163	  0.021024	  0.004330	  0.197483	
  0.378533	  0.050719	  0.553523	  0.017224	
  0.132095	  0.222188	  0.053706	  0.592011	

URL http://cisbp.ccbr.utoronto.ca/TFreport.php?versionNumber=1.02&searchTF=T078762_1.02

MOTIF M0700_1.02 (ETV1)_(Mus_musculus)_(DBD_0.93)

letter-probability matrix: alength= 4 w= 10 nsites= 1 E= 0
  0.261603	  0.241490	  0.280572	  0.216335	
  0.446052	  0.120354	  0.267852	  0.165742	
  0.103040	  0.655313	  0.180388	  0.061259	
  0.133099	  0.838060	  0.023362	  0.005480	
  0.000937	  0.000046	  0.996869	  0.002148	
  0.001110	  0.001655	  0.996211	  0.001024	
  0.967826	  0.006720	  0.009254	  0.016201	
  0.666748	  0.047107	  0.028287	  0.257859	
  0.287380	  0.110036	  0.556021	  0.046563	
  0.109809	  0.281109	  0.091720	  0.517362	

URL http://cisbp.ccbr.utoronto.ca/TFreport.php?versionNumber=1.02&searchTF=T078763_1.02

MOTIF M0702_1.02 (SPDEF)_(Mus_musculus)_(DBD_0.69)

letter-probability matrix: alength= 4 w= 10 nsites= 1 E= 0
  0.322340	  0.195509	  0.263909	  0.218242	
  0.433860	  0.124303	  0.159608	  0.282230	
  0.311585	  0.293439	  0.240248	  0.154728	
  0.200253	  0.544344	  0.186715	  0.068688	
  0.284306	  0.645517	  0.054058	  0.016120	
  0.011537	  0.000434	  0.987890	  0.000139	
  0.006865	  0.014532	  0.949918	  0.028685	
  0.874097	  0.008964	  0.059931	  0.057008	
  0.302190	  0.165846	  0.058036	  0.473929	
  0.296924	  0.248012	  0.296924	  0.158139	

URL http://cisbp.ccbr.utoronto.ca/TFreport.php?versionNumber=1.02&searchTF=T078768_1.02

MOTIF M0703_1.02 (ENSVPAG00000003750)_(Mus_musculus)_(DBD_0.86)

letter-probability matrix: alength= 4 w= 10 nsites= 1 E= 0
  0.292662	  0.237228	  0.244452	  0.225658	
  0.396424	  0.156410	  0.290756	  0.156410	
  0.143761	  0.549031	  0.188322	  0.118885	
  0.120828	  0.832447	  0.032930	  0.013796	
  0.000258	  0.000099	  0.996966	  0.002677	
  0.006486	  0.006108	  0.981989	  0.005417	
  0.929250	  0.010220	  0.029206	  0.031324	
  0.638426	  0.070740	  0.020677	  0.270158	
  0.353350	  0.140817	  0.431582	  0.074252	
  0.136540	  0.294896	  0.110678	  0.457886	

URL http://cisbp.ccbr.utoronto.ca/TFreport.php?versionNumber=1.02&searchTF=T078758_1.02

MOTIF M0705_1.02 (ETV7)_(Mus_musculus)_(DBD_0.64)

letter-probability matrix: alength= 4 w= 10 nsites= 1 E= 0
  0.334466	  0.166091	  0.231027	  0.268415	
  0.310818	  0.221231	  0.244498	  0.223454	
  0.180155	  0.373837	  0.297026	  0.148981	
  0.268613	  0.504350	  0.144499	  0.082539	
  0.017253	  0.001160	  0.970695	  0.010892	
  0.032848	  0.025582	  0.917718	  0.023853	
  0.926227	  0.024560	  0.019514	  0.029699	
  0.879574	  0.038453	  0.015324	  0.066649	
  0.369584	  0.085831	  0.519246	  0.025340	
  0.142210	  0.259123	  0.082048	  0.516619	

URL http://cisbp.ccbr.utoronto.ca/TFreport.php?versionNumber=1.02&searchTF=T078765_1.02

MOTIF M0707_1.02 (ETS2)_(Mus_musculus)_(DBD_0.55)

letter-probability matrix: alength= 4 w= 10 nsites= 1 E= 0
  0.278377	  0.232520	  0.251886	  0.237217	
  0.400904	  0.166288	  0.271435	  0.161373	
  0.188699	  0.487920	  0.235133	  0.088248	
  0.287618	  0.608887	  0.097674	  0.005822	
  0.029886	  0.000000	  0.970106	  0.000008	
  0.013770	  0.000215	  0.975074	  0.010941	
  0.969811	  0.004841	  0.011788	  0.013560	
  0.548525	  0.095319	  0.026769	  0.329387	
  0.376063	  0.090900	  0.473312	  0.059725	
  0.144105	  0.281615	  0.119169	  0.455111	

URL http://cisbp.ccbr.utoronto.ca/TFreport.php?versionNumber=1.02&searchTF=T078756_1.02

MOTIF M0708_1.02 (ELF1)_(Mus_musculus)_(DBD_0.78)

letter-probability matrix: alength= 4 w= 10 nsites= 1 E= 0
  0.372844	  0.157773	  0.219458	  0.249925	
  0.282039	  0.273704	  0.189057	  0.255200	
  0.177779	  0.464305	  0.257377	  0.100539	
  0.260304	  0.591019	  0.112376	  0.036301	
  0.048307	  0.002265	  0.941601	  0.007827	
  0.026432	  0.018441	  0.938772	  0.016356	
  0.877400	  0.019628	  0.024952	  0.078020	
  0.765799	  0.046568	  0.015043	  0.172590	
  0.281705	  0.157726	  0.488266	  0.072303	
  0.182791	  0.244287	  0.114245	  0.458676	

URL http://cisbp.ccbr.utoronto.ca/TFreport.php?versionNumber=1.02&searchTF=T078755_1.02

MOTIF M0717_1.02 (FOXP1)_(Homo_sapiens)_(DBD_1.00)

letter-probability matrix: alength= 4 w= 8 nsites= 1 E= 0
  0.294014	  0.000587	  0.704812	  0.000587	
  0.048004	  0.000475	  0.000475	  0.951046	
  0.903517	  0.095532	  0.000475	  0.000475	
  0.951046	  0.000475	  0.000475	  0.048004	
  0.998574	  0.000475	  0.000475	  0.000475	
  0.000475	  0.903517	  0.000475	  0.095532	
  0.998574	  0.000475	  0.000475	  0.000475	
  0.690951	  0.077454	  0.077454	  0.154141	

URL http://cisbp.ccbr.utoronto.ca/TFreport.php?versionNumber=1.02&searchTF=T082603_1.02

MOTIF M0724_1.02 (FOXP2)_(Mus_musculus)_(DBD_0.47)

letter-probability matrix: alength= 4 w= 8 nsites= 1 E= 0
  0.314286	  0.057143	  0.600000	  0.028571	
  0.116279	  0.046512	  0.023256	  0.813953	
  0.790698	  0.162791	  0.023256	  0.023256	
  0.860465	  0.046512	  0.023256	  0.069767	
  0.930233	  0.023256	  0.023256	  0.023256	
  0.023256	  0.790698	  0.023256	  0.162791	
  0.928571	  0.023810	  0.023810	  0.023810	
  0.551724	  0.103448	  0.137931	  0.206897	

URL http://cisbp.ccbr.utoronto.ca/TFreport.php?versionNumber=1.02&searchTF=T082609_1.02

MOTIF M0727_1.02 (FOXN2)_(Mus_musculus)_(DBD_0.44)

letter-probability matrix: alength= 4 w= 9 nsites= 1 E= 0
  0.285936	  0.209719	  0.382132	  0.122213	
  0.259231	  0.180859	  0.145143	  0.414767	
  0.482799	  0.289919	  0.074411	  0.152872	
  0.584225	  0.181324	  0.065385	  0.169066	
  0.800779	  0.028377	  0.101047	  0.069797	
  0.006674	  0.733801	  0.002741	  0.256785	
  0.711264	  0.065173	  0.101194	  0.122369	
  0.343115	  0.208109	  0.218779	  0.229997	
  0.298983	  0.230531	  0.194491	  0.275996	

