MEME version 4

ALPHABET= ACGT

strands: + -

Background letter frequencies (from uniform background):
A 0.25000 C 0.25000 G 0.25000 T 0.25000 

MOTIF M0177_1.02 (WUBG_09106)_(Mus_musculus)_(DBD_0.65)

letter-probability matrix: alength= 4 w= 10 nsites= 1 E= 0
  0.301828	  0.199871	  0.298430	  0.199871	
  0.282456	  0.579511	  0.069016	  0.069016	
  0.000139	  0.999582	  0.000139	  0.000139	
  0.999582	  0.000139	  0.000139	  0.000139	
  0.000139	  0.217001	  0.000139	  0.782721	
  0.789108	  0.000139	  0.210614	  0.000139	
  0.000139	  0.000139	  0.000139	  0.999582	
  0.000139	  0.000139	  0.999582	  0.000139	
  0.050268	  0.050268	  0.154736	  0.744728	
  0.181123	  0.181123	  0.272271	  0.365483	

URL http://cisbp.ccbr.utoronto.ca/TFreport.php?versionNumber=1.02&searchTF=T011963_1.02

MOTIF M0178_1.02 (WUBG_09882)_(Mus_musculus)_(DBD_0.67)

letter-probability matrix: alength= 4 w= 10 nsites= 1 E= 0
  0.315548	  0.181281	  0.304970	  0.198202	
  0.342567	  0.215650	  0.329097	  0.112687	
  0.036295	  0.956859	  0.000000	  0.006845	
  0.887444	  0.026036	  0.052040	  0.034479	
  0.022313	  0.233167	  0.582932	  0.161589	
  0.161589	  0.582932	  0.233167	  0.022313	
  0.034479	  0.052040	  0.026036	  0.887444	
  0.006845	  0.000000	  0.956859	  0.036295	
  0.112687	  0.329097	  0.215650	  0.342567	
  0.198202	  0.304970	  0.181281	  0.315548	

URL http://cisbp.ccbr.utoronto.ca/TFreport.php?versionNumber=1.02&searchTF=T011965_1.02

MOTIF M0208_1.02 (WUBG_15170)_(Mus_musculus)_(DBD_0.68)

letter-probability matrix: alength= 4 w= 10 nsites= 1 E= 0
  0.274271	  0.193275	  0.312347	  0.220107	
  0.397562	  0.081073	  0.461902	  0.059463	
  0.077449	  0.094597	  0.100446	  0.727507	
  0.006596	  0.988797	  0.002736	  0.001871	
  0.881512	  0.052021	  0.015985	  0.050483	
  0.008133	  0.724836	  0.073402	  0.193629	
  0.156385	  0.032862	  0.798170	  0.012583	
  0.238338	  0.191271	  0.109256	  0.461135	
  0.027780	  0.028341	  0.883880	  0.059999	
  0.245119	  0.215238	  0.340953	  0.198690	

URL http://cisbp.ccbr.utoronto.ca/TFreport.php?versionNumber=1.02&searchTF=T011975_1.02

MOTIF M0210_1.02 (WUBG_05117)_(Mus_musculus)_(DBD_0.77)

letter-probability matrix: alength= 4 w= 9 nsites= 1 E= 0
  0.597222	  0.001984	  0.398810	  0.001984	
  0.886062	  0.001106	  0.001106	  0.111726	
  0.000996	  0.997012	  0.000996	  0.000996	
  0.997012	  0.000996	  0.000996	  0.000996	
  0.001106	  0.001106	  0.775442	  0.222345	
  0.222345	  0.554204	  0.001106	  0.222345	
  0.001106	  0.001106	  0.001106	  0.996681	
  0.001106	  0.001106	  0.996681	  0.001106	
  0.398810	  0.200397	  0.001984	  0.398810	

URL http://cisbp.ccbr.utoronto.ca/TFreport.php?versionNumber=1.02&searchTF=T011955_1.02

MOTIF M0213_1.02 (WUBG_01426)_(Mus_musculus)_(DBD_0.71)

letter-probability matrix: alength= 4 w= 11 nsites= 1 E= 0
  0.201784	  0.295980	  0.300452	  0.201784	
  0.274925	  0.079923	  0.079923	  0.565228	
  0.731885	  0.120705	  0.024371	  0.123039	
  0.189822	  0.517890	  0.000302	  0.291985	
  0.195173	  0.614669	  0.000302	  0.189856	
  0.809704	  0.000302	  0.000302	  0.189691	
  0.000302	  0.194479	  0.093488	  0.711731	
  0.905907	  0.000302	  0.000302	  0.093488	
  0.243671	  0.144721	  0.237061	  0.374546	
  0.170379	  0.170379	  0.392660	  0.266582	
  0.225931	  0.225931	  0.322206	  0.225931	

URL http://cisbp.ccbr.utoronto.ca/TFreport.php?versionNumber=1.02&searchTF=T011949_1.02

MOTIF M0216_1.02 (WUBG_01613)_(Mus_musculus)_(DBD_0.77)

letter-probability matrix: alength= 4 w= 10 nsites= 1 E= 0
  0.282767	  0.305521	  0.171954	  0.239759	
  0.037628	  0.037628	  0.674128	  0.250617	
  0.000178	  0.862732	  0.000178	  0.136912	
  0.930537	  0.000178	  0.069106	  0.000178	
  0.071132	  0.077413	  0.714543	  0.136912	
  0.145218	  0.714543	  0.069106	  0.071132	
  0.000178	  0.067984	  0.000178	  0.931660	
  0.077413	  0.000178	  0.922231	  0.000178	
  0.152455	  0.301874	  0.078225	  0.467447	
  0.281479	  0.212551	  0.293420	  0.212551	

URL http://cisbp.ccbr.utoronto.ca/TFreport.php?versionNumber=1.02&searchTF=T011950_1.02

MOTIF M0219_1.02 (WUBG_07840)_(Mus_musculus)_(DBD_0.63)

letter-probability matrix: alength= 4 w= 9 nsites= 1 E= 0
  0.241036	  0.335274	  0.300350	  0.123340	
  0.079879	  0.889370	  0.008763	  0.021988	
  0.848296	  0.076190	  0.045752	  0.029762	
  0.021618	  0.169617	  0.760169	  0.048596	
  0.258214	  0.173086	  0.546639	  0.022061	
  0.026426	  0.033594	  0.010744	  0.929235	
  0.027834	  0.014824	  0.903488	  0.053853	
  0.124622	  0.309601	  0.243541	  0.322236	
  0.223232	  0.241825	  0.278165	  0.256778	

URL http://cisbp.ccbr.utoronto.ca/TFreport.php?versionNumber=1.02&searchTF=T011960_1.02

MOTIF M0220_1.02 (WUBG_17914)_(Mus_musculus)_(DBD_0.63)

letter-probability matrix: alength= 4 w= 10 nsites= 1 E= 0
  0.250929	  0.229332	  0.261169	  0.258571	
  0.245912	  0.124583	  0.558342	  0.071163	
  0.061688	  0.043908	  0.142892	  0.751513	
  0.002732	  0.997148	  0.000037	  0.000083	
  0.953025	  0.016113	  0.010172	  0.020690	
  0.001939	  0.965026	  0.009414	  0.023621	
  0.048059	  0.002671	  0.946167	  0.003103	
  0.054023	  0.057940	  0.051388	  0.836649	
  0.009432	  0.004113	  0.938317	  0.048139	
  0.255140	  0.330899	  0.145739	  0.268222	

URL http://cisbp.ccbr.utoronto.ca/TFreport.php?versionNumber=1.02&searchTF=T011977_1.02

MOTIF M0224_1.02 (WUBG_01872)_(Mus_musculus)_(DBD_0.65)

letter-probability matrix: alength= 4 w= 10 nsites= 1 E= 0
  0.294121	  0.202526	  0.300826	  0.202526	
  0.303479	  0.500296	  0.098113	  0.098113	
  0.000011	  0.999968	  0.000011	  0.000011	
  0.999968	  0.000011	  0.000011	  0.000011	
  0.000011	  0.000011	  0.087923	  0.912055	
  0.912055	  0.087923	  0.000011	  0.000011	
  0.000011	  0.000011	  0.000011	  0.999968	
  0.000011	  0.000011	  0.999968	  0.000011	
  0.047484	  0.118649	  0.168178	  0.665688	
  0.151898	  0.243456	  0.221525	  0.383121	

URL http://cisbp.ccbr.utoronto.ca/TFreport.php?versionNumber=1.02&searchTF=T011951_1.02

MOTIF M0275_1.02 (WUBG_08190)_(Caenorhabditis_elegans)_(DBD_0.77)

letter-probability matrix: alength= 4 w= 10 nsites= 1 E= 0
  0.275256	  0.135848	  0.360715	  0.228181	
  0.628116	  0.044667	  0.282551	  0.044667	
  0.000048	  0.000048	  0.000048	  0.999855	
  0.000048	  0.000048	  0.999855	  0.000048	
  0.999855	  0.000048	  0.000048	  0.000048	
  0.000048	  0.999855	  0.000048	  0.000048	
  0.000048	  0.000048	  0.999855	  0.000048	
  0.000048	  0.000048	  0.000048	  0.999855	
  0.204469	  0.362470	  0.318861	  0.114200	
  0.383856	  0.205381	  0.205381	  0.205381	

URL http://cisbp.ccbr.utoronto.ca/TFreport.php?versionNumber=1.02&searchTF=T023558_1.02

MOTIF M0319_1.02 (WUBG_10037)_(Mus_musculus)_(DBD_0.78)

letter-probability matrix: alength= 4 w= 10 nsites= 1 E= 0
  0.183122	  0.183122	  0.270541	  0.363215	
  0.645397	  0.087274	  0.180054	  0.087274	
  0.000184	  0.000184	  0.000184	  0.999448	
  0.000184	  0.000184	  0.724689	  0.274944	
  0.999448	  0.000184	  0.000184	  0.000184	
  0.000184	  0.999448	  0.000184	  0.000184	
  0.000184	  0.000184	  0.999448	  0.000184	
  0.000184	  0.000184	  0.000184	  0.999448	
  0.547966	  0.317911	  0.067062	  0.067062	
  0.511272	  0.162909	  0.162909	  0.162909	

URL http://cisbp.ccbr.utoronto.ca/TFreport.php?versionNumber=1.02&searchTF=T023561_1.02

MOTIF M0346_1.02 (WUBG_05754)_(Caenorhabditis_elegans)_(DBD_0.56)

letter-probability matrix: alength= 4 w= 9 nsites= 1 E= 0
  0.535636	  0.078528	  0.369982	  0.015855	
  0.001169	  0.000261	  0.000246	  0.998325	
  0.054873	  0.137693	  0.716963	  0.090471	
  0.854058	  0.002509	  0.100484	  0.042948	
  0.024415	  0.611073	  0.048677	  0.315834	
  0.195600	  0.103139	  0.611597	  0.089664	
  0.168167	  0.236266	  0.115003	  0.480563	
  0.192128	  0.410824	  0.230019	  0.167028	
  0.491395	  0.118777	  0.190042	  0.199786	

URL http://cisbp.ccbr.utoronto.ca/TFreport.php?versionNumber=1.02&searchTF=T023557_1.02

MOTIF M0358_1.02 (WUBG_00008)_(Caenorhabditis_elegans)_(DBD_0.58)

letter-probability matrix: alength= 4 w= 9 nsites= 1 E= 0
  0.990132	  0.003289	  0.003289	  0.003289	
  0.001656	  0.001656	  0.001656	  0.995033	
  0.167219	  0.001656	  0.001656	  0.829470	
  0.995033	  0.001656	  0.001656	  0.001656	
  0.001656	  0.663907	  0.001656	  0.332781	
  0.498344	  0.001656	  0.498344	  0.001656	
  0.001656	  0.167219	  0.001656	  0.829470	
  0.995033	  0.001656	  0.001656	  0.001656	
  0.990132	  0.003289	  0.003289	  0.003289	

URL http://cisbp.ccbr.utoronto.ca/TFreport.php?versionNumber=1.02&searchTF=T023545_1.02

MOTIF M0379_1.02 (WUBG_01471)_(Caenorhabditis_elegans)_(DBD_0.79)

letter-probability matrix: alength= 4 w= 10 nsites= 1 E= 0
  0.247865	  0.181796	  0.279467	  0.290872	
  0.091444	  0.152280	  0.180498	  0.575778	
  0.026116	  0.000305	  0.965392	  0.008187	
  0.985734	  0.001382	  0.002468	  0.010416	
  0.011232	  0.014714	  0.971445	  0.002609	
  0.019671	  0.000076	  0.756818	  0.223435	
  0.231469	  0.134888	  0.255813	  0.377830	
  0.454899	  0.172444	  0.099492	  0.273165	
  0.304260	  0.264511	  0.223158	  0.208071	
  0.353339	  0.190077	  0.246516	  0.210067	

URL http://cisbp.ccbr.utoronto.ca/TFreport.php?versionNumber=1.02&searchTF=T035198_1.02

MOTIF M0383_1.02 (WUBG_00846)_(Caenorhabditis_elegans)_(DBD_0.94)

letter-probability matrix: alength= 4 w= 8 nsites= 1 E= 0
  0.083611	  0.665973	  0.083611	  0.166805	
  0.000303	  0.000303	  0.999092	  0.000303	
  0.000303	  0.091102	  0.333232	  0.575363	
  0.030569	  0.000303	  0.968826	  0.000303	
  0.000303	  0.000303	  0.999092	  0.000303	
  0.000303	  0.000303	  0.999092	  0.000303	
  0.066911	  0.566245	  0.233356	  0.133489	
  0.042013	  0.000416	  0.915557	  0.042013	

URL http://cisbp.ccbr.utoronto.ca/TFreport.php?versionNumber=1.02&searchTF=T035196_1.02

MOTIF M0389_1.02 (WUBG_05161)_(Caenorhabditis_elegans)_(DBD_0.79)

letter-probability matrix: alength= 4 w= 9 nsites= 1 E= 0
  0.195257	  0.159863	  0.359358	  0.285522	
  0.294519	  0.163260	  0.303488	  0.238733	
  0.299279	  0.156238	  0.279046	  0.265437	
  0.325210	  0.124520	  0.309349	  0.240921	
  0.281049	  0.123783	  0.371865	  0.223303	
  0.163753	  0.360813	  0.016749	  0.458684	
  0.384179	  0.036639	  0.459946	  0.119236	
  0.293702	  0.106972	  0.396456	  0.202870	
  0.287257	  0.157650	  0.287257	  0.267836	

URL http://cisbp.ccbr.utoronto.ca/TFreport.php?versionNumber=1.02&searchTF=T035215_1.02

MOTIF M0447_1.02 (WUBG_02612)_(Caenorhabditis_elegans)_(DBD_0.90)

letter-probability matrix: alength= 4 w= 10 nsites= 1 E= 0
  0.391273	  0.146849	  0.267577	  0.194301	
  0.236558	  0.241337	  0.322529	  0.199576	
  0.063325	  0.269963	  0.106515	  0.560196	
  0.004417	  0.002260	  0.968160	  0.025164	
  0.019015	  0.007208	  0.958364	  0.015413	
  0.150280	  0.035251	  0.000029	  0.814440	
  0.000025	  0.973874	  0.003426	  0.022675	
  0.905030	  0.032719	  0.031436	  0.030814	
  0.261983	  0.246726	  0.254240	  0.237052	
  0.139579	  0.281078	  0.155809	  0.423533	

URL http://cisbp.ccbr.utoronto.ca/TFreport.php?versionNumber=1.02&searchTF=T035204_1.02

MOTIF M0450_1.02 (WUBG_08818)_(Caenorhabditis_elegans)_(DBD_0.74)

letter-probability matrix: alength= 4 w= 7 nsites= 1 E= 0
  0.004902	  0.985294	  0.004902	  0.004902	
  0.985294	  0.004902	  0.004902	  0.004902	
  0.985294	  0.004902	  0.004902	  0.004902	
  0.004902	  0.985294	  0.004902	  0.004902	
  0.985294	  0.004902	  0.004902	  0.004902	
  0.004902	  0.004902	  0.985294	  0.004902	
  0.004902	  0.004902	  0.985294	  0.004902	

URL http://cisbp.ccbr.utoronto.ca/TFreport.php?versionNumber=1.02&searchTF=T035231_1.02

MOTIF M0547_1.02 (WUBG_07780)_(Caenorhabditis_elegans)_(DBD_0.73)

letter-probability matrix: alength= 4 w= 8 nsites= 1 E= 0
  0.285770	  0.084368	  0.393542	  0.236320	
  0.064855	  0.058683	  0.078426	  0.798036	
  0.993730	  0.000008	  0.005939	  0.000324	
  0.002564	  0.964329	  0.003100	  0.030007	
  0.556545	  0.122946	  0.159453	  0.161055	
  0.077410	  0.001895	  0.915172	  0.005524	
  0.075347	  0.012834	  0.121766	  0.790053	
  0.356653	  0.234338	  0.119913	  0.289097	

URL http://cisbp.ccbr.utoronto.ca/TFreport.php?versionNumber=1.02&searchTF=T035226_1.02

MOTIF M0584_1.02 (WUBG_03960)_(Caenorhabditis_elegans)_(DBD_0.77)

letter-probability matrix: alength= 4 w= 9 nsites= 1 E= 0
  0.230911	  0.224086	  0.262968	  0.282035	
  0.269525	  0.209906	  0.264188	  0.256380	
  0.283198	  0.178778	  0.291823	  0.246201	
  0.153491	  0.064952	  0.745191	  0.036366	
  0.485724	  0.054907	  0.315968	  0.143400	
  0.185229	  0.092907	  0.000174	  0.721690	
  0.451981	  0.073969	  0.434259	  0.039791	
  0.183594	  0.056414	  0.557089	  0.202902	
  0.369364	  0.118130	  0.213105	  0.299401	

URL http://cisbp.ccbr.utoronto.ca/TFreport.php?versionNumber=1.02&searchTF=T072048_1.02

MOTIF M0621_1.02 WUBG_11979T0

letter-probability matrix: alength= 4 w= 8 nsites= 1 E= 0
  0.990132	  0.003289	  0.003289	  0.003289	
  0.003289	  0.003289	  0.003289	  0.990132	
  0.003289	  0.003289	  0.990132	  0.003289	
  0.003289	  0.003289	  0.003289	  0.990132	
  0.332237	  0.003289	  0.003289	  0.661184	
  0.003289	  0.003289	  0.003289	  0.990132	
  0.003289	  0.990132	  0.003289	  0.003289	
  0.985294	  0.004902	  0.004902	  0.004902	

URL http://cisbp.ccbr.utoronto.ca/TFreport.php?versionNumber=1.02&searchTF=T074988_1.02

MOTIF M0623_1.02 (WUBG_07178)_(Caenorhabditis_elegans)_(DBD_0.96)

letter-probability matrix: alength= 4 w= 8 nsites= 1 E= 0
  0.397132	  0.217951	  0.185725	  0.199192	
  0.397053	  0.211467	  0.117222	  0.274258	
  0.342138	  0.117356	  0.087813	  0.452693	
  0.230192	  0.118975	  0.101384	  0.549449	
  0.113255	  0.152879	  0.200266	  0.533600	
  0.076011	  0.270664	  0.050952	  0.602373	
  0.319738	  0.110775	  0.322952	  0.246535	
  0.227337	  0.261499	  0.238992	  0.272171	

URL http://cisbp.ccbr.utoronto.ca/TFreport.php?versionNumber=1.02&searchTF=T074985_1.02

MOTIF M0632_1.02 (WUBG_07254)_(Homo_sapiens)_(DBD_0.94)

letter-probability matrix: alength= 4 w= 10 nsites= 1 E= 0
  0.391936	  0.183295	  0.148576	  0.276193	
  0.378242	  0.182278	  0.150737	  0.288742	
  0.278003	  0.143686	  0.091618	  0.486692	
  0.161592	  0.078655	  0.558398	  0.201355	
  0.131885	  0.106904	  0.107979	  0.653232	
  0.417907	  0.098029	  0.168218	  0.315847	
  0.288677	  0.108344	  0.224822	  0.378157	
  0.189159	  0.451505	  0.137357	  0.221980	
  0.330255	  0.192455	  0.235066	  0.242224	
  0.345463	  0.193424	  0.222491	  0.238623	

URL http://cisbp.ccbr.utoronto.ca/TFreport.php?versionNumber=1.02&searchTF=T074986_1.02

MOTIF M0688_1.02 (WUBG_02954)_(Mus_musculus)_(DBD_0.52)

letter-probability matrix: alength= 4 w= 10 nsites= 1 E= 0
  0.350685	  0.160756	  0.212701	  0.275858	
  0.244116	  0.269790	  0.251550	  0.234544	
  0.253145	  0.309192	  0.282580	  0.155083	
  0.327987	  0.369805	  0.166164	  0.136044	
  0.176264	  0.064199	  0.615223	  0.144313	
  0.165059	  0.084462	  0.599625	  0.150853	
  0.844606	  0.003486	  0.021734	  0.130174	
  0.722343	  0.020958	  0.006440	  0.250260	
  0.379399	  0.139573	  0.360896	  0.120132	
  0.218131	  0.238673	  0.133633	  0.409564	

URL http://cisbp.ccbr.utoronto.ca/TFreport.php?versionNumber=1.02&searchTF=T077519_1.02

MOTIF M0694_1.02 (WUBG_15165)_(Mus_musculus)_(DBD_0.65)

letter-probability matrix: alength= 4 w= 9 nsites= 1 E= 0
  0.635514	  0.077048	  0.180266	  0.107172	
  0.154613	  0.646083	  0.165824	  0.033479	
  0.148376	  0.812201	  0.037328	  0.002095	
  0.000563	  0.000345	  0.997694	  0.001399	
  0.009222	  0.004912	  0.984004	  0.001862	
  0.979651	  0.004126	  0.014690	  0.001533	
  0.777163	  0.021024	  0.004330	  0.197483	
  0.378533	  0.050719	  0.553523	  0.017224	
  0.132095	  0.222188	  0.053706	  0.592011	

URL http://cisbp.ccbr.utoronto.ca/TFreport.php?versionNumber=1.02&searchTF=T077522_1.02

MOTIF M0702_1.02 (WUBG_02585)_(Mus_musculus)_(DBD_0.60)

letter-probability matrix: alength= 4 w= 10 nsites= 1 E= 0
  0.322340	  0.195509	  0.263909	  0.218242	
  0.433860	  0.124303	  0.159608	  0.282230	
  0.311585	  0.293439	  0.240248	  0.154728	
  0.200253	  0.544344	  0.186715	  0.068688	
  0.284306	  0.645517	  0.054058	  0.016120	
  0.011537	  0.000434	  0.987890	  0.000139	
  0.006865	  0.014532	  0.949918	  0.028685	
  0.874097	  0.008964	  0.059931	  0.057008	
  0.302190	  0.165846	  0.058036	  0.473929	
  0.296924	  0.248012	  0.296924	  0.158139	

URL http://cisbp.ccbr.utoronto.ca/TFreport.php?versionNumber=1.02&searchTF=T077518_1.02

MOTIF M0703_1.02 (WUBG_00149)_(Mus_musculus)_(DBD_0.71)

letter-probability matrix: alength= 4 w= 10 nsites= 1 E= 0
  0.292662	  0.237228	  0.244452	  0.225658	
  0.396424	  0.156410	  0.290756	  0.156410	
  0.143761	  0.549031	  0.188322	  0.118885	
  0.120828	  0.832447	  0.032930	  0.013796	
  0.000258	  0.000099	  0.996966	  0.002677	
  0.006486	  0.006108	  0.981989	  0.005417	
  0.929250	  0.010220	  0.029206	  0.031324	
  0.638426	  0.070740	  0.020677	  0.270158	
  0.353350	  0.140817	  0.431582	  0.074252	
  0.136540	  0.294896	  0.110678	  0.457886	

URL http://cisbp.ccbr.utoronto.ca/TFreport.php?versionNumber=1.02&searchTF=T077516_1.02

MOTIF M0708_1.02 (WUBG_12435)_(Mus_musculus)_(DBD_0.56)

letter-probability matrix: alength= 4 w= 10 nsites= 1 E= 0
  0.372844	  0.157773	  0.219458	  0.249925	
  0.282039	  0.273704	  0.189057	  0.255200	
  0.177779	  0.464305	  0.257377	  0.100539	
  0.260304	  0.591019	  0.112376	  0.036301	
  0.048307	  0.002265	  0.941601	  0.007827	
  0.026432	  0.018441	  0.938772	  0.016356	
  0.877400	  0.019628	  0.024952	  0.078020	
  0.765799	  0.046568	  0.015043	  0.172590	
  0.281705	  0.157726	  0.488266	  0.072303	
  0.182791	  0.244287	  0.114245	  0.458676	

URL http://cisbp.ccbr.utoronto.ca/TFreport.php?versionNumber=1.02&searchTF=T077521_1.02

MOTIF M0709_1.02 (WUBG_02434)_(Mus_musculus)_(DBD_0.88)

letter-probability matrix: alength= 4 w= 10 nsites= 1 E= 0
  0.281573	  0.232850	  0.257339	  0.228239	
  0.414866	  0.149598	  0.249125	  0.186411	
  0.179962	  0.494103	  0.211187	  0.114749	
  0.259489	  0.638239	  0.085517	  0.016755	
  0.004798	  0.001474	  0.980684	  0.013043	
  0.008733	  0.003278	  0.979598	  0.008391	
  0.916015	  0.015333	  0.027386	  0.041266	
  0.617614	  0.075631	  0.032004	  0.274751	
  0.365042	  0.122733	  0.437035	  0.075190	
  0.145434	  0.289954	  0.127705	  0.436908	

URL http://cisbp.ccbr.utoronto.ca/TFreport.php?versionNumber=1.02&searchTF=T077517_1.02

MOTIF M0715_1.02 (WUBG_11506)_(Caenorhabditis_briggsae)_(DBD_0.40)

letter-probability matrix: alength= 4 w= 8 nsites= 1 E= 0
  0.416389	  0.000416	  0.541181	  0.042013	
  0.028824	  0.000285	  0.000285	  0.970605	
  0.827911	  0.171518	  0.000285	  0.000285	
  0.942066	  0.000285	  0.000285	  0.057363	
  0.999144	  0.000285	  0.000285	  0.000285	
  0.057363	  0.913527	  0.000285	  0.028824	
  0.999144	  0.000285	  0.000285	  0.000285	
  0.434462	  0.217448	  0.130642	  0.217448	

URL http://cisbp.ccbr.utoronto.ca/TFreport.php?versionNumber=1.02&searchTF=T080895_1.02

MOTIF M0724_1.02 (WUBG_11610)_(Mus_musculus)_(DBD_0.74)

letter-probability matrix: alength= 4 w= 8 nsites= 1 E= 0
  0.314286	  0.057143	  0.600000	  0.028571	
  0.116279	  0.046512	  0.023256	  0.813953	
  0.790698	  0.162791	  0.023256	  0.023256	
  0.860465	  0.046512	  0.023256	  0.069767	
  0.930233	  0.023256	  0.023256	  0.023256	
  0.023256	  0.790698	  0.023256	  0.162791	
  0.928571	  0.023810	  0.023810	  0.023810	
  0.551724	  0.103448	  0.137931	  0.206897	

URL http://cisbp.ccbr.utoronto.ca/TFreport.php?versionNumber=1.02&searchTF=T080896_1.02

MOTIF M0727_1.02 (WUBG_00915)_(Mus_musculus)_(DBD_0.45)

letter-probability matrix: alength= 4 w= 9 nsites= 1 E= 0
  0.285936	  0.209719	  0.382132	  0.122213	
  0.259231	  0.180859	  0.145143	  0.414767	
  0.482799	  0.289919	  0.074411	  0.152872	
  0.584225	  0.181324	  0.065385	  0.169066	
  0.800779	  0.028377	  0.101047	  0.069797	
  0.006674	  0.733801	  0.002741	  0.256785	
  0.711264	  0.065173	  0.101194	  0.122369	
  0.343115	  0.208109	  0.218779	  0.229997	
  0.298983	  0.230531	  0.194491	  0.275996	

URL http://cisbp.ccbr.utoronto.ca/TFreport.php?versionNumber=1.02&searchTF=T080887_1.02

MOTIF M0737_1.02 (WUBG_03767)_(Mus_musculus)_(DBD_0.49)

letter-probability matrix: alength= 4 w= 10 nsites= 1 E= 0
  0.329842	  0.082156	  0.060257	  0.527746	
  0.520070	  0.108198	  0.255689	  0.116043	
  0.283345	  0.081996	  0.128595	  0.506065	
  0.209230	  0.033229	  0.701648	  0.055893	
  0.071321	  0.155585	  0.032694	  0.740400	
  0.638753	  0.232646	  0.070072	  0.058529	
  0.729556	  0.133278	  0.066184	  0.070983	
  0.865457	  0.036352	  0.043959	  0.054231	
  0.059316	  0.519509	  0.058726	  0.362449	
  0.777489	  0.053307	  0.067092	  0.102112	

URL http://cisbp.ccbr.utoronto.ca/TFreport.php?versionNumber=1.02&searchTF=T080889_1.02

MOTIF M0741_1.02 (WUBG_05169)_(Caenorhabditis_elegans)_(DBD_0.88)

letter-probability matrix: alength= 4 w= 10 nsites= 1 E= 0
  0.276144	  0.176077	  0.290303	  0.257475	
  0.186748	  0.262372	  0.252084	  0.298796	
  0.373966	  0.282637	  0.291245	  0.052152	
  0.588176	  0.074219	  0.083682	  0.253922	
  0.480999	  0.201515	  0.037184	  0.280302	
  0.750693	  0.088323	  0.038130	  0.122854	
  0.838999	  0.034199	  0.101718	  0.025083	
  0.001060	  0.712202	  0.027340	  0.259398	
  0.848067	  0.033885	  0.053142	  0.064907	
  0.441409	  0.184929	  0.154466	  0.219197	

URL http://cisbp.ccbr.utoronto.ca/TFreport.php?versionNumber=1.02&searchTF=T080891_1.02

MOTIF M0742_1.02 (WUBG_02313)_(Caenorhabditis_elegans)_(DBD_0.46)

letter-probability matrix: alength= 4 w= 11 nsites= 1 E= 0
  0.290290	  0.211015	  0.287681	  0.211015	
  0.243370	  0.086173	  0.086173	  0.584284	
  0.215478	  0.060026	  0.664470	  0.060026	
  0.151281	  0.076299	  0.000121	  0.772299	
  0.919668	  0.080090	  0.000121	  0.000121	
  0.922970	  0.076788	  0.000121	  0.000121	
  0.999637	  0.000121	  0.000121	  0.000121	
  0.000121	  0.668017	  0.000121	  0.331741	
  0.882680	  0.039107	  0.039107	  0.039107	
  0.508155	  0.163948	  0.163948	  0.163948	
  0.429714	  0.190095	  0.190095	  0.190095	

URL http://cisbp.ccbr.utoronto.ca/TFreport.php?versionNumber=1.02&searchTF=T080888_1.02

MOTIF M0748_1.02 (WUBG_10392)_(Caenorhabditis_elegans)_(DBD_0.49)

letter-probability matrix: alength= 4 w= 10 nsites= 1 E= 0
  0.259111	  0.218603	  0.241594	  0.280692	
  0.227954	  0.262210	  0.239641	  0.270195	
  0.343013	  0.106460	  0.496592	  0.053934	
  0.238807	  0.129756	  0.044065	  0.587372	
  0.586793	  0.294321	  0.041045	  0.077841	
  0.799746	  0.117248	  0.029794	  0.053213	
  0.865620	  0.030068	  0.050071	  0.054241	
  0.033723	  0.691019	  0.013305	  0.261953	
  0.852964	  0.038812	  0.039596	  0.068629	
  0.355570	  0.215664	  0.195141	  0.233626	

URL http://cisbp.ccbr.utoronto.ca/TFreport.php?versionNumber=1.02&searchTF=T080894_1.02

MOTIF M0755_1.02 (WUBG_17296)_(Trionyx_sinensis)_(DBD_0.46)

letter-probability matrix: alength= 4 w= 9 nsites= 1 E= 0
  0.003289	  0.003289	  0.003289	  0.990132	
  0.001984	  0.001984	  0.994048	  0.001984	
  0.001656	  0.001656	  0.001656	  0.995033	
  0.829470	  0.167219	  0.001656	  0.001656	
  0.995033	  0.001656	  0.001656	  0.001656	
  0.995033	  0.001656	  0.001656	  0.001656	
  0.001656	  0.663907	  0.001656	  0.332781	
  0.995033	  0.001656	  0.001656	  0.001656	
  0.661184	  0.332237	  0.003289	  0.003289	

URL http://cisbp.ccbr.utoronto.ca/TFreport.php?versionNumber=1.02&searchTF=T080901_1.02

MOTIF M0757_1.02 (WUBG_06356)_(Strongylocentrotus_purpuratus)_(DBD_0.49)

letter-probability matrix: alength= 4 w= 10 nsites= 1 E= 0
  0.321884	  0.201178	  0.236085	  0.240854	
  0.216367	  0.234387	  0.239122	  0.310124	
  0.297171	  0.182055	  0.409243	  0.111532	
  0.279854	  0.144643	  0.132194	  0.443309	
  0.472247	  0.313407	  0.069235	  0.145111	
  0.572460	  0.196359	  0.062174	  0.169007	
  0.751021	  0.048981	  0.135834	  0.064163	
  0.037542	  0.655546	  0.026722	  0.280190	
  0.680835	  0.057015	  0.121915	  0.140235	
  0.359328	  0.213628	  0.193298	  0.233746	

URL http://cisbp.ccbr.utoronto.ca/TFreport.php?versionNumber=1.02&searchTF=T080892_1.02

MOTIF M0786_1.02 (WUBG_10387)_(Caenorhabditis_elegans)_(DBD_0.86)

letter-probability matrix: alength= 4 w= 8 nsites= 1 E= 0
  0.172616	  0.351100	  0.330653	  0.145630	
  0.052556	  0.021799	  0.007940	  0.917705	
  0.004769	  0.000129	  0.994298	  0.000804	
  0.937849	  0.008114	  0.005439	  0.048598	
  0.002817	  0.007969	  0.001385	  0.987830	
  0.774879	  0.051045	  0.009609	  0.164467	
  0.706920	  0.043420	  0.111154	  0.138506	
  0.210338	  0.292573	  0.326593	  0.170496	

URL http://cisbp.ccbr.utoronto.ca/TFreport.php?versionNumber=1.02&searchTF=T084218_1.02

MOTIF M0864_1.02 (WUBG_02562)_(Caenorhabditis_elegans)_(DBD_0.74)

letter-probability matrix: alength= 4 w= 8 nsites= 1 E= 0
  0.091486	  0.000906	  0.906703	  0.000906	
  0.000767	  0.307515	  0.000767	  0.690951	
  0.921012	  0.077454	  0.000767	  0.000767	
  0.997699	  0.000767	  0.000767	  0.000767	
  0.000767	  0.000767	  0.000767	  0.997699	
  0.537577	  0.000767	  0.000767	  0.460890	
  0.997508	  0.000831	  0.000831	  0.000831	
  0.886062	  0.111726	  0.001106	  0.001106	

URL http://cisbp.ccbr.utoronto.ca/TFreport.php?versionNumber=1.02&searchTF=T089643_1.02

MOTIF M0928_1.02 (WUBG_12371)_(Mus_musculus)_(DBD_0.74)

letter-probability matrix: alength= 4 w= 7 nsites= 1 E= 0
  0.144397	  0.120611	  0.119411	  0.615582	
  0.644210	  0.107557	  0.134025	  0.114208	
  0.733858	  0.022383	  0.092602	  0.151156	
  0.080543	  0.104458	  0.116604	  0.698395	
  0.170686	  0.157563	  0.174135	  0.497616	
  0.375164	  0.124881	  0.304102	  0.195853	
  0.313095	  0.175301	  0.329148	  0.182456	

URL http://cisbp.ccbr.utoronto.ca/TFreport.php?versionNumber=1.02&searchTF=T089680_1.02

MOTIF M0930_1.02 (WUBG_14223)_(Mus_musculus)_(DBD_0.77)

letter-probability matrix: alength= 4 w= 10 nsites= 1 E= 0
  0.265501	  0.230815	  0.281919	  0.221765	
  0.220284	  0.345475	  0.315740	  0.118501	
  0.085267	  0.587448	  0.020610	  0.306675	
  0.570425	  0.180617	  0.039110	  0.209848	
  0.162990	  0.775642	  0.020362	  0.041005	
  0.067651	  0.004501	  0.017019	  0.910829	
  0.111072	  0.278712	  0.026054	  0.584162	
  0.340448	  0.186842	  0.301950	  0.170760	
  0.370324	  0.152076	  0.226870	  0.250730	
  0.283218	  0.234210	  0.274847	  0.207725	

URL http://cisbp.ccbr.utoronto.ca/TFreport.php?versionNumber=1.02&searchTF=T089683_1.02

MOTIF M0939_1.02 (WUBG_07700)_(Mus_musculus)_(DBD_0.70)

letter-probability matrix: alength= 4 w= 10 nsites= 1 E= 0
  0.226902	  0.245800	  0.321989	  0.205309	
  0.242216	  0.287100	  0.200303	  0.270381	
  0.160115	  0.052242	  0.025685	  0.761958	
  0.833901	  0.014384	  0.087892	  0.063823	
  0.916212	  0.019111	  0.030884	  0.033793	
  0.098357	  0.140978	  0.128844	  0.631820	
  0.120820	  0.238483	  0.315544	  0.325154	
  0.252984	  0.097839	  0.489472	  0.159705	
  0.192219	  0.295490	  0.272772	  0.239520	
  0.187034	  0.293327	  0.188913	  0.330726	

URL http://cisbp.ccbr.utoronto.ca/TFreport.php?versionNumber=1.02&searchTF=T089667_1.02

MOTIF M0944_1.02 (WUBG_05751)_(Mus_musculus)_(DBD_0.70)

letter-probability matrix: alength= 4 w= 8 nsites= 1 E= 0
  0.244685	  0.262426	  0.184929	  0.307960	
  0.195722	  0.063860	  0.036477	  0.703941	
  0.712083	  0.037645	  0.106505	  0.143767	
  0.921471	  0.039884	  0.018840	  0.019806	
  0.072358	  0.024572	  0.250040	  0.653030	
  0.149500	  0.630995	  0.082872	  0.136633	
  0.112604	  0.499634	  0.129525	  0.258237	
  0.173100	  0.309164	  0.276959	  0.240777	

URL http://cisbp.ccbr.utoronto.ca/TFreport.php?versionNumber=1.02&searchTF=T089663_1.02

MOTIF M0954_1.02 (WUBG_02247)_(Mus_musculus)_(DBD_0.79)

letter-probability matrix: alength= 4 w= 9 nsites= 1 E= 0
  0.269860	  0.244180	  0.310413	  0.175547	
  0.222956	  0.322782	  0.189991	  0.264271	
  0.095770	  0.046616	  0.010402	  0.847212	
  0.799391	  0.056478	  0.097891	  0.046240	
  0.967307	  0.000597	  0.022077	  0.010019	
  0.039713	  0.048993	  0.055795	  0.855498	
  0.112128	  0.104548	  0.131584	  0.651740	
  0.377268	  0.097803	  0.400597	  0.124332	
  0.274391	  0.207380	  0.363054	  0.155175	

URL http://cisbp.ccbr.utoronto.ca/TFreport.php?versionNumber=1.02&searchTF=T089641_1.02

MOTIF M0963_1.02 (WUBG_13886)_(Mus_musculus)_(DBD_0.84)

letter-probability matrix: alength= 4 w= 9 nsites= 1 E= 0
  0.336764	  0.194296	  0.190449	  0.278490	
  0.293592	  0.187202	  0.219684	  0.299522	
  0.143147	  0.291160	  0.156628	  0.409065	
  0.060921	  0.242154	  0.011817	  0.685107	
  0.768466	  0.128303	  0.074024	  0.029207	
  0.954390	  0.018561	  0.016964	  0.010085	
  0.035549	  0.016296	  0.012819	  0.935337	
  0.150061	  0.196574	  0.074518	  0.578848	
  0.582945	  0.073559	  0.135381	  0.208115	

URL http://cisbp.ccbr.utoronto.ca/TFreport.php?versionNumber=1.02&searchTF=T089682_1.02

MOTIF M0966_1.02 (WUBG_01060)_(Mus_musculus)_(DBD_0.86)

letter-probability matrix: alength= 4 w= 9 nsites= 1 E= 0
  0.252868	  0.305780	  0.311957	  0.129395	
  0.124119	  0.503326	  0.038522	  0.334033	
  0.533653	  0.174120	  0.045139	  0.247088	
  0.161274	  0.673917	  0.062998	  0.101810	
  0.115304	  0.015449	  0.000051	  0.869196	
  0.103992	  0.355781	  0.045346	  0.494881	
  0.311061	  0.221404	  0.301867	  0.165668	
  0.416257	  0.148607	  0.185175	  0.249961	
  0.282377	  0.243044	  0.263287	  0.211292	

URL http://cisbp.ccbr.utoronto.ca/TFreport.php?versionNumber=1.02&searchTF=T089633_1.02

MOTIF M0975_1.02 (WUBG_04132)_(Mus_musculus)_(DBD_0.72)

letter-probability matrix: alength= 4 w= 9 nsites= 1 E= 0
  0.152081	  0.091324	  0.047201	  0.709395	
  0.690458	  0.086259	  0.135281	  0.088002	
  0.886062	  0.013024	  0.035758	  0.065156	
  0.031077	  0.036836	  0.028403	  0.903684	
  0.110911	  0.101365	  0.155824	  0.631899	
  0.491062	  0.048743	  0.349523	  0.110672	
  0.367221	  0.191706	  0.269337	  0.171737	
  0.287641	  0.235500	  0.183408	  0.293451	
  0.278534	  0.200244	  0.177601	  0.343621	

URL http://cisbp.ccbr.utoronto.ca/TFreport.php?versionNumber=1.02&searchTF=T089656_1.02

MOTIF M0991_1.02 (WUBG_01719)_(Mus_musculus)_(DBD_0.88)

letter-probability matrix: alength= 4 w= 7 nsites= 1 E= 0
  0.207112	  0.268610	  0.252968	  0.271310	
  0.229210	  0.070431	  0.130927	  0.569432	
  0.521448	  0.073450	  0.236656	  0.168445	
  0.627941	  0.108034	  0.128053	  0.135972	
  0.172464	  0.088251	  0.270478	  0.468806	
  0.209059	  0.140136	  0.302661	  0.348144	
  0.255000	  0.139947	  0.428917	  0.176137	

URL http://cisbp.ccbr.utoronto.ca/TFreport.php?versionNumber=1.02&searchTF=T089637_1.02

MOTIF M0993_1.02 (WUBG_02805)_(Mus_musculus)_(DBD_0.75)

letter-probability matrix: alength= 4 w= 9 nsites= 1 E= 0
  0.245921	  0.297380	  0.182183	  0.274516	
  0.148145	  0.057294	  0.053420	  0.741141	
  0.826195	  0.029278	  0.049246	  0.095281	
  0.911651	  0.016367	  0.020806	  0.051175	
  0.341059	  0.073851	  0.129290	  0.455800	
  0.145727	  0.296408	  0.137241	  0.420623	
  0.217704	  0.062373	  0.591781	  0.128142	
  0.218605	  0.261718	  0.292150	  0.227527	
  0.175236	  0.274825	  0.175236	  0.374703	

URL http://cisbp.ccbr.utoronto.ca/TFreport.php?versionNumber=1.02&searchTF=T089646_1.02

MOTIF M1000_1.02 (WUBG_03381)_(Mus_musculus)_(DBD_0.82)

letter-probability matrix: alength= 4 w= 8 nsites= 1 E= 0
  0.216987	  0.314139	  0.148389	  0.320485	
  0.078163	  0.026544	  0.007454	  0.887839	
  0.853506	  0.044228	  0.065324	  0.036942	
  0.978482	  0.000211	  0.008551	  0.012756	
  0.002825	  0.026803	  0.027897	  0.942475	
  0.104556	  0.090897	  0.098468	  0.706079	
  0.391058	  0.094524	  0.371986	  0.142431	
  0.297757	  0.193694	  0.374758	  0.133791	

URL http://cisbp.ccbr.utoronto.ca/TFreport.php?versionNumber=1.02&searchTF=T089652_1.02

MOTIF M1015_1.02 (WUBG_03029)_(Mus_musculus)_(DBD_0.84)

letter-probability matrix: alength= 4 w= 7 nsites= 1 E= 0
  0.161249	  0.279486	  0.178208	  0.381058	
  0.074215	  0.310124	  0.003515	  0.612146	
  0.496430	  0.223061	  0.103280	  0.177229	
  0.604375	  0.168039	  0.074010	  0.153576	
  0.151745	  0.140078	  0.000347	  0.707829	
  0.255989	  0.195416	  0.091390	  0.457205	
  0.395010	  0.194204	  0.151246	  0.259540	

URL http://cisbp.ccbr.utoronto.ca/TFreport.php?versionNumber=1.02&searchTF=T089650_1.02

MOTIF M1016_1.02 (WUBG_00045)_(Mus_musculus)_(DBD_0.91)

letter-probability matrix: alength= 4 w= 7 nsites= 1 E= 0
  0.247356	  0.242458	  0.265291	  0.244895	
  0.187686	  0.245862	  0.203318	  0.363134	
  0.206531	  0.145540	  0.437226	  0.210703	
  0.818609	  0.111900	  0.033704	  0.035788	
  0.126658	  0.170970	  0.099632	  0.602740	
  0.539508	  0.337193	  0.043409	  0.079890	
  0.146793	  0.419484	  0.179294	  0.254430	

URL http://cisbp.ccbr.utoronto.ca/TFreport.php?versionNumber=1.02&searchTF=T089632_1.02

MOTIF M1020_1.02 (WUBG_01089)_(Mus_musculus)_(DBD_0.79)

letter-probability matrix: alength= 4 w= 8 nsites= 1 E= 0
  0.245580	  0.266033	  0.173057	  0.315330	
  0.119000	  0.042484	  0.026819	  0.811696	
  0.775973	  0.070395	  0.099895	  0.053738	
  0.952272	  0.000511	  0.019863	  0.027354	
  0.039124	  0.063862	  0.062598	  0.834416	
  0.140547	  0.106223	  0.141959	  0.611271	
  0.355145	  0.111333	  0.377106	  0.156417	
  0.288606	  0.209571	  0.335312	  0.166511	

URL http://cisbp.ccbr.utoronto.ca/TFreport.php?versionNumber=1.02&searchTF=T089634_1.02

MOTIF M1036_1.02 (WUBG_01783)_(Mus_musculus)_(DBD_0.75)

letter-probability matrix: alength= 4 w= 7 nsites= 1 E= 0
  0.226066	  0.281695	  0.221589	  0.270650	
  0.146677	  0.148151	  0.067238	  0.637934	
  0.618779	  0.056134	  0.149568	  0.175519	
  0.877477	  0.000256	  0.058385	  0.063883	
  0.113953	  0.010652	  0.066406	  0.808989	
  0.155387	  0.136445	  0.149295	  0.558873	
  0.312201	  0.086803	  0.417233	  0.183763	

URL http://cisbp.ccbr.utoronto.ca/TFreport.php?versionNumber=1.02&searchTF=T089638_1.02

MOTIF M1049_1.02 (WUBG_09144)_(Mus_musculus)_(DBD_0.80)

letter-probability matrix: alength= 4 w= 10 nsites= 1 E= 0
  0.289634	  0.216722	  0.244354	  0.249290	
  0.166573	  0.211756	  0.182260	  0.439411	
  0.165752	  0.090967	  0.544840	  0.198441	
  0.929154	  0.059996	  0.000107	  0.010743	
  0.054059	  0.154483	  0.048915	  0.742543	
  0.658419	  0.278618	  0.000170	  0.062793	
  0.069036	  0.541653	  0.109358	  0.279954	
  0.180538	  0.374631	  0.241276	  0.203556	
  0.212494	  0.310727	  0.214630	  0.262149	
  0.221051	  0.289569	  0.216674	  0.272706	

URL http://cisbp.ccbr.utoronto.ca/TFreport.php?versionNumber=1.02&searchTF=T089674_1.02

MOTIF M1050_1.02 (WUBG_16037)_(Mus_musculus)_(DBD_0.85)

letter-probability matrix: alength= 4 w= 9 nsites= 1 E= 0
  0.166042	  0.344550	  0.226386	  0.263023	
  0.263913	  0.277444	  0.207601	  0.251042	
  0.216283	  0.378641	  0.143536	  0.261540	
  0.389871	  0.143425	  0.312879	  0.153825	
  0.132714	  0.100303	  0.096370	  0.670614	
  0.161095	  0.627657	  0.075339	  0.135910	
  0.543490	  0.165341	  0.122488	  0.168681	
  0.346709	  0.227804	  0.188385	  0.237101	
  0.282568	  0.229045	  0.222276	  0.266112	

URL http://cisbp.ccbr.utoronto.ca/TFreport.php?versionNumber=1.02&searchTF=T089685_1.02

MOTIF M1083_1.02 (WUBG_04568)_(Tetraodon_nigroviridis)_(DBD_0.74)

letter-probability matrix: alength= 4 w= 9 nsites= 1 E= 0
  0.287146	  0.275887	  0.290032	  0.146935	
  0.125413	  0.302359	  0.151656	  0.420572	
  0.056927	  0.051510	  0.069531	  0.822031	
  0.852717	  0.054512	  0.053970	  0.038800	
  0.956803	  0.007490	  0.016340	  0.019368	
  0.013395	  0.013262	  0.034291	  0.939053	
  0.061449	  0.043303	  0.067912	  0.827336	
  0.554996	  0.007456	  0.364658	  0.072891	
  0.347071	  0.159099	  0.364866	  0.128964	

URL http://cisbp.ccbr.utoronto.ca/TFreport.php?versionNumber=1.02&searchTF=T089658_1.02

MOTIF M1091_1.02 (WUBG_08887)_(Drosophila_melanogaster)_(DBD_0.84)

letter-probability matrix: alength= 4 w= 9 nsites= 1 E= 0
  0.195086	  0.348431	  0.193145	  0.263338	
  0.106150	  0.078638	  0.022985	  0.792228	
  0.745347	  0.066944	  0.120765	  0.066944	
  0.803281	  0.077378	  0.027625	  0.091717	
  0.084325	  0.168120	  0.072579	  0.674976	
  0.130553	  0.189007	  0.314751	  0.365689	
  0.403315	  0.108823	  0.304819	  0.183043	
  0.228660	  0.290684	  0.273756	  0.206900	
  0.186386	  0.283672	  0.249092	  0.280850	

URL http://cisbp.ccbr.utoronto.ca/TFreport.php?versionNumber=1.02&searchTF=T089673_1.02

MOTIF M1096_1.02 (WUBG_06681)_(Drosophila_melanogaster)_(DBD_0.77)

letter-probability matrix: alength= 4 w= 8 nsites= 1 E= 0
  0.207448	  0.325343	  0.141866	  0.325343	
  0.070500	  0.046787	  0.081909	  0.800803	
  0.823901	  0.041432	  0.064978	  0.069690	
  0.800902	  0.045410	  0.085263	  0.068425	
  0.078337	  0.041722	  0.098595	  0.781347	
  0.084961	  0.693803	  0.089317	  0.131919	
  0.101356	  0.577459	  0.132772	  0.188413	
  0.148880	  0.348326	  0.299807	  0.202987	

URL http://cisbp.ccbr.utoronto.ca/TFreport.php?versionNumber=1.02&searchTF=T089666_1.02

MOTIF M1101_1.02 (WUBG_06036)_(Drosophila_melanogaster)_(DBD_0.74)

letter-probability matrix: alength= 4 w= 9 nsites= 1 E= 0
  0.322644	  0.227363	  0.342595	  0.107399	
  0.143724	  0.143724	  0.048808	  0.663744	
  0.015040	  0.011367	  0.009981	  0.963613	
  0.964760	  0.008431	  0.018208	  0.008601	
  0.978335	  0.008810	  0.003407	  0.009448	
  0.006495	  0.002438	  0.007698	  0.983370	
  0.011007	  0.010575	  0.016920	  0.961498	
  0.705053	  0.005198	  0.278181	  0.011568	
  0.246712	  0.082949	  0.644336	  0.026003	

URL http://cisbp.ccbr.utoronto.ca/TFreport.php?versionNumber=1.02&searchTF=T089664_1.02

MOTIF M1110_1.02 (WUBG_10995)_(Caenorhabditis_elegans)_(DBD_0.89)

letter-probability matrix: alength= 4 w= 10 nsites= 1 E= 0
  0.240816	  0.226792	  0.271519	  0.260873	
  0.280565	  0.227422	  0.286233	  0.205780	
  0.235681	  0.250255	  0.341204	  0.172860	
  0.169104	  0.395643	  0.124029	  0.311224	
  0.427182	  0.203814	  0.190035	  0.178968	
  0.688905	  0.115020	  0.173314	  0.022762	
  0.081639	  0.159542	  0.022028	  0.736792	
  0.316472	  0.253975	  0.165213	  0.264340	
  0.234629	  0.269888	  0.289457	  0.206027	
  0.340075	  0.196206	  0.267513	  0.196206	

URL http://cisbp.ccbr.utoronto.ca/TFreport.php?versionNumber=1.02&searchTF=T089679_1.02

MOTIF M1142_1.02 (WUBG_19064)_(Caenorhabditis_elegans)_(DBD_0.81)

letter-probability matrix: alength= 4 w= 11 nsites= 1 E= 0
  0.321663	  0.226112	  0.226112	  0.226112	
  0.345113	  0.233341	  0.266149	  0.155397	
  0.060737	  0.213164	  0.060737	  0.665362	
  0.000044	  0.000044	  0.000044	  0.999867	
  0.999867	  0.000044	  0.000044	  0.000044	
  0.999867	  0.000044	  0.000044	  0.000044	
  0.000044	  0.000044	  0.000044	  0.999867	
  0.000044	  0.000044	  0.000044	  0.999867	
  0.928205	  0.023932	  0.023932	  0.023932	
  0.202025	  0.094647	  0.608681	  0.094647	
  0.270281	  0.189307	  0.270350	  0.270063	

URL http://cisbp.ccbr.utoronto.ca/TFreport.php?versionNumber=1.02&searchTF=T089688_1.02

MOTIF M1143_1.02 (WUBG_04904)_(Caenorhabditis_elegans)_(DBD_0.88)

letter-probability matrix: alength= 4 w= 9 nsites= 1 E= 0
  0.273806	  0.238035	  0.311818	  0.176341	
  0.111970	  0.402714	  0.304365	  0.180951	
  0.021833	  0.291022	  0.006255	  0.680890	
  0.852480	  0.116530	  0.019651	  0.011338	
  0.979743	  0.006940	  0.011673	  0.001644	
  0.007048	  0.004405	  0.003500	  0.985048	
  0.009798	  0.102734	  0.048528	  0.838941	
  0.938833	  0.010021	  0.013258	  0.037888	
  0.514088	  0.052060	  0.331092	  0.102760	

URL http://cisbp.ccbr.utoronto.ca/TFreport.php?versionNumber=1.02&searchTF=T089661_1.02

MOTIF M1157_1.02 (WUBG_14236)_(PBM_CONSTRUCTS)_(DBD_0.75)

letter-probability matrix: alength= 4 w= 10 nsites= 1 E= 0
  0.234744	  0.168763	  0.168763	  0.427731	
  0.142094	  0.094301	  0.107392	  0.656214	
  0.105763	  0.089229	  0.061633	  0.743375	
