MEME version 4

ALPHABET= ACGT

strands: + -

Background letter frequencies (from uniform background):
A 0.25000 C 0.25000 G 0.25000 T 0.25000 

MOTIF M0087_1.02 (YALI0D01573g)_(Aspergillus_nidulans)_(DBD_0.82)

letter-probability matrix: alength= 4 w= 10 nsites= 1 E= 0
  0.210612	  0.249640	  0.212729	  0.327019	
  0.368808	  0.131667	  0.206495	  0.293030	
  0.149880	  0.326959	  0.179439	  0.343722	
  0.597098	  0.299490	  0.068175	  0.035236	
  0.071367	  0.087168	  0.030810	  0.810654	
  0.109198	  0.003755	  0.882855	  0.004192	
  0.087997	  0.740485	  0.015916	  0.155603	
  0.743094	  0.000720	  0.194576	  0.061610	
  0.192295	  0.194228	  0.353906	  0.259571	
  0.226085	  0.210800	  0.403796	  0.159319	

URL http://cisbp.ccbr.utoronto.ca/TFreport.php?versionNumber=1.02&searchTF=T006966_1.02

MOTIF M0118_1.02 (YALI0D21684g)_(Arabidopsis_thaliana)_(DBD_0.42)

letter-probability matrix: alength= 4 w= 9 nsites= 1 E= 0
  0.241564	  0.266970	  0.261683	  0.229783	
  0.209390	  0.306188	  0.250685	  0.233737	
  0.345181	  0.182011	  0.303102	  0.169706	
  0.329720	  0.179153	  0.251701	  0.239426	
  0.411309	  0.042920	  0.202217	  0.343554	
  0.710467	  0.047747	  0.000515	  0.241271	
  0.886835	  0.000921	  0.045045	  0.067199	
  0.454667	  0.009772	  0.038075	  0.497485	
  0.212559	  0.177544	  0.097438	  0.512458	

URL http://cisbp.ccbr.utoronto.ca/TFreport.php?versionNumber=1.02&searchTF=T008931_1.02

MOTIF M0235_1.02 (YALI0C03564g)_(Neurospora_crassa)_(DBD_0.60)

letter-probability matrix: alength= 4 w= 8 nsites= 1 E= 0
  0.274385	  0.205312	  0.348812	  0.171491	
  0.190278	  0.136796	  0.336463	  0.336463	
  0.075030	  0.878218	  0.030505	  0.016247	
  0.751431	  0.000270	  0.135908	  0.112390	
  0.002837	  0.782682	  0.078471	  0.136010	
  0.236992	  0.000239	  0.711963	  0.050807	
  0.167264	  0.223536	  0.126415	  0.482785	
  0.153853	  0.085285	  0.605464	  0.155399	

URL http://cisbp.ccbr.utoronto.ca/TFreport.php?versionNumber=1.02&searchTF=T021804_1.02

MOTIF M0277_1.02 (YALI0F03388g)_(Aspergillus_nidulans)_(DBD_0.61)

letter-probability matrix: alength= 4 w= 10 nsites= 1 E= 0
  0.154221	  0.132739	  0.506936	  0.206105	
  0.384330	  0.442085	  0.102668	  0.070916	
  0.058696	  0.013228	  0.037054	  0.891022	
  0.007506	  0.030745	  0.385962	  0.575787	
  0.911092	  0.000094	  0.061846	  0.026968	
  0.063690	  0.586417	  0.169700	  0.180193	
  0.278427	  0.160639	  0.196204	  0.364730	
  0.518034	  0.154476	  0.059742	  0.267747	
  0.729176	  0.086653	  0.088404	  0.095767	
  0.258065	  0.140220	  0.224351	  0.377364	

URL http://cisbp.ccbr.utoronto.ca/TFreport.php?versionNumber=1.02&searchTF=T031558_1.02

MOTIF M0280_1.02 (YALI0D07744g)_(Aspergillus_nidulans)_(DBD_0.58)

letter-probability matrix: alength= 4 w= 10 nsites= 1 E= 0
  0.145649	  0.150084	  0.513473	  0.190794	
  0.418917	  0.431675	  0.089808	  0.059601	
  0.005884	  0.000005	  0.066837	  0.927274	
  0.023022	  0.048253	  0.291916	  0.636808	
  0.986170	  0.000006	  0.013788	  0.000036	
  0.019732	  0.609267	  0.192916	  0.178084	
  0.220193	  0.096015	  0.341896	  0.341896	
  0.331651	  0.171414	  0.040209	  0.456726	
  0.667716	  0.100873	  0.129524	  0.101887	
  0.435821	  0.122392	  0.214269	  0.227518	

URL http://cisbp.ccbr.utoronto.ca/TFreport.php?versionNumber=1.02&searchTF=T031553_1.02

MOTIF M0341_1.02 (YALI0D04466g)_(Schizosaccharomyces_pombe)_(DBD_0.62)

letter-probability matrix: alength= 4 w= 10 nsites= 1 E= 0
  0.570600	  0.126453	  0.170367	  0.132581	
  0.195785	  0.086320	  0.008371	  0.709524	
  0.193607	  0.163160	  0.313589	  0.329644	
  0.494817	  0.042071	  0.276108	  0.187005	
  0.071217	  0.695225	  0.054727	  0.178831	
  0.178831	  0.054727	  0.695225	  0.071217	
  0.187005	  0.276108	  0.042071	  0.494817	
  0.329644	  0.313589	  0.163160	  0.193607	
  0.709524	  0.008371	  0.086320	  0.195785	
  0.132581	  0.170367	  0.126453	  0.570600	

URL http://cisbp.ccbr.utoronto.ca/TFreport.php?versionNumber=1.02&searchTF=T031552_1.02

MOTIF M0352_1.02 (YALI0E27742g)_(Saccharomyces_cerevisiae)_(DBD_0.64)

letter-probability matrix: alength= 4 w= 10 nsites= 1 E= 0
  0.211517	  0.183884	  0.282677	  0.321921	
  0.431823	  0.132690	  0.350029	  0.085457	
  0.003684	  0.000104	  0.000000	  0.996212	
  0.003146	  0.021457	  0.850682	  0.124716	
  0.985610	  0.004871	  0.003265	  0.006254	
  0.054920	  0.630099	  0.207655	  0.107327	
  0.226603	  0.085046	  0.213406	  0.474945	
  0.232372	  0.491932	  0.127529	  0.148167	
  0.469883	  0.185394	  0.183549	  0.161174	
  0.230654	  0.257474	  0.200521	  0.311351	

URL http://cisbp.ccbr.utoronto.ca/TFreport.php?versionNumber=1.02&searchTF=T031557_1.02

MOTIF M0354_1.02 (YALI0D09757g)_(Saccharomyces_cerevisiae)_(DBD_0.56)

letter-probability matrix: alength= 4 w= 10 nsites= 1 E= 0
  0.286730	  0.276761	  0.218254	  0.218254	
  0.465755	  0.158579	  0.158579	  0.217086	
  0.000052	  0.000052	  0.000052	  0.999845	
  0.000052	  0.000052	  0.121061	  0.878836	
  0.941338	  0.000052	  0.000052	  0.058559	
  0.000052	  0.999845	  0.000052	  0.000052	
  0.050927	  0.000052	  0.525333	  0.423689	
  0.365182	  0.000052	  0.000052	  0.634715	
  0.904608	  0.031797	  0.031797	  0.031797	
  0.525751	  0.091472	  0.215662	  0.167115	

URL http://cisbp.ccbr.utoronto.ca/TFreport.php?versionNumber=1.02&searchTF=T031554_1.02

MOTIF M0469_1.02 (YALI0E31845g)_(Neurospora_crassa)_(DBD_0.70)

letter-probability matrix: alength= 4 w= 10 nsites= 1 E= 0
  0.135111	  0.173485	  0.132435	  0.558969	
  0.036396	  0.008797	  0.948091	  0.006716	
  0.090702	  0.038382	  0.076522	  0.794394	
  0.000618	  0.001681	  0.991595	  0.006106	
  0.003099	  0.000230	  0.993412	  0.003258	
  0.008631	  0.977890	  0.002171	  0.011307	
  0.083917	  0.020902	  0.487765	  0.407416	
  0.128276	  0.306184	  0.274290	  0.291251	
  0.384309	  0.167578	  0.230776	  0.217337	
  0.242545	  0.177894	  0.351141	  0.228420	

URL http://cisbp.ccbr.utoronto.ca/TFreport.php?versionNumber=1.02&searchTF=T069418_1.02

MOTIF M0477_1.02 (YALI0B22176g)_(Neurospora_crassa)_(DBD_0.71)

letter-probability matrix: alength= 4 w= 9 nsites= 1 E= 0
  0.150339	  0.311965	  0.076930	  0.460766	
  0.204481	  0.685724	  0.049426	  0.060369	
  0.857399	  0.044876	  0.048130	  0.049596	
  0.038252	  0.042275	  0.857654	  0.061818	
  0.034879	  0.050496	  0.813949	  0.100675	
  0.114329	  0.120191	  0.555064	  0.210415	
  0.264307	  0.126104	  0.511379	  0.098210	
  0.170320	  0.346429	  0.179053	  0.304198	
  0.357377	  0.210354	  0.230164	  0.202106	

URL http://cisbp.ccbr.utoronto.ca/TFreport.php?versionNumber=1.02&searchTF=T069403_1.02

MOTIF M0482_1.02 (YALI0E30789g)_(Neurospora_crassa)_(DBD_0.83)

letter-probability matrix: alength= 4 w= 10 nsites= 1 E= 0
  0.269622	  0.207893	  0.295014	  0.227471	
  0.221481	  0.230520	  0.308073	  0.239927	
  0.001518	  0.000218	  0.979590	  0.018674	
  0.174199	  0.441510	  0.029970	  0.354320	
  0.000399	  0.000217	  0.964849	  0.034535	
  0.001007	  0.065798	  0.885891	  0.047304	
  0.010090	  0.042164	  0.899247	  0.048500	
  0.083781	  0.065904	  0.733778	  0.116537	
  0.158734	  0.261708	  0.229805	  0.349754	
  0.323602	  0.206338	  0.239730	  0.230330	

URL http://cisbp.ccbr.utoronto.ca/TFreport.php?versionNumber=1.02&searchTF=T069417_1.02

MOTIF M0514_1.02 (YALI0B21582g)_(Saccharomyces_cerevisiae)_(DBD_0.70)

letter-probability matrix: alength= 4 w= 9 nsites= 1 E= 0
  0.316777	  0.180946	  0.269939	  0.232339	
  0.350186	  0.106534	  0.283855	  0.259424	
  0.526900	  0.094350	  0.127359	  0.251391	
  0.276288	  0.142800	  0.125392	  0.455521	
  0.635588	  0.166426	  0.088637	  0.109350	
  0.159920	  0.092266	  0.629342	  0.118472	
  0.186191	  0.063230	  0.630665	  0.119914	
  0.306984	  0.046843	  0.564983	  0.081190	
  0.275201	  0.024966	  0.606377	  0.093457	

URL http://cisbp.ccbr.utoronto.ca/TFreport.php?versionNumber=1.02&searchTF=T069402_1.02

MOTIF M0518_1.02 (YALI0E07942g)_(Saccharomyces_cerevisiae)_(DBD_0.79)

letter-probability matrix: alength= 4 w= 10 nsites= 1 E= 0
  0.324069	  0.194602	  0.223846	  0.257484	
  0.321670	  0.174779	  0.253034	  0.250517	
  0.219126	  0.223552	  0.192413	  0.364908	
  0.169345	  0.233210	  0.483929	  0.113515	
  0.109153	  0.456116	  0.034218	  0.400513	
  0.028905	  0.000271	  0.938235	  0.032590	
  0.027732	  0.029154	  0.927587	  0.015527	
  0.248758	  0.000277	  0.747309	  0.003656	
  0.127560	  0.001282	  0.779451	  0.091706	
  0.258253	  0.153536	  0.294105	  0.294105	

URL http://cisbp.ccbr.utoronto.ca/TFreport.php?versionNumber=1.02&searchTF=T069411_1.02

MOTIF M0530_1.02 (YALI0F11487g)_(Saccharomyces_cerevisiae)_(DBD_0.94)

letter-probability matrix: alength= 4 w= 8 nsites= 1 E= 0
  0.230828	  0.077454	  0.690951	  0.000767	
  0.998239	  0.000587	  0.000587	  0.000587	
  0.998239	  0.000587	  0.000587	  0.000587	
  0.998239	  0.000587	  0.000587	  0.000587	
  0.998239	  0.000587	  0.000587	  0.000587	
  0.880869	  0.000587	  0.000587	  0.117958	
  0.811097	  0.000623	  0.000623	  0.187656	
  0.250000	  0.083887	  0.083887	  0.582226	

URL http://cisbp.ccbr.utoronto.ca/TFreport.php?versionNumber=1.02&searchTF=T069422_1.02

MOTIF M0535_1.02 (YALI0D01463g)_(Saccharomyces_cerevisiae)_(DBD_0.77)

letter-probability matrix: alength= 4 w= 12 nsites= 1 E= 0
  0.226689	  0.226689	  0.319932	  0.226689	
  0.338195	  0.156882	  0.254798	  0.250124	
  0.052292	  0.052292	  0.843124	  0.052292	
  0.022104	  0.022104	  0.933688	  0.022104	
  0.000043	  0.899681	  0.100234	  0.000043	
  0.209039	  0.000043	  0.516730	  0.274188	
  0.000043	  0.725727	  0.000043	  0.274188	
  0.899681	  0.000043	  0.000043	  0.100234	
  0.023353	  0.023353	  0.829749	  0.123545	
  0.193352	  0.503917	  0.093161	  0.209570	
  0.197751	  0.406748	  0.197751	  0.197751	
  0.227939	  0.227939	  0.227939	  0.316184	

URL http://cisbp.ccbr.utoronto.ca/TFreport.php?versionNumber=1.02&searchTF=T069407_1.02

MOTIF M0738_1.02 (YALI0C01463g)_(Oryzias_latipes)_(DBD_0.50)

letter-probability matrix: alength= 4 w= 8 nsites= 1 E= 0
  0.352700	  0.000587	  0.646127	  0.000587	
  0.000384	  0.000384	  0.000384	  0.998848	
  0.922043	  0.077189	  0.000384	  0.000384	
  0.998848	  0.000384	  0.000384	  0.000384	
  0.998848	  0.000384	  0.000384	  0.000384	
  0.000384	  0.922043	  0.000384	  0.077189	
  0.998848	  0.000384	  0.000384	  0.000384	
  0.499446	  0.222284	  0.055987	  0.222284	

URL http://cisbp.ccbr.utoronto.ca/TFreport.php?versionNumber=1.02&searchTF=T083611_1.02

MOTIF M0750_1.02 (YALI0C09185g)_(Saccharomyces_cerevisiae)_(DBD_0.53)

letter-probability matrix: alength= 4 w= 10 nsites= 1 E= 0
  0.333384	  0.186661	  0.227988	  0.251966	
  0.243491	  0.236295	  0.191537	  0.328678	
  0.290403	  0.120454	  0.508400	  0.080743	
  0.144493	  0.108119	  0.080096	  0.667293	
  0.665365	  0.230520	  0.042535	  0.061580	
  0.737993	  0.130835	  0.027220	  0.103953	
  0.810160	  0.045026	  0.052312	  0.092502	
  0.087322	  0.613757	  0.079806	  0.219115	
  0.815710	  0.031002	  0.077794	  0.075494	
  0.402874	  0.192217	  0.160553	  0.244356	

URL http://cisbp.ccbr.utoronto.ca/TFreport.php?versionNumber=1.02&searchTF=T083612_1.02

MOTIF M0754_1.02 (YALI0B15246g)_(Saccharomyces_cerevisiae)_(DBD_0.52)

letter-probability matrix: alength= 4 w= 9 nsites= 1 E= 0
  0.253538	  0.231716	  0.256086	  0.258660	
  0.197686	  0.243880	  0.444379	  0.114055	
  0.612621	  0.117654	  0.127453	  0.142273	
  0.088533	  0.823346	  0.000469	  0.087652	
  0.066044	  0.000091	  0.773038	  0.160827	
  0.048781	  0.950840	  0.000012	  0.000367	
  0.624070	  0.056614	  0.225036	  0.094279	
  0.386853	  0.239378	  0.199945	  0.173824	
  0.377692	  0.176634	  0.171414	  0.274261	

URL http://cisbp.ccbr.utoronto.ca/TFreport.php?versionNumber=1.02&searchTF=T083610_1.02

MOTIF M0777_1.02 (YALI0E31757g)_(Dictyostelium_discoideum)_(DBD_0.72)

letter-probability matrix: alength= 4 w= 7 nsites= 1 E= 0
  0.151807	  0.377137	  0.119416	  0.351640	
  0.132535	  0.809849	  0.020022	  0.037594	
  0.000855	  0.009903	  0.985176	  0.004067	
  0.990153	  0.000349	  0.000218	  0.009280	
  0.016614	  0.000301	  0.000468	  0.982617	
  0.053147	  0.687494	  0.105959	  0.153401	
  0.160073	  0.197478	  0.303575	  0.338874	

URL http://cisbp.ccbr.utoronto.ca/TFreport.php?versionNumber=1.02&searchTF=T086458_1.02

MOTIF M0791_1.02 (YALI0F05346g)_(Neurospora_crassa)_(DBD_0.78)

letter-probability matrix: alength= 4 w= 9 nsites= 1 E= 0
  0.238290	  0.282447	  0.248015	  0.231248	
  0.249185	  0.272652	  0.259355	  0.218808	
  0.236587	  0.439798	  0.109543	  0.214073	
  0.059758	  0.068055	  0.757717	  0.114470	
  0.902683	  0.000129	  0.000123	  0.097064	
  0.048477	  0.051992	  0.000705	  0.898826	
  0.141843	  0.359503	  0.271706	  0.226948	
  0.208434	  0.289925	  0.254582	  0.247058	
  0.248381	  0.255945	  0.266390	  0.229284	

URL http://cisbp.ccbr.utoronto.ca/TFreport.php?versionNumber=1.02&searchTF=T086459_1.02

MOTIF M0795_1.02 (YALI0F17886g)_(Saccharomyces_cerevisiae)_(DBD_0.74)

letter-probability matrix: alength= 4 w= 8 nsites= 1 E= 0
  0.186841	  0.230778	  0.186841	  0.395540	
  0.422708	  0.252032	  0.000081	  0.325179	
  0.006600	  0.000065	  0.954064	  0.039271	
  0.999804	  0.000065	  0.000065	  0.000065	
  0.000065	  0.000065	  0.000065	  0.999804	
  0.914859	  0.045805	  0.000065	  0.039271	
  0.957547	  0.007111	  0.014151	  0.021191	
  0.084280	  0.336806	  0.526199	  0.052715	

URL http://cisbp.ccbr.utoronto.ca/TFreport.php?versionNumber=1.02&searchTF=T086460_1.02

MOTIF M0798_1.02 (YALI0C22682g)_(Saccharomyces_cerevisiae)_(DBD_0.74)

letter-probability matrix: alength= 4 w= 8 nsites= 1 E= 0
  0.247804	  0.271140	  0.235718	  0.245338	
  0.261670	  0.297997	  0.154020	  0.286313	
  0.052780	  0.029849	  0.876675	  0.040696	
  0.926075	  0.021998	  0.011034	  0.040893	
  0.058687	  0.022697	  0.027722	  0.890894	
  0.705984	  0.042504	  0.014148	  0.237364	
  0.466491	  0.155281	  0.201389	  0.176839	
  0.199833	  0.275195	  0.367778	  0.157194	

URL http://cisbp.ccbr.utoronto.ca/TFreport.php?versionNumber=1.02&searchTF=T086452_1.02

MOTIF M0802_1.02 (YALI0D20482g)_(Saccharomyces_cerevisiae)_(DBD_0.71)

letter-probability matrix: alength= 4 w= 8 nsites= 1 E= 0
  0.241608	  0.275151	  0.239204	  0.244037	
  0.296230	  0.276203	  0.125353	  0.302214	
  0.112070	  0.056211	  0.764422	  0.067297	
  0.845075	  0.033096	  0.040424	  0.081404	
  0.133048	  0.032483	  0.083991	  0.750478	
  0.668490	  0.060041	  0.051163	  0.220307	
  0.508784	  0.134562	  0.198745	  0.157910	
  0.204053	  0.264642	  0.383132	  0.148173	

URL http://cisbp.ccbr.utoronto.ca/TFreport.php?versionNumber=1.02&searchTF=T086453_1.02

MOTIF M1297_1.02 (YALI0C06842g)_(Dictyostelium_discoideum)_(DBD_0.88)

letter-probability matrix: alength= 4 w= 10 nsites= 1 E= 0
  0.233777	  0.598464	  0.083460	  0.084299	
  0.030948	  0.562453	  0.044359	  0.362240	
  0.506429	  0.042836	  0.155615	  0.295120	
  0.524310	  0.062308	  0.043907	  0.369475	
  0.657133	  0.044163	  0.042009	  0.256695	
  0.290800	  0.112464	  0.066862	  0.529873	
  0.281986	  0.340992	  0.131875	  0.245147	
  0.228299	  0.247314	  0.296088	  0.228299	
  0.301159	  0.033037	  0.594451	  0.071353	
  0.207356	  0.056511	  0.520315	  0.215818	

URL http://cisbp.ccbr.utoronto.ca/TFreport.php?versionNumber=1.02&searchTF=T113256_1.02

MOTIF M1299_1.02 (YALI0F18788g)_(Saccharomyces_cerevisiae)_(DBD_0.73)

letter-probability matrix: alength= 4 w= 8 nsites= 1 E= 0
  0.009615	  0.009615	  0.009615	  0.971154	
  0.009615	  0.009615	  0.009615	  0.971154	
  0.971154	  0.009615	  0.009615	  0.009615	
  0.971154	  0.009615	  0.009615	  0.009615	
  0.009615	  0.009615	  0.009615	  0.971154	
  0.971154	  0.009615	  0.009615	  0.009615	
  0.971154	  0.009615	  0.009615	  0.009615	
  0.971154	  0.009615	  0.009615	  0.009615	

URL http://cisbp.ccbr.utoronto.ca/TFreport.php?versionNumber=1.02&searchTF=T113257_1.02

MOTIF M1531_1.02 (YALI0E13596g)_(Mus_musculus)_(DBD_0.42)

letter-probability matrix: alength= 4 w= 10 nsites= 1 E= 0
  0.104605	  0.584172	  0.194454	  0.116769	
  0.266268	  0.282733	  0.156727	  0.294272	
  0.098718	  0.112423	  0.073867	  0.714991	
  0.512814	  0.101485	  0.365006	  0.020695	
  0.255170	  0.103744	  0.573599	  0.067487	
  0.184311	  0.457887	  0.038345	  0.319457	
  0.484397	  0.018971	  0.233435	  0.263197	
  0.869982	  0.053972	  0.047869	  0.028176	
  0.021911	  0.904128	  0.002656	  0.071305	
  0.236202	  0.300271	  0.335186	  0.128340	

URL http://cisbp.ccbr.utoronto.ca/TFreport.php?versionNumber=1.02&searchTF=T139199_1.02

MOTIF M1641_1.02 (YALI0B23056g)_(Mus_musculus)_(DBD_0.81)

letter-probability matrix: alength= 4 w= 7 nsites= 1 E= 0
  0.486500	  0.104296	  0.119969	  0.289234	
  0.014489	  0.191210	  0.078521	  0.715780	
  0.639678	  0.069475	  0.000533	  0.290314	
  0.371463	  0.095340	  0.000769	  0.532428	
  0.515031	  0.123251	  0.123251	  0.238466	
  0.400342	  0.112429	  0.110202	  0.377028	
  0.323600	  0.170632	  0.188577	  0.317192	

URL http://cisbp.ccbr.utoronto.ca/TFreport.php?versionNumber=1.02&searchTF=T151012_1.02

MOTIF M1709_1.02 (YALI0F15037g)_(Histoplasma_capsulatum)_(DBD_0.76)

letter-probability matrix: alength= 4 w= 10 nsites= 1 E= 0
  0.210977	  0.265536	  0.252586	  0.270900	
  0.223875	  0.237718	  0.223875	  0.314532	
  0.351108	  0.077563	  0.183294	  0.388034	
  0.160399	  0.356975	  0.210117	  0.272508	
  0.001886	  0.996570	  0.000001	  0.001544	
  0.000100	  0.999832	  0.000051	  0.000017	
  0.018155	  0.000186	  0.981346	  0.000313	
  0.205945	  0.342958	  0.170308	  0.280790	
  0.272412	  0.232134	  0.246488	  0.248966	
  0.269485	  0.264149	  0.239012	  0.227355	

URL http://cisbp.ccbr.utoronto.ca/TFreport.php?versionNumber=1.02&searchTF=T167029_1.02

MOTIF M1750_1.02 (YALI0C19151g)_(Neurospora_crassa)_(DBD_0.82)

letter-probability matrix: alength= 4 w= 10 nsites= 1 E= 0
  0.211830	  0.238838	  0.236462	  0.312870	
  0.286261	  0.212067	  0.178914	  0.322758	
  0.197780	  0.280664	  0.246450	  0.275106	
  0.297925	  0.189965	  0.214185	  0.297925	
  0.120806	  0.215764	  0.224569	  0.438861	
  0.030024	  0.945762	  0.016810	  0.007404	
  0.000282	  0.848941	  0.150504	  0.000274	
  0.030870	  0.024042	  0.934286	  0.010803	
  0.295063	  0.136618	  0.360391	  0.207928	
  0.350231	  0.184674	  0.256876	  0.208219	

URL http://cisbp.ccbr.utoronto.ca/TFreport.php?versionNumber=1.02&searchTF=T166997_1.02

MOTIF M1890_1.02 (YALI0F23111g)_(Homo_sapiens)_(DBD_0.71)

letter-probability matrix: alength= 4 w= 18 nsites= 1 E= 0
  0.536953	  0.172787	  0.112112	  0.178148	
  0.135379	  0.112568	  0.522354	  0.229699	
  0.404653	  0.257299	  0.247263	  0.090785	
  0.137203	  0.339074	  0.453695	  0.070027	
  0.208257	  0.267336	  0.035698	  0.488709	
  0.021898	  0.095119	  0.546077	  0.336907	
  0.027030	  0.842153	  0.054859	  0.075958	
  0.001825	  0.113253	  0.027600	  0.857322	
  0.025319	  0.116104	  0.819001	  0.039576	
  0.975707	  0.000228	  0.017108	  0.006957	
  0.000570	  0.005931	  0.000912	  0.992587	
  0.001141	  0.000570	  0.000570	  0.997719	
  0.003307	  0.001141	  0.994526	  0.001026	
  0.001369	  0.007984	  0.990306	  0.000342	
  0.042997	  0.305315	  0.001711	  0.649977	
  0.052464	  0.449703	  0.213618	  0.284215	
  0.175297	  0.476277	  0.253992	  0.094434	
  0.485972	  0.129562	  0.308736	  0.075730	

URL http://cisbp.ccbr.utoronto.ca/TFreport.php?versionNumber=1.02&searchTF=T070808_1.02

MOTIF M2080_1.02 (YALI0C22990g)_(Saccharomyces_cerevisiae)_(DBD_0.82)

letter-probability matrix: alength= 4 w= 6 nsites= 1 E= 0
  0.470000	  0.000000	  0.000000	  0.530000	
  0.000000	  0.161616	  0.111111	  0.727273	
  0.000000	  1.000000	  0.000000	  0.000000	
  0.000000	  1.000000	  0.000000	  0.000000	
  0.000000	  0.000000	  1.000000	  0.000000	
  0.240000	  0.000000	  0.760000	  0.000000	

URL http://cisbp.ccbr.utoronto.ca/TFreport.php?versionNumber=1.02&searchTF=T166998_1.02

MOTIF M4252_1.02 (YALI0E24937g)_(Saccharomyces_cerevisiae)_(DBD_0.71)

letter-probability matrix: alength= 4 w= 8 nsites= 1 E= 0
  0.043475	  0.304405	  0.130404	  0.521715	
  0.304335	  0.000000	  0.695665	  0.000000	
  0.000000	  1.000000	  0.000000	  0.000000	
  0.000000	  0.000000	  0.956530	  0.043470	
  0.086934	  0.000000	  0.913066	  0.000000	
  0.000000	  1.000000	  0.000000	  0.000000	
  0.043480	  0.000000	  0.434743	  0.521777	
  0.043483	  0.347798	  0.260856	  0.347863	

URL http://cisbp.ccbr.utoronto.ca/TFreport.php?versionNumber=1.02&searchTF=T069416_1.02

MOTIF M4333_1.02 (YALI0E16577g)_(Saccharomyces_cerevisiae)_(DBD_0.71)

letter-probability matrix: alength= 4 w= 5 nsites= 1 E= 0
  1.000000	  0.000000	  0.000000	  0.000000	
  0.000000	  0.000000	  0.000000	  1.000000	
  0.000000	  1.000000	  0.000000	  0.000000	
  1.000000	  0.000000	  0.000000	  0.000000	
  0.500000	  0.000000	  0.500000	  0.000000	

URL http://cisbp.ccbr.utoronto.ca/TFreport.php?versionNumber=1.02&searchTF=T086456_1.02

MOTIF M4414_1.02 (YALI0B08206g)_(Saccharomyces_cerevisiae)_(DBD_0.78)

letter-probability matrix: alength= 4 w= 6 nsites= 1 E= 0
  0.000000	  0.500000	  0.500000	  0.000000	
  0.500000	  0.500000	  0.000000	  0.000000	
  0.000000	  0.000000	  1.000000	  0.000000	
  0.000000	  0.000000	  1.000000	  0.000000	
  0.000000	  0.500000	  0.500000	  0.000000	
  0.000000	  0.000000	  1.000000	  0.000000	

URL http://cisbp.ccbr.utoronto.ca/TFreport.php?versionNumber=1.02&searchTF=T072010_1.02

