MEME version 4

ALPHABET= ACGT

strands: + -

Background letter frequencies (from uniform background):
A 0.25000 C 0.25000 G 0.25000 T 0.25000 

MOTIF M0098_1.02 (ZYRO0E06248g)_(Saccharomyces_cerevisiae)_(DBD_0.86)

letter-probability matrix: alength= 4 w= 11 nsites= 1 E= 0
  0.225027	  0.225027	  0.225027	  0.324920	
  0.180909	  0.180909	  0.367512	  0.270669	
  0.075340	  0.683880	  0.075340	  0.165440	
  0.407120	  0.592518	  0.000181	  0.000181	
  0.000181	  0.000181	  0.000181	  0.999457	
  0.000181	  0.000181	  0.999457	  0.000181	
  0.000181	  0.999457	  0.000181	  0.000181	
  0.999457	  0.000181	  0.000181	  0.000181	
  0.025154	  0.025154	  0.621172	  0.328519	
  0.069272	  0.159432	  0.702024	  0.069272	
  0.174841	  0.174841	  0.174841	  0.475477	

URL http://cisbp.ccbr.utoronto.ca/TFreport.php?versionNumber=1.02&searchTF=T006970_1.02

MOTIF M0241_1.02 (ZYRO0F13222g)_(Saccharomyces_cerevisiae)_(DBD_0.82)

letter-probability matrix: alength= 4 w= 12 nsites= 1 E= 0
  0.324652	  0.225116	  0.225116	  0.225116	
  0.097676	  0.097676	  0.532933	  0.271715	
  0.096401	  0.765160	  0.119132	  0.019307	
  0.687800	  0.096666	  0.119132	  0.096401	
  0.000162	  0.823109	  0.099987	  0.076741	
  0.077256	  0.077521	  0.768481	  0.076741	
  0.099987	  0.077521	  0.000162	  0.822329	
  0.077521	  0.000162	  0.922154	  0.000162	
  0.787419	  0.162488	  0.025046	  0.025046	
  0.229065	  0.293041	  0.152486	  0.325408	
  0.230855	  0.230855	  0.230855	  0.307434	
  0.230855	  0.230855	  0.230855	  0.307434	

URL http://cisbp.ccbr.utoronto.ca/TFreport.php?versionNumber=1.02&searchTF=T021816_1.02

MOTIF M0244_1.02 (ZYRO0G04466g)_(Saccharomyces_cerevisiae)_(DBD_0.86)

letter-probability matrix: alength= 4 w= 11 nsites= 1 E= 0
  0.310339	  0.229887	  0.229887	  0.229887	
  0.269895	  0.140964	  0.448177	  0.140964	
  0.023264	  0.023264	  0.118648	  0.834823	
  0.075323	  0.766428	  0.000203	  0.158045	
  0.841548	  0.000203	  0.000203	  0.158045	
  0.000203	  0.766428	  0.000203	  0.233165	
  0.075323	  0.000203	  0.924271	  0.000203	
  0.000203	  0.000203	  0.000203	  0.999390	
  0.095436	  0.020316	  0.786541	  0.097707	
  0.207773	  0.400191	  0.109239	  0.282796	
  0.319184	  0.226939	  0.226939	  0.226939	

URL http://cisbp.ccbr.utoronto.ca/TFreport.php?versionNumber=1.02&searchTF=T021817_1.02

MOTIF M0248_1.02 (ZYRO0D04642g)_(Saccharomyces_cerevisiae)_(DBD_0.73)

letter-probability matrix: alength= 4 w= 10 nsites= 1 E= 0
  0.157253	  0.467714	  0.195949	  0.179084	
  0.567369	  0.082353	  0.347585	  0.002694	
  0.127858	  0.226087	  0.073034	  0.573021	
  0.029191	  0.840380	  0.092190	  0.038239	
  0.793478	  0.020418	  0.061340	  0.124764	
  0.017623	  0.691737	  0.204222	  0.086419	
  0.097515	  0.206440	  0.678584	  0.017462	
  0.146656	  0.139503	  0.043297	  0.670544	
  0.092591	  0.118889	  0.719237	  0.069282	
  0.498056	  0.122819	  0.230606	  0.148519	

URL http://cisbp.ccbr.utoronto.ca/TFreport.php?versionNumber=1.02&searchTF=T021813_1.02

MOTIF M0352_1.02 (ZYRO0D09174g)_(Saccharomyces_cerevisiae)_(DBD_0.61)

letter-probability matrix: alength= 4 w= 10 nsites= 1 E= 0
  0.211517	  0.183884	  0.282677	  0.321921	
  0.431823	  0.132690	  0.350029	  0.085457	
  0.003684	  0.000104	  0.000000	  0.996212	
  0.003146	  0.021457	  0.850682	  0.124716	
  0.985610	  0.004871	  0.003265	  0.006254	
  0.054920	  0.630099	  0.207655	  0.107327	
  0.226603	  0.085046	  0.213406	  0.474945	
  0.232372	  0.491932	  0.127529	  0.148167	
  0.469883	  0.185394	  0.183549	  0.161174	
  0.230654	  0.257474	  0.200521	  0.311351	

URL http://cisbp.ccbr.utoronto.ca/TFreport.php?versionNumber=1.02&searchTF=T031563_1.02

MOTIF M0353_1.02 (ZYRO0F03102g)_(Saccharomyces_cerevisiae)_(DBD_0.60)

letter-probability matrix: alength= 4 w= 10 nsites= 1 E= 0
  0.353816	  0.157398	  0.244393	  0.244393	
  0.211817	  0.173421	  0.378314	  0.236447	
  0.282621	  0.049606	  0.499749	  0.168024	
  0.471319	  0.430753	  0.001814	  0.096114	
  0.095243	  0.793481	  0.018848	  0.092428	
  0.926944	  0.009993	  0.007256	  0.055807	
  0.080735	  0.863657	  0.033824	  0.021784	
  0.098975	  0.137672	  0.695667	  0.067685	
  0.101851	  0.136117	  0.133421	  0.628611	
  0.318650	  0.182016	  0.277021	  0.222314	

URL http://cisbp.ccbr.utoronto.ca/TFreport.php?versionNumber=1.02&searchTF=T031567_1.02

MOTIF M0354_1.02 (ZYRO0B01100g)_(Saccharomyces_cerevisiae)_(DBD_0.56)

letter-probability matrix: alength= 4 w= 10 nsites= 1 E= 0
  0.286730	  0.276761	  0.218254	  0.218254	
  0.465755	  0.158579	  0.158579	  0.217086	
  0.000052	  0.000052	  0.000052	  0.999845	
  0.000052	  0.000052	  0.121061	  0.878836	
  0.941338	  0.000052	  0.000052	  0.058559	
  0.000052	  0.999845	  0.000052	  0.000052	
  0.050927	  0.000052	  0.525333	  0.423689	
  0.365182	  0.000052	  0.000052	  0.634715	
  0.904608	  0.031797	  0.031797	  0.031797	
  0.525751	  0.091472	  0.215662	  0.167115	

URL http://cisbp.ccbr.utoronto.ca/TFreport.php?versionNumber=1.02&searchTF=T031561_1.02

MOTIF M0355_1.02 (ZYRO0D16214g)_(Saccharomyces_cerevisiae)_(DBD_0.66)

letter-probability matrix: alength= 4 w= 8 nsites= 1 E= 0
  0.712963	  0.000712	  0.285613	  0.000712	
  0.000475	  0.000475	  0.000475	  0.998574	
  0.048004	  0.000475	  0.808460	  0.143061	
  0.998574	  0.000475	  0.000475	  0.000475	
  0.000475	  0.951046	  0.000475	  0.048004	
  0.095532	  0.000475	  0.903517	  0.000475	
  0.000475	  0.000475	  0.000475	  0.998574	
  0.499288	  0.285613	  0.000712	  0.214387	

URL http://cisbp.ccbr.utoronto.ca/TFreport.php?versionNumber=1.02&searchTF=T031565_1.02

MOTIF M0356_1.02 (ZYRO0D12584g)_(Saccharomyces_cerevisiae)_(DBD_0.66)

letter-probability matrix: alength= 4 w= 10 nsites= 1 E= 0
  0.156235	  0.237783	  0.384275	  0.221707	
  0.402756	  0.386964	  0.121308	  0.088973	
  0.035172	  0.000320	  0.057412	  0.907096	
  0.017446	  0.032431	  0.336670	  0.613453	
  0.855397	  0.000658	  0.054684	  0.089261	
  0.042605	  0.534839	  0.242734	  0.179822	
  0.218505	  0.142140	  0.286234	  0.353121	
  0.409661	  0.197419	  0.112768	  0.280152	
  0.575008	  0.129591	  0.153605	  0.141795	
  0.297790	  0.163431	  0.231919	  0.306859	

URL http://cisbp.ccbr.utoronto.ca/TFreport.php?versionNumber=1.02&searchTF=T031564_1.02

MOTIF M0502_1.02 (ZYRO0A05302g)_(Saccharomyces_cerevisiae)_(DBD_0.90)

letter-probability matrix: alength= 4 w= 10 nsites= 1 E= 0
  0.250241	  0.320883	  0.302180	  0.126697	
  0.376259	  0.061389	  0.045965	  0.516386	
  0.359871	  0.105338	  0.098740	  0.436052	
  0.394764	  0.083410	  0.050374	  0.471453	
  0.361060	  0.078020	  0.075767	  0.485152	
  0.485152	  0.075767	  0.078020	  0.361060	
  0.471453	  0.050374	  0.083410	  0.394764	
  0.436052	  0.098740	  0.105338	  0.359871	
  0.516386	  0.045965	  0.061389	  0.376259	
  0.126697	  0.302180	  0.320883	  0.250241	

URL http://cisbp.ccbr.utoronto.ca/TFreport.php?versionNumber=1.02&searchTF=T069427_1.02

MOTIF M0505_1.02 (ZYRO0C13508g)_(Saccharomyces_cerevisiae)_(DBD_0.77)

letter-probability matrix: alength= 4 w= 9 nsites= 1 E= 0
  0.263492	  0.243234	  0.199143	  0.294131	
  0.339564	  0.339564	  0.132643	  0.188229	
  0.647289	  0.100765	  0.200897	  0.051049	
  0.040855	  0.000148	  0.925212	  0.033785	
  0.000055	  0.000044	  0.999595	  0.000306	
  0.022743	  0.000055	  0.976769	  0.000434	
  0.250759	  0.118450	  0.099932	  0.530858	
  0.130351	  0.512975	  0.116773	  0.239901	
  0.125682	  0.461166	  0.141707	  0.271445	

URL http://cisbp.ccbr.utoronto.ca/TFreport.php?versionNumber=1.02&searchTF=T069436_1.02

MOTIF M0508_1.02 (ZYRO0A09416g)_(Saccharomyces_cerevisiae)_(DBD_0.81)

letter-probability matrix: alength= 4 w= 10 nsites= 1 E= 0
  0.288711	  0.203615	  0.304059	  0.203615	
  0.176117	  0.080211	  0.272399	  0.471273	
  0.000028	  0.000028	  0.799607	  0.200336	
  0.000028	  0.418307	  0.000028	  0.581637	
  0.000028	  0.000028	  0.999915	  0.000028	
  0.000028	  0.000028	  0.999915	  0.000028	
  0.000028	  0.000028	  0.999915	  0.000028	
  0.000028	  0.000028	  0.999915	  0.000028	
  0.046413	  0.046413	  0.046413	  0.860761	
  0.490550	  0.169817	  0.169817	  0.169817	

URL http://cisbp.ccbr.utoronto.ca/TFreport.php?versionNumber=1.02&searchTF=T069428_1.02

MOTIF M0510_1.02 (ZYRO0F08162g)_(Saccharomyces_cerevisiae)_(DBD_0.85)

letter-probability matrix: alength= 4 w= 8 nsites= 1 E= 0
  0.155238	  0.430910	  0.241385	  0.172467	
  0.069049	  0.115005	  0.126494	  0.689453	
  0.000090	  0.000090	  0.999730	  0.000090	
  0.017625	  0.017625	  0.035163	  0.929586	
  0.000088	  0.008857	  0.990968	  0.000088	
  0.000088	  0.000088	  0.990888	  0.008935	
  0.009802	  0.970594	  0.009802	  0.009802	
  0.086500	  0.049482	  0.604763	  0.259255	

URL http://cisbp.ccbr.utoronto.ca/TFreport.php?versionNumber=1.02&searchTF=T069442_1.02

MOTIF M0512_1.02 (ZYRO0E08426g)_(Saccharomyces_cerevisiae)_(DBD_0.88)

letter-probability matrix: alength= 4 w= 9 nsites= 1 E= 0
  0.303922	  0.205772	  0.241476	  0.248830	
  0.294098	  0.189410	  0.258246	  0.258246	
  0.187249	  0.215387	  0.192951	  0.404413	
  0.142155	  0.199720	  0.553862	  0.104263	
  0.113438	  0.508392	  0.037384	  0.340786	
  0.020014	  0.085320	  0.894634	  0.000032	
  0.069469	  0.004310	  0.926007	  0.000215	
  0.243273	  0.039024	  0.716361	  0.001342	
  0.154211	  0.060844	  0.657419	  0.127526	

URL http://cisbp.ccbr.utoronto.ca/TFreport.php?versionNumber=1.02&searchTF=T069440_1.02

MOTIF M0514_1.02 (ZYRO0G19140g)_(Saccharomyces_cerevisiae)_(DBD_0.86)

letter-probability matrix: alength= 4 w= 9 nsites= 1 E= 0
  0.316777	  0.180946	  0.269939	  0.232339	
  0.350186	  0.106534	  0.283855	  0.259424	
  0.526900	  0.094350	  0.127359	  0.251391	
  0.276288	  0.142800	  0.125392	  0.455521	
  0.635588	  0.166426	  0.088637	  0.109350	
  0.159920	  0.092266	  0.629342	  0.118472	
  0.186191	  0.063230	  0.630665	  0.119914	
  0.306984	  0.046843	  0.564983	  0.081190	
  0.275201	  0.024966	  0.606377	  0.093457	

URL http://cisbp.ccbr.utoronto.ca/TFreport.php?versionNumber=1.02&searchTF=T069446_1.02

MOTIF M0516_1.02 (ZYRO0B11770g)_(Saccharomyces_cerevisiae)_(DBD_0.88)

letter-probability matrix: alength= 4 w= 12 nsites= 1 E= 0
  0.661184	  0.003289	  0.003289	  0.332237	
  0.399701	  0.100299	  0.100299	  0.399701	
  0.319090	  0.085247	  0.042730	  0.552934	
  0.261531	  0.046279	  0.000154	  0.692036	
  0.986274	  0.013459	  0.000133	  0.000133	
  0.200027	  0.000133	  0.799707	  0.000133	
  0.040112	  0.000133	  0.959622	  0.000133	
  0.000133	  0.000133	  0.999600	  0.000133	
  0.014020	  0.000139	  0.985702	  0.000139	
  0.127362	  0.054688	  0.563408	  0.254542	
  0.250000	  0.143010	  0.392653	  0.214337	
  0.399402	  0.100598	  0.399402	  0.100598	

URL http://cisbp.ccbr.utoronto.ca/TFreport.php?versionNumber=1.02&searchTF=T069431_1.02

MOTIF M0518_1.02 (ZYRO0G09438g)_(Saccharomyces_cerevisiae)_(DBD_0.88)

letter-probability matrix: alength= 4 w= 10 nsites= 1 E= 0
  0.324069	  0.194602	  0.223846	  0.257484	
  0.321670	  0.174779	  0.253034	  0.250517	
  0.219126	  0.223552	  0.192413	  0.364908	
  0.169345	  0.233210	  0.483929	  0.113515	
  0.109153	  0.456116	  0.034218	  0.400513	
  0.028905	  0.000271	  0.938235	  0.032590	
  0.027732	  0.029154	  0.927587	  0.015527	
  0.248758	  0.000277	  0.747309	  0.003656	
  0.127560	  0.001282	  0.779451	  0.091706	
  0.258253	  0.153536	  0.294105	  0.294105	

URL http://cisbp.ccbr.utoronto.ca/TFreport.php?versionNumber=1.02&searchTF=T069445_1.02

MOTIF M0523_1.02 (ZYRO0B07568g)_(Saccharomyces_cerevisiae)_(DBD_0.81)

letter-probability matrix: alength= 4 w= 10 nsites= 1 E= 0
  0.308679	  0.221917	  0.245256	  0.224147	
  0.328203	  0.195124	  0.235953	  0.240720	
  0.306074	  0.174832	  0.263440	  0.255654	
  0.101564	  0.065411	  0.765622	  0.067403	
  0.237339	  0.343604	  0.035499	  0.383558	
  0.055556	  0.056114	  0.851828	  0.036503	
  0.091114	  0.069555	  0.838919	  0.000412	
  0.121043	  0.033993	  0.817411	  0.027554	
  0.129826	  0.051738	  0.754607	  0.063828	
  0.193503	  0.205469	  0.306523	  0.294504	

URL http://cisbp.ccbr.utoronto.ca/TFreport.php?versionNumber=1.02&searchTF=T069430_1.02

MOTIF M0525_1.02 (ZYRO0D13992g)_(Saccharomyces_cerevisiae)_(DBD_0.71)

letter-probability matrix: alength= 4 w= 10 nsites= 1 E= 0
  0.265933	  0.243044	  0.299838	  0.191185	
  0.221377	  0.298827	  0.165648	  0.314148	
  0.375722	  0.120163	  0.326637	  0.177478	
  0.207451	  0.480533	  0.156788	  0.155228	
  0.000121	  0.107495	  0.886644	  0.005740	
  0.000120	  0.000536	  0.999306	  0.000038	
  0.106697	  0.804320	  0.071521	  0.017461	
  0.346210	  0.114097	  0.349689	  0.190004	
  0.230368	  0.364920	  0.139725	  0.264986	
  0.246133	  0.272019	  0.220494	  0.261353	

URL http://cisbp.ccbr.utoronto.ca/TFreport.php?versionNumber=1.02&searchTF=T069438_1.02

MOTIF M0527_1.02 (ZYRO0F01012g)_(Saccharomyces_cerevisiae)_(DBD_0.96)

letter-probability matrix: alength= 4 w= 8 nsites= 1 E= 0
  0.205319	  0.300235	  0.149092	  0.345353	
  0.429618	  0.247868	  0.125574	  0.196940	
  0.573653	  0.124216	  0.268278	  0.033853	
  0.004834	  0.001778	  0.885013	  0.108375	
  0.005427	  0.000372	  0.993588	  0.000613	
  0.214906	  0.000734	  0.765250	  0.019110	
  0.193666	  0.021459	  0.682756	  0.102119	
  0.178921	  0.280603	  0.207876	  0.332600	

URL http://cisbp.ccbr.utoronto.ca/TFreport.php?versionNumber=1.02&searchTF=T069441_1.02

MOTIF M0528_1.02 (ZYRO0F10428g)_(Saccharomyces_cerevisiae)_(DBD_0.81)

letter-probability matrix: alength= 4 w= 10 nsites= 1 E= 0
  0.267090	  0.261349	  0.291660	  0.179901	
  0.053053	  0.138982	  0.053053	  0.754912	
  0.000045	  0.000045	  0.999864	  0.000045	
  0.000045	  0.999864	  0.000045	  0.000045	
  0.000045	  0.000045	  0.000045	  0.999864	
  0.000045	  0.000045	  0.999864	  0.000045	
  0.000045	  0.124290	  0.875620	  0.000045	
  0.000045	  0.194183	  0.217694	  0.588077	
  0.070144	  0.387840	  0.070144	  0.471872	
  0.321237	  0.284779	  0.196992	  0.196992	

URL http://cisbp.ccbr.utoronto.ca/TFreport.php?versionNumber=1.02&searchTF=T069443_1.02

MOTIF M0530_1.02 (ZYRO0B12738g)_(Saccharomyces_cerevisiae)_(DBD_0.96)

letter-probability matrix: alength= 4 w= 8 nsites= 1 E= 0
  0.230828	  0.077454	  0.690951	  0.000767	
  0.998239	  0.000587	  0.000587	  0.000587	
  0.998239	  0.000587	  0.000587	  0.000587	
  0.998239	  0.000587	  0.000587	  0.000587	
  0.998239	  0.000587	  0.000587	  0.000587	
  0.880869	  0.000587	  0.000587	  0.117958	
  0.811097	  0.000623	  0.000623	  0.187656	
  0.250000	  0.083887	  0.083887	  0.582226	

URL http://cisbp.ccbr.utoronto.ca/TFreport.php?versionNumber=1.02&searchTF=T069432_1.02

MOTIF M0532_1.02 (ZYRO0B14894g)_(Saccharomyces_cerevisiae)_(DBD_0.96)

letter-probability matrix: alength= 4 w= 10 nsites= 1 E= 0
  0.284861	  0.187167	  0.314820	  0.213151	
  0.318640	  0.092209	  0.211465	  0.377685	
  0.087381	  0.040865	  0.796544	  0.075210	
  0.296222	  0.391941	  0.018562	  0.293275	
  0.030457	  0.005849	  0.894542	  0.069152	
  0.058272	  0.001641	  0.939281	  0.000807	
  0.137082	  0.001139	  0.829300	  0.032479	
  0.061219	  0.020999	  0.716552	  0.201231	
  0.246999	  0.198222	  0.246999	  0.307780	
  0.346702	  0.180994	  0.225533	  0.246772	

URL http://cisbp.ccbr.utoronto.ca/TFreport.php?versionNumber=1.02&searchTF=T069434_1.02

MOTIF M0535_1.02 (ZYRO0A02288g)_(Saccharomyces_cerevisiae)_(DBD_0.90)

letter-probability matrix: alength= 4 w= 12 nsites= 1 E= 0
  0.226689	  0.226689	  0.319932	  0.226689	
  0.338195	  0.156882	  0.254798	  0.250124	
  0.052292	  0.052292	  0.843124	  0.052292	
  0.022104	  0.022104	  0.933688	  0.022104	
  0.000043	  0.899681	  0.100234	  0.000043	
  0.209039	  0.000043	  0.516730	  0.274188	
  0.000043	  0.725727	  0.000043	  0.274188	
  0.899681	  0.000043	  0.000043	  0.100234	
  0.023353	  0.023353	  0.829749	  0.123545	
  0.193352	  0.503917	  0.093161	  0.209570	
  0.197751	  0.406748	  0.197751	  0.197751	
  0.227939	  0.227939	  0.227939	  0.316184	

URL http://cisbp.ccbr.utoronto.ca/TFreport.php?versionNumber=1.02&searchTF=T069426_1.02

MOTIF M0536_1.02 (ZYRO0B16148g)_(Saccharomyces_cerevisiae)_(DBD_0.80)

letter-probability matrix: alength= 4 w= 10 nsites= 1 E= 0
  0.314178	  0.172425	  0.304893	  0.208504	
  0.294373	  0.205377	  0.266360	  0.233889	
  0.338462	  0.182074	  0.243328	  0.236137	
  0.333526	  0.239780	  0.230378	  0.196315	
  0.277256	  0.191511	  0.248376	  0.282857	
  0.332636	  0.209987	  0.234404	  0.222972	
  0.362827	  0.110380	  0.370157	  0.156636	
  0.280685	  0.207936	  0.342829	  0.168550	
  0.467480	  0.171976	  0.168571	  0.191973	
  0.625209	  0.015304	  0.241794	  0.117694	

URL http://cisbp.ccbr.utoronto.ca/TFreport.php?versionNumber=1.02&searchTF=T069435_1.02

MOTIF M0541_1.02 (ZYRO0E02684g)_(Saccharomyces_cerevisiae)_(DBD_0.92)

letter-probability matrix: alength= 4 w= 10 nsites= 1 E= 0
  0.243229	  0.267608	  0.295019	  0.194144	
  0.115411	  0.405641	  0.150272	  0.328677	
  0.046600	  0.017752	  0.906935	  0.028713	
  0.124892	  0.243059	  0.085847	  0.546202	
  0.484396	  0.261664	  0.066335	  0.187604	
  0.362151	  0.082963	  0.456331	  0.098555	
  0.964808	  0.003435	  0.015804	  0.015953	
  0.000375	  0.000000	  0.000000	  0.999625	
  0.014161	  0.910649	  0.026184	  0.049006	
  0.367211	  0.290052	  0.164598	  0.178139	

URL http://cisbp.ccbr.utoronto.ca/TFreport.php?versionNumber=1.02&searchTF=T069439_1.02

MOTIF M0750_1.02 (ZYRO0A01254g)_(Saccharomyces_cerevisiae)_(DBD_0.71)

letter-probability matrix: alength= 4 w= 10 nsites= 1 E= 0
  0.333384	  0.186661	  0.227988	  0.251966	
  0.243491	  0.236295	  0.191537	  0.328678	
  0.290403	  0.120454	  0.508400	  0.080743	
  0.144493	  0.108119	  0.080096	  0.667293	
  0.665365	  0.230520	  0.042535	  0.061580	
  0.737993	  0.130835	  0.027220	  0.103953	
  0.810160	  0.045026	  0.052312	  0.092502	
  0.087322	  0.613757	  0.079806	  0.219115	
  0.815710	  0.031002	  0.077794	  0.075494	
  0.402874	  0.192217	  0.160553	  0.244356	

URL http://cisbp.ccbr.utoronto.ca/TFreport.php?versionNumber=1.02&searchTF=T083613_1.02

MOTIF M0754_1.02 (ZYRO0C17710g)_(Saccharomyces_cerevisiae)_(DBD_0.90)

letter-probability matrix: alength= 4 w= 9 nsites= 1 E= 0
  0.253538	  0.231716	  0.256086	  0.258660	
  0.197686	  0.243880	  0.444379	  0.114055	
  0.612621	  0.117654	  0.127453	  0.142273	
  0.088533	  0.823346	  0.000469	  0.087652	
  0.066044	  0.000091	  0.773038	  0.160827	
  0.048781	  0.950840	  0.000012	  0.000367	
  0.624070	  0.056614	  0.225036	  0.094279	
  0.386853	  0.239378	  0.199945	  0.173824	
  0.377692	  0.176634	  0.171414	  0.274261	

URL http://cisbp.ccbr.utoronto.ca/TFreport.php?versionNumber=1.02&searchTF=T083614_1.02

MOTIF M0756_1.02 (ZYRO0D08426g)_(Strongylocentrotus_purpuratus)_(DBD_0.41)

letter-probability matrix: alength= 4 w= 9 nsites= 1 E= 0
  0.233668	  0.224506	  0.348592	  0.193234	
  0.280037	  0.209542	  0.191507	  0.318914	
  0.404308	  0.290666	  0.110187	  0.194839	
  0.447462	  0.238314	  0.104961	  0.209263	
  0.768976	  0.018266	  0.173306	  0.039451	
  0.016176	  0.708777	  0.031930	  0.243117	
  0.578790	  0.107871	  0.169176	  0.144162	
  0.340778	  0.228430	  0.226157	  0.204635	
  0.301280	  0.239377	  0.210196	  0.249146	

URL http://cisbp.ccbr.utoronto.ca/TFreport.php?versionNumber=1.02&searchTF=T083615_1.02

MOTIF M0796_1.02 (ZYRO0E08910g)_(Saccharomyces_cerevisiae)_(DBD_0.83)

letter-probability matrix: alength= 4 w= 7 nsites= 1 E= 0
  0.382278	  0.266706	  0.047283	  0.303733	
  0.001667	  0.001555	  0.993421	  0.003357	
  0.998364	  0.000073	  0.000002	  0.001562	
  0.000247	  0.005764	  0.000045	  0.993944	
  0.736465	  0.026360	  0.008601	  0.228574	
  0.603633	  0.082514	  0.228827	  0.085027	
  0.169766	  0.288421	  0.370340	  0.171472	

URL http://cisbp.ccbr.utoronto.ca/TFreport.php?versionNumber=1.02&searchTF=T086465_1.02

MOTIF M0798_1.02 (ZYRO0D03894g)_(Saccharomyces_cerevisiae)_(DBD_0.71)

letter-probability matrix: alength= 4 w= 8 nsites= 1 E= 0
  0.247804	  0.271140	  0.235718	  0.245338	
  0.261670	  0.297997	  0.154020	  0.286313	
  0.052780	  0.029849	  0.876675	  0.040696	
  0.926075	  0.021998	  0.011034	  0.040893	
  0.058687	  0.022697	  0.027722	  0.890894	
  0.705984	  0.042504	  0.014148	  0.237364	
  0.466491	  0.155281	  0.201389	  0.176839	
  0.199833	  0.275195	  0.367778	  0.157194	

URL http://cisbp.ccbr.utoronto.ca/TFreport.php?versionNumber=1.02&searchTF=T086463_1.02

MOTIF M0801_1.02 (ZYRO0F03520g)_(Saccharomyces_cerevisiae)_(DBD_0.71)

letter-probability matrix: alength= 4 w= 8 nsites= 1 E= 0
  0.270248	  0.432235	  0.000270	  0.297246	
  0.000196	  0.000196	  0.999412	  0.000196	
  0.999424	  0.000192	  0.000192	  0.000192	
  0.000192	  0.000192	  0.000192	  0.999424	
  0.980208	  0.000192	  0.019408	  0.000192	
  0.940635	  0.000196	  0.000196	  0.058973	
  0.022934	  0.113760	  0.840372	  0.022934	
  0.344697	  0.241391	  0.241391	  0.172521	

URL http://cisbp.ccbr.utoronto.ca/TFreport.php?versionNumber=1.02&searchTF=T086466_1.02

MOTIF M1139_1.02 (ZYRO0D13596g)_(Saccharomyces_cerevisiae)_(DBD_0.77)

letter-probability matrix: alength= 4 w= 7 nsites= 1 E= 0
  0.124134	  0.217317	  0.179713	  0.478836	
  0.425499	  0.081717	  0.063008	  0.429776	
  0.545914	  0.061711	  0.110218	  0.282157	
  0.962144	  0.000037	  0.037681	  0.000138	
  0.064162	  0.078368	  0.177934	  0.679537	
  0.160587	  0.082999	  0.212477	  0.543937	
  0.445369	  0.076623	  0.387185	  0.090822	

URL http://cisbp.ccbr.utoronto.ca/TFreport.php?versionNumber=1.02&searchTF=T103834_1.02

MOTIF M1141_1.02 (ZYRO0G22044g)_(Saccharomyces_cerevisiae)_(DBD_0.91)

letter-probability matrix: alength= 4 w= 10 nsites= 1 E= 0
  0.387637	  0.087363	  0.170727	  0.354273	
  0.488651	  0.052021	  0.047071	  0.412258	
  0.180890	  0.062670	  0.131353	  0.625086	
  0.195932	  0.145150	  0.637637	  0.021280	
  0.066209	  0.183611	  0.020345	  0.729835	
  0.006063	  0.011730	  0.945896	  0.036311	
  0.142484	  0.145362	  0.034098	  0.678056	
  0.000623	  0.989175	  0.001205	  0.008997	
  0.626682	  0.105683	  0.119157	  0.148478	
  0.302874	  0.195062	  0.143067	  0.358997	

URL http://cisbp.ccbr.utoronto.ca/TFreport.php?versionNumber=1.02&searchTF=T103837_1.02

MOTIF M1218_1.02 (ZYRO0A07194g)_(Kluyveromyces_lactis)_(DBD_0.77)

letter-probability matrix: alength= 4 w= 10 nsites= 1 E= 0
  0.231822	  0.269534	  0.267283	  0.231361	
  0.200699	  0.319573	  0.182522	  0.297206	
  0.339925	  0.217030	  0.204019	  0.239025	
  0.449614	  0.196016	  0.137032	  0.217338	
  0.233803	  0.072202	  0.130307	  0.563688	
  0.563688	  0.130307	  0.072202	  0.233803	
  0.217338	  0.137032	  0.196016	  0.449614	
  0.239025	  0.204019	  0.217030	  0.339925	
  0.297206	  0.182522	  0.319573	  0.200699	
  0.231361	  0.267283	  0.269534	  0.231822	

URL http://cisbp.ccbr.utoronto.ca/TFreport.php?versionNumber=1.02&searchTF=T103832_1.02

MOTIF M1252_1.02 (ZYRO0G08734g)_(Saccharomyces_cerevisiae)_(DBD_0.83)

letter-probability matrix: alength= 4 w= 9 nsites= 1 E= 0
  0.320154	  0.181055	  0.206191	  0.292599	
  0.231700	  0.238756	  0.197442	  0.332102	
  0.223589	  0.242212	  0.287095	  0.247105	
  0.161512	  0.025143	  0.029212	  0.784133	
  0.138264	  0.051376	  0.075881	  0.734480	
  0.092315	  0.709959	  0.122145	  0.075581	
  0.148989	  0.381409	  0.144586	  0.325016	
  0.473500	  0.149928	  0.202381	  0.174191	
  0.182247	  0.285820	  0.153755	  0.378177	

URL http://cisbp.ccbr.utoronto.ca/TFreport.php?versionNumber=1.02&searchTF=T107328_1.02

MOTIF M1255_1.02 (ZYRO0G00484g)_(Saccharomyces_cerevisiae)_(DBD_0.78)

letter-probability matrix: alength= 4 w= 10 nsites= 1 E= 0
  0.177497	  0.343421	  0.206223	  0.272859	
  0.086696	  0.213239	  0.337786	  0.362278	
  0.114953	  0.032607	  0.849392	  0.003048	
  0.001386	  0.018659	  0.885668	  0.094287	
  0.063067	  0.849122	  0.067640	  0.020170	
  0.004904	  0.387626	  0.357824	  0.249645	
  0.423871	  0.102456	  0.281302	  0.192372	
  0.243651	  0.141987	  0.152282	  0.462079	
  0.349097	  0.158436	  0.185926	  0.306541	
  0.307704	  0.202176	  0.188508	  0.301611	

URL http://cisbp.ccbr.utoronto.ca/TFreport.php?versionNumber=1.02&searchTF=T107327_1.02

MOTIF M1298_1.02 (ZYRO0F00726g)_(Mus_musculus)_(DBD_0.78)

letter-probability matrix: alength= 4 w= 10 nsites= 1 E= 0
  0.212984	  0.416099	  0.142972	  0.227946	
  0.201998	  0.401559	  0.182516	  0.213926	
  0.432247	  0.083239	  0.179282	  0.305232	
  0.394149	  0.098816	  0.146383	  0.360652	
  0.532912	  0.075998	  0.118189	  0.272901	
  0.272901	  0.118189	  0.075998	  0.532912	
  0.360652	  0.146383	  0.098816	  0.394149	
  0.305232	  0.179282	  0.083239	  0.432247	
  0.213926	  0.182516	  0.401559	  0.201998	
  0.227946	  0.142972	  0.416099	  0.212984	

URL http://cisbp.ccbr.utoronto.ca/TFreport.php?versionNumber=1.02&searchTF=T113259_1.02

MOTIF M1299_1.02 (ZYRO0A13464g)_(Saccharomyces_cerevisiae)_(DBD_0.86)

letter-probability matrix: alength= 4 w= 8 nsites= 1 E= 0
  0.009615	  0.009615	  0.009615	  0.971154	
  0.009615	  0.009615	  0.009615	  0.971154	
  0.971154	  0.009615	  0.009615	  0.009615	
  0.971154	  0.009615	  0.009615	  0.009615	
  0.009615	  0.009615	  0.009615	  0.971154	
  0.971154	  0.009615	  0.009615	  0.009615	
  0.971154	  0.009615	  0.009615	  0.009615	
  0.971154	  0.009615	  0.009615	  0.009615	

URL http://cisbp.ccbr.utoronto.ca/TFreport.php?versionNumber=1.02&searchTF=T113258_1.02

MOTIF M1300_1.02 (ZYRO0F00748g)_(Saccharomyces_cerevisiae)_(DBD_0.76)

letter-probability matrix: alength= 4 w= 10 nsites= 1 E= 0
  0.112022	  0.583295	  0.081344	  0.223339	
  0.214189	  0.229719	  0.346145	  0.209947	
  0.417547	  0.152079	  0.229155	  0.201220	
  0.584466	  0.060382	  0.129114	  0.226037	
  0.385008	  0.091219	  0.093997	  0.429776	
  0.301324	  0.230024	  0.179143	  0.289509	
  0.257339	  0.273252	  0.284403	  0.185007	
  0.278132	  0.034747	  0.644255	  0.042867	
  0.109929	  0.000794	  0.742363	  0.146913	
  0.392464	  0.185387	  0.181716	  0.240434	

URL http://cisbp.ccbr.utoronto.ca/TFreport.php?versionNumber=1.02&searchTF=T113260_1.02

MOTIF M1535_1.02 (ZYRO0E04642g)_(Pediculus_humanus)_(DBD_0.36)

letter-probability matrix: alength= 4 w= 10 nsites= 1 E= 0
  0.086987	  0.605320	  0.156923	  0.150770	
  0.270498	  0.273216	  0.169062	  0.287224	
  0.105470	  0.121319	  0.075070	  0.698142	
  0.471756	  0.088807	  0.414247	  0.025190	
  0.198660	  0.056917	  0.707398	  0.037025	
  0.171687	  0.536824	  0.035363	  0.256126	
  0.565485	  0.022594	  0.205960	  0.205960	
  0.898645	  0.039287	  0.042559	  0.019509	
  0.006153	  0.941002	  0.000547	  0.052297	
  0.205341	  0.328545	  0.335182	  0.130931	

URL http://cisbp.ccbr.utoronto.ca/TFreport.php?versionNumber=1.02&searchTF=T139200_1.02

MOTIF M1641_1.02 (ZYRO0G14806g)_(Mus_musculus)_(DBD_0.81)

letter-probability matrix: alength= 4 w= 7 nsites= 1 E= 0
  0.486500	  0.104296	  0.119969	  0.289234	
  0.014489	  0.191210	  0.078521	  0.715780	
  0.639678	  0.069475	  0.000533	  0.290314	
  0.371463	  0.095340	  0.000769	  0.532428	
  0.515031	  0.123251	  0.123251	  0.238466	
  0.400342	  0.112429	  0.110202	  0.377028	
  0.323600	  0.170632	  0.188577	  0.317192	

URL http://cisbp.ccbr.utoronto.ca/TFreport.php?versionNumber=1.02&searchTF=T151013_1.02

MOTIF M1813_1.02 (ZYRO0D01650g)_(Saccharomyces_cerevisiae)_(DBD_0.88)

letter-probability matrix: alength= 4 w= 9 nsites= 1 E= 0
  0.296230	  0.194637	  0.221658	  0.287475	
  0.350496	  0.157488	  0.181154	  0.310862	
  0.164924	  0.322300	  0.218216	  0.294560	
  0.158784	  0.223083	  0.322965	  0.295168	
  0.000723	  0.858877	  0.098065	  0.042335	
  0.010072	  0.943664	  0.046052	  0.000212	
  0.000616	  0.028667	  0.867612	  0.103105	
  0.168308	  0.152292	  0.485800	  0.193600	
  0.250892	  0.164848	  0.127106	  0.457155	

URL http://cisbp.ccbr.utoronto.ca/TFreport.php?versionNumber=1.02&searchTF=T167051_1.02

MOTIF M2085_1.02 (ZYRO0G14278g)_(Saccharomyces_cerevisiae)_(DBD_0.88)

letter-probability matrix: alength= 4 w= 6 nsites= 1 E= 0
  0.220000	  0.280000	  0.180000	  0.320000	
  0.000000	  0.210000	  0.130000	  0.660000	
  0.000000	  1.000000	  0.000000	  0.000000	
  0.000000	  1.000000	  0.000000	  0.000000	
  0.000000	  0.000000	  1.000000	  0.000000	
  0.000000	  0.000000	  1.000000	  0.000000	

URL http://cisbp.ccbr.utoronto.ca/TFreport.php?versionNumber=1.02&searchTF=T167075_1.02

MOTIF M2097_1.02 (ZYRO0A09350g)_(Saccharomyces_cerevisiae)_(DBD_0.80)

letter-probability matrix: alength= 4 w= 7 nsites= 1 E= 0
  0.000000	  0.070000	  0.000000	  0.930000	
  0.140000	  0.860000	  0.000000	  0.000000	
  0.000000	  0.860000	  0.140000	  0.000000	
  0.000000	  0.000000	  1.000000	  0.000000	
  0.000000	  0.000000	  1.000000	  0.000000	
  0.717172	  0.070707	  0.070707	  0.141414	
  0.282828	  0.070707	  0.363636	  0.282828	

URL http://cisbp.ccbr.utoronto.ca/TFreport.php?versionNumber=1.02&searchTF=T167036_1.02

MOTIF M2118_1.02 (ZYRO0E09372g)_(Saccharomyces_cerevisiae)_(DBD_0.93)

letter-probability matrix: alength= 4 w= 5 nsites= 1 E= 0
  0.000000	  0.000000	  0.000000	  1.000000	
  0.000000	  0.000000	  0.010160	  0.989840	
  0.005578	  0.000000	  0.994422	  0.000000	
  0.000000	  0.000000	  0.998223	  0.001777	
  0.158006	  0.378979	  0.030665	  0.432350	

URL http://cisbp.ccbr.utoronto.ca/TFreport.php?versionNumber=1.02&searchTF=T070809_1.02

MOTIF M2225_1.02 (ZYRO0G21582g)_(Saccharomyces_cerevisiae)_(DBD_0.83)

letter-probability matrix: alength= 4 w= 8 nsites= 1 E= 0
  0.282828	  0.040404	  0.636364	  0.040404	
  0.000000	  0.000000	  0.000000	  1.000000	
  0.000000	  0.000000	  0.000000	  1.000000	
  0.000000	  1.000000	  0.000000	  0.000000	
  0.000000	  1.000000	  0.000000	  0.000000	
  0.000000	  0.000000	  1.000000	  0.000000	
  0.410000	  0.060000	  0.470000	  0.060000	
  0.161616	  0.222222	  0.101010	  0.515152	

URL http://cisbp.ccbr.utoronto.ca/TFreport.php?versionNumber=1.02&searchTF=T167079_1.02

MOTIF M4195_1.02 (ZYRO0C00726g)_(Saccharomyces_cerevisiae)_(DBD_0.77)

letter-probability matrix: alength= 4 w= 24 nsites= 1 E= 0
  0.241758	  0.202797	  0.188811	  0.366633	
  0.017017	  0.729730	  0.202202	  0.051051	
  0.123000	  0.262000	  0.518000	  0.097000	
  0.055000	  0.329000	  0.500000	  0.116000	
  0.179000	  0.424000	  0.206000	  0.191000	
  0.142000	  0.253000	  0.402000	  0.203000	
  0.199000	  0.462000	  0.138000	  0.201000	
  0.218000	  0.350000	  0.240000	  0.192000	
  0.180000	  0.230000	  0.233000	  0.357000	
  0.116000	  0.179000	  0.160000	  0.545000	
  0.130000	  0.511000	  0.183000	  0.176000	
  0.131000	  0.219000	  0.108000	  0.542000	
  0.082000	  0.474000	  0.192000	  0.252000	
  0.150000	  0.202000	  0.397000	  0.251000	
  0.119119	  0.436436	  0.133133	  0.311311	
  0.158841	  0.369630	  0.356643	  0.114885	
  0.275275	  0.289289	  0.224224	  0.211211	
  0.223000	  0.178000	  0.390000	  0.209000	
  0.097097	  0.404404	  0.345345	  0.153153	
  0.360360	  0.178178	  0.203203	  0.258258	
  0.057000	  0.699000	  0.210000	  0.034000	
  0.066066	  0.778779	  0.060060	  0.095095	
  0.065000	  0.081000	  0.813000	  0.041000	
  0.402000	  0.286000	  0.156000	  0.156000	

URL http://cisbp.ccbr.utoronto.ca/TFreport.php?versionNumber=1.02&searchTF=T167044_1.02

MOTIF M4228_1.02 (ZYRO0A03058g)_(Saccharomyces_cerevisiae)_(DBD_0.90)

letter-probability matrix: alength= 4 w= 15 nsites= 1 E= 0
  0.600000	  0.000000	  0.000000	  0.400000	
  0.600000	  0.000000	  0.000000	  0.400000	
  0.000000	  0.000000	  0.000000	  1.000000	
  0.100000	  0.000000	  0.100000	  0.800000	
  0.000000	  1.000000	  0.000000	  0.000000	
  0.000000	  1.000000	  0.000000	  0.000000	
  0.400000	  0.100000	  0.500000	  0.000000	
  0.200000	  0.300000	  0.400000	  0.100000	
  0.100000	  0.600000	  0.000000	  0.300000	
  0.000000	  0.000000	  1.000000	  0.000000	
  0.000000	  0.000000	  1.000000	  0.000000	
  0.600000	  0.100000	  0.200000	  0.100000	
  0.900000	  0.000000	  0.000000	  0.100000	
  0.300000	  0.000000	  0.100000	  0.600000	
  0.200000	  0.200000	  0.000000	  0.600000	

URL http://cisbp.ccbr.utoronto.ca/TFreport.php?versionNumber=1.02&searchTF=T167034_1.02

MOTIF M4237_1.02 (ZYRO0C04686g)_(Saccharomyces_cerevisiae)_(DBD_0.79)

letter-probability matrix: alength= 4 w= 9 nsites= 1 E= 0
  0.125000	  0.187500	  0.125000	  0.562500	
  0.421875	  0.046875	  0.109375	  0.421875	
  0.390625	  0.078125	  0.515625	  0.015625	
  0.000000	  0.812500	  0.187500	  0.000000	
  0.000000	  1.000000	  0.000000	  0.000000	
  0.000000	  0.000000	  1.000000	  0.000000	
  0.000000	  1.000000	  0.000000	  0.000000	
  0.031250	  0.218750	  0.656250	  0.093750	
  0.187500	  0.187500	  0.437500	  0.187500	

URL http://cisbp.ccbr.utoronto.ca/TFreport.php?versionNumber=1.02&searchTF=T167045_1.02

MOTIF M4243_1.02 (ZYRO0C13882g)_(Saccharomyces_cerevisiae)_(DBD_0.88)

letter-probability matrix: alength= 4 w= 7 nsites= 1 E= 0
  0.176573	  0.337413	  0.260490	  0.225524	
  0.141608	  0.365385	  0.302448	  0.190559	
  0.204545	  0.183566	  0.547203	  0.064685	
  0.001748	  0.994755	  0.001748	  0.001748	
  0.001748	  0.001748	  0.994755	  0.001748	
  0.001748	  0.994755	  0.001748	  0.001748	
  0.036713	  0.050699	  0.910839	  0.001748	

URL http://cisbp.ccbr.utoronto.ca/TFreport.php?versionNumber=1.02&searchTF=T167047_1.02

MOTIF M4308_1.02 (ZYRO0C08250g)_(Saccharomyces_cerevisiae)_(DBD_0.79)

letter-probability matrix: alength= 4 w= 16 nsites= 1 E= 0
  1.000000	  0.000000	  0.000000	  0.000000	
  1.000000	  0.000000	  0.000000	  0.000000	
  0.000000	  0.000000	  0.000000	  1.000000	
  0.000000	  1.000000	  0.000000	  0.000000	
  1.000000	  0.000000	  0.000000	  0.000000	
  0.250000	  0.250000	  0.250000	  0.250000	
  0.250000	  0.250000	  0.250000	  0.250000	
  0.250000	  0.250000	  0.250000	  0.250000	
  0.250000	  0.250000	  0.250000	  0.250000	
  0.250000	  0.250000	  0.250000	  0.250000	
  0.250000	  0.250000	  0.250000	  0.250000	
  0.250000	  0.250000	  0.250000	  0.250000	
  0.250000	  0.250000	  0.250000	  0.250000	
  0.000000	  0.000000	  0.000000	  1.000000	
  0.000000	  0.000000	  1.000000	  0.000000	
  1.000000	  0.000000	  0.000000	  0.000000	

URL http://cisbp.ccbr.utoronto.ca/TFreport.php?versionNumber=1.02&searchTF=T153830_1.02

MOTIF M4319_1.02 (ZYRO0F01804g)_(Saccharomyces_cerevisiae)_(DBD_0.76)

letter-probability matrix: alength= 4 w= 21 nsites= 1 E= 0
  0.322548	  0.207571	  0.190454	  0.279426	
  0.160074	  0.172216	  0.229316	  0.438395	
  0.219382	  0.289418	  0.168908	  0.322291	
  0.461381	  0.124628	  0.184273	  0.229718	
  0.349612	  0.201072	  0.233241	  0.216074	
  0.342502	  0.144311	  0.281900	  0.231287	
  0.566078	  0.022501	  0.017576	  0.393844	
  0.849427	  0.009370	  0.020674	  0.120529	
  0.400368	  0.164609	  0.182670	  0.252352	
  0.003731	  0.916518	  0.010544	  0.069207	
  0.004779	  0.177764	  0.038898	  0.778560	
  0.003126	  0.985672	  0.001336	  0.009866	
  0.000987	  0.972506	  0.025512	  0.000994	
  0.000802	  0.030741	  0.967169	  0.001288	
  0.136500	  0.004161	  0.849357	  0.009982	
  0.708847	  0.060727	  0.197735	  0.032691	
  0.289826	  0.183904	  0.438604	  0.087666	
  0.164184	  0.172297	  0.205085	  0.458434	
  0.373681	  0.101036	  0.232782	  0.292501	
  0.225637	  0.168325	  0.299085	  0.306953	
  0.322790	  0.212682	  0.195581	  0.268947	

URL http://cisbp.ccbr.utoronto.ca/TFreport.php?versionNumber=1.02&searchTF=T167066_1.02

MOTIF M4333_1.02 (ZYRO0B13134g)_(Saccharomyces_cerevisiae)_(DBD_0.97)

letter-probability matrix: alength= 4 w= 5 nsites= 1 E= 0
  1.000000	  0.000000	  0.000000	  0.000000	
  0.000000	  0.000000	  0.000000	  1.000000	
  0.000000	  1.000000	  0.000000	  0.000000	
  1.000000	  0.000000	  0.000000	  0.000000	
  0.500000	  0.000000	  0.500000	  0.000000	

URL http://cisbp.ccbr.utoronto.ca/TFreport.php?versionNumber=1.02&searchTF=T086462_1.02

MOTIF M4340_1.02 (ZYRO0A10956g)_(Saccharomyces_cerevisiae)_(DBD_0.78)

letter-probability matrix: alength= 4 w= 14 nsites= 1 E= 0
  0.020000	  0.249000	  0.185000	  0.546000	
  0.012987	  0.864136	  0.109890	  0.012987	
  0.053000	  0.021000	  0.872000	  0.054000	
  0.013000	  0.029000	  0.877000	  0.081000	
  0.129000	  0.377000	  0.250000	  0.244000	
  0.548000	  0.294000	  0.145000	  0.013000	
  0.116000	  0.013000	  0.061000	  0.810000	
  0.029000	  0.123000	  0.101000	  0.747000	
  0.030000	  0.468000	  0.247000	  0.255000	
  0.021000	  0.065000	  0.407000	  0.507000	
  0.029000	  0.897000	  0.031000	  0.043000	
  0.206793	  0.739261	  0.022977	  0.030969	
  0.012987	  0.038961	  0.935065	  0.012987	
  0.851000	  0.021000	  0.115000	  0.013000	

URL http://cisbp.ccbr.utoronto.ca/TFreport.php?versionNumber=1.02&searchTF=T167037_1.02

MOTIF M4346_1.02 (ZYRO0E05412g)_(Saccharomyces_cerevisiae)_(DBD_0.90)

letter-probability matrix: alength= 4 w= 11 nsites= 1 E= 0
  0.035964	  0.615385	  0.328671	  0.019980	
  0.008000	  0.960000	  0.007000	  0.025000	
  0.007000	  0.004000	  0.973000	  0.016000	
  0.499000	  0.103000	  0.172000	  0.226000	
  0.107107	  0.009009	  0.012012	  0.871872	
  0.832000	  0.040000	  0.062000	  0.066000	
  0.292000	  0.012000	  0.033000	  0.663000	
  0.111000	  0.242000	  0.064000	  0.583000	
  0.091908	  0.075924	  0.252747	  0.579421	
  0.007000	  0.948000	  0.021000	  0.024000	
  0.017000	  0.955000	  0.019000	  0.009000	

URL http://cisbp.ccbr.utoronto.ca/TFreport.php?versionNumber=1.02&searchTF=T167062_1.02

MOTIF M4359_1.02 (ZYRO0A00440g)_(Saccharomyces_cerevisiae)_(DBD_0.90)

letter-probability matrix: alength= 4 w= 9 nsites= 1 E= 0
  0.172172	  0.679680	  0.129129	  0.019019	
  0.126873	  0.689311	  0.120879	  0.062937	
  0.055000	  0.153000	  0.754000	  0.038000	
  0.571000	  0.314000	  0.034000	  0.081000	
  0.075000	  0.149000	  0.167000	  0.609000	
  0.648000	  0.023000	  0.270000	  0.059000	
  0.039000	  0.761000	  0.175000	  0.025000	
  0.022000	  0.870000	  0.095000	  0.013000	
  0.015000	  0.034000	  0.856000	  0.095000	

URL http://cisbp.ccbr.utoronto.ca/TFreport.php?versionNumber=1.02&searchTF=T167033_1.02

MOTIF M4363_1.02 (ZYRO0E06336g)_(Saccharomyces_cerevisiae)_(DBD_0.78)

letter-probability matrix: alength= 4 w= 8 nsites= 1 E= 0
  0.066010	  0.379270	  0.000000	  0.554719	
  0.000000	  0.000000	  1.000000	  0.000000	
  1.000000	  0.000000	  0.000000	  0.000000	
  0.000000	  0.000000	  1.000000	  0.000000	
  0.000000	  0.932362	  0.000000	  0.067638	
  1.000000	  0.000000	  0.000000	  0.000000	
  0.824901	  0.124503	  0.000000	  0.050597	
  0.937967	  0.000000	  0.000000	  0.062033	

URL http://cisbp.ccbr.utoronto.ca/TFreport.php?versionNumber=1.02&searchTF=T072012_1.02

MOTIF M4368_1.02 (ZYRO0B02002g)_(Saccharomyces_cerevisiae)_(DBD_0.83)

letter-probability matrix: alength= 4 w= 6 nsites= 1 E= 0
  0.329357	  0.329357	  0.011930	  0.329357	
  0.964289	  0.011904	  0.011904	  0.011904	
  0.011904	  0.011904	  0.964289	  0.011904	
  0.011904	  0.011904	  0.964289	  0.011904	
  0.011909	  0.488091	  0.011909	  0.488091	
  0.964289	  0.011904	  0.011904	  0.011904	

URL http://cisbp.ccbr.utoronto.ca/TFreport.php?versionNumber=1.02&searchTF=T069429_1.02

MOTIF M4378_1.02 (ZYRO0G05016g)_(Saccharomyces_cerevisiae)_(DBD_0.65)

letter-probability matrix: alength= 4 w= 8 nsites= 1 E= 0
  0.608837	  0.055475	  0.209127	  0.126560	
  0.550979	  0.093494	  0.220766	  0.134761	
  0.065601	  0.052550	  0.031814	  0.850034	
  0.021085	  0.064965	  0.658255	  0.255695	
  0.873141	  0.017828	  0.063305	  0.045726	
  0.000863	  0.862996	  0.012969	  0.123172	
  0.073458	  0.060235	  0.865441	  0.000865	
  0.038916	  0.186428	  0.047516	  0.727140	

URL http://cisbp.ccbr.utoronto.ca/TFreport.php?versionNumber=1.02&searchTF=T031570_1.02

MOTIF M4388_1.02 (ZYRO0C02376g)_(Saccharomyces_cerevisiae)_(DBD_0.75)

letter-probability matrix: alength= 4 w= 8 nsites= 1 E= 0
  0.424905	  0.149417	  0.104664	  0.321015	
  0.770037	  0.007863	  0.097419	  0.124681	
  0.107723	  0.036654	  0.016066	  0.839558	
