MEME version 4

ALPHABET= ACGT

strands: + -

Background letter frequencies
A 0.25 C 0.25 G 0.25 T 0.25

MOTIF MA0004.1 MA0004.1.Arnt
letter-probability matrix: alength= 4 w= 6 nsites= 20 E= 0
 0.200000  0.800000  0.000000  0.000000
 0.950000  0.000000  0.050000  0.000000
 0.000000  1.000000  0.000000  0.000000
 0.000000  0.000000  1.000000  0.000000
 0.000000  0.000000  0.000000  1.000000
 0.000000  0.000000  1.000000  0.000000
URL http://jaspar.genereg.net/matrix/MA0004.1

MOTIF MA0006.1 MA0006.1.Ahr::Arnt
letter-probability matrix: alength= 4 w= 6 nsites= 24 E= 0
 0.125000  0.333333  0.083333  0.458333
 0.000000  0.000000  0.958333  0.041667
 0.000000  0.958333  0.000000  0.041667
 0.000000  0.000000  0.958333  0.041667
 0.000000  0.000000  0.000000  1.000000
 0.000000  0.000000  1.000000  0.000000
URL http://jaspar.genereg.net/matrix/MA0006.1

MOTIF MA0019.1 MA0019.1.Ddit3::Cebpa
letter-probability matrix: alength= 4 w= 12 nsites= 39 E= 0
 0.358974  0.179487  0.307692  0.153846
 0.282051  0.179487  0.358974  0.179487
 0.461538  0.076923  0.384615  0.076923
 0.000000  0.025641  0.000000  0.974359
 0.000000  0.000000  0.974359  0.025641
 0.102564  0.846154  0.000000  0.051282
 0.974359  0.025641  0.000000  0.000000
 0.923077  0.051282  0.025641  0.000000
 0.000000  0.153846  0.000000  0.846154
 0.358974  0.435897  0.128205  0.076923
 0.102564  0.589744  0.230769  0.076923
 0.000000  0.666667  0.153846  0.179487
URL http://jaspar.genereg.net/matrix/MA0019.1

MOTIF MA0029.1 MA0029.1.Mecom
letter-probability matrix: alength= 4 w= 14 nsites= 27 E= 0
 0.518519  0.074074  0.222222  0.185185
 0.740741  0.037037  0.074074  0.148148
 0.000000  0.037037  0.925926  0.037037
 1.000000  0.000000  0.000000  0.000000
 0.037037  0.370370  0.000000  0.592593
 1.000000  0.000000  0.000000  0.000000
 0.962963  0.000000  0.037037  0.000000
 0.000000  0.000000  1.000000  0.000000
 1.000000  0.000000  0.000000  0.000000
 0.000000  0.111111  0.000000  0.888889
 0.888889  0.037037  0.000000  0.074074
 0.851852  0.000000  0.148148  0.000000
 0.222222  0.259259  0.259259  0.259259
 0.555556  0.222222  0.111111  0.111111
URL http://jaspar.genereg.net/matrix/MA0029.1

MOTIF MA0030.1 MA0030.1.FOXF2
letter-probability matrix: alength= 4 w= 14 nsites= 27 E= 0
 0.037037  0.370370  0.259259  0.333333
 0.370370  0.259259  0.185185  0.185185
 0.629630  0.148148  0.074074  0.148148
 0.481481  0.185185  0.185185  0.185185
 0.111111  0.407407  0.296296  0.000000
 0.259259  0.000000  0.740741  0.000000
 0.000000  0.000000  0.000000  1.000000
 1.000000  0.000000  0.000000  0.000000
 1.000000  0.000000  0.000000  0.000000
 1.000000  0.000000  0.000000  0.000000
 0.000000  0.925926  0.000000  0.074074
 1.000000  0.000000  0.000000  0.000000
 0.592593  0.148148  0.074074  0.185185
 0.259259  0.148148  0.222222  0.370370
URL http://jaspar.genereg.net/matrix/MA0030.1

MOTIF MA0031.1 MA0031.1.FOXD1
letter-probability matrix: alength= 4 w= 8 nsites= 20 E= 0
 0.050000  0.050000  0.850000  0.050000
 0.000000  0.000000  0.000000  1.000000
 0.950000  0.050000  0.000000  0.000000
 1.000000  0.000000  0.000000  0.000000
 0.900000  0.050000  0.050000  0.000000
 0.050000  0.900000  0.000000  0.050000
 1.000000  0.000000  0.000000  0.000000
 0.350000  0.100000  0.150000  0.400000
URL http://jaspar.genereg.net/matrix/MA0031.1

MOTIF MA0040.1 MA0040.1.Foxq1
letter-probability matrix: alength= 4 w= 11 nsites= 18 E= 0
 0.222222  0.222222  0.166667  0.388889
 0.722222  0.055556  0.166667  0.055556
 0.277778  0.111111  0.000000  0.611111
 0.166667  0.000000  0.000000  0.833333
 0.000000  0.000000  1.000000  0.000000
 0.000000  0.000000  0.000000  1.000000
 0.000000  0.000000  0.000000  1.000000
 0.000000  0.000000  0.000000  1.000000
 0.944444  0.000000  0.055556  0.000000
 0.000000  0.055556  0.222222  0.722222
 0.333333  0.000000  0.166667  0.500000
URL http://jaspar.genereg.net/matrix/MA0040.1

MOTIF MA0051.1 MA0051.1.IRF2
letter-probability matrix: alength= 4 w= 18 nsites= 12 E= 0
 0.000000  0.333333  0.583333  0.083333
 0.166667  0.000000  0.833333  0.000000
 1.000000  0.000000  0.000000  0.000000
 0.916667  0.000000  0.000000  0.083333
 1.000000  0.000000  0.000000  0.000000
 0.166667  0.000000  0.833333  0.000000
 0.000000  0.500000  0.000000  0.500000
 0.000000  0.000000  1.000000  0.000000
 1.000000  0.000000  0.000000  0.000000
 1.000000  0.000000  0.000000  0.000000
 1.000000  0.000000  0.000000  0.000000
 0.000000  0.500000  0.500000  0.000000
 0.000000  0.583333  0.166667  0.250000
 0.416667  0.166667  0.250000  0.166667
 0.500000  0.000000  0.166667  0.333333
 0.500000  0.083333  0.083333  0.333333
 0.416667  0.166667  0.083333  0.333333
 0.250000  0.500000  0.083333  0.166667
URL http://jaspar.genereg.net/matrix/MA0051.1

MOTIF MA0059.1 MA0059.1.MAX::MYC
letter-probability matrix: alength= 4 w= 11 nsites= 21 E= 0
 0.333333  0.047619  0.428571  0.190476
 0.714286  0.047619  0.190476  0.047619
 0.095238  0.428571  0.428571  0.047619
 0.047619  0.952381  0.000000  0.000000
 1.000000  0.000000  0.000000  0.000000
 0.000000  0.952381  0.000000  0.047619
 0.047619  0.000000  0.952381  0.000000
 0.000000  0.047619  0.000000  0.952381
 0.000000  0.000000  1.000000  0.000000
 0.047619  0.047619  0.857143  0.047619
 0.142857  0.238095  0.000000  0.619048
URL http://jaspar.genereg.net/matrix/MA0059.1

MOTIF MA0066.1 MA0066.1.PPARG
letter-probability matrix: alength= 4 w= 20 nsites= 28 E= 0
 0.107143  0.285714  0.500000  0.107143
 0.107143  0.000000  0.000000  0.892857
 0.678571  0.000000  0.321429  0.000000
 0.000000  0.035714  0.964286  0.000000
 0.035714  0.000000  0.928571  0.035714
 0.000000  0.035714  0.142857  0.821429
 0.071429  0.821429  0.107143  0.000000
 0.928571  0.035714  0.000000  0.035714
 0.178571  0.535714  0.142857  0.142857
 0.178571  0.250000  0.357143  0.214286
 0.142857  0.071429  0.642857  0.142857
 0.035714  0.000000  0.071429  0.892857
 0.071429  0.178571  0.714286  0.035714
 0.785714  0.178571  0.000000  0.035714
 0.035714  0.964286  0.000000  0.000000
 0.000000  0.892857  0.000000  0.107143
 0.107143  0.428571  0.000000  0.464286
 0.785714  0.178571  0.000000  0.035714
 0.178571  0.428571  0.214286  0.178571
 0.250000  0.000000  0.035714  0.714286
URL http://jaspar.genereg.net/matrix/MA0066.1

MOTIF MA0069.1 MA0069.1.PAX6
letter-probability matrix: alength= 4 w= 14 nsites= 43 E= 0
 0.046512  0.093023  0.093023  0.767442
 0.046512  0.046512  0.000000  0.906977
 0.093023  0.604651  0.023256  0.279070
 0.906977  0.046512  0.023256  0.023256
 0.069767  0.790698  0.023256  0.116279
 0.023256  0.000000  0.953488  0.023256
 0.023256  0.860465  0.093023  0.023256
 0.488372  0.046512  0.046512  0.418605
 0.023256  0.093023  0.023256  0.860465
 0.046512  0.325581  0.581395  0.046512
 0.837209  0.000000  0.139535  0.023256
 0.255814  0.255814  0.302326  0.186047
 0.023256  0.116279  0.069767  0.790698
 0.023256  0.000000  0.395349  0.581395
URL http://jaspar.genereg.net/matrix/MA0069.1

MOTIF MA0070.1 MA0070.1.PBX1
letter-probability matrix: alength= 4 w= 12 nsites= 18 E= 0
 0.277778  0.333333  0.111111  0.277778
 0.166667  0.500000  0.166667  0.166667
 0.888889  0.055556  0.055556  0.000000
 0.055556  0.055556  0.000000  0.888889
 0.000000  1.000000  0.000000  0.000000
 0.944444  0.055556  0.000000  0.000000
 0.944444  0.000000  0.000000  0.055556
 0.000000  0.000000  0.055556  0.944444
 0.000000  1.000000  0.000000  0.000000
 0.888889  0.055556  0.000000  0.055556
 0.666667  0.000000  0.055556  0.277778
 0.444444  0.111111  0.111111  0.333333
URL http://jaspar.genereg.net/matrix/MA0070.1

MOTIF MA0071.1 MA0071.1.RORA
letter-probability matrix: alength= 4 w= 10 nsites= 25 E= 0
 0.600000  0.040000  0.080000  0.280000
 0.360000  0.040000  0.000000  0.600000
 0.240000  0.480000  0.160000  0.120000
 0.440000  0.080000  0.200000  0.280000
 0.840000  0.000000  0.160000  0.000000
 0.000000  0.000000  1.000000  0.000000
 0.000000  0.000000  1.000000  0.000000
 0.000000  0.000000  0.000000  1.000000
 0.000000  1.000000  0.000000  0.000000
 1.000000  0.000000  0.000000  0.000000
URL http://jaspar.genereg.net/matrix/MA0071.1

MOTIF MA0072.1 MA0072.1.RORA
letter-probability matrix: alength= 4 w= 14 nsites= 36 E= 0
 0.250000  0.222222  0.222222  0.305556
 0.472222  0.055556  0.194444  0.277778
 0.416667  0.000000  0.083333  0.500000
 0.972222  0.027778  0.000000  0.000000
 0.638889  0.000000  0.000000  0.361111
 0.055556  0.333333  0.361111  0.250000
 0.000000  0.000000  0.000000  1.000000
 0.777778  0.000000  0.222222  0.000000
 0.000000  0.000000  1.000000  0.000000
 0.000000  0.000000  1.000000  0.000000
 0.000000  0.000000  0.000000  1.000000
 0.000000  1.000000  0.000000  0.000000
 1.000000  0.000000  0.000000  0.000000
 0.416667  0.166667  0.277778  0.138889
URL http://jaspar.genereg.net/matrix/MA0072.1

MOTIF MA0073.1 MA0073.1.RREB1
letter-probability matrix: alength= 4 w= 20 nsites= 11 E= 0
 0.272727  0.727273  0.000000  0.000000
 0.090909  0.909091  0.000000  0.000000
 0.272727  0.727273  0.000000  0.000000
 0.000000  1.000000  0.000000  0.000000
 0.636364  0.363636  0.000000  0.000000
 0.818182  0.181818  0.000000  0.000000
 0.727273  0.272727  0.000000  0.000000
 0.363636  0.545455  0.000000  0.090909
 0.000000  1.000000  0.000000  0.000000
 1.000000  0.000000  0.000000  0.000000
 0.363636  0.636364  0.000000  0.000000
 0.090909  0.909091  0.000000  0.000000
 0.272727  0.727273  0.000000  0.000000
 0.363636  0.545455  0.090909  0.000000
 0.181818  0.818182  0.000000  0.000000
 0.363636  0.454545  0.000000  0.181818
 0.363636  0.454545  0.090909  0.090909
 0.363636  0.545455  0.000000  0.090909
 0.090909  0.636364  0.272727  0.000000
 0.363636  0.363636  0.181818  0.090909
URL http://jaspar.genereg.net/matrix/MA0073.1

MOTIF MA0074.1 MA0074.1.RXRA::VDR
letter-probability matrix: alength= 4 w= 15 nsites= 10 E= 0
 0.300000  0.000000  0.700000  0.000000
 0.000000  0.000000  1.000000  0.000000
 0.000000  0.000000  0.900000  0.100000
 0.000000  0.000000  0.000000  1.000000
 0.000000  0.900000  0.000000  0.100000
 0.900000  0.000000  0.100000  0.000000
 0.400000  0.200000  0.000000  0.400000
 0.200000  0.400000  0.200000  0.200000
 0.200000  0.000000  0.800000  0.000000
 0.500000  0.000000  0.500000  0.000000
 0.000000  0.000000  1.000000  0.000000
 0.000000  0.000000  0.000000  1.000000
 0.100000  0.000000  0.000000  0.900000
 0.000000  0.900000  0.000000  0.100000
 0.700000  0.100000  0.200000  0.000000
URL http://jaspar.genereg.net/matrix/MA0074.1

MOTIF MA0077.1 MA0077.1.SOX9
letter-probability matrix: alength= 4 w= 9 nsites= 76 E= 0
 0.039474  0.723684  0.118421  0.118421
 0.105263  0.500000  0.078947  0.315789
 0.934211  0.013158  0.000000  0.052632
 0.026316  0.013158  0.026316  0.934211
 0.092105  0.000000  0.052632  0.855263
 0.026316  0.026316  0.947368  0.000000
 0.171053  0.000000  0.052632  0.776316
 0.118421  0.092105  0.078947  0.710526
 0.184211  0.407895  0.092105  0.315789
URL http://jaspar.genereg.net/matrix/MA0077.1

MOTIF MA0084.1 MA0084.1.SRY
letter-probability matrix: alength= 4 w= 9 nsites= 28 E= 0
 0.178571  0.178571  0.357143  0.285714
 0.285714  0.107143  0.142857  0.464286
 0.535714  0.000000  0.107143  0.357143
 0.642857  0.107143  0.107143  0.142857
 0.892857  0.000000  0.000000  0.107143
 0.000000  0.928571  0.000000  0.071429
 1.000000  0.000000  0.000000  0.000000
 0.964286  0.000000  0.035714  0.000000
 0.250000  0.000000  0.071429  0.678571
URL http://jaspar.genereg.net/matrix/MA0084.1

MOTIF MA0091.1 MA0091.1.TAL1::TCF3
letter-probability matrix: alength= 4 w= 12 nsites= 44 E= 0
 0.295455  0.318182  0.181818  0.204545
 0.204545  0.227273  0.454545  0.113636
 0.886364  0.000000  0.068182  0.045455
 0.454545  0.545455  0.000000  0.000000
 0.000000  0.977273  0.022727  0.000000
 1.000000  0.000000  0.000000  0.000000
 0.000000  0.022727  0.250000  0.727273
 0.272727  0.727273  0.000000  0.000000
 0.000000  0.000000  0.000000  1.000000
 0.000000  0.000000  0.977273  0.022727
 0.000000  0.068182  0.454545  0.477273
 0.090909  0.090909  0.045455  0.772727
URL http://jaspar.genereg.net/matrix/MA0091.1

MOTIF MA0092.1 MA0092.1.Hand1::Tcf3
letter-probability matrix: alength= 4 w= 10 nsites= 29 E= 0
 0.137931  0.275862  0.344828  0.241379
 0.344828  0.000000  0.517241  0.137931
 0.068966  0.068966  0.034483  0.827586
 0.000000  0.965517  0.000000  0.034483
 0.000000  0.000000  0.000000  1.000000
 0.000000  0.000000  1.000000  0.000000
 0.000000  0.103448  0.862069  0.034483
 0.310345  0.482759  0.034483  0.172414
 0.551724  0.000000  0.103448  0.344828
 0.172414  0.137931  0.137931  0.551724
URL http://jaspar.genereg.net/matrix/MA0092.1

MOTIF MA0101.1 MA0101.1.REL
letter-probability matrix: alength= 4 w= 10 nsites= 17 E= 0
 0.000000  0.294118  0.470588  0.235294
 0.000000  0.058824  0.882353  0.058824
 0.058824  0.000000  0.882353  0.058824
 0.294118  0.058824  0.529412  0.117647
 0.352941  0.294118  0.176471  0.176471
 0.294118  0.058824  0.058824  0.588235
 0.058824  0.000000  0.000000  0.941176
 0.117647  0.000000  0.000000  0.882353
 0.000000  0.882353  0.000000  0.117647
 0.058824  0.941176  0.000000  0.000000
URL http://jaspar.genereg.net/matrix/MA0101.1

MOTIF MA0107.1 MA0107.1.RELA
letter-probability matrix: alength= 4 w= 10 nsites= 18 E= 0
 0.000000  0.222222  0.611111  0.166667
 0.000000  0.000000  0.944444  0.055556
 0.000000  0.000000  1.000000  0.000000
 0.611111  0.000000  0.388889  0.000000
 0.555556  0.166667  0.222222  0.055556
 0.111111  0.000000  0.000000  0.888889
 0.000000  0.000000  0.000000  1.000000
 0.000000  0.111111  0.000000  0.888889
 0.000000  1.000000  0.000000  0.000000
 0.000000  1.000000  0.000000  0.000000
URL http://jaspar.genereg.net/matrix/MA0107.1

MOTIF MA0108.2 MA0108.2.TBP
letter-probability matrix: alength= 4 w= 15 nsites= 389 E= 0
 0.156812  0.372751  0.390746  0.079692
 0.041131  0.118252  0.046272  0.794344
 0.904884  0.000000  0.005141  0.089974
 0.007712  0.025707  0.005141  0.961440
 0.910026  0.000000  0.012853  0.077121
 0.688946  0.000000  0.000000  0.311054
 0.925450  0.007712  0.051414  0.015424
 0.570694  0.005141  0.113111  0.311054
 0.398458  0.113111  0.403599  0.084833
 0.143959  0.347044  0.385604  0.123393
 0.213368  0.377892  0.329049  0.079692
 0.210797  0.326478  0.329049  0.133676
 0.210797  0.303342  0.329049  0.156812
 0.174807  0.275064  0.357326  0.192802
 0.197943  0.259640  0.359897  0.182519
URL http://jaspar.genereg.net/matrix/MA0108.2

MOTIF MA0111.1 MA0111.1.Spz1
letter-probability matrix: alength= 4 w= 11 nsites= 12 E= 0
 0.750000  0.000000  0.250000  0.000000
 0.000000  0.166667  0.750000  0.083333
 0.166667  0.000000  0.833333  0.000000
 0.000000  0.000000  0.916667  0.083333
 0.083333  0.000000  0.083333  0.833333
 0.666667  0.000000  0.000000  0.333333
 0.500000  0.000000  0.166667  0.333333
 0.083333  0.750000  0.166667  0.000000
 0.833333  0.000000  0.166667  0.000000
 0.000000  0.083333  0.750000  0.166667
 0.166667  0.666667  0.166667  0.000000
URL http://jaspar.genereg.net/matrix/MA0111.1

MOTIF MA0115.1 MA0115.1.NR1H2::RXRA
letter-probability matrix: alength= 4 w= 17 nsites= 25 E= 0
 0.680000  0.200000  0.000000  0.120000
 0.680000  0.040000  0.200000  0.080000
 0.800000  0.000000  0.200000  0.000000
 0.000000  0.000000  1.000000  0.000000
 0.000000  0.000000  0.960000  0.040000
 0.000000  0.000000  0.000000  1.000000
 0.000000  1.000000  0.000000  0.000000
 1.000000  0.000000  0.000000  0.000000
 0.960000  0.000000  0.000000  0.040000
 1.000000  0.000000  0.000000  0.000000
 0.000000  0.000000  1.000000  0.000000
 0.000000  0.000000  1.000000  0.000000
 0.000000  0.000000  0.000000  1.000000
 0.000000  1.000000  0.000000  0.000000
 1.000000  0.000000  0.000000  0.000000
 0.800000  0.040000  0.080000  0.080000
 0.000000  0.600000  0.240000  0.160000
URL http://jaspar.genereg.net/matrix/MA0115.1

MOTIF MA0116.1 MA0116.1.Znf423
letter-probability matrix: alength= 4 w= 15 nsites= 33 E= 0
 0.212121  0.121212  0.666667  0.000000
 0.000000  0.484848  0.515152  0.000000
 0.484848  0.515152  0.000000  0.000000
 0.515152  0.484848  0.000000  0.000000
 0.000000  1.000000  0.000000  0.000000
 0.000000  1.000000  0.000000  0.000000
 0.030303  0.515152  0.000000  0.454545
 0.727273  0.000000  0.000000  0.272727
 0.393939  0.000000  0.484848  0.121212
 0.000000  0.000000  1.000000  0.000000
 0.000000  0.000000  1.000000  0.000000
 0.000000  0.000000  0.515152  0.484848
 0.000000  0.000000  0.484848  0.515152
 0.000000  0.242424  0.484848  0.272727
 0.333333  0.666667  0.000000  0.000000
URL http://jaspar.genereg.net/matrix/MA0116.1

MOTIF MA0119.1 MA0119.1.NFIC::TLX1
letter-probability matrix: alength= 4 w= 14 nsites= 16 E= 0
 0.000000  0.000000  0.000000  1.000000
 0.000000  0.000000  1.000000  0.000000
 0.000000  0.000000  1.000000  0.000000
 0.000000  1.000000  0.000000  0.000000
 0.875000  0.062500  0.000000  0.062500
 0.125000  0.500000  0.312500  0.062500
 0.125000  0.500000  0.250000  0.125000
 0.437500  0.062500  0.312500  0.187500
 0.250000  0.187500  0.125000  0.437500
 0.000000  0.000000  1.000000  0.000000
 0.000000  1.000000  0.000000  0.000000
 0.000000  1.000000  0.000000  0.000000
 1.000000  0.000000  0.000000  0.000000
 0.875000  0.000000  0.062500  0.062500
URL http://jaspar.genereg.net/matrix/MA0119.1

MOTIF MA0125.1 MA0125.1.Nobox
letter-probability matrix: alength= 4 w= 8 nsites= 38 E= 0
 0.000000  0.026316  0.000000  0.973684
 0.947368  0.000000  0.000000  0.052632
 1.000000  0.000000  0.000000  0.000000
 0.026316  0.026316  0.052632  0.894737
 0.052632  0.000000  0.105263  0.842105
 0.394737  0.000000  0.578947  0.026316
 0.105263  0.315789  0.473684  0.105263
 0.052632  0.342105  0.157895  0.447368
URL http://jaspar.genereg.net/matrix/MA0125.1

MOTIF MA0130.1 MA0130.1.ZNF354C
letter-probability matrix: alength= 4 w= 6 nsites= 16 E= 0
 0.437500  0.375000  0.187500  0.000000
 0.187500  0.125000  0.000000  0.687500
 0.000000  1.000000  0.000000  0.000000
 0.000000  1.000000  0.000000  0.000000
 1.000000  0.000000  0.000000  0.000000
 0.000000  0.937500  0.062500  0.000000
URL http://jaspar.genereg.net/matrix/MA0130.1

MOTIF MA0135.1 MA0135.1.Lhx3
letter-probability matrix: alength= 4 w= 13 nsites= 20 E= 0
 0.450000  0.000000  0.150000  0.400000
 0.800000  0.100000  0.100000  0.000000
 0.950000  0.000000  0.000000  0.050000
 0.000000  0.000000  0.000000  1.000000
 0.000000  0.000000  0.000000  1.000000
 0.950000  0.000000  0.000000  0.050000
 1.000000  0.000000  0.000000  0.000000
 0.100000  0.100000  0.000000  0.800000
 0.000000  0.050000  0.000000  0.950000
 0.800000  0.050000  0.000000  0.150000
 0.450000  0.000000  0.150000  0.400000
 0.100000  0.400000  0.000000  0.500000
 0.100000  0.450000  0.150000  0.300000
URL http://jaspar.genereg.net/matrix/MA0135.1

MOTIF MA0139.1 MA0139.1.CTCF
letter-probability matrix: alength= 4 w= 19 nsites= 913 E= 0
 0.095290  0.318729  0.083242  0.502738
 0.182913  0.158817  0.453450  0.204819
 0.307777  0.053669  0.491785  0.146769
 0.061336  0.876232  0.023001  0.039430
 0.008762  0.989047  0.000000  0.002191
 0.814896  0.014239  0.071194  0.099671
 0.043812  0.578313  0.365827  0.012048
 0.117196  0.474261  0.052574  0.354874
 0.932092  0.012048  0.035049  0.019715
 0.005476  0.000000  0.989047  0.003286
 0.364732  0.003286  0.619934  0.009858
 0.059146  0.013143  0.552026  0.373494
 0.013143  0.000000  0.974808  0.008762
 0.061336  0.008762  0.848850  0.077766
 0.113910  0.802848  0.005476  0.073384
 0.407448  0.014239  0.555312  0.018620
 0.089814  0.527930  0.336254  0.040526
 0.128149  0.352683  0.079956  0.433735
 0.440307  0.198248  0.291347  0.064622
URL http://jaspar.genereg.net/matrix/MA0139.1

MOTIF MA0142.1 MA0142.1.Pou5f1::Sox2
letter-probability matrix: alength= 4 w= 15 nsites= 1364 E= 0
 0.046188  0.620235  0.048387  0.285191
 0.424487  0.042522  0.020528  0.513930
 0.008065  0.036657  0.026393  0.931085
 0.034457  0.008798  0.057918  0.902493
 0.086510  0.266129  0.604839  0.046188
 0.304252  0.013196  0.021261  0.664956
 0.151026  0.267595  0.136364  0.448680
 0.905425  0.021994  0.017595  0.058651
 0.012463  0.003666  0.010997  0.976540
 0.007331  0.011730  0.908358  0.076246
 0.010264  0.754399  0.094575  0.143695
 0.769795  0.011730  0.021994  0.197214
 0.650293  0.049853  0.230938  0.067449
 0.879765  0.024194  0.054985  0.038856
 0.145161  0.087243  0.151760  0.613636
URL http://jaspar.genereg.net/matrix/MA0142.1

MOTIF MA0149.1 MA0149.1.EWSR1-FLI1
letter-probability matrix: alength= 4 w= 18 nsites= 105 E= 0
 0.000000  0.000000  1.000000  0.000000
 0.019048  0.000000  0.980952  0.000000
 0.990476  0.000000  0.009524  0.000000
 0.990476  0.000000  0.009524  0.000000
 0.009524  0.000000  0.990476  0.000000
 0.019048  0.000000  0.971429  0.009524
 0.980952  0.000000  0.019048  0.000000
 0.971429  0.000000  0.028571  0.000000
 0.000000  0.000000  0.990476  0.009524
 0.000000  0.019048  0.980952  0.000000
 0.942857  0.038095  0.019048  0.000000
 1.000000  0.000000  0.000000  0.000000
 0.000000  0.000000  1.000000  0.000000
 0.000000  0.019048  0.980952  0.000000
 0.952381  0.028571  0.000000  0.019048
 0.971429  0.000000  0.019048  0.009524
 0.047619  0.000000  0.923810  0.028571
 0.028571  0.028571  0.923810  0.019048
URL http://jaspar.genereg.net/matrix/MA0149.1

MOTIF MA0138.2 MA0138.2.REST
letter-probability matrix: alength= 4 w= 21 nsites= 1591 E= 0
 0.132621  0.109365  0.230044  0.527970
 0.036455  0.169076  0.091766  0.706474
 0.047769  0.858580  0.031427  0.065996
 0.912634  0.018856  0.059082  0.016342
 0.021370  0.027656  0.952860  0.006285
 0.076681  0.614708  0.203017  0.114393
 0.989943  0.004400  0.007542  0.007542
 0.001886  0.996857  0.007542  0.003143
 0.021999  0.930861  0.012571  0.043997
 0.573853  0.126336  0.101823  0.206788
 0.137649  0.235701  0.077938  0.556882
 0.024513  0.004400  0.974859  0.004400
 0.012571  0.003143  0.991201  0.001257
 0.883721  0.070396  0.021370  0.032055
 0.008171  0.804525  0.146449  0.046512
 0.989315  0.005657  0.004400  0.006285
 0.026398  0.008171  0.961659  0.005657
 0.128850  0.632935  0.115022  0.124450
 0.230044  0.019485  0.432432  0.318668
 0.133878  0.586424  0.200503  0.078567
 0.112508  0.700189  0.023256  0.163419
URL http://jaspar.genereg.net/matrix/MA0138.2

MOTIF MA0002.2 MA0002.2.Runx1
letter-probability matrix: alength= 4 w= 11 nsites= 2000 E= 0
 0.143500  0.248000  0.348000  0.260500
 0.117000  0.242500  0.233500  0.407000
 0.061500  0.536000  0.074500  0.328000
 0.028500  0.000000  0.003500  0.968000
 0.000000  0.037500  0.936000  0.026500
 0.043500  0.063500  0.035000  0.858000
 0.000000  0.000000  0.993500  0.006500
 0.008500  0.021000  0.924000  0.046500
 0.005000  0.200000  0.125500  0.669500
 0.065500  0.231500  0.040500  0.662500
 0.250000  0.079000  0.144500  0.526500
URL http://jaspar.genereg.net/matrix/MA0002.2

MOTIF MA0065.2 MA0065.2.Pparg::Rxra
letter-probability matrix: alength= 4 w= 15 nsites= 857 E= 0
 0.109685  0.369895  0.373396  0.147025
 0.117853  0.193699  0.148191  0.541424
 0.455076  0.026838  0.429405  0.092182
 0.116686  0.003501  0.782964  0.101517
 0.162194  0.017503  0.786464  0.039673
 0.169195  0.150525  0.460910  0.225204
 0.082847  0.638273  0.208868  0.077013
 0.955659  0.024504  0.017503  0.009335
 0.609102  0.056009  0.315053  0.026838
 0.831972  0.005834  0.159860  0.010502
 0.095683  0.002334  0.894982  0.014002
 0.047841  0.010502  0.808635  0.140023
 0.025671  0.115519  0.306884  0.558926
 0.063011  0.647608  0.168028  0.127188
 0.788798  0.067678  0.054842  0.094516
URL http://jaspar.genereg.net/matrix/MA0065.2

MOTIF MA0151.1 MA0151.1.Arid3a
letter-probability matrix: alength= 4 w= 6 nsites= 27 E= 0
 1.000000  0.000000  0.000000  0.000000
 0.000000  0.000000  0.000000  1.000000
 0.037037  0.333333  0.000000  0.629630
 1.000000  0.000000  0.000000  0.000000
 1.000000  0.000000  0.000000  0.000000
 0.740741  0.000000  0.037037  0.222222
URL http://jaspar.genereg.net/matrix/MA0151.1

MOTIF MA0155.1 MA0155.1.INSM1
letter-probability matrix: alength= 4 w= 12 nsites= 24 E= 0
 0.041667  0.000000  0.166667  0.791667
 0.000000  0.000000  0.833333  0.166667
 0.000000  0.333333  0.125000  0.541667
 0.250000  0.625000  0.000000  0.125000
 0.666667  0.000000  0.000000  0.333333
 0.000000  0.000000  1.000000  0.000000
 0.000000  0.041667  0.958333  0.000000
 0.000000  0.000000  1.000000  0.000000
 0.000000  0.000000  1.000000  0.000000
 0.000000  0.083333  0.666667  0.250000
 0.125000  0.666667  0.000000  0.208333
 0.416667  0.000000  0.500000  0.083333
URL http://jaspar.genereg.net/matrix/MA0155.1

MOTIF MA0159.1 MA0159.1.RARA::RXRA
letter-probability matrix: alength= 4 w= 17 nsites= 23 E= 0
 0.521739  0.000000  0.478261  0.000000
 0.000000  0.000000  1.000000  0.000000
 0.043478  0.000000  0.565217  0.391304
 0.000000  0.000000  0.043478  0.956522
 0.000000  0.782609  0.130435  0.086957
 0.956522  0.000000  0.043478  0.000000
 0.173913  0.304348  0.217391  0.304348
 0.217391  0.347826  0.391304  0.043478
 0.217391  0.173913  0.478261  0.130435
 0.565217  0.043478  0.304348  0.086957
 0.217391  0.260870  0.521739  0.000000
 0.739130  0.130435  0.130435  0.000000
 0.043478  0.043478  0.869565  0.043478
 0.000000  0.043478  0.695652  0.260870
 0.086957  0.043478  0.130435  0.739130
 0.043478  0.739130  0.130435  0.086957
 0.913043  0.000000  0.043478  0.043478
URL http://jaspar.genereg.net/matrix/MA0159.1

MOTIF MA0163.1 MA0163.1.PLAG1
letter-probability matrix: alength= 4 w= 14 nsites= 18 E= 0
 0.000000  0.000000  1.000000  0.000000
 0.166667  0.000000  0.777778  0.055556
 0.000000  0.000000  1.000000  0.000000
 0.000000  0.000000  0.944444  0.055556
 0.000000  0.777778  0.222222  0.000000
 0.000000  0.833333  0.055556  0.111111
 0.222222  0.555556  0.055556  0.166667
 0.666667  0.000000  0.000000  0.333333
 0.611111  0.277778  0.111111  0.000000
 0.111111  0.000000  0.777778  0.111111
 0.000000  0.000000  1.000000  0.000000
 0.000000  0.000000  1.000000  0.000000
 0.000000  0.000000  0.888889  0.111111
 0.111111  0.000000  0.888889  0.000000
URL http://jaspar.genereg.net/matrix/MA0163.1

MOTIF MA0164.1 MA0164.1.Nr2e3
letter-probability matrix: alength= 4 w= 7 nsites= 23 E= 0
 0.173913  0.521739  0.086957  0.217391
 1.000000  0.000000  0.000000  0.000000
 1.000000  0.000000  0.000000  0.000000
 0.000000  0.043478  0.956522  0.000000
 0.000000  1.000000  0.000000  0.000000
 0.000000  0.000000  0.000000  1.000000
 0.000000  0.000000  0.000000  1.000000
URL http://jaspar.genereg.net/matrix/MA0164.1

MOTIF MA0259.1 MA0259.1.ARNT::HIF1A
letter-probability matrix: alength= 4 w= 8 nsites= 104 E= 0
 0.259615  0.269231  0.471154  0.000000
 0.096154  0.278846  0.326923  0.298077
 0.750000  0.019231  0.221154  0.009615
 0.000000  0.990385  0.000000  0.009615
 0.000000  0.000000  1.000000  0.000000
 0.000000  0.000000  0.000000  1.000000
 0.000000  0.000000  1.000000  0.000000
 0.173077  0.490385  0.192308  0.144231
URL http://jaspar.genereg.net/matrix/MA0259.1

MOTIF MA0145.2 MA0145.2.Tfcp2l1
letter-probability matrix: alength= 4 w= 14 nsites= 4071 E= 0
 0.001965  0.925571  0.062638  0.009826
 0.070007  0.811594  0.005404  0.114223
 0.598624  0.005158  0.274380  0.124539
 0.005895  0.024073  0.970032  0.002948
 0.174404  0.338983  0.025301  0.464259
 0.098747  0.290592  0.062147  0.551707
 0.173667  0.400393  0.151314  0.278556
 0.359126  0.226480  0.252027  0.167281
 0.634979  0.070253  0.191599  0.108327
 0.395972  0.052076  0.310243  0.246377
 0.003930  0.936134  0.054778  0.008352
 0.062147  0.816507  0.002948  0.120609
 0.540162  0.007369  0.302628  0.150332
 0.012036  0.028986  0.953328  0.004176
URL http://jaspar.genereg.net/matrix/MA0145.2

MOTIF MA0146.2 MA0146.2.Zfx
letter-probability matrix: alength= 4 w= 14 nsites= 477 E= 0
 0.104822  0.373166  0.375262  0.146751
 0.123690  0.356394  0.362683  0.157233
 0.190776  0.316562  0.417191  0.077568
 0.150943  0.102725  0.622642  0.127883
 0.020964  0.622642  0.301887  0.062893
 0.012579  0.756813  0.004193  0.234801
 0.062893  0.259958  0.383648  0.301887
 0.400419  0.320755  0.255765  0.031447
 0.016771  0.004193  0.985325  0.002096
 0.000000  0.006289  1.000000  0.002096
 0.000000  1.008386  0.000000  0.000000
 0.000000  1.006289  0.000000  0.002096
 0.000000  0.002096  0.000000  1.006289
 0.176101  0.255765  0.457023  0.117400
URL http://jaspar.genereg.net/matrix/MA0146.2

MOTIF MA0468.1 MA0468.1.DUX4
letter-probability matrix: alength= 4 w= 11 nsites= 38217 E= 0
 0.190936  0.065285  0.025617  0.718162
 0.968182  0.000000  0.031818  0.000000
 1.000000  0.000000  0.000000  0.000000
 0.136798  0.305492  0.052385  0.505325
 0.000000  0.431169  0.130335  0.438496
 0.000000  0.365047  0.160321  0.474632
 0.923097  0.075595  0.000000  0.001308
 1.000000  0.000000  0.000000  0.000000
 0.000000  0.000000  0.000000  1.000000
 0.000000  0.978831  0.000000  0.021169
 0.884371  0.000000  0.000000  0.115629
URL http://jaspar.genereg.net/matrix/MA0468.1

MOTIF MA0476.1 MA0476.1.FOS
letter-probability matrix: alength= 4 w= 11 nsites= 29396 E= 0
 0.268030  0.024221  0.329501  0.378249
 0.254286  0.346204  0.368792  0.030718
 0.000000  0.000000  0.000000  1.000000
 0.000000  0.000000  0.922166  0.077834
 1.000000  0.000000  0.000000  0.000000
 0.033950  0.478943  0.381208  0.105899
 0.000000  0.000000  0.000000  1.000000
 0.000000  1.000000  0.000000  0.000000
 1.000000  0.000000  0.000000  0.000000
 0.008777  0.198088  0.052320  0.740815
 0.136277  0.280174  0.268642  0.314907
URL http://jaspar.genereg.net/matrix/MA0476.1

MOTIF MA0478.1 MA0478.1.FOSL2
letter-probability matrix: alength= 4 w= 11 nsites= 5318 E= 0
 0.156638  0.186912  0.392253  0.264197
 0.286762  0.111320  0.509026  0.092892
 0.537984  0.010342  0.437759  0.013915
 0.000000  0.000000  0.000000  1.000000
 0.000000  0.000000  1.000000  0.000000
 0.954306  0.009590  0.036104  0.000000
 0.000000  0.617901  0.345619  0.036480
 0.000000  0.000000  0.000000  1.000000
 0.038548  0.961452  0.000000  0.000000
 1.000000  0.000000  0.000000  0.000000
 0.000000  0.263069  0.363483  0.373449
URL http://jaspar.genereg.net/matrix/MA0478.1

MOTIF MA0479.1 MA0479.1.FOXH1
letter-probability matrix: alength= 4 w= 11 nsites= 8211 E= 0
 0.114359  0.345877  0.181464  0.358300
 0.192181  0.284131  0.260261  0.263427
 0.118500  0.397150  0.384362  0.099988
 1.000000  0.000000  0.000000  0.000000
 0.919133  0.000000  0.027889  0.052978
 0.000000  0.000000  0.000000  1.000000
 0.289124  0.703081  0.000000  0.007794
 0.172208  0.827792  0.000000  0.000000
 1.000000  0.000000  0.000000  0.000000
 0.000000  1.000000  0.000000  0.000000
 0.869322  0.000000  0.000000  0.130678
URL http://jaspar.genereg.net/matrix/MA0479.1

MOTIF MA0483.1 MA0483.1.Gfi1B
letter-probability matrix: alength= 4 w= 11 nsites= 1761 E= 0
 0.638274  0.248722  0.059057  0.053947
 1.000000  0.000000  0.000000  0.000000
 0.998864  0.000000  0.001136  0.000000
 0.000000  0.191936  0.015900  0.792164
 0.000000  1.000000  0.000000  0.000000
 0.586599  0.011925  0.000000  0.401476
 0.034639  0.745031  0.220329  0.000000
 0.633731  0.000000  0.000568  0.365701
 0.032368  0.000568  0.951732  0.015332
 0.080636  0.754117  0.043157  0.122090
 0.420216  0.245883  0.073822  0.260080
URL http://jaspar.genereg.net/matrix/MA0483.1

MOTIF MA0488.1 MA0488.1.JUN
letter-probability matrix: alength= 4 w= 13 nsites= 20968 E= 0
 0.388258  0.133155  0.233403  0.245183
 0.339374  0.140118  0.237743  0.282764
 0.309805  0.090757  0.461751  0.137686
 0.788153  0.034767  0.177079  0.000000
 0.000000  0.000000  0.000000  1.000000
 0.000000  0.000000  0.994325  0.005675
 0.999952  0.000000  0.000000  0.000048
 0.000000  0.163964  0.215185  0.620851
 0.000000  0.028997  0.971003  0.000000
 0.044735  0.168399  0.000000  0.786866
 0.329264  0.670736  0.000000  0.000000
 1.000000  0.000000  0.000000  0.000000
 0.009681  0.176650  0.048455  0.765214
URL http://jaspar.genereg.net/matrix/MA0488.1

MOTIF MA0492.1 MA0492.1.JUND
letter-probability matrix: alength= 4 w= 15 nsites= 33631 E= 0
 0.340400  0.128631  0.237757  0.293212
 0.399512  0.095983  0.259314  0.245190
 0.334840  0.143796  0.241147  0.280218
 0.404865  0.072909  0.468645  0.053582
 0.753680  0.005025  0.241295  0.000000
 0.000000  0.000000  0.000000  1.000000
 0.000000  0.000000  0.996432  0.003568
 1.000000  0.000000  0.000000  0.000000
 0.000000  0.309417  0.246410  0.444174
 0.152359  0.054236  0.793405  0.000000
 0.000000  0.117005  0.000000  0.882995
 0.261455  0.734352  0.004193  0.000000
 1.000000  0.000000  0.000000  0.000000
 0.007939  0.162648  0.071571  0.757842
 0.304927  0.322351  0.188844  0.183878
URL http://jaspar.genereg.net/matrix/MA0492.1

MOTIF MA0494.1 MA0494.1.Nr1h3::Rxra
letter-probability matrix: alength= 4 w= 19 nsites= 1269 E= 0
 0.000000  0.039401  0.022065  0.938534
 0.110323  0.023641  0.858156  0.007880
 0.581560  0.191489  0.107959  0.118991
 0.193853  0.765169  0.000000  0.040977
 0.045705  0.851064  0.002364  0.100867
 0.061466  0.246651  0.100867  0.591017
 0.282112  0.250591  0.270292  0.197006
 0.294720  0.202522  0.264775  0.237983
 0.625690  0.000000  0.252955  0.121355
 0.219070  0.014972  0.711584  0.054374
 0.060678  0.000000  0.003152  0.936170
 0.440504  0.060678  0.346730  0.152088
 0.709220  0.139480  0.151300  0.000000
 0.200946  0.758077  0.015760  0.025217
 0.092199  0.819543  0.000000  0.088258
 0.008668  0.395587  0.033097  0.562648
 0.106383  0.400315  0.154452  0.338849
 0.221434  0.154452  0.262411  0.361702
 0.186761  0.228526  0.345942  0.238771
URL http://jaspar.genereg.net/matrix/MA0494.1

MOTIF MA0497.1 MA0497.1.MEF2C
letter-probability matrix: alength= 4 w= 15 nsites= 2209 E= 0
 0.319149  0.145315  0.306021  0.229516
 0.331824  0.068357  0.259393  0.340426
 0.195111  0.088728  0.372114  0.344047
 0.172929  0.639203  0.035310  0.152558
 0.000000  0.445903  0.000000  0.554097
 0.731553  0.115890  0.033499  0.119058
 0.772295  0.014486  0.109099  0.104120
 0.953825  0.000000  0.039384  0.006790
 0.964690  0.000000  0.000905  0.034405
 0.966501  0.000000  0.001811  0.031689
 0.025351  0.028067  0.000000  0.946582
 0.985514  0.000000  0.014486  0.000000
 0.176098  0.054323  0.756451  0.013128
 0.441376  0.378452  0.066999  0.113173
 0.456768  0.203712  0.057039  0.282481
URL http://jaspar.genereg.net/matrix/MA0497.1

MOTIF MA0501.1 MA0501.1.MAF::NFE2
letter-probability matrix: alength= 4 w= 15 nsites= 1090 E= 0
 0.666055  0.023853  0.306422  0.003670
 0.000000  0.000000  0.000000  1.000000
 0.000000  0.000000  0.992661  0.007339
 1.000000  0.000000  0.000000  0.000000
 0.014679  0.799083  0.152294  0.033945
 0.100917  0.000917  0.011009  0.887156
 0.073394  0.859633  0.020183  0.046789
 0.897248  0.000000  0.046789  0.055963
 0.007339  0.003670  0.955046  0.033945
 0.000000  0.975229  0.020183  0.004587
 0.854128  0.015596  0.066972  0.063303
 0.351376  0.186239  0.259633  0.202752
 0.331193  0.091743  0.119266  0.457798
 0.267890  0.093578  0.083486  0.555046
 0.193578  0.259633  0.097248  0.449541
URL http://jaspar.genereg.net/matrix/MA0501.1

MOTIF MA0504.1 MA0504.1.NR2C2
letter-probability matrix: alength= 4 w= 15 nsites= 395 E= 0
 0.326582  0.318987  0.227848  0.126582
 0.207595  0.177215  0.559494  0.055696
 0.488608  0.015190  0.493671  0.002532
 0.000000  0.020253  0.926582  0.053165
 0.025316  0.007595  0.898734  0.068354
 0.007595  0.000000  0.200000  0.792405
 0.015190  0.782278  0.136709  0.065823
 0.868354  0.000000  0.121519  0.010127
 0.473418  0.000000  0.526582  0.000000
 0.820253  0.000000  0.179747  0.000000
 0.025316  0.000000  0.974684  0.000000
 0.027848  0.000000  0.850633  0.121519
 0.000000  0.068354  0.225316  0.706329
 0.022785  0.797468  0.088608  0.091139
 0.734177  0.000000  0.232911  0.032911
URL http://jaspar.genereg.net/matrix/MA0504.1

MOTIF MA0515.1 MA0515.1.Sox6
letter-probability matrix: alength= 4 w= 10 nsites= 249 E= 0
 0.016064  0.558233  0.200803  0.224900
 0.000000  0.887550  0.000000  0.112450
 0.646586  0.000000  0.000000  0.353414
 0.000000  0.000000  0.000000  1.000000
 0.000000  0.000000  0.000000  1.000000
 0.000000  0.000000  1.000000  0.000000
 0.000000  0.000000  0.000000  1.000000
 0.000000  0.461847  0.020080  0.518072
 0.016064  0.449799  0.000000  0.534137
 0.056225  0.305221  0.124498  0.514056
URL http://jaspar.genereg.net/matrix/MA0515.1

MOTIF MA0517.1 MA0517.1.STAT1::STAT2
letter-probability matrix: alength= 4 w= 15 nsites= 620 E= 0
 0.111290  0.101613  0.124194  0.662903
 0.241935  0.370968  0.135484  0.251613
 0.693548  0.011290  0.243548  0.051613
 0.004839  0.238710  0.753226  0.003226
 0.000000  0.003226  0.000000  0.996774
 0.004839  0.003226  0.000000  0.991935
 0.004839  0.020968  0.006452  0.967742
 0.000000  0.937097  0.000000  0.062903
 0.411290  0.120968  0.308065  0.159677
 0.172581  0.179032  0.259677  0.388710
 0.006452  0.020968  0.016129  0.956452
 0.016129  0.003226  0.000000  0.980645
 0.006452  0.274194  0.006452  0.712903
 0.024194  0.788710  0.014516  0.172581
 0.045161  0.588710  0.058065  0.308065
URL http://jaspar.genereg.net/matrix/MA0517.1

MOTIF MA0518.1 MA0518.1.Stat4
letter-probability matrix: alength= 4 w= 14 nsites= 2873 E= 0
 0.073442  0.354682  0.168465  0.403411
 0.004177  0.000696  0.000000  0.995127
 0.009050  0.000000  0.184128  0.806822
 0.219979  0.775844  0.004177  0.000000
 0.106857  0.518970  0.025061  0.349112
 0.504699  0.009746  0.425687  0.059868
 0.255134  0.000000  0.742778  0.002088
 0.015663  0.000000  0.984337  0.000000
 1.000000  0.000000  0.000000  0.000000
 1.000000  0.000000  0.000000  0.000000
 0.547511  0.097111  0.289941  0.065437
 0.169161  0.273234  0.238427  0.319179
 0.219979  0.250957  0.357814  0.171250
 0.309433  0.154194  0.388792  0.147581
URL http://jaspar.genereg.net/matrix/MA0518.1

MOTIF MA0519.1 MA0519.1.Stat5a::Stat5b
letter-probability matrix: alength= 4 w= 11 nsites= 16507 E= 0
 0.373902  0.140910  0.268068  0.217120
 0.125583  0.217847  0.175744  0.480826
 0.000000  0.000000  0.000000  1.000000
 0.000000  0.096929  0.000000  0.903071
 0.000000  0.989944  0.000000  0.010056
 0.015933  0.775126  0.000000  0.208942
 0.426728  0.371782  0.000000  0.201490
 0.699279  0.000000  0.250803  0.049918
 0.000000  0.000000  1.000000  0.000000
 0.901920  0.005634  0.000000  0.092446
 0.901799  0.000000  0.098201  0.000000
URL http://jaspar.genereg.net/matrix/MA0519.1

MOTIF MA0520.1 MA0520.1.Stat6
letter-probability matrix: alength= 4 w= 15 nsites= 1852 E= 0
 0.138769  0.357991  0.260259  0.242981
 0.359071  0.177106  0.200864  0.262959
 0.082073  0.305616  0.235421  0.376890
 0.000000  0.000000  0.000000  1.000000
 0.007019  0.000000  0.000000  0.992981
 0.065875  0.907127  0.000000  0.026998
 0.037797  0.650108  0.000000  0.312095
 0.358531  0.011339  0.118251  0.511879
 0.177106  0.288337  0.484881  0.049676
 0.622570  0.001620  0.224622  0.151188
 0.014039  0.000000  0.969762  0.016199
 1.000000  0.000000  0.000000  0.000000
 0.998380  0.000000  0.001620  0.000000
 0.335313  0.291577  0.214903  0.158207
 0.186285  0.264579  0.126890  0.422246
URL http://jaspar.genereg.net/matrix/MA0520.1

MOTIF MA0523.1 MA0523.1.TCF7L2
letter-probability matrix: alength= 4 w= 14 nsites= 4188 E= 0
 0.364136  0.180516  0.272206  0.183142
 0.431710  0.200573  0.275310  0.092407
 0.733047  0.032474  0.133477  0.101003
 0.020296  0.464900  0.479465  0.035339
 0.667383  0.006208  0.000000  0.326409
 0.032951  0.000000  0.000000  0.967049
 0.037011  0.788921  0.174069  0.000000
 1.000000  0.000000  0.000000  0.000000
 0.979704  0.003582  0.016714  0.000000
 0.995463  0.000000  0.004537  0.000000
 0.072350  0.008835  0.918816  0.000000
 0.247135  0.202722  0.479465  0.070678
 0.333811  0.268147  0.288921  0.109121
 0.425501  0.197230  0.180755  0.196514
URL http://jaspar.genereg.net/matrix/MA0523.1

MOTIF MA0527.1 MA0527.1.ZBTB33
letter-probability matrix: alength= 4 w= 15 nsites= 705 E= 0
 0.116312  0.363121  0.207092  0.313475
 0.008511  0.093617  0.045390  0.852482
