>letter-probability matrix Bcd: alength= 4 w= 7
  0.205742	  0.267943	  0.095694	  0.430622	
  0.000000	  0.000000	  0.000000	  1.000000	
  1.000000	  0.000000	  0.000000	  0.000000	
  1.000000	  0.000000	  0.000000	  0.000000	
  0.000000	  0.000000	  0.000000	  1.000000	
  0.000000	  1.000000	  0.000000	  0.000000	
  0.000000	  0.722488	  0.000000	  0.277512	
>letter-probability matrix Gsc: alength= 4 w= 11
  0.041176	  0.000000	  0.000000	  0.958824	
  0.964706	  0.000000	  0.011765	  0.023529	
  1.000000	  0.000000	  0.000000	  0.000000	
  0.000000	  0.023529	  0.000000	  0.976471	
  0.052941	  0.947059	  0.000000	  0.000000	
  0.029412	  0.670588	  0.188235	  0.111765	
  0.129412	  0.200000	  0.441176	  0.229412	
  0.400000	  0.311765	  0.011765	  0.276471	
  0.000000	  0.135294	  0.000000	  0.864706	
  0.452941	  0.064706	  0.047059	  0.435294	
  0.729412	  0.041176	  0.105882	  0.123529	
>letter-probability matrix Gt: alength= 4 w= 11
  0.906977	  0.023256	  0.069767	  0.000000	
  0.000000	  0.000000	  0.000000	  1.000000	
  0.000000	  0.000000	  0.232558	  0.767442	
  0.813953	  0.000000	  0.186047	  0.000000	
  0.000000	  0.930233	  0.000000	  0.069767	
  0.000000	  0.000000	  1.000000	  0.000000	
  0.000000	  0.232558	  0.000000	  0.767442	
  0.930233	  0.069767	  0.000000	  0.000000	
  1.000000	  0.000000	  0.000000	  0.000000	
  0.000000	  0.558140	  0.046512	  0.395349	
  0.604651	  0.302326	  0.093023	  0.000000	
>letter-probability matrix Opa: alength= 4 w= 13
  0.187000	  0.659000	  0.135000	  0.019000	
  0.300000	  0.154000	  0.291000	  0.255000	
  0.016000	  0.924000	  0.001000	  0.059000	
  0.385000	  0.289000	  0.173000	  0.153000	
  0.279000	  0.103000	  0.609000	  0.009000	
  0.013000	  0.730000	  0.018000	  0.239000	
  0.236000	  0.000000	  0.758000	  0.005000	
  0.001000	  0.001000	  0.986000	  0.013000	
  0.000000	  0.000000	  0.999000	  0.000000	
  0.060000	  0.023000	  0.824000	  0.093000	
  0.039000	  0.024000	  0.881000	  0.056000	
  0.055000	  0.009000	  0.843000	  0.092000	
  0.004000	  0.298000	  0.178000	  0.520000	
>letter-probability matrix Sna: alength= 4 w= 13
  0.241000	  0.200000	  0.309000	  0.250000	
  0.128000	  0.324000	  0.264000	  0.284000	
  0.454000	  0.057000	  0.387000	  0.102000	
  0.835000	  0.007000	  0.114000	  0.044000	
  0.005000	  0.984000	  0.006000	  0.005000	
  0.984000	  0.004000	  0.007000	  0.005000	
  0.087000	  0.004000	  0.903000	  0.006000	
  0.005000	  0.004000	  0.986000	  0.005000	
  0.005000	  0.004000	  0.007000	  0.984000	
  0.010000	  0.005000	  0.976000	  0.010000	
  0.042000	  0.455000	  0.184000	  0.319000	
  0.535000	  0.139000	  0.147000	  0.179000	
  0.290000	  0.244000	  0.230000	  0.236000	
>letter-probability matrix Ttk: alength= 4 w= 10
  0.246000	  0.202000	  0.270000	  0.283000	
  0.324000	  0.317000	  0.115000	  0.244000	
  0.583000	  0.406000	  0.006000	  0.005000	
  0.990000	  0.003000	  0.004000	  0.004000	
  0.003000	  0.003000	  0.991000	  0.003000	
  0.003000	  0.003000	  0.991000	  0.003000	
  0.990000	  0.003000	  0.004000	  0.003000	
  0.003000	  0.483000	  0.004000	  0.510000	
  0.739000	  0.096000	  0.045000	  0.121000	
  0.258000	  0.374000	  0.008000	  0.360000	
