>letter-probability matrix CTCF: alength= 4 w= 17
  0.312000	  0.210000	  0.106000	  0.372000	
  0.628000	  0.040000	  0.154000	  0.179000	
  0.063000	  0.070000	  0.779000	  0.088000	
  0.136000	  0.019000	  0.803000	  0.043000	
  0.057000	  0.154000	  0.665000	  0.124000	
  0.015000	  0.040000	  0.927000	  0.018000	
  0.034000	  0.109000	  0.803000	  0.054000	
  0.143000	  0.643000	  0.134000	  0.081000	
  0.151000	  0.053000	  0.771000	  0.025000	
  0.080000	  0.507000	  0.251000	  0.162000	
  0.175000	  0.179000	  0.181000	  0.465000	
  0.348000	  0.196000	  0.339000	  0.118000	
  0.143000	  0.099000	  0.363000	  0.395000	
  0.276000	  0.204000	  0.203000	  0.316000	
  0.189000	  0.215000	  0.421000	  0.175000	
  0.184000	  0.264000	  0.406000	  0.145000	
  0.239000	  0.159000	  0.448000	  0.154000	
>letter-probability matrix EGR1: alength= 4 w= 13
  0.145000	  0.222000	  0.223000	  0.410000	
  0.175000	  0.075000	  0.716000	  0.035000	
  0.131000	  0.710000	  0.032000	  0.128000	
  0.001000	  0.001000	  0.998000	  0.001000	
  0.001000	  0.002000	  0.351000	  0.645000	
  0.077000	  0.001000	  0.921000	  0.001000	
  0.001000	  0.001000	  0.998000	  0.001000	
  0.001000	  0.001000	  0.997000	  0.001000	
  0.076000	  0.695000	  0.007000	  0.222000	
  0.046000	  0.009000	  0.935000	  0.010000	
  0.073000	  0.086000	  0.515000	  0.326000	
  0.279000	  0.193000	  0.318000	  0.210000	
  0.224000	  0.229000	  0.323000	  0.224000	
>letter-probability matrix GATA3: alength= 4 w= 6
  0.189978	  0.355273	  0.272999	  0.181750	
  0.148093	  0.103216	  0.064323	  0.684368	
  0.171279	  0.000000	  0.000000	  0.828721	
  1.000000	  0.000000	  0.000000	  0.000000	
  0.000000	  0.000000	  0.000000	  1.000000	
  0.000000	  1.000000	  0.000000	  0.000000	
>letter-probability matrix GR: alength= 4 w= 15
  0.372881	  0.084746	  0.364407	  0.177966	
  0.090395	  0.022599	  0.751412	  0.135593	
  0.251412	  0.059322	  0.259887	  0.429379	
  0.884181	  0.000000	  0.033898	  0.081921	
  0.000000	  1.000000	  0.000000	  0.000000	
  0.607345	  0.000000	  0.220339	  0.172316	
  0.076271	  0.163842	  0.172316	  0.587571	
  0.093220	  0.265537	  0.084746	  0.556497	
  0.220339	  0.231638	  0.231638	  0.316384	
  0.084746	  0.146893	  0.033898	  0.734463	
  0.000000	  0.000000	  1.000000	  0.000000	
  0.036723	  0.005650	  0.022599	  0.935028	
  0.262712	  0.127119	  0.172316	  0.437853	
  0.087571	  0.737288	  0.000000	  0.175141	
  0.081921	  0.367232	  0.121469	  0.429379	
>letter-probability matrix Nfkb1: alength= 4 w= 13
  0.279000	  0.219000	  0.329000	  0.174000	
  0.028000	  0.035000	  0.909000	  0.029000	
  0.004000	  0.005000	  0.981000	  0.010000	
  0.015000	  0.011000	  0.649000	  0.325000	
  0.386000	  0.012000	  0.485000	  0.118000	
  0.303000	  0.307000	  0.188000	  0.202000	
  0.172000	  0.073000	  0.081000	  0.674000	
  0.059000	  0.200000	  0.136000	  0.606000	
  0.085000	  0.520000	  0.021000	  0.375000	
  0.180000	  0.776000	  0.007000	  0.037000	
  0.011000	  0.979000	  0.004000	  0.006000	
  0.069000	  0.834000	  0.053000	  0.045000	
  0.150000	  0.319000	  0.240000	  0.292000	
>letter-probability matrix PPARg_RXRa: alength= 4 w= 15
  0.567485	  0.036810	  0.092025	  0.303681	
  0.138037	  0.266871	  0.374233	  0.220859	
  0.119632	  0.131902	  0.193252	  0.555215	
  0.450920	  0.046012	  0.450920	  0.052147	
  0.042945	  0.015337	  0.736196	  0.205521	
  0.128834	  0.003067	  0.791411	  0.076687	
  0.098160	  0.177914	  0.260736	  0.463190	
  0.131902	  0.509202	  0.147239	  0.211656	
  0.889571	  0.024540	  0.070552	  0.015337	
  0.622699	  0.036810	  0.116564	  0.223926	
  0.776074	  0.030675	  0.159509	  0.033742	
  0.021472	  0.009202	  0.935583	  0.033742	
  0.003067	  0.000000	  0.855828	  0.141104	
  0.018405	  0.030675	  0.162577	  0.788344	
  0.067485	  0.573620	  0.138037	  0.220859	
>letter-probability matrix RARg: alength= 4 w= 15
  0.318000	  0.131000	  0.354000	  0.197000	
  0.560000	  0.114000	  0.286000	  0.040000	
  0.015000	  0.013000	  0.938000	  0.033000	
  0.015000	  0.008000	  0.846000	  0.130000	
  0.042000	  0.099000	  0.082000	  0.777000	
  0.028000	  0.824000	  0.087000	  0.061000	
  0.863000	  0.018000	  0.098000	  0.021000	
  0.446000	  0.216000	  0.145000	  0.193000	
  0.435000	  0.116000	  0.242000	  0.208000	
  0.577000	  0.124000	  0.252000	  0.047000	
  0.073000	  0.025000	  0.869000	  0.034000	
  0.013000	  0.017000	  0.680000	  0.290000	
  0.051000	  0.050000	  0.280000	  0.620000	
  0.039000	  0.593000	  0.140000	  0.228000	
  0.660000	  0.075000	  0.153000	  0.112000	
>letter-probability matrix RFX2: alength= 4 w= 15
  0.132000	  0.291000	  0.312000	  0.265000	
  0.061000	  0.001000	  0.933000	  0.004000	
  0.004000	  0.020000	  0.011000	  0.965000	
  0.123000	  0.115000	  0.023000	  0.739000	
  0.262000	  0.025000	  0.620000	  0.094000	
  0.006000	  0.765000	  0.027000	  0.201000	
  0.001000	  0.742000	  0.006000	  0.251000	
  0.793000	  0.041000	  0.048000	  0.118000	
  0.134000	  0.054000	  0.080000	  0.732000	
  0.195000	  0.011000	  0.792000	  0.001000	
  0.084000	  0.025000	  0.879000	  0.012000	
  0.231000	  0.301000	  0.083000	  0.385000	
  0.414000	  0.043000	  0.299000	  0.244000	
  0.730000	  0.101000	  0.090000	  0.080000	
  0.046000	  0.666000	  0.036000	  0.252000	
>letter-probability matrix RXRa: alength= 4 w= 15
  0.279000	  0.216000	  0.387000	  0.118000	
  0.481000	  0.038000	  0.457000	  0.024000	
  0.095000	  0.049000	  0.759000	  0.097000	
  0.044000	  0.046000	  0.676000	  0.234000	
  0.027000	  0.074000	  0.179000	  0.720000	
  0.100000	  0.517000	  0.177000	  0.206000	
  0.862000	  0.011000	  0.066000	  0.061000	
  0.696000	  0.067000	  0.162000	  0.075000	
  0.739000	  0.015000	  0.236000	  0.010000	
  0.076000	  0.021000	  0.869000	  0.033000	
  0.012000	  0.007000	  0.771000	  0.210000	
  0.022000	  0.018000	  0.228000	  0.732000	
  0.037000	  0.651000	  0.098000	  0.213000	
  0.643000	  0.085000	  0.219000	  0.053000	
  0.370000	  0.283000	  0.121000	  0.226000	
>letter-probability matrix SP4: alength= 4 w= 13
  0.365000	  0.181000	  0.157000	  0.297000	
  0.329000	  0.132000	  0.411000	  0.128000	
  0.174000	  0.007000	  0.387000	  0.432000	
  0.192000	  0.001000	  0.806000	  0.001000	
  0.001000	  0.001000	  0.996000	  0.001000	
  0.001000	  0.001000	  0.996000	  0.001000	
  0.069000	  0.873000	  0.003000	  0.055000	
  0.003000	  0.002000	  0.993000	  0.002000	
  0.001000	  0.002000	  0.468000	  0.529000	
  0.182000	  0.021000	  0.648000	  0.149000	
  0.188000	  0.149000	  0.446000	  0.217000	
  0.095000	  0.711000	  0.019000	  0.174000	
  0.222000	  0.356000	  0.092000	  0.330000	
>letter-probability matrix Smad4: alength= 4 w= 8
  0.088235	  0.250000	  0.080882	  0.580882	
  0.000000	  0.000000	  1.000000	  0.000000	
  0.000000	  0.000000	  0.000000	  1.000000	
  0.000000	  1.000000	  0.000000	  0.000000	
  0.000000	  0.000000	  0.000000	  1.000000	
  0.595588	  0.000000	  0.404412	  0.000000	
  0.000000	  0.000000	  1.000000	  0.000000	
  0.492647	  0.272059	  0.125000	  0.110294	
>letter-probability matrix TFE3: alength= 4 w= 8
  0.007130	  0.992870	  0.000000	  0.000000	
  0.718360	  0.055258	  0.052585	  0.173797	
  0.000000	  0.823529	  0.000000	  0.176471	
  0.130125	  0.033868	  0.836007	  0.000000	
  0.001783	  0.000000	  0.008913	  0.989305	
  0.000000	  0.000000	  1.000000	  0.000000	
  0.901070	  0.040107	  0.040107	  0.018717	
  0.006239	  0.567736	  0.039216	  0.386809	
>letter-probability matrix ZEB1: alength= 4 w= 8
  0.306000	  0.154000	  0.202000	  0.338000	
  0.001000	  0.504000	  0.001000	  0.495000	
  0.999000	  0.000000	  0.000000	  0.000000	
  0.000000	  0.999000	  0.000000	  0.000000	
  0.000000	  0.999000	  0.000000	  0.000000	
  0.000000	  0.000000	  0.001000	  0.999000	
  0.054000	  0.001000	  0.814000	  0.131000	
  0.181000	  0.199000	  0.256000	  0.365000	
