>YSTGGGTGGTCT	Gli2(Zf)/GM2-Gli2-ChIP-Chip(GSE112702)/Homer	8.367384	-58.971276	0	T:511.0(1.51%),B:1201.7(0.85%),P:1e-25
0.113	0.423	0.164	0.300
0.069	0.348	0.468	0.115
0.140	0.064	0.048	0.748
0.028	0.017	0.909	0.046
0.009	0.011	0.772	0.208
0.009	0.028	0.950	0.013
0.106	0.032	0.057	0.805
0.020	0.006	0.962	0.012
0.013	0.016	0.940	0.031
0.009	0.229	0.155	0.607
0.052	0.869	0.040	0.039
0.109	0.269	0.075	0.547
