>GCTGACGTGGCA	O2(bZIP)/Corn-O2-ChIP-Seq(GSE63991)/Homer	7.764090	-10.420236	0	T:276.0(0.82%),B:871.8(0.61%),P:1e-4
0.261	0.085	0.543	0.111
0.301	0.453	0.161	0.084
0.071	0.278	0.022	0.629
0.034	0.209	0.679	0.078
0.615	0.111	0.252	0.022
0.020	0.707	0.132	0.141
0.211	0.020	0.566	0.203
0.119	0.042	0.145	0.694
0.072	0.016	0.893	0.019
0.063	0.256	0.533	0.148
0.128	0.777	0.028	0.067
0.618	0.129	0.209	0.044
