<!DOCTYPE HTML>
<html>
  <head>
    <meta charset="UTF-8">
    <title>STREME</title>
    <script>
      // @JSON_VAR data
      var data = {
        "program": "streme",
        "version": "5.3.0",
        "release": "Wed Nov 25 19:19:29 2020 -0800",
        "cmd": ["streme", "--p", "T95R.fa", "--oc", "T95R", "--maxw", "21"],
        "options": {
          "strands": "both",
          "objfun": "Differential Enrichment",
          "test": "Binomial Test",
          "minw": 8,
          "maxw": 21,
          "kmer": 3,
          "hofract": 0.1,
          "neval": 25,
          "nref": 4,
          "niter": 20,
          "patience": 3,
          "seed": 0,
          "useer": false,
          "minscore": 0,
          "ignore_depth": 5,
          "nsubsets": 1,
          "min_pal_ratio": 0.85,
          "max_pal_ed": 5,
          "cand": false,
          "experimental": false,
          "totallength": 0,
          "stop": {
            "pvt": "0.05"
          }
        },
        "alphabet": {
          "name": "DNA",
          "like": "dna",
          "ncore": 4,
          "symbols": [
            {
              "symbol": "A",
              "name": "Adenine",
              "colour": "CC0000",
              "complement": "T"
            }, {
              "symbol": "C",
              "name": "Cytosine",
              "colour": "0000CC",
              "complement": "G"
            }, {
              "symbol": "G",
              "name": "Guanine",
              "colour": "FFB300",
              "complement": "C"
            }, {
              "symbol": "T",
              "aliases": "U",
              "name": "Thymine",
              "colour": "008000",
              "complement": "A"
            }, {
              "symbol": "N",
              "aliases": "X.",
              "name": "Any base",
              "equals": "ACGT"
            }, {
              "symbol": "V",
              "name": "Not T",
              "equals": "ACG"
            }, {
              "symbol": "H",
              "name": "Not G",
              "equals": "ACT"
            }, {
              "symbol": "D",
              "name": "Not C",
              "equals": "AGT"
            }, {
              "symbol": "B",
              "name": "Not A",
              "equals": "CGT"
            }, {
              "symbol": "M",
              "name": "Amino",
              "equals": "AC"
            }, {
              "symbol": "R",
              "name": "Purine",
              "equals": "AG"
            }, {
              "symbol": "W",
              "name": "Weak",
              "equals": "AT"
            }, {
              "symbol": "S",
              "name": "Strong",
              "equals": "CG"
            }, {
              "symbol": "Y",
              "name": "Pyrimidine",
              "equals": "CT"
            }, {
              "symbol": "K",
              "name": "Keto",
              "equals": "GT"
            }
          ]
        },
        "background": {
          "freqs": [0.292, 0.208, 0.208, 0.292]
        },
        "train_positives": {
          "file": "T95R.fa",
          "count": 38505,
          "positions": 15077761
        },
        "train_negatives": {
          "from": "shuffled",
          "count": 38505,
          "positions": 15073454
        },
        "test_positives": {
          "count": 4278,
          "positions": 1670485
        },
        "test_negatives": {
          "count": 4278,
          "positions": 1669950
        },
        "sequence_db": {},
        "motifs": [
          {
            "db": 0,
            "id": "1-ATGASTCAT",
            "alt": "STREME-1",
            "width": 9,
            "initial_width": 9,
            "seed": "TATGACTCA",
            "score_threshold": 9.16102,
            "train_pos_count": 16818,
            "train_neg_count": 5022,
            "train_log_pvalue": -1461.38,
            "train_pvalue": "4.1e-1462",
            "train_dtc": -1.0,
            "train_bernoulli": 0.500074,
            "test_pos_count": 1841,
            "test_neg_count": 592,
            "test_log_pvalue": -147.568,
            "test_pvalue": "2.7e-148",
            "test_dtc": -1.0,
            "test_bernoulli": 0.500074,
            "elapsed_time": 518.5,
            "len": 9,
            "nsites": 18659,
            "evalue": "2.7e-148",
            "pwm": [
              [0.607378, 0.163658, 0.135929, 0.0930346], 
              [6.8576e-06, 0.00109252, 4.87683e-06, 0.998896], 
              [6.8576e-06, 4.87683e-06, 0.823043, 0.176945], 
              [0.999983, 4.87683e-06, 4.87683e-06, 6.8576e-06], 
              [6.8576e-06, 0.499993, 0.499993, 6.8576e-06], 
              [6.8576e-06, 4.87683e-06, 4.87683e-06, 0.999983], 
              [0.176945, 0.823043, 4.87683e-06, 6.8576e-06], 
              [0.998896, 4.87683e-06, 0.00109252, 6.8576e-06], 
              [0.0930346, 0.135929, 0.163658, 0.607378]
            ]
          }, {
            "db": 0,
            "id": "2-CCAGCCTGGGCRACAKAGY",
            "alt": "STREME-2",
            "width": 19,
            "initial_width": 11,
            "seed": "CCAGCCTGGGCGACAAAGC",
            "score_threshold": 15.3065,
            "train_pos_count": 2259,
            "train_neg_count": 12,
            "train_log_pvalue": -651.909,
            "train_pvalue": "1.2e-652",
            "train_dtc": -1.0,
            "train_bernoulli": 0.500074,
            "test_pos_count": 245,
            "test_neg_count": 3,
            "test_log_pvalue": -68.2325,
            "test_pvalue": "5.9e-069",
            "test_dtc": -1.0,
            "test_bernoulli": 0.500074,
            "elapsed_time": 1159.6,
            "len": 19,
            "nsites": 2504,
            "evalue": "5.9e-069",
            "pwm": [
              [0.0137043, 0.91916, 0.020321, 0.0468148], 
              [0.00619924, 0.93417, 0.00133766, 0.058293], 
              [0.980089, 0.00442797, 0.0110501, 0.00443334], 
              [0.0282729, 0.00972564, 0.93108, 0.0309217], 
              [0.00708218, 0.945648, 0.00795975, 0.0393097], 
              [0.0101725, 0.946531, 0.011933, 0.0313632], 
              [0.0084066, 0.0132574, 0.00310355, 0.975232], 
              [0.0468148, 0.00663533, 0.942558, 0.00399187], 
              [0.0702128, 0.00575239, 0.91607, 0.00796513], 
              [0.0446074, 0.167331, 0.775681, 0.0123799], 
              [0.0212093, 0.678116, 0.0106086, 0.290066], 
              [0.573933, 0.0106086, 0.407493, 0.00796513], 
              [0.970376, 0.00310355, 0.0212039, 0.00531629], 
              [0.0114969, 0.923133, 0.0150233, 0.0503465], 
              [0.96861, 0.00663533, 0.0212039, 0.0035504], 
              [0.133343, 0.060495, 0.530222, 0.275939], 
              [0.678563, 0.00795975, 0.2958, 0.0176775], 
              [0.133343, 0.0141404, 0.844551, 0.00796513], 
              [0.0613834, 0.41279, 0.118769, 0.407057]
            ]
          }, {
            "db": 0,
            "id": "3-AAAVKGAAACT",
            "alt": "STREME-3",
            "width": 11,
            "initial_width": 8,
            "seed": "AAAAGGAAACA",
            "score_threshold": 10.4341,
            "train_pos_count": 9132,
            "train_neg_count": 3332,
            "train_log_pvalue": -610.83,
            "train_pvalue": "1.5e-611",
            "train_dtc": -1.0,
            "train_bernoulli": 0.500074,
            "test_pos_count": 1023,
            "test_neg_count": 382,
            "test_log_pvalue": -67.286,
            "test_pvalue": "5.2e-068",
            "test_dtc": -1.0,
            "test_bernoulli": 0.500074,
            "elapsed_time": 2885.0,
            "len": 11,
            "nsites": 10155,
            "evalue": "5.2e-068",
            "pwm": [
              [0.730502, 9.08413e-06, 0.269477, 1.27737e-05], 
              [0.731704, 9.08413e-06, 0.0460105, 0.222276], 
              [0.988888, 0.000640284, 0.0104585, 1.27737e-05], 
              [0.418866, 0.224286, 0.316492, 0.0403567], 
              [1.27737e-05, 0.12479, 0.354522, 0.520675], 
              [1.27737e-05, 9.08413e-06, 0.999965, 1.27737e-05], 
              [0.975561, 0.00256531, 0.021861, 1.27737e-05], 
              [0.837625, 9.08413e-06, 9.08413e-06, 0.162357], 
              [0.999969, 9.08413e-06, 9.08413e-06, 1.27737e-05], 
              [1.27737e-05, 0.779054, 0.22092, 1.27737e-05], 
              [0.0869656, 0.283076, 0.0235094, 0.606449]
            ]
          }, {
            "db": 0,
            "id": "4-AAAAAAAAAAAAAAAAAAA",
            "alt": "STREME-4",
            "width": 19,
            "initial_width": 19,
            "seed": "AAAAAAAAAAAAAAAAAAA",
            "score_threshold": 12.8991,
            "train_pos_count": 3664,
            "train_neg_count": 538,
            "train_log_pvalue": -568.121,
            "train_pvalue": "7.6e-569",
            "train_dtc": -1.0,
            "train_bernoulli": 0.500074,
            "test_pos_count": 385,
            "test_neg_count": 49,
            "test_log_pvalue": -65.3341,
            "test_pvalue": "4.6e-066",
            "test_dtc": -1.0,
            "test_bernoulli": 0.500074,
            "elapsed_time": 1862.3,
            "len": 19,
            "nsites": 4049,
            "evalue": "4.6e-066",
            "pwm": [
              [0.949132, 0.0508469, 8.59649e-06, 1.2088e-05], 
              [0.999971, 8.59649e-06, 8.59649e-06, 1.2088e-05], 
              [0.999971, 8.59649e-06, 8.59649e-06, 1.2088e-05], 
              [0.898745, 0.0372779, 0.0531909, 0.0107862], 
              [0.739328, 0.174958, 0.0857017, 1.2088e-05], 
              [0.823917, 0.0700463, 0.106025, 1.2088e-05], 
              [0.990781, 8.59649e-06, 8.59649e-06, 0.00920141], 
              [0.900967, 0.0581573, 0.0408631, 1.2088e-05], 
              [0.999397, 8.59649e-06, 0.000581971, 1.2088e-05], 
              [0.696196, 0.187258, 0.103715, 0.0128311], 
              [0.902842, 0.0971376, 8.59649e-06, 1.2088e-05], 
              [0.851962, 0.0439394, 0.104087, 1.2088e-05], 
              [0.999971, 8.59649e-06, 8.59649e-06, 1.2088e-05], 
              [0.8303, 0.11079, 0.0588983, 1.2088e-05], 
              [0.775707, 0.125634, 0.0771418, 0.0215166], 
              [0.703983, 0.0754602, 0.186397, 0.0341599], 
              [0.712595, 0.108043, 0.0976624, 0.0816996], 
              [0.737321, 0.10471, 0.102117, 0.0558513], 
              [0.870083, 0.114903, 8.59649e-06, 0.0150053]
            ]
          }, {
            "db": 0,
            "id": "5-RGYGCRGTGGCKCR",
            "alt": "STREME-5",
            "width": 14,
            "initial_width": 11,
            "seed": "AGTGCAGTGGCACA",
            "score_threshold": 14.0877,
            "train_pos_count": 2206,
            "train_neg_count": 77,
            "train_log_pvalue": -542.219,
            "train_pvalue": "6.0e-543",
            "train_dtc": -1.0,
            "train_bernoulli": 0.500074,
            "test_pos_count": 233,
            "test_neg_count": 8,
            "test_log_pvalue": -58.1173,
            "test_pvalue": "7.6e-059",
            "test_dtc": -1.0,
            "test_bernoulli": 0.500074,
            "elapsed_time": 3852.8,
            "len": 14,
            "nsites": 2439,
            "evalue": "7.6e-059",
            "pwm": [
              [0.491826, 0.00326095, 0.504893, 1.95586e-05], 
              [0.0241807, 1.39092e-05, 0.97393, 0.00187501], 
              [1.95586e-05, 0.364206, 0.0111466, 0.624628], 
              [0.201859, 1.39092e-05, 0.798107, 1.95586e-05], 
              [1.95586e-05, 0.774258, 1.39092e-05, 0.225708], 
              [0.629806, 0.00929116, 0.360883, 1.95586e-05], 
              [0.0897088, 1.39092e-05, 0.910258, 1.95586e-05], 
              [0.000483421, 0.0218155, 0.000477772, 0.977223], 
              [0.0139354, 0.00233322, 0.983712, 1.95586e-05], 
              [0.00373046, 1.39092e-05, 0.995308, 0.000947284], 
              [0.00465818, 0.809546, 1.39092e-05, 0.185782], 
              [0.220527, 0.00743571, 0.309458, 0.462579], 
              [0.00373046, 0.813294, 0.00206186, 0.180914], 
              [0.622985, 0.032921, 0.33155, 0.0125438]
            ]
          }, {
            "db": 0,
            "id": "6-AAACCACARH",
            "alt": "STREME-6",
            "width": 10,
            "initial_width": 8,
            "seed": "AAACCACAGT",
            "score_threshold": 9.89435,
            "train_pos_count": 8065,
            "train_neg_count": 3239,
            "train_log_pvalue": -463.643,
            "train_pvalue": "2.3e-464",
            "train_dtc": -1.0,
            "train_bernoulli": 0.500074,
            "test_pos_count": 905,
            "test_neg_count": 352,
            "test_log_pvalue": -56.0289,
            "test_pvalue": "9.4e-057",
            "test_dtc": -1.0,
            "test_bernoulli": 0.500074,
            "elapsed_time": 4323.4,
            "len": 10,
            "nsites": 8970,
            "evalue": "9.4e-057",
            "pwm": [
              [0.740167, 0.124583, 1.38248e-05, 0.135236], 
              [0.954293, 1.38248e-05, 0.0377356, 0.00795708], 
              [0.929417, 0.000539186, 0.0700241, 1.94398e-05], 
              [1.94398e-05, 0.999947, 1.38248e-05, 1.94398e-05], 
              [1.94398e-05, 0.996941, 0.00302038, 1.94398e-05], 
              [0.982868, 1.38248e-05, 0.0170985, 1.94398e-05], 
              [0.00691199, 0.993055, 1.38248e-05, 1.94398e-05], 
              [0.923132, 0.049363, 0.027486, 1.94398e-05], 
              [0.4975, 0.0318143, 0.377518, 0.093168], 
              [0.314515, 0.194587, 0.118167, 0.372731]
            ]
          }, {
            "db": 0,
            "id": "7-CCTGTAATCCCAGCAMTTTGG",
            "alt": "STREME-7",
            "width": 21,
            "initial_width": 14,
            "seed": "CCTGTAATCCCAGCGCTTTGG",
            "score_threshold": 14.399,
            "train_pos_count": 1834,
            "train_neg_count": 6,
            "train_log_pvalue": -537.048,
            "train_pvalue": "9.0e-538",
            "train_dtc": -1.0,
            "train_bernoulli": 0.500074,
            "test_pos_count": 197,
            "test_neg_count": 2,
            "test_log_pvalue": -55.5918,
            "test_pvalue": "2.6e-056",
            "test_dtc": -1.0,
            "test_bernoulli": 0.500074,
            "elapsed_time": 2446.9,
            "len": 21,
            "nsites": 2031,
            "evalue": "2.6e-056",
            "pwm": [
              [0.014214, 0.902238, 0.0120242, 0.0715239], 
              [0.00984757, 0.927345, 0.00656607, 0.0562413], 
              [0.0109392, 0.0185739, 0.00820349, 0.962283], 
              [0.0824401, 0.0114783, 0.897871, 0.00821014], 
              [0.00766433, 0.0213029, 0.00438283, 0.96665], 
              [0.93281, 0.0131158, 0.0458643, 0.00821014], 
              [0.802362, 0.00602026, 0.18832, 0.00329787], 
              [0.00438948, 0.0245778, 0.00438283, 0.96665], 
              [0.0163973, 0.921887, 0.00656607, 0.0551497], 
              [0.00711852, 0.910971, 0.00711188, 0.0747988], 
              [0.00875595, 0.90715, 0.00110798, 0.0829859], 
              [0.967196, 0.00492864, 0.0163906, 0.011485], 
              [0.0704323, 0.00929511, 0.9137, 0.00657272], 
              [0.0245844, 0.922433, 0.00820349, 0.0447793], 
              [0.647352, 0.0114783, 0.0196655, 0.321504], 
              [0.314955, 0.628242, 0.0163906, 0.0404128], 
              [0.00766433, 0.310036, 0.00929511, 0.673005], 
              [0.00493529, 0.0393146, 0.01257, 0.94318], 
              [0.0158515, 0.202511, 0.0223945, 0.759243], 
              [0.139204, 0.0207571, 0.823641, 0.0163973], 
              [0.06552, 0.00602026, 0.918612, 0.00984757]
            ]
          }, {
            "db": 0,
            "id": "8-AAGAGGAAGTGR",
            "alt": "STREME-8",
            "width": 12,
            "initial_width": 8,
            "seed": "AAGAGGAAGTGC",
            "score_threshold": 11.2375,
            "train_pos_count": 5786,
            "train_neg_count": 1988,
            "train_log_pvalue": -422.268,
            "train_pvalue": "5.4e-423",
            "train_dtc": -1.0,
            "train_bernoulli": 0.500074,
            "test_pos_count": 648,
            "test_neg_count": 215,
            "test_log_pvalue": -50.6845,
            "test_pvalue": "2.1e-051",
            "test_dtc": -1.0,
            "test_bernoulli": 0.500074,
            "elapsed_time": 4803.1,
            "len": 12,
            "nsites": 6434,
            "evalue": "2.1e-051",
            "pwm": [
              [0.710512, 0.0423423, 0.171227, 0.075918], 
              [0.609695, 0.0262002, 0.190694, 0.173411], 
              [0.0781985, 0.141891, 0.756982, 0.0229284], 
              [0.757427, 0.0414486, 0.194614, 0.00650975], 
              [1.06906e-05, 0.00430655, 0.995672, 1.06906e-05], 
              [1.06906e-05, 0.00117316, 0.998298, 0.000517778], 
              [0.999469, 7.60267e-06, 7.60267e-06, 0.000515732], 
              [0.963826, 0.0105703, 7.60267e-06, 0.025596], 
              [0.0997172, 0.117727, 0.780089, 0.00246668], 
              [0.10766, 0.136677, 0.0794389, 0.676224], 
              [0.201691, 0.0740599, 0.63307, 0.0911783], 
              [0.471119, 0.0935206, 0.42129, 0.0140703]
            ]
          }, {
            "db": 0,
            "id": "9-GAGGCYGAGGYRGGAG",
            "alt": "STREME-9",
            "width": 16,
            "initial_width": 11,
            "seed": "GAGGCTGAGGCAGGAG",
            "score_threshold": 14.4171,
            "train_pos_count": 2287,
            "train_neg_count": 129,
            "train_log_pvalue": -509.912,
            "train_pvalue": "1.2e-510",
            "train_dtc": -1.0,
            "train_bernoulli": 0.500074,
            "test_pos_count": 241,
            "test_neg_count": 23,
            "test_log_pvalue": -46.5571,
            "test_pvalue": "2.8e-047",
            "test_dtc": -1.0,
            "test_bernoulli": 0.500074,
            "elapsed_time": 3364.7,
            "len": 16,
            "nsites": 2528,
            "evalue": "2.8e-047",
            "pwm": [
              [0.0414777, 0.00774152, 0.948186, 0.00259432], 
              [0.962601, 0.0107471, 0.021052, 0.00559991], 
              [0.055192, 0.00301846, 0.937478, 0.0043118], 
              [0.0257802, 0.00344783, 0.968178, 0.00259432], 
              [0.00774675, 0.901447, 0.00602405, 0.0847821], 
              [0.0764459, 0.299032, 0.116801, 0.507721], 
              [0.159707, 0.00731215, 0.831675, 0.00130621], 
              [0.936409, 0.0244869, 0.0343624, 0.00474117], 
              [0.0496312, 0.00817089, 0.939604, 0.00259432], 
              [0.0419071, 0.0214813, 0.934017, 0.00259432], 
              [0.0154389, 0.560696, 0.021052, 0.402813], 
              [0.409993, 0.0189051, 0.380444, 0.190658], 
              [0.048071, 0.0163289, 0.919695, 0.0159048], 
              [0.0438138, 0.188255, 0.758038, 0.0098936], 
              [0.610518, 0.176913, 0.0412323, 0.171336], 
              [0.118739, 0.011784, 0.860442, 0.00903486]
            ]
          }, {
            "db": 0,
            "id": "10-AGACYCYGTCTC",
            "alt": "STREME-10",
            "width": 12,
            "initial_width": 12,
            "seed": "AGACTCTGTCTC",
            "score_threshold": 14.193,
            "train_pos_count": 1634,
            "train_neg_count": 71,
            "train_log_pvalue": -386.256,
            "train_pvalue": "5.5e-387",
            "train_dtc": -1.0,
            "train_bernoulli": 0.500074,
            "test_pos_count": 168,
            "test_neg_count": 7,
            "test_log_pvalue": -40.7044,
            "test_pvalue": "2.0e-041",
            "test_dtc": -1.0,
            "test_bernoulli": 0.500074,
            "elapsed_time": 5237.6,
            "len": 12,
            "nsites": 1802,
            "evalue": "2.0e-041",
            "pwm": [
              [0.989875, 0.00504748, 0.00504748, 3.02738e-05], 
              [0.314593, 2.15294e-05, 0.684339, 0.00104622], 
              [0.997635, 2.15294e-05, 0.00231366, 3.02738e-05], 
              [3.02738e-05, 0.978009, 2.15294e-05, 0.0219395], 
              [0.0146286, 0.435678, 0.00361149, 0.546082], 
              [3.02738e-05, 0.943351, 0.00648346, 0.0501349], 
              [3.02738e-05, 0.497011, 0.00791925, 0.49504], 
              [0.288391, 2.15294e-05, 0.711557, 3.02738e-05], 
              [3.02738e-05, 0.00530284, 2.15294e-05, 0.994645], 
              [3.02738e-05, 0.99753, 2.15294e-05, 0.0024177], 
              [3.02738e-05, 0.000739522, 0.00145751, 0.997773], 
              [0.00362024, 0.993318, 2.15294e-05, 0.00304039]
            ]
          }, {
            "db": 0,
            "id": "11-TCTYRAACTCCTGRSCTCAAG",
            "alt": "STREME-11",
            "width": 21,
            "initial_width": 19,
            "seed": "TCTCGAACTCCTGACCTCAAG",
            "score_threshold": 15.8405,
            "train_pos_count": 1212,
            "train_neg_count": 10,
            "train_log_pvalue": -343.482,
            "train_pvalue": "3.3e-344",
            "train_dtc": -1.0,
            "train_bernoulli": 0.500074,
            "test_pos_count": 119,
            "test_neg_count": 1,
            "test_log_pvalue": -34.0321,
            "test_pvalue": "9.3e-035",
            "test_dtc": -1.0,
            "test_bernoulli": 0.500074,
            "elapsed_time": 5922.3,
            "len": 21,
            "nsites": 1331,
            "evalue": "9.3e-035",
            "pwm": [
              [0.0170087, 0.178661, 0.0145739, 0.789756], 
              [0.00650059, 0.913418, 0.0145739, 0.0655074], 
              [0.0113505, 0.0178071, 0.00487412, 0.965968], 
              [0.0105422, 0.598984, 0.0452898, 0.345184], 
              [0.320934, 0.0630727, 0.593326, 0.0226669], 
              [0.966777, 0.0040658, 0.0250819, 0.00407565], 
              [0.814005, 0.0735807, 0.0242736, 0.0881402], 
              [0.0137754, 0.900485, 0.00891568, 0.0768238], 
              [0.0113505, 0.0242736, 0.00568243, 0.958693], 
              [0.0137754, 0.915843, 0.0121489, 0.0582326], 
              [0.0129671, 0.915035, 0.009724, 0.0622742], 
              [0.00892553, 0.0663059, 0.00487412, 0.919894], 
              [0.0881402, 0.0040658, 0.89806, 0.00973384], 
              [0.501188, 0.009724, 0.476121, 0.0129671], 
              [0.0461079, 0.55291, 0.362149, 0.0388331], 
              [0.00650059, 0.911801, 0.0105323, 0.0711656], 
              [0.00892553, 0.0113406, 0.0040658, 0.975668], 
              [0.00973384, 0.91261, 0.0178071, 0.0598493], 
              [0.865737, 0.0145739, 0.103488, 0.0162003], 
              [0.642643, 0.00568243, 0.21746, 0.134214], 
              [0.0776321, 0.0137656, 0.897252, 0.0113505]
            ]
          }, {
            "db": 0,
            "id": "12-CATTTTACAGATGAGRAAAC",
            "alt": "STREME-12",
            "width": 20,
            "initial_width": 9,
            "seed": "CATTTTACAGATGAGAAAAT",
            "score_threshold": 13.574,
            "train_pos_count": 1368,
            "train_neg_count": 128,
            "train_log_pvalue": -261.842,
            "train_pvalue": "1.4e-262",
            "train_dtc": -1.0,
            "train_bernoulli": 0.500074,
            "test_pos_count": 153,
            "test_neg_count": 12,
            "test_log_pvalue": -31.8731,
            "test_pvalue": "1.3e-032",
            "test_dtc": -1.0,
            "test_bernoulli": 0.500074,
            "elapsed_time": 7721.6,
            "len": 20,
            "nsites": 1521,
            "evalue": "1.3e-032",
            "pwm": [
              [0.0407978, 0.763469, 0.00817554, 0.187558], 
              [0.810916, 0.0674724, 0.0889675, 0.0326445], 
              [0.0222676, 0.140852, 0.0444949, 0.792385], 
              [0.0155967, 0.0430124, 0.0200349, 0.921356], 
              [0.0111494, 0.037824, 0.0296706, 0.921356], 
              [0.0244912, 0.112686, 0.0467185, 0.816104], 
              [0.834634, 0.0252234, 0.109721, 0.0304209], 
              [0.0222676, 0.793859, 0.0341179, 0.149756], 
              [0.912461, 0.013364, 0.023741, 0.0504336], 
              [0.212017, 0.0341179, 0.72122, 0.0326445], 
              [0.851682, 0.0363415, 0.083779, 0.0281973], 
              [0.0719287, 0.0444949, 0.0496833, 0.833893], 
              [0.160133, 0.0252234, 0.773105, 0.041539], 
              [0.840564, 0.0111404, 0.112686, 0.0356094], 
              [0.215724, 0.0170701, 0.728632, 0.0385742], 
              [0.312081, 0.0385652, 0.582614, 0.0667402], 
              [0.879107, 0.0370828, 0.0608015, 0.0230088], 
              [0.854647, 0.0467185, 0.069696, 0.0289385], 
              [0.826481, 0.0504245, 0.094156, 0.0289385], 
              [0.0860117, 0.641911, 0.0615427, 0.210535]
            ]
          }, {
            "db": 0,
            "id": "13-GGAAAGYCCC",
            "alt": "STREME-13",
            "width": 10,
            "initial_width": 10,
            "seed": "GGAAAGTCCC",
            "score_threshold": 11.8284,
            "train_pos_count": 3203,
            "train_neg_count": 1052,
            "train_log_pvalue": -248.909,
            "train_pvalue": "1.2e-249",
            "train_dtc": -1.0,
            "train_bernoulli": 0.500074,
            "test_pos_count": 359,
            "test_neg_count": 113,
            "test_log_pvalue": -30.4487,
            "test_pvalue": "3.6e-031",
            "test_dtc": -1.0,
            "test_bernoulli": 0.500074,
            "elapsed_time": 8918.4,
            "len": 10,
            "nsites": 3562,
            "evalue": "3.6e-031",
            "pwm": [
              [0.0501935, 2.59291e-05, 0.949744, 3.64605e-05], 
              [3.64605e-05, 0.00240286, 0.997524, 3.64605e-05], 
              [0.66065, 0.0351057, 0.288535, 0.0157089], 
              [0.989836, 0.0101015, 2.59291e-05, 3.64605e-05], 
              [0.987889, 0.00140831, 2.59291e-05, 0.0106769], 
              [0.158183, 0.140762, 0.496951, 0.204104], 
              [0.00937231, 0.356085, 0.00781337, 0.62673], 
              [0.21768, 0.782258, 2.59291e-05, 3.64605e-05], 
              [3.64605e-05, 0.999901, 2.59291e-05, 3.64605e-05], 
              [0.013702, 0.984458, 0.00180387, 3.64605e-05]
            ]
          }, {
            "db": 0,
            "id": "14-GAGRGRGAGRGAGARRRRGRR",
            "alt": "STREME-14",
            "width": 21,
            "initial_width": 20,
            "seed": "GAGAGAGAGAGAGAGAGAGAC",
            "score_threshold": 11.5152,
            "train_pos_count": 4413,
            "train_neg_count": 1721,
            "train_log_pvalue": -267.042,
            "train_pvalue": "9.1e-268",
            "train_dtc": -1.0,
            "train_bernoulli": 0.500074,
            "test_pos_count": 476,
            "test_neg_count": 189,
            "test_log_pvalue": -29.0267,
            "test_pvalue": "9.4e-030",
            "test_dtc": -1.0,
            "test_bernoulli": 0.500074,
            "elapsed_time": 7082.5,
            "len": 21,
            "nsites": 4889,
            "evalue": "9.4e-030",
            "pwm": [
              [9.41529e-06, 6.69575e-06, 0.999974, 9.41529e-06], 
              [0.841343, 0.0198803, 0.138768, 9.41529e-06], 
              [0.291823, 0.0542682, 0.6539, 9.41529e-06], 
              [0.510507, 0.0116182, 0.411323, 0.0665524], 
              [0.10362, 0.1176, 0.776091, 0.002689], 
              [0.604739, 0.0172007, 0.317761, 0.0603], 
              [0.281682, 0.0498023, 0.665381, 0.00313559], 
              [0.630865, 0.0565012, 0.284712, 0.0279217], 
              [0.280565, 0.0759282, 0.629876, 0.0136306], 
              [0.553925, 0.0116182, 0.414449, 0.0200079], 
              [0.246084, 0.0850834, 0.665473, 0.00335889], 
              [0.628316, 0.00782214, 0.291951, 0.0719115], 
              [0.246531, 0.0305986, 0.70857, 0.0143005], 
              [0.6205, 0.0803942, 0.284358, 0.0147471], 
              [0.334473, 0.0853067, 0.517464, 0.0627563], 
              [0.509614, 0.0424334, 0.397701, 0.0502516], 
              [0.294633, 0.112996, 0.572712, 0.0196597], 
              [0.551147, 0.0520353, 0.349022, 0.0477953], 
              [0.257658, 0.0328316, 0.669531, 0.0399799], 
              [0.479152, 0.0935688, 0.40494, 0.0223393], 
              [0.382909, 0.11827, 0.432715, 0.0661058]
            ]
          }, {
            "db": 0,
            "id": "15-ACACACACACACACACACACA",
            "alt": "STREME-15",
            "width": 21,
            "initial_width": 21,
            "seed": "ACACACACACACACACACACA",
            "score_threshold": 14.4129,
            "train_pos_count": 1117,
            "train_neg_count": 74,
            "train_log_pvalue": -239.338,
            "train_pvalue": "4.6e-240",
            "train_dtc": -1.0,
            "train_bernoulli": 0.500074,
            "test_pos_count": 118,
            "test_neg_count": 6,
            "test_log_pvalue": -27.6474,
            "test_pvalue": "2.3e-028",
            "test_dtc": -1.0,
            "test_bernoulli": 0.500074,
            "elapsed_time": 6496.6,
            "len": 21,
            "nsites": 1235,
            "evalue": "2.3e-028",
            "pwm": [
              [0.79796, 0.0529824, 0.107733, 0.0413251], 
              [0.0341447, 0.862572, 0.0152853, 0.0879977], 
              [0.935285, 0.00900241, 0.055675, 3.78448e-05], 
              [0.0323496, 0.841929, 2.69136e-05, 0.125695], 
              [0.8931, 0.045802, 0.0583677, 0.00273049], 
              [0.00542314, 0.873343, 0.0242608, 0.0969732], 
              [0.878739, 0.000924463, 0.0861917, 0.0341447], 
              [0.0314521, 0.857187, 2.69136e-05, 0.111334], 
              [0.906563, 0.0314412, 0.0547775, 0.00721824], 
              [0.00452559, 0.806027, 0.0251583, 0.164289], 
              [0.858095, 0.00361711, 0.110426, 0.0278619], 
              [0.0260668, 0.794358, 0.0682407, 0.111334], 
              [0.905666, 0.0188755, 0.0413142, 0.0341447], 
              [0.0179888, 0.829363, 0.00810486, 0.144543], 
              [0.871559, 0.0233632, 0.0951672, 0.00991089], 
              [0.0619688, 0.808719, 0.0287485, 0.100563], 
              [0.888612, 0.0305436, 0.055675, 0.0251692], 
              [0.0341447, 0.807822, 0.0215681, 0.136465], 
              [0.8563, 0.0691382, 0.0431093, 0.0314521], 
              [0.0556859, 0.862572, 0.0251583, 0.0565835], 
              [0.820398, 0.0583677, 0.055675, 0.065559]
            ]
          }, {
            "db": 0,
            "id": "16-TCAAAAKGAGA",
            "alt": "STREME-16",
            "width": 11,
            "initial_width": 9,
            "seed": "TCAAAATGAGA",
            "score_threshold": 11.3948,
            "train_pos_count": 3631,
            "train_neg_count": 1616,
            "train_log_pvalue": -173.967,
            "train_pvalue": "1.1e-174",
            "train_dtc": -1.0,
            "train_bernoulli": 0.500074,
            "test_pos_count": 417,
            "test_neg_count": 159,
            "test_log_pvalue": -27.2137,
            "test_pvalue": "6.1e-028",
            "test_dtc": -1.0,
            "test_bernoulli": 0.500074,
            "elapsed_time": 11972.6,
            "len": 11,
            "nsites": 4048,
            "evalue": "6.1e-028",
            "pwm": [
              [3.77434e-05, 2.68414e-05, 2.68414e-05, 0.999909], 
              [0.0320393, 0.967896, 2.68414e-05, 3.77434e-05], 
              [0.966591, 2.68414e-05, 0.0333445, 3.77434e-05], 
              [0.632169, 0.0158123, 0.142683, 0.209336], 
              [0.918491, 2.68414e-05, 0.0814445, 3.77434e-05], 
              [0.693566, 0.0301282, 0.230691, 0.045615], 
              [3.77434e-05, 0.0474288, 0.623074, 0.32946], 
              [0.148839, 2.68414e-05, 0.828039, 0.0230956], 
              [0.958587, 0.0413482, 2.68414e-05, 3.77434e-05], 
              [0.121225, 0.119795, 0.659738, 0.0992421], 
              [0.999909, 2.68414e-05, 2.68414e-05, 3.77434e-05]
            ]
          }, {
            "db": 0,
            "id": "17-ATCTYGGCTCA",
            "alt": "STREME-17",
            "width": 11,
            "initial_width": 11,
            "seed": "ATCTCGGCTCA",
            "score_threshold": 14.3566,
            "train_pos_count": 1030,
            "train_neg_count": 91,
            "train_log_pvalue": -201.602,
            "train_pvalue": "2.5e-202",
            "train_dtc": -1.0,
            "train_bernoulli": 0.500074,
            "test_pos_count": 113,
            "test_neg_count": 9,
            "test_log_pvalue": -23.5966,
            "test_pvalue": "2.5e-024",
            "test_dtc": -1.0,
            "test_bernoulli": 0.500074,
            "elapsed_time": 8521.2,
            "len": 11,
            "nsites": 1143,
            "evalue": "2.5e-024",
            "pwm": [
              [0.980247, 3.86259e-05, 0.0196599, 5.43142e-05], 
              [5.43142e-05, 0.00788696, 3.86259e-05, 0.99202], 
              [5.43142e-05, 0.99574, 0.00415092, 5.43142e-05], 
              [0.127356, 3.86259e-05, 0.00331093, 0.869294], 
              [5.43142e-05, 0.65535, 3.86259e-05, 0.344557], 
              [0.326477, 3.86259e-05, 0.67343, 5.43142e-05], 
              [0.00865038, 3.86259e-05, 0.991257, 5.43142e-05], 
              [5.43142e-05, 0.987256, 3.86259e-05, 0.0126506], 
              [5.43142e-05, 0.00433216, 3.86259e-05, 0.995575], 
              [0.00316499, 0.996742, 3.86259e-05, 5.43142e-05], 
              [0.980069, 0.00261492, 0.0172615, 5.43142e-05]
            ]
          }, {
            "db": 0,
            "id": "18-AWATGACT",
            "alt": "STREME-18",
            "width": 8,
            "initial_width": 8,
            "seed": "AAATGACT",
            "score_threshold": 10.773,
            "train_pos_count": 7801,
            "train_neg_count": 4457,
            "train_log_pvalue": -202.171,
            "train_pvalue": "6.7e-203",
            "train_dtc": -1.0,
            "train_bernoulli": 0.500074,
            "test_pos_count": 854,
            "test_neg_count": 488,
            "test_log_pvalue": -23.2065,
            "test_pvalue": "6.2e-024",
            "test_dtc": -1.0,
            "test_bernoulli": 0.500074,
            "elapsed_time": 8121.1,
            "len": 8,
            "nsites": 8655,
            "evalue": "6.2e-024",
            "pwm": [
              [0.594626, 0.0599888, 0.179296, 0.16609], 
              [0.519997, 3.31294e-05, 0.205366, 0.274605], 
              [0.999887, 3.31294e-05, 3.31294e-05, 4.65853e-05], 
              [4.65853e-05, 3.31294e-05, 3.31294e-05, 0.999887], 
              [4.65853e-05, 3.31294e-05, 0.999874, 4.65853e-05], 
              [0.999887, 3.31294e-05, 3.31294e-05, 4.65853e-05], 
              [4.65853e-05, 0.999874, 3.31294e-05, 4.65853e-05], 
              [4.65853e-05, 3.31294e-05, 3.31294e-05, 0.999887]
            ]
          }, {
            "db": 0,
            "id": "19-TATTWTTADTA",
            "alt": "STREME-19",
            "width": 11,
            "initial_width": 10,
            "seed": "TATTTTTAAAA",
            "score_threshold": 11.0434,
            "train_pos_count": 3915,
            "train_neg_count": 1740,
            "train_log_pvalue": -187.964,
            "train_pvalue": "1.1e-188",
            "train_dtc": -1.0,
            "train_bernoulli": 0.500074,
            "test_pos_count": 426,
            "test_neg_count": 192,
            "test_log_pvalue": -20.9141,
            "test_pvalue": "1.2e-021",
            "test_dtc": -1.0,
            "test_bernoulli": 0.500074,
            "elapsed_time": 9776.1,
            "len": 11,
            "nsites": 4341,
            "evalue": "1.2e-021",
            "pwm": [
              [0.00313725, 0.0187192, 0.00948059, 0.968663], 
              [0.9999, 2.94962e-05, 2.94962e-05, 4.14764e-05], 
              [0.0397386, 0.00241887, 0.00370182, 0.954141], 
              [4.14764e-05, 2.94962e-05, 2.94962e-05, 0.9999], 
              [0.476968, 0.00273768, 0.0135307, 0.506763], 
              [0.0476035, 0.0737017, 0.0207955, 0.857899], 
              [0.00293168, 2.94962e-05, 2.94962e-05, 0.997009], 
              [0.997924, 2.94962e-05, 2.94962e-05, 0.00201658], 
              [0.299356, 0.0257845, 0.443319, 0.23154], 
              [0.241755, 0.0540106, 2.94962e-05, 0.704205], 
              [0.854768, 0.00530273, 0.00420786, 0.135721]
            ]
          }, {
            "db": 0,
            "id": "20-AAATGAWTCA",
            "alt": "STREME-20",
            "width": 10,
            "initial_width": 10,
            "seed": "AAATGAATCA",
            "score_threshold": 12.473,
            "train_pos_count": 3198,
            "train_neg_count": 1351,
            "train_log_pvalue": -169.175,
            "train_pvalue": "6.7e-170",
            "train_dtc": -1.0,
            "train_bernoulli": 0.500074,
            "test_pos_count": 373,
            "test_neg_count": 160,
            "test_log_pvalue": -20.1782,
            "test_pvalue": "6.6e-021",
            "test_dtc": -1.0,
            "test_bernoulli": 0.500074,
            "elapsed_time": 10554.0,
            "len": 10,
            "nsites": 3571,
            "evalue": "6.6e-021",
            "pwm": [
              [0.790719, 4.44992e-05, 0.209174, 6.2573e-05], 
              [0.66239, 4.44992e-05, 0.133528, 0.204037], 
              [0.948579, 4.44992e-05, 4.44992e-05, 0.0513316], 
              [6.2573e-05, 4.44992e-05, 4.44992e-05, 0.999848], 
              [6.2573e-05, 4.44992e-05, 0.99983, 6.2573e-05], 
              [0.999848, 4.44992e-05, 4.44992e-05, 6.2573e-05], 
              [0.648721, 4.44992e-05, 4.44992e-05, 0.35119], 
              [6.2573e-05, 4.44992e-05, 4.44992e-05, 0.999848], 
              [0.30232, 0.697573, 4.44992e-05, 6.2573e-05], 
              [0.999848, 4.44992e-05, 4.44992e-05, 6.2573e-05]
            ]
          }, {
            "db": 0,
            "id": "21-AATCGCTTGAACCYRG",
            "alt": "STREME-21",
            "width": 16,
            "initial_width": 12,
            "seed": "AATCGCTTGAACCCAG",
            "score_threshold": 15.2435,
            "train_pos_count": 774,
            "train_neg_count": 16,
            "train_log_pvalue": -204.781,
            "train_pvalue": "1.7e-205",
            "train_dtc": -1.0,
            "train_bernoulli": 0.500074,
            "test_pos_count": 79,
            "test_neg_count": 3,
            "test_log_pvalue": -19.7153,
            "test_pvalue": "1.9e-020",
            "test_dtc": -1.0,
            "test_bernoulli": 0.500074,
            "elapsed_time": 9371.4,
            "len": 16,
            "nsites": 853,
            "evalue": "1.9e-020",
            "pwm": [
              [0.785924, 0.00656177, 0.207459, 5.5005e-05], 
              [0.989431, 0.00264818, 0.0078663, 5.5005e-05], 
              [0.00135954, 0.0300433, 0.00134365, 0.967253], 
              [0.022232, 0.620996, 0.0509158, 0.305857], 
              [0.304011, 0.0209116, 0.655455, 0.019623], 
              [0.00135954, 0.965933, 0.00395271, 0.0287547], 
              [0.0170139, 0.0326524, 0.0261297, 0.924204], 
              [0.00135954, 0.00525724, 0.0078663, 0.985517], 
              [0.0117958, 0.00656177, 0.972456, 0.00918672], 
              [0.985517, 0.00395271, 0.00525724, 0.00527313], 
              [0.75592, 0.0117799, 0.227027, 0.00527313], 
              [0.0209275, 0.911143, 0.0261297, 0.0418], 
              [0.0157094, 0.919733, 0.00656177, 0.0579957], 
              [0.022232, 0.622842, 0.014389, 0.340537], 
              [0.396632, 0.0104754, 0.563596, 0.029296], 
              [0.0339728, 0.00525724, 0.951583, 0.00918672]
            ]
          }, {
            "db": 0,
            "id": "22-CCCCACCCCCA",
            "alt": "STREME-22",
            "width": 11,
            "initial_width": 11,
            "seed": "CCCCACCCCCA",
            "score_threshold": 11.5349,
            "train_pos_count": 3506,
            "train_neg_count": 1545,
