<!DOCTYPE HTML>
<html>
  <head>
    <meta charset="UTF-8">
    <title>STREME</title>
    <script>
      // @JSON_VAR data
      var data = {
        "program": "streme",
        "version": "5.3.0",
        "release": "Wed Nov 25 19:19:29 2020 -0800",
        "cmd": [
          "streme", "--p",
          "/mnt/md1/home/oriol//CAM/resources/IRF4/ChIP-seq/T95R.fa", "--oc",
          "T95R", "--maxw", "19"
        ],
        "options": {
          "strands": "both",
          "objfun": "Differential Enrichment",
          "test": "Fisher Exact Test",
          "minw": 8,
          "maxw": 19,
          "kmer": 3,
          "hofract": 0.1,
          "neval": 25,
          "nref": 4,
          "niter": 20,
          "patience": 3,
          "seed": 0,
          "useer": false,
          "minscore": 0,
          "ignore_depth": 5,
          "nsubsets": 1,
          "min_pal_ratio": 0.85,
          "max_pal_ed": 5,
          "cand": false,
          "experimental": false,
          "totallength": 0,
          "stop": {
            "pvt": "0.05"
          }
        },
        "alphabet": {
          "name": "DNA",
          "like": "dna",
          "ncore": 4,
          "symbols": [
            {
              "symbol": "A",
              "name": "Adenine",
              "colour": "CC0000",
              "complement": "T"
            }, {
              "symbol": "C",
              "name": "Cytosine",
              "colour": "0000CC",
              "complement": "G"
            }, {
              "symbol": "G",
              "name": "Guanine",
              "colour": "FFB300",
              "complement": "C"
            }, {
              "symbol": "T",
              "aliases": "U",
              "name": "Thymine",
              "colour": "008000",
              "complement": "A"
            }, {
              "symbol": "N",
              "aliases": "X.",
              "name": "Any base",
              "equals": "ACGT"
            }, {
              "symbol": "V",
              "name": "Not T",
              "equals": "ACG"
            }, {
              "symbol": "H",
              "name": "Not G",
              "equals": "ACT"
            }, {
              "symbol": "D",
              "name": "Not C",
              "equals": "AGT"
            }, {
              "symbol": "B",
              "name": "Not A",
              "equals": "CGT"
            }, {
              "symbol": "M",
              "name": "Amino",
              "equals": "AC"
            }, {
              "symbol": "R",
              "name": "Purine",
              "equals": "AG"
            }, {
              "symbol": "W",
              "name": "Weak",
              "equals": "AT"
            }, {
              "symbol": "S",
              "name": "Strong",
              "equals": "CG"
            }, {
              "symbol": "Y",
              "name": "Pyrimidine",
              "equals": "CT"
            }, {
              "symbol": "K",
              "name": "Keto",
              "equals": "GT"
            }
          ]
        },
        "background": {
          "freqs": [0.292, 0.208, 0.208, 0.292]
        },
        "train_positives": {
          "file": "/mnt/md1/home/oriol//CAM/resources/IRF4/ChIP-seq/T95R.fa",
          "count": 38505,
          "positions": 7778009
        },
        "train_negatives": {
          "from": "shuffled",
          "count": 38505,
          "positions": 7778009
        },
        "test_positives": {
          "count": 4278,
          "positions": 864155
        },
        "test_negatives": {
          "count": 4278,
          "positions": 864155
        },
        "sequence_db": {},
        "motifs": [
          {
            "db": 0,
            "id": "1-TGAGTCATAWKGA",
            "alt": "STREME-1",
            "width": 13,
            "initial_width": 10,
            "seed": "TGAGTCATAAGGA",
            "score_threshold": 8.38117,
            "train_pos_count": 17951,
            "train_neg_count": 4770,
            "train_log_pvalue": -2472.93,
            "train_pvalue": "1.2e-2473",
            "train_dtc": -1.0,
            "train_bernoulli": -1,
            "test_pos_count": 2005,
            "test_neg_count": 526,
            "test_log_pvalue": -281.346,
            "test_pvalue": "4.5e-282",
            "test_dtc": -1.0,
            "test_bernoulli": -1,
            "elapsed_time": 2845.0,
            "len": 13,
            "nsites": 19956,
            "evalue": "4.5e-282",
            "pwm": [
              [0.0258704, 0.0212283, 0.0112713, 0.94163], 
              [0.00986685, 0.0129696, 0.733174, 0.24399], 
              [0.980332, 0.00145386, 0.00530999, 0.0129041], 
              [0.033015, 0.24799, 0.660717, 0.0582772], 
              [0.00105226, 0.00013397, 0.000415785, 0.998398], 
              [0.203526, 0.788683, 0.00752452, 0.000266759], 
              [0.998157, 1.97942e-06, 0.00183861, 2.78108e-06], 
              [0.139259, 0.0499323, 0.133797, 0.677012], 
              [0.530987, 0.17656, 0.038677, 0.253775], 
              [0.399268, 0.123823, 0.154447, 0.322461], 
              [0.176578, 0.113317, 0.405869, 0.304236], 
              [0.183282, 0.111964, 0.50957, 0.195184], 
              [0.489254, 0.1469, 0.179477, 0.18437]
            ]
          }, {
            "db": 0,
            "id": "2-AAARDGRAASTR",
            "alt": "STREME-2",
            "width": 12,
            "initial_width": 9,
            "seed": "AAAGAGGAACTG",
            "score_threshold": 8.7205,
            "train_pos_count": 13820,
            "train_neg_count": 6149,
            "train_log_pvalue": -883.289,
            "train_pvalue": "5.1e-884",
            "train_dtc": -1.0,
            "train_bernoulli": -1,
            "test_pos_count": 1501,
            "test_neg_count": 716,
            "test_log_pvalue": -84.3218,
            "test_pvalue": "4.8e-085",
            "test_dtc": -1.0,
            "test_bernoulli": -1,
            "elapsed_time": 5612.5,
            "len": 12,
            "nsites": 15321,
            "evalue": "4.8e-085",
            "pwm": [
              [0.737532, 0.0156935, 0.246769, 5.66261e-06], 
              [0.747288, 4.03032e-06, 0.134307, 0.1184], 
              [0.824692, 4.03032e-06, 0.0886863, 0.0866173], 
              [0.312502, 0.173427, 0.455611, 0.0584599], 
              [0.376697, 0.0833186, 0.326097, 0.213887], 
              [5.66261e-06, 4.03032e-06, 0.999985, 5.66261e-06], 
              [0.595409, 4.03032e-06, 0.404582, 5.66261e-06], 
              [0.999986, 4.03032e-06, 4.03032e-06, 5.66261e-06], 
              [0.999986, 4.03032e-06, 4.03032e-06, 5.66261e-06], 
              [5.66261e-06, 0.460477, 0.539512, 5.66261e-06], 
              [0.138732, 0.213475, 0.0745512, 0.573242], 
              [0.395162, 0.133452, 0.410306, 0.061079]
            ]
          }, {
            "db": 0,
            "id": "3-AAACCACAR",
            "alt": "STREME-3",
            "width": 9,
            "initial_width": 9,
            "seed": "AAACCACAA",
            "score_threshold": 8.11233,
            "train_pos_count": 11005,
            "train_neg_count": 4898,
            "train_log_pvalue": -657.237,
            "train_pvalue": "5.8e-658",
            "train_dtc": -1.0,
            "train_bernoulli": -1,
            "test_pos_count": 1236,
            "test_neg_count": 548,
            "test_log_pvalue": -75.7815,
            "test_pvalue": "1.7e-076",
            "test_dtc": -1.0,
            "test_bernoulli": -1,
            "elapsed_time": 7368.6,
            "len": 9,
            "nsites": 12241,
            "evalue": "1.7e-076",
            "pwm": [
              [0.665023, 0.137849, 0.00892268, 0.188205], 
              [0.888876, 0.000788482, 0.063168, 0.0471677], 
              [0.89996, 0.0261583, 0.0738653, 1.64676e-05], 
              [1.64676e-05, 0.999955, 1.17207e-05, 1.64676e-05], 
              [0.00397986, 0.994046, 0.00195803, 1.64676e-05], 
              [0.915282, 0.0240042, 0.0386225, 0.0220917], 
              [1.64676e-05, 0.999955, 1.17207e-05, 1.64676e-05], 
              [0.873986, 0.0613476, 0.0299225, 0.0347443], 
              [0.532736, 0.0422776, 0.346006, 0.0789807]
            ]
          }, {
            "db": 0,
            "id": "4-TCAWAAKGAKAV",
            "alt": "STREME-4",
            "width": 12,
            "initial_width": 11,
            "seed": "TCAAAAGGAGAG",
            "score_threshold": 10.1232,
            "train_pos_count": 5102,
            "train_neg_count": 2009,
            "train_log_pvalue": -333.616,
            "train_pvalue": "2.4e-334",
            "train_dtc": -1.0,
            "train_bernoulli": -1,
            "test_pos_count": 541,
            "test_neg_count": 211,
            "test_log_pvalue": -36.8514,
            "test_pvalue": "1.4e-037",
            "test_dtc": -1.0,
            "test_bernoulli": -1,
            "elapsed_time": 9537.1,
            "len": 12,
            "nsites": 5643,
            "evalue": "1.4e-037",
            "pwm": [
              [1.37748e-05, 9.80411e-06, 9.80411e-06, 0.999967], 
              [0.328302, 0.671674, 9.80411e-06, 1.37748e-05], 
              [0.982067, 9.80411e-06, 0.0179097, 1.37748e-05], 
              [0.438965, 9.80411e-06, 0.158772, 0.402253], 
              [0.969487, 9.80411e-06, 9.80411e-06, 0.0304931], 
              [0.6577, 0.0738706, 0.184815, 0.0836141], 
              [1.37748e-05, 0.032854, 0.553677, 0.413455], 
              [0.22732, 0.0435325, 0.671522, 0.0576253], 
              [0.897888, 0.0963381, 9.80411e-06, 0.00576416], 
              [0.177552, 0.0592907, 0.440665, 0.322493], 
              [0.999967, 9.80411e-06, 9.80411e-06, 1.37748e-05], 
              [0.284903, 0.395653, 0.206714, 0.112729]
            ]
          }, {
            "db": 0,
            "id": "5-GGAAADYCCC",
            "alt": "STREME-5",
            "width": 10,
            "initial_width": 9,
            "seed": "GGAAATCCCT",
            "score_threshold": 11.6208,
            "train_pos_count": 2660,
            "train_neg_count": 789,
            "train_log_pvalue": -244.7,
            "train_pvalue": "2.0e-245",
            "train_dtc": -1.0,
            "train_bernoulli": -1,
            "test_pos_count": 324,
            "test_neg_count": 82,
            "test_log_pvalue": -36.246,
            "test_pvalue": "5.7e-037",
            "test_dtc": -1.0,
            "test_bernoulli": -1,
            "elapsed_time": 9777.0,
            "len": 10,
            "nsites": 2984,
            "evalue": "5.7e-037",
            "pwm": [
              [3.92534e-05, 0.0212339, 0.978688, 3.92534e-05], 
              [3.92534e-05, 2.79383e-05, 0.999894, 3.92534e-05], 
              [0.681328, 0.0376517, 0.280981, 3.92534e-05], 
              [0.999905, 2.79383e-05, 2.79383e-05, 3.92534e-05], 
              [0.885335, 2.79383e-05, 2.79383e-05, 0.114609], 
              [0.194681, 0.161524, 0.328215, 0.31558], 
              [0.161339, 0.35679, 2.79383e-05, 0.481843], 
              [0.202873, 0.79706, 2.79383e-05, 3.92534e-05], 
              [3.92534e-05, 0.999894, 2.79383e-05, 3.92534e-05], 
              [3.92534e-05, 0.999894, 2.79383e-05, 3.92534e-05]
            ]
          }, {
            "db": 0,
            "id": "6-AGTCATTTC",
            "alt": "STREME-6",
            "width": 9,
            "initial_width": 9,
            "seed": "AGTCATTTC",
            "score_threshold": 8.49317,
            "train_pos_count": 8269,
            "train_neg_count": 4909,
            "train_log_pvalue": -228.294,
            "train_pvalue": "5.1e-229",
            "train_dtc": -1.0,
            "train_bernoulli": -1,
            "test_pos_count": 959,
            "test_neg_count": 539,
            "test_log_pvalue": -32.6745,
            "test_pvalue": "2.1e-033",
            "test_dtc": -1.0,
            "test_bernoulli": -1,
            "elapsed_time": 7715.1,
            "len": 9,
            "nsites": 9228,
            "evalue": "2.1e-033",
            "pwm": [
              [0.796588, 0.0310939, 2.82874e-05, 0.17229], 
              [0.0686845, 0.132625, 0.741446, 0.0572446], 
              [0.0171057, 2.82874e-05, 2.82874e-05, 0.982838], 
              [0.0134718, 0.98646, 2.82874e-05, 3.97438e-05], 
              [0.992382, 2.82874e-05, 0.00754968, 3.97438e-05], 
              [3.97438e-05, 0.0600219, 2.82874e-05, 0.93991], 
              [0.121805, 0.149086, 2.82874e-05, 0.729081], 
              [0.00839337, 0.00247062, 0.00113338, 0.988003], 
              [0.0874222, 0.564298, 0.251325, 0.0969549]
            ]
          }, {
            "db": 0,
            "id": "7-CAAAAAAAAAAAAAAA",
            "alt": "STREME-7",
            "width": 16,
            "initial_width": 13,
            "seed": "CAAAAAAAAAAAAAAA",
            "score_threshold": 13.9483,
            "train_pos_count": 1213,
            "train_neg_count": 196,
            "train_log_pvalue": -181.747,
            "train_pvalue": "1.8e-182",
            "train_dtc": -1.0,
            "train_bernoulli": -1,
            "test_pos_count": 128,
            "test_neg_count": 19,
            "test_log_pvalue": -20.9218,
            "test_pvalue": "1.2e-021",
            "test_dtc": -1.0,
            "test_bernoulli": -1,
            "elapsed_time": 8024.1,
            "len": 16,
            "nsites": 1341,
            "evalue": "1.2e-021",
            "pwm": [
              [0.211646, 0.587186, 3.324e-05, 0.201135], 
              [0.999887, 3.324e-05, 3.324e-05, 4.67022e-05], 
              [0.999887, 3.324e-05, 3.324e-05, 4.67022e-05], 
              [0.981979, 3.324e-05, 0.0179407, 4.67022e-05], 
              [0.999887, 3.324e-05, 3.324e-05, 4.67022e-05], 
              [0.792737, 0.178387, 0.0288291, 4.67022e-05], 
              [0.854849, 0.0989345, 0.0461698, 4.67022e-05], 
              [0.961109, 0.00190621, 0.0369377, 4.67022e-05], 
              [0.988098, 3.324e-05, 0.0118224, 4.67022e-05], 
              [0.99767, 3.324e-05, 0.00224977, 4.67022e-05], 
              [0.833703, 0.166217, 3.324e-05, 4.67022e-05], 
              [0.89651, 0.10341, 3.324e-05, 4.67022e-05], 
              [0.928418, 0.0647108, 0.00682489, 4.67022e-05], 
              [0.966526, 0.0147938, 0.0186334, 4.67022e-05], 
              [0.922281, 0.0319324, 0.0457395, 4.67022e-05], 
              [0.860497, 0.0423404, 0.0622045, 0.0349582]
            ]
          }, {
            "db": 0,
            "id": "8-CCCCCACCCCC",
            "alt": "STREME-8",
            "width": 11,
            "initial_width": 9,
            "seed": "CCCCCACCCCC",
            "score_threshold": 10.3453,
            "train_pos_count": 3561,
            "train_neg_count": 1727,
            "train_log_pvalue": -152.866,
            "train_pvalue": "1.4e-153",
            "train_dtc": -1.0,
            "train_bernoulli": -1,
            "test_pos_count": 379,
            "test_neg_count": 184,
            "test_log_pvalue": -17.1726,
            "test_pvalue": "6.7e-018",
            "test_dtc": -1.0,
            "test_bernoulli": -1,
            "elapsed_time": 8751.7,
            "len": 11,
            "nsites": 3940,
            "evalue": "6.7e-018",
            "pwm": [
              [0.0449527, 0.81588, 0.0348801, 0.104287], 
              [0.0370488, 0.888947, 0.0344123, 0.0395916], 
              [0.105032, 0.777627, 0.0391699, 0.0781713], 
              [0.0304422, 0.911775, 0.0348105, 0.022972], 
              [0.0505801, 0.862916, 0.0308751, 0.0556284], 
              [0.84706, 0.00236646, 0.0887475, 0.0618264], 
              [0.0619405, 0.851215, 0.0235374, 0.0633072], 
              [0.0533085, 0.86238, 0.0646691, 0.0196426], 
              [0.065032, 0.803709, 0.0485419, 0.082717], 
              [0.106348, 0.807112, 0.0323147, 0.0542248], 
              [0.0371598, 0.887357, 0.0463184, 0.0291648]
            ]
          }, {
            "db": 0,
            "id": "9-GTCATTCTGAWA",
            "alt": "STREME-9",
            "width": 12,
            "initial_width": 10,
            "seed": "GTCATTCTGAAA",
            "score_threshold": 12.2398,
            "train_pos_count": 899,
            "train_neg_count": 300,
            "train_log_pvalue": -70.4244,
            "train_pvalue": "3.8e-071",
            "train_dtc": -1.0,
            "train_bernoulli": -1,
            "test_pos_count": 121,
            "test_neg_count": 24,
            "test_log_pvalue": -16.5922,
            "test_pvalue": "2.6e-017",
            "test_dtc": -1.0,
            "test_bernoulli": -1,
            "elapsed_time": 13505.7,
            "len": 12,
            "nsites": 1020,
            "evalue": "2.6e-017",
            "pwm": [
              [0.112626, 0.0338319, 0.830006, 0.0235367], 
              [0.00742596, 0.0242754, 0.00514655, 0.963152], 
              [0.0925855, 0.859463, 0.0317596, 0.0161922], 
              [0.977141, 0.00712731, 0.0153572, 0.000374264], 
              [0.07972, 0.00125187, 0.011332, 0.907696], 
              [0.057428, 0.090507, 0.00522546, 0.846839], 
              [0.11221, 0.697862, 0.137247, 0.0526813], 
              [0.113677, 0.0233349, 0.0202071, 0.842781], 
              [0.0385709, 0.0129652, 0.920198, 0.0282664], 
              [0.743005, 0.151585, 0.0805661, 0.0248435], 
              [0.47857, 0.0904029, 0.17577, 0.255257], 
              [0.86508, 0.0262324, 0.0258024, 0.0828848]
            ]
          }, {
            "db": 0,
            "id": "10-ACTCCAGCCTGGGYRACA",
            "alt": "STREME-10",
            "width": 18,
            "initial_width": 14,
            "seed": "ACTCCAGCCTGGGCAACA",
            "score_threshold": 15.6995,
            "train_pos_count": 628,
            "train_neg_count": 6,
            "train_log_pvalue": -178.002,
            "train_pvalue": "9.9e-179",
            "train_dtc": -1.0,
            "train_bernoulli": -1,
            "test_pos_count": 57,
            "test_neg_count": 2,
            "test_log_pvalue": -14.5885,
            "test_pvalue": "2.6e-015",
            "test_dtc": -1.0,
            "test_bernoulli": -1,
            "elapsed_time": 8304.4,
            "len": 18,
            "nsites": 685,
            "evalue": "2.6e-015",
            "pwm": [
              [0.952234, 0.00989712, 0.0312344, 0.00663443], 
              [0.019765, 0.742112, 0.195379, 0.0427437], 
              [0.197041, 0.0115385, 0.00825581, 0.783165], 
              [0.00499311, 0.930877, 0.019745, 0.044385], 
              [0.00499311, 0.929235, 0.00333186, 0.0624403], 
              [0.994908, 4.9229e-05, 0.00169054, 0.0033518], 
              [0.0230477, 0.0246692, 0.927594, 0.0246892], 
              [0.00827584, 0.958779, 0.00825584, 0.0246891], 
              [0.0131997, 0.930877, 0.0115384, 0.0443849], 
              [0.00827574, 0.0115385, 4.9229e-05, 0.980137], 
              [0.0542329, 0.00661449, 0.939083, 6.91669e-05], 
              [0.0624394, 0.0115385, 0.914464, 0.0115585], 
              [0.0525918, 0.0854044, 0.850445, 0.0115584], 
              [0.0115584, 0.625513, 0.019745, 0.343183], 
              [0.482689, 0.0115385, 0.490931, 0.0148411], 
              [0.967006, 0.00497317, 0.0230276, 0.00499311], 
              [0.00663446, 0.914464, 0.024669, 0.0542328], 
              [0.94731, 0.00825581, 0.0328757, 0.0115584]
            ]
          }, {
            "db": 0,
            "id": "11-GCCTGTAATCCCAGC",
            "alt": "STREME-11",
            "width": 15,
            "initial_width": 15,
            "seed": "GCCTGTAATCCCAGC",
            "score_threshold": 15.6715,
            "train_pos_count": 486,
            "train_neg_count": 5,
            "train_log_pvalue": -137.089,
            "train_pvalue": "8.1e-138",
            "train_dtc": -1.0,
            "train_bernoulli": -1,
            "test_pos_count": 35,
            "test_neg_count": 0,
            "test_log_pvalue": -10.5664,
            "test_pvalue": "2.7e-011",
            "test_dtc": -1.0,
            "test_bernoulli": -1,
            "elapsed_time": 8974.0,
            "len": 15,
            "nsites": 521,
            "evalue": "2.7e-011",
            "pwm": [
              [0.229611, 0.0125811, 0.734768, 0.0230393], 
              [0.0126065, 0.91213, 0.00840826, 0.066855], 
              [0.00634718, 0.92465, 0.0042354, 0.0647674], 
              [0.01052, 0.0188403, 0.00214899, 0.968491], 
              [0.0856336, 0.0104949, 0.895438, 0.00843361], 
              [8.79237e-05, 0.0209268, 0.0042354, 0.97475], 
              [0.955972, 0.0104946, 0.0271861, 0.00634718], 
              [0.826607, 6.2579e-05, 0.173242, 8.79237e-05], 
              [8.79237e-05, 0.0438783, 0.0042354, 0.951798], 
              [0.01052, 0.955947, 0.00214899, 0.0313845], 
              [0.00426075, 0.893351, 6.2579e-05, 0.102326], 
              [0.00217434, 0.897525, 6.2579e-05, 0.100238], 
              [0.968491, 0.00632181, 0.0167541, 0.00843361], 
              [0.0835464, 0.00632181, 0.903785, 0.00634716], 
              [0.0126066, 0.910044, 0.012581, 0.0647678]
            ]
          }, {
            "db": 0,
            "id": "12-TGAGATACCAYYTCACACC",
            "alt": "STREME-12",
            "width": 19,
            "initial_width": 15,
            "seed": "TGAGATACCATCTCATACC",
            "score_threshold": 16.4035,
            "train_pos_count": 352,
            "train_neg_count": 4,
            "train_log_pvalue": -98.6856,
            "train_pvalue": "2.1e-099",
            "train_dtc": -1.0,
            "train_bernoulli": -1,
            "test_pos_count": 35,
            "test_neg_count": 0,
            "test_log_pvalue": -10.5664,
            "test_pvalue": "2.7e-011",
            "test_dtc": -1.0,
            "test_bernoulli": -1,
            "elapsed_time": 11401.4,
            "len": 19,
            "nsites": 387,
            "evalue": "2.7e-011",
            "pwm": [
              [0.0229677, 0.022933, 0.00294158, 0.951158], 
              [0.0201118, 0.0057975, 0.965403, 0.00868811], 
              [0.962581, 0.00294158, 8.56594e-05, 0.0343914], 
              [0.0857981, 0.0286449, 0.882581, 0.00297627], 
              [0.876904, 0.0115093, 0.0800516, 0.0315355], 
              [0.00297627, 0.06006, 8.56594e-05, 0.936878], 
              [0.911175, 0.00294158, 0.0686278, 0.0172559], 
              [0.0372473, 0.731217, 0.0143653, 0.217171], 
              [0.0258237, 0.831174, 0.0057975, 0.137205], 
              [0.948302, 0.0115093, 0.0315008, 0.00868811], 
              [0.0172559, 0.351365, 0.0057975, 0.625581], 
              [0.00583219, 0.602698, 0.0172212, 0.374249], 
              [0.088654, 0.0257889, 0.0143653, 0.871192], 
              [0.011544, 0.814038, 0.0143653, 0.160053], 
              [0.971149, 0.0057975, 0.0172212, 0.00583219], 
              [0.00868811, 0.76263, 0.0057975, 0.222885], 
              [0.788369, 0.100043, 0.0629165, 0.0486711], 
              [0.0372473, 0.83403, 0.0229331, 0.10579], 
              [0.0458151, 0.822606, 0.0115093, 0.120069]
            ]
          }, {
            "db": 0,
            "id": "13-GGGGAWTTT",
            "alt": "STREME-13",
            "width": 9,
            "initial_width": 6,
            "seed": "GGGGAATTT",
            "score_threshold": 10.7787,
            "train_pos_count": 2378,
            "train_neg_count": 1280,
            "train_log_pvalue": -77.7805,
            "train_pvalue": "1.7e-078",
            "train_dtc": -1.0,
            "train_bernoulli": -1,
            "test_pos_count": 256,
            "test_neg_count": 132,
            "test_log_pvalue": -10.2316,
            "test_pvalue": "5.9e-011",
            "test_dtc": -1.0,
            "test_bernoulli": -1,
            "elapsed_time": 12771.1,
            "len": 9,
            "nsites": 2634,
            "evalue": "5.9e-011",
            "pwm": [
              [0.000113301, 8.0641e-05, 0.999693, 0.000113301], 
              [0.000113301, 8.0641e-05, 0.999693, 0.000113301], 
              [0.000113301, 8.0641e-05, 0.999693, 0.000113301], 
              [0.000113301, 0.0126227, 0.888805, 0.0984586], 
              [0.999725, 8.0641e-05, 8.0641e-05, 0.000113301], 
              [0.579644, 0.0671909, 8.0641e-05, 0.353084], 
              [0.261141, 8.0641e-05, 0.162076, 0.576702], 
              [0.000113301, 8.0641e-05, 8.0641e-05, 0.999725], 
              [0.104147, 0.264076, 8.0641e-05, 0.631696]
            ]
          }, {
            "db": 0,
            "id": "14-AGGAAGTGG",
            "alt": "STREME-14",
            "width": 9,
            "initial_width": 9,
            "seed": "AGGAAGTGG",
            "score_threshold": 9.4978,
            "train_pos_count": 3707,
            "train_neg_count": 1964,
            "train_log_pvalue": -129.114,
            "train_pvalue": "7.7e-130",
            "train_dtc": -1.0,
            "train_bernoulli": -1,
            "test_pos_count": 379,
            "test_neg_count": 234,
            "test_log_pvalue": -9.17238,
            "test_pvalue": "6.7e-010",
            "test_dtc": -1.0,
            "test_bernoulli": -1,
            "elapsed_time": 10014.6,
            "len": 9,
            "nsites": 4086,
            "evalue": "6.7e-010",
            "pwm": [
              [0.892282, 0.0296208, 0.078037, 5.98652e-05], 
              [5.98652e-05, 0.00193625, 0.997944, 5.98652e-05], 
              [5.98652e-05, 0.00766314, 0.983384, 0.00889277], 
              [0.957306, 0.0425917, 4.26086e-05, 5.98652e-05], 
              [0.71338, 0.0248952, 0.00302274, 0.258702], 
              [0.113599, 0.00546213, 0.880879, 5.98652e-05], 
              [0.0276216, 0.0501601, 0.00626139, 0.915957], 
              [0.0422589, 0.0314732, 0.863292, 0.0629761], 
              [0.248632, 0.0494173, 0.683195, 0.0187555]
            ]
          }, {
            "db": 0,
            "id": "15-GAGYRAGACTCYGTCT",
            "alt": "STREME-15",
            "width": 16,
            "initial_width": 11,
            "seed": "GAGCGAGACTCAGTCT",
            "score_threshold": 15.0169,
            "train_pos_count": 476,
            "train_neg_count": 7,
            "train_log_pvalue": -130.948,
            "train_pvalue": "1.1e-131",
            "train_dtc": -1.0,
            "train_bernoulli": -1,
            "test_pos_count": 41,
            "test_neg_count": 3,
            "test_log_pvalue": -9.12797,
            "test_pvalue": "7.4e-010",
            "test_dtc": -1.0,
            "test_bernoulli": -1,
            "elapsed_time": 11035.9,
            "len": 16,
            "nsites": 517,
            "evalue": "7.4e-010",
            "pwm": [
              [0.0451681, 0.0237913, 0.909592, 0.0214485], 
              [0.973666, 7.11448e-05, 0.00955913, 0.016704], 
              [0.0356802, 0.00579959, 0.951304, 0.00721595], 
              [0.00958799, 0.620193, 0.0214192, 0.348799], 
              [0.342673, 7.11448e-05, 0.654783, 0.00247196], 
              [0.985526, 0.00481514, 0.00718718, 0.00247196], 
              [0.0594018, 0.00481514, 0.933311, 0.00247196], 
              [0.971294, 0.00718714, 0.0214192, 9.99586e-05], 
              [0.00247196, 0.938056, 7.11448e-05, 0.0594007], 
              [0.016704, 0.270488, 0.0166752, 0.696133], 
              [0.016704, 0.888245, 0.0237913, 0.0712601], 
              [0.0214479, 0.355889, 0.0119311, 0.610732], 
              [0.22308, 0.00955913, 0.760144, 0.007216], 
              [0.00958795, 0.00244314, 0.00244314, 0.985526], 
              [0.00721595, 0.949917, 0.0119312, 0.030936], 
              [0.0238201, 0.00718727, 0.00244314, 0.96655]
            ]
          }, {
            "db": 0,
            "id": "16-AGCCACYGYGCCYGGCC",
            "alt": "STREME-16",
            "width": 17,
            "initial_width": 10,
            "seed": "AGCCACTGTGCCTAGCC",
            "score_threshold": 17.0561,
            "train_pos_count": 332,
            "train_neg_count": 5,
            "train_log_pvalue": -91.1965,
            "train_pvalue": "6.4e-092",
            "train_dtc": -1.0,
            "train_bernoulli": -1,
            "test_pos_count": 30,
            "test_neg_count": 0,
            "test_log_pvalue": -9.05306,
            "test_pvalue": "8.9e-010",
            "test_dtc": -1.0,
            "test_bernoulli": -1,
            "elapsed_time": 12515.3,
            "len": 17,
            "nsites": 362,
            "evalue": "8.9e-010",
            "pwm": [
              [0.915479, 0.0169311, 0.0309701, 0.0366199], 
              [0.0422354, 8.42162e-05, 0.949139, 0.00854174], 
              [0.00854174, 0.923868, 0.0141232, 0.0534667], 
              [0.00292613, 0.937907, 0.00289202, 0.0562745], 
              [0.974443, 8.42162e-05, 0.0197388, 0.00573393], 
              [0.000118324, 0.954754, 0.0113154, 0.033812], 
              [0.0225808, 0.468996, 0.0225467, 0.485876], 
              [0.255635, 0.00850763, 0.7217, 0.0141573], 
              [0.019773, 0.471802, 0.00850763, 0.499917], 
              [0.292134, 0.00569983, 0.679586, 0.0225808], 
              [0.00573393, 0.951946, 0.0113154, 0.0310042], 
              [0.00573393, 0.946331, 0.00289202, 0.0450434], 
              [0.0618901, 0.454957, 0.0113155, 0.471837], 
              [0.317406, 0.0197388, 0.643082, 0.019773], 
              [0.033812, 0.00569983, 0.954754, 0.00573393], 
              [0.0253886, 0.904214, 0.0225467, 0.047851], 
              [0.0310043, 0.783477, 0.0113154, 0.174203]
            ]
          }, {
            "db": 0,
            "id": "17-YAGTCATA",
            "alt": "STREME-17",
            "width": 8,
            "initial_width": 8,
            "seed": "CAGTCATA",
            "score_threshold": 12.6232,
            "train_pos_count": 1227,
            "train_neg_count": 657,
            "train_log_pvalue": -40.3655,
            "train_pvalue": "4.3e-041",
            "train_dtc": -1.0,
            "train_bernoulli": -1,
            "test_pos_count": 137,
            "test_neg_count": 55,
            "test_log_pvalue": -9.01005,
            "test_pvalue": "9.8e-010",
            "test_dtc": -1.0,
            "test_bernoulli": -1,
            "elapsed_time": 16029.5,
            "len": 8,
            "nsites": 1364,
            "evalue": "9.8e-010",
            "pwm": [
              [0.000246059, 0.655936, 0.000175131, 0.343643], 
              [0.970047, 0.0202754, 0.0094314, 0.000246059], 
              [0.000246059, 0.000175131, 0.999333, 0.000246059], 
              [0.000246059, 0.000175131, 0.000175131, 0.999404], 
              [0.000246059, 0.999333, 0.000175131, 0.000246059], 
              [0.995679, 0.000175131, 0.00389952, 0.000246059], 
              [0.000246059, 0.000175131, 0.000175131, 0.999404], 
              [0.700924, 0.221396, 0.000175131, 0.0775055]
            ]
          }, {
            "db": 0,
            "id": "18-CCTCRGCCTCCCAA",
            "alt": "STREME-18",
            "width": 14,
            "initial_width": 14,
            "seed": "CCTCAGCCTCCCAA",
            "score_threshold": 16.8952,
            "train_pos_count": 363,
            "train_neg_count": 10,
            "train_log_pvalue": -93.5198,
            "train_pvalue": "3.0e-094",
            "train_dtc": -1.0,
            "train_bernoulli": -1,
            "test_pos_count": 33,
            "test_neg_count": 1,
            "test_log_pvalue": -8.71627,
            "test_pvalue": "1.9e-009",
            "test_dtc": -1.0,
            "test_bernoulli": -1,
            "elapsed_time": 10769.2,
            "len": 14,
            "nsites": 396,
            "evalue": "1.9e-009",
            "pwm": [
              [0.0084584, 0.929016, 0.00286379, 0.0596618], 
              [0.00289756, 0.93017, 0.00842473, 0.0585072], 
              [0.000117169, 0.011205, 0.00286379, 0.985814], 
              [0.000117169, 0.685896, 0.00842473, 0.305562], 
              [0.437957, 0.00286379, 0.509012, 0.0501677], 
              [0.0112388, 8.3394e-05, 0.988561, 0.000117169], 
              [0.000117169, 0.969097, 0.00842462, 0.0223608], 
              [0.0084584, 0.954041, 8.3394e-05, 0.0374168], 
              [0.000117169, 0.00842457, 0.00286379, 0.988594], 
              [0.00289756, 0.977439, 8.3394e-05, 0.0195801], 
              [0.011239, 0.960756, 8.3394e-05, 0.0279213], 
              [0.00289756, 0.896157, 0.0306681, 0.0702773], 
              [0.828303, 0.022327, 0.13535, 0.0140196], 
              [0.877374, 0.00564418, 0.105743, 0.0112388]
            ]
          }, {
            "db": 0,
            "id": "19-GAAATGCAAATYA",
            "alt": "STREME-19",
            "width": 13,
            "initial_width": 13,
            "seed": "GAAATGCAAATTA",
            "score_threshold": 15.549,
            "train_pos_count": 481,
            "train_neg_count": 22,
            "train_log_pvalue": -113.813,
            "train_pvalue": "1.5e-114",
            "train_dtc": -1.0,
            "train_bernoulli": -1,
            "test_pos_count": 47,
            "test_neg_count": 7,
            "test_log_pvalue": -7.981,
            "test_pvalue": "1.0e-008",
            "test_dtc": -1.0,
            "test_bernoulli": -1,
            "elapsed_time": 10253.1,
            "len": 13,
            "nsites": 528,
            "evalue": "1.0e-008",
            "pwm": [
              [0.0457025, 0.0235508, 0.915523, 0.0152242], 
              [0.925698, 0.012408, 0.0576923, 0.00420213], 
              [0.966866, 0.0165238, 0.0124082, 0.00420209], 
              [0.993617, 0.0021194, 0.00417709, 8.67132e-05], 
              [0.00711392, 0.0082925, 6.17175e-05, 0.984532], 
              [0.0138285, 0.00968781, 0.973227, 0.0032567], 
              [0.0154713, 0.883096, 0.00588524, 0.0955473], 
              [0.99165, 0.0032317, 0.00417709, 0.000940718], 
              [0.975797, 0.00503113, 0.0161738, 0.0029984], 
              [0.994132, 0.000458104, 0.00532347, 8.67132e-05], 
              [0.0144909, 0.0420717, 6.17175e-05, 0.943376], 
              [0.0337142, 0.533377, 0.0629425, 0.369966], 
              [0.942265, 0.0226397, 0.0251506, 0.00994446]
            ]
          }, {
            "db": 0,
            "id": "20-GCAGTGAGCYRAGATCRYR",
            "alt": "STREME-20",
            "width": 19,
            "initial_width": 10,
            "seed": "GCAGTGAGCCAAGATCGTG",
            "score_threshold": 15.9605,
            "train_pos_count": 271,
            "train_neg_count": 4,
            "train_log_pvalue": -74.6102,
            "train_pvalue": "2.5e-075",
            "train_dtc": -1.0,
            "train_bernoulli": -1,
            "test_pos_count": 26,
            "test_neg_count": 0,
            "test_log_pvalue": -7.84333,
            "test_pvalue": "1.4e-008",
            "test_dtc": -1.0,
            "test_bernoulli": -1,
            "elapsed_time": 13047.5,
            "len": 19,
            "nsites": 297,
            "evalue": "1.4e-008",
            "pwm": [
              [0.0626213, 0.00745921, 0.911392, 0.0185273], 
              [0.0111783, 0.922416, 0.000110212, 0.0662958], 
              [0.918786, 0.00745921, 0.0736002, 0.000154848], 
              [0.0258763, 0.00745921, 0.951812, 0.0148528], 
              [0.00750385, 0.0184827, 0.00745921, 0.966554], 
              [0.0699705, 0.000110212, 0.918741, 0.0111783], 
              [0.970229, 0.0111337, 0.00745921, 0.0111783], 
              [0.0479233, 0.0111337, 0.940788, 0.000154848], 
              [0.0258763, 0.918741, 0.00745921, 0.0479233], 
              [0.0148529, 0.57701, 0.0184827, 0.389655], 
              [0.389654, 0.0148082, 0.569661, 0.0258763], 
              [0.668919, 0.00378471, 0.0184827, 0.308814], 
              [0.0552725, 0.0148082, 0.922415, 0.00750385], 
              [0.940833, 0.00378471, 0.0478789, 0.00750385], 
              [0.000154848, 0.0515532, 0.00378471, 0.944507], 
              [0.0222018, 0.628454, 0.0368553, 0.312489], 
              [0.356584, 0.0221572, 0.602732, 0.0185273], 
              [0.0222018, 0.543939, 0.0184828, 0.415376], 
              [0.360258, 0.0111337, 0.621104, 0.00750385]
            ]
          }, {
            "db": 0,
            "id": "21-AACTGAWACY",
            "alt": "STREME-21",
            "width": 10,
            "initial_width": 9,
            "seed": "AACTGAAACC",
            "score_threshold": 8.5974,
            "train_pos_count": 3781,
            "train_neg_count": 2375,
            "train_log_pvalue": -77.971,
            "train_pvalue": "1.1e-078",
            "train_dtc": -1.0,
            "train_bernoulli": -1,
            "test_pos_count": 404,
            "test_neg_count": 268,
            "test_log_pvalue": -7.57845,
            "test_pvalue": "2.6e-008",
            "test_dtc": -1.0,
            "test_bernoulli": -1,
            "elapsed_time": 13765.8,
            "len": 10,
            "nsites": 4185,
            "evalue": "2.6e-008",
            "pwm": [
              [0.904663, 0.00819868, 0.0290414, 0.0580966], 
              [0.945061, 0.0208767, 4.59101e-05, 0.0340164], 
              [0.0805715, 0.720301, 0.163437, 0.0356908], 
              [0.0891307, 0.254514, 0.099731, 0.556625], 
              [0.0481921, 4.59101e-05, 0.951697, 6.45039e-05], 
              [0.905375, 0.0461535, 0.025959, 0.0225127], 
              [0.534669, 0.0245903, 0.0289049, 0.411836], 
              [0.985691, 4.59101e-05, 0.00928237, 0.00498077], 
              [0.0075518, 0.940654, 0.0500403, 0.00175343], 
              [0.0322996, 0.430861, 0.0114351, 0.525405]
            ]
          }, {
            "db": 0,
            "id": "22-TCATCTGTAAAATGRR",
            "alt": "STREME-22",
            "width": 16,
            "initial_width": 11,
            "seed": "TCATCTGTAAAGTGGG",
            "score_threshold": 13.614,
            "train_pos_count": 500,
            "train_neg_count": 63,
            "train_log_pvalue": -85.544,
            "train_pvalue": "2.9e-086",
            "train_dtc": -1.0,
            "train_bernoulli": -1,
            "test_pos_count": 45,
            "test_neg_count": 7,
            "test_log_pvalue": -7.49378,
            "test_pvalue": "3.2e-008",
            "test_dtc": -1.0,
            "test_bernoulli": -1,
            "elapsed_time": 11915.5,
            "len": 16,
            "nsites": 545,
            "evalue": "3.2e-008",
            "pwm": [
              [0.0446719, 0.12494, 0.00667889, 0.823709], 
              [0.0272236, 0.850498, 5.81488e-05, 0.12222], 
              [0.946652, 0.0241272, 5.81488e-05, 0.0291624], 
              [0.0504882, 0.0116904, 0.0310775, 0.906744], 
              [0.0349785, 0.717056, 0.0194452, 0.22852], 
              [0.0524268, 0.00199685, 0.00975168, 0.935825], 
              [0.097822, 0.00393556, 0.898161, 8.16992e-05], 
              [0.00977523, 0.0772769, 0.0427097, 0.870238], 
              [0.845839, 0.0454531, 0.0853614, 0.0233462], 
              [0.961028, 0.0213839, 0.0155678, 0.0020204], 
              [0.953273, 0.0116904, 0.0291387, 0.00589782], 
              [0.632581, 0.120258, 0.223815, 0.0233462], 
              [0.0272236, 0.104748, 0.0175065, 0.850522], 
              [0.232397, 0.0058743, 0.655018, 0.10671], 
              [0.362292, 0.00975178, 0.569713, 0.0582429], 
              [0.301386, 0.0601581, 0.580213, 0.0582429]
            ]
          }, {
            "db": 0,
            "id": "23-GAGAGARAGRGAGA",
            "alt": "STREME-23",
            "width": 14,
            "initial_width": 14,
            "seed": "GAGAGAGAGAGAGA",
            "score_threshold": 12.9217,
            "train_pos_count": 1019,
            "train_neg_count": 431,
            "train_log_pvalue": -55.6955,
            "train_pvalue": "2.0e-056",
            "train_dtc": -1.0,
            "train_bernoulli": -1,
            "test_pos_count": 115,
            "test_neg_count": 47,
            "test_log_pvalue": -7.45583,
            "test_pvalue": "3.5e-008",
            "test_dtc": -1.0,
            "test_bernoulli": -1,
