MEME version 4

ALPHABET= ACGT

strands: + -

Background letter frequencies (from uniform background):
A 0.25000 C 0.25000 G 0.25000 T 0.25000

MOTIF CAM;l=19 TATTCTTCATGCTCCCTGC
letter-probability matrix: alength= 4 w= 19 nsites= 51 E= 0 0.02989996  0.09895095  0.02989996  0.84124913
 0.59957066  0.16800194  0.04716271  0.18526469
  0.1507392  0.25431569  0.02989996  0.56504516
 0.04716271  0.02989996  0.13347645  0.78946089
 0.09895095  0.63409615  0.21979019  0.04716271
  0.1162137   0.1507392  0.06442545  0.66862165
 0.18526469   0.1162137   0.0816882   0.6168334
 0.25431569  0.63409615   0.0816882  0.02989996
 0.47873142   0.0816882  0.02989996  0.40968042
 0.03042518  0.03042518  0.04799117  0.89115848
 0.04884925  0.40645058  0.44221072  0.10248945
 0.04973858  0.57770051  0.12256091        0.25
 0.06794416  0.04973858  0.12256091  0.75975634
 0.31509347  0.35515099  0.15486339  0.17489215
 0.21494967  0.59549611  0.09477711  0.09477711
 0.13483463  0.51538107  0.15486339  0.19492091
 0.39520851  0.05471959  0.05471959  0.49535231
 0.03469083  0.31509347  0.57546735  0.07474835
 0.13483463  0.57546735  0.17489215  0.11480587
