MEME version 4

ALPHABET= ACGT

strands: + -

Background letter frequencies (from uniform background):
A 0.25000 C 0.25000 G 0.25000 T 0.25000

MOTIF CAM;l=19 AGCCAGAGCCGCTACTGTT
letter-probability matrix: alength= 4 w= 19 nsites= 205 E= 0 0.48139934  0.02088045  0.29445603  0.20326417
 0.41756504  0.03455923   0.5133165  0.03455923
 0.03911882  0.34917115  0.30357522  0.30813481
 0.11207231  0.46316097  0.40844586  0.01632086
 0.44036301   0.3126944  0.22606214  0.02088045
 0.34917115   0.0527976  0.58171039  0.01632086
 0.54979324   0.3810883  0.04823801  0.02088045
 0.23518132   0.0527976  0.54979324  0.16222783
 0.28989644  0.56347202   0.0573572  0.08927435
 0.02544005   0.6409851  0.06191679  0.27165807
 0.02544005  0.28533685  0.66378306  0.02544005
 0.09839353  0.52699527  0.16678743  0.20782376
 0.15310865  0.11207231  0.34005196  0.39476708
 0.52243568  0.02544005  0.19870458  0.25341969
 0.07103598  0.68202144  0.17134702  0.07559557
 0.09839353  0.21694295   0.0527976  0.63186591
 0.32637318  0.07559557   0.5725912  0.02544005
 0.02544005  0.24430051  0.17590661  0.55435283
 0.02088045  0.34461155  0.07103598  0.56347202
