MEME version 4

ALPHABET= ACGT

strands: + -

Background letter frequencies (from uniform background):
A 0.25000 C 0.25000 G 0.25000 T 0.25000

MOTIF CAM;l=19 GGCAGCAGTGCCACTTGGA
letter-probability matrix: alength= 4 w= 19 nsites= 35 E= 0 0.28049433  0.03653966  0.57323994  0.10972606
  0.0853306  0.13412153  0.47565807   0.3048898
   0.154742  0.58340302  0.08329849   0.1785565
   0.297629    0.297629  0.10711299    0.297629
 0.36907251  0.05948399  0.51195951  0.05948399
   0.297629  0.51195951    0.154742  0.03566949
 0.77391903  0.10711299  0.08329849  0.03566949
       0.25   0.2261855    0.345258   0.1785565
 0.08329849  0.10711299    0.297629  0.51195951
 0.03566949  0.03566949  0.84536253  0.08329849
 0.03566949  0.84536253  0.08329849  0.03566949
 0.08329849  0.63103202  0.13092749    0.154742
 0.48814501        0.25  0.05948399    0.202371
 0.05948399  0.72629002  0.05948399    0.154742
 0.03566949   0.1785565    0.297629  0.48814501
 0.03566949  0.05948399  0.08329849  0.82154803
 0.05948399  0.03566949  0.82154803  0.08329849
 0.05948399  0.08329849  0.82154803  0.03566949
 0.72629002  0.10711299  0.08329849  0.08329849
