MEME version 4

ALPHABET= ACGT

strands: + -

Background letter frequencies (from uniform background):
A 0.25000 C 0.25000 G 0.25000 T 0.25000

MOTIF CAM;l=19 AGGTTAAGCCACTCTACCA
letter-probability matrix: alength= 4 w= 19 nsites= 103 E= 0 0.61457225   0.2345333  0.02241854  0.12847592
 0.17266649  0.04009477  0.71179151  0.07544723
 0.04893288   0.2345333  0.54386732  0.17266649
 0.28756199  0.17266649  0.22569518  0.31407633
 0.08428534  0.10196157  0.06660911  0.74714397
 0.42897183  0.40245748  0.14615215  0.02241854
 0.63224848  0.07544723  0.20801895  0.08428534
 0.04893288  0.40245748  0.52619109  0.02241854
 0.03125665  0.73830586  0.07544723  0.15499026
 0.19918084  0.57921979  0.04009477  0.18150461
 0.48200052  0.43780994  0.04893288  0.03125665
 0.09312346  0.79133455  0.08428534  0.03125665
 0.06660911  0.08428534  0.08428534   0.7648202
 0.14615215  0.50851486  0.24337141  0.10196157
 0.04893288  0.25220953  0.02241854  0.67643905
 0.45548617  0.04009477  0.27872387  0.22569518
 0.26104764  0.67643905  0.02241854  0.04009477
 0.26988576  0.49083863   0.1196378   0.1196378
 0.35254462  0.31687693  0.21879077  0.11178768
