MEME version 4

ALPHABET= ACGT

strands: + -

Background letter frequencies (from uniform background):
A 0.25000 C 0.25000 G 0.25000 T 0.25000

MOTIF CAM;l=19 GGGGTGTGGCCAGCGGCCT
letter-probability matrix: alength= 4 w= 19 nsites= 19 E= 0 0.21789232  0.04665137  0.64599469  0.08946161
 0.04665137  0.38913327  0.51756398  0.04665137
 0.26070256  0.13227185  0.38913327  0.21789232
 0.38913327  0.04665137  0.51756398  0.04665137
 0.04665137  0.04665137  0.04665137  0.86004588
 0.04665137  0.04665137  0.56037422  0.34632303
 0.04665137  0.04665137  0.04665137  0.86004588
 0.13227185  0.04665137   0.7744254  0.04665137
 0.17508209  0.13227185  0.64599469  0.04665137
 0.13227185   0.7744254  0.04665137  0.04665137
 0.17508209  0.56037422  0.04665137  0.21789232
 0.43194351  0.04665137   0.3035128  0.21789232
 0.08946161  0.04665137  0.47475374  0.38913327
 0.26070256  0.47475374  0.13227185  0.13227185
 0.26070256  0.26070256  0.34632303  0.13227185
 0.08946161  0.08946161  0.43194351  0.38913327
 0.04665137  0.86004588  0.04665137  0.04665137
  0.3035128  0.60318446  0.04665137  0.04665137
 0.17508209  0.26070256  0.13227185  0.43194351
