MEME version 4

ALPHABET= ACGT

strands: + -

Background letter frequencies (from uniform background):
A 0.25000 C 0.25000 G 0.25000 T 0.25000

MOTIF CAM;l=19 CCCACAGGGCAGAAAATGC
letter-probability matrix: alength= 4 w= 19 nsites= 202 E= 0 0.04895474   0.6728883   0.0581982  0.21995875
 0.20689053  0.61983391  0.07529318  0.09798238
 0.07529318  0.75596909  0.02991479  0.13882294
 0.52000144  0.03899047  0.02083911  0.42016898
 0.09302242  0.45892699  0.42730561  0.02074497
 0.74351944  0.02977965  0.11560912  0.11109178
 0.25564668  0.03429699  0.68479402  0.02526231
 0.01622763   0.1020571  0.54475646   0.3369588
 0.39568423  0.03429699  0.53572178  0.03429699
 0.04784902  0.51313508  0.24209465  0.19692125
 0.59444721  0.04333168  0.24209465  0.12012646
 0.13367848  0.08850508   0.6938287  0.08398774
 0.48603104   0.1246438  0.11109178  0.27823338
 0.44989231  0.08398774  0.40923625   0.0568837
  0.7615888  0.11109178  0.07043572   0.0568837
 0.52216976  0.37309753  0.02977965  0.07495306
 0.11560912  0.04784902  0.30985476   0.5266871
 0.25112934  0.11109178  0.45440965  0.18336923
 0.05284378   0.7594152  0.10298756  0.08475346
