MEME version 4

ALPHABET= ACGT

strands: + -

Background letter frequencies (from uniform background):
A 0.25000 C 0.25000 G 0.25000 T 0.25000

MOTIF CAM;l=19 TCCTTCCAGCGTTCCACCT
letter-probability matrix: alength= 4 w= 19 nsites= 20 E= 0   0.045686   0.1274116    0.045686   0.7812164
   0.045686   0.6994908    0.045686   0.2091372
   0.045686   0.5769024   0.1274116        0.25
  0.2091372   0.3317256    0.045686   0.4134512
  0.1274116    0.045686    0.045686   0.7812164
       0.25   0.3725884        0.25   0.1274116
   0.045686   0.7403536    0.045686   0.1682744
  0.5360396   0.2091372   0.1274116   0.1274116
  0.4134512    0.045686   0.4951768    0.045686
  0.0865488   0.8220792    0.045686    0.045686
  0.1682744   0.1682744   0.5769024   0.0865488
   0.045686   0.2091372   0.0865488    0.658628
   0.045686   0.2091372   0.1682744   0.5769024
  0.1274116   0.5360396   0.2908628    0.045686
   0.045686   0.5769024   0.0865488   0.2908628
  0.6994908    0.045686   0.2091372    0.045686
   0.045686   0.4951768        0.25   0.2091372
  0.0865488    0.658628   0.1682744   0.0865488
  0.2091372   0.1274116        0.25   0.4134512
