MEME version 4

ALPHABET= ACGT

strands: + -

Background letter frequencies (from uniform background):
A 0.25000 C 0.25000 G 0.25000 T 0.25000

MOTIF CAM;l=19 CCAGAGATGGAGTGGCCCC
letter-probability matrix: alength= 4 w= 19 nsites= 32 E= 0 0.19688225  0.72805971  0.03752902  0.03752902
 0.06408789  0.51558873  0.03752902  0.38279436
 0.67494197  0.03752902  0.22344113  0.06408789
 0.06408789  0.11720564  0.78117746  0.03752902
 0.78117746  0.03752902  0.14376451  0.03752902
       0.25  0.14376451  0.56870647  0.03752902
 0.64838309  0.06408789  0.11720564  0.17032338
 0.30311775  0.03752902  0.17032338  0.48902986
 0.06408789  0.11720564  0.70150084  0.11720564
 0.30311775  0.11720564   0.5421476  0.03752902
 0.67494197  0.06408789  0.03752902  0.22344113
 0.06408789  0.38279436  0.46247098  0.09064676
       0.25        0.25  0.14376451  0.35623549
       0.25  0.27655887  0.43591211  0.03752902
 0.17032338  0.14376451  0.38279436  0.30311775
 0.14376451  0.75461858  0.06408789  0.03752902
 0.06408789  0.78117746  0.06408789  0.09064676
 0.11720564  0.72805971  0.03752902  0.11720564
 0.06583643  0.47508881  0.03855294  0.42052182
