MEME version 4

ALPHABET= ACGT

strands: + -

Background letter frequencies (from uniform background):
A 0.25000 C 0.25000 G 0.25000 T 0.25000

MOTIF CAM;l=19 GGCCTTGAGAAAGGAAAAA
letter-probability matrix: alength= 4 w= 19 nsites= 10 E= 0 0.06006327  0.06006327  0.81981019  0.06006327
 0.28798735  0.21201265  0.43993673  0.06006327
 0.21201265  0.66786081  0.06006327  0.06006327
 0.28798735  0.59188612  0.06006327  0.06006327
 0.06006327  0.13603796  0.28798735  0.51591142
 0.28798735  0.06006327  0.21201265  0.43993673
 0.06006327  0.06006327   0.7438355  0.13603796
 0.51591142  0.36396204  0.06006327  0.06006327
 0.13603796  0.13603796  0.66786081  0.06006327
 0.51591142  0.06006327  0.28798735  0.13603796
 0.51591142  0.06006327  0.21201265  0.21201265
 0.81981019  0.06006327  0.06006327  0.06006327
 0.36396204  0.06006327  0.51591142  0.06006327
 0.21201265  0.06006327  0.66786081  0.06006327
 0.43993673  0.43993673  0.06006327  0.06006327
 0.59188612  0.13603796  0.13603796  0.13603796
 0.59188612  0.06006327  0.28798735  0.06006327
 0.81981019  0.06006327  0.06006327  0.06006327
 0.43993673  0.06006327  0.43993673  0.06006327
