MEME version 4

ALPHABET= ACGT

strands: + -

Background letter frequencies (from uniform background):
A 0.25000 C 0.25000 G 0.25000 T 0.25000

MOTIF CAM;l=19 GAAACTTGAGTACAAGCTG
letter-probability matrix: alength= 4 w= 19 nsites= 33 E= 0 0.26935755  0.08868704  0.60488851   0.0370669
 0.55326836   0.0370669  0.34678777  0.06287697
  0.7081288  0.19192734  0.06287697   0.0370669
 0.65650865  0.06287697  0.16611726  0.11449712
  0.0370669  0.47583814  0.06287697  0.42421799
  0.0370669   0.0370669  0.14030719  0.78555902
 0.06287697  0.08868704  0.29516763  0.55326836
 0.11449712  0.29516763  0.50164821  0.08868704
 0.55326836   0.0370669  0.29516763  0.11449712
 0.11449712  0.26935755  0.55326836  0.06287697
 0.14030719  0.29516763  0.06287697  0.50164821
 0.47583814  0.14030719  0.19192734  0.19192734
 0.26935755  0.52745829  0.06287697  0.14030719
 0.55326836   0.0370669   0.0370669  0.37259785
 0.86298924   0.0370669   0.0370669  0.06287697
 0.29516763  0.11449712  0.52745829  0.06287697
 0.19192734  0.60488851  0.16611726   0.0370669
 0.16611726   0.0370669  0.14030719  0.65650865
 0.26935755   0.0370669  0.65650865   0.0370669
