MEME version 4

ALPHABET= ACGT

strands: + -

Background letter frequencies (from uniform background):
A 0.25000 C 0.25000 G 0.25000 T 0.25000

MOTIF CAM;l=19 CGGGCTGGGGAAGTGGCTG
letter-probability matrix: alength= 4 w= 19 nsites= 33 E= 0 0.08906462  0.68130682  0.08906462  0.14056394
 0.08906462  0.08906462  0.50105919  0.32081157
 0.26931225  0.21781292  0.37231089  0.14056394
 0.20714509   0.0847025  0.42754176  0.28061065
 0.18265657  0.57447287  0.20714509  0.03572546
 0.03572546  0.03572546  0.03572546  0.89282361
 0.13367954  0.03572546  0.67242695  0.15816806
 0.37856472  0.06021398  0.45203028  0.10919102
 0.03572546  0.03572546  0.89282361  0.03572546
 0.10919102  0.18265657  0.67242695  0.03572546
 0.42754176  0.40305324  0.03572546  0.13367954
 0.42754176  0.25612213  0.23163361   0.0847025
 0.03572546  0.03572546  0.89282361  0.03572546
 0.15816806  0.15816806  0.03572546  0.64793843
 0.03572546  0.03572546  0.86833509  0.06021398
 0.11784885  0.11784885  0.69931391  0.06498839
 0.03855816  0.54073253        0.25  0.17070931
 0.35572092  0.03855816  0.03855816  0.56716276
 0.11784885  0.17070931  0.43501161  0.27643023
