MEME version 4

ALPHABET= ACGT

strands: + -

Background letter frequencies (from uniform background):
A 0.25000 C 0.25000 G 0.25000 T 0.25000

MOTIF CAM;l=19 TGGTGCTTTAGGCTACTTC
letter-probability matrix: alength= 4 w= 19 nsites= 87 E= 0 0.05531133  0.05531133  0.03454454  0.85483279
 0.26297924  0.05531133  0.65754828  0.02416115
 0.02416115  0.03454454  0.57448111   0.3668132
 0.08646152  0.04492794  0.11761171  0.75099884
 0.21106227  0.10722831  0.44988037  0.23182906
 0.07607812  0.61601469  0.03454454  0.27336264
 0.10722831  0.07607812  0.02416115  0.79253242
 0.07607812  0.24221245  0.20067887  0.48103055
 0.05531133  0.02416115  0.19029548  0.73023205
 0.50179734  0.02416115  0.38757999  0.08646152
  0.1279951  0.08646152  0.64716488   0.1383785
  0.3564298   0.1383785  0.44988037  0.05531133
 0.14876189  0.65754828  0.15914529  0.03454454
 0.07607812  0.33566301  0.03454454  0.55371432
  0.6056313  0.21106227  0.07607812  0.10722831
 0.10722831  0.41873018  0.15914529  0.31489622
 0.07687636  0.22376915   0.0873687  0.61198579
 0.02493797  0.36788964   0.1428276  0.46434479
 0.09995865  0.47506203  0.09995865  0.32502068
