MEME version 4

ALPHABET= ACGT

strands: + -

Background letter frequencies (from uniform background):
A 0.25000 C 0.25000 G 0.25000 T 0.25000

MOTIF CAM;l=19 GGGGACGGGTAGGGGAGGA
letter-probability matrix: alength= 4 w= 19 nsites= 116 E= 0 0.07645112  0.10800546  0.66809502  0.14744839
 0.17900273   0.0370082  0.76275804  0.02123103
 0.15533698   0.0370082   0.5182119  0.28944293
 0.25788859  0.11589405  0.42354888  0.20266849
 0.58132058  0.17111415  0.22633424  0.02123103
 0.13955981  0.61287492   0.1947799  0.05278537
 0.13167122  0.10800546  0.43143746  0.32888585
 0.02123103  0.34466302  0.56554341  0.06856254
 0.28155434  0.28944293  0.40777171  0.02123103
 0.23422283  0.06067395  0.13955981  0.56554341
 0.77853521   0.0370082  0.06067395  0.12378264
 0.02911961  0.07645112  0.82586673  0.06856254
 0.40777171  0.02911961  0.53398907  0.02911961
 0.04489678  0.12378264  0.71542653  0.11589405
 0.36832878  0.09222829  0.44721463  0.09222829
 0.69176078  0.06067395   0.0370082  0.21055707
 0.13955981  0.06067395  0.76275804   0.0370082
 0.02911961  0.37621736  0.54187766  0.05278537
 0.47842864   0.0696616   0.0295864  0.42232336
