MEME version 4

ALPHABET= ACGT

strands: + -

Background letter frequencies (from uniform background):
A 0.25000 C 0.25000 G 0.25000 T 0.25000

MOTIF CAM;l=19 ATTGCAAGGACTTAACGAC
letter-probability matrix: alength= 4 w= 19 nsites= 102 E= 0  0.5039568   0.1475262   0.1475262  0.20099079
 0.12970467  0.29009844  0.11188314  0.46831374
 0.13739118  0.39352105  0.06673466  0.40235311
 0.10897012  0.23047279  0.62101706  0.03954003
 0.13500641  0.75119849  0.07425508  0.03954003
 0.89005868  0.06557631  0.02218251  0.02218251
 0.45612059  0.06557631  0.36933297  0.10897012
 0.03954003  0.10897012  0.82062858  0.03086127
 0.12632765  0.18707898  0.41272678  0.27386659
 0.55158697  0.16104269   0.2044365  0.08293384
 0.06557631  0.71648344  0.08293384  0.13500641
 0.29990288  0.06557631  0.23047279  0.40404802
 0.36933297  0.10897012  0.06557631  0.45612059
 0.45612059  0.17840022  0.33461793  0.03086127
  0.6123383  0.02218251  0.29990288  0.06557631
 0.03954003  0.51687192  0.40404802  0.03954003
  0.0916126  0.35197545  0.39536926  0.16104269
 0.78591354  0.02218251  0.15236393  0.03954003
 0.04864093  0.51264226  0.19747155  0.24124526
