MEME version 4

ALPHABET= ACGT

strands: + -

Background letter frequencies (from uniform background):
A 0.25000 C 0.25000 G 0.25000 T 0.25000

MOTIF CAM;l=19 TCCAGCACTCAGCCTCTGA
letter-probability matrix: alength= 4 w= 19 nsites= 171 E= 0   0.088402   0.0721064  0.09926573  0.74022586
 0.26620756  0.67679906  0.02309417  0.03389921
 0.03930173   0.6876041  0.15815716  0.11493701
 0.39586803  0.19057228  0.17976724  0.23379244
  0.1959748  0.07711937  0.46069827  0.26620756
 0.17436472  0.44989323   0.2770126  0.09872945
 0.52012599   0.3310378  0.05010677  0.09872945
 0.04470425  0.74703182  0.17976724  0.02849669
 0.06631433   0.2229874  0.02849669  0.68220158
 0.06091181  0.39586803  0.28241512  0.26080504
 0.44449071  0.02309417  0.08792441  0.44449071
 0.01769165  0.08252189  0.87669229  0.02309417
  0.3310378  0.57415118  0.03389921  0.06091181
 0.17436472  0.50391843  0.07171685        0.25
 0.04470425  0.05550929  0.20677984  0.69300662
 0.03389921  0.86588725  0.02849669  0.07171685
 0.32023276  0.18516976  0.03389921  0.46069827
 0.11683054  0.08937292  0.64401684  0.14977969
 0.50400498  0.21686892  0.05673534  0.22239076
