MEME version 4

ALPHABET= ACGT

strands: + -

Background letter frequencies (from uniform background):
A 0.25000 C 0.25000 G 0.25000 T 0.25000

MOTIF CAM;l=19 TAATCCGGAGGGGCTAGCA
letter-probability matrix: alength= 4 w= 19 nsites= 355 E= 0 0.33893547   0.0366886   0.0366886  0.58768732
 0.56211106  0.02058504  0.03925835  0.37804556
 0.41539218  0.16196868  0.15129821  0.27134093
 0.03392312   0.0152498  0.06326689  0.88756019
 0.04459358  0.39405126  0.28201139  0.27934377
 0.33803132  0.38604841  0.02592027        0.25
 0.13796013  0.08460782  0.56744629  0.20998576
 0.21265338  0.13529252  0.61813099  0.03392312
 0.37804556  0.01258219  0.32469324  0.28467901
 0.35670463  0.01791742   0.4020541  0.22332384
 0.01791742  0.33803132  0.61012814  0.03392312
 0.19131245   0.1993153  0.48208258  0.12728967
  0.0312555  0.32469324  0.60212529  0.04192596
 0.01791742   0.3673751  0.27134093  0.34336656
 0.09527828  0.01791742  0.43406549  0.45273881
 0.50875874  0.01258219  0.15663344  0.32202563
 0.23666192  0.02325265  0.42873026  0.31135516
 0.16997152  0.48208258  0.20998576  0.13796013
 0.49542066  0.14329537  0.05259643  0.30868755
