MEME version 4

ALPHABET= ACGT

strands: + -

Background letter frequencies (from uniform background):
A 0.25000 C 0.25000 G 0.25000 T 0.25000

MOTIF CAM;l=19 AGTGCGCTAGCTGTGTGAA
letter-probability matrix: alength= 4 w= 19 nsites= 58 E= 0 0.63803731  0.02935133  0.30326002  0.02935133
       0.25  0.32383852  0.39767705  0.02848443
 0.38290934  0.05801984  0.05801984  0.50105098
 0.07278754  0.02848443  0.60442491  0.29430311
 0.10232295   0.5748895        0.25  0.07278754
 0.19092918  0.17616148   0.5748895  0.05801984
 0.13185836  0.61919262  0.19092918  0.05801984
 0.02848443  0.19092918  0.29430311  0.48628328
 0.79640508  0.04325213  0.08755525  0.07278754
 0.29430311  0.13185836   0.5453541  0.02848443
 0.02848443  0.53058639  0.38290934  0.05801984
 0.36814164  0.04325213  0.11709066  0.47151557
 0.29430311  0.07278754  0.38290934        0.25
 0.10232295  0.02848443  0.11709066  0.75210196
 0.16381291  0.22376915  0.55352844   0.0588895
 0.07387856  0.35867068  0.08886762  0.47858315
  0.0588895  0.14882385  0.41862691  0.37365973
 0.40363785  0.04390044  0.40363785  0.14882385
 0.84877621  0.02980488  0.07616175  0.04525717
