MEME version 4

ALPHABET= ACGT

strands: + -

Background letter frequencies (from uniform background):
A 0.25000 C 0.25000 G 0.25000 T 0.25000

MOTIF CAM;l=19 GAGGGTACGATCAAAACTC
letter-probability matrix: alength= 4 w= 19 nsites= 38 E= 0 0.28312448  0.10646057  0.43770541  0.17270954
 0.54249046  0.07450572  0.15250318  0.23050064
 0.25460543  0.07038815  0.64146172  0.03354469
 0.21002397  0.05011983  0.61866786  0.12118834
 0.04839998  0.04839998  0.75185537  0.15134467
 0.14632359  0.04679424  0.16291182  0.64397035
 0.54301395  0.06134718  0.33429168  0.06134718
 0.15768054  0.43062504  0.20584721  0.20584721
       0.25  0.02877408  0.58183888  0.13938704
 0.45542407  0.10778334  0.37641481  0.06037778
 0.23419815  0.09198149  0.23419815  0.43962222
 0.07617963   0.8346685  0.04457593  0.04457593
 0.58183888        0.25  0.06037778  0.10778334
 0.70825369  0.06037778  0.04457593  0.18679259
 0.53443333  0.02877408  0.15518889   0.2816037
 0.69245184  0.02877408  0.15518889  0.12358519
 0.02877408  0.56603703  0.36061296  0.04457593
 0.13938704  0.02877408  0.09198149  0.73985739
 0.02877408  0.47122592  0.34481111  0.15518889
