MEME version 4

ALPHABET= ACGT

strands: + -

Background letter frequencies (from uniform background):
A 0.25000 C 0.25000 G 0.25000 T 0.25000

MOTIF CAM;l=19 CTACAGCCTATGGCGCGAA
letter-probability matrix: alength= 4 w= 19 nsites= 10 E= 0 0.06494348  0.58310174   0.2870113  0.06494348
 0.13896609   0.2129887  0.13896609  0.50907913
 0.50907913   0.2129887  0.06494348   0.2129887
 0.12938842  0.61183475  0.12938842  0.12938842
 0.78000154  0.05314228  0.11371389  0.05314228
 0.11371389  0.05314228  0.78000154  0.05314228
 0.17428549  0.65885833  0.11371389  0.05314228
 0.11371389  0.47714352  0.35600031  0.05314228
 0.05314228  0.05314228   0.2348571  0.65885833
 0.71942994  0.05314228  0.05314228  0.17428549
  0.2348571  0.05314228  0.05314228  0.65885833
 0.05314228  0.05314228  0.84057315  0.05314228
 0.05314228   0.2348571  0.47714352   0.2348571
 0.11371389  0.47714352  0.17428549   0.2348571
 0.17428549  0.05314228  0.53771512   0.2348571
 0.05314228  0.71942994  0.17428549  0.05314228
 0.11371389  0.35600031  0.41657191  0.11371389
 0.41657191  0.11371389   0.2954287  0.17428549
 0.47399294  0.06046751  0.19830932  0.26723023
