MEME version 4

ALPHABET= ACGT

strands: + -

Background letter frequencies (from uniform background):
A 0.25000 C 0.25000 G 0.25000 T 0.25000

MOTIF CAM;l=19 GCCTTTCTCACTGAGTTTT
letter-probability matrix: alength= 4 w= 19 nsites= 10 E= 0 0.36318594  0.06135677  0.51410053  0.06135677
 0.05705179   0.4780297  0.12721478  0.33770373
 0.26754075  0.33770373  0.12721478  0.26754075
 0.33770373  0.19737776  0.05705179  0.40786672
 0.05705179  0.05705179  0.05705179  0.82884462
 0.05705179  0.05705179  0.05705179  0.82884462
 0.12721478  0.68851865  0.05705179  0.12721478
 0.05705179  0.26754075  0.05705179  0.61835567
 0.26754075  0.54819268  0.05705179  0.12721478
 0.61835567  0.05705179  0.12721478  0.19737776
 0.05705179  0.61835567  0.05705179  0.26754075
 0.05705179  0.05705179  0.40786672   0.4780297
 0.12721478  0.05705179  0.75868164  0.05705179
 0.61835567  0.26754075  0.05705179  0.05705179
 0.05705179  0.05705179  0.54819268  0.33770373
 0.21227135  0.06135677  0.06135677  0.66501511
 0.22959605  0.14798025  0.14798025  0.47444345
 0.31121185  0.06636445  0.22959605  0.39282765
 0.14798025  0.22959605  0.14798025  0.47444345
