MEME version 4

ALPHABET= ACGT

strands: + -

Background letter frequencies (from uniform background):
A 0.25000 C 0.25000 G 0.25000 T 0.25000

MOTIF CAM;l=19 ATTACCCCATCTCAACTCT
letter-probability matrix: alength= 4 w= 19 nsites= 29 E= 0 0.47551633  0.12632975   0.3591208  0.03903311
 0.24272528  0.03903311  0.06813199  0.65010962
 0.03903311  0.15542864  0.06813199  0.73740626
  0.3591208  0.27182416  0.09723087  0.27182416
 0.06813199  0.76650514  0.06813199  0.09723087
 0.30092304  0.41731857  0.09723087  0.18452752
 0.03903311  0.85380179  0.06813199  0.03903311
  0.2136264  0.38821969   0.2136264  0.18452752
 0.41731857  0.18452752  0.12632975  0.27182416
 0.41731857  0.06813199  0.03903311  0.47551633
  0.2136264  0.70830738  0.03903311  0.03903311
 0.03903311   0.3591208  0.09723087  0.50461521
 0.03903311  0.59191185  0.30092304  0.06813199
 0.47551633  0.33002192  0.06813199  0.12632975
 0.44641745  0.03903311  0.44641745  0.06813199
 0.12632975  0.41731857  0.41731857  0.03903311
 0.09723087  0.09723087  0.38821969  0.41731857
 0.07234214  0.69028252   0.1650332  0.07234214
 0.25772425  0.04144512  0.07234214  0.62848848
