>CYTGGCABNSTGCCAR	NF1(CTF)/LNCAP-NF1-ChIP-Seq(Unpublished)/Homer	7.598341	-49.074979	0	T:454.0(2.56%),B:1083.4(1.47%),P:1e-21
0.113	0.473	0.201	0.213
0.067	0.426	0.038	0.470
0.056	0.003	0.158	0.783
0.001	0.001	0.995	0.003
0.019	0.004	0.963	0.014
0.164	0.782	0.043	0.011
0.506	0.186	0.033	0.275
0.179	0.356	0.257	0.208
0.262	0.222	0.211	0.304
0.180	0.271	0.352	0.197
0.264	0.029	0.194	0.513
0.008	0.053	0.784	0.155
0.016	0.960	0.005	0.019
0.005	0.993	0.001	0.001
0.784	0.155	0.003	0.058
0.442	0.064	0.421	0.073
