>TTTCCHWATWDGGAA	AGL15(MADS)/col-AGL15-DAP-Seq(GSE60143)/Homer	9.043550	-15.844779	0	T:314.0(1.77%),B:923.2(1.25%),P:1e-6
0.178	0.077	0.001	0.744
0.001	0.001	0.001	0.997
0.298	0.049	0.104	0.549
0.001	0.997	0.001	0.001
0.001	0.662	0.001	0.336
0.303	0.241	0.115	0.341
0.396	0.139	0.149	0.316
0.626	0.001	0.001	0.372
0.373	0.001	0.001	0.625
0.349	0.123	0.126	0.402
0.331	0.105	0.227	0.338
0.366	0.001	0.632	0.001
0.001	0.001	0.983	0.015
0.543	0.114	0.080	0.263
0.856	0.047	0.001	0.096
