>GTCATGCHTGRCTGS	Pax8(Paired,Homeobox)/Thyroid-Pax8-ChIP-Seq(GSE26938)/Homer	8.210973	-128.680345	0	T:518.0(2.92%),B:858.5(1.16%),P:1e-55
0.045	0.107	0.610	0.238
0.092	0.281	0.144	0.483
0.001	0.857	0.020	0.122
0.662	0.199	0.026	0.113
0.083	0.314	0.109	0.494
0.108	0.019	0.872	0.001
0.001	0.676	0.322	0.001
0.291	0.343	0.054	0.313
0.049	0.027	0.001	0.923
0.001	0.240	0.758	0.001
0.415	0.171	0.412	0.001
0.082	0.704	0.177	0.037
0.054	0.001	0.001	0.944
0.003	0.001	0.929	0.067
0.275	0.436	0.288	0.001
