>ANTTWCCHAATTTGG	SVP(MADS)/col-SVP-DAP-Seq(GSE60143)/Homer	7.289011	-21.891639	0	T:1306.0(7.36%),B:4478.1(6.07%),P:1e-9
0.586	0.097	0.090	0.227
0.302	0.292	0.159	0.247
0.160	0.057	0.017	0.766
0.088	0.003	0.062	0.847
0.435	0.016	0.117	0.432
0.027	0.950	0.009	0.014
0.001	0.812	0.001	0.186
0.347	0.241	0.146	0.265
0.503	0.042	0.125	0.330
0.717	0.001	0.006	0.276
0.379	0.004	0.001	0.616
0.310	0.118	0.021	0.551
0.184	0.153	0.241	0.421
0.282	0.001	0.688	0.029
0.097	0.007	0.758	0.138
