>TWCCAWWTWTGG	SOC1(MADS)/Seedling-SOC1-ChIP-Seq(GSE45846)/Homer	7.202191	-15.744339	0	T:869.0(4.89%),B:2962.1(4.02%),P:1e-6
0.091	0.017	0.099	0.793
0.334	0.115	0.148	0.403
0.098	0.702	0.033	0.167
0.001	0.736	0.001	0.262
0.433	0.257	0.122	0.187
0.391	0.082	0.106	0.420
0.556	0.001	0.032	0.411
0.408	0.016	0.016	0.560
0.313	0.131	0.128	0.428
0.254	0.098	0.131	0.517
0.329	0.001	0.654	0.016
0.007	0.016	0.854	0.123
