>GTCCCCWGGGGA	EBF1(EBF)/Near-E2A-ChIP-Seq(GSE21512)/Homer	6.752028	-367.677445	0	T:1558.0(8.77%),B:2687.3(3.64%),P:1e-159
0.184	0.170	0.443	0.203
0.067	0.170	0.263	0.500
0.021	0.618	0.075	0.286
0.012	0.930	0.001	0.057
0.021	0.862	0.001	0.116
0.038	0.917	0.001	0.044
0.537	0.055	0.003	0.405
0.146	0.006	0.770	0.078
0.179	0.001	0.794	0.026
0.019	0.001	0.979	0.001
0.210	0.045	0.724	0.021
0.500	0.204	0.242	0.054
