>YTSCTGGG	1-YTSCTGGG	4.856022	-1890.861683	0	T:10930.0(61.56%),B:26639.1(36.12%),P:1e-821	Tpos:100.6,Tstd:56.1,Bpos:100.0,Bstd:89.0,StrandBias:0.0,Multiplicity:1.72
0.072	0.405	0.252	0.272
0.327	0.110	0.034	0.529
0.034	0.367	0.484	0.114
0.061	0.897	0.041	0.001
0.278	0.001	0.001	0.720
0.038	0.075	0.868	0.019
0.117	0.001	0.672	0.210
0.181	0.091	0.682	0.046
>KCAGSCTG	2-KCAGSCTG	4.547343	-1806.638292	0	T:7650.0(43.09%),B:15076.4(20.44%),P:1e-784	Tpos:103.9,Tstd:56.1,Bpos:101.0,Bstd:89.0,StrandBias:0.0,Multiplicity:1.61
0.097	0.139	0.436	0.328
0.001	0.584	0.414	0.001
0.899	0.001	0.001	0.099
0.001	0.001	0.997	0.001
0.001	0.495	0.503	0.001
0.001	0.997	0.001	0.001
0.114	0.001	0.001	0.884
0.001	0.417	0.581	0.001
>MHCTGWAR	3-MHCTGWAR	4.270064	-1627.571600	0	T:14102.0(79.43%),B:42070.3(57.04%),P:1e-706	Tpos:97.6,Tstd:56.0,Bpos:99.5,Bstd:87.5,StrandBias:-0.0,Multiplicity:1.25
0.401	0.280	0.215	0.104
0.348	0.301	0.001	0.350
0.001	0.960	0.001	0.038
0.001	0.001	0.001	0.997
0.001	0.001	0.997	0.001
0.449	0.001	0.117	0.433
0.636	0.001	0.362	0.001
0.491	0.001	0.507	0.001
>WGCCWSWG	4-WGCCWSWG	5.368082	-1578.664394	0	T:7956.0(44.81%),B:17070.9(23.15%),P:1e-685	Tpos:100.1,Tstd:56.8,Bpos:100.9,Bstd:90.0,StrandBias:-0.2,Multiplicity:1.07
0.420	0.012	0.044	0.524
0.067	0.341	0.558	0.034
0.001	0.707	0.217	0.075
0.001	0.815	0.001	0.183
0.460	0.083	0.001	0.457
0.107	0.465	0.404	0.024
0.541	0.001	0.062	0.396
0.020	0.021	0.866	0.093
>CCTGAGCT	5-CCTGAGCT	3.986995	-1557.053822	0	T:12399.0(69.83%),B:34544.8(46.84%),P:1e-676	Tpos:100.0,Tstd:56.6,Bpos:101.2,Bstd:87.6,StrandBias:0.0,Multiplicity:1.44
0.001	0.622	0.136	0.241
0.001	0.997	0.001	0.001
0.001	0.001	0.001	0.997
0.001	0.001	0.997	0.001
0.636	0.001	0.279	0.084
0.085	0.333	0.581	0.001
0.355	0.601	0.035	0.009
0.077	0.126	0.001	0.796
>CCCTGCCT	6-CCCTGCCT	5.089647	-1489.972054	0	T:10407.0(58.61%),B:26593.9(36.06%),P:1e-647	Tpos:102.8,Tstd:56.9,Bpos:99.3,Bstd:95.5,StrandBias:0.1,Multiplicity:1.47
0.045	0.580	0.111	0.264
0.114	0.718	0.009	0.159
0.071	0.854	0.010	0.065
0.079	0.111	0.038	0.772
0.005	0.093	0.714	0.188
0.040	0.687	0.188	0.085
0.023	0.918	0.020	0.039
0.066	0.175	0.003	0.756
>CAGTTTCT	7-CAGTTTCT	4.061997	-1390.310988	0	T:11271.0(63.48%),B:30663.6(41.58%),P:1e-603	Tpos:94.7,Tstd:56.7,Bpos:99.9,Bstd:89.0,StrandBias:0.1,Multiplicity:1.26
0.012	0.942	0.029	0.017
0.894	0.001	0.001	0.104
0.001	0.075	0.880	0.044
0.035	0.050	0.001	0.914
0.001	0.061	0.057	0.881
0.034	0.068	0.013	0.885
0.001	0.997	0.001	0.001
0.074	0.124	0.001	0.801
>CWSCWGCA	8-CWSCWGCA	4.709998	-1321.492216	0	T:10893.0(61.35%),B:29502.5(40.00%),P:1e-573	Tpos:97.3,Tstd:56.5,Bpos:99.6,Bstd:89.3,StrandBias:0.0,Multiplicity:1.30
0.117	0.577	0.056	0.250
0.464	0.001	0.001	0.534
0.001	0.333	0.464	0.202
0.121	0.778	0.090	0.011
0.523	0.001	0.001	0.475
0.050	0.212	0.737	0.001
0.229	0.558	0.171	0.042
0.531	0.180	0.037	0.252
>CCMAGCCH	9-CCMAGCCH	6.081638	-1315.977404	0	T:6173.0(34.77%),B:12314.1(16.70%),P:1e-571	Tpos:101.6,Tstd:57.0,Bpos:101.6,Bstd:86.9,StrandBias:-0.1,Multiplicity:1.08
0.001	0.707	0.023	0.269
0.001	0.800	0.001	0.198
0.530	0.381	0.001	0.088
0.462	0.001	0.262	0.275
0.030	0.101	0.868	0.001
0.020	0.637	0.342	0.001
0.001	0.944	0.001	0.054
0.408	0.283	0.001	0.307
>TYTSHRAR	10-TYTSHRAR	4.445858	-1238.594592	0	T:7692.0(43.32%),B:17781.8(24.11%),P:1e-537	Tpos:99.8,Tstd:55.9,Bpos:99.8,Bstd:84.7,StrandBias:-0.0,Multiplicity:1.33
0.236	0.128	0.061	0.575
0.001	0.341	0.171	0.487
0.080	0.153	0.211	0.556
0.055	0.414	0.311	0.219
0.302	0.211	0.143	0.344
0.448	0.098	0.382	0.073
0.611	0.024	0.189	0.176
0.409	0.019	0.451	0.121
>TTGGGARG	11-TTGGGARG	5.490488	-1226.143870	0	T:7019.0(39.53%),B:15514.7(21.04%),P:1e-532	Tpos:102.4,Tstd:56.4,Bpos:98.5,Bstd:89.9,StrandBias:0.2,Multiplicity:1.18
0.001	0.311	0.192	0.496
0.165	0.001	0.249	0.585
0.013	0.001	0.593	0.393
0.001	0.033	0.947	0.019
0.224	0.225	0.532	0.019
0.557	0.001	0.372	0.070
0.489	0.001	0.509	0.001
0.368	0.102	0.529	0.001
>CWSWGWGA	12-CWSWGWGA	5.207798	-1196.990726	0	T:9756.0(54.95%),B:25687.6(34.83%),P:1e-519	Tpos:95.7,Tstd:56.4,Bpos:99.1,Bstd:90.1,StrandBias:-0.1,Multiplicity:1.47
0.001	0.666	0.332	0.001
0.398	0.133	0.001	0.468
0.001	0.470	0.528	0.001
0.457	0.045	0.059	0.439
0.001	0.402	0.596	0.001
0.507	0.001	0.103	0.389
0.001	0.336	0.662	0.001
0.648	0.001	0.350	0.001
>TTTCATTT	13-TTTCATTT	5.955933	-907.436764	0	T:9346.0(52.64%),B:25926.9(35.15%),P:1e-394	Tpos:100.8,Tstd:56.5,Bpos:99.9,Bstd:92.1,StrandBias:0.4,Multiplicity:1.59
0.115	0.037	0.012	0.836
0.025	0.050	0.054	0.871
0.061	0.052	0.123	0.764
0.049	0.583	0.098	0.270
0.481	0.143	0.081	0.295
0.028	0.068	0.119	0.785
0.050	0.048	0.037	0.865
0.029	0.115	0.039	0.817
>TTTTTTTT	14-TTTTTTTT	8.236954	-545.998111	0	T:2109.0(11.88%),B:3489.3(4.73%),P:1e-237	Tpos:107.8,Tstd:54.6,Bpos:97.9,Bstd:104.6,StrandBias:1.6,Multiplicity:1.11
0.100	0.100	0.100	0.700
0.100	0.100	0.100	0.700
0.100	0.100	0.100	0.700
0.100	0.100	0.100	0.700
0.100	0.100	0.100	0.700
0.100	0.100	0.100	0.700
0.100	0.100	0.100	0.700
0.100	0.100	0.100	0.700
>WTTTTAAA	15-WTTTTAAA	7.097390	-467.639815	0	T:2637.0(14.85%),B:5322.2(7.22%),P:1e-203	Tpos:104.4,Tstd:56.7,Bpos:96.6,Bstd:81.1,StrandBias:0.0,Multiplicity:1.05
0.401	0.193	0.091	0.315
0.070	0.097	0.001	0.832
0.001	0.105	0.117	0.777
0.045	0.001	0.010	0.944
0.286	0.120	0.118	0.477
0.802	0.074	0.123	0.001
0.855	0.143	0.001	0.001
0.916	0.001	0.082	0.001
>CACACACA	16-CACACACA	8.236954	-372.203930	0	T:621.0(3.50%),B:488.9(0.66%),P:1e-161	Tpos:119.2,Tstd:50.9,Bpos:102.4,Bstd:90.0,StrandBias:-0.0,Multiplicity:1.21
0.100	0.700	0.100	0.100
0.700	0.100	0.100	0.100
0.100	0.700	0.100	0.100
0.700	0.100	0.100	0.100
0.100	0.700	0.100	0.100
0.700	0.100	0.100	0.100
0.100	0.700	0.100	0.100
0.700	0.100	0.100	0.100
>CAGGAGTT	17-CAGGAGTT	8.236954	-366.069237	0	T:552.0(3.11%),B:379.4(0.51%),P:1e-158	Tpos:116.8,Tstd:54.4,Bpos:102.3,Bstd:71.0,StrandBias:1.0,Multiplicity:1.00
0.100	0.700	0.100	0.100
0.700	0.100	0.100	0.100
0.100	0.100	0.700	0.100
0.100	0.100	0.700	0.100
0.700	0.100	0.100	0.100
0.100	0.100	0.700	0.100
0.100	0.100	0.100	0.700
0.100	0.100	0.100	0.700
>ATCTCTGC	18-ATCTCTGC	4.087691	-328.345594	0	T:1549.0(8.72%),B:2825.7(3.83%),P:1e-142	Tpos:105.6,Tstd:56.1,Bpos:100.2,Bstd:86.1,StrandBias:0.4,Multiplicity:1.02
0.919	0.001	0.079	0.001
0.001	0.001	0.001	0.997
0.001	0.997	0.001	0.001
0.001	0.001	0.001	0.997
0.001	0.997	0.001	0.001
0.001	0.001	0.001	0.997
0.072	0.001	0.926	0.001
0.001	0.997	0.001	0.001
>TGCCACCA	19-TGCCACCA	8.479055	-320.677351	0	T:887.0(5.00%),B:1148.0(1.56%),P:1e-139	Tpos:114.2,Tstd:57.3,Bpos:97.5,Bstd:86.3,StrandBias:-0.0,Multiplicity:1.02
0.075	0.314	0.001	0.610
0.001	0.001	0.997	0.001
0.001	0.997	0.001	0.001
0.001	0.997	0.001	0.001
0.997	0.001	0.001	0.001
0.001	0.997	0.001	0.001
0.001	0.997	0.001	0.001
0.997	0.001	0.001	0.001
>CAACATGG	20-CAACATGG	8.236954	-271.552926	0	T:442.0(2.49%),B:336.8(0.46%),P:1e-117	Tpos:115.0,Tstd:56.3,Bpos:98.4,Bstd:93.4,StrandBias:0.3,Multiplicity:1.00
0.100	0.700	0.100	0.100
0.700	0.100	0.100	0.100
0.700	0.100	0.100	0.100
0.100	0.700	0.100	0.100
0.700	0.100	0.100	0.100
0.100	0.100	0.100	0.700
0.100	0.100	0.700	0.100
0.100	0.100	0.700	0.100
>AGCCRAGA	21-AGCCRAGA	10.201516	-257.370141	0	T:656.0(3.69%),B:793.4(1.08%),P:1e-111	Tpos:111.1,Tstd:53.8,Bpos:108.1,Bstd:86.1,StrandBias:-1.5,Multiplicity:1.01
0.997	0.001	0.001	0.001
0.001	0.001	0.997	0.001
0.001	0.997	0.001	0.001
0.001	0.997	0.001	0.001
0.457	0.001	0.541	0.001
0.997	0.001	0.001	0.001
0.001	0.001	0.997	0.001
0.916	0.001	0.082	0.001
>AWATATTT	22-AWATATTT	8.419168	-207.193049	0	T:1874.0(10.55%),B:4463.9(6.05%),P:1e-89	Tpos:106.7,Tstd:56.0,Bpos:98.7,Bstd:75.7,StrandBias:-0.0,Multiplicity:1.06
0.997	0.001	0.001	0.001
0.484	0.001	0.112	0.404
0.982	0.001	0.001	0.016
0.001	0.255	0.001	0.743
0.997	0.001	0.001	0.001
0.001	0.001	0.001	0.997
0.001	0.001	0.130	0.868
0.001	0.001	0.014	0.984
>TGAAACCC	23-TGAAACCC	8.236954	-194.516029	0	T:401.0(2.26%),B:399.8(0.54%),P:1e-84	Tpos:120.3,Tstd:56.2,Bpos:105.1,Bstd:84.7,StrandBias:0.3,Multiplicity:1.00
0.100	0.100	0.100	0.700
0.100	0.100	0.700	0.100
0.700	0.100	0.100	0.100
0.700	0.100	0.100	0.100
0.700	0.100	0.100	0.100
0.100	0.700	0.100	0.100
0.100	0.700	0.100	0.100
0.100	0.700	0.100	0.100
>ATCACTTG	24-ATCACTTG	9.267513	-185.209660	0	T:547.0(3.08%),B:741.4(1.01%),P:1e-80	Tpos:116.2,Tstd:54.2,Bpos:98.3,Bstd:87.7,StrandBias:-0.2,Multiplicity:1.03
0.997	0.001	0.001	0.001
0.001	0.001	0.001	0.997
0.001	0.997	0.001	0.001
0.833	0.001	0.165	0.001
0.001	0.997	0.001	0.001
0.001	0.001	0.001	0.997
0.001	0.001	0.001	0.997
0.001	0.001	0.997	0.001
>ATATATAT	25-ATATATAT	8.236954	-34.847546	0	T:212.0(1.19%),B:437.4(0.59%),P:1e-15	Tpos:139.8,Tstd:42.7,Bpos:103.7,Bstd:60.0,StrandBias:0.0,Multiplicity:1.17
0.700	0.100	0.100	0.100
0.100	0.100	0.100	0.700
0.700	0.100	0.100	0.100
0.100	0.100	0.100	0.700
0.700	0.100	0.100	0.100
0.100	0.100	0.100	0.700
0.700	0.100	0.100	0.100
0.100	0.100	0.100	0.700
