>TYNNVCCCCWGC	1-TYNNVCCCCWGC	5.837102	-1892.038049	0	T:8862.0(49.91%),B:18862.0(25.58%),P:1e-821	Tpos:105.4,Tstd:54.6,Bpos:99.5,Bstd:88.1,StrandBias:0.0,Multiplicity:1.83
0.001	0.353	0.001	0.645
0.095	0.390	0.233	0.281
0.235	0.243	0.277	0.244
0.209	0.211	0.351	0.230
0.347	0.248	0.256	0.148
0.074	0.500	0.092	0.334
0.017	0.594	0.007	0.382
0.172	0.489	0.029	0.310
0.001	0.997	0.001	0.001
0.566	0.007	0.002	0.425
0.001	0.001	0.993	0.005
0.135	0.511	0.353	0.001
>TTGCCCAGGCTG	2-TTGCCCAGGCTG	9.713590	-1717.747432	0	T:1254.0(7.06%),B:118.1(0.16%),P:1e-746	Tpos:119.6,Tstd:53.9,Bpos:116.7,Bstd:79.3,StrandBias:-0.5,Multiplicity:1.01
0.029	0.047	0.049	0.875
0.021	0.119	0.053	0.807
0.100	0.033	0.790	0.077
0.036	0.551	0.371	0.042
0.015	0.789	0.010	0.186
0.034	0.876	0.033	0.057
0.927	0.015	0.027	0.031
0.051	0.026	0.891	0.032
0.048	0.030	0.865	0.057
0.101	0.823	0.029	0.047
0.029	0.013	0.021	0.937
0.058	0.035	0.873	0.034
>NAGCTCTGTGRN	3-NAGCTCTGTGRN	4.682877	-1260.161076	0	T:11271.0(63.48%),B:31436.8(42.63%),P:1e-547	Tpos:96.7,Tstd:55.7,Bpos:99.8,Bstd:87.7,StrandBias:0.0,Multiplicity:1.42
0.315	0.185	0.290	0.210
0.514	0.001	0.300	0.185
0.085	0.070	0.757	0.088
0.063	0.658	0.147	0.132
0.185	0.027	0.001	0.787
0.006	0.572	0.272	0.150
0.111	0.001	0.001	0.887
0.001	0.060	0.850	0.089
0.139	0.001	0.192	0.668
0.001	0.015	0.943	0.041
0.363	0.100	0.395	0.142
0.267	0.173	0.296	0.265
>ACCCCRTCTCWA	4-ACCCCRTCTCWA	10.997577	-1230.125047	0	T:872.0(4.91%),B:64.7(0.09%),P:1e-534	Tpos:122.3,Tstd:52.7,Bpos:75.0,Bstd:80.1,StrandBias:0.2,Multiplicity:1.01
0.898	0.088	0.013	0.001
0.001	0.897	0.013	0.089
0.001	0.658	0.001	0.340
0.013	0.822	0.013	0.152
0.025	0.649	0.025	0.301
0.406	0.063	0.493	0.038
0.001	0.121	0.001	0.877
0.025	0.935	0.001	0.039
0.013	0.025	0.001	0.961
0.001	0.802	0.088	0.109
0.441	0.001	0.001	0.557
0.899	0.012	0.001	0.088
>GAGAGAGAGAGA	5-GAGAGAGAGAGA	4.137176	-1195.919897	0	T:12716.0(71.62%),B:38122.4(51.69%),P:1e-519	Tpos:97.7,Tstd:55.3,Bpos:100.1,Bstd:99.3,StrandBias:-0.4,Multiplicity:1.63
0.183	0.152	0.644	0.021
0.786	0.018	0.125	0.071
0.117	0.212	0.654	0.017
0.810	0.002	0.122	0.066
0.128	0.161	0.705	0.006
0.846	0.005	0.090	0.059
0.124	0.151	0.703	0.022
0.685	0.060	0.112	0.143
0.162	0.124	0.701	0.013
0.854	0.005	0.108	0.033
0.194	0.091	0.686	0.029
0.733	0.053	0.142	0.072
>AAAAAAAAAAAA	6-AAAAAAAAAAAA	10.539677	-1165.856113	0	T:1929.0(10.86%),B:1555.5(2.11%),P:1e-506	Tpos:108.5,Tstd:53.3,Bpos:92.6,Bstd:108.7,StrandBias:-1.8,Multiplicity:1.12
0.792	0.043	0.013	0.152
0.794	0.135	0.009	0.062
0.889	0.066	0.018	0.027
0.865	0.073	0.022	0.040
0.822	0.074	0.022	0.082
0.832	0.059	0.013	0.096
0.867	0.110	0.002	0.021
0.817	0.149	0.010	0.024
0.855	0.069	0.036	0.040
0.832	0.068	0.050	0.050
0.817	0.056	0.061	0.066
0.817	0.085	0.036	0.062
>GRATCACTTGAG	7-GRATCACTTGAG	10.638090	-991.336494	0	T:734.0(4.13%),B:72.4(0.10%),P:1e-430	Tpos:119.9,Tstd:53.0,Bpos:84.2,Bstd:71.9,StrandBias:-0.2,Multiplicity:1.04
0.197	0.001	0.801	0.001
0.541	0.001	0.457	0.001
0.873	0.001	0.118	0.008
0.001	0.063	0.128	0.808
0.008	0.651	0.110	0.231
0.466	0.142	0.247	0.145
0.015	0.804	0.001	0.180
0.001	0.243	0.001	0.755
0.079	0.024	0.055	0.842
0.049	0.063	0.831	0.057
0.897	0.001	0.101	0.001
0.374	0.001	0.624	0.001
>GCTCACTGCAGC	8-GCTCACTGCAGC	10.228916	-990.399607	0	T:755.0(4.25%),B:88.7(0.12%),P:1e-430	Tpos:103.5,Tstd:55.6,Bpos:92.4,Bstd:67.6,StrandBias:1.0,Multiplicity:1.00
0.064	0.001	0.923	0.012
0.001	0.646	0.012	0.341
0.013	0.038	0.051	0.898
0.038	0.910	0.051	0.001
0.753	0.118	0.001	0.128
0.001	0.869	0.077	0.053
0.064	0.014	0.013	0.909
0.039	0.013	0.927	0.021
0.077	0.806	0.001	0.116
0.991	0.001	0.001	0.007
0.280	0.001	0.718	0.001
0.013	0.740	0.195	0.052
>GGGCGTGGTGGC	9-GGGCGTGGTGGC	10.344333	-948.624500	0	T:810.0(4.56%),B:158.5(0.21%),P:1e-411	Tpos:119.6,Tstd:53.7,Bpos:100.5,Bstd:88.3,StrandBias:1.1,Multiplicity:1.07
0.373	0.001	0.577	0.049
0.054	0.001	0.944	0.001
0.045	0.001	0.953	0.001
0.051	0.601	0.001	0.347
0.315	0.023	0.645	0.017
0.052	0.225	0.017	0.706
0.220	0.003	0.776	0.001
0.119	0.001	0.875	0.005
0.001	0.001	0.001	0.997
0.001	0.001	0.997	0.001
0.022	0.005	0.972	0.001
0.001	0.774	0.005	0.220
>CAYGCCTGTAAT	10-CAYGCCTGTAAT	10.674250	-918.251495	0	T:656.0(3.69%),B:50.9(0.07%),P:1e-398	Tpos:118.7,Tstd:55.6,Bpos:80.0,Bstd:83.2,StrandBias:0.8,Multiplicity:1.01
0.014	0.930	0.042	0.014
0.916	0.014	0.069	0.001
0.028	0.405	0.070	0.497
0.147	0.042	0.713	0.098
0.056	0.829	0.056	0.059
0.028	0.939	0.001	0.032
0.001	0.056	0.014	0.929
0.135	0.074	0.790	0.001
0.014	0.042	0.014	0.930
0.929	0.056	0.001	0.014
0.823	0.055	0.121	0.001
0.071	0.028	0.028	0.873
>GCCTCCCAAAGT	11-GCCTCCCAAAGT	9.683486	-886.400910	0	T:562.0(3.17%),B:10.0(0.01%),P:1e-384	Tpos:114.8,Tstd:51.2,Bpos:121.9,Bstd:64.9,StrandBias:-2.1,Multiplicity:1.00
0.031	0.008	0.960	0.001
0.004	0.971	0.002	0.023
0.001	0.958	0.002	0.039
0.003	0.001	0.001	0.995
0.006	0.952	0.008	0.034
0.001	0.974	0.002	0.023
0.002	0.976	0.006	0.016
0.986	0.001	0.008	0.005
0.966	0.001	0.032	0.001
0.997	0.001	0.001	0.001
0.023	0.015	0.947	0.015
0.016	0.001	0.002	0.981
>CTCMGCCTCCCG	12-CTCMGCCTCCCG	11.846993	-807.746355	0	T:565.0(3.18%),B:36.3(0.05%),P:1e-350	Tpos:120.0,Tstd:53.0,Bpos:87.0,Bstd:56.1,StrandBias:1.5,Multiplicity:1.02
0.001	0.997	0.001	0.001
0.041	0.168	0.041	0.750
0.001	0.866	0.001	0.132
0.539	0.459	0.001	0.001
0.342	0.001	0.637	0.020
0.001	0.997	0.001	0.001
0.001	0.725	0.001	0.273
0.001	0.001	0.001	0.997
0.001	0.854	0.001	0.144
0.040	0.958	0.001	0.001
0.001	0.937	0.061	0.001
0.320	0.206	0.472	0.001
>CTCCYRAGTAGC	13-CTCCYRAGTAGC	11.345490	-690.347368	0	T:482.0(2.71%),B:30.3(0.04%),P:1e-299	Tpos:131.3,Tstd:53.5,Bpos:111.1,Bstd:89.1,StrandBias:1.3,Multiplicity:1.00
0.001	0.748	0.001	0.250
0.074	0.001	0.001	0.924
0.001	0.707	0.100	0.192
0.001	0.630	0.001	0.368
0.001	0.528	0.001	0.470
0.500	0.100	0.399	0.001
0.832	0.001	0.166	0.001
0.065	0.001	0.933	0.001
0.001	0.001	0.001	0.997
0.997	0.001	0.001	0.001
0.327	0.001	0.671	0.001
0.226	0.673	0.100	0.001
>AGGYGGGCGGAT	14-AGGYGGGCGGAT	10.802616	-677.294708	0	T:512.0(2.88%),B:56.3(0.08%),P:1e-294	Tpos:116.6,Tstd:50.9,Bpos:92.3,Bstd:65.3,StrandBias:1.8,Multiplicity:1.00
0.948	0.038	0.013	0.001
0.091	0.001	0.870	0.038
0.012	0.001	0.986	0.001
0.040	0.422	0.008	0.530
0.344	0.008	0.622	0.026
0.083	0.001	0.891	0.025
0.098	0.077	0.824	0.001
0.279	0.451	0.001	0.269
0.318	0.001	0.590	0.091
0.026	0.001	0.972	0.001
0.914	0.072	0.013	0.001
0.013	0.181	0.050	0.756
>GGAGTTCGAGAC	15-GGAGTTCGAGAC	10.659128	-676.786521	0	T:517.0(2.91%),B:60.5(0.08%),P:1e-293	Tpos:119.5,Tstd:52.6,Bpos:99.2,Bstd:65.7,StrandBias:1.1,Multiplicity:1.00
0.135	0.001	0.770	0.094
0.027	0.036	0.896	0.041
0.906	0.027	0.040	0.027
0.054	0.041	0.838	0.067
0.029	0.040	0.040	0.891
0.001	0.026	0.001	0.972
0.063	0.599	0.027	0.311
0.264	0.068	0.628	0.040
0.883	0.027	0.027	0.063
0.013	0.001	0.973	0.013
0.824	0.027	0.108	0.041
0.052	0.827	0.027	0.094
>CATYTGWAAAAW	16-CATYTGWAAAAW	6.119155	-676.154803	0	T:7566.0(42.61%),B:20763.0(28.15%),P:1e-293	Tpos:100.8,Tstd:55.2,Bpos:100.5,Bstd:81.7,StrandBias:-0.0,Multiplicity:1.29
0.262	0.425	0.050	0.263
0.527	0.158	0.001	0.314
0.239	0.114	0.126	0.521
0.199	0.368	0.126	0.307
0.051	0.001	0.001	0.947
0.023	0.215	0.473	0.289
0.334	0.082	0.189	0.394
0.498	0.137	0.330	0.034
0.953	0.016	0.030	0.001
0.961	0.022	0.016	0.001
0.505	0.144	0.153	0.198
0.374	0.107	0.162	0.357
>WWTTTTTWAAAA	17-WWTTTTTWAAAA	7.732748	-646.065077	0	T:2667.0(15.02%),B:4630.3(6.28%),P:1e-280	Tpos:107.6,Tstd:52.8,Bpos:99.4,Bstd:73.6,StrandBias:-0.0,Multiplicity:1.14
0.323	0.139	0.128	0.411
0.304	0.178	0.141	0.376
0.242	0.214	0.117	0.427
0.172	0.124	0.033	0.671
0.003	0.044	0.002	0.951
0.001	0.018	0.001	0.980
0.168	0.045	0.045	0.742
0.484	0.091	0.029	0.396
0.797	0.023	0.064	0.116
0.990	0.001	0.008	0.001
0.867	0.018	0.070	0.045
0.611	0.036	0.127	0.226
>CAGCAGCAGCAG	18-CAGCAGCAGCAG	4.529823	-637.467754	0	T:7303.0(41.13%),B:20070.1(27.21%),P:1e-276	Tpos:96.1,Tstd:55.5,Bpos:99.2,Bstd:87.5,StrandBias:-0.1,Multiplicity:1.25
0.168	0.639	0.116	0.077
0.841	0.013	0.079	0.067
0.102	0.091	0.766	0.041
0.104	0.756	0.111	0.029
0.823	0.013	0.017	0.147
0.126	0.087	0.706	0.081
0.062	0.890	0.035	0.013
0.744	0.092	0.011	0.153
0.122	0.091	0.714	0.073
0.096	0.817	0.075	0.012
0.710	0.101	0.044	0.145
0.173	0.120	0.648	0.059
>AAAAAATTAGCC	19-AAAAAATTAGCC	10.729402	-576.996065	0	T:414.0(2.33%),B:32.3(0.04%),P:1e-250	Tpos:121.4,Tstd:60.8,Bpos:109.1,Bstd:55.6,StrandBias:-0.2,Multiplicity:1.00
0.535	0.270	0.173	0.022
0.516	0.235	0.007	0.242
0.665	0.261	0.048	0.026
0.680	0.204	0.108	0.008
0.672	0.051	0.109	0.168
0.769	0.030	0.028	0.173
0.268	0.027	0.020	0.685
0.031	0.045	0.243	0.681
0.910	0.018	0.032	0.040
0.026	0.274	0.664	0.036
0.197	0.748	0.025	0.030
0.019	0.561	0.012	0.408
>AGAGYGAAACTC	20-AGAGYGAAACTC	9.490072	-559.154068	0	T:424.0(2.39%),B:47.3(0.06%),P:1e-242	Tpos:114.5,Tstd:51.3,Bpos:86.9,Bstd:31.6,StrandBias:-2.4,Multiplicity:1.00
0.997	0.001	0.001	0.001
0.013	0.001	0.985	0.001
0.967	0.001	0.031	0.001
0.001	0.001	0.997	0.001
0.001	0.515	0.057	0.427
0.014	0.014	0.971	0.001
0.997	0.001	0.001	0.001
0.871	0.001	0.127	0.001
0.943	0.001	0.042	0.014
0.001	0.997	0.001	0.001
0.013	0.001	0.001	0.985
0.013	0.985	0.001	0.001
>CATGGWGAAACC	21-CATGGWGAAACC	8.772709	-446.673077	0	T:862.0(4.85%),B:805.0(1.09%),P:1e-193	Tpos:104.7,Tstd:57.3,Bpos:98.3,Bstd:88.5,StrandBias:-0.3,Multiplicity:1.03
0.001	0.931	0.001	0.067
0.908	0.018	0.001	0.073
0.025	0.001	0.027	0.947
0.175	0.001	0.823	0.001
0.195	0.034	0.715	0.056
0.420	0.062	0.158	0.360
0.237	0.007	0.655	0.101
0.721	0.001	0.277	0.001
0.862	0.001	0.136	0.001
0.782	0.001	0.216	0.001
0.105	0.605	0.256	0.034
0.155	0.625	0.001	0.219
>ACACACACACAC	22-ACACACACACAC	11.281650	-391.467923	0	T:293.0(1.65%),B:30.5(0.04%),P:1e-170	Tpos:124.0,Tstd:47.3,Bpos:103.4,Bstd:42.2,StrandBias:-0.1,Multiplicity:1.20
0.755	0.044	0.131	0.070
0.097	0.668	0.068	0.167
0.884	0.025	0.049	0.042
0.032	0.738	0.086	0.144
0.885	0.031	0.051	0.033
0.019	0.770	0.049	0.162
0.915	0.027	0.035	0.023
0.003	0.798	0.065	0.134
0.878	0.024	0.061	0.037
0.025	0.698	0.086	0.191
0.799	0.066	0.058	0.077
0.059	0.499	0.106	0.336
>ATATATATATAT	23-ATATATATATAT	9.102636	-137.847417	0	T:709.0(3.99%),B:1336.2(1.81%),P:1e-59	Tpos:131.5,Tstd:46.6,Bpos:102.1,Bstd:66.2,StrandBias:0.3,Multiplicity:1.15
0.670	0.015	0.125	0.190
0.001	0.114	0.001	0.884
0.823	0.001	0.046	0.130
0.073	0.093	0.035	0.799
0.751	0.010	0.109	0.130
0.001	0.079	0.001	0.919
0.769	0.018	0.071	0.142
0.001	0.043	0.001	0.955
0.788	0.001	0.023	0.188
0.001	0.032	0.001	0.966
0.735	0.031	0.056	0.178
0.001	0.041	0.019	0.939
>AATGAATGAATG	24-AATGAATGAATG	10.956370	-78.886686	0	T:127.0(0.72%),B:97.5(0.13%),P:1e-34	Tpos:96.6,Tstd:55.4,Bpos:96.4,Bstd:62.0,StrandBias:-0.6,Multiplicity:1.05
0.925	0.001	0.067	0.007
0.945	0.016	0.038	0.001
0.055	0.001	0.025	0.919
0.041	0.001	0.933	0.025
0.964	0.007	0.028	0.001
0.967	0.001	0.031	0.001
0.011	0.001	0.034	0.954
0.020	0.019	0.949	0.012
0.983	0.001	0.005	0.011
0.887	0.057	0.045	0.011
0.001	0.001	0.015	0.983
0.087	0.016	0.881	0.016
>ATTATTATTATT	25-ATTATTATTATT	12.355432	-20.148526	0	T:22.0(0.12%),B:10.4(0.01%),P:1e-8	Tpos:144.9,Tstd:48.5,Bpos:85.0,Bstd:29.1,StrandBias:1.6,Multiplicity:1.00
0.700	0.100	0.100	0.100
0.100	0.100	0.100	0.700
0.100	0.100	0.100	0.700
0.700	0.100	0.100	0.100
0.100	0.100	0.100	0.700
0.100	0.100	0.100	0.700
0.700	0.100	0.100	0.100
0.100	0.100	0.100	0.700
0.100	0.100	0.100	0.700
0.700	0.100	0.100	0.100
0.100	0.100	0.100	0.700
0.100	0.100	0.100	0.700
