>CYCAGCCWSN	1-CYCAGCCWSN	5.590612	-2001.917106	0	T:7517.0(42.34%),B:13901.7(18.85%),P:1e-869	Tpos:103.5,Tstd:55.3,Bpos:99.4,Bstd:90.6,StrandBias:0.1,Multiplicity:1.66
0.038	0.616	0.188	0.158
0.099	0.495	0.015	0.391
0.049	0.764	0.176	0.011
0.601	0.031	0.033	0.335
0.003	0.163	0.806	0.028
0.030	0.601	0.250	0.119
0.032	0.842	0.001	0.125
0.421	0.071	0.001	0.507
0.036	0.454	0.408	0.102
0.211	0.256	0.297	0.236
>WGCTGKGNBY	2-WGCTGKGNBY	5.172765	-1913.316484	0	T:11939.0(67.24%),B:30680.5(41.60%),P:1e-830	Tpos:99.5,Tstd:55.7,Bpos:99.7,Bstd:87.7,StrandBias:-0.0,Multiplicity:1.72
0.383	0.001	0.183	0.433
0.076	0.277	0.464	0.182
0.122	0.876	0.001	0.001
0.277	0.001	0.001	0.721
0.001	0.026	0.972	0.001
0.253	0.001	0.426	0.320
0.001	0.056	0.942	0.001
0.311	0.193	0.283	0.213
0.136	0.272	0.224	0.368
0.161	0.320	0.153	0.366
>YTTGGGRAAA	3-YTTGGGRAAA	5.337502	-1677.144320	0	T:9868.0(55.58%),B:23536.9(31.91%),P:1e-728	Tpos:101.1,Tstd:56.0,Bpos:99.8,Bstd:88.6,StrandBias:0.0,Multiplicity:1.20
0.076	0.397	0.130	0.397
0.078	0.260	0.064	0.598
0.033	0.001	0.269	0.697
0.057	0.001	0.589	0.353
0.215	0.001	0.656	0.128
0.381	0.001	0.606	0.012
0.501	0.004	0.494	0.001
0.695	0.001	0.303	0.001
0.611	0.105	0.282	0.002
0.480	0.111	0.216	0.194
>CCCAGGCWKG	4-CCCAGGCWKG	5.337239	-1615.246468	0	T:5003.0(28.18%),B:7733.4(10.49%),P:1e-701	Tpos:102.1,Tstd:55.9,Bpos:100.5,Bstd:86.2,StrandBias:-0.0,Multiplicity:1.06
0.194	0.378	0.218	0.211
0.156	0.715	0.003	0.126
0.272	0.716	0.008	0.004
0.582	0.002	0.051	0.365
0.159	0.002	0.686	0.153
0.186	0.149	0.509	0.156
0.144	0.467	0.299	0.091
0.322	0.157	0.101	0.420
0.207	0.001	0.463	0.329
0.118	0.162	0.522	0.198
>CTGGCCCWKG	5-CTGGCCCWKG	4.814582	-1510.951435	0	T:11644.0(65.58%),B:31544.0(42.77%),P:1e-656	Tpos:97.9,Tstd:56.0,Bpos:100.1,Bstd:87.9,StrandBias:-0.0,Multiplicity:1.40
0.077	0.579	0.268	0.076
0.382	0.001	0.001	0.616
0.001	0.001	0.705	0.293
0.209	0.188	0.434	0.169
0.001	0.718	0.280	0.001
0.171	0.494	0.001	0.334
0.117	0.582	0.001	0.300
0.434	0.215	0.001	0.349
0.251	0.001	0.417	0.330
0.268	0.001	0.581	0.150
>WKVCWGRAAD	6-WKVCWGRAAD	4.789615	-1206.986018	0	T:9731.0(54.81%),B:25530.5(34.62%),P:1e-524	Tpos:100.7,Tstd:56.1,Bpos:100.1,Bstd:88.0,StrandBias:-0.1,Multiplicity:1.25
0.324	0.065	0.157	0.454
0.190	0.131	0.401	0.277
0.231	0.346	0.229	0.194
0.251	0.580	0.106	0.063
0.467	0.001	0.028	0.504
0.001	0.001	0.997	0.001
0.372	0.123	0.418	0.086
0.529	0.268	0.156	0.047
0.538	0.063	0.165	0.234
0.253	0.131	0.285	0.330
>SAGAGAGAGA	7-SAGAGAGAGA	4.672295	-1159.388728	0	T:12473.0(70.25%),B:37268.2(50.53%),P:1e-503	Tpos:96.8,Tstd:56.2,Bpos:99.6,Bstd:93.2,StrandBias:-0.3,Multiplicity:1.56
0.102	0.463	0.396	0.038
0.783	0.005	0.004	0.208
0.075	0.321	0.603	0.001
0.771	0.001	0.072	0.156
0.173	0.231	0.594	0.002
0.688	0.026	0.192	0.094
0.224	0.182	0.593	0.001
0.610	0.055	0.149	0.186
0.207	0.224	0.512	0.057
0.484	0.076	0.146	0.294
>CCTGTAATCC	8-CCTGTAATCC	10.561488	-1073.158222	0	T:801.0(4.51%),B:83.4(0.11%),P:1e-466	Tpos:122.3,Tstd:55.9,Bpos:93.5,Bstd:87.4,StrandBias:0.9,Multiplicity:1.01
0.001	0.997	0.001	0.001
0.001	0.997	0.001	0.001
0.001	0.001	0.001	0.997
0.073	0.001	0.925	0.001
0.001	0.001	0.001	0.997
0.997	0.001	0.001	0.001
0.753	0.001	0.245	0.001
0.001	0.001	0.001	0.997
0.001	0.944	0.001	0.054
0.001	0.997	0.001	0.001
>SCWGCTGCWG	9-SCWGCTGCWG	4.952474	-1050.934692	0	T:7803.0(43.95%),B:19199.5(26.03%),P:1e-456	Tpos:98.8,Tstd:56.1,Bpos:100.4,Bstd:87.9,StrandBias:0.1,Multiplicity:1.30
0.157	0.332	0.416	0.095
0.203	0.604	0.115	0.078
0.426	0.005	0.141	0.428
0.001	0.229	0.654	0.116
0.016	0.900	0.050	0.034
0.407	0.020	0.002	0.571
0.003	0.259	0.636	0.102
0.038	0.840	0.106	0.016
0.389	0.094	0.001	0.516
0.092	0.231	0.558	0.119
>CTCCGYCTCY	10-CTCCGYCTCY	8.450291	-1043.466303	0	T:1492.0(8.40%),B:974.6(1.32%),P:1e-453	Tpos:119.3,Tstd:52.5,Bpos:102.0,Bstd:88.7,StrandBias:0.4,Multiplicity:1.03
0.006	0.931	0.017	0.046
0.102	0.293	0.001	0.604
0.026	0.794	0.086	0.094
0.190	0.651	0.080	0.079
0.200	0.096	0.648	0.056
0.008	0.402	0.090	0.500
0.001	0.800	0.110	0.089
0.001	0.006	0.050	0.943
0.001	0.997	0.001	0.001
0.204	0.352	0.001	0.444
>AAAAAAAAAA	11-AAAAAAAAAA	13.724707	-956.704054	0	T:1227.0(6.91%),B:668.2(0.91%),P:1e-415	Tpos:107.9,Tstd:54.0,Bpos:95.5,Bstd:113.5,StrandBias:-2.0,Multiplicity:1.05
0.944	0.054	0.001	0.001
0.997	0.001	0.001	0.001
0.997	0.001	0.001	0.001
0.997	0.001	0.001	0.001
0.997	0.001	0.001	0.001
0.997	0.001	0.001	0.001
0.997	0.001	0.001	0.001
0.997	0.001	0.001	0.001
0.997	0.001	0.001	0.001
0.945	0.001	0.053	0.001
>GTGCAGTGGC	12-GTGCAGTGGC	8.588631	-866.452428	0	T:1063.0(5.99%),B:532.4(0.72%),P:1e-376	Tpos:119.3,Tstd:54.7,Bpos:95.0,Bstd:82.9,StrandBias:1.1,Multiplicity:1.01
0.024	0.060	0.866	0.050
0.075	0.066	0.087	0.772
0.058	0.031	0.860	0.051
0.097	0.700	0.021	0.182
0.759	0.013	0.193	0.035
0.215	0.050	0.720	0.015
0.060	0.008	0.020	0.912
0.046	0.027	0.900	0.027
0.037	0.018	0.904	0.041
0.112	0.614	0.072	0.202
>HTTTTTAAAA	13-HTTTTTAAAA	6.764647	-677.056238	0	T:4262.0(24.00%),B:9258.9(12.55%),P:1e-294	Tpos:106.0,Tstd:54.1,Bpos:99.3,Bstd:78.6,StrandBias:-0.0,Multiplicity:1.24
0.340	0.242	0.093	0.325
0.273	0.203	0.090	0.434
0.120	0.103	0.033	0.744
0.008	0.052	0.001	0.939
0.019	0.084	0.011	0.886
0.154	0.119	0.154	0.573
0.534	0.062	0.104	0.300
0.944	0.001	0.043	0.012
0.953	0.001	0.038	0.008
0.755	0.001	0.118	0.126
>CTTTGGGAGG	14-CTTTGGGAGG	10.382185	-661.629969	0	T:564.0(3.18%),B:109.0(0.15%),P:1e-287	Tpos:113.8,Tstd:53.7,Bpos:97.6,Bstd:88.0,StrandBias:1.9,Multiplicity:1.01
0.001	0.997	0.001	0.001
0.001	0.001	0.001	0.997
0.001	0.065	0.001	0.933
0.001	0.001	0.001	0.997
0.001	0.001	0.997	0.001
0.001	0.001	0.997	0.001
0.001	0.001	0.997	0.001
0.997	0.001	0.001	0.001
0.062	0.001	0.936	0.001
0.036	0.001	0.962	0.001
>GGTGGCTCAC	15-GGTGGCTCAC	9.213993	-636.486371	0	T:661.0(3.72%),B:230.6(0.31%),P:1e-276	Tpos:114.0,Tstd:53.8,Bpos:109.3,Bstd:82.8,StrandBias:1.9,Multiplicity:1.13
0.111	0.073	0.785	0.031
0.051	0.001	0.873	0.075
0.158	0.129	0.025	0.688
0.017	0.018	0.938	0.027
0.167	0.021	0.750	0.062
0.314	0.609	0.038	0.039
0.087	0.020	0.073	0.820
0.006	0.886	0.030	0.078
0.937	0.023	0.002	0.038
0.026	0.720	0.042	0.212
>RTTTTTTTWT	16-RTTTTTTTWT	6.637456	-600.783065	0	T:6435.0(36.24%),B:17158.3(23.27%),P:1e-260	Tpos:113.4,Tstd:54.4,Bpos:100.0,Bstd:84.1,StrandBias:0.5,Multiplicity:1.31
0.418	0.020	0.320	0.243
0.080	0.001	0.041	0.878
0.243	0.034	0.209	0.514
0.050	0.058	0.001	0.891
0.295	0.001	0.234	0.470
0.001	0.118	0.001	0.880
0.275	0.052	0.210	0.462
0.023	0.109	0.001	0.867
0.412	0.047	0.126	0.416
0.028	0.001	0.165	0.806
>TTTCAGTTTC	17-TTTCAGTTTC	7.305711	-458.185242	0	T:2770.0(15.60%),B:5770.0(7.82%),P:1e-198	Tpos:88.1,Tstd:57.2,Bpos:98.6,Bstd:90.9,StrandBias:0.4,Multiplicity:1.06
0.029	0.088	0.017	0.866
0.013	0.151	0.111	0.725
0.058	0.042	0.062	0.838
0.017	0.889	0.028	0.066
0.954	0.001	0.005	0.040
0.056	0.074	0.762	0.108
0.077	0.091	0.010	0.822
0.038	0.023	0.071	0.868
0.036	0.191	0.115	0.658
0.054	0.617	0.102	0.227
>GAGTTCRAGA	18-GAGTTCRAGA	8.143042	-426.291593	0	T:750.0(4.22%),B:630.9(0.86%),P:1e-185	Tpos:117.8,Tstd:54.2,Bpos:106.6,Bstd:83.9,StrandBias:0.9,Multiplicity:1.22
0.043	0.103	0.816	0.038
0.796	0.024	0.146	0.034
0.028	0.102	0.785	0.085
0.098	0.106	0.238	0.558
0.008	0.101	0.039	0.852
0.019	0.637	0.210	0.134
0.345	0.179	0.404	0.072
0.628	0.031	0.260	0.081
0.029	0.032	0.930	0.009
0.597	0.145	0.135	0.123
>CGGGTTCAAG	19-CGGGTTCAAG	11.060401	-406.085855	0	T:359.0(2.02%),B:78.9(0.11%),P:1e-176	Tpos:124.6,Tstd:48.5,Bpos:84.8,Bstd:98.2,StrandBias:1.7,Multiplicity:1.00
0.001	0.854	0.001	0.144
0.183	0.001	0.815	0.001
0.001	0.001	0.997	0.001
0.001	0.001	0.997	0.001
0.001	0.001	0.001	0.997
0.001	0.001	0.001	0.997
0.001	0.997	0.001	0.001
0.997	0.001	0.001	0.001
0.909	0.089	0.001	0.001
0.001	0.001	0.997	0.001
>CACACACACA	20-CACACACACA	9.046922	-391.915525	0	T:613.0(3.45%),B:443.4(0.60%),P:1e-170	Tpos:117.1,Tstd:51.1,Bpos:100.8,Bstd:85.0,StrandBias:-0.0,Multiplicity:1.22
0.023	0.929	0.015	0.033
0.976	0.001	0.011	0.012
0.008	0.965	0.009	0.018
0.990	0.001	0.008	0.001
0.001	0.956	0.020	0.023
0.996	0.001	0.001	0.002
0.001	0.969	0.009	0.021
0.990	0.001	0.008	0.001
0.013	0.950	0.013	0.024
0.956	0.013	0.018	0.013
>CAACATGGTG	21-CAACATGGTG	11.132839	-330.973357	0	T:229.0(1.29%),B:13.5(0.02%),P:1e-143	Tpos:125.3,Tstd:54.5,Bpos:107.7,Bstd:91.1,StrandBias:0.7,Multiplicity:1.00
0.001	0.997	0.001	0.001
0.997	0.001	0.001	0.001
0.997	0.001	0.001	0.001
0.001	0.997	0.001	0.001
0.997	0.001	0.001	0.001
0.001	0.001	0.001	0.997
0.001	0.001	0.997	0.001
0.001	0.001	0.997	0.001
0.001	0.067	0.001	0.931
0.001	0.001	0.997	0.001
>ACGCCYGGCT	22-ACGCCYGGCT	10.376597	-283.454229	0	T:321.0(1.81%),B:135.2(0.18%),P:1e-123	Tpos:127.9,Tstd:53.5,Bpos:115.4,Bstd:77.7,StrandBias:0.1,Multiplicity:1.00
0.997	0.001	0.001	0.001
0.001	0.700	0.001	0.298
0.195	0.001	0.803	0.001
0.001	0.997	0.001	0.001
0.001	0.997	0.001	0.001
0.001	0.460	0.001	0.538
0.001	0.001	0.997	0.001
0.001	0.001	0.997	0.001
0.001	0.997	0.001	0.001
0.001	0.001	0.001	0.997
>ATCTCTGCCC	23-ATCTCTGCCC	8.607704	-270.841972	0	T:435.0(2.45%),B:325.6(0.44%),P:1e-117	Tpos:111.6,Tstd:54.0,Bpos:86.0,Bstd:59.1,StrandBias:2.1,Multiplicity:1.00
0.913	0.085	0.001	0.001
0.001	0.001	0.001	0.997
0.001	0.997	0.001	0.001
0.001	0.001	0.001	0.997
0.001	0.997	0.001	0.001
0.001	0.001	0.050	0.948
0.001	0.001	0.997	0.001
0.001	0.997	0.001	0.001
0.001	0.776	0.001	0.222
0.001	0.913	0.001	0.085
>GTGGGARGAN	24-GTGGGARGAN	9.026693	-262.734957	0	T:637.0(3.59%),B:738.7(1.00%),P:1e-114	Tpos:106.2,Tstd:55.6,Bpos:102.6,Bstd:93.4,StrandBias:0.4,Multiplicity:1.03
0.185	0.142	0.672	0.001
0.187	0.101	0.001	0.711
0.001	0.001	0.997	0.001
0.001	0.001	0.997	0.001
0.001	0.001	0.997	0.001
0.522	0.325	0.001	0.152
0.453	0.001	0.545	0.001
0.003	0.001	0.995	0.001
0.835	0.028	0.001	0.136
0.237	0.210	0.293	0.260
>GGGGGTGGGG	25-GGGGGTGGGG	8.519444	-252.423836	0	T:952.0(5.36%),B:1522.5(2.06%),P:1e-109	Tpos:107.9,Tstd:56.7,Bpos:98.8,Bstd:96.9,StrandBias:-0.3,Multiplicity:1.20
0.041	0.035	0.781	0.143
0.001	0.008	0.983	0.008
0.016	0.024	0.918	0.042
0.001	0.001	0.952	0.046
0.031	0.001	0.925	0.043
0.052	0.197	0.001	0.750
0.015	0.005	0.979	0.001
0.001	0.001	0.963	0.035
0.013	0.001	0.946	0.040
0.017	0.004	0.978	0.001
