>CYCAGCCWSN	1-CYCAGCCWSN	5.590612	-2001.917106	0	T:7517.0(42.34%),B:13901.7(18.85%),P:1e-869	Tpos:103.5,Tstd:55.3,Bpos:99.4,Bstd:90.6,StrandBias:0.1,Multiplicity:1.66
0.038	0.616	0.188	0.158
0.099	0.495	0.015	0.391
0.049	0.764	0.176	0.011
0.601	0.031	0.033	0.335
0.003	0.163	0.806	0.028
0.030	0.601	0.250	0.119
0.032	0.842	0.001	0.125
0.421	0.071	0.001	0.507
0.036	0.454	0.408	0.102
0.211	0.256	0.297	0.236
>WGCTGKGNBY	2-WGCTGKGNBY	5.172765	-1913.316484	0	T:11939.0(67.24%),B:30680.5(41.60%),P:1e-830	Tpos:99.5,Tstd:55.7,Bpos:99.7,Bstd:87.7,StrandBias:-0.0,Multiplicity:1.72
0.383	0.001	0.183	0.433
0.076	0.277	0.464	0.182
0.122	0.876	0.001	0.001
0.277	0.001	0.001	0.721
0.001	0.026	0.972	0.001
0.253	0.001	0.426	0.320
0.001	0.056	0.942	0.001
0.311	0.193	0.283	0.213
0.136	0.272	0.224	0.368
0.161	0.320	0.153	0.366
>YTTGGGRAAA	3-YTTGGGRAAA	5.337502	-1677.144320	0	T:9868.0(55.58%),B:23536.9(31.91%),P:1e-728	Tpos:101.1,Tstd:56.0,Bpos:99.8,Bstd:88.6,StrandBias:0.0,Multiplicity:1.20
0.076	0.397	0.130	0.397
0.078	0.260	0.064	0.598
0.033	0.001	0.269	0.697
0.057	0.001	0.589	0.353
0.215	0.001	0.656	0.128
0.381	0.001	0.606	0.012
0.501	0.004	0.494	0.001
0.695	0.001	0.303	0.001
0.611	0.105	0.282	0.002
0.480	0.111	0.216	0.194
>CCCAGGCWKG	4-CCCAGGCWKG	5.337239	-1615.246468	0	T:5003.0(28.18%),B:7733.4(10.49%),P:1e-701	Tpos:102.1,Tstd:55.9,Bpos:100.5,Bstd:86.2,StrandBias:-0.0,Multiplicity:1.06
0.194	0.378	0.218	0.211
0.156	0.715	0.003	0.126
0.272	0.716	0.008	0.004
0.582	0.002	0.051	0.365
0.159	0.002	0.686	0.153
0.186	0.149	0.509	0.156
0.144	0.467	0.299	0.091
0.322	0.157	0.101	0.420
0.207	0.001	0.463	0.329
0.118	0.162	0.522	0.198
>CTGGCCCWKG	5-CTGGCCCWKG	4.814582	-1510.951435	0	T:11644.0(65.58%),B:31544.0(42.77%),P:1e-656	Tpos:97.9,Tstd:56.0,Bpos:100.1,Bstd:87.9,StrandBias:-0.0,Multiplicity:1.40
0.077	0.579	0.268	0.076
0.382	0.001	0.001	0.616
0.001	0.001	0.705	0.293
0.209	0.188	0.434	0.169
0.001	0.718	0.280	0.001
0.171	0.494	0.001	0.334
0.117	0.582	0.001	0.300
0.434	0.215	0.001	0.349
0.251	0.001	0.417	0.330
0.268	0.001	0.581	0.150
>WKVCWGRAAD	6-WKVCWGRAAD	4.789615	-1206.986018	0	T:9731.0(54.81%),B:25530.5(34.62%),P:1e-524	Tpos:100.7,Tstd:56.1,Bpos:100.1,Bstd:88.0,StrandBias:-0.1,Multiplicity:1.25
0.324	0.065	0.157	0.454
0.190	0.131	0.401	0.277
0.231	0.346	0.229	0.194
0.251	0.580	0.106	0.063
0.467	0.001	0.028	0.504
0.001	0.001	0.997	0.001
0.372	0.123	0.418	0.086
0.529	0.268	0.156	0.047
0.538	0.063	0.165	0.234
0.253	0.131	0.285	0.330
>SAGAGAGAGA	7-SAGAGAGAGA	4.672295	-1159.388728	0	T:12473.0(70.25%),B:37268.2(50.53%),P:1e-503	Tpos:96.8,Tstd:56.2,Bpos:99.6,Bstd:93.2,StrandBias:-0.3,Multiplicity:1.56
0.102	0.463	0.396	0.038
0.783	0.005	0.004	0.208
0.075	0.321	0.603	0.001
0.771	0.001	0.072	0.156
0.173	0.231	0.594	0.002
0.688	0.026	0.192	0.094
0.224	0.182	0.593	0.001
0.610	0.055	0.149	0.186
0.207	0.224	0.512	0.057
0.484	0.076	0.146	0.294
>CCTGTAATCC	8-CCTGTAATCC	10.561488	-1073.158222	0	T:801.0(4.51%),B:83.4(0.11%),P:1e-466	Tpos:122.3,Tstd:55.9,Bpos:93.5,Bstd:87.4,StrandBias:0.9,Multiplicity:1.01
0.001	0.997	0.001	0.001
0.001	0.997	0.001	0.001
0.001	0.001	0.001	0.997
0.073	0.001	0.925	0.001
0.001	0.001	0.001	0.997
0.997	0.001	0.001	0.001
0.753	0.001	0.245	0.001
0.001	0.001	0.001	0.997
0.001	0.944	0.001	0.054
0.001	0.997	0.001	0.001
>SCWGCTGCWG	9-SCWGCTGCWG	4.952474	-1050.934692	0	T:7803.0(43.95%),B:19199.5(26.03%),P:1e-456	Tpos:98.8,Tstd:56.1,Bpos:100.4,Bstd:87.9,StrandBias:0.1,Multiplicity:1.30
0.157	0.332	0.416	0.095
0.203	0.604	0.115	0.078
0.426	0.005	0.141	0.428
0.001	0.229	0.654	0.116
0.016	0.900	0.050	0.034
0.407	0.020	0.002	0.571
0.003	0.259	0.636	0.102
0.038	0.840	0.106	0.016
0.389	0.094	0.001	0.516
0.092	0.231	0.558	0.119
>CTCCGYCTCY	10-CTCCGYCTCY	8.450291	-1043.466303	0	T:1492.0(8.40%),B:974.6(1.32%),P:1e-453	Tpos:119.3,Tstd:52.5,Bpos:102.0,Bstd:88.7,StrandBias:0.4,Multiplicity:1.03
0.006	0.931	0.017	0.046
0.102	0.293	0.001	0.604
0.026	0.794	0.086	0.094
0.190	0.651	0.080	0.079
0.200	0.096	0.648	0.056
0.008	0.402	0.090	0.500
0.001	0.800	0.110	0.089
0.001	0.006	0.050	0.943
0.001	0.997	0.001	0.001
0.204	0.352	0.001	0.444
>AAAAAAAAAA	11-AAAAAAAAAA	13.724707	-956.704054	0	T:1227.0(6.91%),B:668.2(0.91%),P:1e-415	Tpos:107.9,Tstd:54.0,Bpos:95.5,Bstd:113.5,StrandBias:-2.0,Multiplicity:1.05
0.944	0.054	0.001	0.001
0.997	0.001	0.001	0.001
0.997	0.001	0.001	0.001
0.997	0.001	0.001	0.001
0.997	0.001	0.001	0.001
0.997	0.001	0.001	0.001
0.997	0.001	0.001	0.001
0.997	0.001	0.001	0.001
0.997	0.001	0.001	0.001
0.945	0.001	0.053	0.001
>GTGCAGTGGC	12-GTGCAGTGGC	8.588631	-866.452428	0	T:1063.0(5.99%),B:532.4(0.72%),P:1e-376	Tpos:119.3,Tstd:54.7,Bpos:95.0,Bstd:82.9,StrandBias:1.1,Multiplicity:1.01
0.024	0.060	0.866	0.050
0.075	0.066	0.087	0.772
0.058	0.031	0.860	0.051
0.097	0.700	0.021	0.182
0.759	0.013	0.193	0.035
0.215	0.050	0.720	0.015
0.060	0.008	0.020	0.912
0.046	0.027	0.900	0.027
0.037	0.018	0.904	0.041
0.112	0.614	0.072	0.202
>HTTTTTAAAA	13-HTTTTTAAAA	6.764647	-677.056238	0	T:4262.0(24.00%),B:9258.9(12.55%),P:1e-294	Tpos:106.0,Tstd:54.1,Bpos:99.3,Bstd:78.6,StrandBias:-0.0,Multiplicity:1.24
0.340	0.242	0.093	0.325
0.273	0.203	0.090	0.434
0.120	0.103	0.033	0.744
0.008	0.052	0.001	0.939
0.019	0.084	0.011	0.886
0.154	0.119	0.154	0.573
0.534	0.062	0.104	0.300
0.944	0.001	0.043	0.012
0.953	0.001	0.038	0.008
0.755	0.001	0.118	0.126
>CTTTGGGAGG	14-CTTTGGGAGG	10.382185	-661.629969	0	T:564.0(3.18%),B:109.0(0.15%),P:1e-287	Tpos:113.8,Tstd:53.7,Bpos:97.6,Bstd:88.0,StrandBias:1.9,Multiplicity:1.01
0.001	0.997	0.001	0.001
0.001	0.001	0.001	0.997
0.001	0.065	0.001	0.933
0.001	0.001	0.001	0.997
0.001	0.001	0.997	0.001
0.001	0.001	0.997	0.001
0.001	0.001	0.997	0.001
0.997	0.001	0.001	0.001
0.062	0.001	0.936	0.001
0.036	0.001	0.962	0.001
>GGTGGCTCAC	15-GGTGGCTCAC	9.213993	-636.486371	0	T:661.0(3.72%),B:230.6(0.31%),P:1e-276	Tpos:114.0,Tstd:53.8,Bpos:109.3,Bstd:82.8,StrandBias:1.9,Multiplicity:1.13
0.111	0.073	0.785	0.031
0.051	0.001	0.873	0.075
0.158	0.129	0.025	0.688
0.017	0.018	0.938	0.027
0.167	0.021	0.750	0.062
0.314	0.609	0.038	0.039
0.087	0.020	0.073	0.820
0.006	0.886	0.030	0.078
0.937	0.023	0.002	0.038
0.026	0.720	0.042	0.212
>RTTTTTTTWT	16-RTTTTTTTWT	6.637456	-600.783065	0	T:6435.0(36.24%),B:17158.3(23.27%),P:1e-260	Tpos:113.4,Tstd:54.4,Bpos:100.0,Bstd:84.1,StrandBias:0.5,Multiplicity:1.31
0.418	0.020	0.320	0.243
0.080	0.001	0.041	0.878
0.243	0.034	0.209	0.514
0.050	0.058	0.001	0.891
0.295	0.001	0.234	0.470
0.001	0.118	0.001	0.880
0.275	0.052	0.210	0.462
0.023	0.109	0.001	0.867
0.412	0.047	0.126	0.416
0.028	0.001	0.165	0.806
>TTTCAGTTTC	17-TTTCAGTTTC	7.305711	-458.185242	0	T:2770.0(15.60%),B:5770.0(7.82%),P:1e-198	Tpos:88.1,Tstd:57.2,Bpos:98.6,Bstd:90.9,StrandBias:0.4,Multiplicity:1.06
0.029	0.088	0.017	0.866
0.013	0.151	0.111	0.725
0.058	0.042	0.062	0.838
0.017	0.889	0.028	0.066
0.954	0.001	0.005	0.040
0.056	0.074	0.762	0.108
0.077	0.091	0.010	0.822
0.038	0.023	0.071	0.868
0.036	0.191	0.115	0.658
0.054	0.617	0.102	0.227
>GAGTTCRAGA	18-GAGTTCRAGA	8.143042	-426.291593	0	T:750.0(4.22%),B:630.9(0.86%),P:1e-185	Tpos:117.8,Tstd:54.2,Bpos:106.6,Bstd:83.9,StrandBias:0.9,Multiplicity:1.22
0.043	0.103	0.816	0.038
0.796	0.024	0.146	0.034
0.028	0.102	0.785	0.085
0.098	0.106	0.238	0.558
0.008	0.101	0.039	0.852
0.019	0.637	0.210	0.134
0.345	0.179	0.404	0.072
0.628	0.031	0.260	0.081
0.029	0.032	0.930	0.009
0.597	0.145	0.135	0.123
>CGGGTTCAAG	19-CGGGTTCAAG	11.060401	-406.085855	0	T:359.0(2.02%),B:78.9(0.11%),P:1e-176	Tpos:124.6,Tstd:48.5,Bpos:84.8,Bstd:98.2,StrandBias:1.7,Multiplicity:1.00
0.001	0.854	0.001	0.144
0.183	0.001	0.815	0.001
0.001	0.001	0.997	0.001
0.001	0.001	0.997	0.001
0.001	0.001	0.001	0.997
0.001	0.001	0.001	0.997
0.001	0.997	0.001	0.001
0.997	0.001	0.001	0.001
0.909	0.089	0.001	0.001
0.001	0.001	0.997	0.001
>CACACACACA	20-CACACACACA	9.046922	-391.915525	0	T:613.0(3.45%),B:443.4(0.60%),P:1e-170	Tpos:117.1,Tstd:51.1,Bpos:100.8,Bstd:85.0,StrandBias:-0.0,Multiplicity:1.22
0.023	0.929	0.015	0.033
0.976	0.001	0.011	0.012
0.008	0.965	0.009	0.018
0.990	0.001	0.008	0.001
0.001	0.956	0.020	0.023
0.996	0.001	0.001	0.002
0.001	0.969	0.009	0.021
0.990	0.001	0.008	0.001
0.013	0.950	0.013	0.024
0.956	0.013	0.018	0.013
>CAACATGGTG	21-CAACATGGTG	11.132839	-330.973357	0	T:229.0(1.29%),B:13.5(0.02%),P:1e-143	Tpos:125.3,Tstd:54.5,Bpos:107.7,Bstd:91.1,StrandBias:0.7,Multiplicity:1.00
0.001	0.997	0.001	0.001
0.997	0.001	0.001	0.001
0.997	0.001	0.001	0.001
0.001	0.997	0.001	0.001
0.997	0.001	0.001	0.001
0.001	0.001	0.001	0.997
0.001	0.001	0.997	0.001
0.001	0.001	0.997	0.001
0.001	0.067	0.001	0.931
0.001	0.001	0.997	0.001
>ACGCCYGGCT	22-ACGCCYGGCT	10.376597	-283.454229	0	T:321.0(1.81%),B:135.2(0.18%),P:1e-123	Tpos:127.9,Tstd:53.5,Bpos:115.4,Bstd:77.7,StrandBias:0.1,Multiplicity:1.00
0.997	0.001	0.001	0.001
0.001	0.700	0.001	0.298
0.195	0.001	0.803	0.001
0.001	0.997	0.001	0.001
0.001	0.997	0.001	0.001
0.001	0.460	0.001	0.538
0.001	0.001	0.997	0.001
0.001	0.001	0.997	0.001
0.001	0.997	0.001	0.001
0.001	0.001	0.001	0.997
>ATCTCTGCCC	23-ATCTCTGCCC	8.607704	-270.841972	0	T:435.0(2.45%),B:325.6(0.44%),P:1e-117	Tpos:111.6,Tstd:54.0,Bpos:86.0,Bstd:59.1,StrandBias:2.1,Multiplicity:1.00
0.913	0.085	0.001	0.001
0.001	0.001	0.001	0.997
0.001	0.997	0.001	0.001
0.001	0.001	0.001	0.997
0.001	0.997	0.001	0.001
0.001	0.001	0.050	0.948
0.001	0.001	0.997	0.001
0.001	0.997	0.001	0.001
0.001	0.776	0.001	0.222
0.001	0.913	0.001	0.085
>GTGGGARGAN	24-GTGGGARGAN	9.026693	-262.734957	0	T:637.0(3.59%),B:738.7(1.00%),P:1e-114	Tpos:106.2,Tstd:55.6,Bpos:102.6,Bstd:93.4,StrandBias:0.4,Multiplicity:1.03
0.185	0.142	0.672	0.001
0.187	0.101	0.001	0.711
0.001	0.001	0.997	0.001
0.001	0.001	0.997	0.001
0.001	0.001	0.997	0.001
0.522	0.325	0.001	0.152
0.453	0.001	0.545	0.001
0.003	0.001	0.995	0.001
0.835	0.028	0.001	0.136
0.237	0.210	0.293	0.260
>GGGGGTGGGG	25-GGGGGTGGGG	8.519444	-252.423836	0	T:952.0(5.36%),B:1522.5(2.06%),P:1e-109	Tpos:107.9,Tstd:56.7,Bpos:98.8,Bstd:96.9,StrandBias:-0.3,Multiplicity:1.20
0.041	0.035	0.781	0.143
0.001	0.008	0.983	0.008
0.016	0.024	0.918	0.042
0.001	0.001	0.952	0.046
0.031	0.001	0.925	0.043
0.052	0.197	0.001	0.750
0.015	0.005	0.979	0.001
0.001	0.001	0.963	0.035
0.013	0.001	0.946	0.040
0.017	0.004	0.978	0.001
>TYNNVCCCCWGC	1-TYNNVCCCCWGC	5.837102	-1892.038049	0	T:8862.0(49.91%),B:18862.0(25.58%),P:1e-821	Tpos:105.4,Tstd:54.6,Bpos:99.5,Bstd:88.1,StrandBias:0.0,Multiplicity:1.83
0.001	0.353	0.001	0.645
0.095	0.390	0.233	0.281
0.235	0.243	0.277	0.244
0.209	0.211	0.351	0.230
0.347	0.248	0.256	0.148
0.074	0.500	0.092	0.334
0.017	0.594	0.007	0.382
0.172	0.489	0.029	0.310
0.001	0.997	0.001	0.001
0.566	0.007	0.002	0.425
0.001	0.001	0.993	0.005
0.135	0.511	0.353	0.001
>TTGCCCAGGCTG	2-TTGCCCAGGCTG	9.713590	-1717.747432	0	T:1254.0(7.06%),B:118.1(0.16%),P:1e-746	Tpos:119.6,Tstd:53.9,Bpos:116.7,Bstd:79.3,StrandBias:-0.5,Multiplicity:1.01
0.029	0.047	0.049	0.875
0.021	0.119	0.053	0.807
0.100	0.033	0.790	0.077
0.036	0.551	0.371	0.042
0.015	0.789	0.010	0.186
0.034	0.876	0.033	0.057
0.927	0.015	0.027	0.031
0.051	0.026	0.891	0.032
0.048	0.030	0.865	0.057
0.101	0.823	0.029	0.047
0.029	0.013	0.021	0.937
0.058	0.035	0.873	0.034
>NAGCTCTGTGRN	3-NAGCTCTGTGRN	4.682877	-1260.161076	0	T:11271.0(63.48%),B:31436.8(42.63%),P:1e-547	Tpos:96.7,Tstd:55.7,Bpos:99.8,Bstd:87.7,StrandBias:0.0,Multiplicity:1.42
0.315	0.185	0.290	0.210
0.514	0.001	0.300	0.185
0.085	0.070	0.757	0.088
0.063	0.658	0.147	0.132
0.185	0.027	0.001	0.787
0.006	0.572	0.272	0.150
0.111	0.001	0.001	0.887
0.001	0.060	0.850	0.089
0.139	0.001	0.192	0.668
0.001	0.015	0.943	0.041
0.363	0.100	0.395	0.142
0.267	0.173	0.296	0.265
>ACCCCRTCTCWA	4-ACCCCRTCTCWA	10.997577	-1230.125047	0	T:872.0(4.91%),B:64.7(0.09%),P:1e-534	Tpos:122.3,Tstd:52.7,Bpos:75.0,Bstd:80.1,StrandBias:0.2,Multiplicity:1.01
0.898	0.088	0.013	0.001
0.001	0.897	0.013	0.089
0.001	0.658	0.001	0.340
0.013	0.822	0.013	0.152
0.025	0.649	0.025	0.301
0.406	0.063	0.493	0.038
0.001	0.121	0.001	0.877
0.025	0.935	0.001	0.039
0.013	0.025	0.001	0.961
0.001	0.802	0.088	0.109
0.441	0.001	0.001	0.557
0.899	0.012	0.001	0.088
>GAGAGAGAGAGA	5-GAGAGAGAGAGA	4.137176	-1195.919897	0	T:12716.0(71.62%),B:38122.4(51.69%),P:1e-519	Tpos:97.7,Tstd:55.3,Bpos:100.1,Bstd:99.3,StrandBias:-0.4,Multiplicity:1.63
0.183	0.152	0.644	0.021
0.786	0.018	0.125	0.071
0.117	0.212	0.654	0.017
0.810	0.002	0.122	0.066
0.128	0.161	0.705	0.006
0.846	0.005	0.090	0.059
0.124	0.151	0.703	0.022
0.685	0.060	0.112	0.143
0.162	0.124	0.701	0.013
0.854	0.005	0.108	0.033
0.194	0.091	0.686	0.029
0.733	0.053	0.142	0.072
>AAAAAAAAAAAA	6-AAAAAAAAAAAA	10.539677	-1165.856113	0	T:1929.0(10.86%),B:1555.5(2.11%),P:1e-506	Tpos:108.5,Tstd:53.3,Bpos:92.6,Bstd:108.7,StrandBias:-1.8,Multiplicity:1.12
0.792	0.043	0.013	0.152
0.794	0.135	0.009	0.062
0.889	0.066	0.018	0.027
0.865	0.073	0.022	0.040
0.822	0.074	0.022	0.082
0.832	0.059	0.013	0.096
0.867	0.110	0.002	0.021
0.817	0.149	0.010	0.024
0.855	0.069	0.036	0.040
0.832	0.068	0.050	0.050
0.817	0.056	0.061	0.066
0.817	0.085	0.036	0.062
>GRATCACTTGAG	7-GRATCACTTGAG	10.638090	-991.336494	0	T:734.0(4.13%),B:72.4(0.10%),P:1e-430	Tpos:119.9,Tstd:53.0,Bpos:84.2,Bstd:71.9,StrandBias:-0.2,Multiplicity:1.04
0.197	0.001	0.801	0.001
0.541	0.001	0.457	0.001
0.873	0.001	0.118	0.008
0.001	0.063	0.128	0.808
0.008	0.651	0.110	0.231
0.466	0.142	0.247	0.145
0.015	0.804	0.001	0.180
0.001	0.243	0.001	0.755
0.079	0.024	0.055	0.842
0.049	0.063	0.831	0.057
0.897	0.001	0.101	0.001
0.374	0.001	0.624	0.001
>GCTCACTGCAGC	8-GCTCACTGCAGC	10.228916	-990.399607	0	T:755.0(4.25%),B:88.7(0.12%),P:1e-430	Tpos:103.5,Tstd:55.6,Bpos:92.4,Bstd:67.6,StrandBias:1.0,Multiplicity:1.00
0.064	0.001	0.923	0.012
0.001	0.646	0.012	0.341
0.013	0.038	0.051	0.898
0.038	0.910	0.051	0.001
0.753	0.118	0.001	0.128
0.001	0.869	0.077	0.053
0.064	0.014	0.013	0.909
0.039	0.013	0.927	0.021
0.077	0.806	0.001	0.116
0.991	0.001	0.001	0.007
0.280	0.001	0.718	0.001
0.013	0.740	0.195	0.052
>GGGCGTGGTGGC	9-GGGCGTGGTGGC	10.344333	-948.624500	0	T:810.0(4.56%),B:158.5(0.21%),P:1e-411	Tpos:119.6,Tstd:53.7,Bpos:100.5,Bstd:88.3,StrandBias:1.1,Multiplicity:1.07
0.373	0.001	0.577	0.049
0.054	0.001	0.944	0.001
0.045	0.001	0.953	0.001
0.051	0.601	0.001	0.347
0.315	0.023	0.645	0.017
0.052	0.225	0.017	0.706
0.220	0.003	0.776	0.001
0.119	0.001	0.875	0.005
0.001	0.001	0.001	0.997
0.001	0.001	0.997	0.001
0.022	0.005	0.972	0.001
0.001	0.774	0.005	0.220
>CAYGCCTGTAAT	10-CAYGCCTGTAAT	10.674250	-918.251495	0	T:656.0(3.69%),B:50.9(0.07%),P:1e-398	Tpos:118.7,Tstd:55.6,Bpos:80.0,Bstd:83.2,StrandBias:0.8,Multiplicity:1.01
0.014	0.930	0.042	0.014
0.916	0.014	0.069	0.001
0.028	0.405	0.070	0.497
0.147	0.042	0.713	0.098
0.056	0.829	0.056	0.059
0.028	0.939	0.001	0.032
0.001	0.056	0.014	0.929
0.135	0.074	0.790	0.001
0.014	0.042	0.014	0.930
0.929	0.056	0.001	0.014
0.823	0.055	0.121	0.001
0.071	0.028	0.028	0.873
>GCCTCCCAAAGT	11-GCCTCCCAAAGT	9.683486	-886.400910	0	T:562.0(3.17%),B:10.0(0.01%),P:1e-384	Tpos:114.8,Tstd:51.2,Bpos:121.9,Bstd:64.9,StrandBias:-2.1,Multiplicity:1.00
0.031	0.008	0.960	0.001
0.004	0.971	0.002	0.023
0.001	0.958	0.002	0.039
0.003	0.001	0.001	0.995
0.006	0.952	0.008	0.034
0.001	0.974	0.002	0.023
0.002	0.976	0.006	0.016
0.986	0.001	0.008	0.005
0.966	0.001	0.032	0.001
0.997	0.001	0.001	0.001
0.023	0.015	0.947	0.015
0.016	0.001	0.002	0.981
>CTCMGCCTCCCG	12-CTCMGCCTCCCG	11.846993	-807.746355	0	T:565.0(3.18%),B:36.3(0.05%),P:1e-350	Tpos:120.0,Tstd:53.0,Bpos:87.0,Bstd:56.1,StrandBias:1.5,Multiplicity:1.02
0.001	0.997	0.001	0.001
0.041	0.168	0.041	0.750
0.001	0.866	0.001	0.132
0.539	0.459	0.001	0.001
0.342	0.001	0.637	0.020
0.001	0.997	0.001	0.001
0.001	0.725	0.001	0.273
0.001	0.001	0.001	0.997
0.001	0.854	0.001	0.144
0.040	0.958	0.001	0.001
0.001	0.937	0.061	0.001
0.320	0.206	0.472	0.001
>CTCCYRAGTAGC	13-CTCCYRAGTAGC	11.345490	-690.347368	0	T:482.0(2.71%),B:30.3(0.04%),P:1e-299	Tpos:131.3,Tstd:53.5,Bpos:111.1,Bstd:89.1,StrandBias:1.3,Multiplicity:1.00
0.001	0.748	0.001	0.250
0.074	0.001	0.001	0.924
0.001	0.707	0.100	0.192
0.001	0.630	0.001	0.368
0.001	0.528	0.001	0.470
0.500	0.100	0.399	0.001
0.832	0.001	0.166	0.001
0.065	0.001	0.933	0.001
0.001	0.001	0.001	0.997
0.997	0.001	0.001	0.001
0.327	0.001	0.671	0.001
0.226	0.673	0.100	0.001
>AGGYGGGCGGAT	14-AGGYGGGCGGAT	10.802616	-677.294708	0	T:512.0(2.88%),B:56.3(0.08%),P:1e-294	Tpos:116.6,Tstd:50.9,Bpos:92.3,Bstd:65.3,StrandBias:1.8,Multiplicity:1.00
0.948	0.038	0.013	0.001
0.091	0.001	0.870	0.038
0.012	0.001	0.986	0.001
0.040	0.422	0.008	0.530
0.344	0.008	0.622	0.026
0.083	0.001	0.891	0.025
0.098	0.077	0.824	0.001
0.279	0.451	0.001	0.269
0.318	0.001	0.590	0.091
0.026	0.001	0.972	0.001
0.914	0.072	0.013	0.001
0.013	0.181	0.050	0.756
>GGAGTTCGAGAC	15-GGAGTTCGAGAC	10.659128	-676.786521	0	T:517.0(2.91%),B:60.5(0.08%),P:1e-293	Tpos:119.5,Tstd:52.6,Bpos:99.2,Bstd:65.7,StrandBias:1.1,Multiplicity:1.00
0.135	0.001	0.770	0.094
0.027	0.036	0.896	0.041
0.906	0.027	0.040	0.027
0.054	0.041	0.838	0.067
0.029	0.040	0.040	0.891
0.001	0.026	0.001	0.972
0.063	0.599	0.027	0.311
0.264	0.068	0.628	0.040
0.883	0.027	0.027	0.063
0.013	0.001	0.973	0.013
0.824	0.027	0.108	0.041
0.052	0.827	0.027	0.094
>CATYTGWAAAAW	16-CATYTGWAAAAW	6.119155	-676.154803	0	T:7566.0(42.61%),B:20763.0(28.15%),P:1e-293	Tpos:100.8,Tstd:55.2,Bpos:100.5,Bstd:81.7,StrandBias:-0.0,Multiplicity:1.29
0.262	0.425	0.050	0.263
0.527	0.158	0.001	0.314
0.239	0.114	0.126	0.521
0.199	0.368	0.126	0.307
0.051	0.001	0.001	0.947
0.023	0.215	0.473	0.289
0.334	0.082	0.189	0.394
0.498	0.137	0.330	0.034
0.953	0.016	0.030	0.001
0.961	0.022	0.016	0.001
0.505	0.144	0.153	0.198
0.374	0.107	0.162	0.357
>WWTTTTTWAAAA	17-WWTTTTTWAAAA	7.732748	-646.065077	0	T:2667.0(15.02%),B:4630.3(6.28%),P:1e-280	Tpos:107.6,Tstd:52.8,Bpos:99.4,Bstd:73.6,StrandBias:-0.0,Multiplicity:1.14
0.323	0.139	0.128	0.411
0.304	0.178	0.141	0.376
0.242	0.214	0.117	0.427
0.172	0.124	0.033	0.671
0.003	0.044	0.002	0.951
0.001	0.018	0.001	0.980
0.168	0.045	0.045	0.742
0.484	0.091	0.029	0.396
0.797	0.023	0.064	0.116
0.990	0.001	0.008	0.001
0.867	0.018	0.070	0.045
0.611	0.036	0.127	0.226
>CAGCAGCAGCAG	18-CAGCAGCAGCAG	4.529823	-637.467754	0	T:7303.0(41.13%),B:20070.1(27.21%),P:1e-276	Tpos:96.1,Tstd:55.5,Bpos:99.2,Bstd:87.5,StrandBias:-0.1,Multiplicity:1.25
0.168	0.639	0.116	0.077
0.841	0.013	0.079	0.067
0.102	0.091	0.766	0.041
0.104	0.756	0.111	0.029
0.823	0.013	0.017	0.147
0.126	0.087	0.706	0.081
0.062	0.890	0.035	0.013
0.744	0.092	0.011	0.153
0.122	0.091	0.714	0.073
0.096	0.817	0.075	0.012
0.710	0.101	0.044	0.145
0.173	0.120	0.648	0.059
>AAAAAATTAGCC	19-AAAAAATTAGCC	10.729402	-576.996065	0	T:414.0(2.33%),B:32.3(0.04%),P:1e-250	Tpos:121.4,Tstd:60.8,Bpos:109.1,Bstd:55.6,StrandBias:-0.2,Multiplicity:1.00
0.535	0.270	0.173	0.022
0.516	0.235	0.007	0.242
0.665	0.261	0.048	0.026
0.680	0.204	0.108	0.008
0.672	0.051	0.109	0.168
0.769	0.030	0.028	0.173
0.268	0.027	0.020	0.685
0.031	0.045	0.243	0.681
0.910	0.018	0.032	0.040
0.026	0.274	0.664	0.036
0.197	0.748	0.025	0.030
0.019	0.561	0.012	0.408
>AGAGYGAAACTC	20-AGAGYGAAACTC	9.490072	-559.154068	0	T:424.0(2.39%),B:47.3(0.06%),P:1e-242	Tpos:114.5,Tstd:51.3,Bpos:86.9,Bstd:31.6,StrandBias:-2.4,Multiplicity:1.00
0.997	0.001	0.001	0.001
0.013	0.001	0.985	0.001
0.967	0.001	0.031	0.001
0.001	0.001	0.997	0.001
0.001	0.515	0.057	0.427
0.014	0.014	0.971	0.001
0.997	0.001	0.001	0.001
0.871	0.001	0.127	0.001
0.943	0.001	0.042	0.014
0.001	0.997	0.001	0.001
0.013	0.001	0.001	0.985
0.013	0.985	0.001	0.001
>CATGGWGAAACC	21-CATGGWGAAACC	8.772709	-446.673077	0	T:862.0(4.85%),B:805.0(1.09%),P:1e-193	Tpos:104.7,Tstd:57.3,Bpos:98.3,Bstd:88.5,StrandBias:-0.3,Multiplicity:1.03
0.001	0.931	0.001	0.067
0.908	0.018	0.001	0.073
0.025	0.001	0.027	0.947
0.175	0.001	0.823	0.001
0.195	0.034	0.715	0.056
0.420	0.062	0.158	0.360
0.237	0.007	0.655	0.101
0.721	0.001	0.277	0.001
0.862	0.001	0.136	0.001
0.782	0.001	0.216	0.001
0.105	0.605	0.256	0.034
0.155	0.625	0.001	0.219
>ACACACACACAC	22-ACACACACACAC	11.281650	-391.467923	0	T:293.0(1.65%),B:30.5(0.04%),P:1e-170	Tpos:124.0,Tstd:47.3,Bpos:103.4,Bstd:42.2,StrandBias:-0.1,Multiplicity:1.20
0.755	0.044	0.131	0.070
0.097	0.668	0.068	0.167
0.884	0.025	0.049	0.042
0.032	0.738	0.086	0.144
0.885	0.031	0.051	0.033
0.019	0.770	0.049	0.162
0.915	0.027	0.035	0.023
0.003	0.798	0.065	0.134
0.878	0.024	0.061	0.037
0.025	0.698	0.086	0.191
0.799	0.066	0.058	0.077
0.059	0.499	0.106	0.336
>ATATATATATAT	23-ATATATATATAT	9.102636	-137.847417	0	T:709.0(3.99%),B:1336.2(1.81%),P:1e-59	Tpos:131.5,Tstd:46.6,Bpos:102.1,Bstd:66.2,StrandBias:0.3,Multiplicity:1.15
0.670	0.015	0.125	0.190
0.001	0.114	0.001	0.884
0.823	0.001	0.046	0.130
0.073	0.093	0.035	0.799
0.751	0.010	0.109	0.130
0.001	0.079	0.001	0.919
0.769	0.018	0.071	0.142
0.001	0.043	0.001	0.955
0.788	0.001	0.023	0.188
0.001	0.032	0.001	0.966
0.735	0.031	0.056	0.178
0.001	0.041	0.019	0.939
>AATGAATGAATG	24-AATGAATGAATG	10.956370	-78.886686	0	T:127.0(0.72%),B:97.5(0.13%),P:1e-34	Tpos:96.6,Tstd:55.4,Bpos:96.4,Bstd:62.0,StrandBias:-0.6,Multiplicity:1.05
0.925	0.001	0.067	0.007
0.945	0.016	0.038	0.001
0.055	0.001	0.025	0.919
0.041	0.001	0.933	0.025
0.964	0.007	0.028	0.001
0.967	0.001	0.031	0.001
0.011	0.001	0.034	0.954
0.020	0.019	0.949	0.012
0.983	0.001	0.005	0.011
0.887	0.057	0.045	0.011
0.001	0.001	0.015	0.983
0.087	0.016	0.881	0.016
>ATTATTATTATT	25-ATTATTATTATT	12.355432	-20.148526	0	T:22.0(0.12%),B:10.4(0.01%),P:1e-8	Tpos:144.9,Tstd:48.5,Bpos:85.0,Bstd:29.1,StrandBias:1.6,Multiplicity:1.00
0.700	0.100	0.100	0.100
0.100	0.100	0.100	0.700
0.100	0.100	0.100	0.700
0.700	0.100	0.100	0.100
0.100	0.100	0.100	0.700
0.100	0.100	0.100	0.700
0.700	0.100	0.100	0.100
0.100	0.100	0.100	0.700
0.100	0.100	0.100	0.700
0.700	0.100	0.100	0.100
0.100	0.100	0.100	0.700
0.100	0.100	0.100	0.700
>YTSCTGGG	1-YTSCTGGG	4.856022	-1890.861683	0	T:10930.0(61.56%),B:26639.1(36.12%),P:1e-821	Tpos:100.6,Tstd:56.1,Bpos:100.0,Bstd:89.0,StrandBias:0.0,Multiplicity:1.72
0.072	0.405	0.252	0.272
0.327	0.110	0.034	0.529
0.034	0.367	0.484	0.114
0.061	0.897	0.041	0.001
0.278	0.001	0.001	0.720
0.038	0.075	0.868	0.019
0.117	0.001	0.672	0.210
0.181	0.091	0.682	0.046
>KCAGSCTG	2-KCAGSCTG	4.547343	-1806.638292	0	T:7650.0(43.09%),B:15076.4(20.44%),P:1e-784	Tpos:103.9,Tstd:56.1,Bpos:101.0,Bstd:89.0,StrandBias:0.0,Multiplicity:1.61
0.097	0.139	0.436	0.328
0.001	0.584	0.414	0.001
0.899	0.001	0.001	0.099
0.001	0.001	0.997	0.001
0.001	0.495	0.503	0.001
0.001	0.997	0.001	0.001
0.114	0.001	0.001	0.884
0.001	0.417	0.581	0.001
>MHCTGWAR	3-MHCTGWAR	4.270064	-1627.571600	0	T:14102.0(79.43%),B:42070.3(57.04%),P:1e-706	Tpos:97.6,Tstd:56.0,Bpos:99.5,Bstd:87.5,StrandBias:-0.0,Multiplicity:1.25
0.401	0.280	0.215	0.104
0.348	0.301	0.001	0.350
0.001	0.960	0.001	0.038
0.001	0.001	0.001	0.997
0.001	0.001	0.997	0.001
0.449	0.001	0.117	0.433
0.636	0.001	0.362	0.001
0.491	0.001	0.507	0.001
>WGCCWSWG	4-WGCCWSWG	5.368082	-1578.664394	0	T:7956.0(44.81%),B:17070.9(23.15%),P:1e-685	Tpos:100.1,Tstd:56.8,Bpos:100.9,Bstd:90.0,StrandBias:-0.2,Multiplicity:1.07
0.420	0.012	0.044	0.524
0.067	0.341	0.558	0.034
0.001	0.707	0.217	0.075
0.001	0.815	0.001	0.183
0.460	0.083	0.001	0.457
0.107	0.465	0.404	0.024
0.541	0.001	0.062	0.396
0.020	0.021	0.866	0.093
>CCTGAGCT	5-CCTGAGCT	3.986995	-1557.053822	0	T:12399.0(69.83%),B:34544.8(46.84%),P:1e-676	Tpos:100.0,Tstd:56.6,Bpos:101.2,Bstd:87.6,StrandBias:0.0,Multiplicity:1.44
0.001	0.622	0.136	0.241
0.001	0.997	0.001	0.001
0.001	0.001	0.001	0.997
0.001	0.001	0.997	0.001
0.636	0.001	0.279	0.084
0.085	0.333	0.581	0.001
0.355	0.601	0.035	0.009
0.077	0.126	0.001	0.796
>CCCTGCCT	6-CCCTGCCT	5.089647	-1489.972054	0	T:10407.0(58.61%),B:26593.9(36.06%),P:1e-647	Tpos:102.8,Tstd:56.9,Bpos:99.3,Bstd:95.5,StrandBias:0.1,Multiplicity:1.47
0.045	0.580	0.111	0.264
0.114	0.718	0.009	0.159
0.071	0.854	0.010	0.065
0.079	0.111	0.038	0.772
0.005	0.093	0.714	0.188
0.040	0.687	0.188	0.085
0.023	0.918	0.020	0.039
0.066	0.175	0.003	0.756
>CAGTTTCT	7-CAGTTTCT	4.061997	-1390.310988	0	T:11271.0(63.48%),B:30663.6(41.58%),P:1e-603	Tpos:94.7,Tstd:56.7,Bpos:99.9,Bstd:89.0,StrandBias:0.1,Multiplicity:1.26
0.012	0.942	0.029	0.017
0.894	0.001	0.001	0.104
0.001	0.075	0.880	0.044
0.035	0.050	0.001	0.914
0.001	0.061	0.057	0.881
0.034	0.068	0.013	0.885
0.001	0.997	0.001	0.001
0.074	0.124	0.001	0.801
>CWSCWGCA	8-CWSCWGCA	4.709998	-1321.492216	0	T:10893.0(61.35%),B:29502.5(40.00%),P:1e-573	Tpos:97.3,Tstd:56.5,Bpos:99.6,Bstd:89.3,StrandBias:0.0,Multiplicity:1.30
0.117	0.577	0.056	0.250
0.464	0.001	0.001	0.534
0.001	0.333	0.464	0.202
0.121	0.778	0.090	0.011
0.523	0.001	0.001	0.475
0.050	0.212	0.737	0.001
0.229	0.558	0.171	0.042
0.531	0.180	0.037	0.252
>CCMAGCCH	9-CCMAGCCH	6.081638	-1315.977404	0	T:6173.0(34.77%),B:12314.1(16.70%),P:1e-571	Tpos:101.6,Tstd:57.0,Bpos:101.6,Bstd:86.9,StrandBias:-0.1,Multiplicity:1.08
0.001	0.707	0.023	0.269
0.001	0.800	0.001	0.198
0.530	0.381	0.001	0.088
0.462	0.001	0.262	0.275
0.030	0.101	0.868	0.001
0.020	0.637	0.342	0.001
0.001	0.944	0.001	0.054
0.408	0.283	0.001	0.307
>TYTSHRAR	10-TYTSHRAR	4.445858	-1238.594592	0	T:7692.0(43.32%),B:17781.8(24.11%),P:1e-537	Tpos:99.8,Tstd:55.9,Bpos:99.8,Bstd:84.7,StrandBias:-0.0,Multiplicity:1.33
0.236	0.128	0.061	0.575
0.001	0.341	0.171	0.487
0.080	0.153	0.211	0.556
0.055	0.414	0.311	0.219
0.302	0.211	0.143	0.344
0.448	0.098	0.382	0.073
0.611	0.024	0.189	0.176
0.409	0.019	0.451	0.121
>TTGGGARG	11-TTGGGARG	5.490488	-1226.143870	0	T:7019.0(39.53%),B:15514.7(21.04%),P:1e-532	Tpos:102.4,Tstd:56.4,Bpos:98.5,Bstd:89.9,StrandBias:0.2,Multiplicity:1.18
0.001	0.311	0.192	0.496
0.165	0.001	0.249	0.585
0.013	0.001	0.593	0.393
0.001	0.033	0.947	0.019
0.224	0.225	0.532	0.019
0.557	0.001	0.372	0.070
0.489	0.001	0.509	0.001
0.368	0.102	0.529	0.001
>CWSWGWGA	12-CWSWGWGA	5.207798	-1196.990726	0	T:9756.0(54.95%),B:25687.6(34.83%),P:1e-519	Tpos:95.7,Tstd:56.4,Bpos:99.1,Bstd:90.1,StrandBias:-0.1,Multiplicity:1.47
0.001	0.666	0.332	0.001
0.398	0.133	0.001	0.468
0.001	0.470	0.528	0.001
0.457	0.045	0.059	0.439
0.001	0.402	0.596	0.001
0.507	0.001	0.103	0.389
0.001	0.336	0.662	0.001
0.648	0.001	0.350	0.001
>TTTCATTT	13-TTTCATTT	5.955933	-907.436764	0	T:9346.0(52.64%),B:25926.9(35.15%),P:1e-394	Tpos:100.8,Tstd:56.5,Bpos:99.9,Bstd:92.1,StrandBias:0.4,Multiplicity:1.59
0.115	0.037	0.012	0.836
0.025	0.050	0.054	0.871
0.061	0.052	0.123	0.764
0.049	0.583	0.098	0.270
0.481	0.143	0.081	0.295
0.028	0.068	0.119	0.785
0.050	0.048	0.037	0.865
0.029	0.115	0.039	0.817
>TTTTTTTT	14-TTTTTTTT	8.236954	-545.998111	0	T:2109.0(11.88%),B:3489.3(4.73%),P:1e-237	Tpos:107.8,Tstd:54.6,Bpos:97.9,Bstd:104.6,StrandBias:1.6,Multiplicity:1.11
0.100	0.100	0.100	0.700
0.100	0.100	0.100	0.700
0.100	0.100	0.100	0.700
0.100	0.100	0.100	0.700
0.100	0.100	0.100	0.700
0.100	0.100	0.100	0.700
0.100	0.100	0.100	0.700
0.100	0.100	0.100	0.700
>WTTTTAAA	15-WTTTTAAA	7.097390	-467.639815	0	T:2637.0(14.85%),B:5322.2(7.22%),P:1e-203	Tpos:104.4,Tstd:56.7,Bpos:96.6,Bstd:81.1,StrandBias:0.0,Multiplicity:1.05
0.401	0.193	0.091	0.315
0.070	0.097	0.001	0.832
0.001	0.105	0.117	0.777
0.045	0.001	0.010	0.944
0.286	0.120	0.118	0.477
0.802	0.074	0.123	0.001
0.855	0.143	0.001	0.001
0.916	0.001	0.082	0.001
>CACACACA	16-CACACACA	8.236954	-372.203930	0	T:621.0(3.50%),B:488.9(0.66%),P:1e-161	Tpos:119.2,Tstd:50.9,Bpos:102.4,Bstd:90.0,StrandBias:-0.0,Multiplicity:1.21
0.100	0.700	0.100	0.100
0.700	0.100	0.100	0.100
0.100	0.700	0.100	0.100
0.700	0.100	0.100	0.100
0.100	0.700	0.100	0.100
0.700	0.100	0.100	0.100
0.100	0.700	0.100	0.100
0.700	0.100	0.100	0.100
>CAGGAGTT	17-CAGGAGTT	8.236954	-366.069237	0	T:552.0(3.11%),B:379.4(0.51%),P:1e-158	Tpos:116.8,Tstd:54.4,Bpos:102.3,Bstd:71.0,StrandBias:1.0,Multiplicity:1.00
0.100	0.700	0.100	0.100
0.700	0.100	0.100	0.100
0.100	0.100	0.700	0.100
0.100	0.100	0.700	0.100
0.700	0.100	0.100	0.100
0.100	0.100	0.700	0.100
0.100	0.100	0.100	0.700
0.100	0.100	0.100	0.700
>ATCTCTGC	18-ATCTCTGC	4.087691	-328.345594	0	T:1549.0(8.72%),B:2825.7(3.83%),P:1e-142	Tpos:105.6,Tstd:56.1,Bpos:100.2,Bstd:86.1,StrandBias:0.4,Multiplicity:1.02
0.919	0.001	0.079	0.001
0.001	0.001	0.001	0.997
0.001	0.997	0.001	0.001
0.001	0.001	0.001	0.997
0.001	0.997	0.001	0.001
0.001	0.001	0.001	0.997
0.072	0.001	0.926	0.001
0.001	0.997	0.001	0.001
>TGCCACCA	19-TGCCACCA	8.479055	-320.677351	0	T:887.0(5.00%),B:1148.0(1.56%),P:1e-139	Tpos:114.2,Tstd:57.3,Bpos:97.5,Bstd:86.3,StrandBias:-0.0,Multiplicity:1.02
0.075	0.314	0.001	0.610
0.001	0.001	0.997	0.001
0.001	0.997	0.001	0.001
0.001	0.997	0.001	0.001
0.997	0.001	0.001	0.001
0.001	0.997	0.001	0.001
0.001	0.997	0.001	0.001
0.997	0.001	0.001	0.001
>CAACATGG	20-CAACATGG	8.236954	-271.552926	0	T:442.0(2.49%),B:336.8(0.46%),P:1e-117	Tpos:115.0,Tstd:56.3,Bpos:98.4,Bstd:93.4,StrandBias:0.3,Multiplicity:1.00
0.100	0.700	0.100	0.100
0.700	0.100	0.100	0.100
0.700	0.100	0.100	0.100
0.100	0.700	0.100	0.100
0.700	0.100	0.100	0.100
0.100	0.100	0.100	0.700
0.100	0.100	0.700	0.100
0.100	0.100	0.700	0.100
>AGCCRAGA	21-AGCCRAGA	10.201516	-257.370141	0	T:656.0(3.69%),B:793.4(1.08%),P:1e-111	Tpos:111.1,Tstd:53.8,Bpos:108.1,Bstd:86.1,StrandBias:-1.5,Multiplicity:1.01
0.997	0.001	0.001	0.001
0.001	0.001	0.997	0.001
0.001	0.997	0.001	0.001
0.001	0.997	0.001	0.001
0.457	0.001	0.541	0.001
0.997	0.001	0.001	0.001
0.001	0.001	0.997	0.001
0.916	0.001	0.082	0.001
>AWATATTT	22-AWATATTT	8.419168	-207.193049	0	T:1874.0(10.55%),B:4463.9(6.05%),P:1e-89	Tpos:106.7,Tstd:56.0,Bpos:98.7,Bstd:75.7,StrandBias:-0.0,Multiplicity:1.06
0.997	0.001	0.001	0.001
0.484	0.001	0.112	0.404
0.982	0.001	0.001	0.016
0.001	0.255	0.001	0.743
0.997	0.001	0.001	0.001
0.001	0.001	0.001	0.997
0.001	0.001	0.130	0.868
0.001	0.001	0.014	0.984
>TGAAACCC	23-TGAAACCC	8.236954	-194.516029	0	T:401.0(2.26%),B:399.8(0.54%),P:1e-84	Tpos:120.3,Tstd:56.2,Bpos:105.1,Bstd:84.7,StrandBias:0.3,Multiplicity:1.00
0.100	0.100	0.100	0.700
0.100	0.100	0.700	0.100
0.700	0.100	0.100	0.100
0.700	0.100	0.100	0.100
0.700	0.100	0.100	0.100
0.100	0.700	0.100	0.100
0.100	0.700	0.100	0.100
0.100	0.700	0.100	0.100
>ATCACTTG	24-ATCACTTG	9.267513	-185.209660	0	T:547.0(3.08%),B:741.4(1.01%),P:1e-80	Tpos:116.2,Tstd:54.2,Bpos:98.3,Bstd:87.7,StrandBias:-0.2,Multiplicity:1.03
0.997	0.001	0.001	0.001
0.001	0.001	0.001	0.997
0.001	0.997	0.001	0.001
0.833	0.001	0.165	0.001
0.001	0.997	0.001	0.001
0.001	0.001	0.001	0.997
0.001	0.001	0.001	0.997
0.001	0.001	0.997	0.001
>ATATATAT	25-ATATATAT	8.236954	-34.847546	0	T:212.0(1.19%),B:437.4(0.59%),P:1e-15	Tpos:139.8,Tstd:42.7,Bpos:103.7,Bstd:60.0,StrandBias:0.0,Multiplicity:1.17
0.700	0.100	0.100	0.100
0.100	0.100	0.100	0.700
0.700	0.100	0.100	0.100
0.100	0.100	0.100	0.700
0.700	0.100	0.100	0.100
0.100	0.100	0.100	0.700
0.700	0.100	0.100	0.100
0.100	0.100	0.100	0.700
