>MYGGTCACACTG	Unknown1(NR/Ini-like)/Drosophila-Promoters/Homer	8.105621	-6.173243	0	T:399.0(1.41%),B:1408.3(1.20%),P:1e-2
0.391	0.262	0.239	0.109
0.048	0.467	0.049	0.436
0.036	0.002	0.935	0.027
0.001	0.001	0.962	0.036
0.001	0.277	0.055	0.667
0.174	0.824	0.001	0.001
0.958	0.017	0.020	0.005
0.001	0.920	0.001	0.078
0.804	0.007	0.008	0.181
0.001	0.889	0.001	0.109
0.038	0.185	0.007	0.770
0.317	0.050	0.518	0.115
