>RGGTTACTANAGGTCA	LXRE(NR),DR4/RAW-LXRb.biotin-ChIP-Seq(GSE21512)/Homer	9.099916	-288.812480	0	T:457.0(1.62%),B:334.1(0.28%),P:1e-125
0.423	0.001	0.568	0.008
0.020	0.001	0.931	0.048
0.008	0.001	0.918	0.073
0.001	0.020	0.001	0.978
0.084	0.322	0.028	0.566
0.959	0.001	0.016	0.024
0.044	0.751	0.024	0.181
0.044	0.191	0.044	0.721
0.406	0.219	0.159	0.216
0.215	0.274	0.272	0.239
0.706	0.127	0.147	0.020
0.052	0.001	0.927	0.020
0.016	0.008	0.825	0.151
0.044	0.072	0.155	0.729
0.001	0.938	0.001	0.060
0.932	0.008	0.048	0.012
