>RHHCAGAGAGGB	ZNF768(Zf)/Rajj-ZNF768-ChIP-Seq(GSE111879)/Homer	9.658646	-57.098179	0	T:126.0(0.45%),B:137.1(0.12%),P:1e-24
0.355	0.143	0.465	0.036
0.359	0.322	0.071	0.248
0.356	0.251	0.072	0.321
0.001	0.929	0.035	0.035
0.963	0.001	0.001	0.035
0.001	0.036	0.962	0.001
0.713	0.143	0.143	0.001
0.214	0.106	0.609	0.071
0.750	0.035	0.107	0.108
0.107	0.107	0.644	0.142
0.109	0.178	0.535	0.178
0.142	0.213	0.360	0.285
