>TTCAAAWTAAAAGTC	MYNN(Zf)/HEK293-MYNN.eGFP-ChIP-Seq(Encode)/Homer	8.241149	-9.044579	0	T:824.0(2.92%),B:2966.8(2.52%),P:1e-3
0.125	0.078	0.281	0.516
0.219	0.250	0.125	0.406
0.141	0.500	0.156	0.203
0.454	0.171	0.156	0.219
0.593	0.110	0.172	0.125
0.500	0.265	0.094	0.141
0.423	0.078	0.187	0.313
0.016	0.047	0.016	0.921
0.968	0.030	0.001	0.001
0.875	0.001	0.109	0.015
0.703	0.001	0.234	0.062
0.968	0.001	0.016	0.015
0.001	0.001	0.997	0.001
0.047	0.298	0.047	0.608
0.063	0.718	0.031	0.188
