>GRATCACTTGAG	7-GRATCACTTGAG,BestGuess:tin/dmmpmm(SeSiMCMC)/fly(0.734)	10.638090	-991.336494	0	T:734.0(4.13%),B:72.4(0.10%),P:1e-430
0.197	0.001	0.801	0.001
0.541	0.001	0.457	0.001
0.873	0.001	0.118	0.008
0.001	0.063	0.128	0.808
0.008	0.651	0.110	0.231
0.466	0.142	0.247	0.145
0.015	0.804	0.001	0.180
0.001	0.243	0.001	0.755
0.079	0.024	0.055	0.842
0.049	0.063	0.831	0.057
0.897	0.001	0.101	0.001
0.374	0.001	0.624	0.001
