>NAGCTCTGTGRN	3-NAGCTCTGTGRN	4.682877	-1260.161076	0	T:11271.0(63.48%),B:31436.8(42.63%),P:1e-547
0.315	0.185	0.290	0.210
0.514	0.001	0.300	0.185
0.085	0.070	0.757	0.088
0.063	0.658	0.147	0.132
0.185	0.027	0.001	0.787
0.006	0.572	0.272	0.150
0.111	0.001	0.001	0.887
0.001	0.060	0.850	0.089
0.139	0.001	0.192	0.668
0.001	0.015	0.943	0.041
0.363	0.100	0.395	0.142
0.267	0.173	0.296	0.265
