>ACACACACACAC	22-ACACACACACAC	11.281650	-391.467923	0	T:293.0(1.65%),B:30.5(0.04%),P:1e-170
0.755	0.044	0.131	0.070
0.097	0.668	0.068	0.167
0.884	0.025	0.049	0.042
0.032	0.738	0.086	0.144
0.885	0.031	0.051	0.033
0.019	0.770	0.049	0.162
0.915	0.027	0.035	0.023
0.003	0.798	0.065	0.134
0.878	0.024	0.061	0.037
0.025	0.698	0.086	0.191
0.799	0.066	0.058	0.077
0.059	0.499	0.106	0.336
