>GGCTAATTTTTT	19-AAAAAATTAGCC	10.729402	-576.996065	0	T:414.0(2.33%),B:32.3(0.04%),P:1e-250
0.408	0.012	0.561	0.019
0.030	0.025	0.748	0.197
0.036	0.664	0.274	0.026
0.040	0.032	0.018	0.910
0.681	0.243	0.045	0.031
0.685	0.020	0.027	0.268
0.173	0.028	0.030	0.769
0.168	0.109	0.051	0.672
0.008	0.108	0.204	0.680
0.026	0.048	0.261	0.665
0.242	0.007	0.235	0.516
0.022	0.173	0.270	0.535
