>CATYTGWAAAAW	16-CATYTGWAAAAW	6.119155	-676.154803	0	T:7566.0(42.61%),B:20763.0(28.15%),P:1e-293
0.262	0.425	0.050	0.263
0.527	0.158	0.001	0.314
0.239	0.114	0.126	0.521
0.199	0.368	0.126	0.307
0.051	0.001	0.001	0.947
0.023	0.215	0.473	0.289
0.334	0.082	0.189	0.394
0.498	0.137	0.330	0.034
0.953	0.016	0.030	0.001
0.961	0.022	0.016	0.001
0.505	0.144	0.153	0.198
0.374	0.107	0.162	0.357
