>AATGAATGAATG	24-AATGAATGAATG,BestGuess:ZNF24/MA1124.1/Jaspar(0.968)	10.956370	-78.886686	0	T:127.0(0.72%),B:97.5(0.13%),P:1e-34
0.925	0.001	0.067	0.007
0.945	0.016	0.038	0.001
0.055	0.001	0.025	0.919
0.041	0.001	0.933	0.025
0.964	0.007	0.028	0.001
0.967	0.001	0.031	0.001
0.011	0.001	0.034	0.954
0.020	0.019	0.949	0.012
0.983	0.001	0.005	0.011
0.887	0.057	0.045	0.011
0.001	0.001	0.015	0.983
0.087	0.016	0.881	0.016
