>GTCTCGAACTCC	15-GGAGTTCGAGAC	10.659128	-676.786521	0	T:517.0(2.91%),B:60.5(0.08%),P:1e-293
0.094	0.027	0.827	0.052
0.041	0.108	0.027	0.824
0.013	0.973	0.001	0.013
0.063	0.027	0.027	0.883
0.040	0.628	0.068	0.264
0.311	0.027	0.599	0.063
0.972	0.001	0.026	0.001
0.891	0.040	0.040	0.029
0.067	0.838	0.041	0.054
0.027	0.040	0.027	0.906
0.041	0.896	0.036	0.027
0.094	0.770	0.001	0.135
