>ATATATATATAT	23-ATATATATATAT	9.102636	-137.847417	0	T:709.0(3.99%),B:1336.2(1.81%),P:1e-59
0.670	0.015	0.125	0.190
0.001	0.114	0.001	0.884
0.823	0.001	0.046	0.130
0.073	0.093	0.035	0.799
0.751	0.010	0.109	0.130
0.001	0.079	0.001	0.919
0.769	0.018	0.071	0.142
0.001	0.043	0.001	0.955
0.788	0.001	0.023	0.188
0.001	0.032	0.001	0.966
0.735	0.031	0.056	0.178
0.001	0.041	0.019	0.939
