>CATGGWGAAACC	21-CATGGWGAAACC	8.772709	-446.673077	0	T:862.0(4.85%),B:805.0(1.09%),P:1e-193
0.001	0.931	0.001	0.067
0.908	0.018	0.001	0.073
0.025	0.001	0.027	0.947
0.175	0.001	0.823	0.001
0.195	0.034	0.715	0.056
0.420	0.062	0.158	0.360
0.237	0.007	0.655	0.101
0.721	0.001	0.277	0.001
0.862	0.001	0.136	0.001
0.782	0.001	0.216	0.001
0.105	0.605	0.256	0.034
0.155	0.625	0.001	0.219
