>ATCCGCCCRCCT	14-AGGYGGGCGGAT	10.802616	-677.294708	0	T:512.0(2.88%),B:56.3(0.08%),P:1e-294
0.756	0.050	0.181	0.013
0.001	0.013	0.072	0.914
0.001	0.972	0.001	0.026
0.091	0.590	0.001	0.318
0.269	0.001	0.451	0.279
0.001	0.824	0.077	0.098
0.025	0.891	0.001	0.083
0.026	0.622	0.008	0.344
0.530	0.008	0.422	0.040
0.001	0.986	0.001	0.012
0.038	0.870	0.001	0.091
0.001	0.013	0.038	0.948
