>CAGCAGCAGCAG	18-CAGCAGCAGCAG	4.529823	-637.467754	0	T:7303.0(41.13%),B:20070.1(27.21%),P:1e-276
0.168	0.639	0.116	0.077
0.841	0.013	0.079	0.067
0.102	0.091	0.766	0.041
0.104	0.756	0.111	0.029
0.823	0.013	0.017	0.147
0.126	0.087	0.706	0.081
0.062	0.890	0.035	0.013
0.744	0.092	0.011	0.153
0.122	0.091	0.714	0.073
0.096	0.817	0.075	0.012
0.710	0.101	0.044	0.145
0.173	0.120	0.648	0.059
