>GAGAGAGAGAGA	5-GAGAGAGAGAGA,BestGuess:RAMOSA1/MA1416.1/Jaspar(0.926)	4.137176	-1195.919897	0	T:12716.0(71.62%),B:38122.4(51.69%),P:1e-519
0.183	0.152	0.644	0.021
0.786	0.018	0.125	0.071
0.117	0.212	0.654	0.017
0.810	0.002	0.122	0.066
0.128	0.161	0.705	0.006
0.846	0.005	0.090	0.059
0.124	0.151	0.703	0.022
0.685	0.060	0.112	0.143
0.162	0.124	0.701	0.013
0.854	0.005	0.108	0.033
0.194	0.091	0.686	0.029
0.733	0.053	0.142	0.072
