>AAAAAATTAGCC	19-AAAAAATTAGCC,BestGuess:Mef2c(MADS)/GM12878-Mef2c-ChIP-Seq(GSE32465)/Homer(0.712)	10.729402	-576.996065	0	T:414.0(2.33%),B:32.3(0.04%),P:1e-250
0.535	0.270	0.173	0.022
0.516	0.235	0.007	0.242
0.665	0.261	0.048	0.026
0.680	0.204	0.108	0.008
0.672	0.051	0.109	0.168
0.769	0.030	0.028	0.173
0.268	0.027	0.020	0.685
0.031	0.045	0.243	0.681
0.910	0.018	0.032	0.040
0.026	0.274	0.664	0.036
0.197	0.748	0.025	0.030
0.019	0.561	0.012	0.408
