>TWGAGAYGGGGT	4-ACCCCRTCTCWA	10.997577	-1230.125047	0	T:872.0(4.91%),B:64.7(0.09%),P:1e-534
0.088	0.001	0.012	0.899
0.557	0.001	0.001	0.441
0.109	0.088	0.802	0.001
0.961	0.001	0.025	0.013
0.039	0.001	0.935	0.025
0.877	0.001	0.121	0.001
0.038	0.493	0.063	0.406
0.301	0.025	0.649	0.025
0.152	0.013	0.822	0.013
0.340	0.001	0.658	0.001
0.089	0.013	0.897	0.001
0.001	0.013	0.088	0.898
