>TCTCTCTCTCTC	5-GAGAGAGAGAGA	4.137176	-1195.919897	0	T:12716.0(71.62%),B:38122.4(51.69%),P:1e-519
0.072	0.142	0.053	0.733
0.029	0.686	0.091	0.194
0.033	0.108	0.005	0.854
0.013	0.701	0.124	0.162
0.143	0.112	0.060	0.685
0.022	0.703	0.151	0.124
0.059	0.090	0.005	0.846
0.006	0.705	0.161	0.128
0.066	0.122	0.002	0.810
0.017	0.654	0.212	0.117
0.071	0.125	0.018	0.786
0.021	0.644	0.152	0.183
