>AGGYGGGCGGAT	14-AGGYGGGCGGAT,BestGuess:btd/dmmpmm(Noyes)/fly(0.648)	10.802616	-677.294708	0	T:512.0(2.88%),B:56.3(0.08%),P:1e-294
0.948	0.038	0.013	0.001
0.091	0.001	0.870	0.038
0.012	0.001	0.986	0.001
0.040	0.422	0.008	0.530
0.344	0.008	0.622	0.026
0.083	0.001	0.891	0.025
0.098	0.077	0.824	0.001
0.279	0.451	0.001	0.269
0.318	0.001	0.590	0.091
0.026	0.001	0.972	0.001
0.914	0.072	0.013	0.001
0.013	0.181	0.050	0.756
