>TTTTTTTTTTTT	6-AAAAAAAAAAAA	10.539677	-1165.856113	0	T:1929.0(10.86%),B:1555.5(2.11%),P:1e-506
0.062	0.036	0.085	0.817
0.066	0.061	0.056	0.817
0.050	0.050	0.068	0.832
0.040	0.036	0.069	0.855
0.024	0.010	0.149	0.817
0.021	0.002	0.110	0.867
0.096	0.013	0.059	0.832
0.082	0.022	0.074	0.822
0.040	0.022	0.073	0.865
0.027	0.018	0.066	0.889
0.062	0.009	0.135	0.794
0.152	0.013	0.043	0.792
