>CTCAAGTGATYC	7-GRATCACTTGAG	10.638090	-991.336494	0	T:734.0(4.13%),B:72.4(0.10%),P:1e-430
0.001	0.624	0.001	0.374
0.001	0.101	0.001	0.897
0.057	0.831	0.063	0.049
0.842	0.055	0.024	0.079
0.755	0.001	0.243	0.001
0.180	0.001	0.804	0.015
0.145	0.247	0.142	0.466
0.231	0.110	0.651	0.008
0.808	0.128	0.063	0.001
0.008	0.118	0.001	0.873
0.001	0.457	0.001	0.541
0.001	0.801	0.001	0.197
