>CAYGCCTGTAAT	10-CAYGCCTGTAAT	10.674250	-918.251495	0	T:656.0(3.69%),B:50.9(0.07%),P:1e-398
0.014	0.930	0.042	0.014
0.916	0.014	0.069	0.001
0.028	0.405	0.070	0.497
0.147	0.042	0.713	0.098
0.056	0.829	0.056	0.059
0.028	0.939	0.001	0.032
0.001	0.056	0.014	0.929
0.135	0.074	0.790	0.001
0.014	0.042	0.014	0.930
0.929	0.056	0.001	0.014
0.823	0.055	0.121	0.001
0.071	0.028	0.028	0.873
