>ACCCCRTCTCWA	4-ACCCCRTCTCWA,BestGuess:SPT2/SPT2_YPD/[](Harbison)/Yeast(0.671)	10.997577	-1230.125047	0	T:872.0(4.91%),B:64.7(0.09%),P:1e-534
0.898	0.088	0.013	0.001
0.001	0.897	0.013	0.089
0.001	0.658	0.001	0.340
0.013	0.822	0.013	0.152
0.025	0.649	0.025	0.301
0.406	0.063	0.493	0.038
0.001	0.121	0.001	0.877
0.025	0.935	0.001	0.039
0.013	0.025	0.001	0.961
0.001	0.802	0.088	0.109
0.441	0.001	0.001	0.557
0.899	0.012	0.001	0.088
