>TTGCCCAGGCTG	2-TTGCCCAGGCTG	9.713590	-1717.747432	0	T:1254.0(7.06%),B:118.1(0.16%),P:1e-746
0.029	0.047	0.049	0.875
0.021	0.119	0.053	0.807
0.100	0.033	0.790	0.077
0.036	0.551	0.371	0.042
0.015	0.789	0.010	0.186
0.034	0.876	0.033	0.057
0.927	0.015	0.027	0.031
0.051	0.026	0.891	0.032
0.048	0.030	0.865	0.057
0.101	0.823	0.029	0.047
0.029	0.013	0.021	0.937
0.058	0.035	0.873	0.034
