<!DOCTYPE HTML>
<html>
  <head>
    <meta charset="UTF-8">
    <title>STREME</title>
    <script>
      // @JSON_VAR data
      var data = {
        "program": "streme",
        "version": "5.3.0",
        "release": "Wed Nov 25 19:19:29 2020 -0800",
        "cmd": [
          "streme", "--p",
          "/mnt/md1/home/oriol//CAM/resources/IRF4/ChIP-seq/T95R-unique.fa",
          "--oc", "T95R-unique", "--maxw", "19"
        ],
        "options": {
          "strands": "both",
          "objfun": "Differential Enrichment",
          "test": "Fisher Exact Test",
          "minw": 8,
          "maxw": 19,
          "kmer": 3,
          "hofract": 0.1,
          "neval": 25,
          "nref": 4,
          "niter": 20,
          "patience": 3,
          "seed": 0,
          "useer": false,
          "minscore": 0,
          "ignore_depth": 5,
          "nsubsets": 1,
          "min_pal_ratio": 0.85,
          "max_pal_ed": 5,
          "cand": false,
          "experimental": false,
          "totallength": 0,
          "stop": {
            "pvt": "0.05"
          }
        },
        "alphabet": {
          "name": "DNA",
          "like": "dna",
          "ncore": 4,
          "symbols": [
            {
              "symbol": "A",
              "name": "Adenine",
              "colour": "CC0000",
              "complement": "T"
            }, {
              "symbol": "C",
              "name": "Cytosine",
              "colour": "0000CC",
              "complement": "G"
            }, {
              "symbol": "G",
              "name": "Guanine",
              "colour": "FFB300",
              "complement": "C"
            }, {
              "symbol": "T",
              "aliases": "U",
              "name": "Thymine",
              "colour": "008000",
              "complement": "A"
            }, {
              "symbol": "N",
              "aliases": "X.",
              "name": "Any base",
              "equals": "ACGT"
            }, {
              "symbol": "V",
              "name": "Not T",
              "equals": "ACG"
            }, {
              "symbol": "H",
              "name": "Not G",
              "equals": "ACT"
            }, {
              "symbol": "D",
              "name": "Not C",
              "equals": "AGT"
            }, {
              "symbol": "B",
              "name": "Not A",
              "equals": "CGT"
            }, {
              "symbol": "M",
              "name": "Amino",
              "equals": "AC"
            }, {
              "symbol": "R",
              "name": "Purine",
              "equals": "AG"
            }, {
              "symbol": "W",
              "name": "Weak",
              "equals": "AT"
            }, {
              "symbol": "S",
              "name": "Strong",
              "equals": "CG"
            }, {
              "symbol": "Y",
              "name": "Pyrimidine",
              "equals": "CT"
            }, {
              "symbol": "K",
              "name": "Keto",
              "equals": "GT"
            }
          ]
        },
        "background": {
          "freqs": [0.297, 0.203, 0.203, 0.297]
        },
        "train_positives": {
          "file": "/mnt/md1/home/oriol//CAM/resources/IRF4/ChIP-seq/T95R-unique.fa",
          "count": 27448,
          "positions": 5544495
        },
        "train_negatives": {
          "from": "shuffled",
          "count": 27448,
          "positions": 5544495
        },
        "test_positives": {
          "count": 3049,
          "positions": 615897
        },
        "test_negatives": {
          "count": 3049,
          "positions": 615897
        },
        "sequence_db": {},
        "motifs": [
          {
            "db": 0,
            "id": "1-TGASTCATAWKGA",
            "alt": "STREME-1",
            "width": 13,
            "initial_width": 10,
            "seed": "TGACTCAGAATGA",
            "score_threshold": 8.66575,
            "train_pos_count": 12201,
            "train_neg_count": 3227,
            "train_log_pvalue": -1656.97,
            "train_pvalue": "1.1e-1657",
            "train_dtc": -1.0,
            "train_bernoulli": -1,
            "test_pos_count": 1351,
            "test_neg_count": 338,
            "test_log_pvalue": -193.716,
            "test_pvalue": "1.9e-194",
            "test_dtc": -1.0,
            "test_bernoulli": -1,
            "elapsed_time": 1644.1,
            "len": 13,
            "nsites": 13552,
            "evalue": "1.9e-194",
            "pwm": [
              [0.000383059, 0.00673676, 0.000115771, 0.992764], 
              [0.00099085, 2.77338e-06, 0.805689, 0.193318], 
              [0.99999, 2.77338e-06, 2.77338e-06, 4.06098e-06], 
              [0.0329395, 0.577262, 0.31943, 0.0703693], 
              [0.0122658, 2.77338e-06, 0.000571242, 0.98716], 
              [0.289954, 0.704187, 0.0048357, 0.00102243], 
              [0.994417, 2.77338e-06, 0.0055766, 4.06098e-06], 
              [0.176031, 0.042622, 0.201123, 0.580224], 
              [0.57973, 0.187681, 0.0384732, 0.194116], 
              [0.430094, 0.155463, 0.155022, 0.259421], 
              [0.194708, 0.0688976, 0.394947, 0.341448], 
              [0.193112, 0.0994973, 0.49376, 0.21363], 
              [0.490155, 0.162155, 0.156347, 0.191342]
            ]
          }, {
            "db": 0,
            "id": "2-TCAWAAGGARAC",
            "alt": "STREME-2",
            "width": 12,
            "initial_width": 9,
            "seed": "TCAAAAGGAAAA",
            "score_threshold": 8.9172,
            "train_pos_count": 7716,
            "train_neg_count": 2815,
            "train_log_pvalue": -634.583,
            "train_pvalue": "2.6e-635",
            "train_dtc": -1.0,
            "train_bernoulli": -1,
            "test_pos_count": 842,
            "test_neg_count": 318,
            "test_log_pvalue": -66.7805,
            "test_pvalue": "1.7e-067",
            "test_dtc": -1.0,
            "test_bernoulli": -1,
            "elapsed_time": 2663.3,
            "len": 12,
            "nsites": 8558,
            "evalue": "1.7e-067",
            "pwm": [
              [0.054065, 0.00100357, 0.0346194, 0.910312], 
              [0.265311, 0.655015, 0.0710288, 0.00864528], 
              [0.982334, 5.89301e-06, 0.0176512, 8.62895e-06], 
              [0.460133, 5.89301e-06, 0.126458, 0.413403], 
              [0.919028, 0.00101029, 5.89301e-06, 0.079956], 
              [0.622595, 0.0301517, 0.200439, 0.146814], 
              [0.044975, 0.0289625, 0.635677, 0.290385], 
              [0.097658, 0.0150793, 0.874534, 0.0127284], 
              [0.850968, 0.120035, 0.00443242, 0.0245649], 
              [0.470108, 0.070082, 0.256367, 0.203443], 
              [0.994172, 0.00581333, 5.89301e-06, 8.62895e-06], 
              [0.161968, 0.514214, 0.251797, 0.0720205]
            ]
          }, {
            "db": 0,
            "id": "3-AAACCACAR",
            "alt": "STREME-3",
            "width": 9,
            "initial_width": 9,
            "seed": "AAACCACAA",
            "score_threshold": 9.06395,
            "train_pos_count": 6139,
            "train_neg_count": 2465,
            "train_log_pvalue": -417.046,
            "train_pvalue": "9.0e-418",
            "train_dtc": -1.0,
            "train_bernoulli": -1,
            "test_pos_count": 688,
            "test_neg_count": 293,
            "test_log_pvalue": -43.4843,
            "test_pvalue": "3.3e-044",
            "test_dtc": -1.0,
            "test_bernoulli": -1,
            "elapsed_time": 3492.2,
            "len": 9,
            "nsites": 6827,
            "evalue": "3.3e-044",
            "pwm": [
              [0.612424, 0.167858, 1.61318e-05, 0.219701], 
              [0.853451, 1.61318e-05, 0.109342, 0.0371905], 
              [0.894544, 0.00689436, 0.0985377, 2.36213e-05], 
              [2.36213e-05, 0.999937, 1.61318e-05, 2.36213e-05], 
              [2.36213e-05, 0.999937, 1.61318e-05, 2.36213e-05], 
              [0.971327, 1.61318e-05, 0.0286336, 2.36213e-05], 
              [2.36213e-05, 0.999937, 1.61318e-05, 2.36213e-05], 
              [0.785388, 0.0785455, 0.0748345, 0.0612317], 
              [0.534991, 0.0462408, 0.340152, 0.0786158]
            ]
          }, {
            "db": 0,
            "id": "4-AATGACTAA",
            "alt": "STREME-4",
            "width": 9,
            "initial_width": 7,
            "seed": "AATGACTAA",
            "score_threshold": 7.54409,
            "train_pos_count": 9805,
            "train_neg_count": 6765,
            "train_log_pvalue": -175.95,
            "train_pvalue": "1.1e-176",
            "train_dtc": -1.0,
            "train_bernoulli": -1,
            "test_pos_count": 1097,
            "test_neg_count": 718,
            "test_log_pvalue": -25.9017,
            "test_pvalue": "1.3e-026",
            "test_dtc": -1.0,
            "test_bernoulli": -1,
            "elapsed_time": 3934.9,
            "len": 9,
            "nsites": 10902,
            "evalue": "1.3e-026",
            "pwm": [
              [0.6835, 2.8686e-05, 0.227769, 0.0887019], 
              [0.922688, 2.8686e-05, 0.0772416, 4.2004e-05], 
              [4.2004e-05, 0.0109323, 2.8686e-05, 0.988997], 
              [4.2004e-05, 2.8686e-05, 0.992387, 0.00754254], 
              [0.965912, 2.8686e-05, 0.0340177, 4.2004e-05], 
              [0.0685341, 0.648577, 0.199809, 0.0830795], 
              [0.0442422, 0.0833567, 2.8686e-05, 0.872372], 
              [0.542789, 0.231422, 0.155274, 0.0705144], 
              [0.542738, 2.8686e-05, 0.24446, 0.212773]
            ]
          }, {
            "db": 0,
            "id": "5-AAGRGGAAG",
            "alt": "STREME-5",
            "width": 9,
            "initial_width": 9,
            "seed": "AAGAGGAAG",
            "score_threshold": 7.78155,
            "train_pos_count": 10098,
            "train_neg_count": 6316,
            "train_log_pvalue": -273.582,
            "train_pvalue": "2.6e-274",
            "train_dtc": -1.0,
            "train_bernoulli": -1,
            "test_pos_count": 1100,
            "test_neg_count": 729,
            "test_log_pvalue": -24.756,
            "test_pvalue": "1.8e-025",
            "test_dtc": -1.0,
            "test_bernoulli": -1,
            "elapsed_time": 3762.5,
            "len": 9,
            "nsites": 11198,
            "evalue": "1.8e-025",
            "pwm": [
              [0.802915, 0.0194802, 0.164142, 0.0134638], 
              [0.741994, 0.0286083, 0.137274, 0.0921236], 
              [0.150034, 0.0940803, 0.755855, 3.04076e-05], 
              [0.654858, 0.0103046, 0.334807, 3.04076e-05], 
              [3.04076e-05, 0.00313275, 0.996806, 3.04076e-05], 
              [0.169313, 2.07664e-05, 0.830636, 3.04076e-05], 
              [0.999928, 2.07664e-05, 2.07664e-05, 3.04076e-05], 
              [0.99776, 0.00218878, 2.07664e-05, 3.04076e-05], 
              [0.234159, 0.131966, 0.633844, 3.04076e-05]
            ]
          }, {
            "db": 0,
            "id": "6-GAAATYCCC",
            "alt": "STREME-6",
            "width": 9,
            "initial_width": 9,
            "seed": "GAAATCCCC",
            "score_threshold": 10.2339,
            "train_pos_count": 2787,
            "train_neg_count": 1286,
            "train_log_pvalue": -134.229,
            "train_pvalue": "5.9e-135",
            "train_dtc": -1.0,
            "train_bernoulli": -1,
            "test_pos_count": 320,
            "test_neg_count": 160,
            "test_log_pvalue": -13.9178,
            "test_pvalue": "1.2e-014",
            "test_dtc": -1.0,
            "test_bernoulli": -1,
            "elapsed_time": 4360.2,
            "len": 9,
            "nsites": 3107,
            "evalue": "1.2e-014",
            "pwm": [
              [0.218259, 4.40394e-05, 0.781633, 6.44855e-05], 
              [0.77022, 4.40394e-05, 0.229672, 6.44855e-05], 
              [0.999847, 4.40394e-05, 4.40394e-05, 6.44855e-05], 
              [0.79052, 4.40394e-05, 4.40394e-05, 0.209392], 
              [0.0996318, 4.40394e-05, 0.272139, 0.628185], 
              [0.0865817, 0.567048, 4.40394e-05, 0.346326], 
              [6.44855e-05, 0.999827, 4.40394e-05, 6.44855e-05], 
              [6.44855e-05, 0.999827, 4.40394e-05, 6.44855e-05], 
              [6.44855e-05, 0.999827, 4.40394e-05, 6.44855e-05]
            ]
          }, {
            "db": 0,
            "id": "7-CCAGCCTGGGCRACAGAG",
            "alt": "STREME-7",
            "width": 18,
            "initial_width": 15,
            "seed": "CCAGCCTGGGCAACAGAG",
            "score_threshold": 14.6823,
            "train_pos_count": 446,
            "train_neg_count": 10,
            "train_log_pvalue": -118.03,
            "train_pvalue": "9.3e-119",
            "train_dtc": -1.0,
            "train_bernoulli": -1,
            "test_pos_count": 43,
            "test_neg_count": 1,
            "test_log_pvalue": -11.6539,
            "test_pvalue": "2.2e-012",
            "test_dtc": -1.0,
            "test_bernoulli": -1,
            "elapsed_time": 4237.3,
            "len": 18,
            "nsites": 489,
            "evalue": "2.2e-012",
            "pwm": [
              [0.0114139, 0.931918, 0.0226685, 0.034], 
              [0.00294424, 0.937564, 0.00855233, 0.0509395], 
              [0.988421, 8.26423e-05, 0.0057291, 0.00576747], 
              [0.022707, 0.0226685, 0.934741, 0.0198838], 
              [0.000121011, 0.965797, 0.00855233, 0.0255301], 
              [0.0227071, 0.948857, 0.00290587, 0.0255304], 
              [0.000121011, 0.0141988, 8.26423e-05, 0.985598], 
              [0.0339998, 0.0057291, 0.96015, 0.000121011], 
              [0.034, 0.00290587, 0.948857, 0.0142374], 
              [0.0311769, 0.0678479, 0.886738, 0.0142372], 
              [0.0085907, 0.680557, 0.0057291, 0.305123], 
              [0.533767, 0.0085524, 0.437797, 0.0198837], 
              [0.963012, 0.00290587, 0.0254917, 0.0085907], 
              [0.0085907, 0.948857, 0.0141988, 0.0283534], 
              [0.968658, 0.0141988, 0.00855233, 0.0085907], 
              [0.104588, 0.050901, 0.725804, 0.118706], 
              [0.830305, 0.0113756, 0.146905, 0.0114139], 
              [0.0904714, 0.011376, 0.883915, 0.0142372]
            ]
          }, {
            "db": 0,
            "id": "8-AAAAAAAAAAAAAAAARAA",
            "alt": "STREME-8",
            "width": 19,
            "initial_width": 19,
            "seed": "AAAAAAAAAAAAAAAAGAA",
            "score_threshold": 15.1711,
            "train_pos_count": 761,
            "train_neg_count": 89,
            "train_log_pvalue": -135.208,
            "train_pvalue": "6.2e-136",
            "train_dtc": -1.0,
            "train_bernoulli": -1,
            "test_pos_count": 73,
            "test_neg_count": 12,
            "test_log_pvalue": -11.526,
            "test_pvalue": "3.0e-012",
            "test_dtc": -1.0,
            "test_bernoulli": -1,
            "elapsed_time": 4098.7,
            "len": 19,
            "nsites": 834,
            "evalue": "3.0e-012",
            "pwm": [
              [0.921377, 0.0542571, 0.00697412, 0.0173914], 
              [0.982322, 3.66971e-05, 0.017588, 5.37344e-05], 
              [0.997366, 3.66971e-05, 0.00129036, 0.00130738], 
              [0.980936, 3.66971e-05, 0.016466, 0.00256103], 
              [0.925655, 0.0519614, 0.0223296, 5.37344e-05], 
              [0.947884, 0.0389007, 0.0126416, 0.000574034], 
              [0.840864, 0.0714962, 0.06638, 0.0212594], 
              [0.97996, 0.010066, 0.00814607, 0.00182768], 
              [0.960308, 0.00449889, 0.0238569, 0.0113366], 
              [0.917917, 0.0552017, 0.020559, 0.00632197], 
              [0.919015, 0.047676, 0.0302281, 0.00308133], 
              [0.832273, 0.107444, 0.0577217, 0.00256105], 
              [0.899069, 0.0376464, 0.0444264, 0.0188586], 
              [0.947233, 0.0385763, 0.0128835, 0.00130741], 
              [0.914662, 0.038277, 0.031963, 0.0150976], 
              [0.931359, 0.00881233, 0.00803387, 0.0517951], 
              [0.379293, 0.159682, 0.4002, 0.0608257], 
              [0.783884, 0.0872895, 0.0272255, 0.101601], 
              [0.795357, 0.116159, 0.0368866, 0.0515971]
            ]
          }, {
            "db": 0,
            "id": "9-GAGACAGRGTCTC",
            "alt": "STREME-9",
            "width": 13,
            "initial_width": 13,
            "seed": "GAGACAGAGTCTC",
            "score_threshold": 15.5082,
            "train_pos_count": 341,
            "train_neg_count": 6,
            "train_log_pvalue": -92.5294,
            "train_pvalue": "3.0e-093",
            "train_dtc": -1.0,
            "train_bernoulli": -1,
            "test_pos_count": 36,
            "test_neg_count": 1,
            "test_log_pvalue": -9.60102,
            "test_pvalue": "2.5e-010",
            "test_dtc": -1.0,
            "test_bernoulli": -1,
            "elapsed_time": 5603.7,
            "len": 13,
            "nsites": 377,
            "evalue": "2.5e-010",
            "pwm": [
              [0.00352863, 0.00192807, 0.979459, 0.0150838], 
              [0.989506, 9.90458e-05, 9.90458e-05, 0.0102959], 
              [0.0238311, 9.90458e-05, 0.975925, 0.00014503], 
              [0.979355, 9.90458e-05, 0.0170171, 0.00352863], 
              [0.00014503, 0.898452, 0.00150334, 0.0998993], 
              [0.675158, 0.0204009, 0.292741, 0.0117002], 
              [0.0475171, 9.90458e-05, 0.952239, 0.00014503], 
              [0.554938, 9.90458e-05, 0.397447, 0.0475162], 
              [0.0475168, 9.90458e-05, 0.948856, 0.00352863], 
              [0.00014503, 0.00686625, 9.90458e-05, 0.99289], 
              [0.00691232, 0.779377, 9.90458e-05, 0.213611], 
              [0.00014503, 0.0102499, 0.00686625, 0.982739], 
              [0.00014503, 0.714095, 0.0204007, 0.265359]
            ]
          }, {
            "db": 0,
            "id": "10-CCCCACCCCCA",
            "alt": "STREME-10",
            "width": 11,
            "initial_width": 11,
            "seed": "CCCCACCCCCA",
            "score_threshold": 10.6614,
            "train_pos_count": 2002,
            "train_neg_count": 1005,
            "train_log_pvalue": -78.8318,
            "train_pvalue": "1.5e-079",
            "train_dtc": -1.0,
            "train_bernoulli": -1,
            "test_pos_count": 220,
            "test_neg_count": 111,
            "test_log_pvalue": -9.42849,
            "test_pvalue": "3.7e-010",
            "test_dtc": -1.0,
            "test_bernoulli": -1,
            "elapsed_time": 5833.8,
            "len": 11,
            "nsites": 2222,
            "evalue": "3.7e-010",
            "pwm": [
              [0.0582085, 0.864781, 0.0249832, 0.0520272], 
              [0.0681014, 0.824328, 0.0424149, 0.0651561], 
              [0.0306298, 0.904972, 0.0294222, 0.0349759], 
              [0.0579086, 0.849588, 0.0296569, 0.0628469], 
              [0.789237, 0.0101401, 0.0856964, 0.114926], 
              [0.0537756, 0.863161, 0.024567, 0.0584964], 
              [0.0545, 0.879568, 0.0395814, 0.0263506], 
              [0.0861451, 0.8011, 0.0386924, 0.0740624], 
              [0.106861, 0.82065, 0.0292496, 0.0432395], 
              [0.0558701, 0.855028, 0.041206, 0.0478958], 
              [0.75546, 0.0624406, 0.100981, 0.0811185]
            ]
          }, {
            "db": 0,
            "id": "11-AACTGAWACT",
            "alt": "STREME-11",
            "width": 10,
            "initial_width": 10,
            "seed": "AACTGAAACT",
            "score_threshold": 13.3516,
            "train_pos_count": 832,
            "train_neg_count": 220,
            "train_log_pvalue": -85.295,
            "train_pvalue": "5.1e-086",
            "train_dtc": -1.0,
            "train_bernoulli": -1,
            "test_pos_count": 90,
            "test_neg_count": 26,
            "test_log_pvalue": -9.17157,
            "test_pvalue": "6.7e-010",
            "test_dtc": -1.0,
            "test_bernoulli": -1,
            "elapsed_time": 4977.5,
            "len": 10,
            "nsites": 922,
            "evalue": "6.7e-010",
            "pwm": [
              [0.95894, 7.98205e-05, 7.98205e-05, 0.0408999], 
              [0.999723, 7.98205e-05, 7.98205e-05, 0.000116879], 
              [0.000116879, 0.80429, 0.195476, 0.000116879], 
              [0.24525, 0.116572, 7.98205e-05, 0.638098], 
              [0.000116879, 7.98205e-05, 0.999686, 0.000116879], 
              [0.999723, 7.98205e-05, 7.98205e-05, 0.000116879], 
              [0.550458, 7.98205e-05, 7.98205e-05, 0.449383], 
              [0.999723, 7.98205e-05, 7.98205e-05, 0.000116879], 
              [0.000116879, 0.961969, 0.0377968, 0.000116879], 
              [0.000116879, 0.329792, 0.00738255, 0.662709]
            ]
          }, {
            "db": 0,
            "id": "12-GATTACAGGCRTGAGCCAC",
            "alt": "STREME-12",
            "width": 19,
            "initial_width": 19,
            "seed": "GATTACAGGCGTGAGCCAC",
            "score_threshold": 14.8803,
            "train_pos_count": 322,
            "train_neg_count": 0,
            "train_log_pvalue": -97.3429,
            "train_pvalue": "4.5e-098",
            "train_dtc": -1.0,
            "train_bernoulli": -1,
            "test_pos_count": 35,
            "test_neg_count": 2,
            "test_log_pvalue": -8.32849,
            "test_pvalue": "4.7e-009",
            "test_dtc": -1.0,
            "test_bernoulli": -1,
            "elapsed_time": 4497.7,
            "len": 19,
            "nsites": 357,
            "evalue": "4.7e-009",
            "pwm": [
              [0.0496404, 0.00627898, 0.931571, 0.0125094], 
              [0.96565, 0.00318478, 0.0310327, 0.000132625], 
              [0.00322683, 0.117671, 9.05744e-05, 0.879012], 
              [0.0125095, 0.0248442, 0.02175, 0.940896], 
              [0.959462, 0.00627898, 0.0310326, 0.00322683], 
              [0.00322683, 0.872781, 0.0186558, 0.105337], 
              [0.981121, 0.00318478, 0.00937318, 0.00632111], 
              [0.0836768, 0.00318478, 0.894441, 0.0186978], 
              [0.0651117, 9.05744e-05, 0.9161, 0.0186978], 
              [0.0279805, 0.730432, 0.00627898, 0.235308], 
              [0.411712, 0.0248444, 0.535463, 0.0279804], 
              [0.00632103, 0.126953, 0.00627898, 0.860447], 
              [0.0805819, 0.0712574, 0.838745, 0.00941523], 
              [0.770714, 0.0991055, 0.0248443, 0.105336], 
              [0.105336, 9.05744e-05, 0.888252, 0.00632103], 
              [0.00632103, 0.943948, 0.00318478, 0.0465458], 
              [0.00632103, 0.93776, 0.00627898, 0.04964], 
              [0.934708, 0.0186558, 0.0341272, 0.0125094], 
              [0.00941523, 0.928478, 0.00937318, 0.0527341]
            ]
          }, {
            "db": 0,
            "id": "13-CAAGTGATCCTCCYRCCT",
            "alt": "STREME-13",
            "width": 18,
            "initial_width": 10,
            "seed": "CAAGTGATCCACCCACCT",
            "score_threshold": 17.4326,
            "train_pos_count": 226,
            "train_neg_count": 1,
            "train_log_pvalue": -66.1761,
            "train_pvalue": "6.7e-067",
            "train_dtc": -1.0,
            "train_bernoulli": -1,
            "test_pos_count": 27,
            "test_neg_count": 0,
            "test_log_pvalue": -8.15292,
            "test_pvalue": "7.0e-009",
            "test_dtc": -1.0,
            "test_bernoulli": -1,
            "elapsed_time": 6296.4,
            "len": 18,
            "nsites": 253,
            "evalue": "7.0e-009",
            "pwm": [
              [0.00489267, 0.966619, 0.00482892, 0.0236591], 
              [0.938534, 0.00482892, 0.0142121, 0.0424253], 
              [0.788402, 0.0282868, 0.140886, 0.0424253], 
              [0.0705751, 0.0095205, 0.915012, 0.00489267], 
              [0.014276, 0.314483, 0.0235952, 0.647646], 
              [0.183175, 0.00482892, 0.807103, 0.00489267], 
              [0.961992, 0.00482892, 0.0235952, 0.00958426], 
              [0.000201093, 0.0235952, 0.00482892, 0.971375], 
              [0.000201093, 0.811788, 0.000137333, 0.187873], 
              [0.023659, 0.835255, 0.00482892, 0.136257], 
              [0.2254, 0.00482892, 0.21126, 0.558512], 
              [0.00958426, 0.943161, 0.000137333, 0.0471172], 
              [0.014276, 0.93847, 0.00482892, 0.0424253], 
              [0.0189674, 0.520907, 0.0095205, 0.450605], 
              [0.436522, 0.0095205, 0.539681, 0.0142758], 
              [0.00958426, 0.91032, 0.000137333, 0.079958], 
              [0.0142758, 0.900937, 0.0095205, 0.0752671], 
              [0.0142758, 0.0329785, 0.000137333, 0.952608]
            ]
          }, {
            "db": 0,
            "id": "14-GCCTCCCAAAGTGCTGG",
            "alt": "STREME-14",
            "width": 17,
            "initial_width": 7,
            "seed": "GCCTCCCAAAGTGCTAG",
            "score_threshold": 16.4957,
            "train_pos_count": 257,
            "train_neg_count": 2,
            "train_log_pvalue": -73.6969,
            "train_pvalue": "2.0e-074",
            "train_dtc": -1.0,
            "train_bernoulli": -1,
            "test_pos_count": 30,
            "test_neg_count": 1,
            "test_log_pvalue": -7.8559,
            "test_pvalue": "1.4e-008",
            "test_dtc": -1.0,
            "test_bernoulli": -1,
            "elapsed_time": 5160.6,
            "len": 17,
            "nsites": 287,
            "evalue": "1.4e-008",
            "pwm": [
              [0.0152435, 0.000110369, 0.984485, 0.00016161], 
              [0.0152434, 0.94678, 0.0114217, 0.0265548], 
              [0.0077026, 0.935467, 0.000110369, 0.0567198], 
              [0.00016161, 0.00765126, 0.00388081, 0.988306], 
              [0.00393205, 0.958091, 0.00388081, 0.0340962], 
              [0.00016161, 0.954321, 0.00388081, 0.0416366], 
              [0.0265548, 0.875138, 0.0265036, 0.0718041], 
              [0.89027, 0.000110369, 0.101917, 0.0077025], 
              [0.927979, 0.0189627, 0.0528967, 0.00016161], 
              [0.822398, 0.00388081, 0.162248, 0.011473], 
              [0.0755727, 0.00388081, 0.746936, 0.173611], 
              [0.135906, 0.0189627, 0.0151921, 0.829939], 
              [0.0567185, 0.0151922, 0.901534, 0.0265548], 
              [0.00393205, 0.905304, 0.00388081, 0.0868829], 
              [0.0152435, 0.0189627, 0.0265035, 0.93929], 
              [0.0868855, 0.00388081, 0.89022, 0.0190139], 
              [0.0831125, 0.0151921, 0.893993, 0.0077025]
            ]
          }, {
            "db": 0,
            "id": "15-ACACACACACACACA",
            "alt": "STREME-15",
            "width": 15,
            "initial_width": 15,
            "seed": "ACACACACACACACA",
            "score_threshold": 14.6774,
            "train_pos_count": 409,
            "train_neg_count": 77,
            "train_log_pvalue": -55.7045,
            "train_pvalue": "2.0e-056",
            "train_dtc": -1.0,
            "train_bernoulli": -1,
            "test_pos_count": 42,
            "test_neg_count": 6,
            "test_log_pvalue": -7.34285,
            "test_pvalue": "4.5e-008",
            "test_dtc": -1.0,
            "test_bernoulli": -1,
            "elapsed_time": 5989.3,
            "len": 15,
            "nsites": 451,
            "evalue": "4.5e-008",
            "pwm": [
              [0.94588, 8.5279e-05, 0.0539103, 0.000124871], 
              [0.020519, 0.935164, 8.5279e-05, 0.0442322], 
              [0.905216, 0.00754157, 0.0617942, 0.0254478], 
              [0.0398585, 0.822272, 8.5279e-05, 0.137784], 
              [0.861565, 0.0129476, 0.122449, 0.00303818], 
              [0.00303818, 0.896088, 0.0366, 0.0642735], 
              [0.93902, 0.0362545, 0.0129477, 0.0117781], 
              [0.00479717, 0.880475, 0.0233917, 0.091336], 
              [0.902743, 0.0395331, 0.0168125, 0.0409116], 
              [0.000124871, 0.881538, 0.0657334, 0.0526035], 
              [0.957597, 0.0158321, 0.0264458, 0.000124871], 
              [0.0498247, 0.776835, 8.5279e-05, 0.173255], 
              [0.865835, 0.00591192, 0.0770335, 0.0512198], 
              [0.0358413, 0.925264, 8.5279e-05, 0.0388095], 
              [0.877149, 0.0452845, 0.0466986, 0.0308681]
            ]
          }, {
            "db": 0,
            "id": "16-GGAAACCACC",
            "alt": "STREME-16",
            "width": 10,
            "initial_width": 10,
            "seed": "GGAAACCACC",
            "score_threshold": 12.0432,
            "train_pos_count": 545,
            "train_neg_count": 185,
            "train_log_pvalue": -42.0992,
            "train_pvalue": "8.0e-043",
            "train_dtc": -1.0,
            "train_bernoulli": -1,
            "test_pos_count": 74,
            "test_neg_count": 23,
            "test_log_pvalue": -7.0879,
            "test_pvalue": "8.2e-008",
            "test_dtc": -1.0,
            "test_bernoulli": -1,
            "elapsed_time": 7302.6,
            "len": 10,
            "nsites": 619,
            "evalue": "8.2e-008",
            "pwm": [
              [0.0287321, 0.0171871, 0.928623, 0.0254577], 
              [0.0537999, 0.00104783, 0.940746, 0.0044064], 
              [0.943263, 0.00404344, 0.0258024, 0.0268908], 
              [0.987932, 0.00467087, 0.00653409, 0.000863068], 
              [0.9734, 0.00653409, 0.0111035, 0.00896204], 
              [0.0324866, 0.683994, 0.176306, 0.107214], 
              [0.0786011, 0.847471, 0.00282054, 0.0711077], 
              [0.943699, 0.000185828, 0.0242504, 0.0318647], 
              [0.0168627, 0.954036, 0.0261738, 0.00292744], 
              [0.000272102, 0.993557, 0.000185828, 0.00598554]
            ]
          }, {
            "db": 0,
            "id": "17-ATTTGCATTTCTC",
            "alt": "STREME-17",
            "width": 13,
            "initial_width": 13,
            "seed": "ATTTGCATTTCTC",
            "score_threshold": 14.126,
            "train_pos_count": 387,
            "train_neg_count": 16,
            "train_log_pvalue": -93.6107,
            "train_pvalue": "2.5e-094",
            "train_dtc": -1.0,
            "train_bernoulli": -1,
            "test_pos_count": 37,
            "test_neg_count": 5,
            "test_log_pvalue": -6.69014,
            "test_pvalue": "2.0e-007",
            "test_dtc": -1.0,
            "test_bernoulli": -1,
            "elapsed_time": 4640.4,
            "len": 13,
            "nsites": 424,
            "evalue": "2.0e-007",
            "pwm": [
              [0.864761, 0.011277, 0.123842, 0.00011996], 
              [0.00011996, 0.00963967, 0.00124347, 0.988997], 
              [0.00291867, 0.00477845, 8.19246e-05, 0.992221], 
              [0.00011996, 0.00567934, 8.19246e-05, 0.994119], 
              [0.011315, 0.0308691, 0.849627, 0.108189], 
              [0.00851631, 0.984523, 8.19246e-05, 0.00687919], 
              [0.999716, 8.19246e-05, 8.19246e-05, 0.00011996], 
              [0.00011996, 8.19246e-05, 0.0112772, 0.988521], 
              [0.0169128, 0.0140755, 0.0224724, 0.946539], 
              [0.00851616, 8.19246e-05, 0.0196737, 0.971728], 
              [0.00967785, 0.954724, 8.19246e-05, 0.0355165], 
              [0.00571745, 0.268019, 8.19246e-05, 0.726182], 
              [0.0257069, 0.855994, 0.0112775, 0.107022]
            ]
          }, {
            "db": 0,
            "id": "18-GAGATACCAYYTCACACCA",
            "alt": "STREME-18",
            "width": 19,
            "initial_width": 15,
            "seed": "GAGATACCATCTCACCCCA",
            "score_threshold": 15.9756,
            "train_pos_count": 316,
            "train_neg_count": 4,
            "train_log_pvalue": -88.078,
            "train_pvalue": "8.4e-089",
            "train_dtc": -1.0,
            "train_bernoulli": -1,
            "test_pos_count": 22,
            "test_neg_count": 0,
            "test_log_pvalue": -6.63917,
            "test_pvalue": "2.3e-007",
            "test_dtc": -1.0,
            "test_bernoulli": -1,
            "elapsed_time": 4811.9,
            "len": 19,
            "nsites": 338,
            "evalue": "2.3e-007",
            "pwm": [
              [0.0251221, 0.00946202, 0.946541, 0.0188751], 
              [0.959077, 9.14328e-05, 9.14328e-05, 0.0407399], 
              [0.0750987, 0.0344503, 0.880947, 0.00950447], 
              [0.893483, 0.00946202, 0.0875505, 0.00950447], 
              [0.0157516, 0.0594385, 9.14328e-05, 0.924718], 
              [0.902854, 9.14328e-05, 0.090674, 0.00638094], 
              [0.0251221, 0.724769, 0.0188326, 0.231276], 
              [0.0344928, 0.84034, 0.00946202, 0.115705], 
              [0.965324, 0.0125856, 0.0125856, 0.00950447], 
              [0.0157515, 0.340557, 0.00321496, 0.640477], 
              [0.00638094, 0.624815, 0.00946202, 0.359342], 
              [0.0688518, 0.0219561, 0.0188326, 0.890359], 
              [0.0157515, 0.815351, 0.0125856, 0.156312], 
              [0.965324, 0.0125856, 0.0157091, 0.00638094], 
              [0.012628, 0.756003, 0.00946202, 0.221907], 
              [0.774788, 0.100045, 0.0781803, 0.0469869], 
              [0.0251221, 0.837216, 0.0344505, 0.103211], 
              [0.0313692, 0.840341, 0.0125856, 0.115704], 
              [0.6436, 0.206245, 0.0125856, 0.137569]
            ]
          }, {
            "db": 0,
            "id": "19-CTATTWTTA",
            "alt": "STREME-19",
            "width": 9,
            "initial_width": 9,
            "seed": "CTATTTTTA",
            "score_threshold": 11.555,
            "train_pos_count": 1730,
            "train_neg_count": 962,
            "train_log_pvalue": -52.1463,
            "train_pvalue": "7.1e-053",
            "train_dtc": -1.0,
            "train_bernoulli": -1,
            "test_pos_count": 192,
            "test_neg_count": 108,
            "test_log_pvalue": -6.41676,
            "test_pvalue": "3.8e-007",
            "test_dtc": -1.0,
            "test_bernoulli": -1,
            "elapsed_time": 6600.9,
            "len": 9,
            "nsites": 1922,
            "evalue": "3.8e-007",
            "pwm": [
              [0.0335875, 0.587386, 0.137213, 0.241813], 
              [0.0001409, 9.62252e-05, 0.00208356, 0.997679], 
              [0.999667, 9.62252e-05, 9.62252e-05, 0.0001409], 
              [0.035775, 9.62252e-05, 0.00997226, 0.954156], 
              [0.0184125, 9.62252e-05, 9.62252e-05, 0.981395], 
              [0.459741, 0.0437413, 0.00620218, 0.490315], 
              [0.264669, 0.097882, 0.0103605, 0.627089], 
              [0.0440708, 9.62252e-05, 9.62252e-05, 0.955737], 
              [0.999667, 9.62252e-05, 9.62252e-05, 0.0001409]
            ]
          }, {
            "db": 0,
            "id": "20-TACATTCCCACCARCA",
            "alt": "STREME-20",
            "width": 16,
            "initial_width": 13,
            "seed": "TACATTCCCACCAACA",
            "score_threshold": 15.6179,
            "train_pos_count": 302,
            "train_neg_count": 9,
            "train_log_pvalue": -77.1234,
            "train_pvalue": "7.5e-078",
            "train_dtc": -1.0,
            "train_bernoulli": -1,
            "test_pos_count": 28,
            "test_neg_count": 2,
            "test_log_pvalue": -6.3859,
            "test_pvalue": "4.1e-007",
            "test_dtc": -1.0,
            "test_bernoulli": -1,
            "elapsed_time": 5369.3,
            "len": 16,
            "nsites": 330,
            "evalue": "4.1e-007",
            "pwm": [
              [0.0384572, 0.109182, 0.038417, 0.813943], 
              [0.834583, 0.0708508, 0.0944396, 0.00012638], 
              [0.00012638, 0.887617, 8.63095e-05, 0.11217], 
              [0.976113, 0.00893183, 0.0148288, 0.00012638], 
              [0.0060234, 0.185846, 0.0177774, 0.790353], 
              [0.0296115, 0.118028, 0.00598332, 0.846377], 
              [0.0384571, 0.790316, 0.0266229, 0.144604], 
              [0.0089719, 0.749035, 0.00303482, 0.238958], 
              [0.0119204, 0.825699, 0.0148288, 0.147552], 
              [0.987907, 8.63095e-05, 0.00893183, 0.00307489], 
              [0.03256, 0.810955, 0.0207259, 0.135759], 
              [0.0384572, 0.86108, 0.0148288, 0.0856341], 
              [0.987907, 0.00598332, 0.00303482, 0.00307489], 
              [0.421778, 0.0384169, 0.527885, 0.0119204], 
              [0.0089719, 0.866977, 0.03252, 0.0915308], 
              [0.964319, 0.0177774, 0.0177774, 0.00012638]
            ]
          }, {
            "db": 0,
            "id": "21-AGAGAGAGAGAGAGAGAGA",
            "alt": "STREME-21",
            "width": 19,
            "initial_width": 19,
            "seed": "AGAGAGAGAGAGAGAGAGA",
            "score_threshold": 15.3993,
            "train_pos_count": 261,
            "train_neg_count": 50,
            "train_log_pvalue": -35.36,
            "train_pvalue": "4.4e-036",
            "train_dtc": -1.0,
            "train_bernoulli": -1,
            "test_pos_count": 31,
            "test_neg_count": 5,
            "test_log_pvalue": -5.21357,
            "test_pvalue": "6.1e-006",
            "test_dtc": -1.0,
            "test_bernoulli": -1,
            "elapsed_time": 7912.8,
            "len": 19,
            "nsites": 292,
            "evalue": "6.1e-006",
            "pwm": [
              [0.801941, 0.0159282, 0.146383, 0.0357476], 
              [0.0452067, 0.00406885, 0.950555, 0.000169441], 
              [0.952161, 0.000115717, 0.0356941, 0.012029], 
              [0.0594672, 0.0436004, 0.888857, 0.0080758], 
              [0.964021, 0.00802198, 0.00802198, 0.0199351], 
              [0.0199351, 0.0515065, 0.928389, 0.000169441], 
              [0.845427, 0.00406885, 0.114757, 0.0357476], 
              [0.0199352, 0.0594128, 0.880951, 0.0397009], 
              [0.918896, 0.0277876, 0.021522, 0.0317945], 
              [0.0278414, 0.0717004, 0.884476, 0.015982], 
              [0.896818, 0.000115717, 0.0870846, 0.015982], 
              [0.0713262, 0.0633658, 0.813748, 0.0515602], 
              [0.92449, 0.00802203, 0.0633659, 0.00412257], 
              [0.0357476, 0.0712726, 0.89281, 0.000169441], 
              [0.803919, 0.0712722, 0.0811549, 0.0436539], 
              [0.239761, 0.077396, 0.61383, 0.0690136], 
              [0.767914, 0.0119751, 0.101346, 0.118764], 
              [0.121378, 0.0475533, 0.751837, 0.0792324], 
              [0.732822, 0.0554598, 0.111565, 0.100153]
            ]
          }, {
            "db": 0,
            "id": "22-TTCCCCAAA",
            "alt": "STREME-22",
            "width": 9,
            "initial_width": 9,
            "seed": "TTCCCCAAA",
            "score_threshold": 10.6219,
            "train_pos_count": 1364,
            "train_neg_count": 790,
            "train_log_pvalue": -36.3549,
            "train_pvalue": "4.4e-037",
            "train_dtc": -1.0,
            "train_bernoulli": -1,
            "test_pos_count": 138,
            "test_neg_count": 76,
            "test_log_pvalue": -5.01389,
            "test_pvalue": "9.7e-006",
            "test_dtc": -1.0,
            "test_bernoulli": -1,
            "elapsed_time": 7610.6,
            "len": 9,
            "nsites": 1502,
            "evalue": "9.7e-006",
            "pwm": [
              [0.0550055, 0.000158157, 0.000158157, 0.944678], 
              [0.000231584, 0.0430685, 0.000158157, 0.956542], 
              [0.000231584, 0.987551, 0.0119862, 0.000231584], 
              [0.000231584, 0.963715, 0.0007381, 0.0353152], 
              [0.000231584, 0.923482, 0.00137188, 0.0749146], 
              [0.000231584, 0.999379, 0.000158157, 0.000231584], 
              [0.641181, 0.139684, 0.0627909, 0.156344], 
              [0.930578, 0.000158157, 0.0690322, 0.000231584], 
              [0.657876, 0.150897, 0.172777, 0.0184495]
            ]
          }, {
            "db": 0,
            "id": "23-GAAAAAATGCTCAACATCA",
            "alt": "STREME-23",
