<!DOCTYPE HTML>
<html>
  <head>
    <meta charset="UTF-8">
    <title>STREME</title>
    <script>
      // @JSON_VAR data
      var data = {
        "program": "streme",
        "version": "5.3.0",
        "release": "Wed Nov 25 19:19:29 2020 -0800",
        "cmd": [
          "streme", "--p", "T95R-unique.fa", "--oc", "T95R-unique", "--maxw",
          "21"
        ],
        "options": {
          "strands": "both",
          "objfun": "Differential Enrichment",
          "test": "Fisher Exact Test",
          "minw": 8,
          "maxw": 21,
          "kmer": 3,
          "hofract": 0.1,
          "neval": 25,
          "nref": 4,
          "niter": 20,
          "patience": 3,
          "seed": 0,
          "useer": false,
          "minscore": 0,
          "ignore_depth": 5,
          "nsubsets": 1,
          "min_pal_ratio": 0.85,
          "max_pal_ed": 5,
          "cand": false,
          "experimental": false,
          "totallength": 0,
          "stop": {
            "pvt": "0.05"
          }
        },
        "alphabet": {
          "name": "DNA",
          "like": "dna",
          "ncore": 4,
          "symbols": [
            {
              "symbol": "A",
              "name": "Adenine",
              "colour": "CC0000",
              "complement": "T"
            }, {
              "symbol": "C",
              "name": "Cytosine",
              "colour": "0000CC",
              "complement": "G"
            }, {
              "symbol": "G",
              "name": "Guanine",
              "colour": "FFB300",
              "complement": "C"
            }, {
              "symbol": "T",
              "aliases": "U",
              "name": "Thymine",
              "colour": "008000",
              "complement": "A"
            }, {
              "symbol": "N",
              "aliases": "X.",
              "name": "Any base",
              "equals": "ACGT"
            }, {
              "symbol": "V",
              "name": "Not T",
              "equals": "ACG"
            }, {
              "symbol": "H",
              "name": "Not G",
              "equals": "ACT"
            }, {
              "symbol": "D",
              "name": "Not C",
              "equals": "AGT"
            }, {
              "symbol": "B",
              "name": "Not A",
              "equals": "CGT"
            }, {
              "symbol": "M",
              "name": "Amino",
              "equals": "AC"
            }, {
              "symbol": "R",
              "name": "Purine",
              "equals": "AG"
            }, {
              "symbol": "W",
              "name": "Weak",
              "equals": "AT"
            }, {
              "symbol": "S",
              "name": "Strong",
              "equals": "CG"
            }, {
              "symbol": "Y",
              "name": "Pyrimidine",
              "equals": "CT"
            }, {
              "symbol": "K",
              "name": "Keto",
              "equals": "GT"
            }
          ]
        },
        "background": {
          "freqs": [0.295, 0.205, 0.205, 0.295]
        },
        "train_positives": {
          "file": "T95R-unique.fa",
          "count": 30462,
          "positions": 6153323
        },
        "train_negatives": {
          "from": "shuffled",
          "count": 30462,
          "positions": 6153323
        },
        "test_positives": {
          "count": 3384,
          "positions": 683567
        },
        "test_negatives": {
          "count": 3384,
          "positions": 683567
        },
        "sequence_db": {},
        "motifs": [
          {
            "db": 0,
            "id": "1-CCAGCCTGGGCRACAKRGY",
            "alt": "STREME-1",
            "width": 19,
            "initial_width": 15,
            "seed": "CCAGCCTGGGCAACAGAGC",
            "score_threshold": 14.5323,
            "train_pos_count": 1898,
            "train_neg_count": 16,
            "train_log_pvalue": -550.034,
            "train_pvalue": "9.3e-551",
            "train_dtc": -1.0,
            "train_bernoulli": -1,
            "test_pos_count": 212,
            "test_neg_count": 3,
            "test_log_pvalue": -59.9431,
            "test_pvalue": "1.1e-060",
            "test_dtc": -1.0,
            "test_bernoulli": -1,
            "elapsed_time": 473.7,
            "len": 19,
            "nsites": 2110,
            "evalue": "1.1e-060",
            "pwm": [
              [0.0153059, 0.930373, 0.0158261, 0.0384947], 
              [0.016887, 0.907711, 0.00212365, 0.0732784], 
              [0.978866, 0.00423171, 0.0116099, 0.00529258], 
              [0.0332245, 0.00739384, 0.905075, 0.0543071], 
              [0.0058196, 0.946184, 0.0100289, 0.0379679], 
              [0.0121439, 0.947765, 0.00686682, 0.0332247], 
              [0.00740068, 0.012664, 0.00159663, 0.978339], 
              [0.0500892, 0.0068668, 0.932481, 0.0105628], 
              [0.0848762, 0.0110829, 0.897694, 0.00634661], 
              [0.0406029, 0.255137, 0.687373, 0.016887], 
              [0.0258463, 0.679965, 0.010556, 0.283633], 
              [0.630413, 0.01161, 0.350576, 0.00740067], 
              [0.962528, 0.00317768, 0.0258394, 0.00845467], 
              [0.01636, 0.904549, 0.0147721, 0.0643193], 
              [0.95515, 0.00423171, 0.0347988, 0.00581961], 
              [0.115449, 0.0716917, 0.449146, 0.363713], 
              [0.623075, 0.00844783, 0.356861, 0.0116168], 
              [0.121774, 0.012137, 0.857635, 0.00845467], 
              [0.0706441, 0.357948, 0.110172, 0.461236]
            ]
          }, {
            "db": 0,
            "id": "2-CTGTAATCCCAGCWMYTTGGG",
            "alt": "STREME-2",
            "width": 21,
            "initial_width": 15,
            "seed": "CTGTAATCCCAGCACCTTGGG",
            "score_threshold": 13.618,
            "train_pos_count": 1641,
            "train_neg_count": 1,
            "train_log_pvalue": -500.923,
            "train_pvalue": "1.2e-501",
            "train_dtc": -1.0,
            "train_bernoulli": -1,
            "test_pos_count": 184,
            "test_neg_count": 0,
            "test_log_pvalue": -56.5001,
            "test_pvalue": "3.2e-057",
            "test_dtc": -1.0,
            "test_bernoulli": -1,
            "elapsed_time": 185.9,
            "len": 21,
            "nsites": 1825,
            "evalue": "3.2e-057",
            "pwm": [
              [0.00381179, 0.951984, 0.00506523, 0.0391385], 
              [0.00570424, 0.017051, 0.00254194, 0.974703], 
              [0.0883449, 0.00632687, 0.897731, 0.00759674], 
              [0.00696592, 0.0271442, 0.0038036, 0.962086], 
              [0.950731, 0.00632692, 0.0347147, 0.00822753], 
              [0.739377, 0.00569605, 0.250484, 0.00444262], 
              [0.00507342, 0.0176818, 0.00254194, 0.974703], 
              [0.0132742, 0.923597, 0.00885031, 0.0542785], 
              [0.00507342, 0.92612, 0.00632689, 0.06248], 
              [0.0044426, 0.914133, 0.00506523, 0.0763592], 
              [0.977857, 0.0038036, 0.0113735, 0.0069659], 
              [0.0612193, 0.00885025, 0.91981, 0.01012], 
              [0.0145359, 0.935583, 0.00821934, 0.0416616], 
              [0.479417, 0.0138968, 0.0126352, 0.494051], 
              [0.481435, 0.460483, 0.0246208, 0.0334616], 
              [0.00759671, 0.475749, 0.00632689, 0.510327], 
              [0.00885835, 0.025883, 0.0145277, 0.950731], 
              [0.0176899, 0.304768, 0.0290366, 0.648505], 
              [0.186149, 0.0176817, 0.774064, 0.0221059], 
              [0.0549099, 0.00380359, 0.93369, 0.00759672], 
              [0.0435546, 0.00885021, 0.940629, 0.0069659]
            ]
          }, {
            "db": 0,
            "id": "3-AGGCTGAGGCRGGAGRATCRC",
            "alt": "STREME-3",
            "width": 21,
            "initial_width": 15,
            "seed": "AGGCTGAGGCAGGAGGATCGC",
            "score_threshold": 14.58,
            "train_pos_count": 1614,
            "train_neg_count": 4,
            "train_log_pvalue": -485.097,
            "train_pvalue": "8.0e-486",
            "train_dtc": -1.0,
            "train_bernoulli": -1,
            "test_pos_count": 179,
            "test_neg_count": 3,
            "test_log_pvalue": -49.8011,
            "test_pvalue": "1.6e-050",
            "test_dtc": -1.0,
            "test_bernoulli": -1,
            "elapsed_time": 672.1,
            "len": 21,
            "nsites": 1793,
            "evalue": "1.6e-050",
            "pwm": [
              [0.98526, 0.00129494, 0.0076753, 0.00576946], 
              [0.0561743, 0.00257102, 0.934847, 0.0064075], 
              [0.0357572, 0.00576119, 0.950798, 0.00768357], 
              [0.00704555, 0.960369, 0.00448511, 0.0281007], 
              [0.014702, 0.280126, 0.00895135, 0.69622], 
              [0.162729, 0.0108655, 0.82255, 0.00385536], 
              [0.97888, 0.00129494, 0.0172458, 0.00257929], 
              [0.0523461, 0.00895136, 0.932295, 0.0064075], 
              [0.0619169, 0.00639921, 0.916982, 0.014702], 
              [0.0242725, 0.680265, 0.0102274, 0.285235], 
              [0.592859, 0.0121416, 0.375194, 0.0198062], 
              [0.0580886, 0.0223504, 0.89465, 0.0249109], 
              [0.0670213, 0.0095894, 0.915706, 0.00768357], 
              [0.649004, 0.171016, 0.00895136, 0.171029], 
              [0.126998, 0.00958938, 0.855729, 0.00768357], 
              [0.410374, 0.00384708, 0.576182, 0.00959767], 
              [0.968033, 0.00895135, 0.0172458, 0.00576946], 
              [0.0064075, 0.0453195, 0.00193297, 0.94634], 
              [0.0185302, 0.680869, 0.0702137, 0.230387], 
              [0.511763, 0.019798, 0.444805, 0.0236345], 
              [0.0140639, 0.896564, 0.0108655, 0.0785062]
            ]
          }, {
            "db": 0,
            "id": "4-GTCTCWAAAAAAAAAAAAAAA",
            "alt": "STREME-4",
            "width": 21,
            "initial_width": 20,
            "seed": "GTCTCAAAAAAAAAAAAAAAC",
            "score_threshold": 12.7027,
            "train_pos_count": 1844,
            "train_neg_count": 111,
            "train_log_pvalue": -415.853,
            "train_pvalue": "1.4e-416",
            "train_dtc": -1.0,
            "train_bernoulli": -1,
            "test_pos_count": 209,
            "test_neg_count": 16,
            "test_log_pvalue": -44.8513,
            "test_pvalue": "1.4e-045",
            "test_dtc": -1.0,
            "test_bernoulli": -1,
            "elapsed_time": 1420.5,
            "len": 21,
            "nsites": 2053,
            "evalue": "1.4e-045",
            "pwm": [
              [0.293612, 0.0198726, 0.659416, 0.0271002], 
              [0.0222866, 0.0203717, 0.00302603, 0.954316], 
              [0.00604206, 0.96253, 0.00808905, 0.0233387], 
              [0.00935133, 0.00387737, 0.00483096, 0.98194], 
              [0.0413371, 0.914699, 0.00422934, 0.0397346], 
              [0.597884, 0.0367194, 0.00783921, 0.357557], 
              [0.962035, 0.00603424, 0.0228807, 0.0090503], 
              [0.644212, 0.310621, 0.0210756, 0.0240918], 
              [0.706183, 0.0270931, 0.0150589, 0.251665], 
              [0.927139, 0.0294988, 0.0234821, 0.01988], 
              [0.927741, 0.0355149, 0.0162622, 0.0204817], 
              [0.937368, 0.0240837, 0.0102458, 0.0283029], 
              [0.931351, 0.0174655, 0.0222787, 0.0289046], 
              [0.922326, 0.0234821, 0.0234823, 0.0307096], 
              [0.656847, 0.0367184, 0.0144573, 0.291977], 
              [0.909692, 0.0288969, 0.0222787, 0.0391329], 
              [0.655042, 0.269107, 0.0325067, 0.0433446], 
              [0.871788, 0.0361169, 0.0373199, 0.0547754], 
              [0.884173, 0.0313034, 0.0375696, 0.0469541], 
              [0.877254, 0.0363664, 0.0406293, 0.0457508], 
              [0.826413, 0.0541659, 0.0477992, 0.0716216]
            ]
          }, {
            "db": 0,
            "id": "5-RGYGCRGTGGC",
            "alt": "STREME-5",
            "width": 11,
            "initial_width": 11,
            "seed": "AGTGCAGTGGC",
            "score_threshold": 11.7896,
            "train_pos_count": 2111,
            "train_neg_count": 249,
            "train_log_pvalue": -379.378,
            "train_pvalue": "4.2e-380",
            "train_dtc": -1.0,
            "train_bernoulli": -1,
            "test_pos_count": 235,
            "test_neg_count": 32,
            "test_log_pvalue": -40.2963,
            "test_pvalue": "5.1e-041",
            "test_dtc": -1.0,
            "test_bernoulli": -1,
            "elapsed_time": 838.8,
            "len": 11,
            "nsites": 2346,
            "evalue": "5.1e-041",
            "pwm": [
              [0.48996, 1.7539e-05, 0.509997, 2.52391e-05], 
              [0.0278115, 1.7539e-05, 0.972146, 2.52391e-05], 
              [2.52391e-05, 0.378393, 1.7539e-05, 0.621564], 
              [0.224466, 1.7539e-05, 0.772412, 0.00310473], 
              [2.52391e-05, 0.724459, 1.7539e-05, 0.275498], 
              [0.610057, 0.0127727, 0.377145, 2.52391e-05], 
              [0.0792933, 1.7539e-05, 0.920664, 2.52391e-05], 
              [2.52391e-05, 0.0175362, 1.7539e-05, 0.982421], 
              [0.0153424, 1.7539e-05, 0.984615, 2.52391e-05], 
              [0.0239366, 1.7539e-05, 0.976021, 2.52391e-05], 
              [2.52391e-05, 0.806157, 1.7539e-05, 0.1938]
            ]
          }, {
            "db": 0,
            "id": "6-AMCTCCTGGSYTCAA",
            "alt": "STREME-6",
            "width": 15,
            "initial_width": 15,
            "seed": "AACTCCTGACCTCAA",
            "score_threshold": 13.2609,
            "train_pos_count": 1455,
            "train_neg_count": 50,
            "train_log_pvalue": -366.209,
            "train_pvalue": "6.2e-367",
            "train_dtc": -1.0,
            "train_bernoulli": -1,
            "test_pos_count": 156,
            "test_neg_count": 7,
            "test_log_pvalue": -38.0475,
            "test_pvalue": "9.0e-039",
            "test_dtc": -1.0,
            "test_bernoulli": -1,
            "elapsed_time": 1641.8,
            "len": 15,
            "nsites": 1611,
            "evalue": "9.0e-039",
            "pwm": [
              [0.711635, 0.00791543, 0.276113, 0.0043365], 
              [0.539973, 0.430253, 0.00935082, 0.0204229], 
              [0.00290116, 0.942206, 0.00289184, 0.0520012], 
              [0.00176369, 0.0158096, 0.0064801, 0.975947], 
              [0.00218349, 0.9626, 0.00576247, 0.0294545], 
              [0.00463431, 0.957995, 0.00289184, 0.0344789], 
              [0.0100777, 0.257746, 0.00289183, 0.729284], 
              [0.142889, 0.00390734, 0.850302, 0.00290116], 
              [0.323017, 0.00145653, 0.67119, 0.0043365], 
              [0.0380681, 0.318293, 0.627102, 0.0165367], 
              [0.00290116, 0.600134, 0.0086332, 0.388332], 
              [0.000748193, 0.00719775, 2.12247e-05, 0.992033], 
              [0.00554074, 0.952485, 0.0103663, 0.0316079], 
              [0.971641, 0.0132369, 0.0122214, 0.00290115], 
              [0.760121, 0.0272952, 0.194611, 0.0179725]
            ]
          }, {
            "db": 0,
            "id": "7-AGGTTGCAGTGAGCYRAGATC",
            "alt": "STREME-7",
            "width": 21,
            "initial_width": 20,
            "seed": "AGGTTGCAGTGAGCCGAGATT",
            "score_threshold": 13.9056,
            "train_pos_count": 1095,
            "train_neg_count": 0,
            "train_log_pvalue": -333.976,
            "train_pvalue": "1.1e-334",
            "train_dtc": -1.0,
            "train_bernoulli": -1,
            "test_pos_count": 123,
            "test_neg_count": 0,
            "test_log_pvalue": -37.5171,
            "test_pvalue": "3.0e-038",
            "test_dtc": -1.0,
            "test_bernoulli": -1,
            "elapsed_time": 1050.6,
            "len": 21,
            "nsites": 1218,
            "evalue": "3.0e-038",
            "pwm": [
              [0.964004, 0.00278891, 0.0230413, 0.0101654], 
              [0.0598767, 0.00739174, 0.920725, 0.0120065], 
              [0.0423853, 0.0865654, 0.848917, 0.0221327], 
              [0.00832423, 0.251347, 0.0138356, 0.726493], 
              [0.00924479, 0.00923286, 0.00923286, 0.972289], 
              [0.0589555, 0.00370947, 0.923487, 0.0138476], 
              [0.00372142, 0.924408, 0.00278891, 0.069082], 
              [0.929022, 0.0101534, 0.0552616, 0.00556255], 
              [0.0350207, 0.0101534, 0.950184, 0.00464199], 
              [0.00648311, 0.0230413, 0.0147562, 0.955719], 
              [0.0377822, 0.00923284, 0.949264, 0.00372142], 
              [0.975051, 0.00370947, 0.0119945, 0.00924479], 
              [0.0423851, 0.00923286, 0.941899, 0.00648311], 
              [0.0120065, 0.931773, 0.00923286, 0.0469879], 
              [0.0387031, 0.583752, 0.0221208, 0.355424], 
              [0.380264, 0.0138356, 0.598497, 0.00740367], 
              [0.766079, 0.00923284, 0.017518, 0.20717], 
              [0.0239738, 0.00555059, 0.956628, 0.0138476], 
              [0.948355, 0.00555062, 0.0248825, 0.0212122], 
              [0.00556255, 0.0432939, 0.00831228, 0.942831], 
              [0.0285767, 0.617843, 0.0607853, 0.292795]
            ]
          }, {
            "db": 0,
            "id": "8-ATGASTCAT",
            "alt": "STREME-8",
            "width": 9,
            "initial_width": 9,
            "seed": "ATGACTCAG",
            "score_threshold": 7.48337,
            "train_pos_count": 4849,
            "train_neg_count": 2946,
            "train_log_pvalue": -118.353,
            "train_pvalue": "4.4e-119",
            "train_dtc": -1.0,
            "train_bernoulli": -1,
            "test_pos_count": 538,
            "test_neg_count": 326,
            "test_log_pvalue": -14.2329,
            "test_pvalue": "5.8e-015",
            "test_dtc": -1.0,
            "test_bernoulli": -1,
            "elapsed_time": 2146.0,
            "len": 9,
            "nsites": 5387,
            "evalue": "5.8e-015",
            "pwm": [
              [0.576442, 0.245168, 0.128899, 0.049492], 
              [0.00423272, 0.0363053, 0.000531736, 0.95893], 
              [0.00285319, 0.0127867, 0.854239, 0.130122], 
              [0.987557, 0.00258756, 0.00662345, 0.00323178], 
              [0.0238864, 0.476114, 0.476114, 0.0238864], 
              [0.00323178, 0.00662345, 0.00258756, 0.987557], 
              [0.130122, 0.854239, 0.0127867, 0.00285319], 
              [0.95893, 0.000531736, 0.0363053, 0.00423272], 
              [0.049492, 0.128899, 0.245168, 0.576442]
            ]
          }, {
            "db": 0,
            "id": "9-AAAAAAAAAAAAAAAAA",
            "alt": "STREME-9",
            "width": 17,
            "initial_width": 17,
            "seed": "AAAAAAAAAAAAAAAAA",
            "score_threshold": 11.5635,
            "train_pos_count": 2051,
            "train_neg_count": 855,
            "train_log_pvalue": -117.04,
            "train_pvalue": "9.1e-118",
            "train_dtc": -1.0,
            "train_bernoulli": -1,
            "test_pos_count": 234,
            "test_neg_count": 99,
            "test_log_pvalue": -13.9364,
            "test_pvalue": "1.2e-014",
            "test_dtc": -1.0,
            "test_bernoulli": -1,
            "elapsed_time": 2660.7,
            "len": 17,
            "nsites": 2285,
            "evalue": "1.2e-014",
            "pwm": [
              [0.983446, 0.000257369, 1.70432e-05, 0.0162793], 
              [0.987939, 0.00683742, 0.00303974, 0.0021838], 
              [0.761189, 0.133691, 0.0341988, 0.0709216], 
              [0.82078, 0.0510751, 0.0838459, 0.0442987], 
              [0.886022, 0.052396, 0.0194574, 0.0421243], 
              [0.784486, 0.0907832, 0.0460142, 0.0787167], 
              [0.835131, 0.0558474, 0.0352009, 0.0738205], 
              [0.763239, 0.103344, 0.0884851, 0.0449315], 
              [0.84434, 0.0585913, 0.069933, 0.0271357], 
              [0.845015, 0.0498478, 0.038934, 0.0662036], 
              [0.835666, 0.0731271, 0.0231848, 0.068022], 
              [0.761309, 0.105528, 0.0649844, 0.0681785], 
              [0.798864, 0.0737606, 0.0806399, 0.0467356], 
              [0.773424, 0.0467312, 0.116605, 0.0632404], 
              [0.626157, 0.153924, 0.0690186, 0.1509], 
              [0.930236, 0.0200579, 0.0134423, 0.0362642], 
              [0.960156, 0.0223705, 0.00405309, 0.0134199]
            ]
          }, {
            "db": 0,
            "id": "10-CCCCACCCCCMBCCC",
            "alt": "STREME-10",
            "width": 15,
            "initial_width": 11,
            "seed": "CCCCACCCCCATCCC",
            "score_threshold": 11.1513,
            "train_pos_count": 2418,
            "train_neg_count": 1263,
            "train_log_pvalue": -86.6451,
            "train_pvalue": "2.3e-087",
            "train_dtc": -1.0,
            "train_bernoulli": -1,
            "test_pos_count": 267,
            "test_neg_count": 130,
            "test_log_pvalue": -12.2095,
            "test_pvalue": "6.2e-013",
            "test_dtc": -1.0,
            "test_bernoulli": -1,
            "elapsed_time": 3566.6,
            "len": 15,
            "nsites": 2685,
            "evalue": "6.2e-013",
            "pwm": [
              [0.0397954, 0.865746, 0.0325376, 0.0619212], 
              [0.0658099, 0.790752, 0.0520117, 0.0914259], 
              [0.0362458, 0.861199, 0.0294212, 0.0731341], 
              [0.017205, 0.881792, 0.0226015, 0.0784013], 
              [0.567583, 0.0226015, 0.189958, 0.219857], 
              [0.0319554, 0.800969, 0.0898139, 0.0772618], 
              [0.0462449, 0.849021, 0.0490491, 0.0556848], 
              [0.0596048, 0.774853, 0.0677195, 0.0978226], 
              [0.128182, 0.721552, 0.0511173, 0.0991484], 
              [0.115004, 0.761097, 0.0650013, 0.0588981], 
              [0.445285, 0.255807, 0.149962, 0.148945], 
              [0.150525, 0.354623, 0.223718, 0.271133], 
              [0.0460282, 0.755326, 0.119287, 0.0793585], 
              [0.091181, 0.681246, 0.0690472, 0.158525], 
              [0.0835861, 0.699873, 0.07136, 0.14518]
            ]
          }, {
            "db": 0,
            "id": "11-AAAGGAAAC",
            "alt": "STREME-11",
            "width": 9,
            "initial_width": 8,
            "seed": "AAAGGAAAC",
            "score_threshold": 7.60821,
            "train_pos_count": 9364,
            "train_neg_count": 7288,
            "train_log_pvalue": -79.095,
            "train_pvalue": "8.0e-080",
            "train_dtc": -1.0,
            "train_bernoulli": -1,
            "test_pos_count": 1009,
            "test_neg_count": 785,
            "test_log_pvalue": -9.40472,
            "test_pvalue": "3.9e-010",
            "test_dtc": -1.0,
            "test_bernoulli": -1,
            "elapsed_time": 3973.5,
            "len": 9,
            "nsites": 10373,
            "evalue": "3.9e-010",
            "pwm": [
              [0.767792, 5.23455e-05, 0.112596, 0.11956], 
              [0.892304, 0.00858492, 0.071642, 0.0274688], 
              [0.736119, 0.118797, 0.138335, 0.00674897], 
              [0.00404526, 0.0655231, 0.72264, 0.207791], 
              [0.0790071, 0.0134521, 0.892659, 0.0148817], 
              [0.949463, 0.00502207, 0.0444355, 0.00107978], 
              [0.945593, 0.00221077, 0.00729075, 0.0449055], 
              [0.936895, 0.000784741, 0.0622453, 7.53265e-05], 
              [0.08984, 0.653105, 0.154527, 0.102527]
            ]
          }, {
            "db": 0,
            "id": "12-AGGAAGTGR",
            "alt": "STREME-12",
            "width": 9,
            "initial_width": 9,
            "seed": "AGGAAGTGA",
            "score_threshold": 8.38101,
            "train_pos_count": 5796,
            "train_neg_count": 4199,
            "train_log_pvalue": -68.0823,
            "train_pvalue": "8.3e-069",
            "train_dtc": -1.0,
            "train_bernoulli": -1,
            "test_pos_count": 647,
            "test_neg_count": 468,
            "test_log_pvalue": -8.59108,
            "test_pvalue": "2.6e-009",
            "test_dtc": -1.0,
            "test_bernoulli": -1,
            "elapsed_time": 8207.6,
            "len": 9,
            "nsites": 6443,
            "evalue": "2.6e-009",
            "pwm": [
              [0.667164, 0.0690623, 0.26368, 9.36602e-05], 
              [9.36602e-05, 0.020308, 0.979505, 9.36602e-05], 
              [9.36602e-05, 6.50859e-05, 0.999748, 9.36602e-05], 
              [0.999776, 6.50859e-05, 6.50859e-05, 9.36602e-05], 
              [0.952267, 0.0475742, 6.50859e-05, 9.36602e-05], 
              [0.150984, 0.0611945, 0.787728, 9.36602e-05], 
              [0.138273, 0.0822447, 0.172979, 0.606504], 
              [0.14336, 0.0514583, 0.769562, 0.0356197], 
              [0.550878, 0.0268549, 0.422173, 9.36602e-05]
            ]
          }, {
            "db": 0,
            "id": "13-GAGGTCAGGAGWTCGAGA",
            "alt": "STREME-13",
            "width": 18,
            "initial_width": 10,
            "seed": "GAGGTCAGGAGATCGCGA",
            "score_threshold": 17.2658,
            "train_pos_count": 205,
            "train_neg_count": 2,
            "train_log_pvalue": -58.1269,
            "train_pvalue": "7.5e-059",
            "train_dtc": -1.0,
            "train_bernoulli": -1,
            "test_pos_count": 25,
            "test_neg_count": 0,
            "test_log_pvalue": -7.54507,
            "test_pvalue": "2.9e-008",
            "test_dtc": -1.0,
            "test_bernoulli": -1,
            "elapsed_time": 4706.4,
            "len": 18,
            "nsites": 230,
            "evalue": "2.9e-008",
            "pwm": [
              [0.197103, 0.0149125, 0.787775, 0.00020949], 
              [0.925665, 0.0198347, 0.0542908, 0.00020949], 
              [0.0740441, 0.00999016, 0.905912, 0.0100541], 
              [0.0297432, 0.0395239, 0.920679, 0.0100541], 
              [0.0149764, 0.0739799, 0.000145578, 0.910898], 
              [0.00513178, 0.950213, 0.00506787, 0.0395878], 
              [0.960121, 0.000145578, 0.0296793, 0.0100541], 
              [0.172491, 0.00506787, 0.822232, 0.00020949], 
              [0.0543548, 0.00506787, 0.930523, 0.0100541], 
              [0.945354, 0.0198347, 0.0198347, 0.0149764], 
              [0.0691217, 0.00999016, 0.900989, 0.0198987], 
              [0.443268, 0.024757, 0.00999028, 0.521984], 
              [0.00020949, 0.000145578, 0.00506787, 0.994577], 
              [0.0297432, 0.748397, 0.0395239, 0.182336], 
              [0.251251, 0.0149125, 0.733627, 0.00020949], 
              [0.974888, 0.00506787, 0.00999016, 0.0100541], 
              [0.0198987, 0.00506787, 0.974824, 0.00020949], 
              [0.984732, 0.000145578, 0.0149125, 0.00020949]
            ]
          }, {
            "db": 0,
            "id": "14-GASAGAGAGAGA",
            "alt": "STREME-14",
            "width": 12,
            "initial_width": 12,
            "seed": "GAGAGAGAGAGA",
            "score_threshold": 14.5727,
            "train_pos_count": 405,
            "train_neg_count": 85,
            "train_log_pvalue": -50.9172,
            "train_pvalue": "1.2e-051",
            "train_dtc": -1.0,
            "train_bernoulli": -1,
            "test_pos_count": 50,
            "test_neg_count": 10,
            "test_log_pvalue": -7.14355,
            "test_pvalue": "7.2e-008",
            "test_dtc": -1.0,
            "test_bernoulli": -1,
            "elapsed_time": 5239.5,
            "len": 12,
            "nsites": 455,
            "evalue": "7.2e-008",
            "pwm": [
              [0.000184597, 0.000128279, 0.999503, 0.000184597], 
              [0.999559, 0.000128279, 0.000128279, 0.000184597], 
              [0.0751646, 0.335484, 0.589167, 0.000184597], 
              [0.903546, 0.0131406, 0.0831285, 0.000184597], 
              [0.0349818, 0.00446567, 0.956031, 0.00452199], 
              [0.968264, 0.0314236, 0.000128279, 0.000184597], 
              [0.0565395, 0.00192842, 0.941347, 0.000184597], 
              [0.660897, 0.259189, 0.0797303, 0.000184597], 
              [0.190884, 0.0242617, 0.784669, 0.000184597], 
              [0.98483, 0.0148574, 0.000128279, 0.000184597], 
              [0.000184597, 0.000128279, 0.995165, 0.00452199], 
              [0.999559, 0.000128279, 0.000128279, 0.000184597]
            ]
          }, {
            "db": 0,
            "id": "15-GCTATTRTGAATARTGCTGC",
            "alt": "STREME-15",
            "width": 20,
            "initial_width": 13,
            "seed": "GCTATTGTGAATAGTGCTGC",
            "score_threshold": 15.5352,
            "train_pos_count": 191,
            "train_neg_count": 4,
            "train_log_pvalue": -51.0497,
            "train_pvalue": "8.9e-052",
            "train_dtc": -1.0,
            "train_bernoulli": -1,
            "test_pos_count": 23,
            "test_neg_count": 0,
            "test_log_pvalue": -6.93998,
            "test_pvalue": "1.1e-007",
            "test_dtc": -1.0,
            "test_bernoulli": -1,
            "elapsed_time": 6414.3,
            "len": 20,
            "nsites": 214,
            "evalue": "1.1e-007",
            "pwm": [
              [0.0643484, 0.000158033, 0.913892, 0.0216011], 
              [0.000227413, 0.903206, 0.0108449, 0.0857221], 
              [0.0536616, 0.0482488, 0.0161883, 0.881901], 
              [0.849841, 0.000158033, 0.11237, 0.0376313], 
              [0.0162577, 0.0909962, 0.00550145, 0.887245], 
              [0.000227413, 0.064279, 0.0161883, 0.919305], 
              [0.336863, 0.0108449, 0.593287, 0.059005], 
              [0.0109142, 0.0589356, 0.0108449, 0.919305], 
              [0.235338, 0.0108449, 0.748247, 0.00557083], 
              [0.919305, 0.0215317, 0.0482488, 0.0109142], 
              [0.972739, 0.0215317, 0.00550145, 0.000227413], 
              [0.0322879, 0.0909969, 0.0108449, 0.86587], 
              [0.892588, 0.0108449, 0.0803093, 0.0162577], 
              [0.507856, 0.0322185, 0.438324, 0.0216011], 
              [0.0803786, 0.0482488, 0.0375619, 0.833811], 
              [0.133813, 0.0108449, 0.817711, 0.0376313], 
              [0.0109142, 0.844428, 0.0108449, 0.133813], 
              [0.0376314, 0.0375619, 0.0161883, 0.908618], 
              [0.133813, 0.0215317, 0.790994, 0.0536616], 
              [0.0429747, 0.758932, 0.0108449, 0.187248]
            ]
          }, {
            "db": 0,
            "id": "16-CCACATTTTSTTTATCCATT",
            "alt": "STREME-16",
            "width": 20,
            "initial_width": 18,
            "seed": "CCACATTTTCTTTATCCAGT",
            "score_threshold": 16.3678,
            "train_pos_count": 179,
            "train_neg_count": 3,
            "train_log_pvalue": -48.8955,
            "train_pvalue": "1.3e-049",
            "train_dtc": -1.0,
            "train_bernoulli": -1,
            "test_pos_count": 22,
            "test_neg_count": 0,
            "test_log_pvalue": -6.63753,
            "test_pvalue": "2.3e-007",
            "test_dtc": -1.0,
            "test_bernoulli": -1,
            "elapsed_time": 7338.6,
            "len": 20,
            "nsites": 201,
            "evalue": "2.3e-007",
            "pwm": [
              [0.0930546, 0.780969, 0.022002, 0.103975], 
              [0.0166128, 0.813729, 0.0165419, 0.153116], 
              [0.923003, 0.0329223, 0.0438426, 0.00023238], 
              [0.00023238, 0.86833, 0.000161485, 0.131276], 
              [0.966684, 0.00562161, 0.0165419, 0.0111526], 
              [0.0166128, 0.0438425, 0.103904, 0.835641], 
              [0.0166128, 0.0274623, 0.0165419, 0.939383], 
              [0.0111526, 0.0110817, 0.0165419, 0.961224], 
              [0.00023238, 0.0110817, 0.0165419, 0.972144], 
              [0.114895, 0.349616, 0.535257, 0.00023238], 
              [0.0220729, 0.0929837, 0.000161485, 0.884782], 
              [0.00569251, 0.0438425, 0.022002, 0.928463], 
              [0.00569251, 0.0602229, 0.00562161, 0.928463], 
              [0.912083, 0.0438425, 0.0383824, 0.00569251], 
              [0.0439134, 0.0929837, 0.00562161, 0.857481], 
              [0.0166128, 0.699066, 0.0329223, 0.251399], 
              [0.0329932, 0.813729, 0.000161485, 0.153116], 
              [0.862941, 0.0165419, 0.0929838, 0.027533], 
              [0.0821344, 0.065683, 0.13121, 0.720972], 
              [0.0220729, 0.0547628, 0.0165419, 0.906622]
            ]
          }, {
            "db": 0,
            "id": "17-GTGGGAATGTAAAWTRGTWC",
            "alt": "STREME-17",
            "width": 20,
            "initial_width": 13,
            "seed": "GTGGGAATGTAAATTAGTTC",
            "score_threshold": 16.18,
            "train_pos_count": 204,
            "train_neg_count": 3,
            "train_log_pvalue": -56.2872,
            "train_pvalue": "5.2e-057",
            "train_dtc": -1.0,
            "train_bernoulli": -1,
            "test_pos_count": 25,
            "test_neg_count": 1,
            "test_log_pvalue": -6.41325,
            "test_pvalue": "3.9e-007",
            "test_dtc": -1.0,
            "test_bernoulli": -1,
            "elapsed_time": 4981.1,
            "len": 20,
            "nsites": 229,
            "evalue": "3.9e-007",
            "pwm": [
              [0.127568, 0.000144872, 0.847587, 0.0247006], 
              [0.0149038, 0.000144872, 0.0050433, 0.979908], 
              [0.117771, 0.000144872, 0.862282, 0.0198022], 
              [0.142263, 0.000144872, 0.827993, 0.0295991], 
              [0.127568, 0.0295355, 0.842688, 0.000208475], 
              [0.994603, 0.000144872, 0.000144872, 0.00510691], 
              [0.793765, 0.024637, 0.176491, 0.00510691], 
              [0.0247006, 0.0197386, 0.024637, 0.930924], 
              [0.127568, 0.0148402, 0.857383, 0.000208475], 
              [0.000208475, 0.117707, 0.0148402, 0.867244], 
              [0.891736, 0.0295355, 0.0491292, 0.0295991], 
              [0.955416, 0.0050433, 0.0197386, 0.0198022], 
              [0.926025, 0.024637, 0.0491293, 0.000208475], 
              [0.367593, 0.0834186, 0.0197386, 0.529249], 
              [0.0100053, 0.0295355, 0.0148402, 0.945619], 
              [0.534148, 0.0050433, 0.426311, 0.0344975], 
              [0.0785834, 0.0295355, 0.862282, 0.0295991], 
              [0.000208475, 0.0491292, 0.0148402, 0.935822], 
              [0.494954, 0.00994174, 0.186286, 0.308818], 
              [0.0344975, 0.847586, 0.024637, 0.093279]
            ]
          }, {
            "db": 0,
            "id": "18-TGAYCCAGCAATYCCA",
            "alt": "STREME-18",
            "width": 16,
            "initial_width": 11,
            "seed": "TGACCCAGCAATTCCA",
            "score_threshold": 16.7913,
            "train_pos_count": 163,
            "train_neg_count": 2,
            "train_log_pvalue": -45.6254,
            "train_pvalue": "2.4e-046",
            "train_dtc": -1.0,
            "train_bernoulli": -1,
            "test_pos_count": 25,
            "test_neg_count": 1,
            "test_log_pvalue": -6.41325,
            "test_pvalue": "3.9e-007",
            "test_dtc": -1.0,
            "test_bernoulli": -1,
            "elapsed_time": 9252.3,
            "len": 16,
            "nsites": 188,
            "evalue": "3.9e-007",
            "pwm": [
              [0.0247156, 0.0980026, 0.0185225, 0.858759], 
              [0.118961, 0.000180818, 0.856142, 0.0247156], 
              [0.950467, 0.000180818, 0.03075, 0.0186017], 
              [0.000260202, 0.64827, 0.0124085, 0.339061], 
              [0.0308297, 0.919818, 0.000180818, 0.0491711], 
              [0.0124879, 0.883136, 0.000180818, 0.104196], 
              [0.968809, 0.00629466, 0.000180818, 0.0247156], 
              [0.0552848, 0.0185223, 0.919819, 0.00637404], 
              [0.0430574, 0.907591, 0.0124085, 0.0369433], 
              [0.962695, 0.0185223, 0.000180818, 0.0186017], 
              [0.852646, 0.000180818, 0.1408, 0.00637404], 
              [0.0552852, 0.0368639, 0.0246362, 0.883215], 
              [0.0186017, 0.403709, 0.000180818, 0.577509], 
              [0.0247157, 0.86837, 0.0368639, 0.07005], 
              [0.00637404, 0.840338, 0.000180818, 0.153107], 
              [0.956581, 0.0185223, 0.0185223, 0.00637404]
            ]
          }, {
            "db": 0,
            "id": "19-AGACYCYRTCTCWA",
            "alt": "STREME-19",
            "width": 14,
            "initial_width": 14,
            "seed": "AGACTCTGTCTCAA",
            "score_threshold": 14.1874,
            "train_pos_count": 368,
            "train_neg_count": 36,
            "train_log_pvalue": -70.405,
            "train_pvalue": "3.9e-071",
            "train_dtc": -1.0,
            "train_bernoulli": -1,
            "test_pos_count": 37,
            "test_neg_count": 6,
            "test_log_pvalue": -6.11758,
            "test_pvalue": "7.6e-007",
            "test_dtc": -1.0,
            "test_bernoulli": -1,
            "elapsed_time": 5997.1,
            "len": 14,
            "nsites": 405,
            "evalue": "7.6e-007",
            "pwm": [
              [0.976721, 0.0115782, 0.0115783, 0.000122287], 
              [0.268549, 8.49788e-05, 0.72837, 0.00299559], 
              [0.993961, 8.49788e-05, 0.00583159, 0.000122287], 
              [0.000122287, 0.946758, 8.49788e-05, 0.0530348], 
              [0.023109, 0.564524, 0.00583159, 0.406535], 
              [0.0185546, 0.906531, 8.49788e-05, 0.0748291], 
              [0.0116156, 0.448387, 0.0115782, 0.528419], 
              [0.378219, 8.49788e-05, 0.621574, 0.000122287], 
              [0.00874221, 0.0271375, 8.49788e-05, 0.964035], 
              [0.0106906, 0.922311, 8.49788e-05, 0.0669131], 
              [0.0231088, 0.0087049, 0.00583159, 0.962355], 
              [0.0308038, 0.925889, 0.0230716, 0.0202355], 
              [0.491329, 0.0546781, 0.0144516, 0.439542], 
              [0.893615, 8.49788e-05, 0.0532648, 0.053035]
            ]
          }, {
            "db": 0,
            "id": "20-AYACACACACACACACACA",
            "alt": "STREME-20",
            "width": 19,
            "initial_width": 19,
            "seed": "ATACACACACACACACACA",
            "score_threshold": 13.4862,
            "train_pos_count": 632,
            "train_neg_count": 125,
            "train_log_pvalue": -82.8112,
            "train_pvalue": "1.5e-083",
            "train_dtc": -1.0,
            "train_bernoulli": -1,
            "test_pos_count": 58,
            "test_neg_count": 17,
            "test_log_pvalue": -6.01628,
            "test_pvalue": "9.6e-007",
            "test_dtc": -1.0,
            "test_bernoulli": -1,
            "elapsed_time": 3014.2,
            "len": 19,
            "nsites": 690,
            "evalue": "9.6e-007",
            "pwm": [
              [0.906355, 0.0414959, 0.0520761, 7.34945e-05], 
              [0.0543231, 0.604955, 0.00177794, 0.338944], 
              [0.905694, 5.10725e-05, 0.0941816, 7.34945e-05], 
              [0.0138884, 0.786656, 0.0328616, 0.166593], 
              [0.994644, 5.10725e-05, 0.00523167, 7.34945e-05], 
              [0.034611, 0.81965, 5.10725e-05, 0.145688], 
              [0.943701, 0.00954887, 0.0466764, 7.34945e-05], 
              [0.0277034, 0.765178, 0.0470349, 0.160084], 
              [0.9083, 5.10725e-05, 0.0449498, 0.0466989], 
              [0.00180038, 0.735678, 0.0355543, 0.226967], 
              [0.864551, 5.10725e-05, 0.135325, 7.34945e-05], 
              [0.0707294, 0.808683, 0.0086854, 0.111902], 
              [0.93075, 0.0259541, 0.0311347, 0.0121616], 
              [0.0277034, 0.782477, 0.0214902, 0.16833], 
              [0.923842, 0.0121391, 0.0363153, 0.0277034], 
              [0.0380646, 0.728943, 0.0104125, 0.22258], 
              [0.82642, 0.0104125, 0.100209, 0.0629575], 
              [0.0495865, 0.652634, 0.0259543, 0.271826], 
              [0.857526, 0.0535622, 0.0456663, 0.0432454]
            ]
