<!DOCTYPE HTML>
<html>
  <head>
    <meta charset="UTF-8">
    <title>TOMTOM</title>
    <script>
      // @JSON_VAR data
      var data = {
        "program": "Tomtom",
        "version": "5.3.0",
        "release": "Wed Nov 25 19:19:29 2020 -0800",
        "cmd": [
          "tomtom", "-no-ssc", "-verbosity", "1", "-min-overlap", "5",
          "-dist", "pearson", "-evalue", "-thresh", "10.0", "-oc",
          "CAM.Affi-seq.T95R",
          "/mnt/md1/home/oriol//CAM/results/IRF4/CAM/Affi-seq/T95R/motifs/filters.meme",
          "JASPAR2022_CORE_vertebrates_non-redundant_pfms_meme.txt"
        ],
        "options": {
          "strands": "both",
          "distance_measure": "pearson",
          "threshold_type": "evalue",
          "threshold_value": 10,
          "background_source": "--query--"
        },
        "alphabet": {
          "name": "DNA",
          "like": "dna",
          "ncore": 4,
          "symbols": [
            {
              "symbol": "A",
              "name": "Adenine",
              "colour": "CC0000",
              "complement": "T"
            }, {
              "symbol": "C",
              "name": "Cytosine",
              "colour": "0000CC",
              "complement": "G"
            }, {
              "symbol": "G",
              "name": "Guanine",
              "colour": "FFB300",
              "complement": "C"
            }, {
              "symbol": "T",
              "aliases": "U",
              "name": "Thymine",
              "colour": "008000",
              "complement": "A"
            }, {
              "symbol": "N",
              "aliases": "X.",
              "name": "Any base",
              "equals": "ACGT"
            }, {
              "symbol": "V",
              "name": "Not T",
              "equals": "ACG"
            }, {
              "symbol": "H",
              "name": "Not G",
              "equals": "ACT"
            }, {
              "symbol": "D",
              "name": "Not C",
              "equals": "AGT"
            }, {
              "symbol": "B",
              "name": "Not A",
              "equals": "CGT"
            }, {
              "symbol": "M",
              "name": "Amino",
              "equals": "AC"
            }, {
              "symbol": "R",
              "name": "Purine",
              "equals": "AG"
            }, {
              "symbol": "W",
              "name": "Weak",
              "equals": "AT"
            }, {
              "symbol": "S",
              "name": "Strong",
              "equals": "CG"
            }, {
              "symbol": "Y",
              "name": "Pyrimidine",
              "equals": "CT"
            }, {
              "symbol": "K",
              "name": "Keto",
              "equals": "GT"
            }
          ]
        },
        "background": [0.25, 0.25, 0.25, 0.25],
        "query_dbs": [
          {
            "source": "/mnt/md1/home/oriol//CAM/results/IRF4/CAM/Affi-seq/T95R/motifs/filters.meme",
            "name": "filters",
            "loaded": 16,
            "excluded": 0,
            "last_modified": "Tue Oct 26 05:16:31 2021"
          }
        ],
        "target_dbs": [
          {
            "source": "JASPAR2022_CORE_vertebrates_non-redundant_pfms_meme.txt",
            "name": "JASPAR2022_CORE_vertebrates_non-redundant_pfms_meme.txt",
            "loaded": 841,
            "excluded": 0,
            "last_modified": "Mon Nov  1 17:31:08 2021"
          }
        ],
        "queries": [
          {
            "db": 0,
            "id": "filter0",
            "alt": "Affi-seq.T95R",
            "len": 19,
            "nsites": 11431,
            "pwm": [
              [0.310821, 0.200245, 0.345726, 0.143208], 
              [0.363116, 0.296956, 0.154063, 0.185865], 
              [0.361501, 0.349888, 0.091839, 0.196772], 
              [0.333333, 0.107433, 0.387648, 0.171587], 
              [0.0965746, 0.210436, 0.453892, 0.239097], 
              [0.189692, 0.241979, 0.441769, 0.126561], 
              [0.531236, 0.0657416, 0.339053, 0.0639687], 
              [0.370801, 0.321126, 0.273709, 0.0343654], 
              [0.864601, 0.00253684, 0.0127459, 0.120117], 
              [0.892854, 2.18702e-06, 0.00605208, 0.101092], 
              [0.137301, 0.545119, 0.305268, 0.0123113], 
              [0.146425, 0.2676, 0.161405, 0.424571], 
              [2.18702e-06, 2.18702e-06, 0.999993, 2.18702e-06], 
              [0.999993, 2.18702e-06, 2.18702e-06, 2.18702e-06], 
              [0.12165, 2.18702e-06, 2.18702e-06, 0.878346], 
              [0.999993, 2.18702e-06, 2.18702e-06, 2.18702e-06], 
              [2.18702e-06, 0.999386, 0.000610122, 2.18702e-06], 
              [2.18702e-06, 0.343181, 2.18702e-06, 0.656814], 
              [0.637336, 0.0267686, 0.318821, 0.0170742]
            ]
          }, {
            "db": 0,
            "id": "filter1",
            "alt": "Affi-seq.T95R",
            "len": 19,
            "nsites": 92473,
            "pwm": [
              [0.00979771, 0.0198655, 0.943388, 0.0269487], 
              [0.945299, 0.0165148, 0.0260611, 0.0121246], 
              [0.00328418, 0.0169905, 0.00877531, 0.97095], 
              [0.00640783, 0.95033, 0.0031933, 0.040069], 
              [0.0132183, 0.00326452, 0.953548, 0.0299691], 
              [0.00100798, 0.0177423, 0.975321, 0.00592858], 
              [0.955343, 0.0266888, 0.00786432, 0.0101035], 
              [0.952832, 0.0408791, 0.00037521, 0.00591355], 
              [0.023857, 0.00657773, 0.938499, 0.0310664], 
              [0.962174, 2.70349e-07, 0.0260956, 0.0117303], 
              [0.000857259, 2.70349e-07, 0.999142, 2.70349e-07], 
              [0.0586183, 0.94122, 0.00016096, 2.70349e-07], 
              [0.948098, 0.0337228, 0.00903079, 0.00914863], 
              [2.70349e-07, 0.97309, 0.0029676, 0.0239424], 
              [0.938859, 0.0517859, 0.0069543, 0.00240043], 
              [7.53103e-05, 0.997266, 0.00078283, 0.00187626], 
              [0.011555, 0.0139033, 0.939581, 0.0349609], 
              [0.00302228, 0.0372204, 0.0161872, 0.94357], 
              [0.00423105, 0.966263, 0.00504848, 0.024457]
            ]
          }, {
            "db": 0,
            "id": "filter10",
            "alt": "Affi-seq.T95R",
            "len": 19,
            "nsites": 2749,
            "pwm": [
              [0.240815, 0.404141, 0.0636663, 0.291377], 
              [0.665353, 0.00213367, 0.286826, 0.0456873], 
              [0.000362441, 0.000362441, 0.978419, 0.0208564], 
              [9.09389e-06, 9.09389e-06, 9.09389e-06, 0.999973], 
              [0.993966, 0.00601595, 9.09389e-06, 9.09389e-06], 
              [9.09389e-06, 9.09389e-06, 9.09389e-06, 0.999973], 
              [9.09389e-06, 0.999973, 9.09389e-06, 9.09389e-06], 
              [0.915523, 0.0258032, 0.0586642, 9.09389e-06], 
              [9.09389e-06, 0.469957, 0.527552, 0.0024825], 
              [0.00106913, 9.09389e-06, 9.09389e-06, 0.998913], 
              [0.153714, 0.00142247, 9.09389e-06, 0.844855], 
              [9.09389e-06, 0.0332234, 0.0261566, 0.940611], 
              [0.000362561, 0.990076, 0.00319032, 0.00637153], 
              [0.057079, 0.906038, 0.0358107, 0.00107251], 
              [0.254804, 0.30498, 0.0786539, 0.361562], 
              [0.297703, 0.0825025, 0.0559611, 0.563834], 
              [0.2161, 0.143949, 0.222264, 0.417688], 
              [0.20759, 0.250638, 0.252098, 0.289674], 
              [0.181687, 0.246414, 0.289811, 0.282088]
            ]
          }, {
            "db": 0,
            "id": "filter11",
            "alt": "Affi-seq.T95R",
            "len": 19,
            "nsites": 6331,
            "pwm": [
              [0.382876, 0.073135, 0.460114, 0.0838756], 
              [0.216615, 0.100779, 0.496891, 0.185715], 
              [0.232537, 0.0771037, 0.609092, 0.0812671], 
              [0.249231, 0.0801072, 0.648979, 0.0216826], 
              [0.280577, 0.00722571, 0.668709, 0.0434882], 
              [0.256914, 3.94876e-06, 0.743078, 3.94876e-06], 
              [3.94876e-06, 3.94876e-06, 0.999988, 3.94876e-06], 
              [3.94876e-06, 0.998759, 0.000618569, 0.000618569], 
              [3.94876e-06, 0.673165, 3.94876e-06, 0.326827], 
              [0.373385, 0.332973, 0.000157606, 0.293484], 
              [0.0995721, 0.768584, 0.079597, 0.0522465], 
              [0.659336, 0.0820555, 0.0139865, 0.244622], 
              [0.128613, 0.511827, 0.26137, 0.0981892], 
              [0.297924, 0.326056, 0.126827, 0.249193], 
              [0.412632, 0.412478, 0.0400649, 0.134825], 
              [0.28415, 0.215233, 0.0641411, 0.436476], 
              [0.235294, 0.149145, 0.226649, 0.388912], 
              [0.190234, 0.412144, 0.230877, 0.166745], 
              [0.194699, 0.422567, 0.106187, 0.276546]
            ]
          }, {
            "db": 0,
            "id": "filter12",
            "alt": "Affi-seq.T95R",
            "len": 19,
            "nsites": 3535,
            "pwm": [
              [0.407351, 0.161813, 0.157853, 0.272984], 
              [0.598788, 0.0423672, 0.172454, 0.186392], 
              [0.34519, 0.0358561, 0.33487, 0.284084], 
              [0.00368151, 0.00289413, 0.964022, 0.0294026], 
              [0.0399752, 0.00385016, 0.953349, 0.00282533], 
              [0.949506, 0.0251153, 0.0253715, 7.07194e-06], 
              [0.893397, 7.07194e-06, 0.00077569, 0.10582], 
              [0.999979, 7.07194e-06, 7.07194e-06, 7.07194e-06], 
              [0.00718084, 0.595686, 0.397126, 7.07194e-06], 
              [0.00077569, 0.0420248, 0.121705, 0.835495], 
              [7.07194e-06, 7.07194e-06, 0.999979, 7.07194e-06], 
              [0.999979, 7.07194e-06, 7.07194e-06, 7.07194e-06], 
              [0.0640586, 7.07194e-06, 0.0714885, 0.864446], 
              [0.999979, 7.07194e-06, 7.07194e-06, 7.07194e-06], 
              [0.0307518, 0.967953, 0.00128811, 7.07194e-06], 
              [0.038438, 0.260568, 7.07194e-06, 0.700986], 
              [0.342649, 0.0646372, 0.415743, 0.176971], 
              [0.260041, 0.208292, 0.414774, 0.116894], 
              [0.395748, 0.192957, 0.214712, 0.196583]
            ]
          }, {
            "db": 0,
            "id": "filter13",
            "alt": "Affi-seq.T95R",
            "len": 19,
            "nsites": 753081,
            "pwm": [
              [0.265719, 0.235149, 0.26228, 0.236852], 
              [0.265719, 0.235148, 0.26228, 0.236853], 
              [0.265718, 0.235148, 0.262281, 0.236853], 
              [0.265718, 0.235148, 0.26228, 0.236854], 
              [0.265718, 0.235147, 0.262281, 0.236854], 
              [0.265717, 0.235147, 0.262282, 0.236853], 
              [0.265717, 0.235147, 0.262282, 0.236854], 
              [0.265718, 0.235146, 0.262281, 0.236854], 
              [0.265718, 0.235146, 0.262281, 0.236855], 
              [0.265717, 0.235147, 0.262281, 0.236855], 
              [0.265718, 0.235147, 0.26228, 0.236855], 
              [0.265718, 0.235147, 0.26228, 0.236856], 
              [0.265719, 0.235146, 0.26228, 0.236855], 
              [0.265718, 0.235146, 0.262281, 0.236855], 
              [0.265719, 0.235146, 0.26228, 0.236855], 
              [0.265719, 0.235145, 0.26228, 0.236856], 
              [0.265719, 0.235146, 0.26228, 0.236855], 
              [0.265718, 0.235146, 0.262281, 0.236855], 
              [0.265718, 0.235146, 0.262282, 0.236855]
            ]
          }, {
            "db": 0,
            "id": "filter14",
            "alt": "Affi-seq.T95R",
            "len": 19,
            "nsites": 390,
            "pwm": [
              [0.456357, 0.120546, 0.100038, 0.323058], 
              [0.182915, 0.270779, 0.268404, 0.277903], 
              [0.37159, 0.0541043, 0.378345, 0.19596], 
              [0.566864, 0.0460774, 0.248954, 0.138104], 
              [0.926357, 6.40861e-05, 0.020467, 0.0531117], 
              [0.817299, 6.40861e-05, 0.0811792, 0.101458], 
              [0.594232, 6.40861e-05, 6.40861e-05, 0.40564], 
              [0.444169, 0.00411985, 6.40861e-05, 0.551647], 
              [0.375221, 0.00411985, 6.40861e-05, 0.620595], 
              [0.0487331, 6.40861e-05, 6.40861e-05, 0.951139], 
              [0.0122314, 0.0568447, 6.40861e-05, 0.93086], 
              [6.40861e-05, 0.158239, 0.0406216, 0.801076], 
              [0.521229, 0.0426495, 0.00411985, 0.432002], 
              [0.354943, 6.40861e-05, 0.644929, 6.40861e-05], 
              [0.47256, 0.219075, 0.0852349, 0.223131], 
              [0.0750956, 0.805131, 0.00209197, 0.117681], 
              [0.166688, 0.343472, 0.0224161, 0.467424], 
              [0.240328, 0.248473, 0.142594, 0.368605], 
              [0.333999, 0.0969465, 0.129928, 0.439127]
            ]
          }, {
            "db": 0,
            "id": "filter15",
            "alt": "Affi-seq.T95R",
            "len": 19,
            "nsites": 753033,
            "pwm": [
              [0.265756, 0.23518, 0.262323, 0.236741], 
              [0.265818, 0.23512, 0.262374, 0.236687], 
              [0.26552, 0.235191, 0.262373, 0.236916], 
              [0.26583, 0.235212, 0.262383, 0.236575], 
              [0.265591, 0.235183, 0.262323, 0.236902], 
              [0.265638, 0.235186, 0.262263, 0.236913], 
              [0.265484, 0.235215, 0.262384, 0.236917], 
              [0.265827, 0.235184, 0.262216, 0.236772], 
              [0.265788, 0.235003, 0.262331, 0.236879], 
              [0.265694, 0.235175, 0.262258, 0.236873], 
              [0.265795, 0.235097, 0.262223, 0.236884], 
              [0.265709, 0.235194, 0.262286, 0.236811], 
              [0.265709, 0.235179, 0.262271, 0.236842], 
              [0.265795, 0.235181, 0.262165, 0.236859], 
              [0.265675, 0.235165, 0.262331, 0.236829], 
              [0.26579, 0.235164, 0.262251, 0.236795], 
              [0.26575, 0.23509, 0.262322, 0.236838], 
              [0.265732, 0.235156, 0.262291, 0.236821], 
              [0.265746, 0.235128, 0.262293, 0.236833]
            ]
          }, {
            "db": 0,
            "id": "filter2",
            "alt": "Affi-seq.T95R",
            "len": 19,
            "nsites": 752627,
            "pwm": [
              [0.266359, 0.235438, 0.261836, 0.236367], 
              [0.266198, 0.23458, 0.262628, 0.236594], 
              [0.265815, 0.234724, 0.26265, 0.236812], 
              [0.266159, 0.235213, 0.262699, 0.235929], 
              [0.266608, 0.234536, 0.262857, 0.235999], 
              [0.266651, 0.235893, 0.261873, 0.235583], 
              [0.266603, 0.235903, 0.260784, 0.23671], 
              [0.266902, 0.235299, 0.259753, 0.238045], 
              [0.265956, 0.235083, 0.262537, 0.236425], 
              [0.266455, 0.235607, 0.262004, 0.235933], 
              [0.266274, 0.235113, 0.261218, 0.237395], 
              [0.267151, 0.232071, 0.263058, 0.23772], 
              [0.26643, 0.232969, 0.26375, 0.23685], 
              [0.265754, 0.233404, 0.263292, 0.237549], 
              [0.261257, 0.236542, 0.263968, 0.238233], 
              [0.267167, 0.233999, 0.260724, 0.23811], 
              [0.265038, 0.234752, 0.262653, 0.237557], 
              [0.265565, 0.233285, 0.263602, 0.237547], 
              [0.265387, 0.234271, 0.263388, 0.236954]
            ]
          }, {
            "db": 0,
            "id": "filter3",
            "alt": "Affi-seq.T95R",
            "len": 19,
            "nsites": 10842,
            "pwm": [
              [0.380648, 0.337206, 0.0689004, 0.213245], 
              [0.31678, 0.352108, 0.203047, 0.128065], 
              [0.240613, 0.318862, 0.250503, 0.190022], 
              [0.223799, 0.279273, 0.109564, 0.387364], 
              [0.308791, 0.116749, 0.292829, 0.281631], 
              [0.157591, 0.0902742, 0.471142, 0.280993], 
              [0.0741267, 0.137234, 0.144687, 0.643953], 
              [0.217312, 0.189367, 0.351348, 0.241973], 
              [0.0126069, 0.275389, 0.265018, 0.446987], 
              [0.0341317, 0.332486, 0.026274, 0.607108], 
              [0.596073, 2.30583e-06, 0.403922, 2.30583e-06], 
              [2.30583e-06, 2.30583e-06, 0.999993, 2.30583e-06], 
              [2.30583e-06, 2.30583e-06, 2.30583e-06, 0.999993], 
              [0.829428, 2.30583e-06, 2.30583e-06, 0.170567], 
              [2.30583e-06, 2.30583e-06, 2.30583e-06, 0.999993], 
              [2.30583e-06, 0.999993, 2.30583e-06, 2.30583e-06], 
              [0.646265, 0.1133, 0.207069, 0.033367], 
              [0.00642114, 0.31397, 0.607573, 0.0720359], 
              [0.248783, 0.0223431, 0.00415132, 0.724722]
            ]
          }, {
            "db": 0,
            "id": "filter4",
            "alt": "Affi-seq.T95R",
            "len": 19,
            "nsites": 17825,
            "pwm": [
              [0.0947554, 0.243759, 0.180477, 0.481009], 
              [0.10578, 0.56458, 0.0817874, 0.247853], 
              [0.764662, 0.00330833, 0.189039, 0.0429915], 
              [0.00043468, 0.0383461, 0.940312, 0.0209068], 
              [1.40252e-06, 1.40252e-06, 1.40252e-06, 0.999996], 
              [0.614583, 0.0403888, 1.40252e-06, 0.345027], 
              [1.40252e-06, 1.40252e-06, 0.0012466, 0.998751], 
              [1.40252e-06, 0.999942, 1.40252e-06, 5.55422e-05], 
              [0.571922, 0.336527, 0.0569011, 0.0346501], 
              [0.0102336, 0.391532, 0.533754, 0.0644805], 
              [0.0558183, 1.40252e-06, 0.000109682, 0.944071], 
              [0.151722, 0.00660739, 1.40252e-06, 0.841669], 
              [0.0029821, 0.199437, 0.059561, 0.73802], 
              [0.0216684, 0.757097, 0.0774378, 0.143796], 
              [0.14959, 0.596885, 0.100452, 0.153072], 
              [0.288229, 0.302125, 0.17248, 0.237166], 
              [0.350314, 0.152121, 0.112395, 0.38517], 
              [0.232604, 0.0877096, 0.291278, 0.388408], 
              [0.337303, 0.140966, 0.184095, 0.337637]
            ]
          }, {
            "db": 0,
            "id": "filter5",
            "alt": "Affi-seq.T95R",
            "len": 19,
            "nsites": 3593,
            "pwm": [
              [0.0893449, 0.0395271, 0.868338, 0.00279007], 
              [0.860571, 0.0631981, 0.0437973, 0.032434], 
              [0.984757, 0.00831008, 0.00222113, 0.00471206], 
              [0.865894, 0.0240594, 0.108934, 0.00111282], 
              [0.117781, 0.0157654, 0.8623, 0.00415392], 
              [0.860088, 0.030971, 0.00221868, 0.106722], 
              [6.95778e-06, 0.121098, 0.87087, 0.00802442], 
              [0.00304806, 0.0522588, 0.0821169, 0.862576], 
              [6.95778e-06, 0.0663584, 0.932798, 0.000836355], 
              [0.111422, 0.0121714, 0.0207418, 0.855665], 
              [0.0417531, 0.0273769, 0.0201889, 0.910681], 
              [6.95778e-06, 0.0127243, 0.987262, 6.95778e-06], 
              [0.911027, 0.00766506, 6.95778e-06, 0.0813007], 
              [0.00702286, 0.0858486, 0.0821343, 0.824994], 
              [6.95778e-06, 0.316576, 0.0144451, 0.668972], 
              [0.874314, 0.00161119, 0.121929, 0.00214594], 
              [0.10571, 0.748935, 0.0997039, 0.0456513], 
              [0.163241, 0.0617173, 0.6974, 0.0776425], 
              [6.95778e-06, 0.532797, 0.431141, 0.036055]
            ]
          }, {
            "db": 0,
            "id": "filter6",
            "alt": "Affi-seq.T95R",
            "len": 19,
            "nsites": 553,
            "pwm": [
              [0.674426, 0.0579009, 0.207964, 0.0597089], 
              [0.207215, 0.0811116, 0.646775, 0.0648983], 
              [0.830526, 0.0486851, 0.0666998, 0.0540895], 
              [0.900783, 0.0396777, 4.51998e-05, 0.0594939], 
              [0.875563, 4.51998e-05, 0.124347, 4.51998e-05], 
              [4.51998e-05, 0.00184667, 0.996261, 0.00184667], 
              [4.51998e-05, 4.51998e-05, 0.722437, 0.277473], 
              [0.999864, 4.51998e-05, 4.51998e-05, 4.51998e-05], 
              [4.51998e-05, 4.51998e-05, 4.51998e-05, 0.999864], 
              [0.780084, 0.219825, 4.51998e-05, 4.51998e-05], 
              [0.0126555, 0.987254, 4.51998e-05, 4.51998e-05], 
              [0.00184667, 0.270267, 0.00725111, 0.720636], 
              [0.0342732, 4.51998e-05, 0.526076, 0.439605], 
              [0.451869, 0.0200053, 0.0290781, 0.499048], 
              [0.109315, 0.364278, 0.143917, 0.38249], 
              [0.579465, 0.182828, 0.0402573, 0.19745], 
              [0.196701, 0.753585, 0.0312895, 0.0184242], 
              [0.268515, 0.392567, 0.0444816, 0.294436], 
              [0.254716, 0.101914, 0.309423, 0.333947]
            ]
          }, {
            "db": 0,
            "id": "filter7",
            "alt": "Affi-seq.T95R",
            "len": 19,
            "nsites": 1496,
            "pwm": [
              [0.110972, 0.0421262, 0.0869093, 0.759993], 
              [0.221371, 0.253998, 0.12029, 0.40434], 
              [0.0199779, 0.259513, 0.129141, 0.591368], 
              [0.00301591, 0.778009, 0.00481543, 0.21416], 
              [0.855773, 0.00350485, 0.0279218, 0.1128], 
              [1.67101e-05, 0.508979, 0.455587, 0.0354177], 
              [1.67101e-05, 1.67101e-05, 1.67101e-05, 0.99995], 
              [1.67101e-05, 0.120148, 1.67101e-05, 0.879819], 
              [0.000597051, 1.67101e-05, 0.0963539, 0.903032], 
              [0.00233808, 0.997628, 1.67101e-05, 1.67101e-05], 
              [1.67101e-05, 0.990664, 1.67101e-05, 0.00930222], 
              [0.0301946, 0.0122039, 0.0412212, 0.91638], 
              [1.67101e-05, 1.67101e-05, 1.67101e-05, 0.99995], 
              [0.00175774, 1.67101e-05, 1.67101e-05, 0.998209], 
              [0.0151057, 0.869953, 0.000597051, 0.114345], 
              [0.00175774, 0.00349878, 0.0151057, 0.979638], 
              [0.0145253, 0.936112, 0.00291844, 0.0464442], 
              [0.324806, 0.598466, 0.0122181, 0.0645098], 
              [0.155601, 0.450453, 0.33158, 0.0623669]
            ]
          }, {
            "db": 0,
            "id": "filter8",
            "alt": "Affi-seq.T95R",
            "len": 19,
            "nsites": 723650,
            "pwm": [
              [0.266737, 0.22299, 0.274086, 0.236187], 
              [0.241215, 0.238477, 0.277939, 0.242369], 
              [0.252627, 0.242785, 0.255245, 0.249344], 
              [0.231069, 0.284987, 0.198875, 0.285069], 
              [0.307538, 0.203984, 0.302486, 0.185991], 
              [0.277709, 0.212732, 0.274719, 0.23484], 
              [0.280595, 0.24699, 0.258152, 0.214263], 
              [0.267461, 0.242366, 0.251078, 0.239094], 
              [0.244693, 0.2513, 0.258527, 0.24548], 
              [0.251796, 0.238488, 0.271638, 0.238078], 
              [0.262533, 0.240598, 0.260139, 0.23673], 
              [0.254398, 0.251435, 0.25296, 0.241207], 
              [0.2548, 0.243514, 0.267047, 0.234639], 
              [0.260868, 0.234431, 0.268726, 0.235975], 
              [0.259249, 0.239444, 0.270354, 0.230954], 
              [0.262276, 0.238548, 0.264883, 0.234293], 
              [0.260858, 0.237472, 0.262754, 0.238916], 
              [0.265767, 0.235427, 0.260846, 0.23796], 
              [0.255901, 0.242384, 0.261772, 0.239942]
            ]
          }, {
            "db": 0,
            "id": "filter9",
            "alt": "Affi-seq.T95R",
            "len": 19,
            "nsites": 160592,
            "pwm": [
              [0.336418, 0.186603, 0.158127, 0.318851], 
              [0.242764, 0.373783, 0.255392, 0.128061], 
              [0.570147, 0.12806, 0.0795062, 0.222286], 
              [0.523641, 0.185269, 0.196974, 0.0941163], 
              [0.00127651, 0.445549, 0.108653, 0.444522], 
              [0.999271, 0.000728615, 1.55674e-07, 1.55674e-07], 
              [1.55674e-07, 4.99656e-05, 0.99995, 1.55674e-07], 
              [0.999962, 1.88357e-05, 1.55674e-07, 1.88357e-05], 
              [1.55674e-07, 1.55674e-07, 6.38567e-06, 0.999993], 
              [1.55674e-07, 0.999819, 1.55674e-07, 0.000180716], 
              [5.61856e-05, 0.000765965, 0.999066, 0.000112226], 
              [1.55674e-07, 0.000130906, 0.999408, 0.000460885], 
              [0.998568, 0.00143215, 1.55674e-07, 1.55674e-07], 
              [0.993138, 0.00278322, 0.00376072, 0.000317685], 
              [0.00743412, 6.38567e-06, 0.99, 0.00255908], 
              [0.980804, 1.26057e-05, 0.0179874, 0.00119556], 
              [6.38567e-06, 0.0258022, 0.972572, 0.00161901], 
              [0.00308651, 0.972858, 0.0240364, 1.88657e-05], 
              [0.584596, 0.00442819, 0.380182, 0.0307931]
            ]
          }
        ],
        "targets": [
          {
            "db": 0,
            "id": "MA0028.2",
            "alt": "ELK1",
            "len": 10,
            "nsites": 67234,
            "pwm": [
              [0.681306, 0.0409022, 0.192745, 0.0850465], 
              [0.0249706, 0.939861, 0.0303257, 0.00484258], 
              [0.00776319, 0.990506, 0.00127616, 0.000454461], 
              [3.71835e-07, 0.000458351, 0.998974, 0.000567391], 
              [8.62717e-05, 0.000880861, 0.983721, 0.0153123], 
              [0.993062, 0.00505163, 0.00134449, 0.000542351], 
              [0.947109, 0.0068855, 0.00124094, 0.0447641], 
              [0.0585884, 0.0458646, 0.889835, 0.00571154], 
              [0.0169148, 0.116499, 0.0207371, 0.845849], 
              [0.289781, 0.145677, 0.377082, 0.187461]
            ]
          }, {
            "db": 0,
            "id": "MA0031.1",
            "alt": "FOXD1",
            "len": 8,
            "nsites": 20,
            "pwm": [
              [0.050995, 0.050995, 0.847015, 0.050995], 
              [0.00124378, 0.00124378, 0.00124378, 0.996269], 
              [0.946517, 0.050995, 0.00124378, 0.00124378], 
              [0.996269, 0.00124378, 0.00124378, 0.00124378], 
              [0.896766, 0.050995, 0.050995, 0.00124378], 
              [0.050995, 0.896766, 0.00124378, 0.050995], 
              [0.996269, 0.00124378, 0.00124378, 0.00124378], 
              [0.349502, 0.100746, 0.150498, 0.399254]
            ]
          }, {
            "db": 0,
            "id": "MA0037.4",
            "alt": "Gata3",
            "len": 12,
            "nsites": 24868,
            "pwm": [
              [0.253338, 0.1894, 0.255107, 0.302155], 
              [0.293228, 0.224626, 0.146011, 0.336134], 
              [0.0810687, 0.15518, 0.102582, 0.661169], 
              [0.0380417, 0.792261, 0.0870603, 0.082637], 
              [0.0319295, 0.0373179, 0.0112604, 0.919492], 
              [0.0395698, 0.0304818, 0.0386047, 0.891344], 
              [0.923835, 0.0227611, 0.021233, 0.0321707], 
              [0.0171716, 0.0113408, 0.0117027, 0.959785], 
              [0.0118234, 0.958619, 0.0102551, 0.0193028], 
              [0.124659, 0.0363126, 0.02445, 0.814579], 
              [0.209144, 0.263029, 0.269905, 0.257922], 
              [0.250764, 0.257158, 0.15896, 0.333119]
            ]
          }, {
            "db": 0,
            "id": "MA0039.4",
            "alt": "KLF4",
            "len": 12,
            "nsites": 55817,
            "pwm": [
              [0.2252, 0.313883, 0.255173, 0.205744], 
              [0.205798, 0.2515, 0.330956, 0.211746], 
              [0.0441625, 0.881612, 0.0283609, 0.0458645], 
              [0.0377129, 0.857533, 0.0217501, 0.0830037], 
              [0.125786, 0.813461, 0.0254765, 0.0352764], 
              [0.0210155, 0.947291, 0.0142076, 0.0174861], 
              [0.81699, 0.00288487, 0.118208, 0.061917], 
              [0.0152646, 0.938172, 0.0263365, 0.0202272], 
              [0.0289701, 0.915705, 0.0335027, 0.0218217], 
              [0.0215351, 0.914505, 0.0180057, 0.0459541], 
              [0.291381, 0.326943, 0.112726, 0.26895], 
              [0.178422, 0.344286, 0.25838, 0.218912]
            ]
          }, {
            "db": 0,
            "id": "MA0050.3",
            "alt": "Irf1",
            "len": 15,
            "nsites": 15640,
            "pwm": [
              [0.514896, 0.134975, 0.140602, 0.209527], 
              [0.288427, 0.251343, 0.245524, 0.214706], 
              [0.238107, 0.0826098, 0.130116, 0.549167], 
              [0.106203, 0.0407302, 0.810866, 0.0422008], 
              [0.880559, 0.0230833, 0.0654743, 0.0308838], 
              [0.945967, 0.016178, 0.0164977, 0.021357], 
              [0.951274, 0.0112547, 0.0153468, 0.0221242], 
              [0.123978, 0.628003, 0.211957, 0.0360627], 
              [0.121484, 0.0596559, 0.0175207, 0.801339], 
              [0.0650268, 0.0200782, 0.895968, 0.0189273], 
              [0.904408, 0.0190552, 0.0495537, 0.0269835], 
              [0.922246, 0.0225718, 0.0319068, 0.0232751], 
              [0.906134, 0.023339, 0.0388121, 0.0317149], 
              [0.170077, 0.32289, 0.383567, 0.123466], 
              [0.22711, 0.261317, 0.122891, 0.388682]
            ]
          }, {
            "db": 0,
            "id": "MA0051.1",
            "alt": "IRF2",
            "len": 18,
            "nsites": 12,
            "pwm": [
              [0.00206612, 0.332645, 0.580579, 0.0847107], 
              [0.167355, 0.00206612, 0.828512, 0.00206612], 
              [0.993802, 0.00206612, 0.00206612, 0.00206612], 
              [0.911157, 0.00206612, 0.00206612, 0.0847107], 
              [0.993802, 0.00206612, 0.00206612, 0.00206612], 
              [0.167355, 0.00206612, 0.828512, 0.00206612], 
              [0.00206612, 0.497934, 0.00206612, 0.497934], 
              [0.00206612, 0.00206612, 0.993802, 0.00206612], 
              [0.993802, 0.00206612, 0.00206612, 0.00206612], 
              [0.993802, 0.00206612, 0.00206612, 0.00206612], 
              [0.993802, 0.00206612, 0.00206612, 0.00206612], 
              [0.00206612, 0.497934, 0.497934, 0.00206612], 
              [0.00206612, 0.580579, 0.167355, 0.25], 
              [0.415289, 0.167355, 0.25, 0.167355], 
              [0.497934, 0.00206612, 0.167355, 0.332645], 
              [0.497934, 0.0847107, 0.0847107, 0.332645], 
              [0.415289, 0.167355, 0.0847107, 0.332645], 
              [0.25, 0.497934, 0.0847107, 0.167355]
            ]
          }, {
            "db": 0,
            "id": "MA0062.3",
            "alt": "GABPA",
            "len": 14,
            "nsites": 65479,
            "pwm": [
              [0.242627, 0.258434, 0.243513, 0.255425], 
              [0.167703, 0.331083, 0.210006, 0.291208], 
              [0.116664, 0.632233, 0.106737, 0.144367], 
              [0.798118, 0.0609053, 0.0744211, 0.066556], 
              [0.0141881, 0.850104, 0.0331255, 0.102583], 
              [0.0593323, 0.0220379, 0.0147379, 0.903892], 
              [0.0131649, 0.018785, 0.0249396, 0.94311], 
              [0.0213507, 0.937292, 0.0175632, 0.0237942], 
              [0.0151655, 0.963774, 0.00794185, 0.0131191], 
              [0.0262989, 0.0235499, 0.0696562, 0.880495], 
              [0.0338891, 0.0966419, 0.792925, 0.0765439], 
              [0.0816142, 0.183357, 0.117901, 0.617129], 
              [0.181784, 0.277249, 0.230318, 0.310649], 
              [0.206509, 0.265459, 0.201393, 0.326639]
            ]
          }, {
            "db": 0,
            "id": "MA0076.2",
            "alt": "ELK4",
            "len": 11,
            "nsites": 3427,
            "pwm": [
              [0.0869613, 0.42544, 0.258535, 0.229064], 
              [0.114098, 0.555871, 0.166329, 0.163703], 
              [0.593512, 0.0423171, 0.302887, 0.0612836], 
              [7.2948e-06, 0.784344, 0.00467597, 0.210973], 
              [0.00234163, 7.2948e-06, 7.2948e-06, 0.997644], 
              [7.2948e-06, 7.2948e-06, 7.2948e-06, 0.999978], 
              [7.2948e-06, 0.999978, 7.2948e-06, 7.2948e-06], 
              [7.2948e-06, 0.999978, 7.2948e-06, 7.2948e-06], 
              [7.2948e-06, 7.2948e-06, 0.850581, 0.149405], 
              [7.2948e-06, 0.146195, 0.829572, 0.024226], 
              [0.0846269, 0.365623, 0.194924, 0.354826]
            ]
          }, {
            "db": 0,
            "id": "MA0079.5",
            "alt": "SP1",
            "len": 9,
            "nsites": 999,
            "pwm": [
              [0.00102592, 0.00102592, 0.950881, 0.0470674], 
              [0.00102492, 0.00102492, 0.996925, 0.00102492], 
              [0.00102492, 0.00102492, 0.996925, 0.00102492], 
              [0.00102492, 0.00102492, 0.996925, 0.00102492], 
              [0.266998, 0.730952, 0.00102492, 0.00102492], 
              [0.00102492, 0.00102492, 0.996925, 0.00102492], 
              [0.00102592, 0.0851016, 0.912847, 0.00102592], 
              [0.254, 0.0520198, 0.658959, 0.0350215], 
              [0.16117, 0.00102592, 0.836778, 0.00102592]
            ]
          }, {
            "db": 0,
            "id": "MA0080.6",
            "alt": "Spi1",
            "len": 17,
            "nsites": 105198,
            "pwm": [
              [0.394485, 0.147037, 0.262961, 0.195517], 
              [0.35667, 0.141647, 0.348191, 0.153492], 
              [0.632436, 0.0652391, 0.216801, 0.0855246], 
              [0.782144, 0.0547351, 0.100896, 0.0622257], 
              [0.774358, 0.0221489, 0.0971503, 0.106342], 
              [0.082093, 0.115981, 0.760337, 0.0415884], 
              [0.855073, 0.0246585, 0.0915989, 0.02867], 
              [0.0387557, 0.00522847, 0.944504, 0.0115119], 
              [0.0192781, 0.00789962, 0.963734, 0.00908786], 
              [0.969714, 0.0104092, 0.010105, 0.00977228], 
              [0.94611, 0.00910687, 0.0173199, 0.0274627], 
              [0.072397, 0.0671783, 0.847354, 0.0130708], 
              [0.161572, 0.0353241, 0.0487464, 0.754358], 
              [0.0947928, 0.0577484, 0.792648, 0.0548111], 
              [0.22048, 0.11005, 0.548195, 0.121276], 
              [0.373828, 0.165716, 0.264957, 0.195498], 
              [0.355225, 0.162199, 0.249159, 0.233417]
            ]
          }, {
            "db": 0,
            "id": "MA0081.2",
            "alt": "SPIB",
            "len": 16,
            "nsites": 26930,
            "pwm": [
              [0.198552, 0.215262, 0.149499, 0.436687], 
              [0.173858, 0.307946, 0.168734, 0.349461], 
              [0.0809141, 0.23873, 0.118567, 0.561789], 
              [0.0140744, 0.89012, 0.0639071, 0.0318983], 
              [0.903043, 0.0229864, 0.024843, 0.0491281], 
              [0.00887576, 0.844038, 0.093428, 0.0536584], 
              [0.0167109, 0.00876436, 0.00583084, 0.968694], 
              [0.00705623, 0.00742756, 0.00902428, 0.976492], 
              [0.00765036, 0.970848, 0.00568231, 0.0158197], 
              [0.0102126, 0.9466, 0.00479111, 0.0383966], 
              [0.0321211, 0.167731, 0.0679175, 0.73223], 
              [0.0378768, 0.74686, 0.0860013, 0.129261], 
              [0.184293, 0.145637, 0.0290019, 0.641068], 
              [0.105385, 0.201448, 0.0774979, 0.615669], 
              [0.154438, 0.223877, 0.0894547, 0.532231], 
              [0.149499, 0.318938, 0.154661, 0.376903]
            ]
          }, {
            "db": 0,
            "id": "MA0098.3",
            "alt": "ETS1",
            "len": 10,
            "nsites": 3774,
            "pwm": [
              [0.710905, 0.055649, 0.169583, 0.0638629], 
              [0.0565733, 0.843165, 0.0933417, 0.00692033], 
              [0.13644, 0.8613, 0.00225375, 6.6241e-06], 
              [6.6241e-06, 0.00777269, 0.992214, 6.6241e-06], 
              [6.6241e-06, 6.6241e-06, 0.995528, 0.0044592], 
              [0.99998, 6.6241e-06, 6.6241e-06, 6.6241e-06], 
              [0.738699, 0.00248453, 0.00854164, 0.250275], 
              [0.405889, 0.00774123, 0.581943, 0.0044264], 
              [0.0307485, 0.245941, 0.042838, 0.680472], 
              [0.299291, 0.149462, 0.403649, 0.147599]
            ]
          }, {
            "db": 0,
            "id": "MA0114.4",
            "alt": "HNF4A",
            "len": 13,
            "nsites": 46504,
            "pwm": [
              [0.216025, 0.153449, 0.299006, 0.33152], 
              [0.210477, 0.310403, 0.199854, 0.279266], 
              [0.0315676, 0.891169, 0.0266003, 0.0506627], 
              [0.931553, 0.0270304, 0.0228157, 0.018601], 
              [0.864806, 0.0294603, 0.0777356, 0.0279981], 
              [0.930327, 0.0116984, 0.0407926, 0.0171818], 
              [0.015397, 0.0196977, 0.936004, 0.0289012], 
              [0.0199343, 0.0149455, 0.0469641, 0.918156], 
              [0.0595652, 0.812918, 0.0392659, 0.0882508], 
              [0.0293098, 0.910479, 0.0138273, 0.0463835], 
              [0.788189, 0.0598232, 0.0631348, 0.0888529], 
              [0.291889, 0.212089, 0.279847, 0.216175], 
              [0.328552, 0.195037, 0.251892, 0.224518]
            ]
          }, {
            "db": 0,
            "id": "MA0117.2",
            "alt": "Mafb",
            "len": 12,
            "nsites": 2183,
            "pwm": [
              [0.566637, 0.0797146, 0.14934, 0.204308], 
              [0.578812, 0.0554626, 0.072877, 0.292849], 
              [0.494948, 0.0989987, 0.0834174, 0.322636], 
              [0.340967, 0.182405, 0.196611, 0.280017], 
              [0.0853064, 0.199679, 0.0100272, 0.704987], 
              [0.00091926, 0.00636613, 0.990434, 0.00228098], 
              [0.118528, 0.876629, 0.0020202, 0.00282369], 
              [0.0137825, 0.0160036, 0.000899901, 0.969314], 
              [0.0186828, 0.00540539, 0.905364, 0.0705476], 
              [0.980641, 0.00585388, 0.00765155, 0.00585388], 
              [0.0582115, 0.697773, 0.156704, 0.0873116], 
              [0.266727, 0.0632533, 0.296057, 0.373963]
            ]
          }, {
            "db": 0,
            "id": "MA0135.1",
            "alt": "Lhx3",
            "len": 13,
            "nsites": 20,
            "pwm": [
              [0.449005, 0.00124378, 0.150498, 0.399254], 
              [0.797264, 0.100746, 0.100746, 0.00124378], 
              [0.946517, 0.00124378, 0.00124378, 0.050995], 
              [0.00124378, 0.00124378, 0.00124378, 0.996269], 
              [0.00124378, 0.00124378, 0.00124378, 0.996269], 
              [0.946517, 0.00124378, 0.00124378, 0.050995], 
              [0.996269, 0.00124378, 0.00124378, 0.00124378], 
              [0.100746, 0.100746, 0.00124378, 0.797264], 
              [0.00124378, 0.050995, 0.00124378, 0.946517], 
              [0.797264, 0.050995, 0.00124378, 0.150498], 
              [0.449005, 0.00124378, 0.150498, 0.399254], 
              [0.100746, 0.399254, 0.00124378, 0.498756], 
              [0.100746, 0.449005, 0.150498, 0.299751]
            ]
          }, {
            "db": 0,
            "id": "MA0136.3",
            "alt": "Elf5",
            "len": 12,
            "nsites": 42146,
            "pwm": [
              [0.448417, 0.108433, 0.251815, 0.191335], 
              [0.231339, 0.235491, 0.376951, 0.156219], 
              [0.698215, 0.143905, 0.123476, 0.0344047], 
              [0.920086, 0.0232056, 0.0486172, 0.00809149], 
              [0.0121488, 0.0043189, 0.9734, 0.010132], 
              [0.0139283, 0.0121014, 0.963933, 0.0100371], 
              [0.970339, 0.0137623, 0.00925412, 0.00664415], 
              [0.962177, 0.00923039, 0.0114133, 0.0171789], 
              [0.0619043, 0.0292797, 0.896952, 0.0118641], 
              [0.122906, 0.0796046, 0.117402, 0.680087], 
              [0.304916, 0.187064, 0.322071, 0.185949], 
              [0.311227, 0.198145, 0.299364, 0.191264]
            ]
          }, {
            "db": 0,
            "id": "MA0149.1",
            "alt": "EWSR1-FLI1",
            "len": 18,
            "nsites": 105,
            "pwm": [
              [0.000237869, 0.000237869, 0.999286, 0.000237869], 
              [0.0192674, 0.000237869, 0.980257, 0.000237869], 
              [0.989772, 0.000237869, 0.00975262, 0.000237869], 
              [0.989772, 0.000237869, 0.00975262, 0.000237869], 
              [0.00975262, 0.000237869, 0.989772, 0.000237869], 
