>TTYCCAAARWDN	3-NHWYTTTGGRAA	5.774183	-4119.771718	0	T:22781.0(53.25%),B:52889.6(29.59%),P:1e-1789
0.032	0.384	0.001	0.583
0.002	0.391	0.001	0.606
0.001	0.460	0.001	0.538
0.063	0.554	0.001	0.382
0.311	0.596	0.001	0.092
0.591	0.407	0.001	0.001
0.648	0.205	0.146	0.001
0.683	0.001	0.315	0.001
0.452	0.135	0.337	0.076
0.424	0.001	0.259	0.316
0.267	0.170	0.353	0.210
0.308	0.223	0.207	0.262
