>CAACATGGTGAA	20-CAACATGGTGAA,BestGuess:ASHR1(ND)/col-ASHR1-DAP-Seq(GSE60143)/Homer(0.665)	10.953191	-997.673842	0	T:876.0(2.05%),B:186.1(0.10%),P:1e-433
0.030	0.879	0.060	0.031
0.917	0.053	0.011	0.019
0.897	0.031	0.048	0.024
0.040	0.844	0.072	0.044
0.859	0.063	0.038	0.040
0.082	0.033	0.065	0.820
0.166	0.018	0.697	0.119
0.041	0.053	0.866	0.040
0.052	0.158	0.047	0.743
0.146	0.020	0.791	0.043
0.896	0.047	0.026	0.031
0.791	0.038	0.124	0.047
