>CAGAVACAGGGN	5-NCCCTGTBTCTG	4.440746	-3237.738099	0	T:29456.0(68.85%),B:84849.9(47.47%),P:1e-1406
0.081	0.778	0.071	0.070
0.597	0.021	0.018	0.364
0.060	0.212	0.667	0.061
0.465	0.041	0.257	0.237
0.224	0.349	0.338	0.089
0.486	0.159	0.039	0.316
0.176	0.440	0.289	0.096
0.559	0.040	0.043	0.358
0.214	0.027	0.470	0.289
0.160	0.040	0.541	0.259
0.193	0.229	0.396	0.182
0.304	0.255	0.194	0.246
