>TGCTCWCWGCAG	1-TGCTCWCWGCAG,BestGuess:Zic2/MA1629.1/Jaspar(0.726)	5.397469	-4509.084848	0	T:22951.0(53.65%),B:51723.0(28.94%),P:1e-1958
0.287	0.007	0.267	0.439
0.124	0.191	0.441	0.244
0.183	0.428	0.186	0.203
0.265	0.273	0.001	0.462
0.003	0.836	0.153	0.008
0.438	0.177	0.002	0.382
0.004	0.674	0.311	0.011
0.556	0.003	0.003	0.438
0.006	0.035	0.899	0.060
0.199	0.545	0.247	0.009
0.579	0.027	0.002	0.392
0.246	0.185	0.465	0.103
