>NNSAGGCTGRGV	2-NNSAGGCTGRGV	5.745133	-4426.594968	0	T:16797.0(39.26%),B:30964.2(17.32%),P:1e-1922
0.211	0.204	0.313	0.272
0.237	0.237	0.331	0.194
0.062	0.398	0.536	0.004
0.767	0.001	0.069	0.163
0.106	0.001	0.877	0.016
0.212	0.249	0.465	0.073
0.046	0.775	0.136	0.043
0.352	0.029	0.009	0.610
0.001	0.066	0.932	0.001
0.447	0.011	0.464	0.077
0.197	0.044	0.665	0.094
0.328	0.224	0.308	0.140
