>NTCTKBCTCTGN	4-NTCTKBCTCTGN	5.061118	-3725.256349	0	T:28644.0(66.95%),B:78477.9(43.90%),P:1e-1617
0.202	0.290	0.240	0.269
0.186	0.169	0.132	0.513
0.033	0.553	0.225	0.189
0.206	0.033	0.001	0.760
0.057	0.025	0.432	0.487
0.071	0.262	0.305	0.362
0.060	0.740	0.055	0.145
0.163	0.141	0.001	0.695
0.022	0.650	0.188	0.140
0.283	0.001	0.001	0.715
0.022	0.052	0.753	0.173
0.255	0.174	0.269	0.303
