>NHWYTTTGGRAA	3-NHWYTTTGGRAA,BestGuess:At2g41835(C2H2)/col-At2g41835-DAP-Seq(GSE60143)/Homer(0.671)	5.774183	-4119.771718	0	T:22781.0(53.25%),B:52889.6(29.59%),P:1e-1789
0.262	0.207	0.223	0.308
0.210	0.353	0.170	0.267
0.316	0.259	0.001	0.424
0.076	0.337	0.135	0.452
0.001	0.315	0.001	0.683
0.001	0.146	0.205	0.648
0.001	0.001	0.407	0.591
0.092	0.001	0.596	0.311
0.382	0.001	0.554	0.063
0.538	0.001	0.460	0.001
0.606	0.001	0.391	0.002
0.583	0.001	0.384	0.032
