>TTCACCATGTTG	20-CAACATGGTGAA	10.953191	-997.673842	0	T:876.0(2.05%),B:186.1(0.10%),P:1e-433
0.047	0.124	0.038	0.791
0.031	0.026	0.047	0.896
0.043	0.791	0.020	0.146
0.743	0.047	0.158	0.052
0.040	0.866	0.053	0.041
0.119	0.697	0.018	0.166
0.820	0.065	0.033	0.082
0.040	0.038	0.063	0.859
0.044	0.072	0.844	0.040
0.024	0.048	0.031	0.897
0.019	0.011	0.053	0.917
0.031	0.060	0.879	0.030
