>DGAGGCCAGGAR	6-DGAGGCCAGGAR	5.243640	-3197.409261	0	T:23114.0(54.03%),B:58896.2(32.95%),P:1e-1388
0.312	0.049	0.288	0.351
0.188	0.217	0.527	0.068
0.685	0.001	0.115	0.199
0.262	0.001	0.648	0.089
0.165	0.145	0.623	0.067
0.124	0.522	0.259	0.095
0.181	0.816	0.001	0.002
0.777	0.001	0.001	0.221
0.127	0.001	0.792	0.080
0.208	0.111	0.671	0.010
0.591	0.089	0.238	0.082
0.349	0.114	0.359	0.178
