>AAAAAAAAAAAA	15-AAAAAAAAAAAA	6.438986	-1607.726388	0	T:13258.0(30.99%),B:32497.7(18.18%),P:1e-698
0.538	0.145	0.124	0.193
0.619	0.137	0.127	0.117
0.689	0.089	0.129	0.093
0.536	0.125	0.190	0.149
0.551	0.159	0.103	0.187
0.638	0.168	0.101	0.093
0.593	0.190	0.124	0.093
0.428	0.209	0.195	0.168
0.644	0.187	0.080	0.089
0.607	0.187	0.126	0.080
0.673	0.149	0.078	0.100
0.435	0.142	0.159	0.264
