>ATATATATATAT	25-ATATATATATAT	10.102407	-215.151146	0	T:650.0(1.52%),B:894.4(0.50%),P:1e-93
0.568	0.052	0.208	0.172
0.272	0.204	0.001	0.523
0.804	0.001	0.182	0.013
0.193	0.195	0.015	0.597
0.921	0.028	0.001	0.050
0.001	0.202	0.017	0.780
0.751	0.037	0.116	0.096
0.001	0.224	0.001	0.774
0.825	0.001	0.082	0.092
0.001	0.001	0.032	0.966
0.708	0.084	0.126	0.082
0.046	0.068	0.019	0.867
