>TTCATTCATTCA	24-TTCATTCATTCA,BestGuess:PB0028.1_Hbp1_1/Jaspar(0.904)	10.298923	-226.759921	0	T:615.0(1.44%),B:780.8(0.44%),P:1e-98
0.079	0.201	0.021	0.699
0.046	0.108	0.054	0.792
0.030	0.657	0.016	0.297
0.924	0.012	0.063	0.001
0.001	0.132	0.022	0.845
0.001	0.134	0.007	0.858
0.001	0.924	0.001	0.074
0.979	0.019	0.001	0.001
0.018	0.158	0.001	0.823
0.048	0.092	0.001	0.859
0.001	0.812	0.040	0.147
0.958	0.001	0.025	0.016
