>DGDDGDDGDRRN	13-DGDDGDDGDRRN,BestGuess:TF3A(C2H2)/col-TF3A-DAP-Seq(GSE60143)/Homer(0.646)	5.275282	-1649.387156	0	T:15204.0(35.54%),B:39051.7(21.85%),P:1e-716
0.305	0.001	0.342	0.352
0.223	0.001	0.513	0.263
0.314	0.001	0.410	0.275
0.331	0.001	0.376	0.292
0.290	0.001	0.463	0.245
0.276	0.165	0.320	0.239
0.273	0.002	0.333	0.391
0.001	0.001	0.971	0.027
0.354	0.001	0.361	0.285
0.321	0.001	0.415	0.264
0.429	0.001	0.569	0.001
0.288	0.212	0.283	0.217
