>WVCTTVTWNHABAAG	ANAC005(NAC)/col-ANAC005-DAP-Seq(GSE60143)/Homer	7.763005	-49.352930	0	T:2095.0(4.90%),B:6885.1(3.85%),P:1e-21
0.371	0.093	0.132	0.404
0.343	0.218	0.247	0.192
0.011	0.971	0.007	0.011
0.011	0.005	0.009	0.975
0.004	0.003	0.002	0.991
0.308	0.249	0.308	0.136
0.196	0.196	0.143	0.465
0.249	0.175	0.208	0.369
0.245	0.244	0.224	0.288
0.332	0.189	0.179	0.300
0.428	0.165	0.207	0.199
0.126	0.322	0.233	0.318
0.992	0.002	0.003	0.003
0.981	0.011	0.002	0.006
0.016	0.005	0.966	0.013
