>DCGTTGACTTTT	WRKY21(WRKY)/colamp-WRKY21-DAP-Seq(GSE60143)/Homer	9.007277	-6.292335	0	T:523.0(1.22%),B:1889.5(1.06%),P:1e-2
0.242	0.159	0.349	0.249
0.229	0.483	0.160	0.128
0.084	0.032	0.697	0.187
0.019	0.026	0.011	0.944
0.016	0.007	0.016	0.961
0.015	0.013	0.958	0.014
0.960	0.013	0.007	0.020
0.026	0.946	0.010	0.018
0.061	0.084	0.011	0.844
0.097	0.077	0.052	0.774
0.140	0.124	0.083	0.653
0.224	0.147	0.196	0.433
