>GGGTTTTGAAGGATGARTAGGAGTT	ZFP3(Zf)/HEK293-ZFP3.GFP-ChIP-Seq(GSE58341)/Homer	6.716563	-21.601730	0	T:19.0(0.04%),B:6.0(0.00%),P:1e-9
0.041	0.001	0.957	0.001
0.082	0.001	0.916	0.001
0.001	0.001	0.958	0.040
0.001	0.290	0.001	0.708
0.124	0.166	0.083	0.627
0.001	0.207	0.001	0.791
0.001	0.001	0.040	0.958
0.040	0.001	0.958	0.001
0.585	0.249	0.001	0.165
0.625	0.001	0.333	0.041
0.001	0.001	0.997	0.001
0.084	0.082	0.833	0.001
0.627	0.001	0.249	0.123
0.001	0.001	0.001	0.997
0.083	0.001	0.915	0.001
0.622	0.168	0.041	0.169
0.541	0.001	0.457	0.001
0.001	0.001	0.001	0.997
0.997	0.001	0.001	0.001
0.082	0.001	0.916	0.001
0.001	0.001	0.997	0.001
0.997	0.001	0.001	0.001
0.001	0.001	0.997	0.001
0.001	0.082	0.001	0.916
0.001	0.001	0.001	0.997
