MEME version 4

ALPHABET= ACGT

strands: + -

Background letter frequencies (from uniform background):
A 0.25000 C 0.25000 G 0.25000 T 0.25000 

MOTIF M00048_2.00 (AMAG_16339)_(Saccharomyces_cerevisiae)_(DBD_0.68)

letter-probability matrix: alength= 4 w= 8 nsites= 1 E= 0
  0.186841	  0.230778	  0.186841	  0.395540	
  0.422708	  0.252032	  0.000081	  0.325179	
  0.006600	  0.000065	  0.954064	  0.039271	
  0.999804	  0.000065	  0.000065	  0.000065	
  0.000065	  0.000065	  0.000065	  0.999804	
  0.914859	  0.045805	  0.000065	  0.039271	
  0.957547	  0.007111	  0.014151	  0.021191	
  0.084280	  0.336806	  0.526199	  0.052715	

URL http://cisbp.ccbr.utoronto.ca/TFreport.php?versionNumber=2.00&searchTF=T191379_2.00

MOTIF M00060_2.00 (AMAG_04835)_(Saccharomyces_cerevisiae)_(DBD_0.47)

letter-probability matrix: alength= 4 w= 9 nsites= 1 E= 0
  0.320154	  0.181055	  0.206191	  0.292599	
  0.231700	  0.238756	  0.197442	  0.332102	
  0.223589	  0.242212	  0.287095	  0.247105	
  0.161512	  0.025143	  0.029212	  0.784133	
  0.138264	  0.051376	  0.075881	  0.734480	
  0.092315	  0.709959	  0.122145	  0.075581	
  0.148989	  0.381409	  0.144586	  0.325016	
  0.473500	  0.149928	  0.202381	  0.174191	
  0.182247	  0.285820	  0.153755	  0.378177	

URL http://cisbp.ccbr.utoronto.ca/TFreport.php?versionNumber=2.00&searchTF=T239457_2.00

MOTIF M00070_2.00 (AMAG_06979)_(Saccharomyces_cerevisiae)_(DBD_0.42)

letter-probability matrix: alength= 4 w= 11 nsites= 1 E= 0
  0.268573	  0.272224	  0.178881	  0.280322	
  0.509793	  0.098806	  0.292595	  0.098806	
  0.848016	  0.050661	  0.050661	  0.050661	
  0.999893	  0.000036	  0.000036	  0.000036	
  0.000036	  0.903786	  0.000036	  0.096142	
  0.903786	  0.000036	  0.000036	  0.096142	
  0.999893	  0.000036	  0.000036	  0.000036	
  0.000036	  0.000036	  0.000036	  0.999893	
  0.591260	  0.071155	  0.071155	  0.266431	
  0.345743	  0.151230	  0.257625	  0.245401	
  0.199374	  0.199374	  0.199374	  0.401877	

URL http://cisbp.ccbr.utoronto.ca/TFreport.php?versionNumber=2.00&searchTF=T325995_2.00

MOTIF M00186_2.00 (AMAG_10999)_(Mus_musculus)_(DBD_0.46)

letter-probability matrix: alength= 4 w= 10 nsites= 1 E= 0
  0.071969	  0.027556	  0.876757	  0.023718	
  0.043751	  0.062085	  0.082972	  0.811192	
  0.263828	  0.195449	  0.035350	  0.505373	
  0.277657	  0.050219	  0.476462	  0.195662	
  0.040535	  0.621518	  0.064210	  0.273736	
  0.027735	  0.451560	  0.091168	  0.429537	
  0.579359	  0.135900	  0.150193	  0.134548	
  0.268595	  0.156524	  0.265923	  0.308958	
  0.108591	  0.168610	  0.656936	  0.065864	
  0.169606	  0.263349	  0.369991	  0.197054	

URL http://cisbp.ccbr.utoronto.ca/TFreport.php?versionNumber=2.00&searchTF=T317965_2.00

MOTIF M00889_2.00 (AMAG_00993)_(Arabidopsis_thaliana)_(DBD_0.32)

letter-probability matrix: alength= 4 w= 12 nsites= 1 E= 0
  0.304734	  0.198088	  0.299091	  0.198088	
  0.764758	  0.078414	  0.078414	  0.078414	
  0.146666	  0.050698	  0.050698	  0.751939	
  0.625315	  0.121356	  0.227065	  0.026263	
  0.903017	  0.096306	  0.000338	  0.000338	
  0.094494	  0.000338	  0.096306	  0.808861	
  0.095431	  0.000338	  0.000338	  0.903893	
  0.904830	  0.094494	  0.000338	  0.000338	
  0.347844	  0.052250	  0.152763	  0.447143	
  0.282790	  0.275625	  0.171924	  0.269661	
  0.199641	  0.297377	  0.303342	  0.199641	
  0.327776	  0.224075	  0.224075	  0.224075	

URL http://cisbp.ccbr.utoronto.ca/TFreport.php?versionNumber=2.00&searchTF=T325986_2.00

MOTIF M01002_2.00 AMAG_00796_Alt

letter-probability matrix: alength= 4 w= 7 nsites= 1 E= 0
  0.234263	  0.261503	  0.165083	  0.339151	
  0.410146	  0.246291	  0.127296	  0.216267	
  0.568352	  0.134658	  0.137379	  0.159611	
  0.705328	  0.036917	  0.131455	  0.126300	
  0.014155	  0.626468	  0.045155	  0.314221	
  0.607061	  0.102374	  0.143830	  0.146735	
  0.336996	  0.225895	  0.184947	  0.252162	

URL http://cisbp.ccbr.utoronto.ca/TFreport.php?versionNumber=2.00&searchTF=T184328_2.00

MOTIF M01003_2.00 AMAG_02766

letter-probability matrix: alength= 4 w= 8 nsites= 1 E= 0
  0.302418	  0.208891	  0.344403	  0.144288	
  0.227029	  0.203380	  0.143320	  0.426272	
  0.526376	  0.214009	  0.086144	  0.173472	
  0.525074	  0.250520	  0.066257	  0.158149	
  0.633795	  0.062285	  0.183410	  0.120509	
  0.082707	  0.611125	  0.057703	  0.248465	
  0.684922	  0.027366	  0.157481	  0.130230	
  0.386476	  0.201758	  0.170216	  0.241549	

URL http://cisbp.ccbr.utoronto.ca/TFreport.php?versionNumber=2.00&searchTF=T184331_2.00

MOTIF M01102_2.00 (AMAG_01319)_(PBM_CONSTRUCTS)_(DBD_0.67)

letter-probability matrix: alength= 4 w= 8 nsites= 1 E= 0
  0.520400	  0.150739	  0.150739	  0.178122	
  0.168349	  0.386085	  0.237629	  0.207937	
  0.828862	  0.000085	  0.162423	  0.008630	
  0.000085	  0.999744	  0.000085	  0.000085	
  0.000085	  0.000085	  0.982656	  0.017174	
  0.008630	  0.957023	  0.000085	  0.034262	
  0.008630	  0.017174	  0.965567	  0.008630	
  0.562344	  0.150050	  0.000125	  0.287481	

URL http://cisbp.ccbr.utoronto.ca/TFreport.php?versionNumber=2.00&searchTF=T011594_2.00

MOTIF M01107_2.00 (AMAG_07805)_(Cannabis_sativa)_(DBD_0.69)

letter-probability matrix: alength= 4 w= 8 nsites= 1 E= 0
  0.625139	  0.014850	  0.179105	  0.180905	
  0.689816	  0.079553	  0.109555	  0.121077	
  0.660471	  0.030053	  0.068920	  0.240556	
  0.524467	  0.027726	  0.035247	  0.412560	
  0.525023	  0.031609	  0.030370	  0.412998	
  0.761535	  0.047719	  0.044493	  0.146253	
  0.590061	  0.050412	  0.042107	  0.317420	
  0.342342	  0.027821	  0.048222	  0.581615	

URL http://cisbp.ccbr.utoronto.ca/TFreport.php?versionNumber=2.00&searchTF=T017183_2.00

MOTIF M01137_2.00 (AMAG_08133)_(Aspergillus_nidulans)_(DBD_0.47)

letter-probability matrix: alength= 4 w= 10 nsites= 1 E= 0
  0.082192	  0.159024	  0.560627	  0.198156	
  0.399052	  0.492301	  0.065306	  0.043341	
  0.000135	  0.000379	  0.036950	  0.962536	
  0.006288	  0.063346	  0.323312	  0.607054	
  0.936896	  0.000420	  0.054739	  0.007945	
  0.032096	  0.543875	  0.256908	  0.167121	
  0.203011	  0.121907	  0.293906	  0.381176	
  0.429329	  0.154814	  0.042616	  0.373241	
  0.724723	  0.092369	  0.090540	  0.092369	
  0.385035	  0.115970	  0.205067	  0.293928	

URL http://cisbp.ccbr.utoronto.ca/TFreport.php?versionNumber=2.00&searchTF=T055986_2.00

MOTIF M01147_2.00 (AMAG_13470)_(Neurospora_crassa)_(DBD_0.44)

letter-probability matrix: alength= 4 w= 10 nsites= 1 E= 0
  0.256344	  0.201648	  0.261523	  0.280485	
  0.466416	  0.147685	  0.263770	  0.122129	
  0.056276	  0.045162	  0.000477	  0.898085	
  0.076513	  0.037995	  0.643848	  0.241643	
  0.796372	  0.031502	  0.085633	  0.086493	
  0.072044	  0.711432	  0.042832	  0.173691	
  0.178754	  0.047276	  0.689532	  0.084438	
  0.163925	  0.196254	  0.078997	  0.560825	
  0.373050	  0.284779	  0.165954	  0.176216	
  0.318316	  0.178225	  0.258022	  0.245438	

URL http://cisbp.ccbr.utoronto.ca/TFreport.php?versionNumber=2.00&searchTF=T055992_2.00

MOTIF M01235_2.00 (AMAG_00738)_(Neurospora_crassa)_(DBD_0.69)

letter-probability matrix: alength= 4 w= 11 nsites= 1 E= 0
  0.224507	  0.326478	  0.224507	  0.224507	
  0.203126	  0.299039	  0.391867	  0.105967	
  0.225223	  0.724938	  0.024920	  0.024920	
  0.000216	  0.000216	  0.999351	  0.000216	
  0.999351	  0.000216	  0.000216	  0.000216	
  0.000216	  0.000216	  0.000216	  0.999351	
  0.000216	  0.999351	  0.000216	  0.000216	
  0.000216	  0.000216	  0.897514	  0.102053	
  0.347248	  0.117812	  0.509230	  0.025709	
  0.144249	  0.144249	  0.144249	  0.567252	
  0.225297	  0.324110	  0.225297	  0.225297	

URL http://cisbp.ccbr.utoronto.ca/TFreport.php?versionNumber=2.00&searchTF=T191350_2.00

MOTIF M01567_2.00 (AMAG_01800)_(Saccharomyces_cerevisiae)_(DBD_0.89)

letter-probability matrix: alength= 4 w= 7 nsites= 1 E= 0
  0.315311	  0.189343	  0.207174	  0.288172	
  0.345705	  0.141966	  0.211788	  0.300541	
  0.271982	  0.110580	  0.155359	  0.462079	
  0.583542	  0.000869	  0.110954	  0.304636	
  0.219565	  0.006434	  0.188981	  0.585020	
  0.934996	  0.000354	  0.051964	  0.012687	
  0.422777	  0.000471	  0.095282	  0.481470	

URL http://cisbp.ccbr.utoronto.ca/TFreport.php?versionNumber=2.00&searchTF=T342067_2.00

MOTIF M02016_2.00 (AMAG_00740)_(Neurospora_crassa)_(DBD_0.75)

letter-probability matrix: alength= 4 w= 9 nsites= 1 E= 0
  0.238290	  0.282447	  0.248015	  0.231248	
  0.249185	  0.272652	  0.259355	  0.218808	
  0.236587	  0.439798	  0.109543	  0.214073	
  0.059758	  0.068055	  0.757717	  0.114470	
  0.902683	  0.000129	  0.000123	  0.097064	
  0.048477	  0.051992	  0.000705	  0.898826	
  0.141843	  0.359503	  0.271706	  0.226948	
  0.208434	  0.289925	  0.254582	  0.247058	
  0.248381	  0.255945	  0.266390	  0.229284	

URL http://cisbp.ccbr.utoronto.ca/TFreport.php?versionNumber=2.00&searchTF=T191351_2.00

MOTIF M02082_2.00 (AMAG_05266)_(Danio_rerio)_(DBD_0.40)

letter-probability matrix: alength= 4 w= 10 nsites= 1 E= 0
  0.504443	  0.121214	  0.177005	  0.197338	
  0.240897	  0.290867	  0.127852	  0.340384	
  0.263741	  0.128320	  0.083250	  0.524688	
  0.215150	  0.262480	  0.330707	  0.191662	
  0.394649	  0.031097	  0.095110	  0.479144	
  0.479144	  0.095110	  0.031097	  0.394649	
  0.191662	  0.330707	  0.262480	  0.215150	
  0.524688	  0.083250	  0.128320	  0.263741	
  0.340384	  0.127852	  0.290867	  0.240897	
  0.197338	  0.177005	  0.121214	  0.504443	

URL http://cisbp.ccbr.utoronto.ca/TFreport.php?versionNumber=2.00&searchTF=T203600_2.00

MOTIF M02178_2.00 (AMAG_10906)_(Ustilago_maydis)_(DBD_0.44)

letter-probability matrix: alength= 4 w= 10 nsites= 1 E= 0
  0.261928	  0.218781	  0.272617	  0.246674	
  0.246775	  0.259427	  0.272728	  0.221069	
  0.171318	  0.288161	  0.215620	  0.324901	
  0.145425	  0.262345	  0.104549	  0.487681	
  0.485812	  0.309768	  0.086993	  0.117428	
  0.848472	  0.016014	  0.133411	  0.002103	
  0.037823	  0.126837	  0.036705	  0.798636	
  0.397674	  0.133704	  0.105176	  0.363446	
  0.301370	  0.135414	  0.122528	  0.440688	
  0.293463	  0.279150	  0.240267	  0.187120	

URL http://cisbp.ccbr.utoronto.ca/TFreport.php?versionNumber=2.00&searchTF=T203610_2.00

MOTIF M02249_2.00 (AMAG_09059)_(Neurospora_crassa)_(DBD_0.45)

letter-probability matrix: alength= 4 w= 10 nsites= 1 E= 0
  0.283600	  0.227595	  0.232192	  0.256612	
  0.230392	  0.212679	  0.304839	  0.252089	
  0.293438	  0.240247	  0.235489	  0.230826	
  0.116548	  0.031134	  0.065255	  0.787062	
  0.076460	  0.000184	  0.028411	  0.894946	
  0.057969	  0.862560	  0.029076	  0.050396	
  0.020561	  0.408869	  0.193136	  0.377434	
  0.547873	  0.105219	  0.207689	  0.139218	
  0.169023	  0.290044	  0.145479	  0.395454	
  0.259381	  0.227762	  0.298359	  0.214498	

URL http://cisbp.ccbr.utoronto.ca/TFreport.php?versionNumber=2.00&searchTF=T239462_2.00

MOTIF M02283_2.00 (AMAG_14518)_(Dictyostelium_discoideum)_(DBD_0.73)

letter-probability matrix: alength= 4 w= 10 nsites= 1 E= 0
  0.233777	  0.598464	  0.083460	  0.084299	
  0.030948	  0.562453	  0.044359	  0.362240	
  0.506429	  0.042836	  0.155615	  0.295120	
  0.524310	  0.062308	  0.043907	  0.369475	
  0.657133	  0.044163	  0.042009	  0.256695	
  0.290800	  0.112464	  0.066862	  0.529873	
  0.281986	  0.340992	  0.131875	  0.245147	
  0.228299	  0.247314	  0.296088	  0.228299	
  0.301159	  0.033037	  0.594451	  0.071353	
  0.207356	  0.056511	  0.520315	  0.215818	

URL http://cisbp.ccbr.utoronto.ca/TFreport.php?versionNumber=2.00&searchTF=T252687_2.00

MOTIF M02581_2.00 (AMAG_10934)_(Puccinia_graminis)_(DBD_0.85)

letter-probability matrix: alength= 4 w= 8 nsites= 1 E= 0
  0.427557	  0.001420	  0.001420	  0.569602	
  0.000996	  0.000996	  0.000996	  0.997012	
  0.000906	  0.997283	  0.000906	  0.000906	
  0.000906	  0.091486	  0.906703	  0.000906	
  0.000906	  0.000906	  0.997283	  0.000906	
  0.363225	  0.000906	  0.634964	  0.000906	
  0.997283	  0.000906	  0.000906	  0.000906	
  0.125622	  0.125622	  0.125622	  0.623134	

URL http://cisbp.ccbr.utoronto.ca/TFreport.php?versionNumber=2.00&searchTF=T357254_2.00

MOTIF M02698_2.00 (AMAG_19492)_(Arabidopsis_thaliana)_(DBD_0.88)

letter-probability matrix: alength= 4 w= 11 nsites= 1 E= 0
  0.140000	  0.450000	  0.230000	  0.180000	
  0.160000	  0.270000	  0.550000	  0.020000	
  0.000000	  0.919192	  0.040404	  0.040404	
  0.000000	  0.050000	  0.930000	  0.020000	
  0.040404	  0.939394	  0.000000	  0.020202	
  0.040404	  0.020202	  0.020202	  0.919192	
  0.080808	  0.000000	  0.858586	  0.060606	
  0.960000	  0.000000	  0.020000	  0.020000	
  0.040000	  0.040000	  0.920000	  0.000000	
  0.020000	  0.550000	  0.260000	  0.170000	
  0.151515	  0.323232	  0.242424	  0.282828	

URL http://cisbp.ccbr.utoronto.ca/TFreport.php?versionNumber=2.00&searchTF=T265608_2.00

MOTIF M03094_2.00 (AMAG_20076)_(Homo_sapiens)_(DBD_0.40)

letter-probability matrix: alength= 4 w= 12 nsites= 1 E= 0
  0.075193	  0.052708	  0.036750	  0.835348	
  0.012133	  0.045264	  0.932105	  0.010499	
  0.845817	  0.010811	  0.062291	  0.081081	
  0.016870	  0.950947	  0.010382	  0.021801	
  0.958232	  0.003526	  0.030377	  0.007865	
  0.045464	  0.013172	  0.766730	  0.174634	
  0.059739	  0.316739	  0.607343	  0.016179	
  0.006266	  0.028460	  0.003655	  0.961619	
  0.030352	  0.017935	  0.918602	  0.033111	
  0.179547	  0.067561	  0.020592	  0.732300	
  0.017290	  0.853624	  0.101847	  0.027238	
  0.798513	  0.042216	  0.078676	  0.080595	

URL http://cisbp.ccbr.utoronto.ca/TFreport.php?versionNumber=2.00&searchTF=T203622_2.00

MOTIF M06947_2.00 (AMAG_01384)_(Arabidopsis_thaliana)_(DBD_0.48)

letter-probability matrix: alength= 4 w= 19 nsites= 1 E= 0
  0.227045	  0.200334	  0.140234	  0.432387	
  0.237062	  0.315526	  0.198664	  0.248748	
  0.285476	  0.203673	  0.171953	  0.338898	
  0.540902	  0.093489	  0.235392	  0.130217	
  0.153589	  0.071786	  0.689483	  0.085142	
  0.796328	  0.075125	  0.078464	  0.050083	
  0.804674	  0.028381	  0.045075	  0.121870	
  0.121870	  0.188648	  0.482471	  0.207012	
  0.106845	  0.575960	  0.185309	  0.131886	
  0.096828	  0.018364	  0.016694	  0.868114	
  0.008347	  0.005008	  0.000000	  0.986645	
  0.003339	  0.988314	  0.000000	  0.008347	
  0.005008	  0.073456	  0.028381	  0.893155	
  0.896494	  0.006678	  0.090150	  0.006678	
  0.010017	  0.008347	  0.969950	  0.011686	
  0.984975	  0.000000	  0.008347	  0.006678	
  0.853089	  0.035058	  0.028381	  0.083472	
  0.195326	  0.135225	  0.542571	  0.126878	
  0.330551	  0.375626	  0.160267	  0.133556	

URL http://cisbp.ccbr.utoronto.ca/TFreport.php?versionNumber=2.00&searchTF=T239452_2.00

MOTIF M06950_2.00 (AMAG_02759)_(Arabidopsis_thaliana)_(DBD_0.47)

letter-probability matrix: alength= 4 w= 16 nsites= 1 E= 0
  0.000000	  0.000000	  1.000000	  0.000000	
  0.994828	  0.000000	  0.000000	  0.005172	
  0.939654	  0.006897	  0.006897	  0.046552	
  0.070690	  0.241379	  0.572414	  0.115517	
  0.318966	  0.263793	  0.186207	  0.231034	
  0.086207	  0.034483	  0.003448	  0.875862	
  0.005172	  0.000000	  0.003448	  0.991380	
  0.000000	  0.998276	  0.001724	  0.000000	
  0.001724	  0.137931	  0.037931	  0.822414	
  0.786207	  0.029310	  0.184483	  0.000000	
  0.000000	  0.001724	  0.998276	  0.000000	
  0.986207	  0.000000	  0.000000	  0.013793	
  0.777586	  0.027586	  0.086207	  0.108621	
  0.237931	  0.201724	  0.384483	  0.175862	
  0.320690	  0.327586	  0.150000	  0.201724	
  0.341379	  0.113793	  0.125862	  0.418966	

URL http://cisbp.ccbr.utoronto.ca/TFreport.php?versionNumber=2.00&searchTF=T239455_2.00

MOTIF M08452_2.00 (AMAG_13560)_(Saccharomyces_cerevisiae)_(DBD_0.77)

letter-probability matrix: alength= 4 w= 5 nsites= 1 E= 0
  0.000000	  0.000000	  0.000000	  1.000000	
  0.000000	  0.000000	  0.010160	  0.989840	
  0.005578	  0.000000	  0.994422	  0.000000	
  0.000000	  0.000000	  0.998223	  0.001777	
  0.158006	  0.378979	  0.030665	  0.432350	

URL http://cisbp.ccbr.utoronto.ca/TFreport.php?versionNumber=2.00&searchTF=T159702_2.00

