MEME version 4

ALPHABET= ACGT

strands: + -

Background letter frequencies (from uniform background):
A 0.25000 C 0.25000 G 0.25000 T 0.25000 

MOTIF M00111_2.00 (AGAP011625)_(Mus_musculus)_(DBD_0.81)

letter-probability matrix: alength= 4 w= 10 nsites= 1 E= 0
  0.220377	  0.335405	  0.102037	  0.342181	
  0.111784	  0.193750	  0.669524	  0.024942	
  0.009553	  0.989147	  0.000370	  0.000929	
  0.000437	  0.891193	  0.000324	  0.108046	
  0.046223	  0.377462	  0.191229	  0.385087	
  0.132612	  0.336106	  0.329451	  0.201830	
  0.430307	  0.248265	  0.229178	  0.092250	
  0.301624	  0.024759	  0.651437	  0.022180	
  0.055101	  0.000431	  0.943092	  0.001376	
  0.095237	  0.349453	  0.435445	  0.119865	

URL http://cisbp.ccbr.utoronto.ca/TFreport.php?versionNumber=2.00&searchTF=T010673_2.00

MOTIF M00115_2.00 (AGAP005156)_(Mus_musculus)_(DBD_0.83)

letter-probability matrix: alength= 4 w= 9 nsites= 1 E= 0
  0.246578	  0.267115	  0.232219	  0.254088	
  0.378326	  0.089636	  0.246105	  0.285933	
  0.932211	  0.020037	  0.024473	  0.023279	
  0.109459	  0.057143	  0.094212	  0.739186	
  0.198441	  0.333784	  0.113351	  0.354424	
  0.708755	  0.056459	  0.138866	  0.095920	
  0.607308	  0.100387	  0.141039	  0.151265	
  0.519306	  0.108039	  0.187259	  0.185396	
  0.347377	  0.202433	  0.185010	  0.265180	

URL http://cisbp.ccbr.utoronto.ca/TFreport.php?versionNumber=2.00&searchTF=T014126_2.00

MOTIF M00123_2.00 (AGAP010405)_(Mus_musculus)_(DBD_0.56)

letter-probability matrix: alength= 4 w= 10 nsites= 1 E= 0
  0.204029	  0.225487	  0.206080	  0.364404	
  0.236887	  0.356945	  0.180834	  0.225334	
  0.366431	  0.173090	  0.224485	  0.235995	
  0.211095	  0.124252	  0.479292	  0.185362	
  0.221482	  0.544759	  0.112207	  0.121552	
  0.581822	  0.053848	  0.253703	  0.110627	
  0.397568	  0.193517	  0.184079	  0.224835	
  0.408500	  0.110221	  0.169439	  0.311840	
  0.374779	  0.157014	  0.132467	  0.335740	
  0.299479	  0.213160	  0.169363	  0.317998	

URL http://cisbp.ccbr.utoronto.ca/TFreport.php?versionNumber=2.00&searchTF=T056692_2.00

MOTIF M00129_2.00 (AGAP006736)_(Mus_musculus)_(DBD_0.83)

letter-probability matrix: alength= 4 w= 11 nsites= 1 E= 0
  0.297787	  0.205271	  0.291670	  0.205271	
  0.122468	  0.122468	  0.516476	  0.238588	
  0.853502	  0.048833	  0.048833	  0.048833	
  0.000178	  0.999466	  0.000178	  0.000178	
  0.000178	  0.999466	  0.000178	  0.000178	
  0.000178	  0.999466	  0.000178	  0.000178	
  0.000178	  0.999466	  0.000178	  0.000178	
  0.000178	  0.634038	  0.000178	  0.365605	
  0.044907	  0.678767	  0.044907	  0.231420	
  0.335713	  0.127710	  0.227261	  0.309315	
  0.201346	  0.300897	  0.201346	  0.296412	

URL http://cisbp.ccbr.utoronto.ca/TFreport.php?versionNumber=2.00&searchTF=T080448_2.00

MOTIF M00133_2.00 (AGAP004438)_(Mus_musculus)_(DBD_0.88)

letter-probability matrix: alength= 4 w= 10 nsites= 1 E= 0
  0.210214	  0.458577	  0.118882	  0.212327	
  0.423407	  0.501866	  0.028741	  0.045986	
  0.029760	  0.909753	  0.024858	  0.035629	
  0.156909	  0.014093	  0.668920	  0.160079	
  0.000767	  0.987545	  0.000039	  0.011649	
  0.000264	  0.999670	  0.000030	  0.000036	
  0.000434	  0.833039	  0.000013	  0.166514	
  0.296789	  0.562855	  0.013504	  0.126852	
  0.102020	  0.541945	  0.119721	  0.236315	
  0.207575	  0.297523	  0.149230	  0.345672	

URL http://cisbp.ccbr.utoronto.ca/TFreport.php?versionNumber=2.00&searchTF=T080402_2.00

MOTIF M00134_2.00 (AGAP007038)_(Mus_musculus)_(DBD_0.96)

letter-probability matrix: alength= 4 w= 10 nsites= 1 E= 0
  0.234441	  0.180766	  0.414554	  0.170239	
  0.219242	  0.497789	  0.115605	  0.167365	
  0.177318	  0.538047	  0.076550	  0.208085	
  0.515538	  0.352557	  0.089587	  0.042318	
  0.009895	  0.974574	  0.000320	  0.015211	
  0.228736	  0.010304	  0.660217	  0.100743	
  0.000089	  0.999596	  0.000241	  0.000074	
  0.000191	  0.999363	  0.000173	  0.000272	
  0.001121	  0.823801	  0.000229	  0.174850	
  0.342124	  0.258571	  0.077105	  0.322200	

URL http://cisbp.ccbr.utoronto.ca/TFreport.php?versionNumber=2.00&searchTF=T080454_2.00

MOTIF M00153_2.00 (AGAP001978)_(Mus_musculus)_(DBD_0.77)

letter-probability matrix: alength= 4 w= 10 nsites= 1 E= 0
  0.328844	  0.158473	  0.193559	  0.319125	
  0.340062	  0.138259	  0.138259	  0.383419	
  0.250781	  0.152106	  0.248285	  0.348828	
  0.146662	  0.212328	  0.477294	  0.163716	
  0.049148	  0.109382	  0.841214	  0.000255	
  0.098666	  0.881603	  0.000009	  0.019722	
  0.001228	  0.000013	  0.977948	  0.020810	
  0.022581	  0.624590	  0.326064	  0.026765	
  0.135566	  0.284138	  0.361210	  0.219085	
  0.234821	  0.292605	  0.182879	  0.289694	

URL http://cisbp.ccbr.utoronto.ca/TFreport.php?versionNumber=2.00&searchTF=T172269_2.00

MOTIF M00154_2.00 (AGAP009807)_(Mus_musculus)_(DBD_0.53)

letter-probability matrix: alength= 4 w= 10 nsites= 1 E= 0
  0.323791	  0.157606	  0.184952	  0.333651	
  0.356499	  0.123511	  0.133798	  0.386191	
  0.252758	  0.144378	  0.247753	  0.355112	
  0.126742	  0.200769	  0.545747	  0.126742	
  0.023207	  0.074773	  0.901856	  0.000164	
  0.069741	  0.911218	  0.000224	  0.018817	
  0.000176	  0.000025	  0.982509	  0.017290	
  0.011409	  0.610578	  0.359389	  0.018623	
  0.108464	  0.261496	  0.386224	  0.243817	
  0.250797	  0.271685	  0.168114	  0.309403	

URL http://cisbp.ccbr.utoronto.ca/TFreport.php?versionNumber=2.00&searchTF=T172270_2.00

MOTIF M00157_2.00 (AGAP004337)_(Mus_musculus)_(DBD_0.79)

letter-probability matrix: alength= 4 w= 10 nsites= 1 E= 0
  0.310173	  0.239160	  0.232091	  0.218575	
  0.515468	  0.099991	  0.271802	  0.112739	
  0.100868	  0.708969	  0.159782	  0.030381	
  0.125542	  0.847793	  0.021599	  0.005066	
  0.008511	  0.006180	  0.983769	  0.001539	
  0.001765	  0.005251	  0.990671	  0.002313	
  0.980239	  0.008916	  0.004748	  0.006097	
  0.784086	  0.021000	  0.005390	  0.189525	
  0.330437	  0.069437	  0.572730	  0.027396	
  0.085838	  0.235677	  0.092987	  0.585498	

URL http://cisbp.ccbr.utoronto.ca/TFreport.php?versionNumber=2.00&searchTF=T175480_2.00

MOTIF M00159_2.00 (AGAP011341)_(Mus_musculus)_(DBD_0.75)

letter-probability matrix: alength= 4 w= 10 nsites= 1 E= 0
  0.401213	  0.134894	  0.189519	  0.274374	
  0.288005	  0.299758	  0.235798	  0.176439	
  0.207310	  0.504826	  0.205247	  0.082617	
  0.276376	  0.615087	  0.084925	  0.023612	
  0.001256	  0.018138	  0.980434	  0.000172	
  0.005077	  0.055966	  0.893136	  0.045821	
  0.810468	  0.028435	  0.076525	  0.084573	
  0.293995	  0.181919	  0.067597	  0.456488	
  0.285185	  0.231166	  0.308937	  0.174712	
  0.171414	  0.277017	  0.125723	  0.425847	

URL http://cisbp.ccbr.utoronto.ca/TFreport.php?versionNumber=2.00&searchTF=T175487_2.00

MOTIF M00161_2.00 (AGAP002903)_(Mus_musculus)_(DBD_0.47)

letter-probability matrix: alength= 4 w= 12 nsites= 1 E= 0
  0.394926	  0.201691	  0.201691	  0.201691	
  0.357836	  0.147163	  0.347838	  0.147163	
  0.159006	  0.172368	  0.068783	  0.599842	
  0.841382	  0.113021	  0.022798	  0.022798	
  0.999531	  0.000156	  0.000156	  0.000156	
  0.999531	  0.000156	  0.000156	  0.000156	
  0.000156	  0.999531	  0.000156	  0.000156	
  0.999531	  0.000156	  0.000156	  0.000156	
  0.854605	  0.048465	  0.048465	  0.048465	
  0.691020	  0.102993	  0.102993	  0.102993	
  0.181373	  0.360053	  0.181373	  0.277201	
  0.317926	  0.227358	  0.227358	  0.227358	

URL http://cisbp.ccbr.utoronto.ca/TFreport.php?versionNumber=2.00&searchTF=T184543_2.00

MOTIF M00162_2.00 (AGAP001671)_(Mus_musculus)_(DBD_0.92)

letter-probability matrix: alength= 4 w= 8 nsites= 1 E= 0
  0.160144	  0.000399	  0.839058	  0.000399	
  0.000322	  0.032539	  0.000322	  0.966817	
  0.878027	  0.121368	  0.000303	  0.000303	
  0.968826	  0.030569	  0.000303	  0.000303	
  0.999092	  0.000303	  0.000303	  0.000303	
  0.000303	  0.635896	  0.000303	  0.363499	
  0.999092	  0.000303	  0.000303	  0.000303	
  0.630777	  0.105567	  0.105567	  0.158088	

URL http://cisbp.ccbr.utoronto.ca/TFreport.php?versionNumber=2.00&searchTF=T184541_2.00

MOTIF M00163_2.00 (AGAP000662)_(Mus_musculus)_(DBD_0.83)

letter-probability matrix: alength= 4 w= 8 nsites= 1 E= 0
  0.309467	  0.142959	  0.547336	  0.000238	
  0.295052	  0.000164	  0.000164	  0.704620	
  0.619510	  0.295749	  0.000141	  0.084600	
  0.888534	  0.069545	  0.000139	  0.041782	
  0.999584	  0.000139	  0.000139	  0.000139	
  0.000139	  0.957940	  0.000139	  0.041782	
  0.999572	  0.000143	  0.000143	  0.000143	
  0.660068	  0.132164	  0.056750	  0.151018	

URL http://cisbp.ccbr.utoronto.ca/TFreport.php?versionNumber=2.00&searchTF=T184539_2.00

MOTIF M00164_2.00 (AGAP005903)_(Mus_musculus)_(DBD_0.54)

letter-probability matrix: alength= 4 w= 10 nsites= 1 E= 0
  0.366283	  0.166235	  0.164581	  0.302901	
  0.345139	  0.171391	  0.195185	  0.288285	
  0.267836	  0.181340	  0.196443	  0.354381	
  0.346821	  0.108724	  0.419393	  0.125062	
  0.146969	  0.100507	  0.031824	  0.720700	
  0.700016	  0.254959	  0.000720	  0.044305	
  0.906192	  0.053477	  0.000316	  0.040015	
  0.934400	  0.000771	  0.023568	  0.041260	
  0.033048	  0.600627	  0.033381	  0.332944	
  0.853101	  0.047889	  0.045553	  0.053457	

URL http://cisbp.ccbr.utoronto.ca/TFreport.php?versionNumber=2.00&searchTF=T184547_2.00

MOTIF M00166_2.00 (AGAP002236)_(Mus_musculus)_(DBD_0.78)

letter-probability matrix: alength= 4 w= 10 nsites= 1 E= 0
  0.268595	  0.233506	  0.226604	  0.271295	
  0.274182	  0.235991	  0.229016	  0.260810	
  0.228672	  0.255262	  0.268349	  0.247717	
  0.424078	  0.237440	  0.065360	  0.273121	
  0.073859	  0.028851	  0.873191	  0.024099	
  0.941711	  0.009657	  0.001747	  0.046885	
  0.062764	  0.030247	  0.036212	  0.870777	
  0.486794	  0.180881	  0.095377	  0.236948	
  0.453949	  0.132686	  0.190183	  0.223182	
  0.227316	  0.258874	  0.316190	  0.197619	

URL http://cisbp.ccbr.utoronto.ca/TFreport.php?versionNumber=2.00&searchTF=T191652_2.00

MOTIF M00167_2.00 (AGAP002235)_(Mus_musculus)_(DBD_0.87)

letter-probability matrix: alength= 4 w= 9 nsites= 1 E= 0
  0.269704	  0.232136	  0.256550	  0.241610	
  0.223924	  0.265418	  0.268085	  0.242574	
  0.334851	  0.238337	  0.111462	  0.315350	
  0.139815	  0.113332	  0.678797	  0.068055	
  0.741047	  0.046902	  0.102316	  0.109735	
  0.190215	  0.082943	  0.088957	  0.637884	
  0.577501	  0.109805	  0.104450	  0.208244	
  0.492768	  0.132959	  0.175922	  0.198351	
  0.218515	  0.266895	  0.342700	  0.171890	

URL http://cisbp.ccbr.utoronto.ca/TFreport.php?versionNumber=2.00&searchTF=T191651_2.00

MOTIF M00168_2.00 (AGAP007783)_(Mus_musculus)_(DBD_0.62)

letter-probability matrix: alength= 4 w= 9 nsites= 1 E= 0
  0.220991	  0.264574	  0.272632	  0.241803	
  0.530934	  0.183945	  0.203291	  0.081830	
  0.102634	  0.102634	  0.066100	  0.728632	
  0.301843	  0.142580	  0.549993	  0.005584	
  0.162465	  0.523462	  0.198435	  0.115638	
  0.086217	  0.060152	  0.690122	  0.163509	
  0.005064	  0.010198	  0.974742	  0.009996	
  0.005612	  0.003838	  0.977420	  0.013130	
  0.116745	  0.317345	  0.111051	  0.454860	

URL http://cisbp.ccbr.utoronto.ca/TFreport.php?versionNumber=2.00&searchTF=T197949_2.00

MOTIF M00178_2.00 (AGAP010511)_(Mus_musculus)_(DBD_0.91)

letter-probability matrix: alength= 4 w= 10 nsites= 1 E= 0
  0.212984	  0.416099	  0.142972	  0.227946	
  0.201998	  0.401559	  0.182516	  0.213926	
  0.432247	  0.083239	  0.179282	  0.305232	
  0.394149	  0.098816	  0.146383	  0.360652	
  0.532912	  0.075998	  0.118189	  0.272901	
  0.272901	  0.118189	  0.075998	  0.532912	
  0.360652	  0.146383	  0.098816	  0.394149	
  0.305232	  0.179282	  0.083239	  0.432247	
  0.213926	  0.182516	  0.401559	  0.201998	
  0.227946	  0.142972	  0.416099	  0.212984	

URL http://cisbp.ccbr.utoronto.ca/TFreport.php?versionNumber=2.00&searchTF=T252771_2.00

MOTIF M00181_2.00 (USP)_(Mus_musculus)_(DBD_0.86)

letter-probability matrix: alength= 4 w= 10 nsites= 1 E= 0
  0.325203	  0.229167	  0.176700	  0.268930	
  0.302762	  0.119456	  0.489286	  0.088495	
  0.447338	  0.000344	  0.551871	  0.000446	
  0.041805	  0.000161	  0.956243	  0.001791	
  0.023582	  0.000259	  0.765452	  0.210707	
  0.048615	  0.000240	  0.085109	  0.866036	
  0.081116	  0.682577	  0.097113	  0.139195	
  0.814947	  0.000279	  0.169546	  0.015228	
  0.270941	  0.314788	  0.148695	  0.265576	
  0.251452	  0.223018	  0.319658	  0.205872	

URL http://cisbp.ccbr.utoronto.ca/TFreport.php?versionNumber=2.00&searchTF=T301287_2.00

MOTIF M00182_2.00 (AGAP002155)_(Mus_musculus)_(DBD_0.90)

letter-probability matrix: alength= 4 w= 10 nsites= 1 E= 0
  0.335787	  0.227347	  0.218433	  0.218433	
  0.308956	  0.147407	  0.412898	  0.130739	
  0.384796	  0.046188	  0.524640	  0.044377	
  0.018196	  0.000549	  0.935597	  0.045658	
  0.066096	  0.000114	  0.420360	  0.513429	
  0.127654	  0.379679	  0.101426	  0.391242	
  0.153029	  0.652382	  0.103610	  0.090979	
  0.586362	  0.092198	  0.253139	  0.068302	
  0.307590	  0.259503	  0.198099	  0.234808	
  0.269577	  0.239094	  0.229719	  0.261610	

URL http://cisbp.ccbr.utoronto.ca/TFreport.php?versionNumber=2.00&searchTF=T301288_2.00

MOTIF M00183_2.00 (AGAP001743)_(Mus_musculus)_(DBD_0.89)

letter-probability matrix: alength= 4 w= 9 nsites= 1 E= 0
  0.210071	  0.435914	  0.246520	  0.107495	
  0.703605	  0.026212	  0.189847	  0.080336	
  0.865652	  0.026668	  0.100835	  0.006845	
  0.032096	  0.000467	  0.896716	  0.070721	
  0.014440	  0.003222	  0.972658	  0.009680	
  0.123392	  0.007967	  0.122164	  0.746477	
  0.008169	  0.773091	  0.077509	  0.141231	
  0.731929	  0.019800	  0.220453	  0.027818	
  0.295829	  0.259766	  0.123938	  0.320467	

URL http://cisbp.ccbr.utoronto.ca/TFreport.php?versionNumber=2.00&searchTF=T301286_2.00

MOTIF M00188_2.00 (AGAP003943)_(Mus_musculus)_(DBD_0.83)

letter-probability matrix: alength= 4 w= 10 nsites= 1 E= 0
  0.104605	  0.584172	  0.194454	  0.116769	
  0.266268	  0.282733	  0.156727	  0.294272	
  0.098718	  0.112423	  0.073867	  0.714991	
  0.512814	  0.101485	  0.365006	  0.020695	
  0.255170	  0.103744	  0.573599	  0.067487	
  0.184311	  0.457887	  0.038345	  0.319457	
  0.484397	  0.018971	  0.233435	  0.263197	
  0.869982	  0.053972	  0.047869	  0.028176	
  0.021911	  0.904128	  0.002656	  0.071305	
  0.236202	  0.300271	  0.335186	  0.128340	

URL http://cisbp.ccbr.utoronto.ca/TFreport.php?versionNumber=2.00&searchTF=T318008_2.00

MOTIF M00195_2.00 (AGAP003896)_(Mus_musculus)_(DBD_0.40)

letter-probability matrix: alength= 4 w= 10 nsites= 1 E= 0
  0.279067	  0.181426	  0.181426	  0.358081	
  0.289551	  0.189085	  0.212315	  0.309049	
  0.000105	  0.000105	  0.000105	  0.999685	
  0.000105	  0.000105	  0.999685	  0.000105	
  0.000105	  0.999685	  0.000105	  0.000105	
  0.000105	  0.000105	  0.000105	  0.999685	
  0.000105	  0.000105	  0.999685	  0.000105	
  0.999685	  0.000105	  0.000105	  0.000105	
  0.068679	  0.613130	  0.162332	  0.155859	
  0.241038	  0.147190	  0.147190	  0.464583	

URL http://cisbp.ccbr.utoronto.ca/TFreport.php?versionNumber=2.00&searchTF=T326388_2.00

MOTIF M00198_2.00 (AGAP012411)_(Mus_musculus)_(DBD_0.84)

letter-probability matrix: alength= 4 w= 10 nsites= 1 E= 0
  0.487867	  0.129030	  0.194424	  0.188678	
  0.105157	  0.367034	  0.405635	  0.122175	
  0.637879	  0.044618	  0.022157	  0.295346	
  0.127896	  0.036643	  0.013891	  0.821570	
  0.117054	  0.666899	  0.135998	  0.080049	
  0.875401	  0.013939	  0.013663	  0.096997	
  0.818830	  0.046427	  0.085445	  0.049298	
  0.728316	  0.019702	  0.107849	  0.144133	
  0.179802	  0.178013	  0.562199	  0.079986	
  0.267968	  0.186955	  0.403779	  0.141298	

URL http://cisbp.ccbr.utoronto.ca/TFreport.php?versionNumber=2.00&searchTF=T326404_2.00

MOTIF M00203_2.00 (AGAP000066)_(Mus_musculus)_(DBD_0.90)

letter-probability matrix: alength= 4 w= 8 nsites= 1 E= 0
  0.711397	  0.062629	  0.074981	  0.150993	
  0.013623	  0.102692	  0.036662	  0.847024	
  0.035706	  0.005341	  0.000489	  0.958464	
  0.163603	  0.110768	  0.676843	  0.048786	
  0.083974	  0.035892	  0.034141	  0.845992	
  0.117419	  0.271985	  0.139177	  0.471419	
  0.223078	  0.342928	  0.166921	  0.267073	
  0.215726	  0.282593	  0.176621	  0.325060	

URL http://cisbp.ccbr.utoronto.ca/TFreport.php?versionNumber=2.00&searchTF=T326383_2.00

MOTIF M00207_2.00 (AGAP012389)_(Mus_musculus)_(DBD_0.85)

letter-probability matrix: alength= 4 w= 8 nsites= 1 E= 0
  0.194088	  0.292455	  0.323213	  0.190245	
  0.421098	  0.167815	  0.179983	  0.231103	
  0.248778	  0.139290	  0.158628	  0.453303	
  0.182174	  0.439204	  0.213784	  0.164838	
  0.651950	  0.031816	  0.105633	  0.210601	
  0.619209	  0.101336	  0.132747	  0.146708	
  0.493892	  0.108020	  0.169409	  0.228679	
  0.245370	  0.217624	  0.355231	  0.181775	

URL http://cisbp.ccbr.utoronto.ca/TFreport.php?versionNumber=2.00&searchTF=T326403_2.00

MOTIF M00208_2.00 (AGAP010919)_(Mus_musculus)_(DBD_0.85)

letter-probability matrix: alength= 4 w= 9 nsites= 1 E= 0
  0.610507	  0.080181	  0.080181	  0.229130	
  0.027959	  0.087421	  0.055188	  0.829432	
  0.077434	  0.030859	  0.020893	  0.870814	
  0.237747	  0.206688	  0.478765	  0.076800	
  0.240465	  0.078459	  0.077678	  0.603397	
  0.222149	  0.224382	  0.205070	  0.348399	
  0.230661	  0.273404	  0.181445	  0.314490	
  0.236240	  0.248352	  0.218077	  0.297331	
  0.240132	  0.254981	  0.252444	  0.252444	

URL http://cisbp.ccbr.utoronto.ca/TFreport.php?versionNumber=2.00&searchTF=T326397_2.00

MOTIF M00211_2.00 (AGAP000922)_(Mus_musculus)_(DBD_0.52)

letter-probability matrix: alength= 4 w= 10 nsites= 1 E= 0
  0.808545	  0.036062	  0.029525	  0.125868	
  0.000357	  0.068798	  0.022901	  0.907943	
  0.000146	  0.003501	  0.001065	  0.995288	
  0.268341	  0.117010	  0.591261	  0.023389	
  0.140246	  0.016834	  0.019558	  0.823362	
  0.200067	  0.216731	  0.192223	  0.390979	
  0.205896	  0.329433	  0.163592	  0.301079	
  0.188912	  0.279019	  0.194665	  0.337404	
  0.236555	  0.251183	  0.280390	  0.231871	
  0.207751	  0.300768	  0.193706	  0.297775	

URL http://cisbp.ccbr.utoronto.ca/TFreport.php?versionNumber=2.00&searchTF=T326385_2.00

MOTIF M00216_2.00 (AGAP010958)_(Mus_musculus)_(DBD_0.91)

letter-probability matrix: alength= 4 w= 7 nsites= 1 E= 0
  0.317192	  0.188577	  0.170632	  0.323600	
  0.377028	  0.110202	  0.112429	  0.400342	
  0.238466	  0.123251	  0.123251	  0.515031	
  0.532428	  0.000769	  0.095340	  0.371463	
  0.290314	  0.000533	  0.069475	  0.639678	
  0.715780	  0.078521	  0.191210	  0.014489	
  0.289234	  0.119969	  0.104296	  0.486500	

URL http://cisbp.ccbr.utoronto.ca/TFreport.php?versionNumber=2.00&searchTF=T342119_2.00

MOTIF M00242_2.00 (AGAP009889)_(Homo_sapiens)_(DBD_0.72)

letter-probability matrix: alength= 4 w= 8 nsites= 1 E= 0
  0.356838	  0.641738	  0.000712	  0.000712	
  0.000525	  0.998424	  0.000525	  0.000525	
  0.053046	  0.105567	  0.840861	  0.000525	
  0.053046	  0.945903	  0.000525	  0.000525	
  0.000525	  0.945903	  0.053046	  0.000525	
  0.000525	  0.998424	  0.000525	  0.000525	
  0.210609	  0.788340	  0.000525	  0.000525	
  0.000767	  0.921012	  0.000767	  0.077454	

URL http://cisbp.ccbr.utoronto.ca/TFreport.php?versionNumber=2.00&searchTF=T080524_2.00

MOTIF M00257_2.00 (AGAP005902)_(Homo_sapiens)_(DBD_0.92)

letter-probability matrix: alength= 4 w= 10 nsites= 1 E= 0
  0.326582	  0.181033	  0.131457	  0.360928	
  0.376628	  0.160976	  0.273488	  0.188908	
  0.247519	  0.242618	  0.230785	  0.279077	
  0.363901	  0.188083	  0.342709	  0.105307	
  0.343254	  0.200031	  0.077360	  0.379355	
  0.494185	  0.252879	  0.037446	  0.215489	
  0.759756	  0.101799	  0.035623	  0.102822	
  0.777778	  0.049722	  0.111770	  0.060730	
  0.010752	  0.547346	  0.078656	  0.363246	
  0.741580	  0.060267	  0.105508	  0.092646	

URL http://cisbp.ccbr.utoronto.ca/TFreport.php?versionNumber=2.00&searchTF=T184546_2.00

MOTIF M00264_2.00 (AGAP000858)_(Homo_sapiens)_(DBD_0.77)

letter-probability matrix: alength= 4 w= 9 nsites= 1 E= 0
  0.233408	  0.265811	  0.293767	  0.207014	
  0.218699	  0.307260	  0.229912	  0.244129	
  0.170035	  0.133754	  0.053303	  0.642908	
  0.615562	  0.090246	  0.171149	  0.123043	
  0.889185	  0.026584	  0.061578	  0.022653	
  0.050885	  0.155955	  0.072935	  0.720226	
  0.195427	  0.193483	  0.209597	  0.401492	
  0.262679	  0.206630	  0.324061	  0.206630	
  0.264075	  0.227292	  0.322542	  0.186091	

URL http://cisbp.ccbr.utoronto.ca/TFreport.php?versionNumber=2.00&searchTF=T204260_2.00

MOTIF M00284_2.00 (AGAP013075)_(Homo_sapiens)_(DBD_0.67)

letter-probability matrix: alength= 4 w= 8 nsites= 1 E= 0
  0.212142	  0.267001	  0.332704	  0.188153	
  0.181967	  0.331565	  0.248098	  0.238370	
  0.130633	  0.095813	  0.021811	  0.751743	
  0.696930	  0.117529	  0.124796	  0.060745	
  0.798766	  0.051577	  0.039373	  0.110285	
  0.149564	  0.065873	  0.107525	  0.677037	
  0.193150	  0.156564	  0.312144	  0.338142	
  0.343299	  0.116583	  0.360900	  0.179218	

URL http://cisbp.ccbr.utoronto.ca/TFreport.php?versionNumber=2.00&searchTF=T204333_2.00

MOTIF M00317_2.00 (AGAP002487)_(Homo_sapiens)_(DBD_0.70)

letter-probability matrix: alength= 4 w= 10 nsites= 1 E= 0
  0.157801	  0.167558	  0.059820	  0.614822	
  0.655185	  0.062484	  0.140459	  0.141871	
  0.908582	  0.026361	  0.038164	  0.026894	
  0.070259	  0.192902	  0.076875	  0.659964	
  0.179443	  0.212695	  0.196342	  0.411520	
  0.313165	  0.180680	  0.291993	  0.214161	
  0.268057	  0.202593	  0.344193	  0.185156	
  0.315986	  0.236441	  0.246091	  0.201482	
  0.177958	  0.194717	  0.185220	  0.442105	
  0.234421	  0.236777	  0.182567	  0.346235	

URL http://cisbp.ccbr.utoronto.ca/TFreport.php?versionNumber=2.00&searchTF=T204272_2.00

MOTIF M00342_2.00 (AGAP000063)_(Homo_sapiens)_(DBD_0.86)

letter-probability matrix: alength= 4 w= 14 nsites= 1 E= 0
  0.222869	  0.222869	  0.222869	  0.331393	
  0.301150	  0.196775	  0.305300	  0.196775	
  0.173218	  0.173218	  0.173218	  0.480345	
  0.290347	  0.101116	  0.507421	  0.101116	
  0.147808	  0.755127	  0.048533	  0.048533	
  0.226946	  0.118673	  0.128567	  0.525813	
  0.692134	  0.307374	  0.000246	  0.000246	
  0.999261	  0.000246	  0.000246	  0.000246	
  0.027377	  0.027377	  0.027377	  0.917868	
  0.053471	  0.053471	  0.053471	  0.839587	
  0.768916	  0.077028	  0.077028	  0.077028	
  0.342275	  0.149130	  0.260189	  0.248406	
  0.201714	  0.201714	  0.201714	  0.394859	
  0.226053	  0.226053	  0.321841	  0.226053	

URL http://cisbp.ccbr.utoronto.ca/TFreport.php?versionNumber=2.00&searchTF=T237225_2.00

MOTIF M00346_2.00 (AGAP001493)_(Homo_sapiens)_(DBD_0.74)

letter-probability matrix: alength= 4 w= 10 nsites= 1 E= 0
  0.139888	  0.391835	  0.299119	  0.169159	
  0.019682	  0.000364	  0.804090	  0.175864	
  0.193802	  0.035404	  0.000448	  0.770345	
  0.057920	  0.712707	  0.003703	  0.225669	
  0.962768	  0.036959	  0.000011	  0.000262	
  0.031960	  0.731042	  0.000847	  0.236151	
  0.176323	  0.000067	  0.814289	  0.009321	
  0.016792	  0.450753	  0.513331	  0.019124	
  0.184926	  0.210599	  0.121505	  0.482970	
  0.197814	  0.256551	  0.195846	  0.349788	

URL http://cisbp.ccbr.utoronto.ca/TFreport.php?versionNumber=2.00&searchTF=T311424_2.00

MOTIF M00368_2.00 (AGAP012211)_(Homo_sapiens)_(DBD_0.81)

letter-probability matrix: alength= 4 w= 10 nsites= 1 E= 0
  0.289619	  0.286737	  0.186525	  0.237120	
  0.302937	  0.132095	  0.461058	  0.103910	
  0.532286	  0.082862	  0.360388	  0.024463	
  0.012110	  0.005280	  0.947658	  0.034953	
  0.005552	  0.001227	  0.783832	  0.209389	
  0.024110	  0.047589	  0.037063	  0.891238	
  0.000812	  0.917821	  0.005270	  0.076097	
  0.825383	  0.009639	  0.146328	  0.018650	
  0.311014	  0.237422	  0.134268	  0.317297	
  0.253574	  0.261297	  0.234078	  0.251051	

URL http://cisbp.ccbr.utoronto.ca/TFreport.php?versionNumber=2.00&searchTF=T301303_2.00

MOTIF M00380_2.00 (AGAP008979)_(Mus_musculus)_(DBD_0.95)

letter-probability matrix: alength= 4 w= 8 nsites= 1 E= 0
  0.197712	  0.294951	  0.128613	  0.378724	
  0.094122	  0.079407	  0.010325	  0.816145	
  0.890434	  0.022015	  0.083238	  0.004313	
  0.994089	  0.000151	  0.000109	  0.005651	
  0.011500	  0.089327	  0.025850	  0.873323	
  0.128510	  0.058910	  0.253662	  0.558919	
  0.589184	  0.038044	  0.310672	  0.062100	
  0.188759	  0.223737	  0.420090	  0.167414	

URL http://cisbp.ccbr.utoronto.ca/TFreport.php?versionNumber=2.00&searchTF=T204314_2.00

MOTIF M00383_2.00 (AGAP004646)_(Mus_musculus)_(DBD_0.90)

letter-probability matrix: alength= 4 w= 9 nsites= 1 E= 0
  0.196847	  0.282147	  0.169428	  0.351577	
  0.155907	  0.072187	  0.051897	  0.720008	
  0.696670	  0.087035	  0.095232	  0.121063	
  0.798358	  0.042630	  0.032219	  0.126793	
  0.067221	  0.146641	  0.081287	  0.704851	
  0.114380	  0.141109	  0.368533	  0.375978	
  0.447955	  0.095078	  0.322046	  0.134922	
  0.226418	  0.284970	  0.217540	  0.271072	
  0.214998	  0.296080	  0.212859	  0.276063	

URL http://cisbp.ccbr.utoronto.ca/TFreport.php?versionNumber=2.00&searchTF=T204281_2.00

MOTIF M00388_2.00 (AGAP005041)_(Mus_musculus)_(DBD_0.86)

letter-probability matrix: alength= 4 w= 10 nsites= 1 E= 0
  0.247073	  0.284202	  0.206373	  0.262352	
  0.149870	  0.075171	  0.040036	  0.734924	
  0.706549	  0.090958	  0.126519	  0.075974	
  0.851645	  0.008910	  0.044131	  0.095313	
  0.070692	  0.091682	  0.096383	  0.741243	
  0.120799	  0.217919	  0.226813	  0.434469	
  0.367812	  0.088905	  0.402450	  0.140833	
  0.215590	  0.296895	  0.274069	  0.213445	
  0.220651	  0.269503	  0.211999	  0.297847	
  0.238452	  0.238452	  0.243269	  0.279826	

URL http://cisbp.ccbr.utoronto.ca/TFreport.php?versionNumber=2.00&searchTF=T204293_2.00

MOTIF M00399_2.00 (AGAP007539)_(Mus_musculus)_(DBD_0.87)

letter-probability matrix: alength= 4 w= 8 nsites= 1 E= 0
  0.145807	  0.166050	  0.102749	  0.585395	
  0.047416	  0.026548	  0.887984	  0.038052	
  0.795904	  0.000436	  0.143952	  0.059709	
  0.041428	  0.910466	  0.001396	  0.046710	
  0.672067	  0.019113	  0.247239	  0.061581	
  0.160336	  0.171961	  0.418748	  0.248954	
  0.200186	  0.289816	  0.301643	  0.208355	
  0.204146	  0.262129	  0.190345	  0.343380	

URL http://cisbp.ccbr.utoronto.ca/TFreport.php?versionNumber=2.00&searchTF=T204309_2.00

MOTIF M00402_2.00 (AGAP012501)_(Mus_musculus)_(DBD_0.75)

letter-probability matrix: alength= 4 w= 7 nsites= 1 E= 0
  0.144397	  0.120611	  0.119411	  0.615582	
  0.644210	  0.107557	  0.134025	  0.114208	
  0.733858	  0.022383	  0.092602	  0.151156	
  0.080543	  0.104458	  0.116604	  0.698395	
  0.170686	  0.157563	  0.174135	  0.497616	
  0.375164	  0.124881	  0.304102	  0.195853	
  0.313095	  0.175301	  0.329148	  0.182456	

URL http://cisbp.ccbr.utoronto.ca/TFreport.php?versionNumber=2.00&searchTF=T204332_2.00

MOTIF M00403_2.00 (AGAP004648)_(Mus_musculus)_(DBD_0.96)

letter-probability matrix: alength= 4 w= 9 nsites= 1 E= 0
  0.212944	  0.305219	  0.179654	  0.302182	
  0.139237	  0.074156	  0.032014	  0.754592	
  0.749862	  0.028786	  0.146920	  0.074432	
  0.910880	  0.019190	  0.000909	  0.069021	
  0.047994	  0.131772	  0.069482	  0.750751	
  0.077838	  0.112689	  0.370417	  0.439057	
  0.522798	  0.084707	  0.264858	  0.127638	
  0.180205	  0.341756	  0.255723	  0.222315	
  0.212626	  0.301731	  0.212626	  0.273017	

URL http://cisbp.ccbr.utoronto.ca/TFreport.php?versionNumber=2.00&searchTF=T204283_2.00

MOTIF M00405_2.00 (AGAP011134)_(Mus_musculus)_(DBD_0.88)

letter-probability matrix: alength= 4 w= 9 nsites= 1 E= 0
  0.166699	  0.079535	  0.057179	  0.696587	
  0.658460	  0.072959	  0.164006	  0.104575	
  0.860814	  0.014554	  0.044163	  0.080469	
  0.057497	  0.058075	  0.037402	  0.847026	
  0.146493	  0.115235	  0.184376	  0.553896	
  0.427710	  0.071410	  0.368133	  0.132747	
  0.333758	  0.210696	  0.276004	  0.179543	
  0.279203	  0.233210	  0.202743	  0.284843	
  0.269584	  0.207863	  0.189973	  0.332580	

URL http://cisbp.ccbr.utoronto.ca/TFreport.php?versionNumber=2.00&searchTF=T204325_2.00

MOTIF M00411_2.00 (AGAP001593)_(Mus_musculus)_(DBD_0.74)

letter-probability matrix: alength= 4 w= 9 nsites= 1 E= 0
  0.240681	  0.253021	  0.279632	  0.226665	
  0.227219	  0.312909	  0.182347	  0.277525	
  0.152629	  0.043729	  0.032395	  0.771247	
  0.781271	  0.024069	  0.108954	  0.085706	
  0.946629	  0.020346	  0.018971	  0.014054	
  0.079369	  0.043125	  0.124475	  0.753031	
  0.124675	  0.611374	  0.090532	  0.173419	
  0.108349	  0.531316	  0.137739	  0.222596	
  0.186346	  0.310320	  0.277995	  0.225339	

URL http://cisbp.ccbr.utoronto.ca/TFreport.php?versionNumber=2.00&searchTF=T204265_2.00

MOTIF M00417_2.00 (AGAP005099)_(Mus_musculus)_(DBD_0.93)

letter-probability matrix: alength= 4 w= 8 nsites= 1 E= 0
  0.281218	  0.216834	  0.307701	  0.194247	
  0.129122	  0.376440	  0.129122	  0.365315	
  0.165282	  0.184501	  0.049782	  0.600435	
  0.689510	  0.110607	  0.091467	  0.108417	
  0.925332	  0.042528	  0.028507	  0.003633	
  0.103670	  0.106828	  0.082370	  0.707132	
  0.155855	  0.155855	  0.181078	  0.507211	
  0.479837	  0.103902	  0.258126	  0.158135	

URL http://cisbp.ccbr.utoronto.ca/TFreport.php?versionNumber=2.00&searchTF=T204295_2.00

MOTIF M00418_2.00 (AGAP000215)_(Mus_musculus)_(DBD_0.98)

letter-probability matrix: alength= 4 w= 8 nsites= 1 E= 0
  0.244685	  0.262426	  0.184929	  0.307960	
  0.195722	  0.063860	  0.036477	  0.703941	
  0.712083	  0.037645	  0.106505	  0.143767	
  0.921471	  0.039884	  0.018840	  0.019806	
  0.072358	  0.024572	  0.250040	  0.653030	
  0.149500	  0.630995	  0.082872	  0.136633	
  0.112604	  0.499634	  0.129525	  0.258237	
  0.173100	  0.309164	  0.276959	  0.240777	

URL http://cisbp.ccbr.utoronto.ca/TFreport.php?versionNumber=2.00&searchTF=T204257_2.00

MOTIF M00422_2.00 (AGAP004659)_(Mus_musculus)_(DBD_0.93)

letter-probability matrix: alength= 4 w= 7 nsites= 1 E= 0
  0.190028	  0.259088	  0.234433	  0.316451	
  0.202470	  0.101554	  0.105699	  0.590277	
  0.663860	  0.035095	  0.167013	  0.134031	
  0.824891	  0.001005	  0.082703	  0.091401	
  0.139244	  0.098123	  0.093338	  0.669295	
  0.169026	  0.149913	  0.350743	  0.330318	
  0.396330	  0.104820	  0.327749	  0.171100	

URL http://cisbp.ccbr.utoronto.ca/TFreport.php?versionNumber=2.00&searchTF=T204285_2.00

MOTIF M00423_2.00 (AGAP007058)_(Mus_musculus)_(DBD_0.90)

letter-probability matrix: alength= 4 w= 9 nsites= 1 E= 0
  0.304718	  0.228009	  0.194297	  0.272977	
  0.151961	  0.073967	  0.021405	  0.752667	
  0.823630	  0.052653	  0.108172	  0.015545	
  0.943177	  0.000270	  0.024761	  0.031793	
  0.083189	  0.065438	  0.100596	  0.750777	
  0.166825	  0.139344	  0.182536	  0.511295	
  0.341885	  0.086011	  0.430296	  0.141808	
  0.195606	  0.309854	  0.288906	  0.205635	
  0.223337	  0.278296	  0.225582	  0.272785	

URL http://cisbp.ccbr.utoronto.ca/TFreport.php?versionNumber=2.00&searchTF=T204308_2.00

MOTIF M00425_2.00 (AGAP011695)_(Mus_musculus)_(DBD_0.96)

letter-probability matrix: alength= 4 w= 8 nsites= 1 E= 0
  0.177918	  0.245015	  0.196630	  0.380437	
  0.185511	  0.128139	  0.489368	  0.196982	
  0.844182	  0.107594	  0.012408	  0.035815	
  0.079962	  0.206759	  0.066790	  0.646488	
  0.600471	  0.307266	  0.010998	  0.081265	
  0.102580	  0.523557	  0.126551	  0.247311	
  0.201123	  0.352101	  0.245653	  0.201123	
  0.225861	  0.295869	  0.223613	  0.254657	

URL http://cisbp.ccbr.utoronto.ca/TFreport.php?versionNumber=2.00&searchTF=T204328_2.00

MOTIF M00426_2.00 (AGAP005096)_(Mus_musculus)_(DBD_0.98)

letter-probability matrix: alength= 4 w= 9 nsites= 1 E= 0
  0.269860	  0.244180	  0.310413	  0.175547	
  0.222956	  0.322782	  0.189991	  0.264271	
  0.095770	  0.046616	  0.010402	  0.847212	
  0.799391	  0.056478	  0.097891	  0.046240	
  0.967307	  0.000597	  0.022077	  0.010019	
  0.039713	  0.048993	  0.055795	  0.855498	
  0.112128	  0.104548	  0.131584	  0.651740	
  0.377268	  0.097803	  0.400597	  0.124332	
  0.274391	  0.207380	  0.363054	  0.155175	

URL http://cisbp.ccbr.utoronto.ca/TFreport.php?versionNumber=2.00&searchTF=T204294_2.00

MOTIF M00427_2.00 (AGAP009646)_(Mus_musculus)_(DBD_0.88)

letter-probability matrix: alength= 4 w= 9 nsites= 1 E= 0
  0.168479	  0.163500	  0.146469	  0.521553	
  0.211125	  0.111324	  0.092061	  0.585490	
  0.332803	  0.037621	  0.152559	  0.477017	
  0.833329	  0.023463	  0.043182	  0.100026	
  0.015491	  0.177732	  0.064089	  0.742688	
  0.151377	  0.075927	  0.326939	  0.445757	
  0.427605	  0.074307	  0.394730	  0.103358	
  0.140060	  0.392316	  0.217472	  0.250152	
  0.235202	  0.305040	  0.214958	  0.244800	

URL http://cisbp.ccbr.utoronto.ca/TFreport.php?versionNumber=2.00&searchTF=T204319_2.00

MOTIF M00432_2.00 (AGAP005137)_(Mus_musculus)_(DBD_0.86)

letter-probability matrix: alength= 4 w= 8 nsites= 1 E= 0
  0.233021	  0.233021	  0.237729	  0.296228	
  0.299569	  0.128040	  0.147281	  0.425109	
  0.394212	  0.088845	  0.184360	  0.332583	
  0.791037	  0.010521	  0.120704	  0.077738	
  0.125342	  0.030909	  0.107883	  0.735866	
  0.111249	  0.116952	  0.215243	  0.556556	
  0.502249	  0.069345	  0.330001	  0.098405	
  0.304872	  0.239820	  0.275859	  0.179449	

URL http://cisbp.ccbr.utoronto.ca/TFreport.php?versionNumber=2.00&searchTF=T204296_2.00

MOTIF M00433_2.00 (AGAP012428)_(Mus_musculus)_(DBD_0.88)

letter-probability matrix: alength= 4 w= 9 nsites= 1 E= 0
  0.239869	  0.317378	  0.190584	  0.252168	
  0.133763	  0.050707	  0.022333	  0.793196	
  0.850989	  0.020830	  0.051749	  0.076432	
  0.959274	  0.011777	  0.004509	  0.024439	
  0.324957	  0.077765	  0.136141	  0.461136	
  0.139125	  0.306548	  0.136371	  0.417956	
  0.193728	  0.061958	  0.611831	  0.132483	
  0.201560	  0.269370	  0.319285	  0.209785	
  0.174474	  0.290550	  0.187125	  0.347851	

URL http://cisbp.ccbr.utoronto.ca/TFreport.php?versionNumber=2.00&searchTF=T204331_2.00

MOTIF M00434_2.00 (AGAP006536)_(Mus_musculus)_(DBD_0.67)

letter-probability matrix: alength= 4 w= 8 nsites= 1 E= 0
  0.181066	  0.320174	  0.134137	  0.364623	
  0.077756	  0.030374	  0.026143	  0.865728	
  0.451520	  0.051553	  0.474670	  0.022256	
  0.972804	  0.002535	  0.014882	  0.009778	
  0.013067	  0.018176	  0.024782	  0.943975	
  0.042824	  0.039929	  0.115250	  0.801997	
  0.521680	  0.031095	  0.367622	  0.079603	
  0.194449	  0.311118	  0.327069	  0.167364	

URL http://cisbp.ccbr.utoronto.ca/TFreport.php?versionNumber=2.00&searchTF=T204302_2.00

MOTIF M00435_2.00 (AGAP009088)_(Mus_musculus)_(DBD_0.95)

letter-probability matrix: alength= 4 w= 9 nsites= 1 E= 0
  0.336764	  0.194296	  0.190449	  0.278490	
  0.293592	  0.187202	  0.219684	  0.299522	
  0.143147	  0.291160	  0.156628	  0.409065	
  0.060921	  0.242154	  0.011817	  0.685107	
  0.768466	  0.128303	  0.074024	  0.029207	
  0.954390	  0.018561	  0.016964	  0.010085	
  0.035549	  0.016296	  0.012819	  0.935337	
  0.150061	  0.196574	  0.074518	  0.578848	
  0.582945	  0.073559	  0.135381	  0.208115	

URL http://cisbp.ccbr.utoronto.ca/TFreport.php?versionNumber=2.00&searchTF=T204316_2.00

MOTIF M00437_2.00 (AGAP002178)_(Mus_musculus)_(DBD_0.96)

letter-probability matrix: alength= 4 w= 9 nsites= 1 E= 0
  0.279714	  0.187498	  0.226732	  0.306056	
  0.133384	  0.136078	  0.089410	  0.641128	
  0.028209	  0.031489	  0.906531	  0.033772	
  0.787150	  0.003969	  0.102352	  0.106529	
  0.042661	  0.891832	  0.004969	  0.060538	
  0.758156	  0.019315	  0.172585	  0.049943	
  0.174931	  0.152077	  0.461457	  0.211535	
  0.174360	  0.324123	  0.333994	  0.167523	
  0.196701	  0.255107	  0.167617	  0.380575	

URL http://cisbp.ccbr.utoronto.ca/TFreport.php?versionNumber=2.00&searchTF=T204269_2.00

MOTIF M00438_2.00 (AGAP011253)_(Mus_musculus)_(DBD_0.86)

letter-probability matrix: alength= 4 w= 9 nsites= 1 E= 0
  0.211292	  0.263287	  0.243044	  0.282377	
  0.249961	  0.185175	  0.148607	  0.416257	
  0.165668	  0.301867	  0.221404	  0.311061	
  0.494881	  0.045346	  0.355781	  0.103992	
  0.869196	  0.000051	  0.015449	  0.115304	
  0.101810	  0.062998	  0.673917	  0.161274	
  0.247088	  0.045139	  0.174120	  0.533653	
  0.334033	  0.038522	  0.503326	  0.124119	
  0.129395	  0.311957	  0.305780	  0.252868	

URL http://cisbp.ccbr.utoronto.ca/TFreport.php?versionNumber=2.00&searchTF=T204327_2.00

MOTIF M00439_2.00 (AGAP009293)_(Mus_musculus)_(DBD_0.98)

letter-probability matrix: alength= 4 w= 8 nsites= 1 E= 0
  0.222888	  0.280526	  0.201677	  0.294909	
  0.135819	  0.056902	  0.017838	  0.789441	
  0.749166	  0.066617	  0.112052	  0.072165	
  0.950512	  0.000309	  0.023975	  0.025204	
  0.033254	  0.061201	  0.073271	  0.832275	
  0.170087	  0.110643	  0.160182	  0.559089	
  0.345558	  0.104080	  0.393532	  0.156830	
  0.274902	  0.209855	  0.329118	  0.186125	

URL http://cisbp.ccbr.utoronto.ca/TFreport.php?versionNumber=2.00&searchTF=T204317_2.00

MOTIF M00442_2.00 (AGAP013373)_(Mus_musculus)_(DBD_0.54)

letter-probability matrix: alength= 4 w= 10 nsites= 1 E= 0
  0.232947	  0.273366	  0.293187	  0.200499	
  0.212847	  0.340554	  0.181376	  0.265223	
  0.136717	  0.049300	  0.011335	  0.802648	
  0.797526	  0.087489	  0.088368	  0.026616	
  0.889584	  0.000658	  0.045639	  0.064120	
  0.150641	  0.058844	  0.122107	  0.668408	
  0.186789	  0.142591	  0.242253	  0.428367	
  0.315574	  0.091322	  0.456867	  0.136237	
  0.212950	  0.281760	  0.314523	  0.190768	
  0.193573	  0.288776	  0.231748	  0.285903	

URL http://cisbp.ccbr.utoronto.ca/TFreport.php?versionNumber=2.00&searchTF=T204335_2.00

MOTIF M00443_2.00 (AGAP001495)_(Mus_musculus)_(DBD_0.84)

letter-probability matrix: alength= 4 w= 8 nsites= 1 E= 0
  0.205661	  0.300734	  0.189849	  0.303757	
  0.125034	  0.075837	  0.035114	  0.764015	
  0.752473	  0.068263	  0.113678	  0.065586	
  0.947059	  0.000567	  0.020767	  0.031606	
  0.052681	  0.078591	  0.069010	  0.799717	
  0.162578	  0.134445	  0.157773	  0.545203	
  0.352715	  0.124669	  0.349206	  0.173410	
  0.314813	  0.200734	  0.311680	  0.172773	

URL http://cisbp.ccbr.utoronto.ca/TFreport.php?versionNumber=2.00&searchTF=T204263_2.00

MOTIF M00450_2.00 (AGAP004649)_(Mus_musculus)_(DBD_0.86)

letter-probability matrix: alength= 4 w= 9 nsites= 1 E= 0
  0.196325	  0.259764	  0.216973	  0.326938	
  0.168024	  0.144619	  0.100897	  0.586460	
  0.700378	  0.000665	  0.217374	  0.081583	
  0.964678	  0.000287	  0.006765	  0.028270	
  0.099760	  0.022937	  0.086727	  0.790576	
  0.079382	  0.133523	  0.297160	  0.489935	
  0.592997	  0.034302	  0.309572	  0.063130	
  0.209422	  0.321935	  0.297183	  0.171460	
  0.160609	  0.343427	  0.206226	  0.289737	

URL http://cisbp.ccbr.utoronto.ca/TFreport.php?versionNumber=2.00&searchTF=T204284_2.00

MOTIF M00451_2.00 (AGAP005727)_(Mus_musculus)_(DBD_0.88)

letter-probability matrix: alength= 4 w= 8 nsites= 1 E= 0
  0.745050	  0.002475	  0.002475	  0.250000	
  0.200397	  0.001984	  0.001984	  0.795635	
  0.001984	  0.001984	  0.001984	  0.994048	
  0.795635	  0.001984	  0.001984	  0.200397	
  0.994048	  0.001984	  0.001984	  0.001984	
  0.001984	  0.001984	  0.001984	  0.994048	
  0.200397	  0.001984	  0.001984	  0.795635	
  0.992574	  0.002475	  0.002475	  0.002475	

URL http://cisbp.ccbr.utoronto.ca/TFreport.php?versionNumber=2.00&searchTF=T204301_2.00

MOTIF M00453_2.00 (AGAP005011)_(Mus_musculus)_(DBD_0.95)

letter-probability matrix: alength= 4 w= 10 nsites= 1 E= 0
  0.292956	  0.212730	  0.247157	  0.247157	
  0.199110	  0.213547	  0.268770	  0.318574	
  0.308532	  0.060450	  0.242700	  0.388318	
  0.885224	  0.000434	  0.056027	  0.058314	
  0.069002	  0.849069	  0.012233	  0.069696	
  0.762058	  0.078730	  0.049701	  0.109511	
  0.312091	  0.226624	  0.087645	  0.373640	
  0.225409	  0.218747	  0.398583	  0.157262	
  0.285673	  0.236240	  0.224718	  0.253369	
  0.255374	  0.231072	  0.219803	  0.293750	

URL http://cisbp.ccbr.utoronto.ca/TFreport.php?versionNumber=2.00&searchTF=T204292_2.00

MOTIF M00456_2.00 (AGAP005010)_(Mus_musculus)_(DBD_0.93)

letter-probability matrix: alength= 4 w= 7 nsites= 1 E= 0
  0.269032	  0.253365	  0.248348	  0.229254	
