MEME version 4

ALPHABET= ACGT

strands: + -

Background letter frequencies (from uniform background):
A 0.25000 C 0.25000 G 0.25000 T 0.25000 

MOTIF M01072_2.00 (MYB05_ANTMA)_(Arabidopsis_thaliana)_(DBD_0.84)

letter-probability matrix: alength= 4 w= 8 nsites= 1 E= 0
  0.711648	  0.001420	  0.285511	  0.001420	
  0.001244	  0.996269	  0.001244	  0.001244	
  0.001244	  0.996269	  0.001244	  0.001244	
  0.001244	  0.001244	  0.001244	  0.996269	
  0.996269	  0.001244	  0.001244	  0.001244	
  0.996269	  0.001244	  0.001244	  0.001244	
  0.001244	  0.747512	  0.001244	  0.250000	
  0.001984	  0.200397	  0.001984	  0.795635	

URL http://cisbp.ccbr.utoronto.ca/TFreport.php?versionNumber=2.00&searchTF=T283692_2.00

MOTIF M02660_2.00 bZIP910

letter-probability matrix: alength= 4 w= 7 nsites= 1 E= 0
  0.428571	  0.428571	  0.142857	  0.000000	
  0.000000	  0.000000	  0.000000	  1.000000	
  0.000000	  0.000000	  1.000000	  0.000000	
  1.000000	  0.000000	  0.000000	  0.000000	
  0.000000	  1.000000	  0.000000	  0.000000	
  0.000000	  0.000000	  1.000000	  0.000000	
  0.000000	  0.000000	  0.000000	  1.000000	

URL http://cisbp.ccbr.utoronto.ca/TFreport.php?versionNumber=2.00&searchTF=T070479_2.00

MOTIF M02661_2.00 bZIP911

letter-probability matrix: alength= 4 w= 12 nsites= 1 E= 0
  0.030303	  0.000000	  0.939394	  0.030303	
  0.515152	  0.000000	  0.484848	  0.000000	
  0.000000	  0.000000	  0.000000	  1.000000	
  0.000000	  0.000000	  1.000000	  0.000000	
  1.000000	  0.000000	  0.000000	  0.000000	
  0.000000	  1.000000	  0.000000	  0.000000	
  0.000000	  0.000000	  1.000000	  0.000000	
  0.000000	  0.000000	  0.000000	  1.000000	
  0.000000	  0.030303	  0.969697	  0.000000	
  0.030303	  0.000000	  0.666667	  0.303030	
  0.333333	  0.606061	  0.030303	  0.030303	
  0.030303	  0.969697	  0.000000	  0.000000	

URL http://cisbp.ccbr.utoronto.ca/TFreport.php?versionNumber=2.00&searchTF=T070480_2.00

MOTIF M02697_2.00 squamosa

letter-probability matrix: alength= 4 w= 14 nsites= 1 E= 0
  0.366667	  0.466667	  0.033333	  0.133333	
  0.000000	  0.733333	  0.000000	  0.266667	
  0.800000	  0.000000	  0.133333	  0.066667	
  0.533333	  0.066667	  0.033333	  0.366667	
  0.766667	  0.000000	  0.000000	  0.233333	
  0.566667	  0.000000	  0.000000	  0.433333	
  0.800000	  0.033333	  0.000000	  0.166667	
  0.266667	  0.000000	  0.033333	  0.700000	
  0.466667	  0.033333	  0.500000	  0.000000	
  0.033333	  0.033333	  0.933333	  0.000000	
  0.466667	  0.166667	  0.033333	  0.333333	
  0.833333	  0.166667	  0.000000	  0.000000	
  0.700000	  0.066667	  0.100000	  0.133333	
  0.233333	  0.166667	  0.266667	  0.333333	

URL http://cisbp.ccbr.utoronto.ca/TFreport.php?versionNumber=2.00&searchTF=T257106_2.00

