MEME version 4

ALPHABET= ACGT

strands: + -

Background letter frequencies (from uniform background):
A 0.25000 C 0.25000 G 0.25000 T 0.25000 

MOTIF M00060_2.00 (MCYG_02012)_(Saccharomyces_cerevisiae)_(DBD_0.47)

letter-probability matrix: alength= 4 w= 9 nsites= 1 E= 0
  0.320154	  0.181055	  0.206191	  0.292599	
  0.231700	  0.238756	  0.197442	  0.332102	
  0.223589	  0.242212	  0.287095	  0.247105	
  0.161512	  0.025143	  0.029212	  0.784133	
  0.138264	  0.051376	  0.075881	  0.734480	
  0.092315	  0.709959	  0.122145	  0.075581	
  0.148989	  0.381409	  0.144586	  0.325016	
  0.473500	  0.149928	  0.202381	  0.174191	
  0.182247	  0.285820	  0.153755	  0.378177	

URL http://cisbp.ccbr.utoronto.ca/TFreport.php?versionNumber=2.00&searchTF=T241217_2.00

MOTIF M00066_2.00 (MCYG_06867)_(Saccharomyces_cerevisiae)_(DBD_0.47)

letter-probability matrix: alength= 4 w= 10 nsites= 1 E= 0
  0.228304	  0.228304	  0.228304	  0.315088	
  0.119950	  0.353086	  0.407015	  0.119950	
  0.000130	  0.000130	  0.999610	  0.000130	
  0.000130	  0.000130	  0.000130	  0.999610	
  0.000130	  0.000130	  0.000130	  0.999610	
  0.086914	  0.000130	  0.912826	  0.000130	
  0.000130	  0.999610	  0.000130	  0.000130	
  0.000130	  0.437251	  0.000130	  0.562489	
  0.934522	  0.021826	  0.021826	  0.021826	
  0.130180	  0.304898	  0.261306	  0.303616	

URL http://cisbp.ccbr.utoronto.ca/TFreport.php?versionNumber=2.00&searchTF=T318694_2.00

MOTIF M00070_2.00 (MCYG_06419)_(Saccharomyces_cerevisiae)_(DBD_0.51)

letter-probability matrix: alength= 4 w= 11 nsites= 1 E= 0
  0.268573	  0.272224	  0.178881	  0.280322	
  0.509793	  0.098806	  0.292595	  0.098806	
  0.848016	  0.050661	  0.050661	  0.050661	
  0.999893	  0.000036	  0.000036	  0.000036	
  0.000036	  0.903786	  0.000036	  0.096142	
  0.903786	  0.000036	  0.000036	  0.096142	
  0.999893	  0.000036	  0.000036	  0.000036	
  0.000036	  0.000036	  0.000036	  0.999893	
  0.591260	  0.071155	  0.071155	  0.266431	
  0.345743	  0.151230	  0.257625	  0.245401	
  0.199374	  0.199374	  0.199374	  0.401877	

URL http://cisbp.ccbr.utoronto.ca/TFreport.php?versionNumber=2.00&searchTF=T331236_2.00

MOTIF M00088_2.00 (MCYG_01011)_(Saccharomyces_cerevisiae)_(DBD_0.79)

letter-probability matrix: alength= 4 w= 7 nsites= 1 E= 0
  0.004409	  0.910218	  0.041833	  0.043540	
  0.000848	  0.116208	  0.876017	  0.006927	
  0.000117	  0.005158	  0.992847	  0.001879	
  0.537121	  0.127259	  0.241344	  0.094276	
  0.460766	  0.088490	  0.138780	  0.311965	
  0.318860	  0.236217	  0.222461	  0.222461	
  0.279083	  0.235452	  0.235452	  0.250012	

URL http://cisbp.ccbr.utoronto.ca/TFreport.php?versionNumber=2.00&searchTF=T374099_2.00

MOTIF M00102_2.00 (MCYG_02995)_(Saccharomyces_cerevisiae)_(DBD_0.65)

letter-probability matrix: alength= 4 w= 9 nsites= 1 E= 0
  0.230826	  0.235489	  0.240247	  0.293438	
  0.234897	  0.237257	  0.278424	  0.249422	
  0.263068	  0.265712	  0.202839	  0.268382	
  0.094644	  0.692371	  0.066031	  0.146954	
  0.000084	  0.999903	  0.000001	  0.000012	
  0.000730	  0.068439	  0.930712	  0.000118	
  0.001227	  0.000063	  0.986717	  0.011994	
  0.700294	  0.116921	  0.159413	  0.023371	
  0.335031	  0.152052	  0.297146	  0.215772	

URL http://cisbp.ccbr.utoronto.ca/TFreport.php?versionNumber=2.00&searchTF=T374119_2.00

MOTIF M00407_2.00 (MCYG_05212)_(Mus_musculus)_(DBD_0.58)

letter-probability matrix: alength= 4 w= 9 nsites= 1 E= 0
  0.295464	  0.173911	  0.204087	  0.326538	
  0.083726	  0.082068	  0.055565	  0.778641	
  0.003120	  0.034053	  0.960935	  0.001893	
  0.873497	  0.000758	  0.057541	  0.068204	
  0.019591	  0.939245	  0.007207	  0.033956	
  0.851816	  0.012030	  0.105359	  0.030796	
  0.150397	  0.123135	  0.540925	  0.185542	
  0.147020	  0.354449	  0.343974	  0.154557	
  0.187865	  0.236447	  0.144854	  0.430834	

URL http://cisbp.ccbr.utoronto.ca/TFreport.php?versionNumber=2.00&searchTF=T220529_2.00

MOTIF M00922_2.00 (MCYG_06533)_(Saccharomyces_cerevisiae)_(DBD_0.62)

letter-probability matrix: alength= 4 w= 9 nsites= 1 E= 0
  0.212991	  0.328753	  0.123435	  0.334821	
  0.000077	  0.999769	  0.000077	  0.000077	
  0.000077	  0.000077	  0.999769	  0.000077	
  0.000077	  0.000077	  0.999769	  0.000077	
  0.999769	  0.000077	  0.000077	  0.000077	
  0.000077	  0.386504	  0.613342	  0.000077	
  0.000077	  0.000077	  0.000077	  0.999769	
  0.000077	  0.000077	  0.000077	  0.999769	
  0.126642	  0.324406	  0.220127	  0.328825	

URL http://cisbp.ccbr.utoronto.ca/TFreport.php?versionNumber=2.00&searchTF=T374158_2.00

MOTIF M01005_2.00 (MCYG_06643)_(Aspergillus_nidulans)_(DBD_0.86)

letter-probability matrix: alength= 4 w= 10 nsites= 1 E= 0
  0.377868	  0.197264	  0.183928	  0.240939	
  0.310417	  0.218747	  0.154148	  0.316688	
  0.073377	  0.717384	  0.079488	  0.129750	
  0.181592	  0.255127	  0.534729	  0.028553	
  0.036492	  0.941148	  0.003118	  0.019242	
  0.995650	  0.000751	  0.002468	  0.001131	
  0.044767	  0.926560	  0.002057	  0.026615	
  0.668003	  0.087733	  0.085995	  0.158269	
  0.487233	  0.182864	  0.216750	  0.113153	
  0.406046	  0.157035	  0.101136	  0.335783	

URL http://cisbp.ccbr.utoronto.ca/TFreport.php?versionNumber=2.00&searchTF=T188068_2.00

MOTIF M01102_2.00 (MCYG_04069)_(PBM_CONSTRUCTS)_(DBD_0.62)

letter-probability matrix: alength= 4 w= 8 nsites= 1 E= 0
  0.520400	  0.150739	  0.150739	  0.178122	
  0.168349	  0.386085	  0.237629	  0.207937	
  0.828862	  0.000085	  0.162423	  0.008630	
  0.000085	  0.999744	  0.000085	  0.000085	
  0.000085	  0.000085	  0.982656	  0.017174	
  0.008630	  0.957023	  0.000085	  0.034262	
  0.008630	  0.017174	  0.965567	  0.008630	
  0.562344	  0.150050	  0.000125	  0.287481	

URL http://cisbp.ccbr.utoronto.ca/TFreport.php?versionNumber=2.00&searchTF=T012102_2.00

MOTIF M01110_2.00 (MCYG_07496)_(Aspergillus_nidulans)_(DBD_0.90)

letter-probability matrix: alength= 4 w= 8 nsites= 1 E= 0
  0.076330	  0.923501	  0.000085	  0.000085	
  0.806984	  0.000071	  0.142888	  0.050057	
  0.000067	  0.906492	  0.000067	  0.093375	
  0.113370	  0.000067	  0.886497	  0.000067	
  0.046721	  0.120035	  0.000067	  0.833178	
  0.000068	  0.000068	  0.979252	  0.020611	
  0.067288	  0.058888	  0.781334	  0.092490	
  0.162544	  0.487381	  0.175037	  0.175037	

URL http://cisbp.ccbr.utoronto.ca/TFreport.php?versionNumber=2.00&searchTF=T041319_2.00

MOTIF M01137_2.00 (MCYG_03346)_(Aspergillus_nidulans)_(DBD_0.68)

letter-probability matrix: alength= 4 w= 10 nsites= 1 E= 0
  0.082192	  0.159024	  0.560627	  0.198156	
  0.399052	  0.492301	  0.065306	  0.043341	
  0.000135	  0.000379	  0.036950	  0.962536	
  0.006288	  0.063346	  0.323312	  0.607054	
  0.936896	  0.000420	  0.054739	  0.007945	
  0.032096	  0.543875	  0.256908	  0.167121	
  0.203011	  0.121907	  0.293906	  0.381176	
  0.429329	  0.154814	  0.042616	  0.373241	
  0.724723	  0.092369	  0.090540	  0.092369	
  0.385035	  0.115970	  0.205067	  0.293928	

URL http://cisbp.ccbr.utoronto.ca/TFreport.php?versionNumber=2.00&searchTF=T064664_2.00

MOTIF M01147_2.00 (MCYG_00633)_(Neurospora_crassa)_(DBD_0.62)

letter-probability matrix: alength= 4 w= 10 nsites= 1 E= 0
  0.256344	  0.201648	  0.261523	  0.280485	
  0.466416	  0.147685	  0.263770	  0.122129	
  0.056276	  0.045162	  0.000477	  0.898085	
  0.076513	  0.037995	  0.643848	  0.241643	
  0.796372	  0.031502	  0.085633	  0.086493	
  0.072044	  0.711432	  0.042832	  0.173691	
  0.178754	  0.047276	  0.689532	  0.084438	
  0.163925	  0.196254	  0.078997	  0.560825	
  0.373050	  0.284779	  0.165954	  0.176216	
  0.318316	  0.178225	  0.258022	  0.245438	

URL http://cisbp.ccbr.utoronto.ca/TFreport.php?versionNumber=2.00&searchTF=T064654_2.00

MOTIF M01149_2.00 (MCYG_04996)_(Neurospora_crassa)_(DBD_0.63)

letter-probability matrix: alength= 4 w= 9 nsites= 1 E= 0
  0.149485	  0.147997	  0.521753	  0.180764	
  0.379282	  0.477364	  0.085480	  0.057875	
  0.061907	  0.008050	  0.062529	  0.867514	
  0.009615	  0.034581	  0.392797	  0.563008	
  0.874632	  0.003267	  0.078555	  0.043545	
  0.057918	  0.566249	  0.216813	  0.159021	
  0.259677	  0.177583	  0.232627	  0.330114	
  0.459187	  0.184834	  0.101439	  0.254540	
  0.635165	  0.119568	  0.125698	  0.119568	

URL http://cisbp.ccbr.utoronto.ca/TFreport.php?versionNumber=2.00&searchTF=T064665_2.00

MOTIF M01151_2.00 (MCYG_06105)_(Neurospora_crassa)_(DBD_0.49)

letter-probability matrix: alength= 4 w= 8 nsites= 1 E= 0
  0.897410	  0.000996	  0.000996	  0.100598	
  0.071937	  0.214387	  0.570513	  0.143162	
  0.000712	  0.000712	  0.000712	  0.997863	
  0.855413	  0.000712	  0.071937	  0.071937	
  0.926638	  0.000712	  0.071937	  0.000712	
  0.000712	  0.000712	  0.000712	  0.997863	
  0.091486	  0.906703	  0.000906	  0.000906	
  0.996269	  0.001244	  0.001244	  0.001244	

URL http://cisbp.ccbr.utoronto.ca/TFreport.php?versionNumber=2.00&searchTF=T064666_2.00

MOTIF M01175_2.00 (MCYG_07723)_(Fusarium_graminearum)_(DBD_0.91)

letter-probability matrix: alength= 4 w= 10 nsites= 1 E= 0
  0.226792	  0.260873	  0.240816	  0.271519	
  0.262036	  0.208196	  0.343258	  0.186510	
  0.199991	  0.313648	  0.353637	  0.132724	
  0.279505	  0.133356	  0.519579	  0.067560	
  0.005203	  0.113207	  0.853393	  0.028197	
  0.000288	  0.959092	  0.037939	  0.002680	
  0.026664	  0.000132	  0.158112	  0.815093	
  0.155695	  0.090731	  0.663746	  0.089828	
  0.399424	  0.156026	  0.265078	  0.179473	
  0.266808	  0.234283	  0.289030	  0.209879	

URL http://cisbp.ccbr.utoronto.ca/TFreport.php?versionNumber=2.00&searchTF=T123100_2.00

MOTIF M01178_2.00 (MCYG_04721)_(Histoplasma_capsulatum)_(DBD_0.83)

letter-probability matrix: alength= 4 w= 10 nsites= 1 E= 0
  0.416285	  0.183345	  0.380456	  0.019913	
  0.664279	  0.131460	  0.026808	  0.177452	
  0.000106	  0.000010	  0.010353	  0.989531	
  0.000620	  0.973878	  0.000190	  0.025312	
  0.016845	  0.966850	  0.016184	  0.000121	
  0.104347	  0.160408	  0.116480	  0.618764	
  0.257094	  0.157503	  0.216902	  0.368501	
  0.148690	  0.446689	  0.164328	  0.240294	
  0.250703	  0.271583	  0.266205	  0.211509	
  0.284612	  0.223884	  0.265370	  0.226134	

URL http://cisbp.ccbr.utoronto.ca/TFreport.php?versionNumber=2.00&searchTF=T123081_2.00

MOTIF M01179_2.00 (MCYG_07072)_(Histoplasma_capsulatum)_(DBD_0.85)

letter-probability matrix: alength= 4 w= 10 nsites= 1 E= 0
  0.189259	  0.147395	  0.479679	  0.183666	
  0.363992	  0.251422	  0.232091	  0.152495	
  0.098752	  0.153332	  0.100747	  0.647169	
  0.150498	  0.000229	  0.848908	  0.000366	
  0.002184	  0.983339	  0.000167	  0.014310	
  0.002598	  0.986913	  0.010325	  0.000164	
  0.036529	  0.037642	  0.056155	  0.869674	
  0.142295	  0.097310	  0.427477	  0.332919	
  0.712421	  0.080533	  0.181031	  0.026015	
  0.192284	  0.272864	  0.214643	  0.320209	

URL http://cisbp.ccbr.utoronto.ca/TFreport.php?versionNumber=2.00&searchTF=T123096_2.00

MOTIF M01186_2.00 (MCYG_03934)_(Schizosaccharomyces_pombe)_(DBD_0.78)

letter-probability matrix: alength= 4 w= 10 nsites= 1 E= 0
  0.256395	  0.163485	  0.193779	  0.386341	
  0.391732	  0.188779	  0.204502	  0.214987	
  0.022499	  0.937723	  0.013111	  0.026668	
  0.007099	  0.880037	  0.004015	  0.108849	
  0.000048	  0.996330	  0.002545	  0.001077	
  0.006410	  0.990227	  0.000453	  0.002909	
  0.208754	  0.040494	  0.529089	  0.221663	
  0.056743	  0.896529	  0.002093	  0.044636	
  0.382669	  0.216409	  0.131259	  0.269663	
  0.165510	  0.379566	  0.141038	  0.313886	

URL http://cisbp.ccbr.utoronto.ca/TFreport.php?versionNumber=2.00&searchTF=T123080_2.00

MOTIF M01188_2.00 (MCYG_05955)_(Histoplasma_capsulatum)_(DBD_0.93)

letter-probability matrix: alength= 4 w= 10 nsites= 1 E= 0
  0.250396	  0.126855	  0.193068	  0.429681	
  0.116296	  0.218359	  0.516017	  0.149327	
  0.851665	  0.122388	  0.005513	  0.020434	
  0.009865	  0.002942	  0.981444	  0.005749	
  0.000197	  0.998341	  0.000020	  0.001442	
  0.000475	  0.997320	  0.001887	  0.000318	
  0.002116	  0.084723	  0.533460	  0.379701	
  0.009782	  0.963452	  0.002946	  0.023820	
  0.574383	  0.151911	  0.141641	  0.132065	
  0.279655	  0.233587	  0.151951	  0.334807	

URL http://cisbp.ccbr.utoronto.ca/TFreport.php?versionNumber=2.00&searchTF=T123088_2.00

MOTIF M01192_2.00 (MCYG_05581)_(Neurospora_crassa)_(DBD_0.80)

letter-probability matrix: alength= 4 w= 8 nsites= 1 E= 0
  0.238098	  0.442125	  0.231298	  0.088479	
  0.005803	  0.971099	  0.005803	  0.017295	
  0.000055	  0.933916	  0.000055	  0.065975	
  0.000055	  0.988849	  0.000055	  0.011042	
  0.005548	  0.884476	  0.000055	  0.109921	
  0.022150	  0.016626	  0.011103	  0.950122	
  0.246270	  0.000075	  0.447702	  0.305953	
  0.547243	  0.042193	  0.147412	  0.263152	

URL http://cisbp.ccbr.utoronto.ca/TFreport.php?versionNumber=2.00&searchTF=T123086_2.00

MOTIF M01193_2.00 (MCYG_05824)_(Neurospora_crassa)_(DBD_0.89)

letter-probability matrix: alength= 4 w= 10 nsites= 1 E= 0
  0.171974	  0.307153	  0.259134	  0.261738	
  0.176120	  0.141339	  0.539781	  0.142760	
  0.201468	  0.325587	  0.241201	  0.231743	
  0.242179	  0.354135	  0.186733	  0.216953	
  0.187486	  0.174811	  0.494579	  0.143123	
  0.781029	  0.071565	  0.138464	  0.008941	
  0.008899	  0.010236	  0.050195	  0.930671	
  0.046751	  0.849653	  0.086906	  0.016690	
  0.257316	  0.290123	  0.290123	  0.162439	
  0.191340	  0.312327	  0.250648	  0.245685	

URL http://cisbp.ccbr.utoronto.ca/TFreport.php?versionNumber=2.00&searchTF=T123087_2.00

MOTIF M01235_2.00 (MCYG_00112)_(Neurospora_crassa)_(DBD_0.92)

letter-probability matrix: alength= 4 w= 11 nsites= 1 E= 0
  0.224507	  0.326478	  0.224507	  0.224507	
  0.203126	  0.299039	  0.391867	  0.105967	
  0.225223	  0.724938	  0.024920	  0.024920	
  0.000216	  0.000216	  0.999351	  0.000216	
  0.999351	  0.000216	  0.000216	  0.000216	
  0.000216	  0.000216	  0.000216	  0.999351	
  0.000216	  0.999351	  0.000216	  0.000216	
  0.000216	  0.000216	  0.897514	  0.102053	
  0.347248	  0.117812	  0.509230	  0.025709	
  0.144249	  0.144249	  0.144249	  0.567252	
  0.225297	  0.324110	  0.225297	  0.225297	

URL http://cisbp.ccbr.utoronto.ca/TFreport.php?versionNumber=2.00&searchTF=T194094_2.00

MOTIF M01237_2.00 (MCYG_03654)_(Neurospora_crassa)_(DBD_0.80)

letter-probability matrix: alength= 4 w= 8 nsites= 1 E= 0
  0.227143	  0.251032	  0.238789	  0.283037	
  0.422687	  0.229667	  0.067130	  0.280516	
  0.086439	  0.059112	  0.811951	  0.042497	
  0.921225	  0.000266	  0.017214	  0.061295	
  0.095561	  0.028212	  0.030869	  0.845358	
  0.509100	  0.209065	  0.076911	  0.204925	
  0.563117	  0.107070	  0.130776	  0.199036	
  0.224323	  0.222091	  0.373563	  0.180023	

URL http://cisbp.ccbr.utoronto.ca/TFreport.php?versionNumber=2.00&searchTF=T194097_2.00

MOTIF M01271_2.00 (MCYG_05889)_(Aspergillus_nidulans)_(DBD_0.83)

letter-probability matrix: alength= 4 w= 9 nsites= 1 E= 0
  0.209526	  0.195361	  0.099968	  0.495145	
  0.470138	  0.145915	  0.285153	  0.098793	
  0.320647	  0.221482	  0.070129	  0.387742	
  0.021126	  0.014447	  0.000991	  0.963436	
  0.999769	  0.000052	  0.000057	  0.000122	
  0.114475	  0.033460	  0.031198	  0.820866	
  0.632245	  0.066638	  0.108775	  0.192342	
  0.216576	  0.142300	  0.472454	  0.168669	
  0.193504	  0.285801	  0.345605	  0.175089	

URL http://cisbp.ccbr.utoronto.ca/TFreport.php?versionNumber=2.00&searchTF=T274353_2.00

MOTIF M01332_2.00 (MCYG_03587)_(Aspergillus_nidulans)_(DBD_0.90)

letter-probability matrix: alength= 4 w= 7 nsites= 1 E= 0
  0.285553	  0.253263	  0.178471	  0.282712	
  0.146269	  0.193532	  0.067050	  0.593149	
  0.000011	  0.999265	  0.000000	  0.000724	
  0.000041	  0.043938	  0.956021	  0.000000	
  0.001665	  0.005696	  0.972358	  0.020282	
  0.223568	  0.301785	  0.298782	  0.175865	
  0.372727	  0.176064	  0.177833	  0.273376	

URL http://cisbp.ccbr.utoronto.ca/TFreport.php?versionNumber=2.00&searchTF=T374124_2.00

MOTIF M01340_2.00 (MCYG_08515)_(Aspergillus_nidulans)_(DBD_0.71)

letter-probability matrix: alength= 4 w= 10 nsites= 1 E= 0
  0.046433	  0.869579	  0.021933	  0.062054	
  0.000057	  0.044343	  0.955224	  0.000376	
  0.019614	  0.061329	  0.903473	  0.015584	
  0.469129	  0.204564	  0.212912	  0.113395	
  0.236270	  0.166496	  0.448081	  0.149153	
  0.629100	  0.156693	  0.117248	  0.096959	
  0.171324	  0.370020	  0.255585	  0.203071	
  0.414654	  0.023276	  0.013429	  0.548641	
  0.265093	  0.022876	  0.026578	  0.685453	
  0.358183	  0.156185	  0.097616	  0.388015	

URL http://cisbp.ccbr.utoronto.ca/TFreport.php?versionNumber=2.00&searchTF=T374175_2.00

MOTIF M01343_2.00 (MCYG_00067)_(Aspergillus_nidulans)_(DBD_0.78)

letter-probability matrix: alength= 4 w= 10 nsites= 1 E= 0
  0.311791	  0.213222	  0.255273	  0.219715	
  0.219752	  0.245305	  0.282168	  0.252775	
  0.152362	  0.471662	  0.101115	  0.274860	
  0.047096	  0.226375	  0.073127	  0.653402	
  0.008170	  0.973139	  0.013881	  0.004809	
  0.000595	  0.006364	  0.992893	  0.000148	
  0.012469	  0.093999	  0.271316	  0.622215	
  0.618934	  0.019453	  0.286575	  0.075038	
  0.270230	  0.125120	  0.026823	  0.577827	
  0.308082	  0.221487	  0.108893	  0.361538	

URL http://cisbp.ccbr.utoronto.ca/TFreport.php?versionNumber=2.00&searchTF=T374087_2.00

MOTIF M01344_2.00 (MCYG_06509)_(Aspergillus_nidulans)_(DBD_0.90)

letter-probability matrix: alength= 4 w= 8 nsites= 1 E= 0
  0.561721	  0.062968	  0.187656	  0.187656	
  0.040335	  0.120208	  0.000399	  0.839058	
  0.000344	  0.998967	  0.000344	  0.000344	
  0.000344	  0.998967	  0.000344	  0.000344	
  0.000344	  0.000344	  0.998967	  0.000344	
  0.000357	  0.000357	  0.998930	  0.000357	
  0.927603	  0.000357	  0.071683	  0.000357	
  0.726407	  0.136570	  0.091198	  0.045826	

URL http://cisbp.ccbr.utoronto.ca/TFreport.php?versionNumber=2.00&searchTF=T374157_2.00

MOTIF M01347_2.00 (MCYG_05706)_(Aspergillus_nidulans)_(DBD_0.69)

letter-probability matrix: alength= 4 w= 10 nsites= 1 E= 0
  0.276614	  0.198864	  0.176377	  0.348146	
  0.415053	  0.107598	  0.357239	  0.120110	
  0.381929	  0.071182	  0.328729	  0.218161	
  0.477788	  0.018342	  0.016431	  0.487440	
  0.074349	  0.549368	  0.163820	  0.212463	
  0.110522	  0.655382	  0.185902	  0.048193	
  0.003526	  0.972880	  0.019111	  0.004483	
  0.000265	  0.984507	  0.015213	  0.000015	
  0.000495	  0.000042	  0.989614	  0.009848	
  0.477462	  0.131431	  0.267330	  0.123777	

URL http://cisbp.ccbr.utoronto.ca/TFreport.php?versionNumber=2.00&searchTF=T374145_2.00

MOTIF M01359_2.00 (MCYG_06710)_(Aspergillus_nidulans)_(DBD_0.92)

letter-probability matrix: alength= 4 w= 10 nsites= 1 E= 0
  0.195863	  0.277942	  0.259152	  0.267044	
  0.187686	  0.312551	  0.193401	  0.306362	
  0.132189	  0.226838	  0.094089	  0.546884	
  0.000041	  0.999957	  0.000001	  0.000001	
  0.000177	  0.048790	  0.951014	  0.000019	
  0.010511	  0.011970	  0.965306	  0.012212	
  0.298813	  0.340296	  0.186759	  0.174133	
  0.249660	  0.242281	  0.347269	  0.160790	
  0.315893	  0.175108	  0.205491	  0.303507	
  0.308164	  0.160876	  0.154568	  0.376392	

URL http://cisbp.ccbr.utoronto.ca/TFreport.php?versionNumber=2.00&searchTF=T374161_2.00

MOTIF M01363_2.00 (MCYG_05808)_(Aspergillus_nidulans)_(DBD_0.82)

letter-probability matrix: alength= 4 w= 10 nsites= 1 E= 0
  0.192312	  0.310791	  0.204204	  0.292692	
  0.144699	  0.176736	  0.147622	  0.530943	
  0.006163	  0.981007	  0.001932	  0.010898	
  0.003713	  0.045691	  0.945682	  0.004913	
  0.013524	  0.083469	  0.875222	  0.027784	
  0.217300	  0.446429	  0.114581	  0.221690	
  0.232257	  0.157251	  0.472409	  0.138082	
  0.260928	  0.233748	  0.233748	  0.271576	
  0.263594	  0.224620	  0.176692	  0.335094	
  0.276312	  0.200643	  0.235457	  0.287588	

URL http://cisbp.ccbr.utoronto.ca/TFreport.php?versionNumber=2.00&searchTF=T374147_2.00

MOTIF M01380_2.00 (MCYG_08296)_(Aspergillus_nidulans)_(DBD_0.64)

letter-probability matrix: alength= 4 w= 10 nsites= 1 E= 0
  0.143700	  0.371568	  0.145145	  0.339587	
  0.164070	  0.713580	  0.082294	  0.040057	
  0.000112	  0.037654	  0.961456	  0.000778	
  0.003033	  0.082233	  0.897453	  0.017280	
  0.138120	  0.307392	  0.390772	  0.163715	
  0.252852	  0.037819	  0.035616	  0.673713	
  0.868635	  0.013694	  0.027029	  0.090642	
  0.265995	  0.161334	  0.047631	  0.525041	
  0.189981	  0.225185	  0.117557	  0.467277	
  0.250872	  0.218097	  0.356004	  0.175027	

URL http://cisbp.ccbr.utoronto.ca/TFreport.php?versionNumber=2.00&searchTF=T374172_2.00

MOTIF M01390_2.00 (MCYG_05833)_(Aspergillus_nidulans)_(DBD_0.50)

letter-probability matrix: alength= 4 w= 8 nsites= 1 E= 0
  0.190589	  0.380703	  0.380703	  0.048004	
  0.000277	  0.000277	  0.000277	  0.999168	
  0.000277	  0.999168	  0.000277	  0.000277	
  0.000277	  0.000277	  0.999168	  0.000277	
  0.000277	  0.139012	  0.860433	  0.000277	
  0.000277	  0.721698	  0.028024	  0.250000	
  0.200057	  0.000285	  0.000285	  0.799372	
  0.922043	  0.038786	  0.038786	  0.000384	

URL http://cisbp.ccbr.utoronto.ca/TFreport.php?versionNumber=2.00&searchTF=T374149_2.00

MOTIF M01400_2.00 (MCYG_02108)_(Aspergillus_nidulans)_(DBD_0.76)

letter-probability matrix: alength= 4 w= 10 nsites= 1 E= 0
  0.194709	  0.302326	  0.302326	  0.200639	
  0.262736	  0.219455	  0.412052	  0.105757	
  0.044857	  0.025623	  0.857029	  0.072492	
  0.000091	  0.979449	  0.000030	  0.020430	
  0.005534	  0.000021	  0.993185	  0.001260	
  0.069644	  0.447372	  0.324859	  0.158126	
  0.108194	  0.312288	  0.166322	  0.413197	
  0.369512	  0.048047	  0.036678	  0.545762	
  0.507538	  0.188589	  0.181194	  0.122679	
  0.261951	  0.249175	  0.234665	  0.254209	

URL http://cisbp.ccbr.utoronto.ca/TFreport.php?versionNumber=2.00&searchTF=T374108_2.00

MOTIF M01421_2.00 (MCYG_05794)_(Neurospora_crassa)_(DBD_0.74)

letter-probability matrix: alength= 4 w= 8 nsites= 1 E= 0
  0.561185	  0.157959	  0.157959	  0.122896	
  0.154807	  0.678367	  0.071514	  0.095312	
  0.040902	  0.020502	  0.357099	  0.581497	
  0.000093	  0.953443	  0.046372	  0.000093	
  0.000092	  0.045946	  0.953870	  0.000092	
  0.000093	  0.990466	  0.009348	  0.000093	
  0.000093	  0.018604	  0.971955	  0.009348	
  0.690267	  0.154807	  0.083413	  0.071514	

URL http://cisbp.ccbr.utoronto.ca/TFreport.php?versionNumber=2.00&searchTF=T374146_2.00

MOTIF M01448_2.00 (MCYG_06457)_(Histoplasma_capsulatum)_(DBD_0.97)

letter-probability matrix: alength= 4 w= 10 nsites= 1 E= 0
  0.199492	  0.067072	  0.668993	  0.064443	
  0.146539	  0.259120	  0.082871	  0.511470	
  0.121144	  0.778198	  0.044566	  0.056091	
  0.172916	  0.615729	  0.036701	  0.174654	
  0.154373	  0.033763	  0.720086	  0.091778	
  0.216730	  0.046930	  0.051865	  0.684475	
  0.010124	  0.014082	  0.948547	  0.027247	
  0.029134	  0.881758	  0.023616	  0.065491	
  0.232021	  0.078793	  0.501112	  0.188073	
  0.095693	  0.391955	  0.194639	  0.317713	

URL http://cisbp.ccbr.utoronto.ca/TFreport.php?versionNumber=2.00&searchTF=T123093_2.00

MOTIF M01450_2.00 (MCYG_05256)_(Histoplasma_capsulatum)_(DBD_0.90)

letter-probability matrix: alength= 4 w= 8 nsites= 1 E= 0
  0.332237	  0.003289	  0.003289	  0.661184	
  0.332237	  0.003289	  0.003289	  0.661184	
  0.003289	  0.003289	  0.003289	  0.990132	
  0.003289	  0.003289	  0.003289	  0.990132	
  0.003289	  0.003289	  0.003289	  0.990132	
  0.003289	  0.003289	  0.003289	  0.990132	
  0.003289	  0.003289	  0.003289	  0.990132	
  0.003289	  0.003289	  0.003289	  0.990132	

URL http://cisbp.ccbr.utoronto.ca/TFreport.php?versionNumber=2.00&searchTF=T123084_2.00

MOTIF M01474_2.00 (MCYG_03048)_(Neurospora_crassa)_(DBD_0.96)

letter-probability matrix: alength= 4 w= 10 nsites= 1 E= 0
  0.182660	  0.313445	  0.223101	  0.280795	
  0.189292	  0.109212	  0.530218	  0.171278	
  0.198474	  0.320749	  0.212865	  0.267912	
  0.293861	  0.334657	  0.195021	  0.176462	
  0.157266	  0.177317	  0.548912	  0.116505	
  0.974295	  0.000972	  0.024088	  0.000645	
  0.003870	  0.000302	  0.000238	  0.995590	
  0.098639	  0.736176	  0.088364	  0.076820	
  0.302958	  0.276883	  0.250534	  0.169626	
  0.173810	  0.307342	  0.232284	  0.286564	

URL http://cisbp.ccbr.utoronto.ca/TFreport.php?versionNumber=2.00&searchTF=T123077_2.00

MOTIF M01541_2.00 (MCYG_01013)_(Saccharomyces_cerevisiae)_(DBD_0.63)

letter-probability matrix: alength= 4 w= 10 nsites= 1 E= 0
  0.333384	  0.186661	  0.227988	  0.251966	
  0.243491	  0.236295	  0.191537	  0.328678	
  0.290403	  0.120454	  0.508400	  0.080743	
  0.144493	  0.108119	  0.080096	  0.667293	
  0.665365	  0.230520	  0.042535	  0.061580	
  0.737993	  0.130835	  0.027220	  0.103953	
  0.810160	  0.045026	  0.052312	  0.092502	
  0.087322	  0.613757	  0.079806	  0.219115	
  0.815710	  0.031002	  0.077794	  0.075494	
  0.402874	  0.192217	  0.160553	  0.244356	

URL http://cisbp.ccbr.utoronto.ca/TFreport.php?versionNumber=2.00&searchTF=T188065_2.00

MOTIF M01557_2.00 (MCYG_04979)_(Saccharomyces_cerevisiae)_(DBD_0.73)

letter-probability matrix: alength= 4 w= 8 nsites= 1 E= 0
  0.009615	  0.009615	  0.009615	  0.971154	
  0.009615	  0.009615	  0.009615	  0.971154	
  0.971154	  0.009615	  0.009615	  0.009615	
  0.971154	  0.009615	  0.009615	  0.009615	
  0.009615	  0.009615	  0.009615	  0.971154	
  0.971154	  0.009615	  0.009615	  0.009615	
  0.971154	  0.009615	  0.009615	  0.009615	
  0.971154	  0.009615	  0.009615	  0.009615	

URL http://cisbp.ccbr.utoronto.ca/TFreport.php?versionNumber=2.00&searchTF=T254642_2.00

MOTIF M01558_2.00 (MCYG_00593)_(Saccharomyces_cerevisiae)_(DBD_0.88)

letter-probability matrix: alength= 4 w= 10 nsites= 1 E= 0
  0.112022	  0.583295	  0.081344	  0.223339	
  0.214189	  0.229719	  0.346145	  0.209947	
  0.417547	  0.152079	  0.229155	  0.201220	
  0.584466	  0.060382	  0.129114	  0.226037	
  0.385008	  0.091219	  0.093997	  0.429776	
  0.301324	  0.230024	  0.179143	  0.289509	
  0.257339	  0.273252	  0.284403	  0.185007	
  0.278132	  0.034747	  0.644255	  0.042867	
  0.109929	  0.000794	  0.742363	  0.146913	
  0.392464	  0.185387	  0.181716	  0.240434	

URL http://cisbp.ccbr.utoronto.ca/TFreport.php?versionNumber=2.00&searchTF=T254641_2.00

MOTIF M01566_2.00 (MCYG_05548)_(Saccharomyces_cerevisiae)_(DBD_0.68)

letter-probability matrix: alength= 4 w= 8 nsites= 1 E= 0
  0.270726	  0.299198	  0.159350	  0.270726	
  0.171103	  0.404343	  0.058690	  0.365865	
  0.701225	  0.048078	  0.204963	  0.045733	
  0.053179	  0.447494	  0.090348	  0.408979	
  0.407307	  0.049381	  0.055677	  0.487635	
  0.525518	  0.097943	  0.128302	  0.248237	
  0.510778	  0.094249	  0.117441	  0.277532	
  0.343791	  0.175921	  0.275898	  0.204391	

URL http://cisbp.ccbr.utoronto.ca/TFreport.php?versionNumber=2.00&searchTF=T331234_2.00

MOTIF M01567_2.00 (MCYG_00725)_(Saccharomyces_cerevisiae)_(DBD_0.92)

letter-probability matrix: alength= 4 w= 7 nsites= 1 E= 0
  0.315311	  0.189343	  0.207174	  0.288172	
  0.345705	  0.141966	  0.211788	  0.300541	
  0.271982	  0.110580	  0.155359	  0.462079	
  0.583542	  0.000869	  0.110954	  0.304636	
  0.219565	  0.006434	  0.188981	  0.585020	
  0.934996	  0.000354	  0.051964	  0.012687	
  0.422777	  0.000471	  0.095282	  0.481470	

URL http://cisbp.ccbr.utoronto.ca/TFreport.php?versionNumber=2.00&searchTF=T342707_2.00

MOTIF M01669_2.00 (MCYG_01846)_(Neurospora_crassa)_(DBD_0.82)

letter-probability matrix: alength= 4 w= 8 nsites= 1 E= 0
  0.327371	  0.206664	  0.278967	  0.186997	
  0.090243	  0.314980	  0.037808	  0.556969	
  0.768095	  0.014210	  0.120773	  0.096923	
  0.116745	  0.111051	  0.072966	  0.699238	
  0.248575	  0.418109	  0.163325	  0.169991	
  0.313613	  0.190216	  0.256765	  0.239406	
  0.283505	  0.241587	  0.275126	  0.199782	
  0.264086	  0.231893	  0.272129	  0.231893	

URL http://cisbp.ccbr.utoronto.ca/TFreport.php?versionNumber=2.00&searchTF=T015232_2.00

MOTIF M01764_2.00 (MCYG_01486)_(Neurospora_crassa)_(DBD_0.83)

letter-probability matrix: alength= 4 w= 8 nsites= 1 E= 0
  0.155399	  0.605464	  0.085285	  0.153853	
  0.482785	  0.126415	  0.223536	  0.167264	
  0.050807	  0.711963	  0.000239	  0.236992	
  0.136010	  0.078471	  0.782682	  0.002837	
  0.112390	  0.135908	  0.000270	  0.751431	
  0.016247	  0.030505	  0.878218	  0.075030	
  0.336463	  0.336463	  0.136796	  0.190278	
  0.171491	  0.348812	  0.205312	  0.274385	

URL http://cisbp.ccbr.utoronto.ca/TFreport.php?versionNumber=2.00&searchTF=T041313_2.00

MOTIF M01791_2.00 (MCYG_00012)_(Aspergillus_nidulans)_(DBD_0.85)

letter-probability matrix: alength= 4 w= 9 nsites= 1 E= 0
  0.248440	  0.175072	  0.312686	  0.263802	
  0.348841	  0.201264	  0.236185	  0.213709	
  0.250961	  0.137730	  0.144792	  0.466518	
  0.192616	  0.159285	  0.330530	  0.317569	
  0.547798	  0.306711	  0.100074	  0.045418	
  0.083480	  0.792037	  0.004829	  0.119654	
  0.161924	  0.013834	  0.778312	  0.045930	
  0.238359	  0.306059	  0.081759	  0.373822	
  0.313093	  0.147894	  0.356559	  0.182454	

URL http://cisbp.ccbr.utoronto.ca/TFreport.php?versionNumber=2.00&searchTF=T064653_2.00

MOTIF M01792_2.00 (MCYG_02590)_(Aspergillus_nidulans)_(DBD_0.77)

letter-probability matrix: alength= 4 w= 10 nsites= 1 E= 0
  0.246840	  0.196081	  0.257201	  0.299878	
  0.404547	  0.230507	  0.142781	  0.222165	
  0.184351	  0.378595	  0.128283	  0.308771	
  0.636412	  0.020156	  0.194119	  0.149314	
  0.177436	  0.522892	  0.092598	  0.207075	
  0.207075	  0.092598	  0.522892	  0.177436	
  0.149314	  0.194119	  0.020156	  0.636412	
  0.308771	  0.128283	  0.378595	  0.184351	
  0.222165	  0.142781	  0.230507	  0.404547	
  0.299878	  0.257201	  0.196081	  0.246840	

URL http://cisbp.ccbr.utoronto.ca/TFreport.php?versionNumber=2.00&searchTF=T064660_2.00

MOTIF M01793_2.00 (MCYG_02695)_(Aspergillus_nidulans)_(DBD_0.81)

letter-probability matrix: alength= 4 w= 10 nsites= 1 E= 0
  0.145649	  0.150084	  0.513473	  0.190794	
  0.418917	  0.431675	  0.089808	  0.059601	
  0.005884	  0.000005	  0.066837	  0.927274	
  0.023022	  0.048253	  0.291916	  0.636808	
  0.986170	  0.000006	  0.013788	  0.000036	
  0.019732	  0.609267	  0.192916	  0.178084	
  0.220193	  0.096015	  0.341896	  0.341896	
  0.331651	  0.171414	  0.040209	  0.456726	
  0.667716	  0.100873	  0.129524	  0.101887	
  0.435821	  0.122392	  0.214269	  0.227518	

URL http://cisbp.ccbr.utoronto.ca/TFreport.php?versionNumber=2.00&searchTF=T064661_2.00

MOTIF M01833_2.00 (MCYG_00811)_(Neurospora_crassa)_(DBD_0.80)

letter-probability matrix: alength= 4 w= 8 nsites= 1 E= 0
  0.071937	  0.071937	  0.071937	  0.784188	
  0.945903	  0.000525	  0.053046	  0.000525	
  0.053046	  0.893382	  0.000525	  0.053046	
  0.000525	  0.053046	  0.945903	  0.000525	
  0.000525	  0.000525	  0.000525	  0.998424	
  0.893382	  0.053046	  0.000525	  0.053046	
  0.998424	  0.000525	  0.000525	  0.000525	
  0.077454	  0.154141	  0.077454	  0.690951	

URL http://cisbp.ccbr.utoronto.ca/TFreport.php?versionNumber=2.00&searchTF=T064655_2.00

MOTIF M01835_2.00 (MCYG_01281)_(Neurospora_crassa)_(DBD_0.62)

letter-probability matrix: alength= 4 w= 11 nsites= 1 E= 0
  0.227977	  0.227977	  0.316068	  0.227977	
  0.575603	  0.108023	  0.208350	  0.108023	
  0.833557	  0.055481	  0.055481	  0.055481	
  0.000201	  0.000201	  0.089004	  0.910593	
  0.188309	  0.089004	  0.722485	  0.000201	
  0.906520	  0.000201	  0.000201	  0.093078	
  0.183108	  0.539578	  0.089004	  0.188309	
  0.277113	  0.000201	  0.539578	  0.183108	
  0.393952	  0.022224	  0.022224	  0.561601	
  0.236961	  0.363298	  0.257563	  0.142178	
  0.415840	  0.194720	  0.194720	  0.194720	

URL http://cisbp.ccbr.utoronto.ca/TFreport.php?versionNumber=2.00&searchTF=T064656_2.00

MOTIF M01875_2.00 (MCYG_07336)_(Neurospora_crassa)_(DBD_0.87)

letter-probability matrix: alength= 4 w= 10 nsites= 1 E= 0
  0.228420	  0.351141	  0.177894	  0.242545	
  0.217337	  0.230776	  0.167578	  0.384309	
  0.291251	  0.274290	  0.306184	  0.128276	
  0.407416	  0.487765	  0.020902	  0.083917	
  0.011307	  0.002171	  0.977890	  0.008631	
  0.003258	  0.993412	  0.000230	  0.003099	
  0.006106	  0.991595	  0.001681	  0.000618	
  0.794394	  0.076522	  0.038382	  0.090702	
  0.006716	  0.948091	  0.008797	  0.036396	
  0.558969	  0.132435	  0.173485	  0.135111	

URL http://cisbp.ccbr.utoronto.ca/TFreport.php?versionNumber=2.00&searchTF=T123097_2.00

MOTIF M01890_2.00 (MCYG_01140)_(Neurospora_crassa)_(DBD_0.82)

letter-probability matrix: alength= 4 w= 9 nsites= 1 E= 0
  0.139493	  0.644202	  0.059028	  0.157278	
  0.296341	  0.087489	  0.081574	  0.534596	
  0.231240	  0.296918	  0.315279	  0.156563	
  0.456611	  0.443116	  0.004322	  0.095950	
  0.013386	  0.000000	  0.986535	  0.000079	
  0.000000	  0.999883	  0.000000	  0.000117	
  0.184719	  0.811461	  0.000402	  0.003417	
  0.462362	  0.136503	  0.094288	  0.306847	
  0.079462	  0.599012	  0.057701	  0.263824	

URL http://cisbp.ccbr.utoronto.ca/TFreport.php?versionNumber=2.00&searchTF=T123070_2.00

MOTIF M01899_2.00 (MCYG_00903)_(Neurospora_crassa)_(DBD_0.71)

letter-probability matrix: alength= 4 w= 8 nsites= 1 E= 0
  0.231768	  0.294635	  0.169989	  0.303608	
  0.395415	  0.053514	  0.428348	  0.122724	
  0.062550	  0.031374	  0.195579	  0.710497	
  0.048815	  0.896093	  0.001679	  0.053412	
  0.928803	  0.004544	  0.030997	  0.035655	
  0.059153	  0.880185	  0.004954	  0.055708	
  0.447040	  0.156436	  0.268445	  0.128079	
  0.193758	  0.332490	  0.178861	  0.294892	

URL http://cisbp.ccbr.utoronto.ca/TFreport.php?versionNumber=2.00&searchTF=T162108_2.00

MOTIF M01992_2.00 (MCYG_01946)_(Neurospora_crassa)_(DBD_0.73)

letter-probability matrix: alength= 4 w= 8 nsites= 1 E= 0
  0.570513	  0.071937	  0.356838	  0.000712	
  0.059272	  0.000587	  0.000587	  0.939554	
  0.939554	  0.059272	  0.000587	  0.000587	
  0.998239	  0.000587	  0.000587	  0.000587	
  0.998239	  0.000587	  0.000587	  0.000587	
  0.000587	  0.880869	  0.000587	  0.117958	
  0.998239	  0.000587	  0.000587	  0.000587	
  0.499004	  0.200199	  0.000996	  0.299801	

URL http://cisbp.ccbr.utoronto.ca/TFreport.php?versionNumber=2.00&searchTF=T188066_2.00

MOTIF M02056_2.00 (MCYG_03787)_(Aspergillus_nidulans)_(DBD_0.86)

letter-probability matrix: alength= 4 w= 10 nsites= 1 E= 0
  0.319451	  0.132503	  0.153946	  0.394100	
  0.366549	  0.108216	  0.116063	  0.409171	
  0.149177	  0.103041	  0.058858	  0.688924	
  0.920084	  0.012237	  0.042286	  0.025393	
  0.100606	  0.057467	  0.028537	  0.813390	
  0.162886	  0.148867	  0.078496	  0.609751	
  0.229364	  0.060662	  0.500351	  0.209623	
  0.405700	  0.149249	  0.319135	  0.125916	
  0.270129	  0.210377	  0.182893	  0.336602	
  0.273403	  0.198531	  0.151555	  0.376511	

URL http://cisbp.ccbr.utoronto.ca/TFreport.php?versionNumber=2.00&searchTF=T220527_2.00

MOTIF M02225_2.00 (MCYG_05206)_(Neurospora_crassa)_(DBD_0.88)

letter-probability matrix: alength= 4 w= 8 nsites= 1 E= 0
  0.209810	  0.248689	  0.243765	  0.297735	
  0.169404	  0.268348	  0.296570	  0.265678	
  0.128561	  0.266774	  0.173539	  0.431126	
  0.418284	  0.236550	  0.131126	  0.214040	
  0.620568	  0.129106	  0.226022	  0.024304	
  0.203970	  0.136725	  0.099283	  0.560021	
  0.279320	  0.235653	  0.176330	  0.308697	
  0.292088	  0.158706	  0.150966	  0.398240	

URL http://cisbp.ccbr.utoronto.ca/TFreport.php?versionNumber=2.00&searchTF=T220528_2.00

MOTIF M02344_2.00 (MCYG_05302)_(Neurospora_crassa)_(DBD_0.80)

letter-probability matrix: alength= 4 w= 10 nsites= 1 E= 0
  0.336194	  0.172033	  0.275252	  0.216521	
  0.201571	  0.356431	  0.180574	  0.261423	
  0.208098	  0.139493	  0.482032	  0.170377	
  0.686377	  0.101639	  0.050980	  0.161004	
  0.718030	  0.003375	  0.051240	  0.227355	
  0.127876	  0.633374	  0.101602	  0.137148	
  0.204685	  0.270824	  0.242614	  0.281877	
  0.280560	  0.248834	  0.266877	  0.203728	
  0.226410	  0.268365	  0.228686	  0.276538	
  0.269857	  0.218742	  0.210165	  0.301236	

URL http://cisbp.ccbr.utoronto.ca/TFreport.php?versionNumber=2.00&searchTF=T274348_2.00

MOTIF M02345_2.00 (MCYG_03687)_(Neurospora_crassa)_(DBD_0.85)

letter-probability matrix: alength= 4 w= 8 nsites= 1 E= 0
  0.640274	  0.022574	  0.067498	  0.269654	
  0.381311	  0.000085	  0.618519	  0.000085	
  0.008276	  0.991560	  0.000082	  0.000082	
  0.000082	  0.999754	  0.000082	  0.000082	
  0.000082	  0.999754	  0.000082	  0.000082	
  0.000083	  0.016606	  0.000083	  0.983229	
  0.782377	  0.043568	  0.163081	  0.010973	
  0.365006	  0.174651	  0.285692	  0.174651	

URL http://cisbp.ccbr.utoronto.ca/TFreport.php?versionNumber=2.00&searchTF=T274344_2.00

MOTIF M02491_2.00 (MCYG_01459)_(Neurospora_crassa)_(DBD_0.52)

letter-probability matrix: alength= 4 w= 8 nsites= 1 E= 0
  0.001106	  0.222345	  0.001106	  0.775442	
  0.071937	  0.926638	  0.000712	  0.000712	
  0.071937	  0.000712	  0.000712	  0.926638	
  0.000712	  0.000712	  0.000712	  0.997863	
  0.000712	  0.000712	  0.000712	  0.997863	
  0.000712	  0.000712	  0.997863	  0.000712	
  0.000712	  0.000712	  0.000712	  0.997863	
  0.001106	  0.332965	  0.001106	  0.664823	

URL http://cisbp.ccbr.utoronto.ca/TFreport.php?versionNumber=2.00&searchTF=T331232_2.00

MOTIF M02573_2.00 (MCYG_04594)_(Aspergillus_nidulans)_(DBD_0.90)

letter-probability matrix: alength= 4 w= 10 nsites= 1 E= 0
  0.199473	  0.363464	  0.207614	  0.229449	
  0.163128	  0.226906	  0.183926	  0.426040	
  0.047890	  0.861695	  0.034775	  0.055640	
  0.000061	  0.016951	  0.982741	  0.000247	
  0.000050	  0.043803	  0.943597	  0.012550	
  0.163570	  0.336044	  0.225257	  0.275129	
  0.353414	  0.142258	  0.085425	  0.418903	
  0.391489	  0.200328	  0.221397	  0.186785	
  0.319597	  0.225216	  0.203784	  0.251404	
  0.250102	  0.204766	  0.260309	  0.284823	

URL http://cisbp.ccbr.utoronto.ca/TFreport.php?versionNumber=2.00&searchTF=T374135_2.00

MOTIF M02578_2.00 (MCYG_06267)_(Histoplasma_capsulatum)_(DBD_0.85)

letter-probability matrix: alength= 4 w= 12 nsites= 1 E= 0
  0.205760	  0.382721	  0.205760	  0.205760	
  0.180695	  0.457914	  0.180695	  0.180695	
  0.238921	  0.138615	  0.575977	  0.046486	
  0.758992	  0.025490	  0.097900	  0.117619	
  0.000092	  0.092221	  0.000092	  0.907595	
  0.000092	  0.999724	  0.000092	  0.000092	
  0.000092	  0.000092	  0.999724	  0.000092	
  0.000092	  0.000092	  0.999724	  0.000092	
  0.411208	  0.145923	  0.398536	  0.044332	
  0.149726	  0.170988	  0.609890	  0.069397	
  0.203606	  0.203606	  0.305197	  0.287592	
  0.326193	  0.224602	  0.224602	  0.224602	

URL http://cisbp.ccbr.utoronto.ca/TFreport.php?versionNumber=2.00&searchTF=T374152_2.00

MOTIF M02579_2.00 (MCYG_00576)_(Histoplasma_capsulatum)_(DBD_1.00)

letter-probability matrix: alength= 4 w= 10 nsites= 1 E= 0
  0.227355	  0.239012	  0.264149	  0.269485	
  0.248966	  0.246488	  0.232134	  0.272412	
  0.280790	  0.170308	  0.342958	  0.205945	
  0.000313	  0.981346	  0.000186	  0.018155	
  0.000017	  0.000051	  0.999832	  0.000100	
  0.001544	  0.000001	  0.996570	  0.001886	
  0.272508	  0.210117	  0.356975	  0.160399	
  0.388034	  0.183294	  0.077563	  0.351108	
  0.314532	  0.223875	  0.237718	  0.223875	
  0.270900	  0.252586	  0.265536	  0.210977	

URL http://cisbp.ccbr.utoronto.ca/TFreport.php?versionNumber=2.00&searchTF=T374095_2.00

MOTIF M02588_2.00 (MCYG_03841)_(Neurospora_crassa)_(DBD_0.92)

letter-probability matrix: alength= 4 w= 7 nsites= 1 E= 0
  0.255487	  0.235845	  0.217712	  0.290956	
  0.279181	  0.219611	  0.204764	  0.296444	
  0.260708	  0.255546	  0.240664	  0.243083	
  0.078304	  0.217152	  0.572835	  0.131709	
  0.000009	  0.909640	  0.000060	  0.090292	
  0.006687	  0.000533	  0.992488	  0.000292	
  0.188275	  0.423224	  0.184546	  0.203955	

URL http://cisbp.ccbr.utoronto.ca/TFreport.php?versionNumber=2.00&searchTF=T374128_2.00

MOTIF M02590_2.00 (MCYG_03330)_(Neurospora_crassa)_(DBD_0.82)

letter-probability matrix: alength= 4 w= 9 nsites= 1 E= 0
  0.220869	  0.310309	  0.212209	  0.256613	
  0.192235	  0.375673	  0.127577	  0.304515	
  0.000093	  0.983943	  0.000607	  0.015357	
  0.000216	  0.021661	  0.978024	  0.000099	
  0.005502	  0.000393	  0.987517	  0.006588	
  0.503501	  0.179753	  0.210942	  0.105804	
