MEME version 4

ALPHABET= ACGT

strands: + -

Background letter frequencies (from uniform background):
A 0.25000 C 0.25000 G 0.25000 T 0.25000 

MOTIF M00112_2.00 (ALUE_0002350801)_(Mus_musculus)_(DBD_0.75)

letter-probability matrix: alength= 4 w= 10 nsites= 1 E= 0
  0.000019	  0.999823	  0.000038	  0.000120	
  0.000091	  0.899183	  0.000093	  0.100634	
  0.023042	  0.234469	  0.177208	  0.565281	
  0.107618	  0.390953	  0.394882	  0.106547	
  0.537857	  0.155647	  0.286458	  0.020037	
  0.051649	  0.000023	  0.948115	  0.000213	
  0.000014	  0.000011	  0.999930	  0.000045	
  0.000011	  0.667311	  0.331377	  0.001301	
  0.201422	  0.246017	  0.349115	  0.203446	
  0.598826	  0.108307	  0.129667	  0.163199	

URL http://cisbp.ccbr.utoronto.ca/TFreport.php?versionNumber=2.00&searchTF=T011308_2.00

MOTIF M00157_2.00 (ALUE_0001235101)_(Mus_musculus)_(DBD_0.60)

letter-probability matrix: alength= 4 w= 10 nsites= 1 E= 0
  0.310173	  0.239160	  0.232091	  0.218575	
  0.515468	  0.099991	  0.271802	  0.112739	
  0.100868	  0.708969	  0.159782	  0.030381	
  0.125542	  0.847793	  0.021599	  0.005066	
  0.008511	  0.006180	  0.983769	  0.001539	
  0.001765	  0.005251	  0.990671	  0.002313	
  0.980239	  0.008916	  0.004748	  0.006097	
  0.784086	  0.021000	  0.005390	  0.189525	
  0.330437	  0.069437	  0.572730	  0.027396	
  0.085838	  0.235677	  0.092987	  0.585498	

URL http://cisbp.ccbr.utoronto.ca/TFreport.php?versionNumber=2.00&searchTF=T178326_2.00

MOTIF M00163_2.00 (ALUE_0001375901)_(Mus_musculus)_(DBD_0.73)

letter-probability matrix: alength= 4 w= 8 nsites= 1 E= 0
  0.309467	  0.142959	  0.547336	  0.000238	
  0.295052	  0.000164	  0.000164	  0.704620	
  0.619510	  0.295749	  0.000141	  0.084600	
  0.888534	  0.069545	  0.000139	  0.041782	
  0.999584	  0.000139	  0.000139	  0.000139	
  0.000139	  0.957940	  0.000139	  0.041782	
  0.999572	  0.000143	  0.000143	  0.000143	
  0.660068	  0.132164	  0.056750	  0.151018	

URL http://cisbp.ccbr.utoronto.ca/TFreport.php?versionNumber=2.00&searchTF=T190255_2.00

MOTIF M00182_2.00 (ALUE_0000387101)_(Mus_musculus)_(DBD_0.73)

letter-probability matrix: alength= 4 w= 10 nsites= 1 E= 0
  0.335787	  0.227347	  0.218433	  0.218433	
  0.308956	  0.147407	  0.412898	  0.130739	
  0.384796	  0.046188	  0.524640	  0.044377	
  0.018196	  0.000549	  0.935597	  0.045658	
  0.066096	  0.000114	  0.420360	  0.513429	
  0.127654	  0.379679	  0.101426	  0.391242	
  0.153029	  0.652382	  0.103610	  0.090979	
  0.586362	  0.092198	  0.253139	  0.068302	
  0.307590	  0.259503	  0.198099	  0.234808	
  0.269577	  0.239094	  0.229719	  0.261610	

URL http://cisbp.ccbr.utoronto.ca/TFreport.php?versionNumber=2.00&searchTF=T307939_2.00

MOTIF M00184_2.00 (ALUE_0000465801)_(Mus_musculus)_(DBD_0.81)

letter-probability matrix: alength= 4 w= 8 nsites= 1 E= 0
  0.343561	  0.117844	  0.441142	  0.097453	
  0.519548	  0.010104	  0.465429	  0.004918	
  0.005640	  0.000372	  0.972451	  0.021538	
  0.014119	  0.000182	  0.941551	  0.044147	
  0.004880	  0.014806	  0.031660	  0.948655	
  0.004689	  0.893593	  0.028368	  0.073351	
  0.851749	  0.010668	  0.121182	  0.016400	
  0.304843	  0.304843	  0.152902	  0.237412	

URL http://cisbp.ccbr.utoronto.ca/TFreport.php?versionNumber=2.00&searchTF=T307942_2.00

MOTIF M00188_2.00 (ALUE_0001355401)_(Mus_musculus)_(DBD_0.80)

letter-probability matrix: alength= 4 w= 10 nsites= 1 E= 0
  0.104605	  0.584172	  0.194454	  0.116769	
  0.266268	  0.282733	  0.156727	  0.294272	
  0.098718	  0.112423	  0.073867	  0.714991	
  0.512814	  0.101485	  0.365006	  0.020695	
  0.255170	  0.103744	  0.573599	  0.067487	
  0.184311	  0.457887	  0.038345	  0.319457	
  0.484397	  0.018971	  0.233435	  0.263197	
  0.869982	  0.053972	  0.047869	  0.028176	
  0.021911	  0.904128	  0.002656	  0.071305	
  0.236202	  0.300271	  0.335186	  0.128340	

URL http://cisbp.ccbr.utoronto.ca/TFreport.php?versionNumber=2.00&searchTF=T319154_2.00

MOTIF M00204_2.00 (ALUE_0000539101)_(Mus_musculus)_(DBD_0.61)

letter-probability matrix: alength= 4 w= 8 nsites= 1 E= 0
  0.304046	  0.207925	  0.241575	  0.246455	
  0.316486	  0.182597	  0.261721	  0.239195	
  0.347135	  0.194360	  0.225814	  0.232691	
  0.595861	  0.072967	  0.063434	  0.267738	
  0.078431	  0.503822	  0.228657	  0.189090	
  0.883669	  0.025383	  0.000562	  0.090385	
  0.902298	  0.031975	  0.054869	  0.010858	
  0.182652	  0.063281	  0.042418	  0.711648	

URL http://cisbp.ccbr.utoronto.ca/TFreport.php?versionNumber=2.00&searchTF=T335940_2.00

MOTIF M00214_2.00 (ALUE_0001876201)_(Mus_musculus)_(DBD_0.93)

letter-probability matrix: alength= 4 w= 10 nsites= 1 E= 0
  0.271418	  0.222218	  0.260775	  0.245589	
  0.276412	  0.204771	  0.245155	  0.273662	
  0.272770	  0.221103	  0.251798	  0.254329	
  0.267470	  0.208305	  0.298570	  0.225655	
  0.409172	  0.169718	  0.217922	  0.203189	
  0.328851	  0.083563	  0.116234	  0.471352	
  0.122925	  0.296360	  0.442117	  0.138598	
  0.861430	  0.012662	  0.082154	  0.043754	
  0.852026	  0.047352	  0.093468	  0.007154	
  0.231452	  0.044450	  0.088621	  0.635476	

URL http://cisbp.ccbr.utoronto.ca/TFreport.php?versionNumber=2.00&searchTF=T335951_2.00

MOTIF M00274_2.00 (ALUE_0001748601)_(Homo_sapiens)_(DBD_0.67)

letter-probability matrix: alength= 4 w= 10 nsites= 1 E= 0
  0.274409	  0.271999	  0.277772	  0.175819	
  0.197602	  0.602344	  0.100027	  0.100027	
  0.000118	  0.000118	  0.000118	  0.999646	
  0.999646	  0.000118	  0.000118	  0.000118	
  0.999646	  0.000118	  0.000118	  0.000118	
  0.000118	  0.000118	  0.000118	  0.999646	
  0.000118	  0.999646	  0.000118	  0.000118	
  0.000118	  0.999646	  0.000118	  0.000118	
  0.074299	  0.382765	  0.468638	  0.074299	
  0.343631	  0.257011	  0.249267	  0.150091	

URL http://cisbp.ccbr.utoronto.ca/TFreport.php?versionNumber=2.00&searchTF=T232859_2.00

MOTIF M00284_2.00 (ALUE_0001593501)_(Homo_sapiens)_(DBD_0.61)

letter-probability matrix: alength= 4 w= 8 nsites= 1 E= 0
  0.212142	  0.267001	  0.332704	  0.188153	
  0.181967	  0.331565	  0.248098	  0.238370	
  0.130633	  0.095813	  0.021811	  0.751743	
  0.696930	  0.117529	  0.124796	  0.060745	
  0.798766	  0.051577	  0.039373	  0.110285	
  0.149564	  0.065873	  0.107525	  0.677037	
  0.193150	  0.156564	  0.312144	  0.338142	
  0.343299	  0.116583	  0.360900	  0.179218	

URL http://cisbp.ccbr.utoronto.ca/TFreport.php?versionNumber=2.00&searchTF=T232851_2.00

MOTIF M00290_2.00 (ALUE_0000275401)_(Homo_sapiens)_(DBD_0.88)

letter-probability matrix: alength= 4 w= 8 nsites= 1 E= 0
  0.157555	  0.127712	  0.069392	  0.645340	
  0.632466	  0.076679	  0.146882	  0.143973	
  0.886949	  0.005685	  0.055025	  0.052341	
  0.068959	  0.060553	  0.110335	  0.760153	
  0.143566	  0.126064	  0.153975	  0.576395	
  0.315323	  0.085080	  0.443012	  0.156585	
  0.236009	  0.260830	  0.300026	  0.203135	
  0.240835	  0.263516	  0.226810	  0.268839	

URL http://cisbp.ccbr.utoronto.ca/TFreport.php?versionNumber=2.00&searchTF=T232825_2.00

MOTIF M00346_2.00 (ALUE_0000098101)_(Homo_sapiens)_(DBD_0.74)

letter-probability matrix: alength= 4 w= 10 nsites= 1 E= 0
  0.139888	  0.391835	  0.299119	  0.169159	
  0.019682	  0.000364	  0.804090	  0.175864	
  0.193802	  0.035404	  0.000448	  0.770345	
  0.057920	  0.712707	  0.003703	  0.225669	
  0.962768	  0.036959	  0.000011	  0.000262	
  0.031960	  0.731042	  0.000847	  0.236151	
  0.176323	  0.000067	  0.814289	  0.009321	
  0.016792	  0.450753	  0.513331	  0.019124	
  0.184926	  0.210599	  0.121505	  0.482970	
  0.197814	  0.256551	  0.195846	  0.349788	

URL http://cisbp.ccbr.utoronto.ca/TFreport.php?versionNumber=2.00&searchTF=T312480_2.00

MOTIF M00376_2.00 (ALUE_0000702901)_(Caenorhabditis_elegans)_(DBD_0.95)

letter-probability matrix: alength= 4 w= 10 nsites= 1 E= 0
  0.214617	  0.090818	  0.075102	  0.619463	
  0.069859	  0.360136	  0.209869	  0.360136	
  0.722064	  0.000065	  0.260373	  0.017498	
  0.991898	  0.000023	  0.004261	  0.003818	
  0.000309	  0.000156	  0.977664	  0.021871	
  0.127581	  0.009014	  0.083827	  0.779578	
  0.331797	  0.010325	  0.629247	  0.028632	
  0.038565	  0.396364	  0.362249	  0.202823	
  0.184394	  0.295029	  0.197764	  0.322813	
  0.196154	  0.281154	  0.168832	  0.353860	

URL http://cisbp.ccbr.utoronto.ca/TFreport.php?versionNumber=2.00&searchTF=T232840_2.00

MOTIF M00380_2.00 (ALUE_0001238401)_(Mus_musculus)_(DBD_0.52)

letter-probability matrix: alength= 4 w= 8 nsites= 1 E= 0
  0.197712	  0.294951	  0.128613	  0.378724	
  0.094122	  0.079407	  0.010325	  0.816145	
  0.890434	  0.022015	  0.083238	  0.004313	
  0.994089	  0.000151	  0.000109	  0.005651	
  0.011500	  0.089327	  0.025850	  0.873323	
  0.128510	  0.058910	  0.253662	  0.558919	
  0.589184	  0.038044	  0.310672	  0.062100	
  0.188759	  0.223737	  0.420090	  0.167414	

URL http://cisbp.ccbr.utoronto.ca/TFreport.php?versionNumber=2.00&searchTF=T232845_2.00

MOTIF M00385_2.00 (ALUE_0000330701)_(Mus_musculus)_(DBD_0.81)

letter-probability matrix: alength= 4 w= 8 nsites= 1 E= 0
  0.255055	  0.187069	  0.145689	  0.412187	
  0.156259	  0.305367	  0.217351	  0.321023	
  0.515678	  0.042755	  0.332115	  0.109452	
  0.874267	  0.000203	  0.046219	  0.079312	
  0.114396	  0.028210	  0.706034	  0.151360	
  0.240421	  0.043484	  0.196840	  0.519254	
  0.348669	  0.028336	  0.499757	  0.123239	
  0.135811	  0.293320	  0.330718	  0.240150	

URL http://cisbp.ccbr.utoronto.ca/TFreport.php?versionNumber=2.00&searchTF=T232826_2.00

MOTIF M00393_2.00 (ALUE_0001439701)_(Mus_musculus)_(DBD_0.90)

letter-probability matrix: alength= 4 w= 8 nsites= 1 E= 0
  0.235698	  0.265748	  0.314993	  0.183561	
  0.194613	  0.361771	  0.230676	  0.212940	
  0.142042	  0.092400	  0.025949	  0.739610	
  0.699379	  0.079059	  0.175949	  0.045613	
  0.870945	  0.043362	  0.006683	  0.079010	
  0.058490	  0.192260	  0.064641	  0.684609	
  0.137513	  0.209290	  0.328232	  0.324966	
  0.380775	  0.133247	  0.314885	  0.171093	

URL http://cisbp.ccbr.utoronto.ca/TFreport.php?versionNumber=2.00&searchTF=T232847_2.00

MOTIF M00425_2.00 (ALUE_0001606301)_(Mus_musculus)_(DBD_0.78)

letter-probability matrix: alength= 4 w= 8 nsites= 1 E= 0
  0.177918	  0.245015	  0.196630	  0.380437	
  0.185511	  0.128139	  0.489368	  0.196982	
  0.844182	  0.107594	  0.012408	  0.035815	
  0.079962	  0.206759	  0.066790	  0.646488	
  0.600471	  0.307266	  0.010998	  0.081265	
  0.102580	  0.523557	  0.126551	  0.247311	
  0.201123	  0.352101	  0.245653	  0.201123	
  0.225861	  0.295869	  0.223613	  0.254657	

URL http://cisbp.ccbr.utoronto.ca/TFreport.php?versionNumber=2.00&searchTF=T232852_2.00

MOTIF M00430_2.00 (ALUE_0000842701)_(Mus_musculus)_(DBD_1.00)

letter-probability matrix: alength= 4 w= 7 nsites= 1 E= 0
  0.143815	  0.343274	  0.223303	  0.289608	
  0.074562	  0.321060	  0.036658	  0.567720	
  0.673560	  0.162809	  0.098749	  0.064882	
  0.883750	  0.060593	  0.022069	  0.033588	
  0.044040	  0.070464	  0.000928	  0.884568	
  0.163964	  0.310956	  0.088204	  0.436876	
  0.481574	  0.126098	  0.155564	  0.236763	

URL http://cisbp.ccbr.utoronto.ca/TFreport.php?versionNumber=2.00&searchTF=T232841_2.00

MOTIF M00432_2.00 (ALUE_0002036901)_(Mus_musculus)_(DBD_0.88)

letter-probability matrix: alength= 4 w= 8 nsites= 1 E= 0
  0.233021	  0.233021	  0.237729	  0.296228	
  0.299569	  0.128040	  0.147281	  0.425109	
  0.394212	  0.088845	  0.184360	  0.332583	
  0.791037	  0.010521	  0.120704	  0.077738	
  0.125342	  0.030909	  0.107883	  0.735866	
  0.111249	  0.116952	  0.215243	  0.556556	
  0.502249	  0.069345	  0.330001	  0.098405	
  0.304872	  0.239820	  0.275859	  0.179449	

URL http://cisbp.ccbr.utoronto.ca/TFreport.php?versionNumber=2.00&searchTF=T232862_2.00

MOTIF M00433_2.00 (ALUE_0001765001)_(Mus_musculus)_(DBD_0.73)

letter-probability matrix: alength= 4 w= 9 nsites= 1 E= 0
  0.239869	  0.317378	  0.190584	  0.252168	
  0.133763	  0.050707	  0.022333	  0.793196	
  0.850989	  0.020830	  0.051749	  0.076432	
  0.959274	  0.011777	  0.004509	  0.024439	
  0.324957	  0.077765	  0.136141	  0.461136	
  0.139125	  0.306548	  0.136371	  0.417956	
  0.193728	  0.061958	  0.611831	  0.132483	
  0.201560	  0.269370	  0.319285	  0.209785	
  0.174474	  0.290550	  0.187125	  0.347851	

URL http://cisbp.ccbr.utoronto.ca/TFreport.php?versionNumber=2.00&searchTF=T232860_2.00

MOTIF M00442_2.00 (ALUE_0000444101)_(Mus_musculus)_(DBD_0.61)

letter-probability matrix: alength= 4 w= 10 nsites= 1 E= 0
  0.232947	  0.273366	  0.293187	  0.200499	
  0.212847	  0.340554	  0.181376	  0.265223	
  0.136717	  0.049300	  0.011335	  0.802648	
  0.797526	  0.087489	  0.088368	  0.026616	
  0.889584	  0.000658	  0.045639	  0.064120	
  0.150641	  0.058844	  0.122107	  0.668408	
  0.186789	  0.142591	  0.242253	  0.428367	
  0.315574	  0.091322	  0.456867	  0.136237	
  0.212950	  0.281760	  0.314523	  0.190768	
  0.193573	  0.288776	  0.231748	  0.285903	

URL http://cisbp.ccbr.utoronto.ca/TFreport.php?versionNumber=2.00&searchTF=T232831_2.00

MOTIF M00450_2.00 (ALUE_0001569501)_(Mus_musculus)_(DBD_0.58)

letter-probability matrix: alength= 4 w= 9 nsites= 1 E= 0
  0.196325	  0.259764	  0.216973	  0.326938	
  0.168024	  0.144619	  0.100897	  0.586460	
  0.700378	  0.000665	  0.217374	  0.081583	
  0.964678	  0.000287	  0.006765	  0.028270	
  0.099760	  0.022937	  0.086727	  0.790576	
  0.079382	  0.133523	  0.297160	  0.489935	
  0.592997	  0.034302	  0.309572	  0.063130	
  0.209422	  0.321935	  0.297183	  0.171460	
  0.160609	  0.343427	  0.206226	  0.289737	

URL http://cisbp.ccbr.utoronto.ca/TFreport.php?versionNumber=2.00&searchTF=T232850_2.00

MOTIF M00453_2.00 (ALUE_0000527301)_(Mus_musculus)_(DBD_0.86)

letter-probability matrix: alength= 4 w= 10 nsites= 1 E= 0
  0.292956	  0.212730	  0.247157	  0.247157	
  0.199110	  0.213547	  0.268770	  0.318574	
  0.308532	  0.060450	  0.242700	  0.388318	
  0.885224	  0.000434	  0.056027	  0.058314	
  0.069002	  0.849069	  0.012233	  0.069696	
  0.762058	  0.078730	  0.049701	  0.109511	
  0.312091	  0.226624	  0.087645	  0.373640	
  0.225409	  0.218747	  0.398583	  0.157262	
  0.285673	  0.236240	  0.224718	  0.253369	
  0.255374	  0.231072	  0.219803	  0.293750	

URL http://cisbp.ccbr.utoronto.ca/TFreport.php?versionNumber=2.00&searchTF=T232835_2.00

MOTIF M00461_2.00 (ALUE_0000011401)_(Mus_musculus)_(DBD_0.53)

letter-probability matrix: alength= 4 w= 9 nsites= 1 E= 0
  0.294249	  0.222388	  0.222388	  0.260975	
  0.183480	  0.221873	  0.178057	  0.416591	
  0.075940	  0.132946	  0.517984	  0.273129	
  0.948766	  0.047711	  0.002423	  0.001100	
  0.114207	  0.261913	  0.146644	  0.477236	
  0.526111	  0.349154	  0.000085	  0.124650	
  0.145740	  0.556586	  0.082419	  0.215255	
  0.169751	  0.417520	  0.211523	  0.201207	
  0.257435	  0.267941	  0.217189	  0.257435	

URL http://cisbp.ccbr.utoronto.ca/TFreport.php?versionNumber=2.00&searchTF=T232819_2.00

MOTIF M00462_2.00 (ALUE_0000332401)_(Mus_musculus)_(DBD_0.58)

letter-probability matrix: alength= 4 w= 7 nsites= 1 E= 0
  0.198929	  0.327978	  0.255430	  0.217663	
  0.220805	  0.126126	  0.131273	  0.521797	
  0.509991	  0.118438	  0.182070	  0.189501	
  0.706385	  0.038868	  0.107787	  0.146960	
  0.169953	  0.139146	  0.120967	  0.569934	
  0.143686	  0.234541	  0.190115	  0.431657	
  0.324622	  0.125544	  0.396494	  0.153340	

URL http://cisbp.ccbr.utoronto.ca/TFreport.php?versionNumber=2.00&searchTF=T232827_2.00

MOTIF M00483_2.00 (ALUE_0001129001)_(Mus_musculus)_(DBD_0.91)

letter-probability matrix: alength= 4 w= 7 nsites= 1 E= 0
  0.247356	  0.242458	  0.265291	  0.244895	
  0.187686	  0.245862	  0.203318	  0.363134	
  0.206531	  0.145540	  0.437226	  0.210703	
  0.818609	  0.111900	  0.033704	  0.035788	
  0.126658	  0.170970	  0.099632	  0.602740	
  0.539508	  0.337193	  0.043409	  0.079890	
  0.146793	  0.419484	  0.179294	  0.254430	

URL http://cisbp.ccbr.utoronto.ca/TFreport.php?versionNumber=2.00&searchTF=T232843_2.00

MOTIF M00492_2.00 (ALUE_0000061101)_(Mus_musculus)_(DBD_0.61)

letter-probability matrix: alength= 4 w= 8 nsites= 1 E= 0
  0.183774	  0.159765	  0.141699	  0.514762	
  0.545910	  0.082472	  0.265723	  0.105896	
  0.785895	  0.001415	  0.085355	  0.127335	
  0.099932	  0.061836	  0.107178	  0.731054	
  0.138710	  0.233315	  0.265705	  0.362269	
  0.382301	  0.074159	  0.378497	  0.165043	
  0.254540	  0.267591	  0.320364	  0.157505	
  0.209768	  0.283158	  0.229523	  0.277551	

URL http://cisbp.ccbr.utoronto.ca/TFreport.php?versionNumber=2.00&searchTF=T232820_2.00

MOTIF M00497_2.00 (ALUE_0000405001)_(Mus_musculus)_(DBD_0.72)

letter-probability matrix: alength= 4 w= 9 nsites= 1 E= 0
  0.245645	  0.217868	  0.155072	  0.381415	
  0.155646	  0.286456	  0.182652	  0.375247	
  0.590071	  0.027667	  0.267800	  0.114462	
  0.898778	  0.013079	  0.023360	  0.064783	
  0.070908	  0.007549	  0.728793	  0.192749	
  0.205889	  0.053375	  0.175447	  0.565289	
  0.315679	  0.022081	  0.558205	  0.104035	
  0.130473	  0.305262	  0.324138	  0.240127	
  0.222604	  0.274622	  0.222604	  0.280170	

URL http://cisbp.ccbr.utoronto.ca/TFreport.php?versionNumber=2.00&searchTF=T232828_2.00

MOTIF M00513_2.00 (ALUE_0000182501)_(Mus_musculus)_(DBD_0.91)

letter-probability matrix: alength= 4 w= 9 nsites= 1 E= 0
  0.266112	  0.222276	  0.229045	  0.282568	
  0.237101	  0.188385	  0.227804	  0.346709	
  0.168681	  0.122488	  0.165341	  0.543490	
  0.135910	  0.075339	  0.627657	  0.161095	
  0.670614	  0.096370	  0.100303	  0.132714	
  0.153825	  0.312879	  0.143425	  0.389871	
  0.261540	  0.143536	  0.378641	  0.216283	
  0.251042	  0.207601	  0.277444	  0.263913	
  0.263023	  0.226386	  0.344550	  0.166042	

URL http://cisbp.ccbr.utoronto.ca/TFreport.php?versionNumber=2.00&searchTF=T232821_2.00

MOTIF M00526_2.00 (ALUE_0000405101)_(Mus_musculus)_(DBD_0.79)

letter-probability matrix: alength= 4 w= 8 nsites= 1 E= 0
  0.732048	  0.000665	  0.000665	  0.266622	
  0.050399	  0.000499	  0.000499	  0.948603	
  0.000499	  0.100299	  0.000499	  0.898703	
  0.898703	  0.000499	  0.000499	  0.100299	
  0.948603	  0.000499	  0.000499	  0.050399	
  0.399701	  0.000499	  0.000499	  0.599301	
  0.210609	  0.000525	  0.000525	  0.788340	
  0.732048	  0.000665	  0.200133	  0.067154	

URL http://cisbp.ccbr.utoronto.ca/TFreport.php?versionNumber=2.00&searchTF=T232829_2.00

MOTIF M00587_2.00 (ALUE_0002184101)_(Caenorhabditis_elegans)_(DBD_0.89)

letter-probability matrix: alength= 4 w= 8 nsites= 1 E= 0
  0.074832	  0.102859	  0.037463	  0.784847	
  0.000066	  0.999803	  0.000066	  0.000066	
  0.000066	  0.026375	  0.973494	  0.000066	
  0.592015	  0.032952	  0.374967	  0.000066	
  0.000066	  0.000066	  0.999803	  0.000066	
  0.993225	  0.000066	  0.006643	  0.000066	
  0.140532	  0.280981	  0.363599	  0.214888	
  0.092027	  0.402229	  0.034582	  0.471163	

URL http://cisbp.ccbr.utoronto.ca/TFreport.php?versionNumber=2.00&searchTF=T029185_2.00

MOTIF M00617_2.00 (ALUE_0001029501)_(Caenorhabditis_elegans)_(DBD_0.78)

letter-probability matrix: alength= 4 w= 9 nsites= 1 E= 0
  0.234890	  0.383414	  0.146807	  0.234890	
  0.194417	  0.478190	  0.094633	  0.232760	
  0.522892	  0.361180	  0.059703	  0.056226	
  0.008275	  0.985594	  0.000001	  0.006130	
  0.193067	  0.000000	  0.729993	  0.076941	
  0.000000	  0.999999	  0.000000	  0.000001	
  0.002831	  0.992854	  0.004308	  0.000007	
  0.001012	  0.806139	  0.003752	  0.189096	
  0.354676	  0.233039	  0.084877	  0.327408	

URL http://cisbp.ccbr.utoronto.ca/TFreport.php?versionNumber=2.00&searchTF=T151949_2.00

MOTIF M00632_2.00 (ALUE_0000441701)_(Caenorhabditis_elegans)_(DBD_0.93)

letter-probability matrix: alength= 4 w= 10 nsites= 1 E= 0
  0.310430	  0.229857	  0.229857	  0.229857	
  0.141167	  0.374062	  0.141167	  0.343604	
  0.570189	  0.429360	  0.000225	  0.000225	
  0.000225	  0.999324	  0.000225	  0.000225	
  0.085811	  0.000225	  0.913738	  0.000225	
  0.000225	  0.999324	  0.000225	  0.000225	
  0.000225	  0.999324	  0.000225	  0.000225	
  0.000225	  0.999324	  0.000225	  0.000225	
  0.217940	  0.667367	  0.020369	  0.094324	
  0.109058	  0.359751	  0.109058	  0.422132	

URL http://cisbp.ccbr.utoronto.ca/TFreport.php?versionNumber=2.00&searchTF=T151936_2.00

MOTIF M00638_2.00 (ALUE_0001098001)_(Caenorhabditis_elegans)_(DBD_0.83)

letter-probability matrix: alength= 4 w= 10 nsites= 1 E= 0
  0.210067	  0.246516	  0.190077	  0.353339	
  0.208071	  0.223158	  0.264511	  0.304260	
  0.273165	  0.099492	  0.172444	  0.454899	
  0.377830	  0.255813	  0.134888	  0.231469	
  0.223435	  0.756818	  0.000076	  0.019671	
  0.002609	  0.971445	  0.014714	  0.011232	
  0.010416	  0.002468	  0.001382	  0.985734	
  0.008187	  0.965392	  0.000305	  0.026116	
  0.575778	  0.180498	  0.152280	  0.091444	
  0.290872	  0.279467	  0.181796	  0.247865	

URL http://cisbp.ccbr.utoronto.ca/TFreport.php?versionNumber=2.00&searchTF=T151951_2.00

MOTIF M00654_2.00 (ALUE_0000029801)_(Caenorhabditis_elegans)_(DBD_0.93)

letter-probability matrix: alength= 4 w= 8 nsites= 1 E= 0
  0.397132	  0.217951	  0.185725	  0.199192	
  0.397053	  0.211467	  0.117222	  0.274258	
  0.342138	  0.117356	  0.087813	  0.452693	
  0.230192	  0.118975	  0.101384	  0.549449	
  0.113255	  0.152879	  0.200266	  0.533600	
  0.076011	  0.270664	  0.050952	  0.602373	
  0.319738	  0.110775	  0.322952	  0.246535	
  0.227337	  0.261499	  0.238992	  0.272171	

URL http://cisbp.ccbr.utoronto.ca/TFreport.php?versionNumber=2.00&searchTF=T169658_2.00

MOTIF M00671_2.00 (ALUE_0001674701)_(Caenorhabditis_elegans)_(DBD_0.67)

letter-probability matrix: alength= 4 w= 10 nsites= 1 E= 0
  0.271803	  0.163217	  0.084359	  0.480621	
  0.100398	  0.101407	  0.033755	  0.764439	
  0.843498	  0.017246	  0.067192	  0.072064	
  0.923696	  0.014417	  0.007377	  0.054510	
  0.030333	  0.028566	  0.032208	  0.908893	
  0.073324	  0.018447	  0.099971	  0.808259	
  0.601590	  0.017986	  0.323622	  0.056802	
  0.201761	  0.297997	  0.346223	  0.154020	
  0.139530	  0.323202	  0.194081	  0.343187	
  0.146951	  0.379972	  0.174181	  0.298896	

URL http://cisbp.ccbr.utoronto.ca/TFreport.php?versionNumber=2.00&searchTF=T232856_2.00

MOTIF M00682_2.00 (ALUE_0000801801)_(Caenorhabditis_elegans)_(DBD_0.75)

letter-probability matrix: alength= 4 w= 8 nsites= 1 E= 0
  0.004902	  0.004902	  0.004902	  0.985294	
  0.004902	  0.004902	  0.004902	  0.985294	
  0.004902	  0.985294	  0.004902	  0.004902	
  0.004902	  0.495098	  0.004902	  0.495098	
  0.985294	  0.004902	  0.004902	  0.004902	
  0.004902	  0.004902	  0.985294	  0.004902	
  0.985294	  0.004902	  0.004902	  0.004902	
  0.985294	  0.004902	  0.004902	  0.004902	

URL http://cisbp.ccbr.utoronto.ca/TFreport.php?versionNumber=2.00&searchTF=T243648_2.00

MOTIF M00684_2.00 (ALUE_0001693901)_(Caenorhabditis_elegans)_(DBD_0.95)

letter-probability matrix: alength= 4 w= 9 nsites= 1 E= 0
  0.033608	  0.800117	  0.012613	  0.153662	
  0.338473	  0.233795	  0.124517	  0.303215	
  0.334103	  0.034517	  0.058058	  0.573322	
  0.679324	  0.064787	  0.114560	  0.141330	
  0.153309	  0.129342	  0.070278	  0.647071	
  0.690491	  0.037241	  0.035424	  0.236844	
  0.396764	  0.085059	  0.151918	  0.366259	
  0.161616	  0.019990	  0.800487	  0.017908	
  0.000020	  0.000025	  0.999712	  0.000244	

URL http://cisbp.ccbr.utoronto.ca/TFreport.php?versionNumber=2.00&searchTF=T259528_2.00

MOTIF M00686_2.00 (ALUE_0002179401)_(Caenorhabditis_elegans)_(DBD_0.76)

letter-probability matrix: alength= 4 w= 8 nsites= 1 E= 0
  0.844325	  0.000767	  0.154141	  0.000767	
  0.263130	  0.105567	  0.578256	  0.053046	
  0.083611	  0.042013	  0.042013	  0.832363	
  0.000416	  0.000416	  0.998752	  0.000416	
  0.998752	  0.000416	  0.000416	  0.000416	
  0.000416	  0.000416	  0.000416	  0.998752	
  0.000416	  0.998752	  0.000416	  0.000416	
  0.998503	  0.000499	  0.000499	  0.000499	

URL http://cisbp.ccbr.utoronto.ca/TFreport.php?versionNumber=2.00&searchTF=T307959_2.00

MOTIF M00697_2.00 (ALUE_0000980501)_(Caenorhabditis_elegans)_(DBD_0.77)

letter-probability matrix: alength= 4 w= 11 nsites= 1 E= 0
  0.228323	  0.228323	  0.228323	  0.315031	
  0.459574	  0.116142	  0.193797	  0.230487	
  0.637530	  0.021526	  0.021526	  0.319419	
  0.000084	  0.000084	  0.000084	  0.999747	
  0.000084	  0.000084	  0.000084	  0.999747	
  0.000084	  0.000084	  0.999747	  0.000084	
  0.000084	  0.000084	  0.000084	  0.999747	
  0.999747	  0.000084	  0.000084	  0.000084	
  0.021761	  0.021761	  0.741842	  0.214635	
  0.212471	  0.217226	  0.133942	  0.436361	
  0.314324	  0.228559	  0.228559	  0.228559	

URL http://cisbp.ccbr.utoronto.ca/TFreport.php?versionNumber=2.00&searchTF=T307947_2.00

MOTIF M00746_2.00 (ALUE_0000745301)_(Caenorhabditis_elegans)_(DBD_0.94)

letter-probability matrix: alength= 4 w= 10 nsites= 1 E= 0
  0.511270	  0.095599	  0.297532	  0.095599	
  0.846923	  0.022737	  0.107604	  0.022737	
  0.000097	  0.999709	  0.000097	  0.000097	
  0.999709	  0.000097	  0.000097	  0.000097	
  0.000097	  0.078945	  0.920861	  0.000097	
  0.000097	  0.715729	  0.182374	  0.101800	
  0.000097	  0.000097	  0.000097	  0.999709	
  0.000097	  0.000097	  0.999709	  0.000097	
  0.245056	  0.235844	  0.154498	  0.364602	
  0.227360	  0.317919	  0.227360	  0.227360	

URL http://cisbp.ccbr.utoronto.ca/TFreport.php?versionNumber=2.00&searchTF=T053389_2.00

MOTIF M00814_2.00 (ALUE_0000403201)_(Mus_musculus)_(DBD_0.74)

letter-probability matrix: alength= 4 w= 10 nsites= 1 E= 0
  0.296858	  0.205050	  0.290980	  0.207111	
  0.392281	  0.196759	  0.273685	  0.137274	
  0.420113	  0.172522	  0.225998	  0.181367	
  0.197590	  0.001457	  0.754605	  0.046349	
  0.075816	  0.167052	  0.079703	  0.677429	
  0.062524	  0.675561	  0.045858	  0.216057	
  0.683906	  0.024236	  0.234586	  0.057273	
  0.316686	  0.234607	  0.229961	  0.218746	
  0.257859	  0.257859	  0.226424	  0.257859	
  0.252243	  0.249733	  0.232849	  0.265175	

URL http://cisbp.ccbr.utoronto.ca/TFreport.php?versionNumber=2.00&searchTF=T307940_2.00

MOTIF M00819_2.00 (ALUE_0000764201)_(Mus_musculus)_(DBD_0.79)

letter-probability matrix: alength= 4 w= 8 nsites= 1 E= 0
  0.228276	  0.293113	  0.210726	  0.267885	
  0.202588	  0.167532	  0.268050	  0.361830	
  0.500106	  0.058254	  0.370488	  0.071152	
  0.081689	  0.003607	  0.767336	  0.147367	
  0.071625	  0.000828	  0.821758	  0.105789	
  0.113464	  0.099633	  0.086616	  0.700287	
  0.107174	  0.731027	  0.003506	  0.158293	
  0.719111	  0.000683	  0.218769	  0.061437	

URL http://cisbp.ccbr.utoronto.ca/TFreport.php?versionNumber=2.00&searchTF=T307945_2.00

MOTIF M00820_2.00 (ALUE_0000420701)_(Mus_musculus)_(DBD_0.71)

letter-probability matrix: alength= 4 w= 9 nsites= 1 E= 0
  0.170296	  0.143673	  0.283593	  0.402438	
  0.522054	  0.017423	  0.453852	  0.006671	
  0.001380	  0.000572	  0.964866	  0.033181	
  0.003697	  0.000059	  0.979842	  0.016402	
  0.025517	  0.045121	  0.049866	  0.879495	
  0.004749	  0.951419	  0.000105	  0.043727	
  0.896156	  0.008399	  0.093514	  0.001931	
  0.314254	  0.333687	  0.181309	  0.170750	
  0.211439	  0.352108	  0.243213	  0.193241	

URL http://cisbp.ccbr.utoronto.ca/TFreport.php?versionNumber=2.00&searchTF=T307941_2.00

MOTIF M00829_2.00 (ALUE_0001394301)_(Mus_musculus)_(DBD_0.56)

letter-probability matrix: alength= 4 w= 8 nsites= 1 E= 0
  0.260870	  0.173913	  0.130435	  0.434783	
  0.806452	  0.032258	  0.032258	  0.129032	
  0.914286	  0.028571	  0.028571	  0.028571	
  0.028571	  0.885714	  0.028571	  0.057143	
  0.914286	  0.028571	  0.028571	  0.028571	
  0.914286	  0.028571	  0.028571	  0.028571	
  0.028571	  0.028571	  0.028571	  0.914286	
  0.320000	  0.120000	  0.360000	  0.200000	

URL http://cisbp.ccbr.utoronto.ca/TFreport.php?versionNumber=2.00&searchTF=T335948_2.00

MOTIF M00992_2.00 (ALUE_0001453301)_(Mus_musculus)_(DBD_0.78)

letter-probability matrix: alength= 4 w= 10 nsites= 1 E= 0
  0.210429	  0.267373	  0.311770	  0.210429	
  0.270811	  0.218451	  0.371188	  0.139550	
  0.000024	  0.061553	  0.000024	  0.938399	
  0.000024	  0.000024	  0.938399	  0.061553	
  0.999928	  0.000024	  0.000024	  0.000024	
  0.000024	  0.999928	  0.000024	  0.000024	
  0.000024	  0.000024	  0.999928	  0.000024	
  0.000024	  0.000024	  0.000024	  0.999928	
  0.194745	  0.726064	  0.039596	  0.039596	
  0.561927	  0.155596	  0.172003	  0.110474	

URL http://cisbp.ccbr.utoronto.ca/TFreport.php?versionNumber=2.00&searchTF=T074061_2.00

MOTIF M01103_2.00 (ALUE_0002008901)_(Monodelphis_domestica)_(DBD_0.69)

letter-probability matrix: alength= 4 w= 12 nsites= 1 E= 0
  0.315605	  0.228132	  0.228132	  0.228132	
  0.315605	  0.228132	  0.228132	  0.228132	
  0.371355	  0.180390	  0.180390	  0.267864	
  0.700798	  0.099734	  0.099734	  0.099734	
  0.333823	  0.000098	  0.000098	  0.665982	
  0.806854	  0.000098	  0.000098	  0.192951	
  0.177789	  0.000098	  0.000098	  0.822016	
  0.431780	  0.000098	  0.000098	  0.568025	
  0.934102	  0.021966	  0.021966	  0.021966	
  0.934102	  0.021966	  0.021966	  0.021966	
  0.069707	  0.069707	  0.069707	  0.790879	
  0.324794	  0.150363	  0.150363	  0.374480	

URL http://cisbp.ccbr.utoronto.ca/TFreport.php?versionNumber=2.00&searchTF=T018151_2.00

MOTIF M01108_2.00 (ALUE_0001993601)_(Cannabis_sativa)_(DBD_0.77)

letter-probability matrix: alength= 4 w= 8 nsites= 1 E= 0
  0.423349	  0.124985	  0.199976	  0.251690	
  0.536851	  0.107310	  0.184144	  0.171695	
  0.591376	  0.053115	  0.110217	  0.245293	
  0.501697	  0.035093	  0.048327	  0.414883	
  0.577953	  0.029949	  0.019876	  0.372223	
  0.852706	  0.028458	  0.018512	  0.100325	
  0.520642	  0.014806	  0.038285	  0.426266	
  0.279377	  0.068208	  0.066858	  0.585557	

URL http://cisbp.ccbr.utoronto.ca/TFreport.php?versionNumber=2.00&searchTF=T018150_2.00

MOTIF M01207_2.00 (ALUE_0000394301)_(Nematostella_vectensis)_(DBD_0.79)

letter-probability matrix: alength= 4 w= 8 nsites= 1 E= 0
  0.232170	  0.212188	  0.304135	  0.251507	
  0.318185	  0.224221	  0.224221	  0.233372	
  0.298893	  0.175930	  0.235118	  0.290059	
  0.223616	  0.112160	  0.512823	  0.151401	
  0.457101	  0.032619	  0.335259	  0.175021	
  0.190205	  0.175581	  0.002713	  0.631501	
  0.460236	  0.057497	  0.380596	  0.101671	
  0.203386	  0.149173	  0.475851	  0.171590	

URL http://cisbp.ccbr.utoronto.ca/TFreport.php?versionNumber=2.00&searchTF=T165717_2.00

MOTIF M01211_2.00 (ALUE_0001538801)_(Drosophila_melanogaster)_(DBD_0.92)

letter-probability matrix: alength= 4 w= 10 nsites= 1 E= 0
  0.386231	  0.186128	  0.155468	  0.272173	
  0.356575	  0.197659	  0.173564	  0.272202	
  0.283210	  0.153882	  0.067100	  0.495808	
  0.146295	  0.118585	  0.587354	  0.147766	
  0.135288	  0.138021	  0.082881	  0.643811	
  0.430055	  0.111487	  0.161404	  0.297054	
  0.318926	  0.106161	  0.236266	  0.338647	
  0.167734	  0.493924	  0.129332	  0.209010	
  0.331195	  0.211179	  0.224238	  0.233389	
  0.379172	  0.172085	  0.218763	  0.229979	

URL http://cisbp.ccbr.utoronto.ca/TFreport.php?versionNumber=2.00&searchTF=T169662_2.00

MOTIF M01231_2.00 (ALUE_0001545901)_(Caenorhabditis_briggsae)_(DBD_0.89)

letter-probability matrix: alength= 4 w= 8 nsites= 1 E= 0
  0.170017	  0.359926	  0.338965	  0.131092	
  0.041665	  0.018535	  0.005639	  0.934162	
  0.002064	  0.000107	  0.996804	  0.001025	
  0.956878	  0.001885	  0.000233	  0.041004	
  0.001041	  0.005314	  0.000961	  0.992683	
  0.801570	  0.044548	  0.008905	  0.144977	
  0.731075	  0.036764	  0.099935	  0.132226	
  0.195054	  0.302862	  0.318390	  0.183695	

URL http://cisbp.ccbr.utoronto.ca/TFreport.php?versionNumber=2.00&searchTF=T197375_2.00

MOTIF M01240_2.00 (ALUE_0001256301)_(Caenorhabditis_briggsae)_(DBD_0.91)

letter-probability matrix: alength= 4 w= 8 nsites= 1 E= 0
  0.783207	  0.081263	  0.081263	  0.054266	
  0.078566	  0.098158	  0.039381	  0.783895	
  0.034045	  0.034045	  0.000169	  0.931741	
  0.999500	  0.000167	  0.000167	  0.000167	
  0.982845	  0.000167	  0.000167	  0.016822	
  0.035238	  0.000175	  0.017707	  0.946879	
  0.080136	  0.020184	  0.060152	  0.839528	
  0.761418	  0.000238	  0.190533	  0.047812	

URL http://cisbp.ccbr.utoronto.ca/TFreport.php?versionNumber=2.00&searchTF=T232846_2.00

MOTIF M01242_2.00 (ALUE_0000648401)_(Caenorhabditis_briggsae)_(DBD_0.81)

letter-probability matrix: alength= 4 w= 11 nsites= 1 E= 0
  0.200283	  0.200283	  0.200283	  0.399150	
  0.234728	  0.512860	  0.126206	  0.126206	
  0.102295	  0.102295	  0.192640	  0.602771	
  0.000225	  0.000225	  0.000225	  0.999324	
  0.908979	  0.000225	  0.000225	  0.090570	
  0.809684	  0.000225	  0.000225	  0.189866	
  0.095871	  0.000225	  0.000225	  0.903679	
  0.199092	  0.000225	  0.314165	  0.486518	
  0.244008	  0.049942	  0.439910	  0.266140	
  0.340217	  0.411744	  0.124019	  0.124019	
  0.241925	  0.241523	  0.147931	  0.368621	

URL http://cisbp.ccbr.utoronto.ca/TFreport.php?versionNumber=2.00&searchTF=T232839_2.00

MOTIF M01301_2.00 (ALUE_0001419501)_(Gallus_gallus)_(DBD_0.86)

letter-probability matrix: alength= 4 w= 9 nsites= 1 E= 0
  0.276451	  0.226339	  0.145771	  0.351439	
  0.000301	  0.371676	  0.506753	  0.121270	
  0.222744	  0.481075	  0.156965	  0.139216	
  0.299593	  0.039347	  0.479347	  0.181712	
  0.000101	  0.233234	  0.000005	  0.766660	
  0.218171	  0.133657	  0.510444	  0.137728	
  0.472344	  0.170325	  0.192041	  0.165291	
  0.239383	  0.414911	  0.143748	  0.201959	
  0.157763	  0.311406	  0.270723	  0.260108	

URL http://cisbp.ccbr.utoronto.ca/TFreport.php?versionNumber=2.00&searchTF=T312486_2.00

MOTIF M01320_2.00 (ALUE_0000368901)_(Nematostella_vectensis)_(DBD_0.76)

letter-probability matrix: alength= 4 w= 9 nsites= 1 E= 0
  0.290250	  0.249821	  0.257429	  0.202501	
  0.316363	  0.209954	  0.261619	  0.212064	
  0.184777	  0.163883	  0.214681	  0.436659	
  0.199513	  0.131089	  0.211850	  0.457547	
  0.078215	  0.487582	  0.126401	  0.307802	
  0.531314	  0.037915	  0.366997	  0.063774	
  0.614935	  0.062272	  0.118098	  0.204694	
  0.633081	  0.077525	  0.157685	  0.131709	
  0.256334	  0.291921	  0.153928	  0.297818	

URL http://cisbp.ccbr.utoronto.ca/TFreport.php?versionNumber=2.00&searchTF=T346247_2.00

MOTIF M01486_2.00 (ALUE_0000979301)_(Mus_musculus)_(DBD_0.85)

letter-probability matrix: alength= 4 w= 10 nsites= 1 E= 0
  0.285712	  0.231594	  0.253404	  0.229290	
  0.408828	  0.148903	  0.252976	  0.189293	
  0.179923	  0.493996	  0.209040	  0.117041	
  0.256626	  0.637542	  0.087149	  0.018683	
  0.006067	  0.001108	  0.985189	  0.007636	
  0.009552	  0.003807	  0.979202	  0.007439	
  0.918135	  0.015065	  0.025851	  0.040950	
  0.621584	  0.076117	  0.031258	  0.271041	
  0.366912	  0.123362	  0.434903	  0.074823	
  0.146891	  0.292860	  0.127701	  0.432548	

URL http://cisbp.ccbr.utoronto.ca/TFreport.php?versionNumber=2.00&searchTF=T178325_2.00

MOTIF M01489_2.00 (ALUE_0000847101)_(Mus_musculus)_(DBD_0.74)

letter-probability matrix: alength= 4 w= 10 nsites= 1 E= 0
  0.292662	  0.237228	  0.244452	  0.225658	
  0.396424	  0.156410	  0.290756	  0.156410	
  0.143761	  0.549031	  0.188322	  0.118885	
  0.120828	  0.832447	  0.032930	  0.013796	
  0.000258	  0.000099	  0.996966	  0.002677	
  0.006486	  0.006108	  0.981989	  0.005417	
  0.929250	  0.010220	  0.029206	  0.031324	
  0.638426	  0.070740	  0.020677	  0.270158	
  0.353350	  0.140817	  0.431582	  0.074252	
  0.136540	  0.294896	  0.110678	  0.457886	

URL http://cisbp.ccbr.utoronto.ca/TFreport.php?versionNumber=2.00&searchTF=T178324_2.00

MOTIF M01492_2.00 (ALUE_0000438901)_(Mus_musculus)_(DBD_0.83)

letter-probability matrix: alength= 4 w= 10 nsites= 1 E= 0
  0.352704	  0.187847	  0.218248	  0.241201	
  0.295417	  0.283834	  0.188366	  0.232383	
  0.200864	  0.429503	  0.247802	  0.121830	
  0.289523	  0.522297	  0.118894	  0.069286	
  0.138981	  0.013254	  0.791822	  0.055943	
  0.109863	  0.063386	  0.772195	  0.054556	
  0.902087	  0.004458	  0.007424	  0.086031	
  0.789723	  0.012203	  0.005268	  0.192806	
  0.278298	  0.168796	  0.445276	  0.107629	
  0.208426	  0.254572	  0.121460	  0.415542	

URL http://cisbp.ccbr.utoronto.ca/TFreport.php?versionNumber=2.00&searchTF=T178321_2.00

MOTIF M01493_2.00 (ALUE_0000750801)_(Mus_musculus)_(DBD_0.86)

letter-probability matrix: alength= 4 w= 10 nsites= 1 E= 0
  0.278377	  0.232520	  0.251886	  0.237217	
  0.400904	  0.166288	  0.271435	  0.161373	
  0.188699	  0.487920	  0.235133	  0.088248	
  0.287618	  0.608887	  0.097674	  0.005822	
  0.029886	  0.000000	  0.970106	  0.000008	
  0.013770	  0.000215	  0.975074	  0.010941	
  0.969811	  0.004841	  0.011788	  0.013560	
  0.548525	  0.095319	  0.026769	  0.329387	
  0.376063	  0.090900	  0.473312	  0.059725	
  0.144105	  0.281615	  0.119169	  0.455111	

URL http://cisbp.ccbr.utoronto.ca/TFreport.php?versionNumber=2.00&searchTF=T178322_2.00

MOTIF M01830_2.00 (ALUE_0000326401)_(Caenorhabditis_elegans)_(DBD_0.66)

letter-probability matrix: alength= 4 w= 9 nsites= 1 E= 0
  0.990132	  0.003289	  0.003289	  0.003289	
  0.001656	  0.001656	  0.001656	  0.995033	
  0.167219	  0.001656	  0.001656	  0.829470	
  0.995033	  0.001656	  0.001656	  0.001656	
  0.001656	  0.663907	  0.001656	  0.332781	
  0.498344	  0.001656	  0.498344	  0.001656	
  0.001656	  0.167219	  0.001656	  0.829470	
  0.995033	  0.001656	  0.001656	  0.001656	
  0.990132	  0.003289	  0.003289	  0.003289	

URL http://cisbp.ccbr.utoronto.ca/TFreport.php?versionNumber=2.00&searchTF=T074052_2.00

MOTIF M01974_2.00 (ALUE_0000375501)_(Caenorhabditis_briggsae)_(DBD_0.54)

letter-probability matrix: alength= 4 w= 8 nsites= 1 E= 0
  0.416389	  0.000416	  0.541181	  0.042013	
  0.028824	  0.000285	  0.000285	  0.970605	
  0.827911	  0.171518	  0.000285	  0.000285	
  0.942066	  0.000285	  0.000285	  0.057363	
  0.999144	  0.000285	  0.000285	  0.000285	
  0.057363	  0.913527	  0.000285	  0.028824	
  0.999144	  0.000285	  0.000285	  0.000285	
  0.434462	  0.217448	  0.130642	  0.217448	

URL http://cisbp.ccbr.utoronto.ca/TFreport.php?versionNumber=2.00&searchTF=T190251_2.00

MOTIF M02183_2.00 (ALUE_0000232801)_(Caenorhabditis_elegans)_(DBD_0.77)

letter-probability matrix: alength= 4 w= 8 nsites= 1 E= 0
  0.091486	  0.000906	  0.906703	  0.000906	
  0.000767	  0.307515	  0.000767	  0.690951	
  0.921012	  0.077454	  0.000767	  0.000767	
  0.997699	  0.000767	  0.000767	  0.000767	
  0.000767	  0.000767	  0.000767	  0.997699	
  0.537577	  0.000767	  0.000767	  0.460890	
  0.997508	  0.000831	  0.000831	  0.000831	
  0.886062	  0.111726	  0.001106	  0.001106	

URL http://cisbp.ccbr.utoronto.ca/TFreport.php?versionNumber=2.00&searchTF=T232823_2.00

MOTIF M02409_2.00 (ALUE_0000009401)_(Drosophila_pseudoobscura)_(DBD_0.78)

letter-probability matrix: alength= 4 w= 8 nsites= 1 E= 0
  0.399402	  0.000996	  0.598606	  0.000996	
  0.816123	  0.000906	  0.091486	  0.091486	
  0.000906	  0.091486	  0.906703	  0.000906	
  0.997283	  0.000906	  0.000906	  0.000906	
  0.000906	  0.000906	  0.000906	  0.997283	
  0.000906	  0.906703	  0.091486	  0.000906	
  0.997283	  0.000906	  0.000906	  0.000906	
  0.569602	  0.285511	  0.001420	  0.143466	

URL http://cisbp.ccbr.utoronto.ca/TFreport.php?versionNumber=2.00&searchTF=T307938_2.00

MOTIF M02484_2.00 (ALUE_0001111401)_(Caenorhabditis_elegans)_(DBD_0.84)

letter-probability matrix: alength= 4 w= 11 nsites= 1 E= 0
  0.217039	  0.217039	  0.348883	  0.217039	
  0.142386	  0.255945	  0.241673	  0.359996	
  0.109560	  0.836436	  0.027002	  0.027002	
  0.000115	  0.785254	  0.000115	  0.214516	
  0.999656	  0.000115	  0.000115	  0.000115	
  0.000115	  0.000115	  0.999656	  0.000115	
  0.917099	  0.000115	  0.000115	  0.082672	
  0.082672	  0.917099	  0.000115	  0.000115	
  0.900773	  0.033076	  0.033076	  0.033076	
  0.199199	  0.299748	  0.228295	  0.272757	
  0.223112	  0.223112	  0.223112	  0.330663	

URL http://cisbp.ccbr.utoronto.ca/TFreport.php?versionNumber=2.00&searchTF=T325566_2.00

MOTIF M03087_2.00 (ALUE_0000457101)_(Homo_sapiens)_(DBD_0.41)

letter-probability matrix: alength= 4 w= 8 nsites= 1 E= 0
  0.050776	  0.567735	  0.037679	  0.343811	
