MEME version 4

ALPHABET= ACGT

strands: + -

Background letter frequencies (from uniform background):
A 0.25000 C 0.25000 G 0.25000 T 0.25000 

MOTIF M00051_2.00 (CADAFLAG00007488)_(Saccharomyces_cerevisiae)_(DBD_0.83)

letter-probability matrix: alength= 4 w= 8 nsites= 1 E= 0
  0.270248	  0.432235	  0.000270	  0.297246	
  0.000196	  0.000196	  0.999412	  0.000196	
  0.999424	  0.000192	  0.000192	  0.000192	
  0.000192	  0.000192	  0.000192	  0.999424	
  0.980208	  0.000192	  0.019408	  0.000192	
  0.940635	  0.000196	  0.000196	  0.058973	
  0.022934	  0.113760	  0.840372	  0.022934	
  0.344697	  0.241391	  0.241391	  0.172521	

URL http://cisbp.ccbr.utoronto.ca/TFreport.php?versionNumber=2.00&searchTF=T192031_2.00

MOTIF M00058_2.00 (CADAFLAG00002414)_(Saccharomyces_cerevisiae)_(DBD_0.46)

letter-probability matrix: alength= 4 w= 8 nsites= 1 E= 0
  0.565080	  0.141352	  0.108757	  0.184811	
  0.061126	  0.068758	  0.015339	  0.854777	
  0.248276	  0.096594	  0.000069	  0.655061	
  0.894567	  0.000066	  0.000066	  0.105301	
  0.966917	  0.000066	  0.000066	  0.032952	
  0.078992	  0.006643	  0.013220	  0.901144	
  0.048001	  0.000068	  0.034306	  0.917625	
  0.654724	  0.008935	  0.177017	  0.159324	

URL http://cisbp.ccbr.utoronto.ca/TFreport.php?versionNumber=2.00&searchTF=T205304_2.00

MOTIF M00060_2.00 (CADAFLAG00001879)_(Saccharomyces_cerevisiae)_(DBD_0.46)

letter-probability matrix: alength= 4 w= 9 nsites= 1 E= 0
  0.320154	  0.181055	  0.206191	  0.292599	
  0.231700	  0.238756	  0.197442	  0.332102	
  0.223589	  0.242212	  0.287095	  0.247105	
  0.161512	  0.025143	  0.029212	  0.784133	
  0.138264	  0.051376	  0.075881	  0.734480	
  0.092315	  0.709959	  0.122145	  0.075581	
  0.148989	  0.381409	  0.144586	  0.325016	
  0.473500	  0.149928	  0.202381	  0.174191	
  0.182247	  0.285820	  0.153755	  0.378177	

URL http://cisbp.ccbr.utoronto.ca/TFreport.php?versionNumber=2.00&searchTF=T239913_2.00

MOTIF M00061_2.00 (CADAFLAG00002829)_(Saccharomyces_cerevisiae)_(DBD_0.63)

letter-probability matrix: alength= 4 w= 8 nsites= 1 E= 0
  0.726984	  0.045578	  0.075863	  0.151575	
  0.056906	  0.193208	  0.068264	  0.681622	
  0.064288	  0.064288	  0.871332	  0.000092	
  0.000090	  0.000090	  0.999730	  0.000090	
  0.000090	  0.972713	  0.027107	  0.000090	
  0.000090	  0.963707	  0.009096	  0.027107	
  0.586810	  0.119622	  0.293459	  0.000109	
  0.142918	  0.057253	  0.742576	  0.057253	

URL http://cisbp.ccbr.utoronto.ca/TFreport.php?versionNumber=2.00&searchTF=T239914_2.00

MOTIF M00066_2.00 (CADAFLAG00010851)_(Saccharomyces_cerevisiae)_(DBD_0.45)

letter-probability matrix: alength= 4 w= 10 nsites= 1 E= 0
  0.228304	  0.228304	  0.228304	  0.315088	
  0.119950	  0.353086	  0.407015	  0.119950	
  0.000130	  0.000130	  0.999610	  0.000130	
  0.000130	  0.000130	  0.000130	  0.999610	
  0.000130	  0.000130	  0.000130	  0.999610	
  0.086914	  0.000130	  0.912826	  0.000130	
  0.000130	  0.999610	  0.000130	  0.000130	
  0.000130	  0.437251	  0.000130	  0.562489	
  0.934522	  0.021826	  0.021826	  0.021826	
  0.130180	  0.304898	  0.261306	  0.303616	

URL http://cisbp.ccbr.utoronto.ca/TFreport.php?versionNumber=2.00&searchTF=T318034_2.00

MOTIF M00070_2.00 (CADAFLAG00002060)_(Saccharomyces_cerevisiae)_(DBD_0.51)

letter-probability matrix: alength= 4 w= 11 nsites= 1 E= 0
  0.268573	  0.272224	  0.178881	  0.280322	
  0.509793	  0.098806	  0.292595	  0.098806	
  0.848016	  0.050661	  0.050661	  0.050661	
  0.999893	  0.000036	  0.000036	  0.000036	
  0.000036	  0.903786	  0.000036	  0.096142	
  0.903786	  0.000036	  0.000036	  0.096142	
  0.999893	  0.000036	  0.000036	  0.000036	
  0.000036	  0.000036	  0.000036	  0.999893	
  0.591260	  0.071155	  0.071155	  0.266431	
  0.345743	  0.151230	  0.257625	  0.245401	
  0.199374	  0.199374	  0.199374	  0.401877	

URL http://cisbp.ccbr.utoronto.ca/TFreport.php?versionNumber=2.00&searchTF=T326747_2.00

MOTIF M00088_2.00 (CADAFLAG00002428)_(Saccharomyces_cerevisiae)_(DBD_0.76)

letter-probability matrix: alength= 4 w= 7 nsites= 1 E= 0
  0.004409	  0.910218	  0.041833	  0.043540	
  0.000848	  0.116208	  0.876017	  0.006927	
  0.000117	  0.005158	  0.992847	  0.001879	
  0.537121	  0.127259	  0.241344	  0.094276	
  0.460766	  0.088490	  0.138780	  0.311965	
  0.318860	  0.236217	  0.222461	  0.222461	
  0.279083	  0.235452	  0.235452	  0.250012	

URL http://cisbp.ccbr.utoronto.ca/TFreport.php?versionNumber=2.00&searchTF=T360996_2.00

MOTIF M00102_2.00 (CADAFLAG00003675)_(Saccharomyces_cerevisiae)_(DBD_0.65)

letter-probability matrix: alength= 4 w= 9 nsites= 1 E= 0
  0.230826	  0.235489	  0.240247	  0.293438	
  0.234897	  0.237257	  0.278424	  0.249422	
  0.263068	  0.265712	  0.202839	  0.268382	
  0.094644	  0.692371	  0.066031	  0.146954	
  0.000084	  0.999903	  0.000001	  0.000012	
  0.000730	  0.068439	  0.930712	  0.000118	
  0.001227	  0.000063	  0.986717	  0.011994	
  0.700294	  0.116921	  0.159413	  0.023371	
  0.335031	  0.152052	  0.297146	  0.215772	

URL http://cisbp.ccbr.utoronto.ca/TFreport.php?versionNumber=2.00&searchTF=T361025_2.00

MOTIF M00160_2.00 (CADAFLAG00002435)_(Mus_musculus)_(DBD_0.58)

letter-probability matrix: alength= 4 w= 10 nsites= 1 E= 0
  0.272342	  0.213287	  0.238265	  0.276106	
  0.383328	  0.071216	  0.521888	  0.023568	
  0.117428	  0.105265	  0.021002	  0.756305	
  0.834939	  0.152266	  0.000007	  0.012788	
  0.908292	  0.059096	  0.002967	  0.029645	
  0.977393	  0.014489	  0.001628	  0.006490	
  0.001282	  0.843632	  0.000001	  0.155085	
  0.965165	  0.012083	  0.006831	  0.015922	
  0.479654	  0.164189	  0.114694	  0.241463	
  0.417043	  0.185221	  0.142285	  0.255451	

URL http://cisbp.ccbr.utoronto.ca/TFreport.php?versionNumber=2.00&searchTF=T184668_2.00

MOTIF M00468_2.00 (CADAFLAG00001985)_(Mus_musculus)_(DBD_0.53)

letter-probability matrix: alength= 4 w= 10 nsites= 1 E= 0
  0.273727	  0.219671	  0.235599	  0.271003	
  0.251042	  0.222654	  0.246071	  0.280233	
  0.174794	  0.193177	  0.137498	  0.494531	
  0.074726	  0.046704	  0.815526	  0.063044	
  0.715968	  0.000627	  0.187473	  0.095932	
  0.054401	  0.876887	  0.000243	  0.068469	
  0.623674	  0.022774	  0.283051	  0.070501	
  0.161831	  0.182463	  0.414283	  0.241423	
  0.204355	  0.287109	  0.314147	  0.194389	
  0.205527	  0.274673	  0.197469	  0.322331	

URL http://cisbp.ccbr.utoronto.ca/TFreport.php?versionNumber=2.00&searchTF=T205302_2.00

MOTIF M00751_2.00 (CADAFLAG00004842)_(Mus_musculus)_(DBD_0.61)

letter-probability matrix: alength= 4 w= 10 nsites= 1 E= 0
  0.237374	  0.264976	  0.264976	  0.232674	
  0.254916	  0.278923	  0.226090	  0.240071	
  0.234840	  0.237201	  0.304572	  0.223387	
  0.201961	  0.286597	  0.267221	  0.244221	
  0.601325	  0.000225	  0.320261	  0.078189	
  0.466521	  0.184067	  0.000331	  0.349080	
  0.391854	  0.070168	  0.064129	  0.473849	
  0.435120	  0.083565	  0.075612	  0.405703	
  0.376315	  0.160843	  0.160843	  0.302000	
  0.303804	  0.236603	  0.161804	  0.297789	

URL http://cisbp.ccbr.utoronto.ca/TFreport.php?versionNumber=2.00&searchTF=T017284_2.00

MOTIF M01005_2.00 (CADAFLAG00002659)_(Aspergillus_nidulans)_(DBD_0.97)

letter-probability matrix: alength= 4 w= 10 nsites= 1 E= 0
  0.377868	  0.197264	  0.183928	  0.240939	
  0.310417	  0.218747	  0.154148	  0.316688	
  0.073377	  0.717384	  0.079488	  0.129750	
  0.181592	  0.255127	  0.534729	  0.028553	
  0.036492	  0.941148	  0.003118	  0.019242	
  0.995650	  0.000751	  0.002468	  0.001131	
  0.044767	  0.926560	  0.002057	  0.026615	
  0.668003	  0.087733	  0.085995	  0.158269	
  0.487233	  0.182864	  0.216750	  0.113153	
  0.406046	  0.157035	  0.101136	  0.335783	

URL http://cisbp.ccbr.utoronto.ca/TFreport.php?versionNumber=2.00&searchTF=T184669_2.00

MOTIF M01006_2.00 (CADAFLAG00007177)_(Aspergillus_nidulans)_(DBD_0.83)

letter-probability matrix: alength= 4 w= 8 nsites= 1 E= 0
  0.378368	  0.171720	  0.300626	  0.149286	
  0.297805	  0.092429	  0.401995	  0.207771	
  0.044698	  0.906799	  0.007242	  0.041261	
  0.967328	  0.012737	  0.005283	  0.014651	
  0.953127	  0.025273	  0.000063	  0.021536	
  0.767725	  0.017347	  0.068953	  0.145974	
  0.009170	  0.833715	  0.013679	  0.143436	
  0.511988	  0.127524	  0.172139	  0.188350	

URL http://cisbp.ccbr.utoronto.ca/TFreport.php?versionNumber=2.00&searchTF=T184670_2.00

MOTIF M01110_2.00 (CADAFLAG00007043)_(Aspergillus_nidulans)_(DBD_0.92)

letter-probability matrix: alength= 4 w= 8 nsites= 1 E= 0
  0.076330	  0.923501	  0.000085	  0.000085	
  0.806984	  0.000071	  0.142888	  0.050057	
  0.000067	  0.906492	  0.000067	  0.093375	
  0.113370	  0.000067	  0.886497	  0.000067	
  0.046721	  0.120035	  0.000067	  0.833178	
  0.000068	  0.000068	  0.979252	  0.020611	
  0.067288	  0.058888	  0.781334	  0.092490	
  0.162544	  0.487381	  0.175037	  0.175037	

URL http://cisbp.ccbr.utoronto.ca/TFreport.php?versionNumber=2.00&searchTF=T031730_2.00

MOTIF M01111_2.00 (CADAFLAG00006470)_(Aspergillus_nidulans)_(DBD_0.98)

letter-probability matrix: alength= 4 w= 10 nsites= 1 E= 0
  0.410715	  0.214412	  0.289426	  0.085447	
  0.136650	  0.139410	  0.123646	  0.600294	
  0.144500	  0.823268	  0.015230	  0.017001	
  0.850586	  0.024190	  0.034672	  0.090552	
  0.015970	  0.652425	  0.202491	  0.129114	
  0.215779	  0.133520	  0.610485	  0.040216	
  0.069297	  0.491961	  0.015308	  0.423434	
  0.068891	  0.479398	  0.358716	  0.092994	
  0.755784	  0.060810	  0.088037	  0.095369	
  0.083513	  0.417800	  0.146204	  0.352483	

URL http://cisbp.ccbr.utoronto.ca/TFreport.php?versionNumber=2.00&searchTF=T031728_2.00

MOTIF M01112_2.00 (CADAFLAG00004009)_(Aspergillus_nidulans)_(DBD_0.94)

letter-probability matrix: alength= 4 w= 10 nsites= 1 E= 0
  0.122112	  0.224738	  0.209544	  0.443606	
  0.018496	  0.970245	  0.005461	  0.005798	
  0.745660	  0.085993	  0.077036	  0.091311	
  0.007546	  0.773578	  0.056319	  0.162557	
  0.141821	  0.067665	  0.784125	  0.006389	
  0.016308	  0.011724	  0.045226	  0.926741	
  0.001098	  0.003467	  0.985529	  0.009906	
  0.829137	  0.075218	  0.044718	  0.050927	
  0.020220	  0.576333	  0.043237	  0.360210	
  0.211790	  0.401656	  0.147761	  0.238793	

URL http://cisbp.ccbr.utoronto.ca/TFreport.php?versionNumber=2.00&searchTF=T031726_2.00

MOTIF M01137_2.00 (CADAFLAG00007235)_(Aspergillus_nidulans)_(DBD_0.87)

letter-probability matrix: alength= 4 w= 10 nsites= 1 E= 0
  0.082192	  0.159024	  0.560627	  0.198156	
  0.399052	  0.492301	  0.065306	  0.043341	
  0.000135	  0.000379	  0.036950	  0.962536	
  0.006288	  0.063346	  0.323312	  0.607054	
  0.936896	  0.000420	  0.054739	  0.007945	
  0.032096	  0.543875	  0.256908	  0.167121	
  0.203011	  0.121907	  0.293906	  0.381176	
  0.429329	  0.154814	  0.042616	  0.373241	
  0.724723	  0.092369	  0.090540	  0.092369	
  0.385035	  0.115970	  0.205067	  0.293928	

URL http://cisbp.ccbr.utoronto.ca/TFreport.php?versionNumber=2.00&searchTF=T057672_2.00

MOTIF M01147_2.00 (CADAFLAG00002509)_(Neurospora_crassa)_(DBD_0.91)

letter-probability matrix: alength= 4 w= 10 nsites= 1 E= 0
  0.256344	  0.201648	  0.261523	  0.280485	
  0.466416	  0.147685	  0.263770	  0.122129	
  0.056276	  0.045162	  0.000477	  0.898085	
  0.076513	  0.037995	  0.643848	  0.241643	
  0.796372	  0.031502	  0.085633	  0.086493	
  0.072044	  0.711432	  0.042832	  0.173691	
  0.178754	  0.047276	  0.689532	  0.084438	
  0.163925	  0.196254	  0.078997	  0.560825	
  0.373050	  0.284779	  0.165954	  0.176216	
  0.318316	  0.178225	  0.258022	  0.245438	

URL http://cisbp.ccbr.utoronto.ca/TFreport.php?versionNumber=2.00&searchTF=T057664_2.00

MOTIF M01149_2.00 (CADAFLAG00009992)_(Neurospora_crassa)_(DBD_0.71)

letter-probability matrix: alength= 4 w= 9 nsites= 1 E= 0
  0.149485	  0.147997	  0.521753	  0.180764	
  0.379282	  0.477364	  0.085480	  0.057875	
  0.061907	  0.008050	  0.062529	  0.867514	
  0.009615	  0.034581	  0.392797	  0.563008	
  0.874632	  0.003267	  0.078555	  0.043545	
  0.057918	  0.566249	  0.216813	  0.159021	
  0.259677	  0.177583	  0.232627	  0.330114	
  0.459187	  0.184834	  0.101439	  0.254540	
  0.635165	  0.119568	  0.125698	  0.119568	

URL http://cisbp.ccbr.utoronto.ca/TFreport.php?versionNumber=2.00&searchTF=T057680_2.00

MOTIF M01179_2.00 (CADAFLAG00003726)_(Histoplasma_capsulatum)_(DBD_0.84)

letter-probability matrix: alength= 4 w= 10 nsites= 1 E= 0
  0.189259	  0.147395	  0.479679	  0.183666	
  0.363992	  0.251422	  0.232091	  0.152495	
  0.098752	  0.153332	  0.100747	  0.647169	
  0.150498	  0.000229	  0.848908	  0.000366	
  0.002184	  0.983339	  0.000167	  0.014310	
  0.002598	  0.986913	  0.010325	  0.000164	
  0.036529	  0.037642	  0.056155	  0.869674	
  0.142295	  0.097310	  0.427477	  0.332919	
  0.712421	  0.080533	  0.181031	  0.026015	
  0.192284	  0.272864	  0.214643	  0.320209	

URL http://cisbp.ccbr.utoronto.ca/TFreport.php?versionNumber=2.00&searchTF=T082103_2.00

MOTIF M01186_2.00 (CADAFLAG00010295)_(Schizosaccharomyces_pombe)_(DBD_0.76)

letter-probability matrix: alength= 4 w= 10 nsites= 1 E= 0
  0.256395	  0.163485	  0.193779	  0.386341	
  0.391732	  0.188779	  0.204502	  0.214987	
  0.022499	  0.937723	  0.013111	  0.026668	
  0.007099	  0.880037	  0.004015	  0.108849	
  0.000048	  0.996330	  0.002545	  0.001077	
  0.006410	  0.990227	  0.000453	  0.002909	
  0.208754	  0.040494	  0.529089	  0.221663	
  0.056743	  0.896529	  0.002093	  0.044636	
  0.382669	  0.216409	  0.131259	  0.269663	
  0.165510	  0.379566	  0.141038	  0.313886	

URL http://cisbp.ccbr.utoronto.ca/TFreport.php?versionNumber=2.00&searchTF=T082123_2.00

MOTIF M01192_2.00 (CADAFLAG00004799)_(Neurospora_crassa)_(DBD_0.85)

letter-probability matrix: alength= 4 w= 8 nsites= 1 E= 0
  0.238098	  0.442125	  0.231298	  0.088479	
  0.005803	  0.971099	  0.005803	  0.017295	
  0.000055	  0.933916	  0.000055	  0.065975	
  0.000055	  0.988849	  0.000055	  0.011042	
  0.005548	  0.884476	  0.000055	  0.109921	
  0.022150	  0.016626	  0.011103	  0.950122	
  0.246270	  0.000075	  0.447702	  0.305953	
  0.547243	  0.042193	  0.147412	  0.263152	

URL http://cisbp.ccbr.utoronto.ca/TFreport.php?versionNumber=2.00&searchTF=T082105_2.00

MOTIF M01193_2.00 (CADAFLAG00007610)_(Neurospora_crassa)_(DBD_0.91)

letter-probability matrix: alength= 4 w= 10 nsites= 1 E= 0
  0.171974	  0.307153	  0.259134	  0.261738	
  0.176120	  0.141339	  0.539781	  0.142760	
  0.201468	  0.325587	  0.241201	  0.231743	
  0.242179	  0.354135	  0.186733	  0.216953	
  0.187486	  0.174811	  0.494579	  0.143123	
  0.781029	  0.071565	  0.138464	  0.008941	
  0.008899	  0.010236	  0.050195	  0.930671	
  0.046751	  0.849653	  0.086906	  0.016690	
  0.257316	  0.290123	  0.290123	  0.162439	
  0.191340	  0.312327	  0.250648	  0.245685	

URL http://cisbp.ccbr.utoronto.ca/TFreport.php?versionNumber=2.00&searchTF=T082114_2.00

MOTIF M01198_2.00 (CADAFLAG00007346)_(Neurospora_crassa)_(DBD_0.94)

letter-probability matrix: alength= 4 w= 8 nsites= 1 E= 0
  0.008032	  0.985829	  0.000534	  0.005604	
  0.000361	  0.758996	  0.000317	  0.240326	
  0.065429	  0.872155	  0.039290	  0.023126	
  0.000001	  0.999660	  0.000134	  0.000205	
  0.499172	  0.000032	  0.489288	  0.011507	
  0.139979	  0.376715	  0.252520	  0.230786	
  0.284498	  0.230610	  0.244870	  0.240021	
  0.280918	  0.298289	  0.261926	  0.158866	

URL http://cisbp.ccbr.utoronto.ca/TFreport.php?versionNumber=2.00&searchTF=T082113_2.00

MOTIF M01235_2.00 (CADAFLAG00003906)_(Neurospora_crassa)_(DBD_0.92)

letter-probability matrix: alength= 4 w= 11 nsites= 1 E= 0
  0.224507	  0.326478	  0.224507	  0.224507	
  0.203126	  0.299039	  0.391867	  0.105967	
  0.225223	  0.724938	  0.024920	  0.024920	
  0.000216	  0.000216	  0.999351	  0.000216	
  0.999351	  0.000216	  0.000216	  0.000216	
  0.000216	  0.000216	  0.000216	  0.999351	
  0.000216	  0.999351	  0.000216	  0.000216	
  0.000216	  0.000216	  0.897514	  0.102053	
  0.347248	  0.117812	  0.509230	  0.025709	
  0.144249	  0.144249	  0.144249	  0.567252	
  0.225297	  0.324110	  0.225297	  0.225297	

URL http://cisbp.ccbr.utoronto.ca/TFreport.php?versionNumber=2.00&searchTF=T192029_2.00

MOTIF M01236_2.00 (CADAFLAG00012097)_(Neurospora_crassa)_(DBD_0.78)

letter-probability matrix: alength= 4 w= 8 nsites= 1 E= 0
  0.349800	  0.449601	  0.100299	  0.100299	
  0.200067	  0.799268	  0.000333	  0.000333	
  0.000322	  0.000322	  0.999034	  0.000322	
  0.999064	  0.000312	  0.000312	  0.000312	
  0.000312	  0.000312	  0.000312	  0.999064	
  0.000312	  0.999064	  0.000312	  0.000312	
  0.000322	  0.000322	  0.805735	  0.193621	
  0.624376	  0.208403	  0.083611	  0.083611	

URL http://cisbp.ccbr.utoronto.ca/TFreport.php?versionNumber=2.00&searchTF=T192035_2.00

MOTIF M01237_2.00 (CADAFLAG00007123)_(Neurospora_crassa)_(DBD_0.85)

letter-probability matrix: alength= 4 w= 8 nsites= 1 E= 0
  0.227143	  0.251032	  0.238789	  0.283037	
  0.422687	  0.229667	  0.067130	  0.280516	
  0.086439	  0.059112	  0.811951	  0.042497	
  0.921225	  0.000266	  0.017214	  0.061295	
  0.095561	  0.028212	  0.030869	  0.845358	
  0.509100	  0.209065	  0.076911	  0.204925	
  0.563117	  0.107070	  0.130776	  0.199036	
  0.224323	  0.222091	  0.373563	  0.180023	

URL http://cisbp.ccbr.utoronto.ca/TFreport.php?versionNumber=2.00&searchTF=T192030_2.00

MOTIF M01239_2.00 (CADAFLAG00001182)_(Aspergillus_nidulans)_(DBD_0.78)

letter-probability matrix: alength= 4 w= 10 nsites= 1 E= 0
  0.345705	  0.171672	  0.216066	  0.266556	
  0.404250	  0.122981	  0.176273	  0.296496	
  0.132827	  0.157441	  0.102417	  0.607316	
  0.119716	  0.033286	  0.531193	  0.315805	
  0.827533	  0.000249	  0.064615	  0.107603	
  0.011166	  0.927828	  0.007336	  0.053670	
  0.794486	  0.050790	  0.074269	  0.080455	
  0.230699	  0.164205	  0.076029	  0.529067	
  0.192385	  0.259692	  0.361224	  0.186699	
  0.232019	  0.222921	  0.205782	  0.339278	

URL http://cisbp.ccbr.utoronto.ca/TFreport.php?versionNumber=2.00&searchTF=T205301_2.00

MOTIF M01271_2.00 (CADAFLAG00007181)_(Aspergillus_nidulans)_(DBD_0.89)

letter-probability matrix: alength= 4 w= 9 nsites= 1 E= 0
  0.209526	  0.195361	  0.099968	  0.495145	
  0.470138	  0.145915	  0.285153	  0.098793	
  0.320647	  0.221482	  0.070129	  0.387742	
  0.021126	  0.014447	  0.000991	  0.963436	
  0.999769	  0.000052	  0.000057	  0.000122	
  0.114475	  0.033460	  0.031198	  0.820866	
  0.632245	  0.066638	  0.108775	  0.192342	
  0.216576	  0.142300	  0.472454	  0.168669	
  0.193504	  0.285801	  0.345605	  0.175089	

URL http://cisbp.ccbr.utoronto.ca/TFreport.php?versionNumber=2.00&searchTF=T268400_2.00

MOTIF M01331_2.00 (CADAFLAG00007923)_(Aspergillus_nidulans)_(DBD_0.76)

letter-probability matrix: alength= 4 w= 10 nsites= 1 E= 0
  0.261050	  0.229226	  0.266323	  0.243401	
  0.285743	  0.193464	  0.277298	  0.243494	
  0.195025	  0.268574	  0.290943	  0.245458	
  0.106362	  0.444455	  0.119923	  0.329260	
  0.055244	  0.082414	  0.048509	  0.813833	
  0.000495	  0.999202	  0.000034	  0.000269	
  0.001097	  0.052092	  0.946720	  0.000091	
  0.014121	  0.011678	  0.951151	  0.023050	
  0.316070	  0.222731	  0.285992	  0.175206	
  0.240087	  0.208721	  0.333953	  0.217239	

URL http://cisbp.ccbr.utoronto.ca/TFreport.php?versionNumber=2.00&searchTF=T361094_2.00

MOTIF M01332_2.00 (CADAFLAG00010000)_(Aspergillus_nidulans)_(DBD_1.00)

letter-probability matrix: alength= 4 w= 7 nsites= 1 E= 0
  0.285553	  0.253263	  0.178471	  0.282712	
  0.146269	  0.193532	  0.067050	  0.593149	
  0.000011	  0.999265	  0.000000	  0.000724	
  0.000041	  0.043938	  0.956021	  0.000000	
  0.001665	  0.005696	  0.972358	  0.020282	
  0.223568	  0.301785	  0.298782	  0.175865	
  0.372727	  0.176064	  0.177833	  0.273376	

URL http://cisbp.ccbr.utoronto.ca/TFreport.php?versionNumber=2.00&searchTF=T361143_2.00

MOTIF M01334_2.00 (CADAFLAG00006842)_(Aspergillus_nidulans)_(DBD_0.87)

letter-probability matrix: alength= 4 w= 8 nsites= 1 E= 0
  0.279951	  0.220217	  0.263648	  0.236185	
  0.164086	  0.354387	  0.179538	  0.301989	
  0.112866	  0.306802	  0.079535	  0.500797	
  0.001113	  0.922605	  0.043259	  0.033023	
  0.000640	  0.041036	  0.957629	  0.000694	
  0.000520	  0.001455	  0.977832	  0.020193	
  0.622517	  0.100864	  0.193209	  0.083410	
  0.472747	  0.078930	  0.083811	  0.364512	

URL http://cisbp.ccbr.utoronto.ca/TFreport.php?versionNumber=2.00&searchTF=T361079_2.00

MOTIF M01337_2.00 (CADAFLAG00009480)_(Aspergillus_nidulans)_(DBD_0.86)

letter-probability matrix: alength= 4 w= 9 nsites= 1 E= 0
  0.196942	  0.470082	  0.136034	  0.196942	
  0.097261	  0.155617	  0.140808	  0.606314	
  0.025508	  0.853194	  0.049848	  0.071449	
  0.059087	  0.041224	  0.836318	  0.063371	
  0.035823	  0.065275	  0.054522	  0.844380	
  0.814627	  0.047595	  0.059307	  0.078471	
  0.090654	  0.069899	  0.045470	  0.793976	
  0.261562	  0.150908	  0.055516	  0.532014	
  0.222938	  0.205798	  0.264250	  0.307014	

URL http://cisbp.ccbr.utoronto.ca/TFreport.php?versionNumber=2.00&searchTF=T361125_2.00

MOTIF M01339_2.00 (CADAFLAG00008615)_(Aspergillus_nidulans)_(DBD_0.59)

letter-probability matrix: alength= 4 w= 10 nsites= 1 E= 0
  0.264751	  0.230163	  0.221138	  0.283947	
  0.278873	  0.217187	  0.210768	  0.293172	
  0.278873	  0.217187	  0.210768	  0.293172	
  0.282477	  0.197077	  0.211367	  0.309079	
  0.240172	  0.242586	  0.202625	  0.314617	
  0.248605	  0.236480	  0.231797	  0.283118	
  0.195736	  0.462555	  0.155519	  0.186190	
  0.136580	  0.559427	  0.098191	  0.205802	
  0.254956	  0.001806	  0.561768	  0.181470	
  0.373663	  0.187420	  0.235887	  0.203030	

URL http://cisbp.ccbr.utoronto.ca/TFreport.php?versionNumber=2.00&searchTF=T361106_2.00

MOTIF M01342_2.00 (CADAFLAG00000252)_(Aspergillus_nidulans)_(DBD_0.73)

letter-probability matrix: alength= 4 w= 10 nsites= 1 E= 0
  0.245151	  0.161076	  0.380648	  0.213124	
  0.054065	  0.735233	  0.098513	  0.112189	
  0.037993	  0.843368	  0.032376	  0.086263	
  0.037826	  0.031281	  0.465447	  0.465447	
  0.259908	  0.735337	  0.000135	  0.004620	
  0.000112	  0.000243	  0.998892	  0.000753	
  0.000057	  0.000060	  0.999188	  0.000696	
  0.093572	  0.468124	  0.121357	  0.316947	
  0.456872	  0.047200	  0.001004	  0.494923	
  0.404742	  0.174731	  0.213417	  0.207110	

URL http://cisbp.ccbr.utoronto.ca/TFreport.php?versionNumber=2.00&searchTF=T360946_2.00

MOTIF M01343_2.00 (CADAFLAG00001126)_(Aspergillus_nidulans)_(DBD_0.95)

letter-probability matrix: alength= 4 w= 10 nsites= 1 E= 0
  0.311791	  0.213222	  0.255273	  0.219715	
  0.219752	  0.245305	  0.282168	  0.252775	
  0.152362	  0.471662	  0.101115	  0.274860	
  0.047096	  0.226375	  0.073127	  0.653402	
  0.008170	  0.973139	  0.013881	  0.004809	
  0.000595	  0.006364	  0.992893	  0.000148	
  0.012469	  0.093999	  0.271316	  0.622215	
  0.618934	  0.019453	  0.286575	  0.075038	
  0.270230	  0.125120	  0.026823	  0.577827	
  0.308082	  0.221487	  0.108893	  0.361538	

URL http://cisbp.ccbr.utoronto.ca/TFreport.php?versionNumber=2.00&searchTF=T360966_2.00

MOTIF M01344_2.00 (CADAFLAG00001251)_(Aspergillus_nidulans)_(DBD_0.97)

letter-probability matrix: alength= 4 w= 8 nsites= 1 E= 0
  0.561721	  0.062968	  0.187656	  0.187656	
  0.040335	  0.120208	  0.000399	  0.839058	
  0.000344	  0.998967	  0.000344	  0.000344	
  0.000344	  0.998967	  0.000344	  0.000344	
  0.000344	  0.000344	  0.998967	  0.000344	
  0.000357	  0.000357	  0.998930	  0.000357	
  0.927603	  0.000357	  0.071683	  0.000357	
  0.726407	  0.136570	  0.091198	  0.045826	

URL http://cisbp.ccbr.utoronto.ca/TFreport.php?versionNumber=2.00&searchTF=T360971_2.00

MOTIF M01345_2.00 (CADAFLAG00005530)_(Aspergillus_nidulans)_(DBD_0.84)

letter-probability matrix: alength= 4 w= 10 nsites= 1 E= 0
  0.029750	  0.937142	  0.000556	  0.032552	
  0.026321	  0.003898	  0.963291	  0.006491	
  0.059877	  0.058691	  0.864617	  0.016815	
  0.099445	  0.441248	  0.194340	  0.264967	
  0.357213	  0.062698	  0.143787	  0.436301	
  0.603990	  0.060555	  0.074706	  0.260749	
  0.291346	  0.199240	  0.074777	  0.434637	
  0.208238	  0.196111	  0.136822	  0.458830	
  0.212882	  0.174293	  0.420202	  0.192623	
  0.334592	  0.211222	  0.242964	  0.211222	

URL http://cisbp.ccbr.utoronto.ca/TFreport.php?versionNumber=2.00&searchTF=T361063_2.00

MOTIF M01347_2.00 (CADAFLAG00004637)_(Aspergillus_nidulans)_(DBD_0.92)

letter-probability matrix: alength= 4 w= 10 nsites= 1 E= 0
  0.276614	  0.198864	  0.176377	  0.348146	
  0.415053	  0.107598	  0.357239	  0.120110	
  0.381929	  0.071182	  0.328729	  0.218161	
  0.477788	  0.018342	  0.016431	  0.487440	
  0.074349	  0.549368	  0.163820	  0.212463	
  0.110522	  0.655382	  0.185902	  0.048193	
  0.003526	  0.972880	  0.019111	  0.004483	
  0.000265	  0.984507	  0.015213	  0.000015	
  0.000495	  0.000042	  0.989614	  0.009848	
  0.477462	  0.131431	  0.267330	  0.123777	

URL http://cisbp.ccbr.utoronto.ca/TFreport.php?versionNumber=2.00&searchTF=T361046_2.00

MOTIF M01349_2.00 (CADAFLAG00007096)_(Aspergillus_nidulans)_(DBD_0.76)

letter-probability matrix: alength= 4 w= 9 nsites= 1 E= 0
  0.156376	  0.474500	  0.111304	  0.257820	
  0.089075	  0.182998	  0.138307	  0.589619	
  0.035283	  0.919116	  0.000296	  0.045305	
  0.012790	  0.067944	  0.905684	  0.013581	
  0.054850	  0.153640	  0.695485	  0.096025	
  0.246459	  0.269670	  0.310194	  0.173677	
  0.364180	  0.001800	  0.068556	  0.565465	
  0.611369	  0.089631	  0.132383	  0.166617	
  0.318988	  0.184040	  0.205440	  0.291533	

URL http://cisbp.ccbr.utoronto.ca/TFreport.php?versionNumber=2.00&searchTF=T361082_2.00

MOTIF M01350_2.00 (CADAFLAG00008989)_(Aspergillus_nidulans)_(DBD_1.00)

letter-probability matrix: alength= 4 w= 10 nsites= 1 E= 0
  0.114051	  0.624311	  0.163473	  0.098165	
  0.129835	  0.617864	  0.107369	  0.144932	
  0.141030	  0.177500	  0.502186	  0.179284	
  0.087668	  0.815299	  0.001109	  0.095924	
  0.005486	  0.000001	  0.994492	  0.000020	
  0.012688	  0.032806	  0.953957	  0.000549	
  0.695374	  0.098934	  0.159884	  0.045808	
  0.321840	  0.156656	  0.385313	  0.136191	
  0.357958	  0.212813	  0.186871	  0.242358	
  0.310636	  0.216724	  0.104441	  0.368199	

URL http://cisbp.ccbr.utoronto.ca/TFreport.php?versionNumber=2.00&searchTF=T361113_2.00

MOTIF M01353_2.00 (CADAFLAG00012402)_(Aspergillus_nidulans)_(DBD_0.84)

letter-probability matrix: alength= 4 w= 8 nsites= 1 E= 0
  0.001984	  0.994048	  0.001984	  0.001984	
  0.001984	  0.001984	  0.994048	  0.001984	
  0.001984	  0.001984	  0.994048	  0.001984	
  0.994048	  0.001984	  0.001984	  0.001984	
  0.994048	  0.001984	  0.001984	  0.001984	
  0.795635	  0.001984	  0.001984	  0.200397	
  0.200397	  0.001984	  0.001984	  0.795635	
  0.661184	  0.003289	  0.332237	  0.003289	

URL http://cisbp.ccbr.utoronto.ca/TFreport.php?versionNumber=2.00&searchTF=T361184_2.00

MOTIF M01359_2.00 (CADAFLAG00010556)_(Aspergillus_nidulans)_(DBD_0.95)

letter-probability matrix: alength= 4 w= 10 nsites= 1 E= 0
  0.195863	  0.277942	  0.259152	  0.267044	
  0.187686	  0.312551	  0.193401	  0.306362	
  0.132189	  0.226838	  0.094089	  0.546884	
  0.000041	  0.999957	  0.000001	  0.000001	
  0.000177	  0.048790	  0.951014	  0.000019	
  0.010511	  0.011970	  0.965306	  0.012212	
  0.298813	  0.340296	  0.186759	  0.174133	
  0.249660	  0.242281	  0.347269	  0.160790	
  0.315893	  0.175108	  0.205491	  0.303507	
  0.308164	  0.160876	  0.154568	  0.376392	

URL http://cisbp.ccbr.utoronto.ca/TFreport.php?versionNumber=2.00&searchTF=T361153_2.00

MOTIF M01363_2.00 (CADAFLAG00002231)_(Aspergillus_nidulans)_(DBD_0.90)

letter-probability matrix: alength= 4 w= 10 nsites= 1 E= 0
  0.192312	  0.310791	  0.204204	  0.292692	
  0.144699	  0.176736	  0.147622	  0.530943	
  0.006163	  0.981007	  0.001932	  0.010898	
  0.003713	  0.045691	  0.945682	  0.004913	
  0.013524	  0.083469	  0.875222	  0.027784	
  0.217300	  0.446429	  0.114581	  0.221690	
  0.232257	  0.157251	  0.472409	  0.138082	
  0.260928	  0.233748	  0.233748	  0.271576	
  0.263594	  0.224620	  0.176692	  0.335094	
  0.276312	  0.200643	  0.235457	  0.287588	

URL http://cisbp.ccbr.utoronto.ca/TFreport.php?versionNumber=2.00&searchTF=T360992_2.00

MOTIF M01364_2.00 (CADAFLAG00000859)_(Aspergillus_nidulans)_(DBD_0.71)

letter-probability matrix: alength= 4 w= 8 nsites= 1 E= 0
  0.000554	  0.333149	  0.000554	  0.665743	
  0.000294	  0.999119	  0.000294	  0.000294	
  0.000294	  0.000294	  0.999119	  0.000294	
  0.000294	  0.000294	  0.999119	  0.000294	
  0.000294	  0.734724	  0.088425	  0.176557	
  0.176557	  0.000294	  0.822855	  0.000294	
  0.734724	  0.000294	  0.000294	  0.264689	
  0.241391	  0.103650	  0.000344	  0.654614	

URL http://cisbp.ccbr.utoronto.ca/TFreport.php?versionNumber=2.00&searchTF=T360961_2.00

MOTIF M01365_2.00 (CADAFLAG00008087)_(Aspergillus_nidulans)_(DBD_0.63)

letter-probability matrix: alength= 4 w= 10 nsites= 1 E= 0
  0.251463	  0.267013	  0.253991	  0.227533	
  0.247762	  0.302617	  0.196855	  0.252767	
  0.081605	  0.766540	  0.054157	  0.097699	
  0.003342	  0.020418	  0.969166	  0.007074	
  0.011307	  0.022318	  0.948994	  0.017381	
  0.825241	  0.032320	  0.094224	  0.048215	
  0.427288	  0.082061	  0.140817	  0.349834	
  0.560190	  0.109758	  0.075813	  0.254239	
  0.421785	  0.176707	  0.069721	  0.331788	
  0.277012	  0.215737	  0.268825	  0.238426	

URL http://cisbp.ccbr.utoronto.ca/TFreport.php?versionNumber=2.00&searchTF=T361095_2.00

MOTIF M01371_2.00 (CADAFLAG00002590)_(Aspergillus_nidulans)_(DBD_0.92)

letter-probability matrix: alength= 4 w= 10 nsites= 1 E= 0
  0.163977	  0.188618	  0.119072	  0.528333	
  0.034151	  0.944618	  0.003225	  0.018007	
  0.027482	  0.080121	  0.892066	  0.000331	
  0.043214	  0.088780	  0.850785	  0.017222	
  0.383798	  0.228176	  0.208537	  0.179489	
  0.312520	  0.153648	  0.381712	  0.152120	
  0.277856	  0.234417	  0.220766	  0.266961	
  0.353549	  0.172091	  0.227698	  0.246663	
  0.292455	  0.146688	  0.162116	  0.398741	
  0.358075	  0.154585	  0.176045	  0.311295	

URL http://cisbp.ccbr.utoronto.ca/TFreport.php?versionNumber=2.00&searchTF=T360997_2.00

MOTIF M01373_2.00 (CADAFLAG00010143)_(Aspergillus_nidulans)_(DBD_0.76)

letter-probability matrix: alength= 4 w= 8 nsites= 1 E= 0
  0.001106	  0.554204	  0.001106	  0.443584	
  0.000623	  0.998130	  0.000623	  0.000623	
  0.000623	  0.000623	  0.998130	  0.000623	
  0.000623	  0.000623	  0.998130	  0.000623	
  0.998130	  0.000623	  0.000623	  0.000623	
  0.250000	  0.000623	  0.000623	  0.748753	
  0.998005	  0.000665	  0.000665	  0.000665	
  0.665282	  0.000831	  0.000831	  0.333056	

URL http://cisbp.ccbr.utoronto.ca/TFreport.php?versionNumber=2.00&searchTF=T361146_2.00

MOTIF M01375_2.00 (CADAFLAG00011829)_(Aspergillus_nidulans)_(DBD_0.90)

letter-probability matrix: alength= 4 w= 9 nsites= 1 E= 0
  0.174519	  0.412416	  0.179834	  0.233232	
  0.059494	  0.939994	  0.000160	  0.000352	
  0.003640	  0.040940	  0.955388	  0.000031	
  0.022930	  0.000404	  0.955710	  0.020957	
  0.728913	  0.110118	  0.084907	  0.076062	
  0.197524	  0.220492	  0.426606	  0.155378	
  0.218628	  0.319697	  0.163592	  0.298083	
  0.386521	  0.124859	  0.256515	  0.232104	
  0.195131	  0.366381	  0.231290	  0.207198	

URL http://cisbp.ccbr.utoronto.ca/TFreport.php?versionNumber=2.00&searchTF=T361173_2.00

MOTIF M01378_2.00 (CADAFLAG00005111)_(Aspergillus_nidulans)_(DBD_0.74)

letter-probability matrix: alength= 4 w= 8 nsites= 1 E= 0
  0.221998	  0.231058	  0.337873	  0.209070	
  0.222786	  0.322535	  0.187957	  0.266723	
  0.187996	  0.032669	  0.739830	  0.039505	
  0.000803	  0.993103	  0.000099	  0.005994	
  0.014050	  0.000207	  0.984963	  0.000781	
  0.006205	  0.016369	  0.968168	  0.009257	
  0.923254	  0.012780	  0.022374	  0.041592	
  0.869885	  0.028742	  0.065915	  0.035458	

URL http://cisbp.ccbr.utoronto.ca/TFreport.php?versionNumber=2.00&searchTF=T361054_2.00

MOTIF M01390_2.00 (CADAFLAG00012297)_(Aspergillus_nidulans)_(DBD_0.54)

letter-probability matrix: alength= 4 w= 8 nsites= 1 E= 0
  0.190589	  0.380703	  0.380703	  0.048004	
  0.000277	  0.000277	  0.000277	  0.999168	
  0.000277	  0.999168	  0.000277	  0.000277	
  0.000277	  0.000277	  0.999168	  0.000277	
  0.000277	  0.139012	  0.860433	  0.000277	
  0.000277	  0.721698	  0.028024	  0.250000	
  0.200057	  0.000285	  0.000285	  0.799372	
  0.922043	  0.038786	  0.038786	  0.000384	

URL http://cisbp.ccbr.utoronto.ca/TFreport.php?versionNumber=2.00&searchTF=T361180_2.00

MOTIF M01398_2.00 (CADAFLAG00009914)_(Aspergillus_nidulans)_(DBD_0.95)

letter-probability matrix: alength= 4 w= 9 nsites= 1 E= 0
  0.237191	  0.208276	  0.326642	  0.227891	
  0.527458	  0.148127	  0.210202	  0.114213	
  0.030582	  0.907236	  0.032799	  0.029383	
  0.000097	  0.999312	  0.000055	  0.000536	
  0.000061	  0.000073	  0.999171	  0.000696	
  0.010118	  0.032599	  0.947943	  0.009340	
  0.254257	  0.298374	  0.269980	  0.177389	
  0.428613	  0.060374	  0.073741	  0.437272	
  0.423193	  0.192064	  0.214397	  0.170346	

URL http://cisbp.ccbr.utoronto.ca/TFreport.php?versionNumber=2.00&searchTF=T361140_2.00

MOTIF M01400_2.00 (CADAFLAG00001948)_(Aspergillus_nidulans)_(DBD_0.92)

letter-probability matrix: alength= 4 w= 10 nsites= 1 E= 0
  0.194709	  0.302326	  0.302326	  0.200639	
  0.262736	  0.219455	  0.412052	  0.105757	
  0.044857	  0.025623	  0.857029	  0.072492	
  0.000091	  0.979449	  0.000030	  0.020430	
  0.005534	  0.000021	  0.993185	  0.001260	
  0.069644	  0.447372	  0.324859	  0.158126	
  0.108194	  0.312288	  0.166322	  0.413197	
  0.369512	  0.048047	  0.036678	  0.545762	
  0.507538	  0.188589	  0.181194	  0.122679	
  0.261951	  0.249175	  0.234665	  0.254209	

URL http://cisbp.ccbr.utoronto.ca/TFreport.php?versionNumber=2.00&searchTF=T360983_2.00

MOTIF M01403_2.00 (CADAFLAG00008522)_(Aspergillus_nidulans)_(DBD_0.79)

letter-probability matrix: alength= 4 w= 8 nsites= 1 E= 0
  0.229462	  0.171698	  0.246099	  0.352741	
  0.101801	  0.082518	  0.640991	  0.174690	
  0.007281	  0.939391	  0.005614	  0.047714	
  0.000027	  0.005706	  0.993868	  0.000399	
  0.000511	  0.015476	  0.981721	  0.002292	
  0.533815	  0.172440	  0.217033	  0.076711	
  0.475985	  0.058873	  0.129721	  0.335421	
  0.386124	  0.191744	  0.220558	  0.201575	

URL http://cisbp.ccbr.utoronto.ca/TFreport.php?versionNumber=2.00&searchTF=T361105_2.00

MOTIF M01410_2.00 (CADAFLAG00003470)_(Aspergillus_nidulans)_(DBD_0.90)

letter-probability matrix: alength= 4 w= 10 nsites= 1 E= 0
  0.008392	  0.969950	  0.011908	  0.009750	
  0.002949	  0.012696	  0.983691	  0.000665	
  0.003492	  0.044276	  0.944304	  0.007928	
  0.274705	  0.216090	  0.309729	  0.199476	
  0.318677	  0.133510	  0.297132	  0.250680	
  0.568082	  0.142917	  0.064862	  0.224139	
  0.461961	  0.111662	  0.107284	  0.319092	
  0.192633	  0.012817	  0.005533	  0.789016	
  0.189021	  0.004314	  0.008863	  0.797802	
  0.384235	  0.116892	  0.056898	  0.441975	

URL http://cisbp.ccbr.utoronto.ca/TFreport.php?versionNumber=2.00&searchTF=T361020_2.00

MOTIF M01420_2.00 (CADAFLAG00008913)_(Neurospora_crassa)_(DBD_0.87)

letter-probability matrix: alength= 4 w= 11 nsites= 1 E= 0
  0.246046	  0.255232	  0.244001	  0.254721	
  0.197461	  0.506031	  0.100161	  0.196348	
  0.121770	  0.121877	  0.633470	  0.122883	
  0.599356	  0.096427	  0.105102	  0.199115	
  0.000240	  0.504786	  0.000240	  0.494735	
  0.000240	  0.999281	  0.000240	  0.000240	
  0.000240	  0.096427	  0.903094	  0.000240	
  0.105102	  0.000240	  0.894419	  0.000240	
  0.400629	  0.197681	  0.100381	  0.301309	
  0.249515	  0.252660	  0.347746	  0.150079	
  0.224657	  0.224657	  0.224657	  0.326030	

URL http://cisbp.ccbr.utoronto.ca/TFreport.php?versionNumber=2.00&searchTF=T361111_2.00

MOTIF M01447_2.00 (CADAFLAG00001276)_(Histoplasma_capsulatum)_(DBD_0.96)

letter-probability matrix: alength= 4 w= 9 nsites= 1 E= 0
  0.206440	  0.219205	  0.194417	  0.379938	
  0.329746	  0.175620	  0.313665	  0.180969	
  0.027591	  0.802292	  0.067862	  0.102255	
  0.028927	  0.902134	  0.014080	  0.054859	
  0.003857	  0.992123	  0.003896	  0.000125	
  0.003073	  0.994949	  0.001921	  0.000057	
  0.000483	  0.013239	  0.000758	  0.985519	
  0.082078	  0.078859	  0.537896	  0.301167	
  0.408119	  0.104748	  0.344316	  0.142816	

URL http://cisbp.ccbr.utoronto.ca/TFreport.php?versionNumber=2.00&searchTF=T082092_2.00

MOTIF M01448_2.00 (CADAFLAG00002016)_(Histoplasma_capsulatum)_(DBD_0.95)

letter-probability matrix: alength= 4 w= 10 nsites= 1 E= 0
  0.199492	  0.067072	  0.668993	  0.064443	
  0.146539	  0.259120	  0.082871	  0.511470	
  0.121144	  0.778198	  0.044566	  0.056091	
  0.172916	  0.615729	  0.036701	  0.174654	
  0.154373	  0.033763	  0.720086	  0.091778	
  0.216730	  0.046930	  0.051865	  0.684475	
  0.010124	  0.014082	  0.948547	  0.027247	
  0.029134	  0.881758	  0.023616	  0.065491	
  0.232021	  0.078793	  0.501112	  0.188073	
  0.095693	  0.391955	  0.194639	  0.317713	

URL http://cisbp.ccbr.utoronto.ca/TFreport.php?versionNumber=2.00&searchTF=T082093_2.00

MOTIF M01450_2.00 (CADAFLAG00006089)_(Histoplasma_capsulatum)_(DBD_0.88)

letter-probability matrix: alength= 4 w= 8 nsites= 1 E= 0
  0.332237	  0.003289	  0.003289	  0.661184	
  0.332237	  0.003289	  0.003289	  0.661184	
  0.003289	  0.003289	  0.003289	  0.990132	
  0.003289	  0.003289	  0.003289	  0.990132	
  0.003289	  0.003289	  0.003289	  0.990132	
  0.003289	  0.003289	  0.003289	  0.990132	
  0.003289	  0.003289	  0.003289	  0.990132	
  0.003289	  0.003289	  0.003289	  0.990132	

URL http://cisbp.ccbr.utoronto.ca/TFreport.php?versionNumber=2.00&searchTF=T082109_2.00

MOTIF M01474_2.00 (CADAFLAG00008834)_(Neurospora_crassa)_(DBD_0.91)

letter-probability matrix: alength= 4 w= 10 nsites= 1 E= 0
  0.182660	  0.313445	  0.223101	  0.280795	
  0.189292	  0.109212	  0.530218	  0.171278	
  0.198474	  0.320749	  0.212865	  0.267912	
  0.293861	  0.334657	  0.195021	  0.176462	
  0.157266	  0.177317	  0.548912	  0.116505	
  0.974295	  0.000972	  0.024088	  0.000645	
  0.003870	  0.000302	  0.000238	  0.995590	
  0.098639	  0.736176	  0.088364	  0.076820	
  0.302958	  0.276883	  0.250534	  0.169626	
  0.173810	  0.307342	  0.232284	  0.286564	

URL http://cisbp.ccbr.utoronto.ca/TFreport.php?versionNumber=2.00&searchTF=T082119_2.00

MOTIF M01536_2.00 (CADAFLAG00002691)_(Saccharomyces_cerevisiae)_(DBD_0.87)

letter-probability matrix: alength= 4 w= 8 nsites= 1 E= 0
  0.582226	  0.083887	  0.083887	  0.250000	
  0.187656	  0.000623	  0.000623	  0.811097	
  0.117958	  0.000587	  0.000587	  0.880869	
  0.000587	  0.000587	  0.000587	  0.998239	
  0.000587	  0.000587	  0.000587	  0.998239	
  0.000587	  0.000587	  0.000587	  0.998239	
  0.000587	  0.000587	  0.000587	  0.998239	
  0.000767	  0.690951	  0.077454	  0.230828	

URL http://cisbp.ccbr.utoronto.ca/TFreport.php?versionNumber=2.00&searchTF=T082100_2.00

MOTIF M01557_2.00 (CADAFLAG00001438)_(Saccharomyces_cerevisiae)_(DBD_0.73)

letter-probability matrix: alength= 4 w= 8 nsites= 1 E= 0
  0.009615	  0.009615	  0.009615	  0.971154	
  0.009615	  0.009615	  0.009615	  0.971154	
  0.971154	  0.009615	  0.009615	  0.009615	
  0.971154	  0.009615	  0.009615	  0.009615	
  0.009615	  0.009615	  0.009615	  0.971154	
  0.971154	  0.009615	  0.009615	  0.009615	
  0.971154	  0.009615	  0.009615	  0.009615	
  0.971154	  0.009615	  0.009615	  0.009615	

URL http://cisbp.ccbr.utoronto.ca/TFreport.php?versionNumber=2.00&searchTF=T253439_2.00

MOTIF M01558_2.00 (CADAFLAG00008776)_(Saccharomyces_cerevisiae)_(DBD_0.88)

letter-probability matrix: alength= 4 w= 10 nsites= 1 E= 0
  0.112022	  0.583295	  0.081344	  0.223339	
  0.214189	  0.229719	  0.346145	  0.209947	
  0.417547	  0.152079	  0.229155	  0.201220	
  0.584466	  0.060382	  0.129114	  0.226037	
  0.385008	  0.091219	  0.093997	  0.429776	
  0.301324	  0.230024	  0.179143	  0.289509	
  0.257339	  0.273252	  0.284403	  0.185007	
  0.278132	  0.034747	  0.644255	  0.042867	
  0.109929	  0.000794	  0.742363	  0.146913	
  0.392464	  0.185387	  0.181716	  0.240434	

