MEME version 4

ALPHABET= ACGT

strands: + -

Background letter frequencies (from uniform background):
A 0.25000 C 0.25000 G 0.25000 T 0.25000 

MOTIF M00051_2.00 (ANIA_06221)_(Saccharomyces_cerevisiae)_(DBD_0.80)

letter-probability matrix: alength= 4 w= 8 nsites= 1 E= 0
  0.270248	  0.432235	  0.000270	  0.297246	
  0.000196	  0.000196	  0.999412	  0.000196	
  0.999424	  0.000192	  0.000192	  0.000192	
  0.000192	  0.000192	  0.000192	  0.999424	
  0.980208	  0.000192	  0.019408	  0.000192	
  0.940635	  0.000196	  0.000196	  0.058973	
  0.022934	  0.113760	  0.840372	  0.022934	
  0.344697	  0.241391	  0.241391	  0.172521	

URL http://cisbp.ccbr.utoronto.ca/TFreport.php?versionNumber=2.00&searchTF=T192055_2.00

MOTIF M00061_2.00 (srrA)_(Saccharomyces_cerevisiae)_(DBD_0.63)

letter-probability matrix: alength= 4 w= 8 nsites= 1 E= 0
  0.726984	  0.045578	  0.075863	  0.151575	
  0.056906	  0.193208	  0.068264	  0.681622	
  0.064288	  0.064288	  0.871332	  0.000092	
  0.000090	  0.000090	  0.999730	  0.000090	
  0.000090	  0.972713	  0.027107	  0.000090	
  0.000090	  0.963707	  0.009096	  0.027107	
  0.586810	  0.119622	  0.293459	  0.000109	
  0.142918	  0.057253	  0.742576	  0.057253	

URL http://cisbp.ccbr.utoronto.ca/TFreport.php?versionNumber=2.00&searchTF=T239925_2.00

MOTIF M00066_2.00 (ANIA_02296)_(Saccharomyces_cerevisiae)_(DBD_0.45)

letter-probability matrix: alength= 4 w= 10 nsites= 1 E= 0
  0.228304	  0.228304	  0.228304	  0.315088	
  0.119950	  0.353086	  0.407015	  0.119950	
  0.000130	  0.000130	  0.999610	  0.000130	
  0.000130	  0.000130	  0.000130	  0.999610	
  0.000130	  0.000130	  0.000130	  0.999610	
  0.086914	  0.000130	  0.912826	  0.000130	
  0.000130	  0.999610	  0.000130	  0.000130	
  0.000130	  0.437251	  0.000130	  0.562489	
  0.934522	  0.021826	  0.021826	  0.021826	
  0.130180	  0.304898	  0.261306	  0.303616	

URL http://cisbp.ccbr.utoronto.ca/TFreport.php?versionNumber=2.00&searchTF=T318037_2.00

MOTIF M00070_2.00 (MAT2)_(Saccharomyces_cerevisiae)_(DBD_0.46)

letter-probability matrix: alength= 4 w= 11 nsites= 1 E= 0
  0.268573	  0.272224	  0.178881	  0.280322	
  0.509793	  0.098806	  0.292595	  0.098806	
  0.848016	  0.050661	  0.050661	  0.050661	
  0.999893	  0.000036	  0.000036	  0.000036	
  0.000036	  0.903786	  0.000036	  0.096142	
  0.903786	  0.000036	  0.000036	  0.096142	
  0.999893	  0.000036	  0.000036	  0.000036	
  0.000036	  0.000036	  0.000036	  0.999893	
  0.591260	  0.071155	  0.071155	  0.266431	
  0.345743	  0.151230	  0.257625	  0.245401	
  0.199374	  0.199374	  0.199374	  0.401877	

URL http://cisbp.ccbr.utoronto.ca/TFreport.php?versionNumber=2.00&searchTF=T326771_2.00

MOTIF M00088_2.00 (ANIA_02852)_(Saccharomyces_cerevisiae)_(DBD_0.76)

letter-probability matrix: alength= 4 w= 7 nsites= 1 E= 0
  0.004409	  0.910218	  0.041833	  0.043540	
  0.000848	  0.116208	  0.876017	  0.006927	
  0.000117	  0.005158	  0.992847	  0.001879	
  0.537121	  0.127259	  0.241344	  0.094276	
  0.460766	  0.088490	  0.138780	  0.311965	
  0.318860	  0.236217	  0.222461	  0.222461	
  0.279083	  0.235452	  0.235452	  0.250012	

URL http://cisbp.ccbr.utoronto.ca/TFreport.php?versionNumber=2.00&searchTF=T362012_2.00

MOTIF M00102_2.00 (ANIA_00689)_(Saccharomyces_cerevisiae)_(DBD_0.65)

letter-probability matrix: alength= 4 w= 9 nsites= 1 E= 0
  0.230826	  0.235489	  0.240247	  0.293438	
  0.234897	  0.237257	  0.278424	  0.249422	
  0.263068	  0.265712	  0.202839	  0.268382	
  0.094644	  0.692371	  0.066031	  0.146954	
  0.000084	  0.999903	  0.000001	  0.000012	
  0.000730	  0.068439	  0.930712	  0.000118	
  0.001227	  0.000063	  0.986717	  0.011994	
  0.700294	  0.116921	  0.159413	  0.023371	
  0.335031	  0.152052	  0.297146	  0.215772	

URL http://cisbp.ccbr.utoronto.ca/TFreport.php?versionNumber=2.00&searchTF=T361785_2.00

MOTIF M00160_2.00 (ANIA_02854)_(Mus_musculus)_(DBD_0.58)

letter-probability matrix: alength= 4 w= 10 nsites= 1 E= 0
  0.272342	  0.213287	  0.238265	  0.276106	
  0.383328	  0.071216	  0.521888	  0.023568	
  0.117428	  0.105265	  0.021002	  0.756305	
  0.834939	  0.152266	  0.000007	  0.012788	
  0.908292	  0.059096	  0.002967	  0.029645	
  0.977393	  0.014489	  0.001628	  0.006490	
  0.001282	  0.843632	  0.000001	  0.155085	
  0.965165	  0.012083	  0.006831	  0.015922	
  0.479654	  0.164189	  0.114694	  0.241463	
  0.417043	  0.185221	  0.142285	  0.255451	

URL http://cisbp.ccbr.utoronto.ca/TFreport.php?versionNumber=2.00&searchTF=T184685_2.00

MOTIF M00500_2.00 (ANIA_02020)_(Mus_musculus)_(DBD_0.53)

letter-probability matrix: alength= 4 w= 10 nsites= 1 E= 0
  0.292727	  0.196221	  0.221238	  0.289814	
  0.274190	  0.201104	  0.209311	  0.315394	
  0.078501	  0.055875	  0.025871	  0.839754	
  0.017185	  0.000729	  0.976535	  0.005551	
  0.934510	  0.003975	  0.025280	  0.036235	
  0.024667	  0.939629	  0.010029	  0.025674	
  0.814023	  0.004315	  0.156333	  0.025330	
  0.164624	  0.144556	  0.475167	  0.215652	
  0.201750	  0.322799	  0.269625	  0.205826	
  0.223880	  0.237723	  0.190778	  0.347619	

URL http://cisbp.ccbr.utoronto.ca/TFreport.php?versionNumber=2.00&searchTF=T205323_2.00

MOTIF M00751_2.00 (ANIA_09132)_(Mus_musculus)_(DBD_0.61)

letter-probability matrix: alength= 4 w= 10 nsites= 1 E= 0
  0.237374	  0.264976	  0.264976	  0.232674	
  0.254916	  0.278923	  0.226090	  0.240071	
  0.234840	  0.237201	  0.304572	  0.223387	
  0.201961	  0.286597	  0.267221	  0.244221	
  0.601325	  0.000225	  0.320261	  0.078189	
  0.466521	  0.184067	  0.000331	  0.349080	
  0.391854	  0.070168	  0.064129	  0.473849	
  0.435120	  0.083565	  0.075612	  0.405703	
  0.376315	  0.160843	  0.160843	  0.302000	
  0.303804	  0.236603	  0.161804	  0.297789	

URL http://cisbp.ccbr.utoronto.ca/TFreport.php?versionNumber=2.00&searchTF=T017289_2.00

MOTIF M01005_2.00 ANIA_04985

letter-probability matrix: alength= 4 w= 10 nsites= 1 E= 0
  0.377868	  0.197264	  0.183928	  0.240939	
  0.310417	  0.218747	  0.154148	  0.316688	
  0.073377	  0.717384	  0.079488	  0.129750	
  0.181592	  0.255127	  0.534729	  0.028553	
  0.036492	  0.941148	  0.003118	  0.019242	
  0.995650	  0.000751	  0.002468	  0.001131	
  0.044767	  0.926560	  0.002057	  0.026615	
  0.668003	  0.087733	  0.085995	  0.158269	
  0.487233	  0.182864	  0.216750	  0.113153	
  0.406046	  0.157035	  0.101136	  0.335783	

URL http://cisbp.ccbr.utoronto.ca/TFreport.php?versionNumber=2.00&searchTF=T184680_2.00

MOTIF M01006_2.00 ANIA_04521

letter-probability matrix: alength= 4 w= 8 nsites= 1 E= 0
  0.378368	  0.171720	  0.300626	  0.149286	
  0.297805	  0.092429	  0.401995	  0.207771	
  0.044698	  0.906799	  0.007242	  0.041261	
  0.967328	  0.012737	  0.005283	  0.014651	
  0.953127	  0.025273	  0.000063	  0.021536	
  0.767725	  0.017347	  0.068953	  0.145974	
  0.009170	  0.833715	  0.013679	  0.143436	
  0.511988	  0.127524	  0.172139	  0.188350	

URL http://cisbp.ccbr.utoronto.ca/TFreport.php?versionNumber=2.00&searchTF=T184681_2.00

MOTIF M01109_2.00 ANIA_07170

letter-probability matrix: alength= 4 w= 8 nsites= 1 E= 0
  0.001106	  0.001106	  0.001106	  0.996681	
  0.000996	  0.897410	  0.100598	  0.000996	
  0.897410	  0.000996	  0.100598	  0.000996	
  0.000996	  0.598606	  0.000996	  0.399402	
  0.698207	  0.000996	  0.299801	  0.000996	
  0.000996	  0.200199	  0.000996	  0.797809	
  0.000996	  0.000996	  0.997012	  0.000996	
  0.995033	  0.001656	  0.001656	  0.001656	

URL http://cisbp.ccbr.utoronto.ca/TFreport.php?versionNumber=2.00&searchTF=T031754_2.00

MOTIF M01110_2.00 ANIA_07553

letter-probability matrix: alength= 4 w= 8 nsites= 1 E= 0
  0.076330	  0.923501	  0.000085	  0.000085	
  0.806984	  0.000071	  0.142888	  0.050057	
  0.000067	  0.906492	  0.000067	  0.093375	
  0.113370	  0.000067	  0.886497	  0.000067	
  0.046721	  0.120035	  0.000067	  0.833178	
  0.000068	  0.000068	  0.979252	  0.020611	
  0.067288	  0.058888	  0.781334	  0.092490	
  0.162544	  0.487381	  0.175037	  0.175037	

URL http://cisbp.ccbr.utoronto.ca/TFreport.php?versionNumber=2.00&searchTF=T031755_2.00

MOTIF M01111_2.00 ANIA_07661

letter-probability matrix: alength= 4 w= 10 nsites= 1 E= 0
  0.410715	  0.214412	  0.289426	  0.085447	
  0.136650	  0.139410	  0.123646	  0.600294	
  0.144500	  0.823268	  0.015230	  0.017001	
  0.850586	  0.024190	  0.034672	  0.090552	
  0.015970	  0.652425	  0.202491	  0.129114	
  0.215779	  0.133520	  0.610485	  0.040216	
  0.069297	  0.491961	  0.015308	  0.423434	
  0.068891	  0.479398	  0.358716	  0.092994	
  0.755784	  0.060810	  0.088037	  0.095369	
  0.083513	  0.417800	  0.146204	  0.352483	

URL http://cisbp.ccbr.utoronto.ca/TFreport.php?versionNumber=2.00&searchTF=T031756_2.00

MOTIF M01112_2.00 ANIA_01298

letter-probability matrix: alength= 4 w= 10 nsites= 1 E= 0
  0.122112	  0.224738	  0.209544	  0.443606	
  0.018496	  0.970245	  0.005461	  0.005798	
  0.745660	  0.085993	  0.077036	  0.091311	
  0.007546	  0.773578	  0.056319	  0.162557	
  0.141821	  0.067665	  0.784125	  0.006389	
  0.016308	  0.011724	  0.045226	  0.926741	
  0.001098	  0.003467	  0.985529	  0.009906	
  0.829137	  0.075218	  0.044718	  0.050927	
  0.020220	  0.576333	  0.043237	  0.360210	
  0.211790	  0.401656	  0.147761	  0.238793	

URL http://cisbp.ccbr.utoronto.ca/TFreport.php?versionNumber=2.00&searchTF=T031758_2.00

MOTIF M01135_2.00 ANIA_00033

letter-probability matrix: alength= 4 w= 10 nsites= 1 E= 0
  0.212885	  0.420209	  0.210767	  0.156140	
  0.530176	  0.176480	  0.132054	  0.161291	
  0.053351	  0.111819	  0.024950	  0.809880	
  0.565500	  0.098269	  0.108604	  0.227627	
  0.852172	  0.030808	  0.022596	  0.094423	
  0.000310	  0.786478	  0.032381	  0.180831	
  0.150268	  0.114712	  0.545892	  0.189128	
  0.210928	  0.257629	  0.200641	  0.330802	
  0.261884	  0.199917	  0.236962	  0.301238	
  0.325361	  0.213778	  0.231583	  0.229278	

URL http://cisbp.ccbr.utoronto.ca/TFreport.php?versionNumber=2.00&searchTF=T057747_2.00

MOTIF M01136_2.00 ANIA_10483

letter-probability matrix: alength= 4 w= 8 nsites= 1 E= 0
  0.199101	  0.231322	  0.224485	  0.345092	
  0.057319	  0.005922	  0.933204	  0.003556	
  0.004405	  0.000070	  0.000550	  0.994975	
  0.426610	  0.570133	  0.000807	  0.002449	
  0.993990	  0.000982	  0.001164	  0.003864	
  0.006611	  0.005359	  0.803325	  0.184705	
  0.009375	  0.970758	  0.004563	  0.015303	
  0.420057	  0.210691	  0.219289	  0.149963	

URL http://cisbp.ccbr.utoronto.ca/TFreport.php?versionNumber=2.00&searchTF=T057751_2.00

MOTIF M01137_2.00 ANIA_04562

letter-probability matrix: alength= 4 w= 10 nsites= 1 E= 0
  0.082192	  0.159024	  0.560627	  0.198156	
  0.399052	  0.492301	  0.065306	  0.043341	
  0.000135	  0.000379	  0.036950	  0.962536	
  0.006288	  0.063346	  0.323312	  0.607054	
  0.936896	  0.000420	  0.054739	  0.007945	
  0.032096	  0.543875	  0.256908	  0.167121	
  0.203011	  0.121907	  0.293906	  0.381176	
  0.429329	  0.154814	  0.042616	  0.373241	
  0.724723	  0.092369	  0.090540	  0.092369	
  0.385035	  0.115970	  0.205067	  0.293928	

URL http://cisbp.ccbr.utoronto.ca/TFreport.php?versionNumber=2.00&searchTF=T057755_2.00

MOTIF M01138_2.00 ANIA_06849

letter-probability matrix: alength= 4 w= 11 nsites= 1 E= 0
  0.228513	  0.228513	  0.314461	  0.228513	
  0.287399	  0.208885	  0.294832	  0.208885	
  0.119562	  0.050392	  0.050392	  0.779653	
  0.000149	  0.000149	  0.762232	  0.237470	
  0.903976	  0.000149	  0.000149	  0.095726	
  0.133548	  0.770578	  0.000149	  0.095726	
  0.229868	  0.069319	  0.633832	  0.066981	
  0.095726	  0.067724	  0.069319	  0.767231	
  0.486492	  0.336838	  0.088468	  0.088203	
  0.606063	  0.108840	  0.041264	  0.243833	
  0.267332	  0.266323	  0.199756	  0.266588	

URL http://cisbp.ccbr.utoronto.ca/TFreport.php?versionNumber=2.00&searchTF=T057760_2.00

MOTIF M01139_2.00 ANIA_01812

letter-probability matrix: alength= 4 w= 10 nsites= 1 E= 0
  0.217483	  0.183483	  0.296522	  0.302512	
  0.770018	  0.000342	  0.227332	  0.002308	
  0.000552	  0.000485	  0.000832	  0.998131	
  0.001276	  0.019572	  0.919762	  0.059389	
  0.931000	  0.000363	  0.054394	  0.014243	
  0.058631	  0.478795	  0.403942	  0.058631	
  0.024455	  0.007366	  0.045917	  0.922263	
  0.106450	  0.878025	  0.006874	  0.008651	
  0.878038	  0.008480	  0.039952	  0.073530	
  0.080556	  0.350357	  0.136859	  0.432228	

URL http://cisbp.ccbr.utoronto.ca/TFreport.php?versionNumber=2.00&searchTF=T057762_2.00

MOTIF M01140_2.00 ANIA_10295

letter-probability matrix: alength= 4 w= 10 nsites= 1 E= 0
  0.281836	  0.173203	  0.286250	  0.258711	
  0.217833	  0.132325	  0.132325	  0.517517	
  0.713681	  0.000112	  0.286095	  0.000112	
  0.661982	  0.000112	  0.000112	  0.337794	
  0.401438	  0.000112	  0.000112	  0.598338	
  0.000112	  0.113158	  0.000112	  0.886618	
  0.914157	  0.000112	  0.000112	  0.085619	
  0.457085	  0.113158	  0.000112	  0.429645	
  0.334164	  0.076908	  0.076908	  0.512019	
  0.117787	  0.207637	  0.117787	  0.556789	

URL http://cisbp.ccbr.utoronto.ca/TFreport.php?versionNumber=2.00&searchTF=T057763_2.00

MOTIF M01147_2.00 (ANIA_02911)_(Neurospora_crassa)_(DBD_0.89)

letter-probability matrix: alength= 4 w= 10 nsites= 1 E= 0
  0.256344	  0.201648	  0.261523	  0.280485	
  0.466416	  0.147685	  0.263770	  0.122129	
  0.056276	  0.045162	  0.000477	  0.898085	
  0.076513	  0.037995	  0.643848	  0.241643	
  0.796372	  0.031502	  0.085633	  0.086493	
  0.072044	  0.711432	  0.042832	  0.173691	
  0.178754	  0.047276	  0.689532	  0.084438	
  0.163925	  0.196254	  0.078997	  0.560825	
  0.373050	  0.284779	  0.165954	  0.176216	
  0.318316	  0.178225	  0.258022	  0.245438	

URL http://cisbp.ccbr.utoronto.ca/TFreport.php?versionNumber=2.00&searchTF=T057765_2.00

MOTIF M01179_2.00 (ANIA_00644)_(Histoplasma_capsulatum)_(DBD_0.82)

letter-probability matrix: alength= 4 w= 10 nsites= 1 E= 0
  0.189259	  0.147395	  0.479679	  0.183666	
  0.363992	  0.251422	  0.232091	  0.152495	
  0.098752	  0.153332	  0.100747	  0.647169	
  0.150498	  0.000229	  0.848908	  0.000366	
  0.002184	  0.983339	  0.000167	  0.014310	
  0.002598	  0.986913	  0.010325	  0.000164	
  0.036529	  0.037642	  0.056155	  0.869674	
  0.142295	  0.097310	  0.427477	  0.332919	
  0.712421	  0.080533	  0.181031	  0.026015	
  0.192284	  0.272864	  0.214643	  0.320209	

URL http://cisbp.ccbr.utoronto.ca/TFreport.php?versionNumber=2.00&searchTF=T082237_2.00

MOTIF M01186_2.00 (ANIA_09492)_(Schizosaccharomyces_pombe)_(DBD_0.77)

letter-probability matrix: alength= 4 w= 10 nsites= 1 E= 0
  0.256395	  0.163485	  0.193779	  0.386341	
  0.391732	  0.188779	  0.204502	  0.214987	
  0.022499	  0.937723	  0.013111	  0.026668	
  0.007099	  0.880037	  0.004015	  0.108849	
  0.000048	  0.996330	  0.002545	  0.001077	
  0.006410	  0.990227	  0.000453	  0.002909	
  0.208754	  0.040494	  0.529089	  0.221663	
  0.056743	  0.896529	  0.002093	  0.044636	
  0.382669	  0.216409	  0.131259	  0.269663	
  0.165510	  0.379566	  0.141038	  0.313886	

URL http://cisbp.ccbr.utoronto.ca/TFreport.php?versionNumber=2.00&searchTF=T082227_2.00

MOTIF M01192_2.00 (ANIA_01652)_(Neurospora_crassa)_(DBD_0.87)

letter-probability matrix: alength= 4 w= 8 nsites= 1 E= 0
  0.238098	  0.442125	  0.231298	  0.088479	
  0.005803	  0.971099	  0.005803	  0.017295	
  0.000055	  0.933916	  0.000055	  0.065975	
  0.000055	  0.988849	  0.000055	  0.011042	
  0.005548	  0.884476	  0.000055	  0.109921	
  0.022150	  0.016626	  0.011103	  0.950122	
  0.246270	  0.000075	  0.447702	  0.305953	
  0.547243	  0.042193	  0.147412	  0.263152	

URL http://cisbp.ccbr.utoronto.ca/TFreport.php?versionNumber=2.00&searchTF=T082260_2.00

MOTIF M01193_2.00 (flbC)_(Neurospora_crassa)_(DBD_0.94)

letter-probability matrix: alength= 4 w= 10 nsites= 1 E= 0
  0.171974	  0.307153	  0.259134	  0.261738	
  0.176120	  0.141339	  0.539781	  0.142760	
  0.201468	  0.325587	  0.241201	  0.231743	
  0.242179	  0.354135	  0.186733	  0.216953	
  0.187486	  0.174811	  0.494579	  0.143123	
  0.781029	  0.071565	  0.138464	  0.008941	
  0.008899	  0.010236	  0.050195	  0.930671	
  0.046751	  0.849653	  0.086906	  0.016690	
  0.257316	  0.290123	  0.290123	  0.162439	
  0.191340	  0.312327	  0.250648	  0.245685	

URL http://cisbp.ccbr.utoronto.ca/TFreport.php?versionNumber=2.00&searchTF=T082263_2.00

MOTIF M01197_2.00 (ANIA_00273)_(Neurospora_crassa)_(DBD_0.90)

letter-probability matrix: alength= 4 w= 10 nsites= 1 E= 0
  0.241450	  0.165118	  0.243876	  0.349555	
  0.110135	  0.208870	  0.433421	  0.247574	
  0.659888	  0.250152	  0.014615	  0.075344	
  0.038265	  0.013798	  0.920151	  0.027786	
  0.001083	  0.992144	  0.000154	  0.006618	
  0.003632	  0.992121	  0.004014	  0.000232	
  0.006058	  0.080756	  0.561960	  0.351226	
  0.012396	  0.960449	  0.000382	  0.026773	
  0.538639	  0.175747	  0.152787	  0.132827	
  0.262424	  0.254668	  0.162383	  0.320525	

URL http://cisbp.ccbr.utoronto.ca/TFreport.php?versionNumber=2.00&searchTF=T082240_2.00

MOTIF M01198_2.00 (creA)_(Neurospora_crassa)_(DBD_0.94)

letter-probability matrix: alength= 4 w= 8 nsites= 1 E= 0
  0.008032	  0.985829	  0.000534	  0.005604	
  0.000361	  0.758996	  0.000317	  0.240326	
  0.065429	  0.872155	  0.039290	  0.023126	
  0.000001	  0.999660	  0.000134	  0.000205	
  0.499172	  0.000032	  0.489288	  0.011507	
  0.139979	  0.376715	  0.252520	  0.230786	
  0.284498	  0.230610	  0.244870	  0.240021	
  0.280918	  0.298289	  0.261926	  0.158866	

URL http://cisbp.ccbr.utoronto.ca/TFreport.php?versionNumber=2.00&searchTF=T082255_2.00

MOTIF M01235_2.00 (nsdD)_(Neurospora_crassa)_(DBD_0.92)

letter-probability matrix: alength= 4 w= 11 nsites= 1 E= 0
  0.224507	  0.326478	  0.224507	  0.224507	
  0.203126	  0.299039	  0.391867	  0.105967	
  0.225223	  0.724938	  0.024920	  0.024920	
  0.000216	  0.000216	  0.999351	  0.000216	
  0.999351	  0.000216	  0.000216	  0.000216	
  0.000216	  0.000216	  0.000216	  0.999351	
  0.000216	  0.999351	  0.000216	  0.000216	
  0.000216	  0.000216	  0.897514	  0.102053	
  0.347248	  0.117812	  0.509230	  0.025709	
  0.144249	  0.144249	  0.144249	  0.567252	
  0.225297	  0.324110	  0.225297	  0.225297	

URL http://cisbp.ccbr.utoronto.ca/TFreport.php?versionNumber=2.00&searchTF=T192058_2.00

MOTIF M01236_2.00 (lreA)_(Neurospora_crassa)_(DBD_0.86)

letter-probability matrix: alength= 4 w= 8 nsites= 1 E= 0
  0.349800	  0.449601	  0.100299	  0.100299	
  0.200067	  0.799268	  0.000333	  0.000333	
  0.000322	  0.000322	  0.999034	  0.000322	
  0.999064	  0.000312	  0.000312	  0.000312	
  0.000312	  0.000312	  0.000312	  0.999064	
  0.000312	  0.999064	  0.000312	  0.000312	
  0.000322	  0.000322	  0.805735	  0.193621	
  0.624376	  0.208403	  0.083611	  0.083611	

URL http://cisbp.ccbr.utoronto.ca/TFreport.php?versionNumber=2.00&searchTF=T192057_2.00

MOTIF M01237_2.00 (ANIA_00176)_(Neurospora_crassa)_(DBD_0.84)

letter-probability matrix: alength= 4 w= 8 nsites= 1 E= 0
  0.227143	  0.251032	  0.238789	  0.283037	
  0.422687	  0.229667	  0.067130	  0.280516	
  0.086439	  0.059112	  0.811951	  0.042497	
  0.921225	  0.000266	  0.017214	  0.061295	
  0.095561	  0.028212	  0.030869	  0.845358	
  0.509100	  0.209065	  0.076911	  0.204925	
  0.563117	  0.107070	  0.130776	  0.199036	
  0.224323	  0.222091	  0.373563	  0.180023	

URL http://cisbp.ccbr.utoronto.ca/TFreport.php?versionNumber=2.00&searchTF=T192052_2.00

MOTIF M01239_2.00 ANIA_00885

letter-probability matrix: alength= 4 w= 10 nsites= 1 E= 0
  0.345705	  0.171672	  0.216066	  0.266556	
  0.404250	  0.122981	  0.176273	  0.296496	
  0.132827	  0.157441	  0.102417	  0.607316	
  0.119716	  0.033286	  0.531193	  0.315805	
  0.827533	  0.000249	  0.064615	  0.107603	
  0.011166	  0.927828	  0.007336	  0.053670	
  0.794486	  0.050790	  0.074269	  0.080455	
  0.230699	  0.164205	  0.076029	  0.529067	
  0.192385	  0.259692	  0.361224	  0.186699	
  0.232019	  0.222921	  0.205782	  0.339278	

URL http://cisbp.ccbr.utoronto.ca/TFreport.php?versionNumber=2.00&searchTF=T205321_2.00

MOTIF M01257_2.00 ANIA_06998

letter-probability matrix: alength= 4 w= 10 nsites= 1 E= 0
  0.382432	  0.220644	  0.180648	  0.216275	
  0.341480	  0.164562	  0.235872	  0.258085	
  0.178371	  0.238380	  0.258234	  0.325014	
  0.218282	  0.322399	  0.297612	  0.161707	
  0.050782	  0.001729	  0.015295	  0.932194	
  0.033493	  0.001435	  0.000836	  0.964235	
  0.050243	  0.895051	  0.010144	  0.044562	
  0.016375	  0.426549	  0.163323	  0.393754	
  0.574207	  0.094916	  0.171227	  0.159651	
  0.167545	  0.279011	  0.141352	  0.412093	

URL http://cisbp.ccbr.utoronto.ca/TFreport.php?versionNumber=2.00&searchTF=T239923_2.00

MOTIF M01271_2.00 ANIA_04524

letter-probability matrix: alength= 4 w= 9 nsites= 1 E= 0
  0.209526	  0.195361	  0.099968	  0.495145	
  0.470138	  0.145915	  0.285153	  0.098793	
  0.320647	  0.221482	  0.070129	  0.387742	
  0.021126	  0.014447	  0.000991	  0.963436	
  0.999769	  0.000052	  0.000057	  0.000122	
  0.114475	  0.033460	  0.031198	  0.820866	
  0.632245	  0.066638	  0.108775	  0.192342	
  0.216576	  0.142300	  0.472454	  0.168669	
  0.193504	  0.285801	  0.345605	  0.175089	

URL http://cisbp.ccbr.utoronto.ca/TFreport.php?versionNumber=2.00&searchTF=T268451_2.00

MOTIF M01303_2.00 ANIA_07516

letter-probability matrix: alength= 4 w= 9 nsites= 1 E= 0
  0.157626	  0.387696	  0.175954	  0.278724	
  0.106901	  0.086652	  0.140037	  0.666410	
  0.133152	  0.028261	  0.766238	  0.072348	
  0.004689	  0.948875	  0.000129	  0.046306	
  0.038974	  0.000118	  0.956135	  0.004773	
  0.000378	  0.998346	  0.000084	  0.001193	
  0.710070	  0.000222	  0.288693	  0.001015	
  0.233077	  0.252489	  0.299277	  0.215157	
  0.210112	  0.322996	  0.227611	  0.239281	

URL http://cisbp.ccbr.utoronto.ca/TFreport.php?versionNumber=2.00&searchTF=T313272_2.00

MOTIF M01305_2.00 ANIA_01906

letter-probability matrix: alength= 4 w= 10 nsites= 1 E= 0
  0.190542	  0.287112	  0.267701	  0.254645	
  0.117434	  0.195562	  0.063173	  0.623830	
  0.049133	  0.056517	  0.027786	  0.866564	
  0.482829	  0.005928	  0.487681	  0.023563	
  0.008621	  0.010636	  0.938465	  0.042277	
  0.068188	  0.004492	  0.882067	  0.045253	
  0.001705	  0.000438	  0.937899	  0.059958	
  0.020947	  0.116980	  0.048038	  0.814034	
  0.432538	  0.021970	  0.027651	  0.517841	
  0.600423	  0.148062	  0.166940	  0.084575	

URL http://cisbp.ccbr.utoronto.ca/TFreport.php?versionNumber=2.00&searchTF=T316840_2.00

MOTIF M01326_2.00 ANIA_07343

letter-probability matrix: alength= 4 w= 10 nsites= 1 E= 0
  0.279240	  0.252667	  0.314842	  0.153250	
  0.290068	  0.257267	  0.273176	  0.179489	
  0.337769	  0.161154	  0.263055	  0.238022	
  0.001005	  0.948679	  0.000163	  0.050153	
  0.000237	  0.005538	  0.993814	  0.000411	
  0.030932	  0.122950	  0.822029	  0.024089	
  0.362196	  0.202793	  0.290669	  0.144342	
  0.277914	  0.229824	  0.286378	  0.205884	
  0.308569	  0.204782	  0.226319	  0.260329	
  0.311021	  0.186767	  0.184908	  0.317304	

URL http://cisbp.ccbr.utoronto.ca/TFreport.php?versionNumber=2.00&searchTF=T361739_2.00

MOTIF M01327_2.00 ANIA_07332

letter-probability matrix: alength= 4 w= 10 nsites= 1 E= 0
  0.225111	  0.261542	  0.294888	  0.218458	
  0.181924	  0.348484	  0.134773	  0.334819	
  0.077843	  0.245843	  0.059424	  0.616891	
  0.004866	  0.994608	  0.000273	  0.000252	
  0.000826	  0.027626	  0.971405	  0.000144	
  0.035246	  0.047104	  0.899971	  0.017679	
  0.209822	  0.277622	  0.256278	  0.256278	
  0.215544	  0.265911	  0.321553	  0.196992	
  0.279068	  0.187065	  0.121688	  0.412179	
  0.292190	  0.155618	  0.107491	  0.444702	

URL http://cisbp.ccbr.utoronto.ca/TFreport.php?versionNumber=2.00&searchTF=T361740_2.00

MOTIF M01328_2.00 ANIA_07223

letter-probability matrix: alength= 4 w= 10 nsites= 1 E= 0
  0.213096	  0.257686	  0.250070	  0.279148	
  0.273505	  0.230747	  0.219493	  0.276254	
  0.126624	  0.170924	  0.075280	  0.627172	
  0.000218	  0.999668	  0.000036	  0.000078	
  0.000407	  0.036244	  0.963207	  0.000142	
  0.021796	  0.018024	  0.936092	  0.024088	
  0.146213	  0.312643	  0.309532	  0.231612	
  0.302555	  0.166046	  0.324493	  0.206906	
  0.398248	  0.136603	  0.122373	  0.342776	
  0.278566	  0.244608	  0.115545	  0.361281	

URL http://cisbp.ccbr.utoronto.ca/TFreport.php?versionNumber=2.00&searchTF=T361741_2.00

MOTIF M01329_2.00 ANIA_10912

letter-probability matrix: alength= 4 w= 8 nsites= 1 E= 0
  0.002475	  0.745050	  0.002475	  0.250000	
  0.001984	  0.001984	  0.001984	  0.994048	
  0.001984	  0.994048	  0.001984	  0.001984	
  0.001984	  0.001984	  0.994048	  0.001984	
  0.001984	  0.001984	  0.001984	  0.994048	
  0.994048	  0.001984	  0.001984	  0.001984	
  0.001984	  0.001984	  0.001984	  0.994048	
  0.250000	  0.002475	  0.002475	  0.745050	

URL http://cisbp.ccbr.utoronto.ca/TFreport.php?versionNumber=2.00&searchTF=T361742_2.00

MOTIF M01330_2.00 ANIA_07189

letter-probability matrix: alength= 4 w= 8 nsites= 1 E= 0
  0.200214	  0.264909	  0.242108	  0.292769	
  0.238267	  0.101839	  0.509480	  0.150414	
  0.098675	  0.026097	  0.479063	  0.396165	
  0.000009	  0.999896	  0.000011	  0.000084	
  0.000014	  0.000029	  0.999879	  0.000078	
  0.001484	  0.068368	  0.911328	  0.018820	
  0.384914	  0.198943	  0.288017	  0.128127	
  0.330124	  0.152852	  0.295736	  0.221289	

URL http://cisbp.ccbr.utoronto.ca/TFreport.php?versionNumber=2.00&searchTF=T361745_2.00

MOTIF M01331_2.00 ANIA_07163

letter-probability matrix: alength= 4 w= 10 nsites= 1 E= 0
  0.261050	  0.229226	  0.266323	  0.243401	
  0.285743	  0.193464	  0.277298	  0.243494	
  0.195025	  0.268574	  0.290943	  0.245458	
  0.106362	  0.444455	  0.119923	  0.329260	
  0.055244	  0.082414	  0.048509	  0.813833	
  0.000495	  0.999202	  0.000034	  0.000269	
  0.001097	  0.052092	  0.946720	  0.000091	
  0.014121	  0.011678	  0.951151	  0.023050	
  0.316070	  0.222731	  0.285992	  0.175206	
  0.240087	  0.208721	  0.333953	  0.217239	

URL http://cisbp.ccbr.utoronto.ca/TFreport.php?versionNumber=2.00&searchTF=T361746_2.00

MOTIF M01332_2.00 ANIA_07508

letter-probability matrix: alength= 4 w= 7 nsites= 1 E= 0
  0.285553	  0.253263	  0.178471	  0.282712	
  0.146269	  0.193532	  0.067050	  0.593149	
  0.000011	  0.999265	  0.000000	  0.000724	
  0.000041	  0.043938	  0.956021	  0.000000	
  0.001665	  0.005696	  0.972358	  0.020282	
  0.223568	  0.301785	  0.298782	  0.175865	
  0.372727	  0.176064	  0.177833	  0.273376	

URL http://cisbp.ccbr.utoronto.ca/TFreport.php?versionNumber=2.00&searchTF=T361752_2.00

MOTIF M01333_2.00 ANIA_10976

letter-probability matrix: alength= 4 w= 9 nsites= 1 E= 0
  0.302449	  0.221831	  0.270945	  0.204775	
  0.255711	  0.226796	  0.274253	  0.243240	
  0.278242	  0.256850	  0.227805	  0.237102	
  0.345023	  0.071780	  0.434246	  0.148950	
  0.000280	  0.998606	  0.000466	  0.000648	
  0.002512	  0.050970	  0.945053	  0.001464	
  0.020469	  0.035478	  0.942857	  0.001196	
  0.517337	  0.123803	  0.295508	  0.063351	
  0.425278	  0.110249	  0.233398	  0.231075	

URL http://cisbp.ccbr.utoronto.ca/TFreport.php?versionNumber=2.00&searchTF=T361757_2.00

MOTIF M01334_2.00 ANIA_11003

letter-probability matrix: alength= 4 w= 8 nsites= 1 E= 0
  0.279951	  0.220217	  0.263648	  0.236185	
  0.164086	  0.354387	  0.179538	  0.301989	
  0.112866	  0.306802	  0.079535	  0.500797	
  0.001113	  0.922605	  0.043259	  0.033023	
  0.000640	  0.041036	  0.957629	  0.000694	
  0.000520	  0.001455	  0.977832	  0.020193	
  0.622517	  0.100864	  0.193209	  0.083410	
  0.472747	  0.078930	  0.083811	  0.364512	

URL http://cisbp.ccbr.utoronto.ca/TFreport.php?versionNumber=2.00&searchTF=T361759_2.00

MOTIF M01335_2.00 ANIA_07788

letter-probability matrix: alength= 4 w= 8 nsites= 1 E= 0
  0.230086	  0.298405	  0.167076	  0.304433	
  0.014114	  0.969886	  0.000401	  0.015599	
  0.009685	  0.035893	  0.953874	  0.000549	
  0.006347	  0.000322	  0.970728	  0.022602	
  0.154881	  0.337869	  0.233378	  0.273872	
  0.249174	  0.130080	  0.049311	  0.571435	
  0.223458	  0.310824	  0.267528	  0.198190	
  0.384668	  0.153297	  0.337775	  0.124260	

URL http://cisbp.ccbr.utoronto.ca/TFreport.php?versionNumber=2.00&searchTF=T361761_2.00

MOTIF M01336_2.00 ANIA_07820

letter-probability matrix: alength= 4 w= 10 nsites= 1 E= 0
  0.195125	  0.291092	  0.258176	  0.255607	
  0.253884	  0.269583	  0.225175	  0.251358	
  0.144280	  0.148674	  0.110141	  0.596905	
  0.000246	  0.999643	  0.000037	  0.000074	
  0.001976	  0.043427	  0.954401	  0.000196	
  0.017434	  0.063971	  0.896432	  0.022163	
  0.198262	  0.254573	  0.323626	  0.223539	
  0.299372	  0.194744	  0.324306	  0.181578	
  0.365794	  0.157917	  0.167682	  0.308607	
  0.314077	  0.200265	  0.145422	  0.340236	

URL http://cisbp.ccbr.utoronto.ca/TFreport.php?versionNumber=2.00&searchTF=T361762_2.00

MOTIF M01337_2.00 ANIA_11222

letter-probability matrix: alength= 4 w= 9 nsites= 1 E= 0
  0.196942	  0.470082	  0.136034	  0.196942	
  0.097261	  0.155617	  0.140808	  0.606314	
  0.025508	  0.853194	  0.049848	  0.071449	
  0.059087	  0.041224	  0.836318	  0.063371	
  0.035823	  0.065275	  0.054522	  0.844380	
  0.814627	  0.047595	  0.059307	  0.078471	
  0.090654	  0.069899	  0.045470	  0.793976	
  0.261562	  0.150908	  0.055516	  0.532014	
  0.222938	  0.205798	  0.264250	  0.307014	

URL http://cisbp.ccbr.utoronto.ca/TFreport.php?versionNumber=2.00&searchTF=T361763_2.00

MOTIF M01338_2.00 ANIA_11818

letter-probability matrix: alength= 4 w= 10 nsites= 1 E= 0
  0.287512	  0.202606	  0.290401	  0.219481	
  0.292789	  0.192376	  0.270278	  0.244558	
  0.242514	  0.226118	  0.278957	  0.252411	
  0.284754	  0.287615	  0.145711	  0.281920	
  0.114713	  0.181714	  0.062956	  0.640618	
  0.000205	  0.999562	  0.000033	  0.000199	
  0.000001	  0.000089	  0.999910	  0.000000	
  0.001113	  0.000102	  0.979354	  0.019431	
  0.524908	  0.145944	  0.252958	  0.076190	
  0.396768	  0.085060	  0.144510	  0.373662	

URL http://cisbp.ccbr.utoronto.ca/TFreport.php?versionNumber=2.00&searchTF=T361764_2.00

MOTIF M01339_2.00 ANIA_09395

letter-probability matrix: alength= 4 w= 10 nsites= 1 E= 0
  0.264751	  0.230163	  0.221138	  0.283947	
  0.278873	  0.217187	  0.210768	  0.293172	
  0.278873	  0.217187	  0.210768	  0.293172	
  0.282477	  0.197077	  0.211367	  0.309079	
  0.240172	  0.242586	  0.202625	  0.314617	
  0.248605	  0.236480	  0.231797	  0.283118	
  0.195736	  0.462555	  0.155519	  0.186190	
  0.136580	  0.559427	  0.098191	  0.205802	
  0.254956	  0.001806	  0.561768	  0.181470	
  0.373663	  0.187420	  0.235887	  0.203030	

URL http://cisbp.ccbr.utoronto.ca/TFreport.php?versionNumber=2.00&searchTF=T361768_2.00

MOTIF M01340_2.00 ANIA_01368

letter-probability matrix: alength= 4 w= 10 nsites= 1 E= 0
  0.046433	  0.869579	  0.021933	  0.062054	
  0.000057	  0.044343	  0.955224	  0.000376	
  0.019614	  0.061329	  0.903473	  0.015584	
  0.469129	  0.204564	  0.212912	  0.113395	
  0.236270	  0.166496	  0.448081	  0.149153	
  0.629100	  0.156693	  0.117248	  0.096959	
  0.171324	  0.370020	  0.255585	  0.203071	
  0.414654	  0.023276	  0.013429	  0.548641	
  0.265093	  0.022876	  0.026578	  0.685453	
  0.358183	  0.156185	  0.097616	  0.388015	

URL http://cisbp.ccbr.utoronto.ca/TFreport.php?versionNumber=2.00&searchTF=T361770_2.00

MOTIF M01341_2.00 ANIA_09516

letter-probability matrix: alength= 4 w= 8 nsites= 1 E= 0
  0.215052	  0.270664	  0.156160	  0.358124	
  0.172153	  0.691170	  0.001257	  0.135421	
  0.147996	  0.081222	  0.704284	  0.066499	
  0.134266	  0.084760	  0.632588	  0.148386	
  0.534932	  0.105862	  0.194832	  0.164373	
  0.459059	  0.108764	  0.227962	  0.204216	
  0.331192	  0.158016	  0.137373	  0.373418	
  0.308867	  0.183628	  0.166153	  0.341351	

URL http://cisbp.ccbr.utoronto.ca/TFreport.php?versionNumber=2.00&searchTF=T361771_2.00

MOTIF M01342_2.00 ANIA_01077

letter-probability matrix: alength= 4 w= 10 nsites= 1 E= 0
  0.245151	  0.161076	  0.380648	  0.213124	
  0.054065	  0.735233	  0.098513	  0.112189	
  0.037993	  0.843368	  0.032376	  0.086263	
  0.037826	  0.031281	  0.465447	  0.465447	
  0.259908	  0.735337	  0.000135	  0.004620	
  0.000112	  0.000243	  0.998892	  0.000753	
  0.000057	  0.000060	  0.999188	  0.000696	
  0.093572	  0.468124	  0.121357	  0.316947	
  0.456872	  0.047200	  0.001004	  0.494923	
  0.404742	  0.174731	  0.213417	  0.207110	

URL http://cisbp.ccbr.utoronto.ca/TFreport.php?versionNumber=2.00&searchTF=T361773_2.00

MOTIF M01343_2.00 ANIA_00928

letter-probability matrix: alength= 4 w= 10 nsites= 1 E= 0
  0.311791	  0.213222	  0.255273	  0.219715	
  0.219752	  0.245305	  0.282168	  0.252775	
  0.152362	  0.471662	  0.101115	  0.274860	
  0.047096	  0.226375	  0.073127	  0.653402	
  0.008170	  0.973139	  0.013881	  0.004809	
  0.000595	  0.006364	  0.992893	  0.000148	
  0.012469	  0.093999	  0.271316	  0.622215	
  0.618934	  0.019453	  0.286575	  0.075038	
  0.270230	  0.125120	  0.026823	  0.577827	
  0.308082	  0.221487	  0.108893	  0.361538	

URL http://cisbp.ccbr.utoronto.ca/TFreport.php?versionNumber=2.00&searchTF=T361775_2.00

MOTIF M01344_2.00 ANIA_00835

letter-probability matrix: alength= 4 w= 8 nsites= 1 E= 0
  0.561721	  0.062968	  0.187656	  0.187656	
  0.040335	  0.120208	  0.000399	  0.839058	
  0.000344	  0.998967	  0.000344	  0.000344	
  0.000344	  0.998967	  0.000344	  0.000344	
  0.000344	  0.000344	  0.998967	  0.000344	
  0.000357	  0.000357	  0.998930	  0.000357	
  0.927603	  0.000357	  0.071683	  0.000357	
  0.726407	  0.136570	  0.091198	  0.045826	

URL http://cisbp.ccbr.utoronto.ca/TFreport.php?versionNumber=2.00&searchTF=T361781_2.00

MOTIF M01345_2.00 ANIA_10120

letter-probability matrix: alength= 4 w= 10 nsites= 1 E= 0
  0.029750	  0.937142	  0.000556	  0.032552	
  0.026321	  0.003898	  0.963291	  0.006491	
  0.059877	  0.058691	  0.864617	  0.016815	
  0.099445	  0.441248	  0.194340	  0.264967	
  0.357213	  0.062698	  0.143787	  0.436301	
  0.603990	  0.060555	  0.074706	  0.260749	
  0.291346	  0.199240	  0.074777	  0.434637	
  0.208238	  0.196111	  0.136822	  0.458830	
  0.212882	  0.174293	  0.420202	  0.192623	
  0.334592	  0.211222	  0.242964	  0.211222	

URL http://cisbp.ccbr.utoronto.ca/TFreport.php?versionNumber=2.00&searchTF=T361782_2.00

MOTIF M01346_2.00 ANIA_10105

letter-probability matrix: alength= 4 w= 10 nsites= 1 E= 0
  0.235572	  0.237940	  0.164353	  0.362135	
  0.362673	  0.161338	  0.144532	  0.331458	
  0.260507	  0.337859	  0.172885	  0.228750	
  0.272634	  0.206052	  0.332996	  0.188318	
  0.200925	  0.287992	  0.247877	  0.263205	
  0.079504	  0.785099	  0.108398	  0.026999	
  0.000455	  0.936445	  0.062934	  0.000166	
  0.000157	  0.001743	  0.997924	  0.000177	
  0.586707	  0.117275	  0.171490	  0.124527	
  0.302772	  0.189233	  0.327990	  0.180004	

URL http://cisbp.ccbr.utoronto.ca/TFreport.php?versionNumber=2.00&searchTF=T361787_2.00

MOTIF M01347_2.00 ANIA_00568

letter-probability matrix: alength= 4 w= 10 nsites= 1 E= 0
  0.276614	  0.198864	  0.176377	  0.348146	
  0.415053	  0.107598	  0.357239	  0.120110	
  0.381929	  0.071182	  0.328729	  0.218161	
  0.477788	  0.018342	  0.016431	  0.487440	
  0.074349	  0.549368	  0.163820	  0.212463	
  0.110522	  0.655382	  0.185902	  0.048193	
  0.003526	  0.972880	  0.019111	  0.004483	
  0.000265	  0.984507	  0.015213	  0.000015	
  0.000495	  0.000042	  0.989614	  0.009848	
  0.477462	  0.131431	  0.267330	  0.123777	

URL http://cisbp.ccbr.utoronto.ca/TFreport.php?versionNumber=2.00&searchTF=T361789_2.00

MOTIF M01348_2.00 ANIA_10083

letter-probability matrix: alength= 4 w= 9 nsites= 1 E= 0
  0.215655	  0.352016	  0.266048	  0.166281	
  0.070622	  0.067852	  0.051282	  0.810244	
  0.017745	  0.968823	  0.000021	  0.013411	
  0.025072	  0.000094	  0.974332	  0.000502	
  0.039757	  0.240516	  0.647285	  0.072442	
  0.168614	  0.431648	  0.197870	  0.201867	
  0.420912	  0.070982	  0.033529	  0.474577	
  0.511475	  0.142209	  0.227534	  0.118783	
  0.313522	  0.214406	  0.194002	  0.278069	

URL http://cisbp.ccbr.utoronto.ca/TFreport.php?versionNumber=2.00&searchTF=T361792_2.00

MOTIF M01349_2.00 ANIA_00202

letter-probability matrix: alength= 4 w= 9 nsites= 1 E= 0
  0.156376	  0.474500	  0.111304	  0.257820	
  0.089075	  0.182998	  0.138307	  0.589619	
  0.035283	  0.919116	  0.000296	  0.045305	
  0.012790	  0.067944	  0.905684	  0.013581	
  0.054850	  0.153640	  0.695485	  0.096025	
  0.246459	  0.269670	  0.310194	  0.173677	
  0.364180	  0.001800	  0.068556	  0.565465	
  0.611369	  0.089631	  0.132383	  0.166617	
  0.318988	  0.184040	  0.205440	  0.291533	

URL http://cisbp.ccbr.utoronto.ca/TFreport.php?versionNumber=2.00&searchTF=T361796_2.00

MOTIF M01350_2.00 nirA

letter-probability matrix: alength= 4 w= 10 nsites= 1 E= 0
  0.114051	  0.624311	  0.163473	  0.098165	
  0.129835	  0.617864	  0.107369	  0.144932	
  0.141030	  0.177500	  0.502186	  0.179284	
  0.087668	  0.815299	  0.001109	  0.095924	
  0.005486	  0.000001	  0.994492	  0.000020	
  0.012688	  0.032806	  0.953957	  0.000549	
  0.695374	  0.098934	  0.159884	  0.045808	
  0.321840	  0.156656	  0.385313	  0.136191	
  0.357958	  0.212813	  0.186871	  0.242358	
  0.310636	  0.216724	  0.104441	  0.368199	

URL http://cisbp.ccbr.utoronto.ca/TFreport.php?versionNumber=2.00&searchTF=T361799_2.00

MOTIF M01351_2.00 ANIA_08391

letter-probability matrix: alength= 4 w= 10 nsites= 1 E= 0
  0.274132	  0.271404	  0.279670	  0.174794	
  0.341317	  0.287957	  0.202920	  0.167806	
  0.121531	  0.273190	  0.066034	  0.539245	
  0.021390	  0.975495	  0.000132	  0.002983	
  0.000057	  0.082307	  0.916402	  0.001234	
  0.024948	  0.025966	  0.931505	  0.017581	
  0.501072	  0.131204	  0.269549	  0.098175	
  0.457396	  0.100038	  0.178672	  0.263895	
  0.277359	  0.160022	  0.091406	  0.471213	
  0.272197	  0.129869	  0.111779	  0.486155	

URL http://cisbp.ccbr.utoronto.ca/TFreport.php?versionNumber=2.00&searchTF=T361805_2.00

MOTIF M01352_2.00 ANIA_08506

letter-probability matrix: alength= 4 w= 10 nsites= 1 E= 0
  0.224578	  0.312380	  0.238465	  0.224578	
  0.181432	  0.351033	  0.153068	  0.314467	
  0.157982	  0.334448	  0.198836	  0.308734	
  0.043828	  0.907109	  0.030885	  0.018179	
  0.018376	  0.036637	  0.944876	  0.000111	
  0.031983	  0.004117	  0.948793	  0.015107	
  0.657151	  0.115343	  0.134010	  0.093496	
  0.193740	  0.256343	  0.335801	  0.214116	
  0.313631	  0.210233	  0.168716	  0.307420	
  0.309620	  0.213865	  0.137737	  0.338778	

URL http://cisbp.ccbr.utoronto.ca/TFreport.php?versionNumber=2.00&searchTF=T361814_2.00

MOTIF M01353_2.00 ANIA_08535

letter-probability matrix: alength= 4 w= 8 nsites= 1 E= 0
  0.001984	  0.994048	  0.001984	  0.001984	
  0.001984	  0.001984	  0.994048	  0.001984	
  0.001984	  0.001984	  0.994048	  0.001984	
  0.994048	  0.001984	  0.001984	  0.001984	
  0.994048	  0.001984	  0.001984	  0.001984	
  0.795635	  0.001984	  0.001984	  0.200397	
  0.200397	  0.001984	  0.001984	  0.795635	
  0.661184	  0.003289	  0.332237	  0.003289	

URL http://cisbp.ccbr.utoronto.ca/TFreport.php?versionNumber=2.00&searchTF=T361817_2.00

MOTIF M01354_2.00 ANIA_05220

letter-probability matrix: alength= 4 w= 10 nsites= 1 E= 0
  0.265813	  0.217629	  0.245376	  0.271182	
  0.297493	  0.195467	  0.256055	  0.250985	
  0.171341	  0.288201	  0.279683	  0.260775	
  0.116612	  0.375722	  0.116612	  0.391055	
  0.097737	  0.156379	  0.079224	  0.666660	
  0.000121	  0.997704	  0.000004	  0.002172	
  0.000079	  0.000042	  0.999046	  0.000833	
  0.003106	  0.000412	  0.966117	  0.030365	
  0.466184	  0.209470	  0.140412	  0.183935	
  0.233447	  0.250374	  0.337970	  0.178209	

URL http://cisbp.ccbr.utoronto.ca/TFreport.php?versionNumber=2.00&searchTF=T361821_2.00

MOTIF M01355_2.00 ANIA_05609

letter-probability matrix: alength= 4 w= 8 nsites= 1 E= 0
  0.000906	  0.000906	  0.000906	  0.997283	
  0.997508	  0.000831	  0.000831	  0.000831	
  0.614264	  0.154141	  0.230828	  0.000767	
  0.000767	  0.384202	  0.000767	  0.614264	
  0.000767	  0.997699	  0.000767	  0.000767	
