MEME version 4

ALPHABET= ACGT

strands: + -

Background letter frequencies (from uniform background):
A 0.25000 C 0.25000 G 0.25000 T 0.25000 

MOTIF M00115_2.00 (BGIBMGA004104)_(Mus_musculus)_(DBD_0.75)

letter-probability matrix: alength= 4 w= 9 nsites= 1 E= 0
  0.246578	  0.267115	  0.232219	  0.254088	
  0.378326	  0.089636	  0.246105	  0.285933	
  0.932211	  0.020037	  0.024473	  0.023279	
  0.109459	  0.057143	  0.094212	  0.739186	
  0.198441	  0.333784	  0.113351	  0.354424	
  0.708755	  0.056459	  0.138866	  0.095920	
  0.607308	  0.100387	  0.141039	  0.151265	
  0.519306	  0.108039	  0.187259	  0.185396	
  0.347377	  0.202433	  0.185010	  0.265180	

URL http://cisbp.ccbr.utoronto.ca/TFreport.php?versionNumber=2.00&searchTF=T014181_2.00

MOTIF M00123_2.00 (BGIBMGA000157)_(Mus_musculus)_(DBD_0.59)

letter-probability matrix: alength= 4 w= 10 nsites= 1 E= 0
  0.204029	  0.225487	  0.206080	  0.364404	
  0.236887	  0.356945	  0.180834	  0.225334	
  0.366431	  0.173090	  0.224485	  0.235995	
  0.211095	  0.124252	  0.479292	  0.185362	
  0.221482	  0.544759	  0.112207	  0.121552	
  0.581822	  0.053848	  0.253703	  0.110627	
  0.397568	  0.193517	  0.184079	  0.224835	
  0.408500	  0.110221	  0.169439	  0.311840	
  0.374779	  0.157014	  0.132467	  0.335740	
  0.299479	  0.213160	  0.169363	  0.317998	

URL http://cisbp.ccbr.utoronto.ca/TFreport.php?versionNumber=2.00&searchTF=T057072_2.00

MOTIF M00126_2.00 (BGIBMGA013554)_(Mus_musculus)_(DBD_0.51)

letter-probability matrix: alength= 4 w= 13 nsites= 1 E= 0
  0.311331	  0.229556	  0.229556	  0.229556	
  0.263927	  0.336617	  0.247677	  0.151778	
  0.046512	  0.046512	  0.860463	  0.046512	
  0.020238	  0.020238	  0.020238	  0.939286	
  0.020238	  0.939286	  0.020238	  0.020238	
  0.919257	  0.000209	  0.000209	  0.080326	
  0.000209	  0.000209	  0.999374	  0.000209	
  0.000209	  0.999374	  0.000209	  0.000209	
  0.938043	  0.020652	  0.020652	  0.020652	
  0.403239	  0.220542	  0.175901	  0.200318	
  0.203696	  0.203696	  0.203696	  0.388911	
  0.229971	  0.229971	  0.229971	  0.310088	
  0.229971	  0.229971	  0.229971	  0.310088	

URL http://cisbp.ccbr.utoronto.ca/TFreport.php?versionNumber=2.00&searchTF=T057090_2.00

MOTIF M00133_2.00 (BGIBMGA006942)_(Mus_musculus)_(DBD_0.88)

letter-probability matrix: alength= 4 w= 10 nsites= 1 E= 0
  0.210214	  0.458577	  0.118882	  0.212327	
  0.423407	  0.501866	  0.028741	  0.045986	
  0.029760	  0.909753	  0.024858	  0.035629	
  0.156909	  0.014093	  0.668920	  0.160079	
  0.000767	  0.987545	  0.000039	  0.011649	
  0.000264	  0.999670	  0.000030	  0.000036	
  0.000434	  0.833039	  0.000013	  0.166514	
  0.296789	  0.562855	  0.013504	  0.126852	
  0.102020	  0.541945	  0.119721	  0.236315	
  0.207575	  0.297523	  0.149230	  0.345672	

URL http://cisbp.ccbr.utoronto.ca/TFreport.php?versionNumber=2.00&searchTF=T081337_2.00

MOTIF M00134_2.00 (BGIBMGA002047)_(Mus_musculus)_(DBD_0.90)

letter-probability matrix: alength= 4 w= 10 nsites= 1 E= 0
  0.234441	  0.180766	  0.414554	  0.170239	
  0.219242	  0.497789	  0.115605	  0.167365	
  0.177318	  0.538047	  0.076550	  0.208085	
  0.515538	  0.352557	  0.089587	  0.042318	
  0.009895	  0.974574	  0.000320	  0.015211	
  0.228736	  0.010304	  0.660217	  0.100743	
  0.000089	  0.999596	  0.000241	  0.000074	
  0.000191	  0.999363	  0.000173	  0.000272	
  0.001121	  0.823801	  0.000229	  0.174850	
  0.342124	  0.258571	  0.077105	  0.322200	

URL http://cisbp.ccbr.utoronto.ca/TFreport.php?versionNumber=2.00&searchTF=T081264_2.00

MOTIF M00154_2.00 (BGIBMGA003403)_(Mus_musculus)_(DBD_0.74)

letter-probability matrix: alength= 4 w= 10 nsites= 1 E= 0
  0.323791	  0.157606	  0.184952	  0.333651	
  0.356499	  0.123511	  0.133798	  0.386191	
  0.252758	  0.144378	  0.247753	  0.355112	
  0.126742	  0.200769	  0.545747	  0.126742	
  0.023207	  0.074773	  0.901856	  0.000164	
  0.069741	  0.911218	  0.000224	  0.018817	
  0.000176	  0.000025	  0.982509	  0.017290	
  0.011409	  0.610578	  0.359389	  0.018623	
  0.108464	  0.261496	  0.386224	  0.243817	
  0.250797	  0.271685	  0.168114	  0.309403	

URL http://cisbp.ccbr.utoronto.ca/TFreport.php?versionNumber=2.00&searchTF=T172302_2.00

MOTIF M00157_2.00 (BGIBMGA011124)_(Mus_musculus)_(DBD_0.75)

letter-probability matrix: alength= 4 w= 10 nsites= 1 E= 0
  0.310173	  0.239160	  0.232091	  0.218575	
  0.515468	  0.099991	  0.271802	  0.112739	
  0.100868	  0.708969	  0.159782	  0.030381	
  0.125542	  0.847793	  0.021599	  0.005066	
  0.008511	  0.006180	  0.983769	  0.001539	
  0.001765	  0.005251	  0.990671	  0.002313	
  0.980239	  0.008916	  0.004748	  0.006097	
  0.784086	  0.021000	  0.005390	  0.189525	
  0.330437	  0.069437	  0.572730	  0.027396	
  0.085838	  0.235677	  0.092987	  0.585498	

URL http://cisbp.ccbr.utoronto.ca/TFreport.php?versionNumber=2.00&searchTF=T175502_2.00

MOTIF M00159_2.00 (BGIBMGA001296)_(Mus_musculus)_(DBD_0.78)

letter-probability matrix: alength= 4 w= 10 nsites= 1 E= 0
  0.401213	  0.134894	  0.189519	  0.274374	
  0.288005	  0.299758	  0.235798	  0.176439	
  0.207310	  0.504826	  0.205247	  0.082617	
  0.276376	  0.615087	  0.084925	  0.023612	
  0.001256	  0.018138	  0.980434	  0.000172	
  0.005077	  0.055966	  0.893136	  0.045821	
  0.810468	  0.028435	  0.076525	  0.084573	
  0.293995	  0.181919	  0.067597	  0.456488	
  0.285185	  0.231166	  0.308937	  0.174712	
  0.171414	  0.277017	  0.125723	  0.425847	

URL http://cisbp.ccbr.utoronto.ca/TFreport.php?versionNumber=2.00&searchTF=T175497_2.00

MOTIF M00160_2.00 (BGIBMGA014268)_(Mus_musculus)_(DBD_0.72)

letter-probability matrix: alength= 4 w= 10 nsites= 1 E= 0
  0.272342	  0.213287	  0.238265	  0.276106	
  0.383328	  0.071216	  0.521888	  0.023568	
  0.117428	  0.105265	  0.021002	  0.756305	
  0.834939	  0.152266	  0.000007	  0.012788	
  0.908292	  0.059096	  0.002967	  0.029645	
  0.977393	  0.014489	  0.001628	  0.006490	
  0.001282	  0.843632	  0.000001	  0.155085	
  0.965165	  0.012083	  0.006831	  0.015922	
  0.479654	  0.164189	  0.114694	  0.241463	
  0.417043	  0.185221	  0.142285	  0.255451	

URL http://cisbp.ccbr.utoronto.ca/TFreport.php?versionNumber=2.00&searchTF=T184637_2.00

MOTIF M00161_2.00 (BGIBMGA005669)_(Mus_musculus)_(DBD_0.68)

letter-probability matrix: alength= 4 w= 12 nsites= 1 E= 0
  0.394926	  0.201691	  0.201691	  0.201691	
  0.357836	  0.147163	  0.347838	  0.147163	
  0.159006	  0.172368	  0.068783	  0.599842	
  0.841382	  0.113021	  0.022798	  0.022798	
  0.999531	  0.000156	  0.000156	  0.000156	
  0.999531	  0.000156	  0.000156	  0.000156	
  0.000156	  0.999531	  0.000156	  0.000156	
  0.999531	  0.000156	  0.000156	  0.000156	
  0.854605	  0.048465	  0.048465	  0.048465	
  0.691020	  0.102993	  0.102993	  0.102993	
  0.181373	  0.360053	  0.181373	  0.277201	
  0.317926	  0.227358	  0.227358	  0.227358	

URL http://cisbp.ccbr.utoronto.ca/TFreport.php?versionNumber=2.00&searchTF=T184629_2.00

MOTIF M00162_2.00 (BGIBMGA005101)_(Mus_musculus)_(DBD_0.92)

letter-probability matrix: alength= 4 w= 8 nsites= 1 E= 0
  0.160144	  0.000399	  0.839058	  0.000399	
  0.000322	  0.032539	  0.000322	  0.966817	
  0.878027	  0.121368	  0.000303	  0.000303	
  0.968826	  0.030569	  0.000303	  0.000303	
  0.999092	  0.000303	  0.000303	  0.000303	
  0.000303	  0.635896	  0.000303	  0.363499	
  0.999092	  0.000303	  0.000303	  0.000303	
  0.630777	  0.105567	  0.105567	  0.158088	

URL http://cisbp.ccbr.utoronto.ca/TFreport.php?versionNumber=2.00&searchTF=T184628_2.00

MOTIF M00164_2.00 (BGIBMGA000635)_(Mus_musculus)_(DBD_0.66)

letter-probability matrix: alength= 4 w= 10 nsites= 1 E= 0
  0.366283	  0.166235	  0.164581	  0.302901	
  0.345139	  0.171391	  0.195185	  0.288285	
  0.267836	  0.181340	  0.196443	  0.354381	
  0.346821	  0.108724	  0.419393	  0.125062	
  0.146969	  0.100507	  0.031824	  0.720700	
  0.700016	  0.254959	  0.000720	  0.044305	
  0.906192	  0.053477	  0.000316	  0.040015	
  0.934400	  0.000771	  0.023568	  0.041260	
  0.033048	  0.600627	  0.033381	  0.332944	
  0.853101	  0.047889	  0.045553	  0.053457	

URL http://cisbp.ccbr.utoronto.ca/TFreport.php?versionNumber=2.00&searchTF=T184621_2.00

MOTIF M00166_2.00 (BGIBMGA002156)_(Mus_musculus)_(DBD_0.81)

letter-probability matrix: alength= 4 w= 10 nsites= 1 E= 0
  0.268595	  0.233506	  0.226604	  0.271295	
  0.274182	  0.235991	  0.229016	  0.260810	
  0.228672	  0.255262	  0.268349	  0.247717	
  0.424078	  0.237440	  0.065360	  0.273121	
  0.073859	  0.028851	  0.873191	  0.024099	
  0.941711	  0.009657	  0.001747	  0.046885	
  0.062764	  0.030247	  0.036212	  0.870777	
  0.486794	  0.180881	  0.095377	  0.236948	
  0.453949	  0.132686	  0.190183	  0.223182	
  0.227316	  0.258874	  0.316190	  0.197619	

URL http://cisbp.ccbr.utoronto.ca/TFreport.php?versionNumber=2.00&searchTF=T191799_2.00

MOTIF M00168_2.00 (BGIBMGA006182)_(Mus_musculus)_(DBD_0.61)

letter-probability matrix: alength= 4 w= 9 nsites= 1 E= 0
  0.220991	  0.264574	  0.272632	  0.241803	
  0.530934	  0.183945	  0.203291	  0.081830	
  0.102634	  0.102634	  0.066100	  0.728632	
  0.301843	  0.142580	  0.549993	  0.005584	
  0.162465	  0.523462	  0.198435	  0.115638	
  0.086217	  0.060152	  0.690122	  0.163509	
  0.005064	  0.010198	  0.974742	  0.009996	
  0.005612	  0.003838	  0.977420	  0.013130	
  0.116745	  0.317345	  0.111051	  0.454860	

URL http://cisbp.ccbr.utoronto.ca/TFreport.php?versionNumber=2.00&searchTF=T197950_2.00

MOTIF M00178_2.00 (BGIBMGA001382)_(Mus_musculus)_(DBD_0.88)

letter-probability matrix: alength= 4 w= 10 nsites= 1 E= 0
  0.212984	  0.416099	  0.142972	  0.227946	
  0.201998	  0.401559	  0.182516	  0.213926	
  0.432247	  0.083239	  0.179282	  0.305232	
  0.394149	  0.098816	  0.146383	  0.360652	
  0.532912	  0.075998	  0.118189	  0.272901	
  0.272901	  0.118189	  0.075998	  0.532912	
  0.360652	  0.146383	  0.098816	  0.394149	
  0.305232	  0.179282	  0.083239	  0.432247	
  0.213926	  0.182516	  0.401559	  0.201998	
  0.227946	  0.142972	  0.416099	  0.212984	

URL http://cisbp.ccbr.utoronto.ca/TFreport.php?versionNumber=2.00&searchTF=T252960_2.00

MOTIF M00181_2.00 (BGIBMGA006183)_(Mus_musculus)_(DBD_0.87)

letter-probability matrix: alength= 4 w= 10 nsites= 1 E= 0
  0.325203	  0.229167	  0.176700	  0.268930	
  0.302762	  0.119456	  0.489286	  0.088495	
  0.447338	  0.000344	  0.551871	  0.000446	
  0.041805	  0.000161	  0.956243	  0.001791	
  0.023582	  0.000259	  0.765452	  0.210707	
  0.048615	  0.000240	  0.085109	  0.866036	
  0.081116	  0.682577	  0.097113	  0.139195	
  0.814947	  0.000279	  0.169546	  0.015228	
  0.270941	  0.314788	  0.148695	  0.265576	
  0.251452	  0.223018	  0.319658	  0.205872	

URL http://cisbp.ccbr.utoronto.ca/TFreport.php?versionNumber=2.00&searchTF=T301316_2.00

MOTIF M00188_2.00 (BGIBMGA012712)_(Mus_musculus)_(DBD_0.85)

letter-probability matrix: alength= 4 w= 10 nsites= 1 E= 0
  0.104605	  0.584172	  0.194454	  0.116769	
  0.266268	  0.282733	  0.156727	  0.294272	
  0.098718	  0.112423	  0.073867	  0.714991	
  0.512814	  0.101485	  0.365006	  0.020695	
  0.255170	  0.103744	  0.573599	  0.067487	
  0.184311	  0.457887	  0.038345	  0.319457	
  0.484397	  0.018971	  0.233435	  0.263197	
  0.869982	  0.053972	  0.047869	  0.028176	
  0.021911	  0.904128	  0.002656	  0.071305	
  0.236202	  0.300271	  0.335186	  0.128340	

URL http://cisbp.ccbr.utoronto.ca/TFreport.php?versionNumber=2.00&searchTF=T318026_2.00

MOTIF M00195_2.00 (BGIBMGA010263)_(Mus_musculus)_(DBD_0.84)

letter-probability matrix: alength= 4 w= 10 nsites= 1 E= 0
  0.279067	  0.181426	  0.181426	  0.358081	
  0.289551	  0.189085	  0.212315	  0.309049	
  0.000105	  0.000105	  0.000105	  0.999685	
  0.000105	  0.000105	  0.999685	  0.000105	
  0.000105	  0.999685	  0.000105	  0.000105	
  0.000105	  0.000105	  0.000105	  0.999685	
  0.000105	  0.000105	  0.999685	  0.000105	
  0.999685	  0.000105	  0.000105	  0.000105	
  0.068679	  0.613130	  0.162332	  0.155859	
  0.241038	  0.147190	  0.147190	  0.464583	

URL http://cisbp.ccbr.utoronto.ca/TFreport.php?versionNumber=2.00&searchTF=T326578_2.00

MOTIF M00196_2.00 (BGIBMGA008274)_(Mus_musculus)_(DBD_0.65)

letter-probability matrix: alength= 4 w= 8 nsites= 1 E= 0
  0.009615	  0.009615	  0.009615	  0.971154	
  0.009615	  0.009615	  0.009615	  0.971154	
  0.009615	  0.971154	  0.009615	  0.009615	
  0.971154	  0.009615	  0.009615	  0.009615	
  0.009615	  0.009615	  0.009615	  0.971154	
  0.009615	  0.009615	  0.009615	  0.971154	
  0.009615	  0.009615	  0.971154	  0.009615	
  0.971154	  0.009615	  0.009615	  0.009615	

URL http://cisbp.ccbr.utoronto.ca/TFreport.php?versionNumber=2.00&searchTF=T326573_2.00

MOTIF M00197_2.00 (BGIBMGA011668)_(Mus_musculus)_(DBD_0.68)

letter-probability matrix: alength= 4 w= 8 nsites= 1 E= 0
  0.312219	  0.201080	  0.253079	  0.233622	
  0.315226	  0.161304	  0.285228	  0.238242	
  0.425231	  0.166107	  0.217594	  0.191068	
  0.602919	  0.043025	  0.029719	  0.324337	
  0.058211	  0.504755	  0.245690	  0.191344	
  0.971833	  0.016431	  0.000386	  0.011350	
  0.890196	  0.031232	  0.078370	  0.000202	
  0.180233	  0.052157	  0.044003	  0.723608	

URL http://cisbp.ccbr.utoronto.ca/TFreport.php?versionNumber=2.00&searchTF=T326581_2.00

MOTIF M00198_2.00 (BGIBMGA005719)_(Mus_musculus)_(DBD_0.96)

letter-probability matrix: alength= 4 w= 10 nsites= 1 E= 0
  0.487867	  0.129030	  0.194424	  0.188678	
  0.105157	  0.367034	  0.405635	  0.122175	
  0.637879	  0.044618	  0.022157	  0.295346	
  0.127896	  0.036643	  0.013891	  0.821570	
  0.117054	  0.666899	  0.135998	  0.080049	
  0.875401	  0.013939	  0.013663	  0.096997	
  0.818830	  0.046427	  0.085445	  0.049298	
  0.728316	  0.019702	  0.107849	  0.144133	
  0.179802	  0.178013	  0.562199	  0.079986	
  0.267968	  0.186955	  0.403779	  0.141298	

URL http://cisbp.ccbr.utoronto.ca/TFreport.php?versionNumber=2.00&searchTF=T326567_2.00

MOTIF M00202_2.00 (BGIBMGA003078)_(Mus_musculus)_(DBD_0.67)

letter-probability matrix: alength= 4 w= 9 nsites= 1 E= 0
  0.631817	  0.056182	  0.062715	  0.249286	
  0.000160	  0.054418	  0.041542	  0.903880	
  0.090057	  0.000544	  0.020094	  0.889305	
  0.201840	  0.259167	  0.449203	  0.089790	
  0.325271	  0.069038	  0.090437	  0.515253	
  0.239857	  0.228159	  0.198352	  0.333633	
  0.238056	  0.260475	  0.198841	  0.302628	
  0.252609	  0.237898	  0.221815	  0.287678	
  0.254386	  0.249349	  0.244411	  0.251855	

URL http://cisbp.ccbr.utoronto.ca/TFreport.php?versionNumber=2.00&searchTF=T326558_2.00

MOTIF M00214_2.00 (BGIBMGA003079)_(Mus_musculus)_(DBD_0.85)

letter-probability matrix: alength= 4 w= 10 nsites= 1 E= 0
  0.271418	  0.222218	  0.260775	  0.245589	
  0.276412	  0.204771	  0.245155	  0.273662	
  0.272770	  0.221103	  0.251798	  0.254329	
  0.267470	  0.208305	  0.298570	  0.225655	
  0.409172	  0.169718	  0.217922	  0.203189	
  0.328851	  0.083563	  0.116234	  0.471352	
  0.122925	  0.296360	  0.442117	  0.138598	
  0.861430	  0.012662	  0.082154	  0.043754	
  0.852026	  0.047352	  0.093468	  0.007154	
  0.231452	  0.044450	  0.088621	  0.635476	

URL http://cisbp.ccbr.utoronto.ca/TFreport.php?versionNumber=2.00&searchTF=T326559_2.00

MOTIF M00216_2.00 (BGIBMGA010619)_(Mus_musculus)_(DBD_0.93)

letter-probability matrix: alength= 4 w= 7 nsites= 1 E= 0
  0.317192	  0.188577	  0.170632	  0.323600	
  0.377028	  0.110202	  0.112429	  0.400342	
  0.238466	  0.123251	  0.123251	  0.515031	
  0.532428	  0.000769	  0.095340	  0.371463	
  0.290314	  0.000533	  0.069475	  0.639678	
  0.715780	  0.078521	  0.191210	  0.014489	
  0.289234	  0.119969	  0.104296	  0.486500	

URL http://cisbp.ccbr.utoronto.ca/TFreport.php?versionNumber=2.00&searchTF=T342143_2.00

MOTIF M00264_2.00 (BGIBMGA004601)_(Homo_sapiens)_(DBD_0.88)

letter-probability matrix: alength= 4 w= 9 nsites= 1 E= 0
  0.233408	  0.265811	  0.293767	  0.207014	
  0.218699	  0.307260	  0.229912	  0.244129	
  0.170035	  0.133754	  0.053303	  0.642908	
  0.615562	  0.090246	  0.171149	  0.123043	
  0.889185	  0.026584	  0.061578	  0.022653	
  0.050885	  0.155955	  0.072935	  0.720226	
  0.195427	  0.193483	  0.209597	  0.401492	
  0.262679	  0.206630	  0.324061	  0.206630	
  0.264075	  0.227292	  0.322542	  0.186091	

URL http://cisbp.ccbr.utoronto.ca/TFreport.php?versionNumber=2.00&searchTF=T204602_2.00

MOTIF M00284_2.00 (BGIBMGA003811)_(Homo_sapiens)_(DBD_0.67)

letter-probability matrix: alength= 4 w= 8 nsites= 1 E= 0
  0.212142	  0.267001	  0.332704	  0.188153	
  0.181967	  0.331565	  0.248098	  0.238370	
  0.130633	  0.095813	  0.021811	  0.751743	
  0.696930	  0.117529	  0.124796	  0.060745	
  0.798766	  0.051577	  0.039373	  0.110285	
  0.149564	  0.065873	  0.107525	  0.677037	
  0.193150	  0.156564	  0.312144	  0.338142	
  0.343299	  0.116583	  0.360900	  0.179218	

URL http://cisbp.ccbr.utoronto.ca/TFreport.php?versionNumber=2.00&searchTF=T204599_2.00

MOTIF M00368_2.00 (BGIBMGA006767)_(Homo_sapiens)_(DBD_0.81)

letter-probability matrix: alength= 4 w= 10 nsites= 1 E= 0
  0.289619	  0.286737	  0.186525	  0.237120	
  0.302937	  0.132095	  0.461058	  0.103910	
  0.532286	  0.082862	  0.360388	  0.024463	
  0.012110	  0.005280	  0.947658	  0.034953	
  0.005552	  0.001227	  0.783832	  0.209389	
  0.024110	  0.047589	  0.037063	  0.891238	
  0.000812	  0.917821	  0.005270	  0.076097	
  0.825383	  0.009639	  0.146328	  0.018650	
  0.311014	  0.237422	  0.134268	  0.317297	
  0.253574	  0.261297	  0.234078	  0.251051	

URL http://cisbp.ccbr.utoronto.ca/TFreport.php?versionNumber=2.00&searchTF=T301317_2.00

MOTIF M00380_2.00 (BGIBMGA002127)_(Mus_musculus)_(DBD_0.95)

letter-probability matrix: alength= 4 w= 8 nsites= 1 E= 0
  0.197712	  0.294951	  0.128613	  0.378724	
  0.094122	  0.079407	  0.010325	  0.816145	
  0.890434	  0.022015	  0.083238	  0.004313	
  0.994089	  0.000151	  0.000109	  0.005651	
  0.011500	  0.089327	  0.025850	  0.873323	
  0.128510	  0.058910	  0.253662	  0.558919	
  0.589184	  0.038044	  0.310672	  0.062100	
  0.188759	  0.223737	  0.420090	  0.167414	

URL http://cisbp.ccbr.utoronto.ca/TFreport.php?versionNumber=2.00&searchTF=T204593_2.00

MOTIF M00383_2.00 (BGIBMGA006486)_(Mus_musculus)_(DBD_0.90)

letter-probability matrix: alength= 4 w= 9 nsites= 1 E= 0
  0.196847	  0.282147	  0.169428	  0.351577	
  0.155907	  0.072187	  0.051897	  0.720008	
  0.696670	  0.087035	  0.095232	  0.121063	
  0.798358	  0.042630	  0.032219	  0.126793	
  0.067221	  0.146641	  0.081287	  0.704851	
  0.114380	  0.141109	  0.368533	  0.375978	
  0.447955	  0.095078	  0.322046	  0.134922	
  0.226418	  0.284970	  0.217540	  0.271072	
  0.214998	  0.296080	  0.212859	  0.276063	

URL http://cisbp.ccbr.utoronto.ca/TFreport.php?versionNumber=2.00&searchTF=T204624_2.00

MOTIF M00402_2.00 (BGIBMGA011837)_(Mus_musculus)_(DBD_0.77)

letter-probability matrix: alength= 4 w= 7 nsites= 1 E= 0
  0.144397	  0.120611	  0.119411	  0.615582	
  0.644210	  0.107557	  0.134025	  0.114208	
  0.733858	  0.022383	  0.092602	  0.151156	
  0.080543	  0.104458	  0.116604	  0.698395	
  0.170686	  0.157563	  0.174135	  0.497616	
  0.375164	  0.124881	  0.304102	  0.195853	
  0.313095	  0.175301	  0.329148	  0.182456	

URL http://cisbp.ccbr.utoronto.ca/TFreport.php?versionNumber=2.00&searchTF=T204657_2.00

MOTIF M00403_2.00 (BGIBMGA006400)_(Mus_musculus)_(DBD_0.96)

letter-probability matrix: alength= 4 w= 9 nsites= 1 E= 0
  0.212944	  0.305219	  0.179654	  0.302182	
  0.139237	  0.074156	  0.032014	  0.754592	
  0.749862	  0.028786	  0.146920	  0.074432	
  0.910880	  0.019190	  0.000909	  0.069021	
  0.047994	  0.131772	  0.069482	  0.750751	
  0.077838	  0.112689	  0.370417	  0.439057	
  0.522798	  0.084707	  0.264858	  0.127638	
  0.180205	  0.341756	  0.255723	  0.222315	
  0.212626	  0.301731	  0.212626	  0.273017	

URL http://cisbp.ccbr.utoronto.ca/TFreport.php?versionNumber=2.00&searchTF=T204616_2.00

MOTIF M00417_2.00 (BGIBMGA007802)_(Mus_musculus)_(DBD_0.68)

letter-probability matrix: alength= 4 w= 8 nsites= 1 E= 0
  0.281218	  0.216834	  0.307701	  0.194247	
  0.129122	  0.376440	  0.129122	  0.365315	
  0.165282	  0.184501	  0.049782	  0.600435	
  0.689510	  0.110607	  0.091467	  0.108417	
  0.925332	  0.042528	  0.028507	  0.003633	
  0.103670	  0.106828	  0.082370	  0.707132	
  0.155855	  0.155855	  0.181078	  0.507211	
  0.479837	  0.103902	  0.258126	  0.158135	

URL http://cisbp.ccbr.utoronto.ca/TFreport.php?versionNumber=2.00&searchTF=T204627_2.00

MOTIF M00422_2.00 (BGIBMGA006397)_(Mus_musculus)_(DBD_0.51)

letter-probability matrix: alength= 4 w= 7 nsites= 1 E= 0
  0.190028	  0.259088	  0.234433	  0.316451	
  0.202470	  0.101554	  0.105699	  0.590277	
  0.663860	  0.035095	  0.167013	  0.134031	
  0.824891	  0.001005	  0.082703	  0.091401	
  0.139244	  0.098123	  0.093338	  0.669295	
  0.169026	  0.149913	  0.350743	  0.330318	
  0.396330	  0.104820	  0.327749	  0.171100	

URL http://cisbp.ccbr.utoronto.ca/TFreport.php?versionNumber=2.00&searchTF=T204614_2.00

MOTIF M00427_2.00 (BGIBMGA001180)_(Mus_musculus)_(DBD_0.91)

letter-probability matrix: alength= 4 w= 9 nsites= 1 E= 0
  0.168479	  0.163500	  0.146469	  0.521553	
  0.211125	  0.111324	  0.092061	  0.585490	
  0.332803	  0.037621	  0.152559	  0.477017	
  0.833329	  0.023463	  0.043182	  0.100026	
  0.015491	  0.177732	  0.064089	  0.742688	
  0.151377	  0.075927	  0.326939	  0.445757	
  0.427605	  0.074307	  0.394730	  0.103358	
  0.140060	  0.392316	  0.217472	  0.250152	
  0.235202	  0.305040	  0.214958	  0.244800	

URL http://cisbp.ccbr.utoronto.ca/TFreport.php?versionNumber=2.00&searchTF=T204589_2.00

MOTIF M00431_2.00 (BGIBMGA007917)_(Mus_musculus)_(DBD_0.88)

letter-probability matrix: alength= 4 w= 8 nsites= 1 E= 0
  0.097409	  0.113174	  0.032751	  0.756666	
  0.789979	  0.041763	  0.110168	  0.058091	
  0.961786	  0.000398	  0.018152	  0.019664	
  0.015867	  0.053209	  0.038253	  0.892672	
  0.109607	  0.104261	  0.116385	  0.669747	
  0.466764	  0.086127	  0.316026	  0.131082	
  0.311503	  0.148622	  0.408058	  0.131816	
  0.205307	  0.309360	  0.213686	  0.271648	

URL http://cisbp.ccbr.utoronto.ca/TFreport.php?versionNumber=2.00&searchTF=T204628_2.00

MOTIF M00432_2.00 (BGIBMGA012234)_(Mus_musculus)_(DBD_0.88)

letter-probability matrix: alength= 4 w= 8 nsites= 1 E= 0
  0.233021	  0.233021	  0.237729	  0.296228	
  0.299569	  0.128040	  0.147281	  0.425109	
  0.394212	  0.088845	  0.184360	  0.332583	
  0.791037	  0.010521	  0.120704	  0.077738	
  0.125342	  0.030909	  0.107883	  0.735866	
  0.111249	  0.116952	  0.215243	  0.556556	
  0.502249	  0.069345	  0.330001	  0.098405	
  0.304872	  0.239820	  0.275859	  0.179449	

URL http://cisbp.ccbr.utoronto.ca/TFreport.php?versionNumber=2.00&searchTF=T204658_2.00

MOTIF M00434_2.00 (BGIBMGA003888)_(Mus_musculus)_(DBD_0.67)

letter-probability matrix: alength= 4 w= 8 nsites= 1 E= 0
  0.181066	  0.320174	  0.134137	  0.364623	
  0.077756	  0.030374	  0.026143	  0.865728	
  0.451520	  0.051553	  0.474670	  0.022256	
  0.972804	  0.002535	  0.014882	  0.009778	
  0.013067	  0.018176	  0.024782	  0.943975	
  0.042824	  0.039929	  0.115250	  0.801997	
  0.521680	  0.031095	  0.367622	  0.079603	
  0.194449	  0.311118	  0.327069	  0.167364	

URL http://cisbp.ccbr.utoronto.ca/TFreport.php?versionNumber=2.00&searchTF=T204600_2.00

MOTIF M00435_2.00 (BGIBMGA003208)_(Mus_musculus)_(DBD_0.91)

letter-probability matrix: alength= 4 w= 9 nsites= 1 E= 0
  0.336764	  0.194296	  0.190449	  0.278490	
  0.293592	  0.187202	  0.219684	  0.299522	
  0.143147	  0.291160	  0.156628	  0.409065	
  0.060921	  0.242154	  0.011817	  0.685107	
  0.768466	  0.128303	  0.074024	  0.029207	
  0.954390	  0.018561	  0.016964	  0.010085	
  0.035549	  0.016296	  0.012819	  0.935337	
  0.150061	  0.196574	  0.074518	  0.578848	
  0.582945	  0.073559	  0.135381	  0.208115	

URL http://cisbp.ccbr.utoronto.ca/TFreport.php?versionNumber=2.00&searchTF=T204596_2.00

MOTIF M00446_2.00 (BGIBMGA006484)_(Mus_musculus)_(DBD_0.49)

letter-probability matrix: alength= 4 w= 8 nsites= 1 E= 0
  0.207406	  0.312522	  0.197290	  0.282782	
  0.212544	  0.078190	  0.070750	  0.638516	
  0.637557	  0.086284	  0.186353	  0.089805	
  0.761956	  0.050194	  0.052767	  0.135083	
  0.078717	  0.160109	  0.131087	  0.630087	
  0.157976	  0.172853	  0.344620	  0.324551	
  0.338739	  0.140503	  0.342143	  0.178615	
  0.200480	  0.314415	  0.267927	  0.217177	

URL http://cisbp.ccbr.utoronto.ca/TFreport.php?versionNumber=2.00&searchTF=T204623_2.00

MOTIF M00450_2.00 (BGIBMGA014283)_(Mus_musculus)_(DBD_0.90)

letter-probability matrix: alength= 4 w= 9 nsites= 1 E= 0
  0.196325	  0.259764	  0.216973	  0.326938	
  0.168024	  0.144619	  0.100897	  0.586460	
  0.700378	  0.000665	  0.217374	  0.081583	
  0.964678	  0.000287	  0.006765	  0.028270	
  0.099760	  0.022937	  0.086727	  0.790576	
  0.079382	  0.133523	  0.297160	  0.489935	
  0.592997	  0.034302	  0.309572	  0.063130	
  0.209422	  0.321935	  0.297183	  0.171460	
  0.160609	  0.343427	  0.206226	  0.289737	

URL http://cisbp.ccbr.utoronto.ca/TFreport.php?versionNumber=2.00&searchTF=T204667_2.00

MOTIF M00453_2.00 (BGIBMGA000639)_(Mus_musculus)_(DBD_0.95)

letter-probability matrix: alength= 4 w= 10 nsites= 1 E= 0
  0.292956	  0.212730	  0.247157	  0.247157	
  0.199110	  0.213547	  0.268770	  0.318574	
  0.308532	  0.060450	  0.242700	  0.388318	
  0.885224	  0.000434	  0.056027	  0.058314	
  0.069002	  0.849069	  0.012233	  0.069696	
  0.762058	  0.078730	  0.049701	  0.109511	
  0.312091	  0.226624	  0.087645	  0.373640	
  0.225409	  0.218747	  0.398583	  0.157262	
  0.285673	  0.236240	  0.224718	  0.253369	
  0.255374	  0.231072	  0.219803	  0.293750	

URL http://cisbp.ccbr.utoronto.ca/TFreport.php?versionNumber=2.00&searchTF=T204587_2.00

MOTIF M00456_2.00 (BGIBMGA000638)_(Mus_musculus)_(DBD_0.93)

letter-probability matrix: alength= 4 w= 7 nsites= 1 E= 0
  0.269032	  0.253365	  0.248348	  0.229254	
  0.209966	  0.234381	  0.275048	  0.280605	
  0.313154	  0.102176	  0.248811	  0.335860	
  0.666829	  0.048064	  0.125529	  0.159578	
  0.143545	  0.599832	  0.118706	  0.137917	
  0.632454	  0.122683	  0.099445	  0.145417	
  0.306208	  0.255767	  0.134864	  0.303161	

URL http://cisbp.ccbr.utoronto.ca/TFreport.php?versionNumber=2.00&searchTF=T204586_2.00

MOTIF M00458_2.00 (BGIBMGA013872)_(Mus_musculus)_(DBD_1.00)

letter-probability matrix: alength= 4 w= 7 nsites= 1 E= 0
  0.207112	  0.268610	  0.252968	  0.271310	
  0.229210	  0.070431	  0.130927	  0.569432	
  0.521448	  0.073450	  0.236656	  0.168445	
  0.627941	  0.108034	  0.128053	  0.135972	
  0.172464	  0.088251	  0.270478	  0.468806	
  0.209059	  0.140136	  0.302661	  0.348144	
  0.255000	  0.139947	  0.428917	  0.176137	

URL http://cisbp.ccbr.utoronto.ca/TFreport.php?versionNumber=2.00&searchTF=T204662_2.00

MOTIF M00460_2.00 (BGIBMGA007623)_(Mus_musculus)_(DBD_0.70)

letter-probability matrix: alength= 4 w= 9 nsites= 1 E= 0
  0.245921	  0.297380	  0.182183	  0.274516	
  0.148145	  0.057294	  0.053420	  0.741141	
  0.826195	  0.029278	  0.049246	  0.095281	
  0.911651	  0.016367	  0.020806	  0.051175	
  0.341059	  0.073851	  0.129290	  0.455800	
  0.145727	  0.296408	  0.137241	  0.420623	
  0.217704	  0.062373	  0.591781	  0.128142	
  0.218605	  0.261718	  0.292150	  0.227527	
  0.175236	  0.274825	  0.175236	  0.374703	

URL http://cisbp.ccbr.utoronto.ca/TFreport.php?versionNumber=2.00&searchTF=T204626_2.00

MOTIF M00468_2.00 (BGIBMGA011254)_(Mus_musculus)_(DBD_0.83)

letter-probability matrix: alength= 4 w= 10 nsites= 1 E= 0
  0.273727	  0.219671	  0.235599	  0.271003	
  0.251042	  0.222654	  0.246071	  0.280233	
  0.174794	  0.193177	  0.137498	  0.494531	
  0.074726	  0.046704	  0.815526	  0.063044	
  0.715968	  0.000627	  0.187473	  0.095932	
  0.054401	  0.876887	  0.000243	  0.068469	
  0.623674	  0.022774	  0.283051	  0.070501	
  0.161831	  0.182463	  0.414283	  0.241423	
  0.204355	  0.287109	  0.314147	  0.194389	
  0.205527	  0.274673	  0.197469	  0.322331	

URL http://cisbp.ccbr.utoronto.ca/TFreport.php?versionNumber=2.00&searchTF=T204654_2.00

MOTIF M00469_2.00 (BGIBMGA010980)_(Mus_musculus)_(DBD_0.88)

letter-probability matrix: alength= 4 w= 9 nsites= 1 E= 0
  0.180487	  0.322358	  0.168285	  0.328870	
  0.103026	  0.115005	  0.065038	  0.716930	
  0.775551	  0.063661	  0.107080	  0.053709	
  0.897628	  0.006358	  0.000454	  0.095560	
  0.077016	  0.098890	  0.055925	  0.768169	
  0.180572	  0.058917	  0.288913	  0.471598	
  0.490098	  0.081013	  0.288474	  0.140415	
  0.197887	  0.298180	  0.280815	  0.223117	
  0.176121	  0.347641	  0.210855	  0.265382	

URL http://cisbp.ccbr.utoronto.ca/TFreport.php?versionNumber=2.00&searchTF=T204652_2.00

MOTIF M00476_2.00 (BGIBMGA006392)_(Mus_musculus)_(DBD_1.00)

letter-probability matrix: alength= 4 w= 9 nsites= 1 E= 0
  0.219817	  0.202917	  0.222026	  0.355240	
  0.214850	  0.129017	  0.132946	  0.523188	
  0.513373	  0.061621	  0.131763	  0.293243	
  0.787783	  0.015788	  0.077418	  0.119012	
  0.061583	  0.194490	  0.104625	  0.639303	
  0.168088	  0.140399	  0.363030	  0.328483	
  0.320844	  0.119218	  0.380298	  0.179640	
  0.183628	  0.344782	  0.238153	  0.233437	
  0.224687	  0.297291	  0.224687	  0.253334	

URL http://cisbp.ccbr.utoronto.ca/TFreport.php?versionNumber=2.00&searchTF=T204611_2.00

MOTIF M00483_2.00 (BGIBMGA011285)_(Mus_musculus)_(DBD_0.96)

letter-probability matrix: alength= 4 w= 7 nsites= 1 E= 0
  0.247356	  0.242458	  0.265291	  0.244895	
  0.187686	  0.245862	  0.203318	  0.363134	
  0.206531	  0.145540	  0.437226	  0.210703	
  0.818609	  0.111900	  0.033704	  0.035788	
  0.126658	  0.170970	  0.099632	  0.602740	
  0.539508	  0.337193	  0.043409	  0.079890	
  0.146793	  0.419484	  0.179294	  0.254430	

URL http://cisbp.ccbr.utoronto.ca/TFreport.php?versionNumber=2.00&searchTF=T204655_2.00

MOTIF M00484_2.00 (BGIBMGA009644)_(Mus_musculus)_(DBD_0.79)

letter-probability matrix: alength= 4 w= 8 nsites= 1 E= 0
  0.260569	  0.255410	  0.285108	  0.198913	
  0.177845	  0.320830	  0.230652	  0.270673	
  0.114497	  0.403649	  0.048938	  0.432917	
  0.580843	  0.152091	  0.107177	  0.159889	
  0.790662	  0.111371	  0.053137	  0.044830	
  0.121087	  0.104221	  0.012262	  0.762430	
  0.136206	  0.248183	  0.120804	  0.494807	
  0.509367	  0.130735	  0.162905	  0.196993	

URL http://cisbp.ccbr.utoronto.ca/TFreport.php?versionNumber=2.00&searchTF=T204636_2.00

MOTIF M00485_2.00 (BGIBMGA008482)_(Mus_musculus)_(DBD_0.91)

letter-probability matrix: alength= 4 w= 7 nsites= 1 E= 0
  0.187295	  0.271153	  0.247815	  0.293737	
  0.250771	  0.201249	  0.229188	  0.318793	
  0.296001	  0.169078	  0.244781	  0.290140	
  0.718437	  0.000173	  0.207904	  0.073485	
  0.249149	  0.003519	  0.152635	  0.594697	
  0.242601	  0.126649	  0.230769	  0.399981	
  0.470117	  0.042224	  0.321495	  0.166165	

URL http://cisbp.ccbr.utoronto.ca/TFreport.php?versionNumber=2.00&searchTF=T204632_2.00

MOTIF M00495_2.00 (BGIBMGA009730)_(Mus_musculus)_(DBD_0.63)

letter-probability matrix: alength= 4 w= 9 nsites= 1 E= 0
  0.184447	  0.364076	  0.184447	  0.267030	
  0.116544	  0.046445	  0.001308	  0.835703	
  0.822965	  0.097799	  0.078485	  0.000750	
  0.891592	  0.011056	  0.021179	  0.076173	
  0.116988	  0.045699	  0.100693	  0.736620	
  0.189372	  0.123188	  0.282510	  0.404930	
  0.430266	  0.105047	  0.303203	  0.161484	
  0.227412	  0.274998	  0.297901	  0.199689	
  0.184723	  0.307617	  0.234829	  0.272832	

URL http://cisbp.ccbr.utoronto.ca/TFreport.php?versionNumber=2.00&searchTF=T204638_2.00

MOTIF M00497_2.00 (BGIBMGA010704)_(Mus_musculus)_(DBD_0.74)

letter-probability matrix: alength= 4 w= 9 nsites= 1 E= 0
  0.245645	  0.217868	  0.155072	  0.381415	
  0.155646	  0.286456	  0.182652	  0.375247	
  0.590071	  0.027667	  0.267800	  0.114462	
  0.898778	  0.013079	  0.023360	  0.064783	
  0.070908	  0.007549	  0.728793	  0.192749	
  0.205889	  0.053375	  0.175447	  0.565289	
  0.315679	  0.022081	  0.558205	  0.104035	
  0.130473	  0.305262	  0.324138	  0.240127	
  0.222604	  0.274622	  0.222604	  0.280170	

URL http://cisbp.ccbr.utoronto.ca/TFreport.php?versionNumber=2.00&searchTF=T204647_2.00

MOTIF M00504_2.00 (BGIBMGA006395)_(Mus_musculus)_(DBD_0.88)

letter-probability matrix: alength= 4 w= 9 nsites= 1 E= 0
  0.187953	  0.312996	  0.166699	  0.332351	
  0.123462	  0.059498	  0.023949	  0.793091	
  0.836264	  0.023546	  0.099379	  0.040811	
  0.958798	  0.008548	  0.007734	  0.024920	
  0.020845	  0.118761	  0.058388	  0.802005	
  0.122114	  0.113858	  0.421979	  0.342049	
  0.445655	  0.068686	  0.354088	  0.131571	
  0.186220	  0.326010	  0.277808	  0.209962	
  0.215548	  0.296837	  0.224345	  0.263271	

URL http://cisbp.ccbr.utoronto.ca/TFreport.php?versionNumber=2.00&searchTF=T204613_2.00

MOTIF M00506_2.00 (BGIBMGA010706)_(Mus_musculus)_(DBD_0.91)

letter-probability matrix: alength= 4 w= 9 nsites= 1 E= 0
  0.222072	  0.252902	  0.183644	  0.341382	
  0.190880	  0.144264	  0.176205	  0.488650	
  0.671910	  0.026579	  0.219231	  0.082280	
  0.946942	  0.002124	  0.008275	  0.042659	
  0.048899	  0.017112	  0.727602	  0.206387	
  0.181881	  0.050066	  0.158119	  0.609934	
  0.334214	  0.016976	  0.579278	  0.069532	
  0.135232	  0.297969	  0.339336	  0.227464	
  0.208040	  0.278030	  0.218707	  0.295223	

URL http://cisbp.ccbr.utoronto.ca/TFreport.php?versionNumber=2.00&searchTF=T204648_2.00

MOTIF M00516_2.00 (BGIBMGA011098)_(Mus_musculus)_(DBD_0.91)

letter-probability matrix: alength= 4 w= 9 nsites= 1 E= 0
  0.266806	  0.229642	  0.205721	  0.297830	
  0.116229	  0.082729	  0.031676	  0.769366	
  0.886269	  0.000274	  0.097224	  0.016233	
  0.956010	  0.016164	  0.000365	  0.027461	
  0.057873	  0.196026	  0.082125	  0.663976	
  0.104695	  0.230685	  0.333971	  0.330648	
  0.326888	  0.077449	  0.441252	  0.154411	
  0.189730	  0.271946	  0.338866	  0.199458	
  0.170012	  0.319216	  0.175189	  0.335583	

URL http://cisbp.ccbr.utoronto.ca/TFreport.php?versionNumber=2.00&searchTF=T204653_2.00

MOTIF M00521_2.00 (BGIBMGA004158)_(Mus_musculus)_(DBD_0.74)

letter-probability matrix: alength= 4 w= 10 nsites= 1 E= 0
  0.288498	  0.195329	  0.236202	  0.279971	
  0.262688	  0.217232	  0.208714	  0.311365	
  0.103657	  0.077563	  0.037378	  0.781402	
  0.010538	  0.001868	  0.987333	  0.000261	
  0.907737	  0.003939	  0.058030	  0.030294	
  0.040867	  0.916283	  0.003976	  0.038874	
  0.789137	  0.002614	  0.170876	  0.037373	
  0.131845	  0.141405	  0.524071	  0.202680	
  0.191490	  0.309462	  0.309462	  0.189585	
  0.190909	  0.245132	  0.187129	  0.376831	

URL http://cisbp.ccbr.utoronto.ca/TFreport.php?versionNumber=2.00&searchTF=T204601_2.00

MOTIF M00524_2.00 (BGIBMGA010810)_(Mus_musculus)_(DBD_0.95)

letter-probability matrix: alength= 4 w= 10 nsites= 1 E= 0
  0.221818	  0.204764	  0.161073	  0.412344	
  0.207435	  0.166471	  0.084337	  0.541758	
  0.621586	  0.036682	  0.185355	  0.156378	
  0.910510	  0.013383	  0.034261	  0.041846	
  0.138801	  0.083349	  0.268550	  0.509300	
  0.088820	  0.300850	  0.045450	  0.564880	
  0.170729	  0.062808	  0.652021	  0.114443	
  0.204093	  0.304470	  0.254315	  0.237122	
  0.175698	  0.304530	  0.186563	  0.333209	
  0.196959	  0.273964	  0.238173	  0.290905	

URL http://cisbp.ccbr.utoronto.ca/TFreport.php?versionNumber=2.00&searchTF=T204650_2.00

MOTIF M00531_2.00 (BGIBMGA006478)_(Mus_musculus)_(DBD_0.65)

letter-probability matrix: alength= 4 w= 8 nsites= 1 E= 0
  0.197705	  0.297905	  0.188063	  0.316327	
  0.149881	  0.075932	  0.046518	  0.727668	
  0.769845	  0.044088	  0.131130	  0.054937	
  0.865682	  0.028037	  0.030070	  0.076212	
  0.059224	  0.157799	  0.096672	  0.686305	
  0.154873	  0.134640	  0.362348	  0.348140	
  0.399402	  0.099481	  0.340348	  0.160769	
  0.198563	  0.308310	  0.260111	  0.233016	

URL http://cisbp.ccbr.utoronto.ca/TFreport.php?versionNumber=2.00&searchTF=T204617_2.00

MOTIF M00541_2.00 (BGIBMGA009025)_(Mus_musculus)_(DBD_0.82)

letter-probability matrix: alength= 4 w= 8 nsites= 1 E= 0
  0.202576	  0.296223	  0.210843	  0.290358	
  0.194598	  0.365379	  0.185107	  0.254916	
  0.389438	  0.176744	  0.318845	  0.114974	
  0.693175	  0.069497	  0.118071	  0.119257	
  0.066258	  0.040188	  0.061779	  0.831775	
  0.128430	  0.097066	  0.064418	  0.710086	
  0.607661	  0.091800	  0.081420	  0.219119	
  0.240532	  0.222039	  0.257972	  0.279458	

URL http://cisbp.ccbr.utoronto.ca/TFreport.php?versionNumber=2.00&searchTF=T237231_2.00

MOTIF M00554_2.00 (BGIBMGA006385)_(Drosophila_melanogaster)_(DBD_0.98)

letter-probability matrix: alength= 4 w= 10 nsites= 1 E= 0
  0.251496	  0.177226	  0.199822	  0.371455	
  0.148997	  0.073254	  0.136173	  0.641576	
  0.122081	  0.052704	  0.056525	  0.768690	
  0.381649	  0.037883	  0.070422	  0.510046	
  0.882245	  0.000299	  0.060489	  0.056967	
  0.048121	  0.268735	  0.096905	  0.586239	
  0.165526	  0.087281	  0.407129	  0.340063	
  0.403411	  0.084771	  0.354234	  0.157584	
  0.125944	  0.405791	  0.231791	  0.236474	
  0.189990	  0.335953	  0.201738	  0.272318	

URL http://cisbp.ccbr.utoronto.ca/TFreport.php?versionNumber=2.00&searchTF=T204608_2.00

MOTIF M00555_2.00 (BGIBMGA010695)_(Drosophila_melanogaster)_(DBD_0.98)

letter-probability matrix: alength= 4 w= 8 nsites= 1 E= 0
  0.102338	  0.069985	  0.032730	  0.794948	
  0.792313	  0.045831	  0.074066	  0.087791	
  0.951444	  0.000214	  0.021285	  0.027058	
  0.034616	  0.020995	  0.051640	  0.892749	
  0.077589	  0.068130	  0.095720	  0.758561	
  0.350452	  0.037684	  0.507361	  0.104504	
  0.214873	  0.273157	  0.327028	  0.184943	
  0.211851	  0.274755	  0.209743	  0.303652	

URL http://cisbp.ccbr.utoronto.ca/TFreport.php?versionNumber=2.00&searchTF=T204646_2.00

MOTIF M00557_2.00 (BGIBMGA010833)_(Drosophila_melanogaster)_(DBD_1.00)

letter-probability matrix: alength= 4 w= 9 nsites= 1 E= 0
  0.243483	  0.258539	  0.306448	  0.191530	
  0.206850	  0.317982	  0.181634	  0.293534	
  0.110856	  0.033389	  0.011684	  0.844070	
  0.894610	  0.051233	  0.053860	  0.000297	
  0.947543	  0.000984	  0.023427	  0.028047	
  0.139344	  0.033346	  0.087090	  0.740219	
  0.192569	  0.124022	  0.232864	  0.450544	
  0.357775	  0.064709	  0.468673	  0.108843	
  0.187431	  0.305947	  0.291025	  0.215597	

URL http://cisbp.ccbr.utoronto.ca/TFreport.php?versionNumber=2.00&searchTF=T204651_2.00

MOTIF M00558_2.00 (BGIBMGA006388)_(Drosophila_melanogaster)_(DBD_0.95)

letter-probability matrix: alength= 4 w= 9 nsites= 1 E= 0
  0.217791	  0.178312	  0.203067	  0.400830	
  0.182540	  0.115234	  0.102204	  0.600023	
  0.599068	  0.030126	  0.087827	  0.282979	
  0.818970	  0.020864	  0.080483	  0.079682	
  0.075605	  0.178667	  0.083557	  0.662171	
  0.132125	  0.112590	  0.370091	  0.385195	
  0.393154	  0.095986	  0.355740	  0.155120	
  0.161580	  0.381840	  0.236276	  0.220303	
  0.218514	  0.319529	  0.197719	  0.264238	

URL http://cisbp.ccbr.utoronto.ca/TFreport.php?versionNumber=2.00&searchTF=T204609_2.00

MOTIF M00563_2.00 (BGIBMGA000091)_(Drosophila_melanogaster)_(DBD_0.91)

letter-probability matrix: alength= 4 w= 9 nsites= 1 E= 0
  0.304796	  0.208438	  0.219125	  0.267640	
  0.204503	  0.208634	  0.183200	  0.403663	
  0.192685	  0.087449	  0.498226	  0.221640	
  0.950847	  0.044583	  0.000055	  0.004515	
  0.142274	  0.292292	  0.142274	  0.423161	
  0.521793	  0.307130	  0.042405	  0.128672	
  0.156958	  0.510801	  0.109506	  0.222734	
  0.200454	  0.358018	  0.208634	  0.232894	
  0.249520	  0.257119	  0.206343	  0.287017	

URL http://cisbp.ccbr.utoronto.ca/TFreport.php?versionNumber=2.00&searchTF=T204584_2.00

MOTIF M00614_2.00 (BGIBMGA000988)_(Caenorhabditis_elegans)_(DBD_0.83)

letter-probability matrix: alength= 4 w= 8 nsites= 1 E= 0
  0.368172	  0.210609	  0.105567	  0.315651	
  0.000344	  0.998967	  0.000344	  0.000344	
  0.000344	  0.998967	  0.000344	  0.000344	
  0.000344	  0.000344	  0.998967	  0.000344	
  0.000344	  0.000344	  0.000344	  0.998967	
  0.000344	  0.000344	  0.000344	  0.998967	
  0.998967	  0.000344	  0.000344	  0.000344	
