MEME version 4

ALPHABET= ACGT

strands: + -

Background letter frequencies (from uniform background):
A 0.25000 C 0.25000 G 0.25000 T 0.25000 

MOTIF M00843_2.00 (Q3HS43_BRANA)_(Arabidopsis_thaliana)_(DBD_0.88)

letter-probability matrix: alength= 4 w= 9 nsites= 1 E= 0
  0.186445	  0.386889	  0.162088	  0.264578	
  0.542838	  0.027849	  0.410268	  0.019045	
  0.011387	  0.975006	  0.006125	  0.007482	
  0.015054	  0.954920	  0.010503	  0.019524	
  0.023264	  0.008908	  0.950421	  0.017408	
  0.871913	  0.042127	  0.028522	  0.057437	
  0.015340	  0.953826	  0.013880	  0.016954	
  0.589463	  0.062753	  0.259618	  0.088165	
  0.235513	  0.273627	  0.257692	  0.233169	

URL http://cisbp.ccbr.utoronto.ca/TFreport.php?versionNumber=2.00&searchTF=T010123_2.00

MOTIF M06608_2.00 (Q3HS42_BRANA)_(Arabidopsis_thaliana)_(DBD_0.94)

letter-probability matrix: alength= 4 w= 15 nsites= 1 E= 0
  0.187291	  0.371237	  0.132107	  0.309365	
  0.215719	  0.419732	  0.123746	  0.240803	
  0.316054	  0.143813	  0.262542	  0.277592	
  0.242475	  0.342809	  0.117057	  0.297659	
  0.225753	  0.466555	  0.095318	  0.212375	
  0.252508	  0.096990	  0.319398	  0.331104	
  0.093645	  0.526756	  0.080268	  0.299331	
  0.065217	  0.821071	  0.016722	  0.096990	
  0.747492	  0.000000	  0.252508	  0.000000	
  0.000000	  1.000000	  0.000000	  0.000000	
  0.000000	  1.000000	  0.000000	  0.000000	
  0.000000	  0.000000	  1.000000	  0.000000	
  0.802675	  0.081940	  0.006689	  0.108696	
  0.001672	  0.998328	  0.000000	  0.000000	
  0.749164	  0.000000	  0.204013	  0.046823	

URL http://cisbp.ccbr.utoronto.ca/TFreport.php?versionNumber=2.00&searchTF=T010122_2.00

MOTIF M06640_2.00 (Q6T3U0_BRANA)_(Arabidopsis_thaliana)_(DBD_0.86)

letter-probability matrix: alength= 4 w= 13 nsites= 1 E= 0
  0.212020	  0.222037	  0.196995	  0.368948	
  0.076795	  0.298831	  0.095159	  0.529215	
  0.031720	  0.273790	  0.171953	  0.522537	
  0.497496	  0.000000	  0.502504	  0.000000	
  0.000000	  1.000000	  0.000000	  0.000000	
  0.000000	  1.000000	  0.000000	  0.000000	
  0.000000	  0.000000	  1.000000	  0.000000	
  1.000000	  0.000000	  0.000000	  0.000000	
  0.000000	  1.000000	  0.000000	  0.000000	
  0.986645	  0.005008	  0.005008	  0.003339	
  0.001669	  0.000000	  0.000000	  0.998331	
  0.372287	  0.323873	  0.220367	  0.083472	
  0.397329	  0.145242	  0.235392	  0.222037	

URL http://cisbp.ccbr.utoronto.ca/TFreport.php?versionNumber=2.00&searchTF=T010126_2.00

