MEME version 4

ALPHABET= ACGT

strands: + -

Background letter frequencies (from uniform background):
A 0.25000 C 0.25000 G 0.25000 T 0.25000 

MOTIF M00008_2.00 (CJA42177)_(Saccharomyces_cerevisiae)_(DBD_0.62)

letter-probability matrix: alength= 4 w= 7 nsites= 1 E= 0
  0.282959	  0.248465	  0.245993	  0.222583	
  0.316659	  0.184532	  0.236944	  0.261864	
  0.377778	  0.112652	  0.209413	  0.300157	
  0.616393	  0.068985	  0.111484	  0.203138	
  0.675764	  0.042770	  0.063171	  0.218294	
  0.326032	  0.133887	  0.082023	  0.458058	
  0.321153	  0.137266	  0.112384	  0.429198	

URL http://cisbp.ccbr.utoronto.ca/TFreport.php?versionNumber=2.00&searchTF=T017322_2.00

MOTIF M00115_2.00 (CJA19335)_(Mus_musculus)_(DBD_0.78)

letter-probability matrix: alength= 4 w= 9 nsites= 1 E= 0
  0.246578	  0.267115	  0.232219	  0.254088	
  0.378326	  0.089636	  0.246105	  0.285933	
  0.932211	  0.020037	  0.024473	  0.023279	
  0.109459	  0.057143	  0.094212	  0.739186	
  0.198441	  0.333784	  0.113351	  0.354424	
  0.708755	  0.056459	  0.138866	  0.095920	
  0.607308	  0.100387	  0.141039	  0.151265	
  0.519306	  0.108039	  0.187259	  0.185396	
  0.347377	  0.202433	  0.185010	  0.265180	

URL http://cisbp.ccbr.utoronto.ca/TFreport.php?versionNumber=2.00&searchTF=T014327_2.00

MOTIF M00134_2.00 (CJA11853)_(Mus_musculus)_(DBD_0.83)

letter-probability matrix: alength= 4 w= 10 nsites= 1 E= 0
  0.234441	  0.180766	  0.414554	  0.170239	
  0.219242	  0.497789	  0.115605	  0.167365	
  0.177318	  0.538047	  0.076550	  0.208085	
  0.515538	  0.352557	  0.089587	  0.042318	
  0.009895	  0.974574	  0.000320	  0.015211	
  0.228736	  0.010304	  0.660217	  0.100743	
  0.000089	  0.999596	  0.000241	  0.000074	
  0.000191	  0.999363	  0.000173	  0.000272	
  0.001121	  0.823801	  0.000229	  0.174850	
  0.342124	  0.258571	  0.077105	  0.322200	

URL http://cisbp.ccbr.utoronto.ca/TFreport.php?versionNumber=2.00&searchTF=T083768_2.00

MOTIF M00153_2.00 (CJA12509)_(Mus_musculus)_(DBD_0.68)

letter-probability matrix: alength= 4 w= 10 nsites= 1 E= 0
  0.328844	  0.158473	  0.193559	  0.319125	
  0.340062	  0.138259	  0.138259	  0.383419	
  0.250781	  0.152106	  0.248285	  0.348828	
  0.146662	  0.212328	  0.477294	  0.163716	
  0.049148	  0.109382	  0.841214	  0.000255	
  0.098666	  0.881603	  0.000009	  0.019722	
  0.001228	  0.000013	  0.977948	  0.020810	
  0.022581	  0.624590	  0.326064	  0.026765	
  0.135566	  0.284138	  0.361210	  0.219085	
  0.234821	  0.292605	  0.182879	  0.289694	

URL http://cisbp.ccbr.utoronto.ca/TFreport.php?versionNumber=2.00&searchTF=T172377_2.00

MOTIF M00158_2.00 (CJA05924)_(Mus_musculus)_(DBD_0.59)

letter-probability matrix: alength= 4 w= 10 nsites= 1 E= 0
  0.497929	  0.096588	  0.145541	  0.259942	
  0.239502	  0.275493	  0.259450	  0.225555	
  0.238666	  0.401443	  0.297397	  0.062494	
  0.339402	  0.554011	  0.093427	  0.013160	
  0.009336	  0.001239	  0.986255	  0.003171	
  0.006697	  0.003195	  0.983988	  0.006120	
  0.979497	  0.004380	  0.005458	  0.010666	
  0.868199	  0.019815	  0.004602	  0.107385	
  0.352316	  0.096017	  0.530876	  0.020791	
  0.123743	  0.244253	  0.082947	  0.549058	

URL http://cisbp.ccbr.utoronto.ca/TFreport.php?versionNumber=2.00&searchTF=T175575_2.00

MOTIF M00162_2.00 (CJA10331)_(Mus_musculus)_(DBD_0.84)

letter-probability matrix: alength= 4 w= 8 nsites= 1 E= 0
  0.160144	  0.000399	  0.839058	  0.000399	
  0.000322	  0.032539	  0.000322	  0.966817	
  0.878027	  0.121368	  0.000303	  0.000303	
  0.968826	  0.030569	  0.000303	  0.000303	
  0.999092	  0.000303	  0.000303	  0.000303	
  0.000303	  0.635896	  0.000303	  0.363499	
  0.999092	  0.000303	  0.000303	  0.000303	
  0.630777	  0.105567	  0.105567	  0.158088	

URL http://cisbp.ccbr.utoronto.ca/TFreport.php?versionNumber=2.00&searchTF=T184861_2.00

MOTIF M00167_2.00 (CJA00487)_(Mus_musculus)_(DBD_0.77)

letter-probability matrix: alength= 4 w= 9 nsites= 1 E= 0
  0.269704	  0.232136	  0.256550	  0.241610	
  0.223924	  0.265418	  0.268085	  0.242574	
  0.334851	  0.238337	  0.111462	  0.315350	
  0.139815	  0.113332	  0.678797	  0.068055	
  0.741047	  0.046902	  0.102316	  0.109735	
  0.190215	  0.082943	  0.088957	  0.637884	
  0.577501	  0.109805	  0.104450	  0.208244	
  0.492768	  0.132959	  0.175922	  0.198351	
  0.218515	  0.266895	  0.342700	  0.171890	

URL http://cisbp.ccbr.utoronto.ca/TFreport.php?versionNumber=2.00&searchTF=T192261_2.00

MOTIF M00181_2.00 (CJA31285)_(Mus_musculus)_(DBD_0.56)

letter-probability matrix: alength= 4 w= 10 nsites= 1 E= 0
  0.325203	  0.229167	  0.176700	  0.268930	
  0.302762	  0.119456	  0.489286	  0.088495	
  0.447338	  0.000344	  0.551871	  0.000446	
  0.041805	  0.000161	  0.956243	  0.001791	
  0.023582	  0.000259	  0.765452	  0.210707	
  0.048615	  0.000240	  0.085109	  0.866036	
  0.081116	  0.682577	  0.097113	  0.139195	
  0.814947	  0.000279	  0.169546	  0.015228	
  0.270941	  0.314788	  0.148695	  0.265576	
  0.251452	  0.223018	  0.319658	  0.205872	

URL http://cisbp.ccbr.utoronto.ca/TFreport.php?versionNumber=2.00&searchTF=T302000_2.00

MOTIF M00182_2.00 (CJA14599)_(Mus_musculus)_(DBD_0.66)

letter-probability matrix: alength= 4 w= 10 nsites= 1 E= 0
  0.335787	  0.227347	  0.218433	  0.218433	
  0.308956	  0.147407	  0.412898	  0.130739	
  0.384796	  0.046188	  0.524640	  0.044377	
  0.018196	  0.000549	  0.935597	  0.045658	
  0.066096	  0.000114	  0.420360	  0.513429	
  0.127654	  0.379679	  0.101426	  0.391242	
  0.153029	  0.652382	  0.103610	  0.090979	
  0.586362	  0.092198	  0.253139	  0.068302	
  0.307590	  0.259503	  0.198099	  0.234808	
  0.269577	  0.239094	  0.229719	  0.261610	

URL http://cisbp.ccbr.utoronto.ca/TFreport.php?versionNumber=2.00&searchTF=T301972_2.00

MOTIF M00185_2.00 (CJA14644)_(Mus_musculus)_(DBD_0.61)

letter-probability matrix: alength= 4 w= 8 nsites= 1 E= 0
  0.347647	  0.151591	  0.347647	  0.153115	
  0.564155	  0.084380	  0.332064	  0.019401	
  0.004317	  0.000046	  0.955885	  0.039751	
  0.004651	  0.000012	  0.818173	  0.177164	
  0.050818	  0.035811	  0.069287	  0.844084	
  0.018541	  0.854042	  0.045150	  0.082268	
  0.872278	  0.006056	  0.104701	  0.016964	
  0.268794	  0.328306	  0.178385	  0.224515	

URL http://cisbp.ccbr.utoronto.ca/TFreport.php?versionNumber=2.00&searchTF=T301974_2.00

MOTIF M00188_2.00 (CJA41991)_(Mus_musculus)_(DBD_0.71)

letter-probability matrix: alength= 4 w= 10 nsites= 1 E= 0
  0.104605	  0.584172	  0.194454	  0.116769	
  0.266268	  0.282733	  0.156727	  0.294272	
  0.098718	  0.112423	  0.073867	  0.714991	
  0.512814	  0.101485	  0.365006	  0.020695	
  0.255170	  0.103744	  0.573599	  0.067487	
  0.184311	  0.457887	  0.038345	  0.319457	
  0.484397	  0.018971	  0.233435	  0.263197	
  0.869982	  0.053972	  0.047869	  0.028176	
  0.021911	  0.904128	  0.002656	  0.071305	
  0.236202	  0.300271	  0.335186	  0.128340	

URL http://cisbp.ccbr.utoronto.ca/TFreport.php?versionNumber=2.00&searchTF=T318073_2.00

MOTIF M00205_2.00 (CJA02543)_(Mus_musculus)_(DBD_0.74)

letter-probability matrix: alength= 4 w= 10 nsites= 1 E= 0
  0.219705	  0.348028	  0.091130	  0.341137	
  0.588175	  0.037227	  0.070600	  0.303999	
  0.000309	  0.035044	  0.051760	  0.912887	
  0.025252	  0.020469	  0.001972	  0.952308	
  0.158336	  0.116131	  0.702551	  0.022982	
  0.113178	  0.038052	  0.029048	  0.819721	
  0.109991	  0.293067	  0.164088	  0.432854	
  0.218075	  0.312573	  0.156779	  0.312573	
  0.195622	  0.256257	  0.205651	  0.342469	
  0.219142	  0.249565	  0.247082	  0.284212	

URL http://cisbp.ccbr.utoronto.ca/TFreport.php?versionNumber=2.00&searchTF=T327060_2.00

MOTIF M00214_2.00 (CJA00241)_(Mus_musculus)_(DBD_0.88)

letter-probability matrix: alength= 4 w= 10 nsites= 1 E= 0
  0.271418	  0.222218	  0.260775	  0.245589	
  0.276412	  0.204771	  0.245155	  0.273662	
  0.272770	  0.221103	  0.251798	  0.254329	
  0.267470	  0.208305	  0.298570	  0.225655	
  0.409172	  0.169718	  0.217922	  0.203189	
  0.328851	  0.083563	  0.116234	  0.471352	
  0.122925	  0.296360	  0.442117	  0.138598	
  0.861430	  0.012662	  0.082154	  0.043754	
  0.852026	  0.047352	  0.093468	  0.007154	
  0.231452	  0.044450	  0.088621	  0.635476	

URL http://cisbp.ccbr.utoronto.ca/TFreport.php?versionNumber=2.00&searchTF=T327059_2.00

MOTIF M00216_2.00 (CJA15284)_(Mus_musculus)_(DBD_0.83)

letter-probability matrix: alength= 4 w= 7 nsites= 1 E= 0
  0.317192	  0.188577	  0.170632	  0.323600	
  0.377028	  0.110202	  0.112429	  0.400342	
  0.238466	  0.123251	  0.123251	  0.515031	
  0.532428	  0.000769	  0.095340	  0.371463	
  0.290314	  0.000533	  0.069475	  0.639678	
  0.715780	  0.078521	  0.191210	  0.014489	
  0.289234	  0.119969	  0.104296	  0.486500	

URL http://cisbp.ccbr.utoronto.ca/TFreport.php?versionNumber=2.00&searchTF=T342209_2.00

MOTIF M00264_2.00 (CJA11802)_(Homo_sapiens)_(DBD_0.79)

letter-probability matrix: alength= 4 w= 9 nsites= 1 E= 0
  0.233408	  0.265811	  0.293767	  0.207014	
  0.218699	  0.307260	  0.229912	  0.244129	
  0.170035	  0.133754	  0.053303	  0.642908	
  0.615562	  0.090246	  0.171149	  0.123043	
  0.889185	  0.026584	  0.061578	  0.022653	
  0.050885	  0.155955	  0.072935	  0.720226	
  0.195427	  0.193483	  0.209597	  0.401492	
  0.262679	  0.206630	  0.324061	  0.206630	
  0.264075	  0.227292	  0.322542	  0.186091	

URL http://cisbp.ccbr.utoronto.ca/TFreport.php?versionNumber=2.00&searchTF=T205959_2.00

MOTIF M00282_2.00 (CJA06357)_(Homo_sapiens)_(DBD_0.86)

letter-probability matrix: alength= 4 w= 8 nsites= 1 E= 0
  0.000303	  0.091102	  0.000303	  0.908293	
  0.972192	  0.000270	  0.027268	  0.000270	
  0.999190	  0.000270	  0.000270	  0.000270	
  0.000270	  0.000270	  0.000270	  0.999190	
  0.000270	  0.000270	  0.000270	  0.999190	
  0.742295	  0.000285	  0.257135	  0.000285	
  0.143010	  0.107347	  0.642297	  0.107347	
  0.105567	  0.210609	  0.105567	  0.578256	

URL http://cisbp.ccbr.utoronto.ca/TFreport.php?versionNumber=2.00&searchTF=T205943_2.00

MOTIF M00284_2.00 (CJA16825)_(Homo_sapiens)_(DBD_0.61)

letter-probability matrix: alength= 4 w= 8 nsites= 1 E= 0
  0.212142	  0.267001	  0.332704	  0.188153	
  0.181967	  0.331565	  0.248098	  0.238370	
  0.130633	  0.095813	  0.021811	  0.751743	
  0.696930	  0.117529	  0.124796	  0.060745	
  0.798766	  0.051577	  0.039373	  0.110285	
  0.149564	  0.065873	  0.107525	  0.677037	
  0.193150	  0.156564	  0.312144	  0.338142	
  0.343299	  0.116583	  0.360900	  0.179218	

URL http://cisbp.ccbr.utoronto.ca/TFreport.php?versionNumber=2.00&searchTF=T205977_2.00

MOTIF M00330_2.00 (CJA17253)_(Homo_sapiens)_(DBD_0.81)

letter-probability matrix: alength= 4 w= 8 nsites= 1 E= 0
  0.050417	  0.165492	  0.143915	  0.640175	
  0.016355	  0.103293	  0.000054	  0.880298	
  0.854797	  0.119198	  0.005232	  0.020773	
  0.984304	  0.005232	  0.010412	  0.000052	
  0.010412	  0.020773	  0.005232	  0.963583	
  0.047915	  0.037279	  0.196820	  0.717986	
  0.736714	  0.000066	  0.250000	  0.013220	
  0.063130	  0.198217	  0.225234	  0.513419	

URL http://cisbp.ccbr.utoronto.ca/TFreport.php?versionNumber=2.00&searchTF=T205979_2.00

MOTIF M00334_2.00 (CJA11875)_(Homo_sapiens)_(DBD_0.58)

letter-probability matrix: alength= 4 w= 7 nsites= 1 E= 0
  0.319925	  0.157289	  0.316742	  0.206043	
  0.036978	  0.278756	  0.210679	  0.473587	
  0.510977	  0.066442	  0.313038	  0.109544	
  0.412870	  0.109195	  0.219891	  0.258045	
  0.239885	  0.167362	  0.212759	  0.379995	
  0.237774	  0.159385	  0.265422	  0.337418	
  0.255410	  0.198913	  0.285108	  0.260569	

URL http://cisbp.ccbr.utoronto.ca/TFreport.php?versionNumber=2.00&searchTF=T205960_2.00

MOTIF M00373_2.00 (CJA07370)_(Homo_sapiens)_(DBD_0.84)

letter-probability matrix: alength= 4 w= 10 nsites= 1 E= 0
  0.411914	  0.258114	  0.164986	  0.164986	
  0.583368	  0.042923	  0.330786	  0.042923	
  0.999612	  0.000129	  0.000129	  0.000129	
  0.000129	  0.000129	  0.999612	  0.000129	
  0.839516	  0.000129	  0.160225	  0.000129	
  0.000129	  0.000129	  0.000129	  0.999612	
  0.000129	  0.999612	  0.000129	  0.000129	
  0.999612	  0.000129	  0.000129	  0.000129	
  0.477760	  0.351954	  0.085143	  0.085143	
  0.207207	  0.207207	  0.288317	  0.297270	

URL http://cisbp.ccbr.utoronto.ca/TFreport.php?versionNumber=2.00&searchTF=T301951_2.00

MOTIF M00376_2.00 (CJA10733)_(Caenorhabditis_elegans)_(DBD_0.95)

letter-probability matrix: alength= 4 w= 10 nsites= 1 E= 0
  0.214617	  0.090818	  0.075102	  0.619463	
  0.069859	  0.360136	  0.209869	  0.360136	
  0.722064	  0.000065	  0.260373	  0.017498	
  0.991898	  0.000023	  0.004261	  0.003818	
  0.000309	  0.000156	  0.977664	  0.021871	
  0.127581	  0.009014	  0.083827	  0.779578	
  0.331797	  0.010325	  0.629247	  0.028632	
  0.038565	  0.396364	  0.362249	  0.202823	
  0.184394	  0.295029	  0.197764	  0.322813	
  0.196154	  0.281154	  0.168832	  0.353860	

URL http://cisbp.ccbr.utoronto.ca/TFreport.php?versionNumber=2.00&searchTF=T205953_2.00

MOTIF M00380_2.00 (CJA17967)_(Mus_musculus)_(DBD_0.91)

letter-probability matrix: alength= 4 w= 8 nsites= 1 E= 0
  0.197712	  0.294951	  0.128613	  0.378724	
  0.094122	  0.079407	  0.010325	  0.816145	
  0.890434	  0.022015	  0.083238	  0.004313	
  0.994089	  0.000151	  0.000109	  0.005651	
  0.011500	  0.089327	  0.025850	  0.873323	
  0.128510	  0.058910	  0.253662	  0.558919	
  0.589184	  0.038044	  0.310672	  0.062100	
  0.188759	  0.223737	  0.420090	  0.167414	

URL http://cisbp.ccbr.utoronto.ca/TFreport.php?versionNumber=2.00&searchTF=T205982_2.00

MOTIF M00385_2.00 (CJA03184)_(Mus_musculus)_(DBD_0.88)

letter-probability matrix: alength= 4 w= 8 nsites= 1 E= 0
  0.255055	  0.187069	  0.145689	  0.412187	
  0.156259	  0.305367	  0.217351	  0.321023	
  0.515678	  0.042755	  0.332115	  0.109452	
  0.874267	  0.000203	  0.046219	  0.079312	
  0.114396	  0.028210	  0.706034	  0.151360	
  0.240421	  0.043484	  0.196840	  0.519254	
  0.348669	  0.028336	  0.499757	  0.123239	
  0.135811	  0.293320	  0.330718	  0.240150	

URL http://cisbp.ccbr.utoronto.ca/TFreport.php?versionNumber=2.00&searchTF=T205932_2.00

MOTIF M00396_2.00 (CJA05667)_(Mus_musculus)_(DBD_0.81)

letter-probability matrix: alength= 4 w= 8 nsites= 1 E= 0
  0.243137	  0.255603	  0.173058	  0.328201	
  0.180751	  0.050761	  0.028138	  0.740350	
  0.754094	  0.029830	  0.091425	  0.124651	
  0.948503	  0.020184	  0.016361	  0.014953	
  0.061921	  0.014525	  0.234126	  0.689428	
  0.144617	  0.648127	  0.069692	  0.137564	
  0.112198	  0.502838	  0.114465	  0.270499	
  0.173843	  0.301314	  0.278148	  0.246695	

URL http://cisbp.ccbr.utoronto.ca/TFreport.php?versionNumber=2.00&searchTF=T205940_2.00

MOTIF M00405_2.00 (CJA06348)_(Mus_musculus)_(DBD_0.96)

letter-probability matrix: alength= 4 w= 9 nsites= 1 E= 0
  0.166699	  0.079535	  0.057179	  0.696587	
  0.658460	  0.072959	  0.164006	  0.104575	
  0.860814	  0.014554	  0.044163	  0.080469	
  0.057497	  0.058075	  0.037402	  0.847026	
  0.146493	  0.115235	  0.184376	  0.553896	
  0.427710	  0.071410	  0.368133	  0.132747	
  0.333758	  0.210696	  0.276004	  0.179543	
  0.279203	  0.233210	  0.202743	  0.284843	
  0.269584	  0.207863	  0.189973	  0.332580	

URL http://cisbp.ccbr.utoronto.ca/TFreport.php?versionNumber=2.00&searchTF=T205942_2.00

MOTIF M00411_2.00 (CJA13534)_(Mus_musculus)_(DBD_0.65)

letter-probability matrix: alength= 4 w= 9 nsites= 1 E= 0
  0.240681	  0.253021	  0.279632	  0.226665	
  0.227219	  0.312909	  0.182347	  0.277525	
  0.152629	  0.043729	  0.032395	  0.771247	
  0.781271	  0.024069	  0.108954	  0.085706	
  0.946629	  0.020346	  0.018971	  0.014054	
  0.079369	  0.043125	  0.124475	  0.753031	
  0.124675	  0.611374	  0.090532	  0.173419	
  0.108349	  0.531316	  0.137739	  0.222596	
  0.186346	  0.310320	  0.277995	  0.225339	

URL http://cisbp.ccbr.utoronto.ca/TFreport.php?versionNumber=2.00&searchTF=T205963_2.00

MOTIF M00423_2.00 (CJA15832)_(Mus_musculus)_(DBD_0.82)

letter-probability matrix: alength= 4 w= 9 nsites= 1 E= 0
  0.304718	  0.228009	  0.194297	  0.272977	
  0.151961	  0.073967	  0.021405	  0.752667	
  0.823630	  0.052653	  0.108172	  0.015545	
  0.943177	  0.000270	  0.024761	  0.031793	
  0.083189	  0.065438	  0.100596	  0.750777	
  0.166825	  0.139344	  0.182536	  0.511295	
  0.341885	  0.086011	  0.430296	  0.141808	
  0.195606	  0.309854	  0.288906	  0.205635	
  0.223337	  0.278296	  0.225582	  0.272785	

URL http://cisbp.ccbr.utoronto.ca/TFreport.php?versionNumber=2.00&searchTF=T205972_2.00

MOTIF M00424_2.00 (CJA11788)_(Mus_musculus)_(DBD_0.56)

letter-probability matrix: alength= 4 w= 8 nsites= 1 E= 0
  0.304614	  0.223418	  0.292670	  0.179297	
  0.117074	  0.396553	  0.109159	  0.377213	
  0.077200	  0.160196	  0.022792	  0.739813	
  0.820659	  0.043821	  0.081460	  0.054061	
  0.990441	  0.001375	  0.006877	  0.001308	
  0.026666	  0.029767	  0.015232	  0.928335	
  0.152387	  0.122294	  0.075673	  0.649645	
  0.599625	  0.071258	  0.189863	  0.139255	

URL http://cisbp.ccbr.utoronto.ca/TFreport.php?versionNumber=2.00&searchTF=T205958_2.00

MOTIF M00427_2.00 (CJA02391)_(Mus_musculus)_(DBD_0.67)

letter-probability matrix: alength= 4 w= 9 nsites= 1 E= 0
  0.168479	  0.163500	  0.146469	  0.521553	
  0.211125	  0.111324	  0.092061	  0.585490	
  0.332803	  0.037621	  0.152559	  0.477017	
  0.833329	  0.023463	  0.043182	  0.100026	
  0.015491	  0.177732	  0.064089	  0.742688	
  0.151377	  0.075927	  0.326939	  0.445757	
  0.427605	  0.074307	  0.394730	  0.103358	
  0.140060	  0.392316	  0.217472	  0.250152	
  0.235202	  0.305040	  0.214958	  0.244800	

URL http://cisbp.ccbr.utoronto.ca/TFreport.php?versionNumber=2.00&searchTF=T205930_2.00

MOTIF M00432_2.00 (CJA09314)_(Mus_musculus)_(DBD_0.82)

letter-probability matrix: alength= 4 w= 8 nsites= 1 E= 0
  0.233021	  0.233021	  0.237729	  0.296228	
  0.299569	  0.128040	  0.147281	  0.425109	
  0.394212	  0.088845	  0.184360	  0.332583	
  0.791037	  0.010521	  0.120704	  0.077738	
  0.125342	  0.030909	  0.107883	  0.735866	
  0.111249	  0.116952	  0.215243	  0.556556	
  0.502249	  0.069345	  0.330001	  0.098405	
  0.304872	  0.239820	  0.275859	  0.179449	

URL http://cisbp.ccbr.utoronto.ca/TFreport.php?versionNumber=2.00&searchTF=T205952_2.00

MOTIF M00433_2.00 (CJA13317)_(Mus_musculus)_(DBD_0.81)

letter-probability matrix: alength= 4 w= 9 nsites= 1 E= 0
  0.239869	  0.317378	  0.190584	  0.252168	
  0.133763	  0.050707	  0.022333	  0.793196	
  0.850989	  0.020830	  0.051749	  0.076432	
  0.959274	  0.011777	  0.004509	  0.024439	
  0.324957	  0.077765	  0.136141	  0.461136	
  0.139125	  0.306548	  0.136371	  0.417956	
  0.193728	  0.061958	  0.611831	  0.132483	
  0.201560	  0.269370	  0.319285	  0.209785	
  0.174474	  0.290550	  0.187125	  0.347851	

URL http://cisbp.ccbr.utoronto.ca/TFreport.php?versionNumber=2.00&searchTF=T205962_2.00

MOTIF M00435_2.00 (CJA10991)_(Mus_musculus)_(DBD_0.88)

letter-probability matrix: alength= 4 w= 9 nsites= 1 E= 0
  0.336764	  0.194296	  0.190449	  0.278490	
  0.293592	  0.187202	  0.219684	  0.299522	
  0.143147	  0.291160	  0.156628	  0.409065	
  0.060921	  0.242154	  0.011817	  0.685107	
  0.768466	  0.128303	  0.074024	  0.029207	
  0.954390	  0.018561	  0.016964	  0.010085	
  0.035549	  0.016296	  0.012819	  0.935337	
  0.150061	  0.196574	  0.074518	  0.578848	
  0.582945	  0.073559	  0.135381	  0.208115	

URL http://cisbp.ccbr.utoronto.ca/TFreport.php?versionNumber=2.00&searchTF=T205954_2.00

MOTIF M00442_2.00 (CJA07158)_(Mus_musculus)_(DBD_0.90)

letter-probability matrix: alength= 4 w= 10 nsites= 1 E= 0
  0.232947	  0.273366	  0.293187	  0.200499	
  0.212847	  0.340554	  0.181376	  0.265223	
  0.136717	  0.049300	  0.011335	  0.802648	
  0.797526	  0.087489	  0.088368	  0.026616	
  0.889584	  0.000658	  0.045639	  0.064120	
  0.150641	  0.058844	  0.122107	  0.668408	
  0.186789	  0.142591	  0.242253	  0.428367	
  0.315574	  0.091322	  0.456867	  0.136237	
  0.212950	  0.281760	  0.314523	  0.190768	
  0.193573	  0.288776	  0.231748	  0.285903	

URL http://cisbp.ccbr.utoronto.ca/TFreport.php?versionNumber=2.00&searchTF=T205945_2.00

MOTIF M00443_2.00 (CJA15792)_(Mus_musculus)_(DBD_0.90)

letter-probability matrix: alength= 4 w= 8 nsites= 1 E= 0
  0.205661	  0.300734	  0.189849	  0.303757	
  0.125034	  0.075837	  0.035114	  0.764015	
  0.752473	  0.068263	  0.113678	  0.065586	
  0.947059	  0.000567	  0.020767	  0.031606	
  0.052681	  0.078591	  0.069010	  0.799717	
  0.162578	  0.134445	  0.157773	  0.545203	
  0.352715	  0.124669	  0.349206	  0.173410	
  0.314813	  0.200734	  0.311680	  0.172773	

URL http://cisbp.ccbr.utoronto.ca/TFreport.php?versionNumber=2.00&searchTF=T205971_2.00

MOTIF M00450_2.00 (CJA18912)_(Mus_musculus)_(DBD_0.72)

letter-probability matrix: alength= 4 w= 9 nsites= 1 E= 0
  0.196325	  0.259764	  0.216973	  0.326938	
  0.168024	  0.144619	  0.100897	  0.586460	
  0.700378	  0.000665	  0.217374	  0.081583	
  0.964678	  0.000287	  0.006765	  0.028270	
  0.099760	  0.022937	  0.086727	  0.790576	
  0.079382	  0.133523	  0.297160	  0.489935	
  0.592997	  0.034302	  0.309572	  0.063130	
  0.209422	  0.321935	  0.297183	  0.171460	
  0.160609	  0.343427	  0.206226	  0.289737	

URL http://cisbp.ccbr.utoronto.ca/TFreport.php?versionNumber=2.00&searchTF=T205983_2.00

MOTIF M00461_2.00 (CJA00270)_(Mus_musculus)_(DBD_0.53)

letter-probability matrix: alength= 4 w= 9 nsites= 1 E= 0
  0.294249	  0.222388	  0.222388	  0.260975	
  0.183480	  0.221873	  0.178057	  0.416591	
  0.075940	  0.132946	  0.517984	  0.273129	
  0.948766	  0.047711	  0.002423	  0.001100	
  0.114207	  0.261913	  0.146644	  0.477236	
  0.526111	  0.349154	  0.000085	  0.124650	
  0.145740	  0.556586	  0.082419	  0.215255	
  0.169751	  0.417520	  0.211523	  0.201207	
  0.257435	  0.267941	  0.217189	  0.257435	

URL http://cisbp.ccbr.utoronto.ca/TFreport.php?versionNumber=2.00&searchTF=T205924_2.00

MOTIF M00462_2.00 (CJA04962)_(Mus_musculus)_(DBD_0.53)

letter-probability matrix: alength= 4 w= 7 nsites= 1 E= 0
  0.198929	  0.327978	  0.255430	  0.217663	
  0.220805	  0.126126	  0.131273	  0.521797	
  0.509991	  0.118438	  0.182070	  0.189501	
  0.706385	  0.038868	  0.107787	  0.146960	
  0.169953	  0.139146	  0.120967	  0.569934	
  0.143686	  0.234541	  0.190115	  0.431657	
  0.324622	  0.125544	  0.396494	  0.153340	

URL http://cisbp.ccbr.utoronto.ca/TFreport.php?versionNumber=2.00&searchTF=T205938_2.00

MOTIF M00471_2.00 (CJA16024)_(Mus_musculus)_(DBD_0.74)

letter-probability matrix: alength= 4 w= 8 nsites= 1 E= 0
  0.244872	  0.260014	  0.144133	  0.350982	
  0.077444	  0.034798	  0.008081	  0.879677	
  0.867505	  0.035010	  0.060680	  0.036805	
  0.982723	  0.000589	  0.009586	  0.007102	
  0.016319	  0.031259	  0.025086	  0.927336	
  0.092665	  0.083846	  0.096446	  0.727043	
  0.388672	  0.095845	  0.384805	  0.130678	
  0.289713	  0.198123	  0.368297	  0.143867	

URL http://cisbp.ccbr.utoronto.ca/TFreport.php?versionNumber=2.00&searchTF=T205973_2.00

MOTIF M00483_2.00 (CJA03203)_(Mus_musculus)_(DBD_0.90)

letter-probability matrix: alength= 4 w= 7 nsites= 1 E= 0
  0.247356	  0.242458	  0.265291	  0.244895	
  0.187686	  0.245862	  0.203318	  0.363134	
  0.206531	  0.145540	  0.437226	  0.210703	
  0.818609	  0.111900	  0.033704	  0.035788	
  0.126658	  0.170970	  0.099632	  0.602740	
  0.539508	  0.337193	  0.043409	  0.079890	
  0.146793	  0.419484	  0.179294	  0.254430	

URL http://cisbp.ccbr.utoronto.ca/TFreport.php?versionNumber=2.00&searchTF=T205933_2.00

MOTIF M00484_2.00 (CJA05554)_(Mus_musculus)_(DBD_0.81)

letter-probability matrix: alength= 4 w= 8 nsites= 1 E= 0
  0.260569	  0.255410	  0.285108	  0.198913	
  0.177845	  0.320830	  0.230652	  0.270673	
  0.114497	  0.403649	  0.048938	  0.432917	
  0.580843	  0.152091	  0.107177	  0.159889	
  0.790662	  0.111371	  0.053137	  0.044830	
  0.121087	  0.104221	  0.012262	  0.762430	
  0.136206	  0.248183	  0.120804	  0.494807	
  0.509367	  0.130735	  0.162905	  0.196993	

URL http://cisbp.ccbr.utoronto.ca/TFreport.php?versionNumber=2.00&searchTF=T205939_2.00

MOTIF M00495_2.00 (CJA19276)_(Mus_musculus)_(DBD_0.82)

letter-probability matrix: alength= 4 w= 9 nsites= 1 E= 0
  0.184447	  0.364076	  0.184447	  0.267030	
  0.116544	  0.046445	  0.001308	  0.835703	
  0.822965	  0.097799	  0.078485	  0.000750	
  0.891592	  0.011056	  0.021179	  0.076173	
  0.116988	  0.045699	  0.100693	  0.736620	
  0.189372	  0.123188	  0.282510	  0.404930	
  0.430266	  0.105047	  0.303203	  0.161484	
  0.227412	  0.274998	  0.297901	  0.199689	
  0.184723	  0.307617	  0.234829	  0.272832	

URL http://cisbp.ccbr.utoronto.ca/TFreport.php?versionNumber=2.00&searchTF=T205984_2.00

MOTIF M00508_2.00 (CJA22683)_(Mus_musculus)_(DBD_0.39)

letter-probability matrix: alength= 4 w= 10 nsites= 1 E= 0
  0.254480	  0.177545	  0.210444	  0.357531	
  0.174738	  0.101828	  0.137454	  0.585980	
  0.162033	  0.069951	  0.063295	  0.704721	
  0.290350	  0.070887	  0.125347	  0.513416	
  0.735952	  0.035915	  0.110075	  0.118057	
  0.070733	  0.387190	  0.105522	  0.436555	
  0.153114	  0.153114	  0.372853	  0.320918	
  0.438653	  0.107094	  0.315358	  0.138894	
  0.124257	  0.377040	  0.235651	  0.263052	
  0.213885	  0.309649	  0.220399	  0.256067	

URL http://cisbp.ccbr.utoronto.ca/TFreport.php?versionNumber=2.00&searchTF=T205988_2.00

MOTIF M00513_2.00 (CJA03466)_(Mus_musculus)_(DBD_0.75)

letter-probability matrix: alength= 4 w= 9 nsites= 1 E= 0
  0.266112	  0.222276	  0.229045	  0.282568	
  0.237101	  0.188385	  0.227804	  0.346709	
  0.168681	  0.122488	  0.165341	  0.543490	
  0.135910	  0.075339	  0.627657	  0.161095	
  0.670614	  0.096370	  0.100303	  0.132714	
  0.153825	  0.312879	  0.143425	  0.389871	
  0.261540	  0.143536	  0.378641	  0.216283	
  0.251042	  0.207601	  0.277444	  0.263913	
  0.263023	  0.226386	  0.344550	  0.166042	

URL http://cisbp.ccbr.utoronto.ca/TFreport.php?versionNumber=2.00&searchTF=T205934_2.00

MOTIF M00516_2.00 (CJA19504)_(Mus_musculus)_(DBD_0.90)

letter-probability matrix: alength= 4 w= 9 nsites= 1 E= 0
  0.266806	  0.229642	  0.205721	  0.297830	
  0.116229	  0.082729	  0.031676	  0.769366	
  0.886269	  0.000274	  0.097224	  0.016233	
  0.956010	  0.016164	  0.000365	  0.027461	
  0.057873	  0.196026	  0.082125	  0.663976	
  0.104695	  0.230685	  0.333971	  0.330648	
  0.326888	  0.077449	  0.441252	  0.154411	
  0.189730	  0.271946	  0.338866	  0.199458	
  0.170012	  0.319216	  0.175189	  0.335583	

URL http://cisbp.ccbr.utoronto.ca/TFreport.php?versionNumber=2.00&searchTF=T205986_2.00

MOTIF M00524_2.00 (CJA15094)_(Mus_musculus)_(DBD_0.79)

letter-probability matrix: alength= 4 w= 10 nsites= 1 E= 0
  0.221818	  0.204764	  0.161073	  0.412344	
  0.207435	  0.166471	  0.084337	  0.541758	
  0.621586	  0.036682	  0.185355	  0.156378	
  0.910510	  0.013383	  0.034261	  0.041846	
  0.138801	  0.083349	  0.268550	  0.509300	
  0.088820	  0.300850	  0.045450	  0.564880	
  0.170729	  0.062808	  0.652021	  0.114443	
  0.204093	  0.304470	  0.254315	  0.237122	
  0.175698	  0.304530	  0.186563	  0.333209	
  0.196959	  0.273964	  0.238173	  0.290905	

URL http://cisbp.ccbr.utoronto.ca/TFreport.php?versionNumber=2.00&searchTF=T205969_2.00

MOTIF M00526_2.00 (CJA16312)_(Mus_musculus)_(DBD_0.58)

letter-probability matrix: alength= 4 w= 8 nsites= 1 E= 0
  0.732048	  0.000665	  0.000665	  0.266622	
  0.050399	  0.000499	  0.000499	  0.948603	
  0.000499	  0.100299	  0.000499	  0.898703	
  0.898703	  0.000499	  0.000499	  0.100299	
  0.948603	  0.000499	  0.000499	  0.050399	
  0.399701	  0.000499	  0.000499	  0.599301	
  0.210609	  0.000525	  0.000525	  0.788340	
  0.732048	  0.000665	  0.200133	  0.067154	

URL http://cisbp.ccbr.utoronto.ca/TFreport.php?versionNumber=2.00&searchTF=T205974_2.00

MOTIF M00534_2.00 (CJA01084)_(Mus_musculus)_(DBD_0.61)

letter-probability matrix: alength= 4 w= 9 nsites= 1 E= 0
  0.244674	  0.265052	  0.295872	  0.194402	
  0.199546	  0.312951	  0.189814	  0.297688	
  0.124554	  0.063101	  0.066336	  0.746009	
  0.394226	  0.078801	  0.481509	  0.045464	
  0.923940	  0.001184	  0.040799	  0.034078	
  0.031988	  0.042324	  0.067044	  0.858644	
  0.088201	  0.075915	  0.177614	  0.658270	
  0.401306	  0.069043	  0.401306	  0.128345	
  0.206496	  0.295977	  0.304991	  0.192536	

URL http://cisbp.ccbr.utoronto.ca/TFreport.php?versionNumber=2.00&searchTF=T205928_2.00

MOTIF M00554_2.00 (CJA05820)_(Drosophila_melanogaster)_(DBD_0.86)

letter-probability matrix: alength= 4 w= 10 nsites= 1 E= 0
  0.251496	  0.177226	  0.199822	  0.371455	
  0.148997	  0.073254	  0.136173	  0.641576	
  0.122081	  0.052704	  0.056525	  0.768690	
  0.381649	  0.037883	  0.070422	  0.510046	
  0.882245	  0.000299	  0.060489	  0.056967	
  0.048121	  0.268735	  0.096905	  0.586239	
  0.165526	  0.087281	  0.407129	  0.340063	
  0.403411	  0.084771	  0.354234	  0.157584	
  0.125944	  0.405791	  0.231791	  0.236474	
  0.189990	  0.335953	  0.201738	  0.272318	

URL http://cisbp.ccbr.utoronto.ca/TFreport.php?versionNumber=2.00&searchTF=T205941_2.00

MOTIF M00555_2.00 (CJA00196)_(Drosophila_melanogaster)_(DBD_0.86)

letter-probability matrix: alength= 4 w= 8 nsites= 1 E= 0
  0.102338	  0.069985	  0.032730	  0.794948	
  0.792313	  0.045831	  0.074066	  0.087791	
  0.951444	  0.000214	  0.021285	  0.027058	
  0.034616	  0.020995	  0.051640	  0.892749	
  0.077589	  0.068130	  0.095720	  0.758561	
  0.350452	  0.037684	  0.507361	  0.104504	
  0.214873	  0.273157	  0.327028	  0.184943	
  0.211851	  0.274755	  0.209743	  0.303652	

URL http://cisbp.ccbr.utoronto.ca/TFreport.php?versionNumber=2.00&searchTF=T205923_2.00

MOTIF M00563_2.00 (CJA17634)_(Drosophila_melanogaster)_(DBD_0.64)

letter-probability matrix: alength= 4 w= 9 nsites= 1 E= 0
  0.304796	  0.208438	  0.219125	  0.267640	
  0.204503	  0.208634	  0.183200	  0.403663	
  0.192685	  0.087449	  0.498226	  0.221640	
  0.950847	  0.044583	  0.000055	  0.004515	
  0.142274	  0.292292	  0.142274	  0.423161	
  0.521793	  0.307130	  0.042405	  0.128672	
  0.156958	  0.510801	  0.109506	  0.222734	
  0.200454	  0.358018	  0.208634	  0.232894	
  0.249520	  0.257119	  0.206343	  0.287017	

URL http://cisbp.ccbr.utoronto.ca/TFreport.php?versionNumber=2.00&searchTF=T205981_2.00

MOTIF M00587_2.00 (CJA17936)_(Caenorhabditis_elegans)_(DBD_1.00)

letter-probability matrix: alength= 4 w= 8 nsites= 1 E= 0
  0.074832	  0.102859	  0.037463	  0.784847	
  0.000066	  0.999803	  0.000066	  0.000066	
  0.000066	  0.026375	  0.973494	  0.000066	
  0.592015	  0.032952	  0.374967	  0.000066	
  0.000066	  0.000066	  0.999803	  0.000066	
  0.993225	  0.000066	  0.006643	  0.000066	
  0.140532	  0.280981	  0.363599	  0.214888	
  0.092027	  0.402229	  0.034582	  0.471163	

URL http://cisbp.ccbr.utoronto.ca/TFreport.php?versionNumber=2.00&searchTF=T025790_2.00

MOTIF M00589_2.00 (CJA11661)_(Caenorhabditis_elegans)_(DBD_0.96)

letter-probability matrix: alength= 4 w= 13 nsites= 1 E= 0
  0.206177	  0.206177	  0.299803	  0.287842	
  0.206177	  0.206177	  0.287842	  0.299803	
  0.427648	  0.245227	  0.163562	  0.163562	
  0.122423	  0.796060	  0.040758	  0.040758	
  0.760019	  0.202061	  0.018960	  0.018960	
  0.999635	  0.000122	  0.000122	  0.000122	
  0.000122	  0.000122	  0.000122	  0.999635	
  0.999635	  0.000122	  0.000122	  0.000122	
  0.043944	  0.043944	  0.043944	  0.868167	
  0.043944	  0.043944	  0.639677	  0.272434	
  0.086559	  0.086559	  0.578808	  0.248074	
  0.209363	  0.209363	  0.209363	  0.371910	
  0.306516	  0.231161	  0.231161	  0.231161	

URL http://cisbp.ccbr.utoronto.ca/TFreport.php?versionNumber=2.00&searchTF=T032202_2.00

MOTIF M00590_2.00 (CJA08473)_(Caenorhabditis_elegans)_(DBD_0.71)

letter-probability matrix: alength= 4 w= 9 nsites= 1 E= 0
  0.264626	  0.230055	  0.343202	  0.162117	
  0.035056	  0.229738	  0.009650	  0.725557	
  0.000776	  0.000130	  0.998484	  0.000610	
  0.000515	  0.999363	  0.000060	  0.000062	
  0.000655	  0.000121	  0.999191	  0.000033	
  0.015327	  0.953021	  0.012931	  0.018721	
  0.398849	  0.009012	  0.577428	  0.014711	
  0.371096	  0.072709	  0.439862	  0.116333	
  0.247681	  0.247681	  0.211060	  0.293578	

URL http://cisbp.ccbr.utoronto.ca/TFreport.php?versionNumber=2.00&searchTF=T055528_2.00

MOTIF M00592_2.00 (CJA05669)_(Caenorhabditis_elegans)_(DBD_0.94)

letter-probability matrix: alength= 4 w= 10 nsites= 1 E= 0
  0.369233	  0.252504	  0.293368	  0.084896	
  0.065436	  0.042995	  0.019319	  0.872250	
  0.031899	  0.073889	  0.369652	  0.524561	
  0.424684	  0.034513	  0.460054	  0.080749	
  0.025845	  0.653359	  0.087543	  0.233254	
  0.049159	  0.021651	  0.911464	  0.017726	
  0.000020	  0.608158	  0.000147	  0.391676	
  0.884019	  0.036397	  0.074031	  0.005554	
  0.942769	  0.048367	  0.004388	  0.004476	
  0.031283	  0.276736	  0.134702	  0.557279	

URL http://cisbp.ccbr.utoronto.ca/TFreport.php?versionNumber=2.00&searchTF=T058222_2.00

MOTIF M00594_2.00 (CJA16904)_(Caenorhabditis_elegans)_(DBD_0.70)

letter-probability matrix: alength= 4 w= 9 nsites= 1 E= 0
  0.188407	  0.512143	  0.146731	  0.152720	
  0.141526	  0.166082	  0.058118	  0.634274	
  0.140550	  0.059476	  0.480855	  0.319119	
  0.916142	  0.001116	  0.007540	  0.075202	
  0.040298	  0.850903	  0.016384	  0.092416	
  0.089481	  0.042693	  0.815682	  0.052145	
  0.059662	  0.024747	  0.000794	  0.914797	
  0.274311	  0.095992	  0.485055	  0.144642	
  0.179118	  0.031755	  0.554488	  0.234638	

URL http://cisbp.ccbr.utoronto.ca/TFreport.php?versionNumber=2.00&searchTF=T058234_2.00

MOTIF M00596_2.00 (CJA20487)_(Caenorhabditis_elegans)_(DBD_0.88)

letter-probability matrix: alength= 4 w= 10 nsites= 1 E= 0
  0.299564	  0.137322	  0.162768	  0.400346	
  0.292717	  0.202190	  0.064021	  0.441072	
  0.326318	  0.083753	  0.532654	  0.057275	
  0.012813	  0.010919	  0.003160	  0.973108	
  0.176981	  0.739549	  0.017048	  0.066423	
  0.906692	  0.001391	  0.008003	  0.083915	
  0.043760	  0.190321	  0.194165	  0.571755	
  0.090821	  0.543970	  0.158998	  0.206210	
  0.354421	  0.267866	  0.208614	  0.169099	
  0.224145	  0.276523	  0.114697	  0.384635	

URL http://cisbp.ccbr.utoronto.ca/TFreport.php?versionNumber=2.00&searchTF=T058238_2.00

MOTIF M00597_2.00 (CJA11096)_(Caenorhabditis_elegans)_(DBD_0.83)

letter-probability matrix: alength= 4 w= 13 nsites= 1 E= 0
  0.228084	  0.228084	  0.228084	  0.315748	
  0.315748	  0.228084	  0.228084	  0.228084	
  0.183803	  0.183803	  0.367187	  0.265207	
  0.441206	  0.157043	  0.157043	  0.244708	
  0.304988	  0.162743	  0.024620	  0.507649	
  0.000152	  0.138275	  0.284790	  0.576783	
  0.999544	  0.000152	  0.000152	  0.000152	
  0.000152	  0.999544	  0.000152	  0.000152	
  0.022068	  0.022068	  0.933796	  0.022068	
  0.022068	  0.022068	  0.022068	  0.933796	
  0.066349	  0.183161	  0.684141	  0.066349	
  0.209921	  0.093109	  0.174988	  0.521983	
  0.323405	  0.225532	  0.225532	  0.225532	

URL http://cisbp.ccbr.utoronto.ca/TFreport.php?versionNumber=2.00&searchTF=T058227_2.00

MOTIF M00603_2.00 (CJA21145)_(Caenorhabditis_elegans)_(DBD_0.92)

letter-probability matrix: alength= 4 w= 10 nsites= 1 E= 0
  0.334671	  0.277113	  0.154677	  0.233539	
  0.074512	  0.606884	  0.153373	  0.165231	
  0.999755	  0.000082	  0.000082	  0.000082	
  0.000082	  0.999755	  0.000082	  0.000082	
  0.000082	  0.000082	  0.999755	  0.000082	
  0.000082	  0.000082	  0.000082	  0.999755	
  0.000082	  0.000082	  0.999755	  0.000082	
  0.000082	  0.000082	  0.838902	  0.160935	
  0.169546	  0.639645	  0.095404	  0.095404	
  0.387356	  0.175570	  0.261504	  0.175570	

URL http://cisbp.ccbr.utoronto.ca/TFreport.php?versionNumber=2.00&searchTF=T058239_2.00

MOTIF M00605_2.00 (CJA08004)_(Caenorhabditis_elegans)_(DBD_0.79)

letter-probability matrix: alength= 4 w= 13 nsites= 1 E= 0
  0.230644	  0.230644	  0.230644	  0.308069	
  0.230644	  0.230644	  0.308069	  0.230644	
  0.195361	  0.042431	  0.042431	  0.719777	
  0.105121	  0.022865	  0.128036	  0.743978	
  0.853680	  0.022865	  0.100590	  0.022865	
  0.000176	  0.673192	  0.000176	  0.326456	
  0.236202	  0.000176	  0.687605	  0.076018	
  0.076018	  0.420964	  0.077601	  0.425417	
  0.790056	  0.095374	  0.019532	  0.095037	
  0.780883	  0.097796	  0.019532	  0.101789	
  0.376765	  0.207745	  0.207745	  0.207745	
  0.227311	  0.227311	  0.227311	  0.318067	
  0.318067	  0.227311	  0.227311	  0.227311	

URL http://cisbp.ccbr.utoronto.ca/TFreport.php?versionNumber=2.00&searchTF=T058223_2.00

MOTIF M00606_2.00 (CJA16842)_(Caenorhabditis_elegans)_(DBD_0.61)

letter-probability matrix: alength= 4 w= 8 nsites= 1 E= 0
  0.003289	  0.003289	  0.003289	  0.990132	
  0.003289	  0.003289	  0.990132	  0.003289	
  0.990132	  0.003289	  0.003289	  0.003289	
  0.003289	  0.990132	  0.003289	  0.003289	
  0.003289	  0.003289	  0.990132	  0.003289	
  0.003289	  0.003289	  0.003289	  0.990132	
  0.661184	  0.332237	  0.003289	  0.003289	
  0.985294	  0.004902	  0.004902	  0.004902	

URL http://cisbp.ccbr.utoronto.ca/TFreport.php?versionNumber=2.00&searchTF=T058232_2.00

MOTIF M00611_2.00 (CJA10771)_(Caenorhabditis_elegans)_(DBD_1.00)

letter-probability matrix: alength= 4 w= 10 nsites= 1 E= 0
  0.261863	  0.162037	  0.295250	  0.280850	
  0.275451	  0.120110	  0.350166	  0.254273	
  0.211982	  0.491029	  0.135166	  0.161823	
  0.129991	  0.191995	  0.283573	  0.394441	
  0.069908	  0.802053	  0.075730	  0.052309	
  0.767316	  0.050044	  0.065556	  0.117085	
  0.000536	  0.019825	  0.000225	  0.979414	
  0.005489	  0.985130	  0.000240	  0.009141	
  0.259453	  0.423509	  0.110894	  0.206144	
  0.159694	  0.293906	  0.176489	  0.369910	

URL http://cisbp.ccbr.utoronto.ca/TFreport.php?versionNumber=2.00&searchTF=T083763_2.00

MOTIF M00612_2.00 (CJA10643)_(Caenorhabditis_elegans)_(DBD_0.98)

letter-probability matrix: alength= 4 w= 9 nsites= 1 E= 0
  0.273764	  0.271040	  0.221909	  0.233287	
  0.229673	  0.212015	  0.283343	  0.274969	
  0.068229	  0.023170	  0.856516	  0.052085	
  0.041108	  0.850828	  0.036097	  0.071967	
  0.104146	  0.000738	  0.009932	  0.885184	
  0.399712	  0.080701	  0.055188	  0.464399	
  0.316180	  0.205678	  0.231901	  0.246241	
  0.250374	  0.271227	  0.169518	  0.308881	
  0.268680	  0.226676	  0.222188	  0.282456	

URL http://cisbp.ccbr.utoronto.ca/TFreport.php?versionNumber=2.00&searchTF=T083762_2.00

MOTIF M00613_2.00 (CJA15666)_(Caenorhabditis_elegans)_(DBD_0.99)

letter-probability matrix: alength= 4 w= 8 nsites= 1 E= 0
  0.197699	  0.104719	  0.127964	  0.569619	
  0.041753	  0.083403	  0.156289	  0.718555	
  0.040489	  0.010198	  0.030392	  0.918922	
  0.010198	  0.000101	  0.000101	  0.989600	
  0.010198	  0.000101	  0.000101	  0.989600	
  0.080876	  0.020295	  0.060683	  0.838146	
  0.101070	  0.030392	  0.090973	  0.777565	
  0.171473	  0.428469	  0.157196	  0.242861	

URL http://cisbp.ccbr.utoronto.ca/TFreport.php?versionNumber=2.00&searchTF=T083781_2.00

MOTIF M00614_2.00 (CJA03277)_(Caenorhabditis_elegans)_(DBD_0.97)

letter-probability matrix: alength= 4 w= 8 nsites= 1 E= 0
  0.368172	  0.210609	  0.105567	  0.315651	
  0.000344	  0.998967	  0.000344	  0.000344	
  0.000344	  0.998967	  0.000344	  0.000344	
  0.000344	  0.000344	  0.998967	  0.000344	
  0.000344	  0.000344	  0.000344	  0.998967	
  0.000344	  0.000344	  0.000344	  0.998967	
  0.998967	  0.000344	  0.000344	  0.000344	
  0.000525	  0.368172	  0.210609	  0.420693	

URL http://cisbp.ccbr.utoronto.ca/TFreport.php?versionNumber=2.00&searchTF=T083735_2.00

MOTIF M00615_2.00 (CJA18701)_(Caenorhabditis_elegans)_(DBD_0.99)

letter-probability matrix: alength= 4 w= 10 nsites= 1 E= 0
  0.194145	  0.371892	  0.184676	  0.249287	
  0.053905	  0.142199	  0.092502	  0.711394	
  0.999361	  0.000033	  0.000001	  0.000605	
  0.001640	  0.929810	  0.000856	  0.067693	
  0.341787	  0.499789	  0.064340	  0.094084	
  0.107662	  0.000537	  0.888023	  0.003777	
  0.051787	  0.006032	  0.010352	  0.931828	
  0.824022	  0.055935	  0.053742	  0.066300	
  0.285208	  0.226607	  0.125615	  0.362570	
  0.182831	  0.316893	  0.163787	  0.336489	

