MEME version 4

ALPHABET= ACGT

strands: + -

Background letter frequencies (from uniform background):
A 0.25000 C 0.25000 G 0.25000 T 0.25000 

MOTIF M00003_2.00 (CANTEDRAFT_102423)_(Saccharomyces_cerevisiae)_(DBD_0.54)

letter-probability matrix: alength= 4 w= 8 nsites= 1 E= 0
  0.253967	  0.166693	  0.563393	  0.015947	
  0.759883	  0.000057	  0.108604	  0.131456	
  0.000047	  0.995142	  0.004763	  0.000047	
  0.080221	  0.000047	  0.919685	  0.000047	
  0.000047	  0.971562	  0.000047	  0.028344	
  0.000047	  0.004786	  0.995119	  0.000047	
  0.214697	  0.158213	  0.022650	  0.604440	
  0.467090	  0.029262	  0.270067	  0.233581	

URL http://cisbp.ccbr.utoronto.ca/TFreport.php?versionNumber=2.00&searchTF=T011757_2.00

MOTIF M00013_2.00 (CANTEDRAFT_114901)_(Saccharomyces_cerevisiae)_(DBD_0.54)

letter-probability matrix: alength= 4 w= 10 nsites= 1 E= 0
  0.286730	  0.276761	  0.218254	  0.218254	
  0.465755	  0.158579	  0.158579	  0.217086	
  0.000052	  0.000052	  0.000052	  0.999845	
  0.000052	  0.000052	  0.121061	  0.878836	
  0.941338	  0.000052	  0.000052	  0.058559	
  0.000052	  0.999845	  0.000052	  0.000052	
  0.050927	  0.000052	  0.525333	  0.423689	
  0.365182	  0.000052	  0.000052	  0.634715	
  0.904608	  0.031797	  0.031797	  0.031797	
  0.525751	  0.091472	  0.215662	  0.167115	

URL http://cisbp.ccbr.utoronto.ca/TFreport.php?versionNumber=2.00&searchTF=T057861_2.00

MOTIF M00014_2.00 (CANTEDRAFT_114387)_(Saccharomyces_cerevisiae)_(DBD_0.59)

letter-probability matrix: alength= 4 w= 8 nsites= 1 E= 0
  0.712963	  0.000712	  0.285613	  0.000712	
  0.000475	  0.000475	  0.000475	  0.998574	
  0.048004	  0.000475	  0.808460	  0.143061	
  0.998574	  0.000475	  0.000475	  0.000475	
  0.000475	  0.951046	  0.000475	  0.048004	
  0.095532	  0.000475	  0.903517	  0.000475	
  0.000475	  0.000475	  0.000475	  0.998574	
  0.499288	  0.285613	  0.000712	  0.214387	

URL http://cisbp.ccbr.utoronto.ca/TFreport.php?versionNumber=2.00&searchTF=T057858_2.00

MOTIF M00045_2.00 (CANTEDRAFT_130674)_(Saccharomyces_cerevisiae)_(DBD_0.78)

letter-probability matrix: alength= 4 w= 8 nsites= 1 E= 0
  0.222345	  0.001106	  0.775442	  0.001106	
  0.001106	  0.001106	  0.001106	  0.996681	
  0.996681	  0.001106	  0.001106	  0.001106	
  0.996681	  0.001106	  0.001106	  0.001106	
  0.996681	  0.001106	  0.001106	  0.001106	
  0.001106	  0.886062	  0.001106	  0.111726	
  0.996681	  0.001106	  0.001106	  0.001106	
  0.597222	  0.200397	  0.001984	  0.200397	

URL http://cisbp.ccbr.utoronto.ca/TFreport.php?versionNumber=2.00&searchTF=T184703_2.00

MOTIF M00048_2.00 (CANTEDRAFT_137034)_(Saccharomyces_cerevisiae)_(DBD_0.66)

letter-probability matrix: alength= 4 w= 8 nsites= 1 E= 0
  0.186841	  0.230778	  0.186841	  0.395540	
  0.422708	  0.252032	  0.000081	  0.325179	
  0.006600	  0.000065	  0.954064	  0.039271	
  0.999804	  0.000065	  0.000065	  0.000065	
  0.000065	  0.000065	  0.000065	  0.999804	
  0.914859	  0.045805	  0.000065	  0.039271	
  0.957547	  0.007111	  0.014151	  0.021191	
  0.084280	  0.336806	  0.526199	  0.052715	

URL http://cisbp.ccbr.utoronto.ca/TFreport.php?versionNumber=2.00&searchTF=T192093_2.00

MOTIF M00049_2.00 (CANTEDRAFT_137382)_(Saccharomyces_cerevisiae)_(DBD_0.74)

letter-probability matrix: alength= 4 w= 10 nsites= 1 E= 0
  0.252983	  0.240645	  0.243064	  0.263308	
  0.269403	  0.251189	  0.220568	  0.258839	
  0.252879	  0.285121	  0.209121	  0.252879	
  0.266753	  0.280430	  0.166721	  0.286095	
  0.113406	  0.053569	  0.750675	  0.082350	
  0.849031	  0.039809	  0.035662	  0.075497	
  0.162404	  0.054603	  0.055152	  0.727842	
  0.690436	  0.055552	  0.065846	  0.188166	
  0.445770	  0.151381	  0.208471	  0.194378	
  0.236453	  0.251075	  0.335543	  0.176929	

URL http://cisbp.ccbr.utoronto.ca/TFreport.php?versionNumber=2.00&searchTF=T192094_2.00

MOTIF M00051_2.00 (CANTEDRAFT_132166)_(Saccharomyces_cerevisiae)_(DBD_0.80)

letter-probability matrix: alength= 4 w= 8 nsites= 1 E= 0
  0.270248	  0.432235	  0.000270	  0.297246	
  0.000196	  0.000196	  0.999412	  0.000196	
  0.999424	  0.000192	  0.000192	  0.000192	
  0.000192	  0.000192	  0.000192	  0.999424	
  0.980208	  0.000192	  0.019408	  0.000192	
  0.940635	  0.000196	  0.000196	  0.058973	
  0.022934	  0.113760	  0.840372	  0.022934	
  0.344697	  0.241391	  0.241391	  0.172521	

URL http://cisbp.ccbr.utoronto.ca/TFreport.php?versionNumber=2.00&searchTF=T192090_2.00

MOTIF M00056_2.00 (CANTEDRAFT_129585)_(Saccharomyces_cerevisiae)_(DBD_0.63)

letter-probability matrix: alength= 4 w= 8 nsites= 1 E= 0
  0.070923	  0.070923	  0.007950	  0.850205	
  0.866502	  0.013396	  0.013396	  0.106705	
  0.873260	  0.012718	  0.019046	  0.094976	
  0.000062	  0.000062	  0.000062	  0.999814	
  0.751428	  0.031110	  0.018691	  0.198770	
  0.635123	  0.050365	  0.006351	  0.308161	
  0.669102	  0.061596	  0.030837	  0.238465	
  0.206916	  0.057560	  0.057560	  0.677964	

URL http://cisbp.ccbr.utoronto.ca/TFreport.php?versionNumber=2.00&searchTF=T205353_2.00

MOTIF M00058_2.00 (CANTEDRAFT_113041)_(Saccharomyces_cerevisiae)_(DBD_0.60)

letter-probability matrix: alength= 4 w= 8 nsites= 1 E= 0
  0.565080	  0.141352	  0.108757	  0.184811	
  0.061126	  0.068758	  0.015339	  0.854777	
  0.248276	  0.096594	  0.000069	  0.655061	
  0.894567	  0.000066	  0.000066	  0.105301	
  0.966917	  0.000066	  0.000066	  0.032952	
  0.078992	  0.006643	  0.013220	  0.901144	
  0.048001	  0.000068	  0.034306	  0.917625	
  0.654724	  0.008935	  0.177017	  0.159324	

URL http://cisbp.ccbr.utoronto.ca/TFreport.php?versionNumber=2.00&searchTF=T205351_2.00

MOTIF M00060_2.00 (CANTEDRAFT_123979)_(Saccharomyces_cerevisiae)_(DBD_0.64)

letter-probability matrix: alength= 4 w= 9 nsites= 1 E= 0
  0.320154	  0.181055	  0.206191	  0.292599	
  0.231700	  0.238756	  0.197442	  0.332102	
  0.223589	  0.242212	  0.287095	  0.247105	
  0.161512	  0.025143	  0.029212	  0.784133	
  0.138264	  0.051376	  0.075881	  0.734480	
  0.092315	  0.709959	  0.122145	  0.075581	
  0.148989	  0.381409	  0.144586	  0.325016	
  0.473500	  0.149928	  0.202381	  0.174191	
  0.182247	  0.285820	  0.153755	  0.378177	

URL http://cisbp.ccbr.utoronto.ca/TFreport.php?versionNumber=2.00&searchTF=T239940_2.00

MOTIF M00065_2.00 (CANTEDRAFT_127045)_(Saccharomyces_cerevisiae)_(DBD_0.70)

letter-probability matrix: alength= 4 w= 8 nsites= 1 E= 0
  0.801853	  0.010516	  0.052166	  0.135464	
  0.532694	  0.016470	  0.450754	  0.000082	
  0.015339	  0.984509	  0.000076	  0.000076	
  0.000076	  0.999773	  0.000076	  0.000076	
  0.000076	  0.999773	  0.000076	  0.000076	
  0.000076	  0.007649	  0.000076	  0.992199	
  0.702791	  0.099070	  0.188143	  0.009996	
  0.414192	  0.128641	  0.314249	  0.142918	

URL http://cisbp.ccbr.utoronto.ca/TFreport.php?versionNumber=2.00&searchTF=T268509_2.00

MOTIF M00070_2.00 (CANTEDRAFT_136140)_(Saccharomyces_cerevisiae)_(DBD_0.48)

letter-probability matrix: alength= 4 w= 11 nsites= 1 E= 0
  0.268573	  0.272224	  0.178881	  0.280322	
  0.509793	  0.098806	  0.292595	  0.098806	
  0.848016	  0.050661	  0.050661	  0.050661	
  0.999893	  0.000036	  0.000036	  0.000036	
  0.000036	  0.903786	  0.000036	  0.096142	
  0.903786	  0.000036	  0.000036	  0.096142	
  0.999893	  0.000036	  0.000036	  0.000036	
  0.000036	  0.000036	  0.000036	  0.999893	
  0.591260	  0.071155	  0.071155	  0.266431	
  0.345743	  0.151230	  0.257625	  0.245401	
  0.199374	  0.199374	  0.199374	  0.401877	

URL http://cisbp.ccbr.utoronto.ca/TFreport.php?versionNumber=2.00&searchTF=T326802_2.00

MOTIF M00071_2.00 (CANTEDRAFT_127609)_(Saccharomyces_cerevisiae)_(DBD_0.76)

letter-probability matrix: alength= 4 w= 10 nsites= 1 E= 0
  0.271591	  0.150511	  0.342199	  0.235699	
  0.052988	  0.052988	  0.129931	  0.764093	
  0.000127	  0.000127	  0.999618	  0.000127	
  0.000127	  0.000127	  0.077070	  0.922675	
  0.000127	  0.000127	  0.000127	  0.999618	
  0.077070	  0.000127	  0.000127	  0.922675	
  0.077070	  0.922675	  0.000127	  0.000127	
  0.999618	  0.000127	  0.000127	  0.000127	
  0.184606	  0.183669	  0.346968	  0.284756	
  0.408582	  0.197139	  0.197139	  0.197139	

URL http://cisbp.ccbr.utoronto.ca/TFreport.php?versionNumber=2.00&searchTF=T338050_2.00

MOTIF M00088_2.00 (CANTEDRAFT_104606)_(Saccharomyces_cerevisiae)_(DBD_0.76)

letter-probability matrix: alength= 4 w= 7 nsites= 1 E= 0
  0.004409	  0.910218	  0.041833	  0.043540	
  0.000848	  0.116208	  0.876017	  0.006927	
  0.000117	  0.005158	  0.992847	  0.001879	
  0.537121	  0.127259	  0.241344	  0.094276	
  0.460766	  0.088490	  0.138780	  0.311965	
  0.318860	  0.236217	  0.222461	  0.222461	
  0.279083	  0.235452	  0.235452	  0.250012	

URL http://cisbp.ccbr.utoronto.ca/TFreport.php?versionNumber=2.00&searchTF=T362665_2.00

MOTIF M00102_2.00 (CANTEDRAFT_117377)_(Saccharomyces_cerevisiae)_(DBD_0.69)

letter-probability matrix: alength= 4 w= 9 nsites= 1 E= 0
  0.230826	  0.235489	  0.240247	  0.293438	
  0.234897	  0.237257	  0.278424	  0.249422	
  0.263068	  0.265712	  0.202839	  0.268382	
  0.094644	  0.692371	  0.066031	  0.146954	
  0.000084	  0.999903	  0.000001	  0.000012	
  0.000730	  0.068439	  0.930712	  0.000118	
  0.001227	  0.000063	  0.986717	  0.011994	
  0.700294	  0.116921	  0.159413	  0.023371	
  0.335031	  0.152052	  0.297146	  0.215772	

URL http://cisbp.ccbr.utoronto.ca/TFreport.php?versionNumber=2.00&searchTF=T362679_2.00

MOTIF M01035_2.00 (CANTEDRAFT_134781)_(Candida_albicans)_(DBD_0.89)

letter-probability matrix: alength= 4 w= 10 nsites= 1 E= 0
  0.337263	  0.344076	  0.232959	  0.085701	
  0.046884	  0.802463	  0.021926	  0.128726	
  0.000647	  0.883781	  0.006260	  0.109312	
  0.005300	  0.989916	  0.000859	  0.003926	
  0.011587	  0.943748	  0.037708	  0.006958	
  0.018492	  0.248977	  0.075744	  0.656787	
  0.148408	  0.107766	  0.270416	  0.473410	
  0.382474	  0.129886	  0.277733	  0.209906	
  0.275963	  0.252211	  0.217080	  0.254746	
  0.237011	  0.237011	  0.206047	  0.319931	

URL http://cisbp.ccbr.utoronto.ca/TFreport.php?versionNumber=2.00&searchTF=T082456_2.00

MOTIF M01037_2.00 (CANTEDRAFT_95274)_(Candida_albicans)_(DBD_1.00)

letter-probability matrix: alength= 4 w= 8 nsites= 1 E= 0
  0.193022	  0.543654	  0.228086	  0.035238	
  0.000143	  0.899629	  0.000143	  0.100086	
  0.071531	  0.913906	  0.014420	  0.000143	
  0.000143	  0.999572	  0.000143	  0.000143	
  0.000143	  0.856796	  0.000143	  0.142918	
  0.000143	  0.014420	  0.014420	  0.971017	
  0.048517	  0.032398	  0.612669	  0.306415	
  0.522480	  0.045640	  0.204587	  0.227293	

URL http://cisbp.ccbr.utoronto.ca/TFreport.php?versionNumber=2.00&searchTF=T082465_2.00

MOTIF M01186_2.00 (CANTEDRAFT_125270)_(Schizosaccharomyces_pombe)_(DBD_0.78)

letter-probability matrix: alength= 4 w= 10 nsites= 1 E= 0
  0.256395	  0.163485	  0.193779	  0.386341	
  0.391732	  0.188779	  0.204502	  0.214987	
  0.022499	  0.937723	  0.013111	  0.026668	
  0.007099	  0.880037	  0.004015	  0.108849	
  0.000048	  0.996330	  0.002545	  0.001077	
  0.006410	  0.990227	  0.000453	  0.002909	
  0.208754	  0.040494	  0.529089	  0.221663	
  0.056743	  0.896529	  0.002093	  0.044636	
  0.382669	  0.216409	  0.131259	  0.269663	
  0.165510	  0.379566	  0.141038	  0.313886	

URL http://cisbp.ccbr.utoronto.ca/TFreport.php?versionNumber=2.00&searchTF=T082451_2.00

MOTIF M01235_2.00 (CANTEDRAFT_91588)_(Neurospora_crassa)_(DBD_0.67)

letter-probability matrix: alength= 4 w= 11 nsites= 1 E= 0
  0.224507	  0.326478	  0.224507	  0.224507	
  0.203126	  0.299039	  0.391867	  0.105967	
  0.225223	  0.724938	  0.024920	  0.024920	
  0.000216	  0.000216	  0.999351	  0.000216	
  0.999351	  0.000216	  0.000216	  0.000216	
  0.000216	  0.000216	  0.000216	  0.999351	
  0.000216	  0.999351	  0.000216	  0.000216	
  0.000216	  0.000216	  0.897514	  0.102053	
  0.347248	  0.117812	  0.509230	  0.025709	
  0.144249	  0.144249	  0.144249	  0.567252	
  0.225297	  0.324110	  0.225297	  0.225297	

URL http://cisbp.ccbr.utoronto.ca/TFreport.php?versionNumber=2.00&searchTF=T192095_2.00

MOTIF M01237_2.00 (CANTEDRAFT_91703)_(Neurospora_crassa)_(DBD_0.76)

letter-probability matrix: alength= 4 w= 8 nsites= 1 E= 0
  0.227143	  0.251032	  0.238789	  0.283037	
  0.422687	  0.229667	  0.067130	  0.280516	
  0.086439	  0.059112	  0.811951	  0.042497	
  0.921225	  0.000266	  0.017214	  0.061295	
  0.095561	  0.028212	  0.030869	  0.845358	
  0.509100	  0.209065	  0.076911	  0.204925	
  0.563117	  0.107070	  0.130776	  0.199036	
  0.224323	  0.222091	  0.373563	  0.180023	

URL http://cisbp.ccbr.utoronto.ca/TFreport.php?versionNumber=2.00&searchTF=T192096_2.00

MOTIF M01442_2.00 (CANTEDRAFT_121320)_(Rhizopus_oryzae)_(DBD_0.85)

letter-probability matrix: alength= 4 w= 10 nsites= 1 E= 0
  0.405205	  0.191405	  0.155150	  0.248239	
  0.012796	  0.971781	  0.003252	  0.012172	
  0.001748	  0.896649	  0.000244	  0.101359	
  0.003474	  0.987573	  0.007809	  0.001145	
  0.007101	  0.992574	  0.000046	  0.000278	
  0.507195	  0.000100	  0.468200	  0.024505	
  0.034159	  0.692999	  0.169191	  0.103651	
  0.533442	  0.115509	  0.198215	  0.152834	
  0.248537	  0.246064	  0.141967	  0.363432	
  0.249168	  0.197972	  0.162086	  0.390773	

URL http://cisbp.ccbr.utoronto.ca/TFreport.php?versionNumber=2.00&searchTF=T082448_2.00

MOTIF M01536_2.00 (CANTEDRAFT_136954)_(Saccharomyces_cerevisiae)_(DBD_0.96)

letter-probability matrix: alength= 4 w= 8 nsites= 1 E= 0
  0.582226	  0.083887	  0.083887	  0.250000	
  0.187656	  0.000623	  0.000623	  0.811097	
  0.117958	  0.000587	  0.000587	  0.880869	
  0.000587	  0.000587	  0.000587	  0.998239	
  0.000587	  0.000587	  0.000587	  0.998239	
  0.000587	  0.000587	  0.000587	  0.998239	
  0.000587	  0.000587	  0.000587	  0.998239	
  0.000767	  0.690951	  0.077454	  0.230828	

URL http://cisbp.ccbr.utoronto.ca/TFreport.php?versionNumber=2.00&searchTF=T082458_2.00

MOTIF M01556_2.00 (CANTEDRAFT_132848)_(Saccharomyces_cerevisiae)_(DBD_0.61)

letter-probability matrix: alength= 4 w= 12 nsites= 1 E= 0
  0.201194	  0.201194	  0.304697	  0.292914	
  0.230780	  0.226281	  0.127278	  0.415661	
  0.152730	  0.049228	  0.049228	  0.748814	
  0.025929	  0.214641	  0.129432	  0.629998	
  0.000154	  0.999537	  0.000154	  0.000154	
  0.000154	  0.000154	  0.000154	  0.999537	
  0.000154	  0.000154	  0.000154	  0.999537	
  0.000154	  0.999537	  0.000154	  0.000154	
  0.048960	  0.153606	  0.142155	  0.655279	
  0.534377	  0.122877	  0.122877	  0.219869	
  0.200927	  0.200927	  0.200927	  0.397220	
  0.224225	  0.224225	  0.224225	  0.327324	

URL http://cisbp.ccbr.utoronto.ca/TFreport.php?versionNumber=2.00&searchTF=T239941_2.00

MOTIF M01557_2.00 (CANTEDRAFT_125008)_(Saccharomyces_cerevisiae)_(DBD_0.77)

letter-probability matrix: alength= 4 w= 8 nsites= 1 E= 0
  0.009615	  0.009615	  0.009615	  0.971154	
  0.009615	  0.009615	  0.009615	  0.971154	
  0.971154	  0.009615	  0.009615	  0.009615	
  0.971154	  0.009615	  0.009615	  0.009615	
  0.009615	  0.009615	  0.009615	  0.971154	
  0.971154	  0.009615	  0.009615	  0.009615	
  0.971154	  0.009615	  0.009615	  0.009615	
  0.971154	  0.009615	  0.009615	  0.009615	

URL http://cisbp.ccbr.utoronto.ca/TFreport.php?versionNumber=2.00&searchTF=T253461_2.00

MOTIF M01558_2.00 (CANTEDRAFT_129032)_(Saccharomyces_cerevisiae)_(DBD_0.88)

letter-probability matrix: alength= 4 w= 10 nsites= 1 E= 0
  0.112022	  0.583295	  0.081344	  0.223339	
  0.214189	  0.229719	  0.346145	  0.209947	
  0.417547	  0.152079	  0.229155	  0.201220	
  0.584466	  0.060382	  0.129114	  0.226037	
  0.385008	  0.091219	  0.093997	  0.429776	
  0.301324	  0.230024	  0.179143	  0.289509	
  0.257339	  0.273252	  0.284403	  0.185007	
  0.278132	  0.034747	  0.644255	  0.042867	
  0.109929	  0.000794	  0.742363	  0.146913	
  0.392464	  0.185387	  0.181716	  0.240434	

URL http://cisbp.ccbr.utoronto.ca/TFreport.php?versionNumber=2.00&searchTF=T253462_2.00

MOTIF M01565_2.00 (CANTEDRAFT_110112)_(Saccharomyces_cerevisiae)_(DBD_0.75)

letter-probability matrix: alength= 4 w= 10 nsites= 1 E= 0
  0.275621	  0.196179	  0.184754	  0.343445	
  0.239066	  0.197698	  0.157078	  0.406158	
  0.351405	  0.065493	  0.118148	  0.464954	
  0.275882	  0.145470	  0.109944	  0.468704	
  0.465587	  0.103886	  0.064283	  0.366244	
  0.343551	  0.084719	  0.502369	  0.069362	
  0.039893	  0.339069	  0.050714	  0.570324	
  0.299986	  0.072511	  0.434301	  0.193202	
  0.212492	  0.210378	  0.364638	  0.212492	
  0.183038	  0.221338	  0.419764	  0.175861	

URL http://cisbp.ccbr.utoronto.ca/TFreport.php?versionNumber=2.00&searchTF=T326799_2.00

MOTIF M01567_2.00 (CANTEDRAFT_116365)_(Saccharomyces_cerevisiae)_(DBD_0.96)

letter-probability matrix: alength= 4 w= 7 nsites= 1 E= 0
  0.315311	  0.189343	  0.207174	  0.288172	
  0.345705	  0.141966	  0.211788	  0.300541	
  0.271982	  0.110580	  0.155359	  0.462079	
  0.583542	  0.000869	  0.110954	  0.304636	
  0.219565	  0.006434	  0.188981	  0.585020	
  0.934996	  0.000354	  0.051964	  0.012687	
  0.422777	  0.000471	  0.095282	  0.481470	

URL http://cisbp.ccbr.utoronto.ca/TFreport.php?versionNumber=2.00&searchTF=T342182_2.00

MOTIF M01590_2.00 (CANTEDRAFT_103499)_(Saccharomyces_cerevisiae)_(DBD_0.65)

letter-probability matrix: alength= 4 w= 9 nsites= 1 E= 0
  0.457155	  0.127106	  0.164848	  0.250892	
  0.193600	  0.485800	  0.152292	  0.168308	
  0.103105	  0.867612	  0.028667	  0.000616	
  0.000212	  0.046052	  0.943664	  0.010072	
  0.042335	  0.098065	  0.858877	  0.000723	
  0.295168	  0.322965	  0.223083	  0.158784	
  0.294560	  0.218216	  0.322300	  0.164924	
  0.310862	  0.181154	  0.157488	  0.350496	
  0.287475	  0.221658	  0.194637	  0.296230	

URL http://cisbp.ccbr.utoronto.ca/TFreport.php?versionNumber=2.00&searchTF=T362663_2.00

MOTIF M01761_2.00 (CANTEDRAFT_107875)_(Neurospora_crassa)_(DBD_0.69)

letter-probability matrix: alength= 4 w= 10 nsites= 1 E= 0
  0.388135	  0.112825	  0.260346	  0.238694	
  0.249054	  0.172339	  0.128937	  0.449670	
  0.199250	  0.410304	  0.162487	  0.227958	
  0.479655	  0.034839	  0.286042	  0.199464	
  0.129912	  0.429844	  0.141336	  0.298908	
  0.298908	  0.141336	  0.429844	  0.129912	
  0.199464	  0.286042	  0.034839	  0.479655	
  0.227958	  0.162487	  0.410304	  0.199250	
  0.449670	  0.128937	  0.172339	  0.249054	
  0.238694	  0.260346	  0.112825	  0.388135	

URL http://cisbp.ccbr.utoronto.ca/TFreport.php?versionNumber=2.00&searchTF=T031805_2.00

MOTIF M01992_2.00 (CANTEDRAFT_132311)_(Neurospora_crassa)_(DBD_0.66)

letter-probability matrix: alength= 4 w= 8 nsites= 1 E= 0
  0.570513	  0.071937	  0.356838	  0.000712	
  0.059272	  0.000587	  0.000587	  0.939554	
  0.939554	  0.059272	  0.000587	  0.000587	
  0.998239	  0.000587	  0.000587	  0.000587	
  0.998239	  0.000587	  0.000587	  0.000587	
  0.000587	  0.880869	  0.000587	  0.117958	
  0.998239	  0.000587	  0.000587	  0.000587	
  0.499004	  0.200199	  0.000996	  0.299801	

URL http://cisbp.ccbr.utoronto.ca/TFreport.php?versionNumber=2.00&searchTF=T184704_2.00

MOTIF M03761_2.00 (CANTEDRAFT_113880)_(Drosophila_melanogaster)_(DBD_0.63)

letter-probability matrix: alength= 4 w= 8 nsites= 1 E= 0
  0.223431	  0.206679	  0.466469	  0.103420	
  0.308898	  0.477701	  0.025315	  0.188086	
  0.000000	  0.000000	  1.000000	  0.000000	
  0.999515	  0.000485	  0.000000	  0.000000	
  0.000000	  0.000000	  0.000000	  1.000000	
  0.999946	  0.000054	  0.000000	  0.000000	
  1.000000	  0.000000	  0.000000	  0.000000	
  0.024249	  0.421465	  0.504790	  0.049496	

URL http://cisbp.ccbr.utoronto.ca/TFreport.php?versionNumber=2.00&searchTF=T192089_2.00

MOTIF M08419_2.00 (CANTEDRAFT_134124)_(Saccharomyces_cerevisiae)_(DBD_0.72)

letter-probability matrix: alength= 4 w= 10 nsites= 1 E= 0
  0.065693	  0.934307	  0.000000	  0.000000	
  0.068841	  0.902174	  0.028986	  0.000000	
  0.131313	  0.464646	  0.000000	  0.404040	
  0.154867	  0.035398	  0.663717	  0.146018	
  0.885542	  0.048193	  0.066265	  0.000000	
  0.000000	  0.293478	  0.000000	  0.706522	
  0.053333	  0.448889	  0.240000	  0.257778	
  0.044444	  0.591111	  0.093333	  0.271111	
  0.010204	  0.000000	  0.989796	  0.000000	
  0.133080	  0.030418	  0.836502	  0.000000	

URL http://cisbp.ccbr.utoronto.ca/TFreport.php?versionNumber=2.00&searchTF=T192091_2.00

MOTIF M08452_2.00 (CANTEDRAFT_116468)_(Saccharomyces_cerevisiae)_(DBD_0.88)

letter-probability matrix: alength= 4 w= 5 nsites= 1 E= 0
  0.000000	  0.000000	  0.000000	  1.000000	
  0.000000	  0.000000	  0.010160	  0.989840	
  0.005578	  0.000000	  0.994422	  0.000000	
  0.000000	  0.000000	  0.998223	  0.001777	
  0.158006	  0.378979	  0.030665	  0.432350	

URL http://cisbp.ccbr.utoronto.ca/TFreport.php?versionNumber=2.00&searchTF=T159838_2.00

