MEME version 4

ALPHABET= ACGT

strands: + -

Background letter frequencies (from uniform background):
A 0.25000 C 0.25000 G 0.25000 T 0.25000 

MOTIF M00051_2.00 (CTHT_0039030)_(Saccharomyces_cerevisiae)_(DBD_0.86)

letter-probability matrix: alength= 4 w= 8 nsites= 1 E= 0
  0.270248	  0.432235	  0.000270	  0.297246	
  0.000196	  0.000196	  0.999412	  0.000196	
  0.999424	  0.000192	  0.000192	  0.000192	
  0.000192	  0.000192	  0.000192	  0.999424	
  0.980208	  0.000192	  0.019408	  0.000192	
  0.940635	  0.000196	  0.000196	  0.058973	
  0.022934	  0.113760	  0.840372	  0.022934	
  0.344697	  0.241391	  0.241391	  0.172521	

URL http://cisbp.ccbr.utoronto.ca/TFreport.php?versionNumber=2.00&searchTF=T192423_2.00

MOTIF M00060_2.00 (CTHT_0005280)_(Saccharomyces_cerevisiae)_(DBD_0.46)

letter-probability matrix: alength= 4 w= 9 nsites= 1 E= 0
  0.320154	  0.181055	  0.206191	  0.292599	
  0.231700	  0.238756	  0.197442	  0.332102	
  0.223589	  0.242212	  0.287095	  0.247105	
  0.161512	  0.025143	  0.029212	  0.784133	
  0.138264	  0.051376	  0.075881	  0.734480	
  0.092315	  0.709959	  0.122145	  0.075581	
  0.148989	  0.381409	  0.144586	  0.325016	
  0.473500	  0.149928	  0.202381	  0.174191	
  0.182247	  0.285820	  0.153755	  0.378177	

URL http://cisbp.ccbr.utoronto.ca/TFreport.php?versionNumber=2.00&searchTF=T240033_2.00

MOTIF M00061_2.00 (CTHT_0048700)_(Saccharomyces_cerevisiae)_(DBD_0.62)

letter-probability matrix: alength= 4 w= 8 nsites= 1 E= 0
  0.726984	  0.045578	  0.075863	  0.151575	
  0.056906	  0.193208	  0.068264	  0.681622	
  0.064288	  0.064288	  0.871332	  0.000092	
  0.000090	  0.000090	  0.999730	  0.000090	
  0.000090	  0.972713	  0.027107	  0.000090	
  0.000090	  0.963707	  0.009096	  0.027107	
  0.586810	  0.119622	  0.293459	  0.000109	
  0.142918	  0.057253	  0.742576	  0.057253	

URL http://cisbp.ccbr.utoronto.ca/TFreport.php?versionNumber=2.00&searchTF=T240035_2.00

MOTIF M00066_2.00 (CTHT_0028340)_(Saccharomyces_cerevisiae)_(DBD_0.50)

letter-probability matrix: alength= 4 w= 10 nsites= 1 E= 0
  0.228304	  0.228304	  0.228304	  0.315088	
  0.119950	  0.353086	  0.407015	  0.119950	
  0.000130	  0.000130	  0.999610	  0.000130	
  0.000130	  0.000130	  0.000130	  0.999610	
  0.000130	  0.000130	  0.000130	  0.999610	
  0.086914	  0.000130	  0.912826	  0.000130	
  0.000130	  0.999610	  0.000130	  0.000130	
  0.000130	  0.437251	  0.000130	  0.562489	
  0.934522	  0.021826	  0.021826	  0.021826	
  0.130180	  0.304898	  0.261306	  0.303616	

URL http://cisbp.ccbr.utoronto.ca/TFreport.php?versionNumber=2.00&searchTF=T318091_2.00

MOTIF M00070_2.00 (CTHT_0006830)_(Saccharomyces_cerevisiae)_(DBD_0.48)

letter-probability matrix: alength= 4 w= 11 nsites= 1 E= 0
  0.268573	  0.272224	  0.178881	  0.280322	
  0.509793	  0.098806	  0.292595	  0.098806	
  0.848016	  0.050661	  0.050661	  0.050661	
  0.999893	  0.000036	  0.000036	  0.000036	
  0.000036	  0.903786	  0.000036	  0.096142	
  0.903786	  0.000036	  0.000036	  0.096142	
  0.999893	  0.000036	  0.000036	  0.000036	
  0.000036	  0.000036	  0.000036	  0.999893	
  0.591260	  0.071155	  0.071155	  0.266431	
  0.345743	  0.151230	  0.257625	  0.245401	
  0.199374	  0.199374	  0.199374	  0.401877	

URL http://cisbp.ccbr.utoronto.ca/TFreport.php?versionNumber=2.00&searchTF=T327265_2.00

MOTIF M00102_2.00 (CTHT_0052680)_(Saccharomyces_cerevisiae)_(DBD_0.70)

letter-probability matrix: alength= 4 w= 9 nsites= 1 E= 0
  0.230826	  0.235489	  0.240247	  0.293438	
  0.234897	  0.237257	  0.278424	  0.249422	
  0.263068	  0.265712	  0.202839	  0.268382	
  0.094644	  0.692371	  0.066031	  0.146954	
  0.000084	  0.999903	  0.000001	  0.000012	
  0.000730	  0.068439	  0.930712	  0.000118	
  0.001227	  0.000063	  0.986717	  0.011994	
  0.700294	  0.116921	  0.159413	  0.023371	
  0.335031	  0.152052	  0.297146	  0.215772	

URL http://cisbp.ccbr.utoronto.ca/TFreport.php?versionNumber=2.00&searchTF=T366003_2.00

MOTIF M00160_2.00 (CTHT_0023230)_(Mus_musculus)_(DBD_0.56)

letter-probability matrix: alength= 4 w= 10 nsites= 1 E= 0
  0.272342	  0.213287	  0.238265	  0.276106	
  0.383328	  0.071216	  0.521888	  0.023568	
  0.117428	  0.105265	  0.021002	  0.756305	
  0.834939	  0.152266	  0.000007	  0.012788	
  0.908292	  0.059096	  0.002967	  0.029645	
  0.977393	  0.014489	  0.001628	  0.006490	
  0.001282	  0.843632	  0.000001	  0.155085	
  0.965165	  0.012083	  0.006831	  0.015922	
  0.479654	  0.164189	  0.114694	  0.241463	
  0.417043	  0.185221	  0.142285	  0.255451	

URL http://cisbp.ccbr.utoronto.ca/TFreport.php?versionNumber=2.00&searchTF=T184982_2.00

MOTIF M01102_2.00 (CTHT_0040440)_(PBM_CONSTRUCTS)_(DBD_0.66)

letter-probability matrix: alength= 4 w= 8 nsites= 1 E= 0
  0.520400	  0.150739	  0.150739	  0.178122	
  0.168349	  0.386085	  0.237629	  0.207937	
  0.828862	  0.000085	  0.162423	  0.008630	
  0.000085	  0.999744	  0.000085	  0.000085	
  0.000085	  0.000085	  0.982656	  0.017174	
  0.008630	  0.957023	  0.000085	  0.034262	
  0.008630	  0.017174	  0.965567	  0.008630	
  0.562344	  0.150050	  0.000125	  0.287481	

URL http://cisbp.ccbr.utoronto.ca/TFreport.php?versionNumber=2.00&searchTF=T011850_2.00

MOTIF M01105_2.00 (CTHT_0036660)_(Fusarium_graminearum)_(DBD_0.54)

letter-probability matrix: alength= 4 w= 9 nsites= 1 E= 0
  0.374340	  0.173324	  0.185892	  0.266444	
  0.331918	  0.236250	  0.215916	  0.215916	
  0.367239	  0.211878	  0.193642	  0.227241	
  0.398201	  0.106374	  0.253904	  0.241521	
  0.306146	  0.173133	  0.150515	  0.370206	
  0.572249	  0.002137	  0.149841	  0.275772	
  0.602371	  0.092840	  0.044740	  0.260050	
  0.505970	  0.048254	  0.059530	  0.386247	
  0.331768	  0.096009	  0.106106	  0.466117	

URL http://cisbp.ccbr.utoronto.ca/TFreport.php?versionNumber=2.00&searchTF=T017337_2.00

MOTIF M01106_2.00 (CTHT_0058990)_(Trichomonas_vaginalis)_(DBD_0.62)

letter-probability matrix: alength= 4 w= 8 nsites= 1 E= 0
  0.483861	  0.092001	  0.215250	  0.208888	
  0.550968	  0.140005	  0.167616	  0.141412	
  0.561595	  0.058603	  0.114524	  0.265279	
  0.513647	  0.040106	  0.069515	  0.376733	
  0.597236	  0.037424	  0.030948	  0.334392	
  0.763937	  0.036910	  0.033733	  0.165420	
  0.582011	  0.007741	  0.027840	  0.382408	
  0.380653	  0.020326	  0.002038	  0.596983	

URL http://cisbp.ccbr.utoronto.ca/TFreport.php?versionNumber=2.00&searchTF=T017338_2.00

MOTIF M01115_2.00 (CTHT_0041170)_(Neurospora_crassa)_(DBD_0.94)

letter-probability matrix: alength= 4 w= 10 nsites= 1 E= 0
  0.401900	  0.132450	  0.201583	  0.264067	
  0.232202	  0.199858	  0.114161	  0.453778	
  0.047953	  0.533909	  0.070826	  0.347312	
  0.589023	  0.001713	  0.237096	  0.172167	
  0.140856	  0.436041	  0.139454	  0.283649	
  0.219952	  0.173021	  0.359032	  0.247995	
  0.172499	  0.317472	  0.192557	  0.317472	
  0.161212	  0.287930	  0.285065	  0.265793	
  0.506352	  0.195827	  0.122392	  0.175429	
  0.203641	  0.291885	  0.197623	  0.306850	

URL http://cisbp.ccbr.utoronto.ca/TFreport.php?versionNumber=2.00&searchTF=T032507_2.00

MOTIF M01116_2.00 (CTHT_0025780)_(Neurospora_crassa)_(DBD_0.96)

letter-probability matrix: alength= 4 w= 9 nsites= 1 E= 0
  0.205969	  0.329549	  0.234563	  0.229919	
  0.099121	  0.747209	  0.074914	  0.078755	
  0.515605	  0.238732	  0.140519	  0.105145	
  0.048574	  0.775174	  0.033218	  0.143035	
  0.095708	  0.119260	  0.781571	  0.003460	
  0.013930	  0.001606	  0.036747	  0.947716	
  0.000984	  0.004545	  0.976584	  0.017887	
  0.493454	  0.273535	  0.122907	  0.110104	
  0.129898	  0.406160	  0.186186	  0.277757	

URL http://cisbp.ccbr.utoronto.ca/TFreport.php?versionNumber=2.00&searchTF=T032502_2.00

MOTIF M01137_2.00 (CTHT_0012120)_(Aspergillus_nidulans)_(DBD_0.68)

letter-probability matrix: alength= 4 w= 10 nsites= 1 E= 0
  0.082192	  0.159024	  0.560627	  0.198156	
  0.399052	  0.492301	  0.065306	  0.043341	
  0.000135	  0.000379	  0.036950	  0.962536	
  0.006288	  0.063346	  0.323312	  0.607054	
  0.936896	  0.000420	  0.054739	  0.007945	
  0.032096	  0.543875	  0.256908	  0.167121	
  0.203011	  0.121907	  0.293906	  0.381176	
  0.429329	  0.154814	  0.042616	  0.373241	
  0.724723	  0.092369	  0.090540	  0.092369	
  0.385035	  0.115970	  0.205067	  0.293928	

URL http://cisbp.ccbr.utoronto.ca/TFreport.php?versionNumber=2.00&searchTF=T058607_2.00

MOTIF M01145_2.00 (CTHT_0003390)_(Neurospora_crassa)_(DBD_0.70)

letter-probability matrix: alength= 4 w= 11 nsites= 1 E= 0
  0.304921	  0.231693	  0.231693	  0.231693	
  0.340005	  0.274032	  0.110671	  0.275291	
  0.059989	  0.582299	  0.224609	  0.133103	
  0.999749	  0.000084	  0.000084	  0.000084	
  0.000084	  0.999749	  0.000084	  0.000084	
  0.000084	  0.000084	  0.999749	  0.000084	
  0.000084	  0.000084	  0.000084	  0.999749	
  0.000084	  0.072312	  0.927521	  0.000084	
  0.090619	  0.018390	  0.272188	  0.618803	
  0.139412	  0.581764	  0.139412	  0.139412	
  0.351444	  0.190094	  0.268368	  0.190094	

URL http://cisbp.ccbr.utoronto.ca/TFreport.php?versionNumber=2.00&searchTF=T058603_2.00

MOTIF M01147_2.00 (CTHT_0028870)_(Neurospora_crassa)_(DBD_0.39)

letter-probability matrix: alength= 4 w= 10 nsites= 1 E= 0
  0.256344	  0.201648	  0.261523	  0.280485	
  0.466416	  0.147685	  0.263770	  0.122129	
  0.056276	  0.045162	  0.000477	  0.898085	
  0.076513	  0.037995	  0.643848	  0.241643	
  0.796372	  0.031502	  0.085633	  0.086493	
  0.072044	  0.711432	  0.042832	  0.173691	
  0.178754	  0.047276	  0.689532	  0.084438	
  0.163925	  0.196254	  0.078997	  0.560825	
  0.373050	  0.284779	  0.165954	  0.176216	
  0.318316	  0.178225	  0.258022	  0.245438	

URL http://cisbp.ccbr.utoronto.ca/TFreport.php?versionNumber=2.00&searchTF=T058612_2.00

MOTIF M01149_2.00 (CTHT_0041340)_(Neurospora_crassa)_(DBD_0.69)

letter-probability matrix: alength= 4 w= 9 nsites= 1 E= 0
  0.149485	  0.147997	  0.521753	  0.180764	
  0.379282	  0.477364	  0.085480	  0.057875	
  0.061907	  0.008050	  0.062529	  0.867514	
  0.009615	  0.034581	  0.392797	  0.563008	
  0.874632	  0.003267	  0.078555	  0.043545	
  0.057918	  0.566249	  0.216813	  0.159021	
  0.259677	  0.177583	  0.232627	  0.330114	
  0.459187	  0.184834	  0.101439	  0.254540	
  0.635165	  0.119568	  0.125698	  0.119568	

URL http://cisbp.ccbr.utoronto.ca/TFreport.php?versionNumber=2.00&searchTF=T058617_2.00

MOTIF M01150_2.00 (CTHT_0052090)_(Neurospora_crassa)_(DBD_0.77)

letter-probability matrix: alength= 4 w= 12 nsites= 1 E= 0
  0.308212	  0.230596	  0.230596	  0.230596	
  0.308212	  0.230596	  0.230596	  0.230596	
  0.230596	  0.230596	  0.308212	  0.230596	
  0.422541	  0.304679	  0.097453	  0.175327	
  0.000143	  0.000143	  0.078017	  0.921698	
  0.000143	  0.000143	  0.216516	  0.783199	
  0.999572	  0.000143	  0.000143	  0.000143	
  0.000143	  0.921698	  0.000143	  0.078017	
  0.097421	  0.019547	  0.207898	  0.675135	
  0.675135	  0.097421	  0.019547	  0.207898	
  0.941360	  0.019547	  0.019547	  0.019547	
  0.243435	  0.152690	  0.235950	  0.367926	

URL http://cisbp.ccbr.utoronto.ca/TFreport.php?versionNumber=2.00&searchTF=T058620_2.00

MOTIF M01151_2.00 (CTHT_0041740)_(Neurospora_crassa)_(DBD_0.60)

letter-probability matrix: alength= 4 w= 8 nsites= 1 E= 0
  0.897410	  0.000996	  0.000996	  0.100598	
  0.071937	  0.214387	  0.570513	  0.143162	
  0.000712	  0.000712	  0.000712	  0.997863	
  0.855413	  0.000712	  0.071937	  0.071937	
  0.926638	  0.000712	  0.071937	  0.000712	
  0.000712	  0.000712	  0.000712	  0.997863	
  0.091486	  0.906703	  0.000906	  0.000906	
  0.996269	  0.001244	  0.001244	  0.001244	

URL http://cisbp.ccbr.utoronto.ca/TFreport.php?versionNumber=2.00&searchTF=T058618_2.00

MOTIF M01152_2.00 (CTHT_0003600)_(Neurospora_crassa)_(DBD_0.83)

letter-probability matrix: alength= 4 w= 13 nsites= 1 E= 0
  0.207726	  0.207726	  0.207726	  0.376822	
  0.294504	  0.207726	  0.290044	  0.207726	
  0.207726	  0.294504	  0.207726	  0.290044	
  0.376822	  0.207726	  0.207726	  0.207726	
  0.135212	  0.044794	  0.127261	  0.692734	
  0.085480	  0.087943	  0.210705	  0.615872	
  0.909025	  0.000186	  0.000186	  0.090604	
  0.000186	  0.914149	  0.000186	  0.085480	
  0.784437	  0.042460	  0.130644	  0.042460	
  0.608725	  0.127754	  0.042460	  0.221062	
  0.790154	  0.042460	  0.042460	  0.124927	
  0.213111	  0.042460	  0.127754	  0.616676	
  0.293150	  0.296066	  0.205392	  0.205392	

URL http://cisbp.ccbr.utoronto.ca/TFreport.php?versionNumber=2.00&searchTF=T058604_2.00

MOTIF M01175_2.00 (CTHT_0067990)_(Fusarium_graminearum)_(DBD_0.95)

letter-probability matrix: alength= 4 w= 10 nsites= 1 E= 0
  0.226792	  0.260873	  0.240816	  0.271519	
  0.262036	  0.208196	  0.343258	  0.186510	
  0.199991	  0.313648	  0.353637	  0.132724	
  0.279505	  0.133356	  0.519579	  0.067560	
  0.005203	  0.113207	  0.853393	  0.028197	
  0.000288	  0.959092	  0.037939	  0.002680	
  0.026664	  0.000132	  0.158112	  0.815093	
  0.155695	  0.090731	  0.663746	  0.089828	
  0.399424	  0.156026	  0.265078	  0.179473	
  0.266808	  0.234283	  0.289030	  0.209879	

URL http://cisbp.ccbr.utoronto.ca/TFreport.php?versionNumber=2.00&searchTF=T085184_2.00

MOTIF M01186_2.00 (CTHT_0071740)_(Schizosaccharomyces_pombe)_(DBD_0.76)

letter-probability matrix: alength= 4 w= 10 nsites= 1 E= 0
  0.256395	  0.163485	  0.193779	  0.386341	
  0.391732	  0.188779	  0.204502	  0.214987	
  0.022499	  0.937723	  0.013111	  0.026668	
  0.007099	  0.880037	  0.004015	  0.108849	
  0.000048	  0.996330	  0.002545	  0.001077	
  0.006410	  0.990227	  0.000453	  0.002909	
  0.208754	  0.040494	  0.529089	  0.221663	
  0.056743	  0.896529	  0.002093	  0.044636	
  0.382669	  0.216409	  0.131259	  0.269663	
  0.165510	  0.379566	  0.141038	  0.313886	

URL http://cisbp.ccbr.utoronto.ca/TFreport.php?versionNumber=2.00&searchTF=T085187_2.00

MOTIF M01192_2.00 (CTHT_0009360)_(Neurospora_crassa)_(DBD_0.89)

letter-probability matrix: alength= 4 w= 8 nsites= 1 E= 0
  0.238098	  0.442125	  0.231298	  0.088479	
  0.005803	  0.971099	  0.005803	  0.017295	
  0.000055	  0.933916	  0.000055	  0.065975	
  0.000055	  0.988849	  0.000055	  0.011042	
  0.005548	  0.884476	  0.000055	  0.109921	
  0.022150	  0.016626	  0.011103	  0.950122	
  0.246270	  0.000075	  0.447702	  0.305953	
  0.547243	  0.042193	  0.147412	  0.263152	

URL http://cisbp.ccbr.utoronto.ca/TFreport.php?versionNumber=2.00&searchTF=T085158_2.00

MOTIF M01193_2.00 (CTHT_0003500)_(Neurospora_crassa)_(DBD_0.96)

letter-probability matrix: alength= 4 w= 10 nsites= 1 E= 0
  0.171974	  0.307153	  0.259134	  0.261738	
  0.176120	  0.141339	  0.539781	  0.142760	
  0.201468	  0.325587	  0.241201	  0.231743	
  0.242179	  0.354135	  0.186733	  0.216953	
  0.187486	  0.174811	  0.494579	  0.143123	
  0.781029	  0.071565	  0.138464	  0.008941	
  0.008899	  0.010236	  0.050195	  0.930671	
  0.046751	  0.849653	  0.086906	  0.016690	
  0.257316	  0.290123	  0.290123	  0.162439	
  0.191340	  0.312327	  0.250648	  0.245685	

URL http://cisbp.ccbr.utoronto.ca/TFreport.php?versionNumber=2.00&searchTF=T085154_2.00

MOTIF M01198_2.00 (CTHT_0038780)_(Neurospora_crassa)_(DBD_0.94)

letter-probability matrix: alength= 4 w= 8 nsites= 1 E= 0
  0.008032	  0.985829	  0.000534	  0.005604	
  0.000361	  0.758996	  0.000317	  0.240326	
  0.065429	  0.872155	  0.039290	  0.023126	
  0.000001	  0.999660	  0.000134	  0.000205	
  0.499172	  0.000032	  0.489288	  0.011507	
  0.139979	  0.376715	  0.252520	  0.230786	
  0.284498	  0.230610	  0.244870	  0.240021	
  0.280918	  0.298289	  0.261926	  0.158866	

URL http://cisbp.ccbr.utoronto.ca/TFreport.php?versionNumber=2.00&searchTF=T085172_2.00

MOTIF M01235_2.00 (CTHT_0052380)_(Neurospora_crassa)_(DBD_1.00)

letter-probability matrix: alength= 4 w= 11 nsites= 1 E= 0
  0.224507	  0.326478	  0.224507	  0.224507	
  0.203126	  0.299039	  0.391867	  0.105967	
  0.225223	  0.724938	  0.024920	  0.024920	
  0.000216	  0.000216	  0.999351	  0.000216	
  0.999351	  0.000216	  0.000216	  0.000216	
  0.000216	  0.000216	  0.000216	  0.999351	
  0.000216	  0.999351	  0.000216	  0.000216	
  0.000216	  0.000216	  0.897514	  0.102053	
  0.347248	  0.117812	  0.509230	  0.025709	
  0.144249	  0.144249	  0.144249	  0.567252	
  0.225297	  0.324110	  0.225297	  0.225297	

URL http://cisbp.ccbr.utoronto.ca/TFreport.php?versionNumber=2.00&searchTF=T192424_2.00

MOTIF M01237_2.00 (CTHT_0034490)_(Neurospora_crassa)_(DBD_0.96)

letter-probability matrix: alength= 4 w= 8 nsites= 1 E= 0
  0.227143	  0.251032	  0.238789	  0.283037	
  0.422687	  0.229667	  0.067130	  0.280516	
  0.086439	  0.059112	  0.811951	  0.042497	
  0.921225	  0.000266	  0.017214	  0.061295	
  0.095561	  0.028212	  0.030869	  0.845358	
  0.509100	  0.209065	  0.076911	  0.204925	
  0.563117	  0.107070	  0.130776	  0.199036	
  0.224323	  0.222091	  0.373563	  0.180023	

URL http://cisbp.ccbr.utoronto.ca/TFreport.php?versionNumber=2.00&searchTF=T192422_2.00

MOTIF M01273_2.00 (CTHT_0012910)_(Neurospora_crassa)_(DBD_0.79)

letter-probability matrix: alength= 4 w= 7 nsites= 1 E= 0
  0.469028	  0.000123	  0.000123	  0.530726	
  0.999727	  0.000091	  0.000091	  0.000091	
  0.027354	  0.972465	  0.000091	  0.000091	
  0.000091	  0.999727	  0.000091	  0.000091	
  0.000091	  0.999727	  0.000091	  0.000091	
  0.972212	  0.027605	  0.000092	  0.000092	
  0.012942	  0.371732	  0.269221	  0.346105	

URL http://cisbp.ccbr.utoronto.ca/TFreport.php?versionNumber=2.00&searchTF=T268965_2.00

MOTIF M01274_2.00 (CTHT_0071270)_(Neurospora_crassa)_(DBD_0.89)

letter-probability matrix: alength= 4 w= 10 nsites= 1 E= 0
  0.240853	  0.318680	  0.243274	  0.197194	
  0.220423	  0.229419	  0.115071	  0.435088	
  0.425781	  0.183814	  0.285409	  0.104996	
  0.344735	  0.252845	  0.061116	  0.341305	
  0.000991	  0.001478	  0.004621	  0.992910	
  0.996324	  0.001369	  0.002126	  0.000182	
  0.130163	  0.047408	  0.019083	  0.803347	
  0.611750	  0.074167	  0.102138	  0.211944	
  0.240340	  0.162724	  0.429257	  0.167680	
  0.217449	  0.293526	  0.317973	  0.171052	

URL http://cisbp.ccbr.utoronto.ca/TFreport.php?versionNumber=2.00&searchTF=T268972_2.00

MOTIF M01347_2.00 (CTHT_0023490)_(Aspergillus_nidulans)_(DBD_0.66)

letter-probability matrix: alength= 4 w= 10 nsites= 1 E= 0
  0.276614	  0.198864	  0.176377	  0.348146	
  0.415053	  0.107598	  0.357239	  0.120110	
  0.381929	  0.071182	  0.328729	  0.218161	
  0.477788	  0.018342	  0.016431	  0.487440	
  0.074349	  0.549368	  0.163820	  0.212463	
  0.110522	  0.655382	  0.185902	  0.048193	
  0.003526	  0.972880	  0.019111	  0.004483	
  0.000265	  0.984507	  0.015213	  0.000015	
  0.000495	  0.000042	  0.989614	  0.009848	
  0.477462	  0.131431	  0.267330	  0.123777	

URL http://cisbp.ccbr.utoronto.ca/TFreport.php?versionNumber=2.00&searchTF=T365973_2.00

MOTIF M01378_2.00 (CTHT_0044790)_(Aspergillus_nidulans)_(DBD_0.77)

letter-probability matrix: alength= 4 w= 8 nsites= 1 E= 0
  0.221998	  0.231058	  0.337873	  0.209070	
  0.222786	  0.322535	  0.187957	  0.266723	
  0.187996	  0.032669	  0.739830	  0.039505	
  0.000803	  0.993103	  0.000099	  0.005994	
  0.014050	  0.000207	  0.984963	  0.000781	
  0.006205	  0.016369	  0.968168	  0.009257	
  0.923254	  0.012780	  0.022374	  0.041592	
  0.869885	  0.028742	  0.065915	  0.035458	

URL http://cisbp.ccbr.utoronto.ca/TFreport.php?versionNumber=2.00&searchTF=T365995_2.00

MOTIF M01420_2.00 (CTHT_0058750)_(Neurospora_crassa)_(DBD_0.95)

letter-probability matrix: alength= 4 w= 11 nsites= 1 E= 0
  0.246046	  0.255232	  0.244001	  0.254721	
  0.197461	  0.506031	  0.100161	  0.196348	
  0.121770	  0.121877	  0.633470	  0.122883	
  0.599356	  0.096427	  0.105102	  0.199115	
  0.000240	  0.504786	  0.000240	  0.494735	
  0.000240	  0.999281	  0.000240	  0.000240	
  0.000240	  0.096427	  0.903094	  0.000240	
  0.105102	  0.000240	  0.894419	  0.000240	
  0.400629	  0.197681	  0.100381	  0.301309	
  0.249515	  0.252660	  0.347746	  0.150079	
  0.224657	  0.224657	  0.224657	  0.326030	

URL http://cisbp.ccbr.utoronto.ca/TFreport.php?versionNumber=2.00&searchTF=T366008_2.00

MOTIF M01422_2.00 (CTHT_0001980)_(Neurospora_crassa)_(DBD_0.97)

letter-probability matrix: alength= 4 w= 10 nsites= 1 E= 0
  0.232604	  0.262260	  0.320325	  0.184811	
  0.142412	  0.454286	  0.186555	  0.216746	
  0.099948	  0.089537	  0.100952	  0.709563	
  0.006856	  0.987460	  0.004689	  0.000995	
  0.012343	  0.049062	  0.937370	  0.001225	
  0.016865	  0.005785	  0.920794	  0.056556	
  0.386984	  0.278212	  0.198023	  0.136781	
  0.169255	  0.188936	  0.450974	  0.190835	
  0.317482	  0.185012	  0.221500	  0.276006	
  0.312522	  0.146156	  0.084325	  0.456997	

URL http://cisbp.ccbr.utoronto.ca/TFreport.php?versionNumber=2.00&searchTF=T365959_2.00

MOTIF M01424_2.00 (CTHT_0030250)_(Neurospora_crassa)_(DBD_0.92)

letter-probability matrix: alength= 4 w= 12 nsites= 1 E= 0
  0.229430	  0.311710	  0.229430	  0.229430	
  0.156173	  0.348200	  0.238453	  0.257175	
  0.156173	  0.257175	  0.430480	  0.156173	
  0.020639	  0.249349	  0.599469	  0.130544	
  0.089470	  0.372115	  0.183311	  0.355105	
  0.102722	  0.807726	  0.000082	  0.089470	
  0.000082	  0.999753	  0.000082	  0.000082	
  0.000082	  0.192109	  0.807726	  0.000082	
  0.121654	  0.020652	  0.837041	  0.020652	
  0.346292	  0.176136	  0.383662	  0.093909	
  0.203814	  0.379657	  0.322619	  0.093909	
  0.229443	  0.229443	  0.311670	  0.229443	

URL http://cisbp.ccbr.utoronto.ca/TFreport.php?versionNumber=2.00&searchTF=T365979_2.00

MOTIF M01428_2.00 (CTHT_0068480)_(Neurospora_crassa)_(DBD_0.95)

letter-probability matrix: alength= 4 w= 9 nsites= 1 E= 0
  0.277180	  0.125797	  0.101969	  0.495054	
  0.297132	  0.250680	  0.133510	  0.318677	
  0.211741	  0.203439	  0.328772	  0.256048	
  0.124636	  0.345640	  0.381992	  0.147732	
  0.201066	  0.183760	  0.438619	  0.176555	
  0.000248	  0.999628	  0.000096	  0.000028	
  0.000265	  0.976256	  0.023423	  0.000056	
  0.000076	  0.000046	  0.999845	  0.000033	
  0.507847	  0.122754	  0.214902	  0.154498	

URL http://cisbp.ccbr.utoronto.ca/TFreport.php?versionNumber=2.00&searchTF=T366018_2.00

MOTIF M01429_2.00 (CTHT_0033840)_(Neurospora_crassa)_(DBD_1.00)

letter-probability matrix: alength= 4 w= 10 nsites= 1 E= 0
  0.338540	  0.171510	  0.258435	  0.231515	
  0.317862	  0.174446	  0.250039	  0.257654	
  0.238031	  0.247745	  0.240423	  0.273801	
  0.229030	  0.271470	  0.140310	  0.359190	
  0.353404	  0.190112	  0.199859	  0.256624	
  0.004727	  0.985617	  0.000041	  0.009614	
  0.009285	  0.057303	  0.932946	  0.000467	
  0.019531	  0.000179	  0.974581	  0.005709	
  0.881588	  0.038541	  0.058074	  0.021796	
  0.338815	  0.068406	  0.542103	  0.050676	

URL http://cisbp.ccbr.utoronto.ca/TFreport.php?versionNumber=2.00&searchTF=T365986_2.00

MOTIF M01430_2.00 (CTHT_0032940)_(Neurospora_crassa)_(DBD_0.92)

letter-probability matrix: alength= 4 w= 10 nsites= 1 E= 0
  0.210147	  0.310819	  0.204562	  0.274472	
  0.011851	  0.070129	  0.011851	  0.906168	
  0.000012	  0.999964	  0.000012	  0.000012	
  0.000012	  0.884310	  0.000012	  0.115666	
  0.000012	  0.115666	  0.884310	  0.000012	
  0.000012	  0.999964	  0.000012	  0.000012	
  0.000012	  0.000012	  0.999964	  0.000012	
  0.000012	  0.000012	  0.999964	  0.000012	
  0.388247	  0.181144	  0.320143	  0.110467	
  0.238161	  0.238161	  0.285518	  0.238161	

URL http://cisbp.ccbr.utoronto.ca/TFreport.php?versionNumber=2.00&searchTF=T365984_2.00

MOTIF M01447_2.00 (CTHT_0049900)_(Histoplasma_capsulatum)_(DBD_0.96)

letter-probability matrix: alength= 4 w= 9 nsites= 1 E= 0
  0.206440	  0.219205	  0.194417	  0.379938	
  0.329746	  0.175620	  0.313665	  0.180969	
  0.027591	  0.802292	  0.067862	  0.102255	
  0.028927	  0.902134	  0.014080	  0.054859	
  0.003857	  0.992123	  0.003896	  0.000125	
  0.003073	  0.994949	  0.001921	  0.000057	
  0.000483	  0.013239	  0.000758	  0.985519	
  0.082078	  0.078859	  0.537896	  0.301167	
  0.408119	  0.104748	  0.344316	  0.142816	

URL http://cisbp.ccbr.utoronto.ca/TFreport.php?versionNumber=2.00&searchTF=T085176_2.00

MOTIF M01474_2.00 (CTHT_0014240)_(Neurospora_crassa)_(DBD_0.98)

letter-probability matrix: alength= 4 w= 10 nsites= 1 E= 0
  0.182660	  0.313445	  0.223101	  0.280795	
  0.189292	  0.109212	  0.530218	  0.171278	
  0.198474	  0.320749	  0.212865	  0.267912	
  0.293861	  0.334657	  0.195021	  0.176462	
  0.157266	  0.177317	  0.548912	  0.116505	
  0.974295	  0.000972	  0.024088	  0.000645	
  0.003870	  0.000302	  0.000238	  0.995590	
  0.098639	  0.736176	  0.088364	  0.076820	
  0.302958	  0.276883	  0.250534	  0.169626	
  0.173810	  0.307342	  0.232284	  0.286564	

URL http://cisbp.ccbr.utoronto.ca/TFreport.php?versionNumber=2.00&searchTF=T085161_2.00

MOTIF M01557_2.00 (CTHT_0055000)_(Saccharomyces_cerevisiae)_(DBD_0.75)

letter-probability matrix: alength= 4 w= 8 nsites= 1 E= 0
  0.009615	  0.009615	  0.009615	  0.971154	
  0.009615	  0.009615	  0.009615	  0.971154	
  0.971154	  0.009615	  0.009615	  0.009615	
  0.971154	  0.009615	  0.009615	  0.009615	
  0.009615	  0.009615	  0.009615	  0.971154	
  0.971154	  0.009615	  0.009615	  0.009615	
  0.971154	  0.009615	  0.009615	  0.009615	
  0.971154	  0.009615	  0.009615	  0.009615	

URL http://cisbp.ccbr.utoronto.ca/TFreport.php?versionNumber=2.00&searchTF=T253535_2.00

MOTIF M01558_2.00 (CTHT_0012860)_(Saccharomyces_cerevisiae)_(DBD_0.88)

letter-probability matrix: alength= 4 w= 10 nsites= 1 E= 0
  0.112022	  0.583295	  0.081344	  0.223339	
  0.214189	  0.229719	  0.346145	  0.209947	
  0.417547	  0.152079	  0.229155	  0.201220	
  0.584466	  0.060382	  0.129114	  0.226037	
  0.385008	  0.091219	  0.093997	  0.429776	
  0.301324	  0.230024	  0.179143	  0.289509	
  0.257339	  0.273252	  0.284403	  0.185007	
  0.278132	  0.034747	  0.644255	  0.042867	
  0.109929	  0.000794	  0.742363	  0.146913	
  0.392464	  0.185387	  0.181716	  0.240434	

URL http://cisbp.ccbr.utoronto.ca/TFreport.php?versionNumber=2.00&searchTF=T253534_2.00

MOTIF M01566_2.00 (CTHT_0010300)_(Saccharomyces_cerevisiae)_(DBD_0.75)

letter-probability matrix: alength= 4 w= 8 nsites= 1 E= 0
  0.270726	  0.299198	  0.159350	  0.270726	
  0.171103	  0.404343	  0.058690	  0.365865	
  0.701225	  0.048078	  0.204963	  0.045733	
  0.053179	  0.447494	  0.090348	  0.408979	
  0.407307	  0.049381	  0.055677	  0.487635	
  0.525518	  0.097943	  0.128302	  0.248237	
  0.510778	  0.094249	  0.117441	  0.277532	
  0.343791	  0.175921	  0.275898	  0.204391	

URL http://cisbp.ccbr.utoronto.ca/TFreport.php?versionNumber=2.00&searchTF=T327268_2.00

MOTIF M01567_2.00 (CTHT_0042720)_(Saccharomyces_cerevisiae)_(DBD_0.91)

letter-probability matrix: alength= 4 w= 7 nsites= 1 E= 0
  0.315311	  0.189343	  0.207174	  0.288172	
  0.345705	  0.141966	  0.211788	  0.300541	
  0.271982	  0.110580	  0.155359	  0.462079	
  0.583542	  0.000869	  0.110954	  0.304636	
  0.219565	  0.006434	  0.188981	  0.585020	
  0.934996	  0.000354	  0.051964	  0.012687	
  0.422777	  0.000471	  0.095282	  0.481470	

URL http://cisbp.ccbr.utoronto.ca/TFreport.php?versionNumber=2.00&searchTF=T342233_2.00

MOTIF M01649_2.00 (CTHT_0051480)_(Aspergillus_nidulans)_(DBD_0.85)

letter-probability matrix: alength= 4 w= 10 nsites= 1 E= 0
  0.159319	  0.403796	  0.210800	  0.226085	
  0.259571	  0.353906	  0.194228	  0.192295	
  0.061610	  0.194576	  0.000720	  0.743094	
  0.155603	  0.015916	  0.740485	  0.087997	
  0.004192	  0.882855	  0.003755	  0.109198	
  0.810654	  0.030810	  0.087168	  0.071367	
  0.035236	  0.068175	  0.299490	  0.597098	
  0.343722	  0.179439	  0.326959	  0.149880	
  0.293030	  0.206495	  0.131667	  0.368808	
  0.327019	  0.212729	  0.249640	  0.210612	

URL http://cisbp.ccbr.utoronto.ca/TFreport.php?versionNumber=2.00&searchTF=T011851_2.00

MOTIF M01669_2.00 (CTHT_0027590)_(Neurospora_crassa)_(DBD_0.89)

letter-probability matrix: alength= 4 w= 8 nsites= 1 E= 0
  0.327371	  0.206664	  0.278967	  0.186997	
  0.090243	  0.314980	  0.037808	  0.556969	
  0.768095	  0.014210	  0.120773	  0.096923	
  0.116745	  0.111051	  0.072966	  0.699238	
  0.248575	  0.418109	  0.163325	  0.169991	
  0.313613	  0.190216	  0.256765	  0.239406	
  0.283505	  0.241587	  0.275126	  0.199782	
  0.264086	  0.231893	  0.272129	  0.231893	

URL http://cisbp.ccbr.utoronto.ca/TFreport.php?versionNumber=2.00&searchTF=T014385_2.00

MOTIF M01670_2.00 (CTHT_0044130)_(Neurospora_crassa)_(DBD_0.93)

letter-probability matrix: alength= 4 w= 8 nsites= 1 E= 0
  0.497525	  0.250000	  0.002475	  0.250000	
  0.992574	  0.002475	  0.002475	  0.002475	
  0.992574	  0.002475	  0.002475	  0.002475	
  0.992574	  0.002475	  0.002475	  0.002475	
  0.002475	  0.002475	  0.002475	  0.992574	
  0.002475	  0.002475	  0.002475	  0.992574	
  0.002475	  0.002475	  0.002475	  0.992574	
  0.332237	  0.003289	  0.332237	  0.332237	

URL http://cisbp.ccbr.utoronto.ca/TFreport.php?versionNumber=2.00&searchTF=T014386_2.00

MOTIF M01762_2.00 (CTHT_0009920)_(Neurospora_crassa)_(DBD_0.94)

letter-probability matrix: alength= 4 w= 10 nsites= 1 E= 0
  0.372697	  0.131267	  0.368992	  0.127044	
  0.132630	  0.120618	  0.150348	  0.596405	
  0.053806	  0.833998	  0.040004	  0.072192	
  0.860550	  0.014337	  0.062962	  0.062150	
  0.049765	  0.733895	  0.036448	  0.179892	
  0.179892	  0.036448	  0.733895	  0.049765	
  0.062150	  0.062962	  0.014337	  0.860550	
  0.072192	  0.040004	  0.833998	  0.053806	
  0.596405	  0.150348	  0.120618	  0.132630	
  0.127044	  0.368992	  0.131267	  0.372697	

URL http://cisbp.ccbr.utoronto.ca/TFreport.php?versionNumber=2.00&searchTF=T032499_2.00

MOTIF M01763_2.00 (CTHT_0009000)_(Neurospora_crassa)_(DBD_0.96)

letter-probability matrix: alength= 4 w= 9 nsites= 1 E= 0
  0.234551	  0.267114	  0.256640	  0.241695	
  0.183174	  0.652254	  0.070841	  0.093731	
  0.485425	  0.065041	  0.300373	  0.149161	
  0.010186	  0.889792	  0.020105	  0.079917	
  0.237638	  0.011714	  0.750505	  0.000144	
  0.045671	  0.018384	  0.000093	  0.935853	
  0.000510	  0.000044	  0.939955	  0.059491	
  0.100496	  0.206462	  0.533850	  0.159193	
  0.193468	  0.331993	  0.205431	  0.269108	

URL http://cisbp.ccbr.utoronto.ca/TFreport.php?versionNumber=2.00&searchTF=T032498_2.00

MOTIF M01791_2.00 (CTHT_0015600)_(Aspergillus_nidulans)_(DBD_0.73)

letter-probability matrix: alength= 4 w= 9 nsites= 1 E= 0
  0.248440	  0.175072	  0.312686	  0.263802	
  0.348841	  0.201264	  0.236185	  0.213709	
  0.250961	  0.137730	  0.144792	  0.466518	
  0.192616	  0.159285	  0.330530	  0.317569	
  0.547798	  0.306711	  0.100074	  0.045418	
  0.083480	  0.792037	  0.004829	  0.119654	
  0.161924	  0.013834	  0.778312	  0.045930	
  0.238359	  0.306059	  0.081759	  0.373822	
  0.313093	  0.147894	  0.356559	  0.182454	

URL http://cisbp.ccbr.utoronto.ca/TFreport.php?versionNumber=2.00&searchTF=T058608_2.00

MOTIF M01793_2.00 (CTHT_0032650)_(Aspergillus_nidulans)_(DBD_0.72)

letter-probability matrix: alength= 4 w= 10 nsites= 1 E= 0
  0.145649	  0.150084	  0.513473	  0.190794	
  0.418917	  0.431675	  0.089808	  0.059601	
  0.005884	  0.000005	  0.066837	  0.927274	
  0.023022	  0.048253	  0.291916	  0.636808	
  0.986170	  0.000006	  0.013788	  0.000036	
  0.019732	  0.609267	  0.192916	  0.178084	
  0.220193	  0.096015	  0.341896	  0.341896	
  0.331651	  0.171414	  0.040209	  0.456726	
  0.667716	  0.100873	  0.129524	  0.101887	
  0.435821	  0.122392	  0.214269	  0.227518	

URL http://cisbp.ccbr.utoronto.ca/TFreport.php?versionNumber=2.00&searchTF=T058613_2.00

MOTIF M01833_2.00 (CTHT_0022340)_(Neurospora_crassa)_(DBD_0.98)

letter-probability matrix: alength= 4 w= 8 nsites= 1 E= 0
  0.071937	  0.071937	  0.071937	  0.784188	
  0.945903	  0.000525	  0.053046	  0.000525	
  0.053046	  0.893382	  0.000525	  0.053046	
  0.000525	  0.053046	  0.945903	  0.000525	
  0.000525	  0.000525	  0.000525	  0.998424	
  0.893382	  0.053046	  0.000525	  0.053046	
  0.998424	  0.000525	  0.000525	  0.000525	
  0.077454	  0.154141	  0.077454	  0.690951	

URL http://cisbp.ccbr.utoronto.ca/TFreport.php?versionNumber=2.00&searchTF=T058610_2.00

MOTIF M01869_2.00 (CTHT_0023530)_(Neurospora_crassa)_(DBD_0.98)

letter-probability matrix: alength= 4 w= 9 nsites= 1 E= 0
  0.232303	  0.278117	  0.301280	  0.188301	
  0.240892	  0.258359	  0.229144	  0.271605	
  0.317587	  0.033810	  0.544981	  0.103622	
  0.055537	  0.818146	  0.057803	  0.068514	
  0.078988	  0.828236	  0.092693	  0.000083	
  0.095690	  0.513429	  0.063505	  0.327377	
  0.399263	  0.104545	  0.340229	  0.155963	
  0.625925	  0.065316	  0.208352	  0.100407	
  0.187361	  0.344824	  0.185496	  0.282318	

URL http://cisbp.ccbr.utoronto.ca/TFreport.php?versionNumber=2.00&searchTF=T085167_2.00

MOTIF M01880_2.00 (CTHT_0043110)_(Neurospora_crassa)_(DBD_0.85)

letter-probability matrix: alength= 4 w= 10 nsites= 1 E= 0
  0.234625	  0.186417	  0.195975	  0.382982	
  0.402301	  0.190033	  0.158729	  0.248937	
  0.051863	  0.870097	  0.044639	  0.033402	
  0.050910	  0.692328	  0.033117	  0.223645	
  0.035818	  0.827543	  0.107604	  0.029034	
  0.018683	  0.970314	  0.001818	  0.009185	
  0.469660	  0.032201	  0.347933	  0.150206	
  0.256290	  0.570383	  0.052264	  0.121063	
  0.399739	  0.198504	  0.159303	  0.242454	
  0.162794	  0.299611	  0.192960	  0.344635	

URL http://cisbp.ccbr.utoronto.ca/TFreport.php?versionNumber=2.00&searchTF=T085174_2.00

MOTIF M01888_2.00 (CTHT_0023000)_(Neurospora_crassa)_(DBD_0.96)

letter-probability matrix: alength= 4 w= 10 nsites= 1 E= 0
  0.230330	  0.239730	  0.206338	  0.323602	
  0.349754	  0.229805	  0.261708	  0.158734	
  0.116537	  0.733778	  0.065904	  0.083781	
  0.048500	  0.899247	  0.042164	  0.010090	
  0.047304	  0.885891	  0.065798	  0.001007	
  0.034535	  0.964849	  0.000217	  0.000399	
  0.354320	  0.029970	  0.441510	  0.174199	
  0.018674	  0.979590	  0.000218	  0.001518	
  0.239927	  0.308073	  0.230520	  0.221481	
  0.227471	  0.295014	  0.207893	  0.269622	

URL http://cisbp.ccbr.utoronto.ca/TFreport.php?versionNumber=2.00&searchTF=T085165_2.00

MOTIF M01889_2.00 (CTHT_0018750)_(Neurospora_crassa)_(DBD_0.92)

letter-probability matrix: alength= 4 w= 10 nsites= 1 E= 0
  0.124153	  0.602759	  0.078376	  0.194711	
  0.095496	  0.644891	  0.109846	  0.149767	
  0.507539	  0.310932	  0.065995	  0.115535	
  0.176187	  0.018021	  0.805566	  0.000226	
  0.001317	  0.997902	  0.000020	  0.000760	
  0.033539	  0.927699	  0.032875	  0.005887	
  0.461789	  0.250913	  0.081868	  0.205430	
  0.073267	  0.688221	  0.056493	  0.182019	
  0.218753	  0.398594	  0.170365	  0.212288	
  0.195323	  0.322034	  0.173236	  0.309407	

URL http://cisbp.ccbr.utoronto.ca/TFreport.php?versionNumber=2.00&searchTF=T085164_2.00

MOTIF M01890_2.00 (CTHT_0031440)_(Neurospora_crassa)_(DBD_0.90)

letter-probability matrix: alength= 4 w= 9 nsites= 1 E= 0
  0.139493	  0.644202	  0.059028	  0.157278	
  0.296341	  0.087489	  0.081574	  0.534596	
  0.231240	  0.296918	  0.315279	  0.156563	
  0.456611	  0.443116	  0.004322	  0.095950	
  0.013386	  0.000000	  0.986535	  0.000079	
  0.000000	  0.999883	  0.000000	  0.000117	
  0.184719	  0.811461	  0.000402	  0.003417	
  0.462362	  0.136503	  0.094288	  0.306847	
  0.079462	  0.599012	  0.057701	  0.263824	

URL http://cisbp.ccbr.utoronto.ca/TFreport.php?versionNumber=2.00&searchTF=T085171_2.00

MOTIF M01892_2.00 (CTHT_0059610)_(Neurospora_crassa)_(DBD_0.87)

letter-probability matrix: alength= 4 w= 10 nsites= 1 E= 0
  0.278551	  0.219116	  0.237366	  0.264966	
  0.245793	  0.220190	  0.300212	  0.233805	
  0.283666	  0.269831	  0.199896	  0.246607	
  0.199424	  0.140532	  0.211756	  0.448288	
  0.136535	  0.014106	  0.801580	  0.047779	
  0.013255	  0.948033	  0.020997	  0.017715	
  0.017069	  0.979689	  0.001333	  0.001910	
  0.000212	  0.000053	  0.000032	  0.999703	
  0.286954	  0.088175	  0.225726	  0.399144	
  0.306440	  0.227016	  0.261131	  0.205413	

URL http://cisbp.ccbr.utoronto.ca/TFreport.php?versionNumber=2.00&searchTF=T085182_2.00

MOTIF M01895_2.00 (CTHT_0074360)_(Neurospora_crassa)_(DBD_0.81)

letter-probability matrix: alength= 4 w= 10 nsites= 1 E= 0
  0.344037	  0.159343	  0.260886	  0.235734	
  0.420850	  0.150195	  0.213352	  0.215603	
  0.307388	  0.159709	  0.183428	  0.349475	
  0.176238	  0.042337	  0.774989	  0.006437	
  0.000000	  0.227118	  0.000003	  0.772878	
  0.069065	  0.285816	  0.615650	  0.029469	
  0.083207	  0.056289	  0.794062	  0.066442	
  0.152358	  0.030931	  0.711245	  0.105465	
  0.509784	  0.090224	  0.284009	  0.115982	
  0.155783	  0.116277	  0.288751	  0.439188	

URL http://cisbp.ccbr.utoronto.ca/TFreport.php?versionNumber=2.00&searchTF=T158408_2.00

MOTIF M01899_2.00 (CTHT_0024110)_(Neurospora_crassa)_(DBD_0.85)

letter-probability matrix: alength= 4 w= 8 nsites= 1 E= 0
  0.231768	  0.294635	  0.169989	  0.303608	
  0.395415	  0.053514	  0.428348	  0.122724	
  0.062550	  0.031374	  0.195579	  0.710497	
  0.048815	  0.896093	  0.001679	  0.053412	
  0.928803	  0.004544	  0.030997	  0.035655	
  0.059153	  0.880185	  0.004954	  0.055708	
  0.447040	  0.156436	  0.268445	  0.128079	
  0.193758	  0.332490	  0.178861	  0.294892	

URL http://cisbp.ccbr.utoronto.ca/TFreport.php?versionNumber=2.00&searchTF=T161334_2.00

MOTIF M01991_2.00 (CTHT_0027300)_(Neurospora_crassa)_(DBD_0.79)

letter-probability matrix: alength= 4 w= 12 nsites= 1 E= 0
  0.325852	  0.224716	  0.224716	  0.224716	
  0.224716	  0.224716	  0.224716	  0.325852	
  0.320320	  0.126731	  0.230111	  0.322838	
  0.150068	  0.054508	  0.740916	  0.054508	
  0.110630	  0.000255	  0.000255	  0.888861	
  0.802598	  0.101332	  0.000255	  0.095815	
  0.999235	  0.000255	  0.000255	  0.000255	
  0.898099	  0.000255	  0.000255	  0.101392	
  0.025539	  0.521340	  0.025539	  0.427581	
  0.923383	  0.025539	  0.025539	  0.025539	
  0.438479	  0.218912	  0.123524	  0.219085	
  0.412759	  0.195747	  0.195747	  0.195747	

URL http://cisbp.ccbr.utoronto.ca/TFreport.php?versionNumber=2.00&searchTF=T184983_2.00

MOTIF M01993_2.00 (CTHT_0074260)_(Neurospora_crassa)_(DBD_0.73)

letter-probability matrix: alength= 4 w= 10 nsites= 1 E= 0
  0.227337	  0.227337	  0.227337	  0.317989	
  0.358861	  0.170204	  0.298544	  0.172391	
  0.484493	  0.000117	  0.515274	  0.000117	
  0.000117	  0.999650	  0.000117	  0.000117	
  0.999650	  0.000117	  0.000117	  0.000117	
  0.999650	  0.000117	  0.000117	  0.000117	
  0.999650	  0.000117	  0.000117	  0.000117	
  0.000117	  0.999650	  0.000117	  0.000117	
  0.931661	  0.022780	  0.022780	  0.022780	
  0.168823	  0.298703	  0.256580	  0.275894	

URL http://cisbp.ccbr.utoronto.ca/TFreport.php?versionNumber=2.00&searchTF=T184985_2.00

MOTIF M02223_2.00 (CTHT_0059940)_(Neurospora_crassa)_(DBD_0.93)

letter-probability matrix: alength= 4 w= 9 nsites= 1 E= 0
  0.265408	  0.217298	  0.162596	  0.354698	
  0.336337	  0.132703	  0.197970	  0.332990	
  0.204259	  0.198222	  0.069365	  0.528154	
  0.832928	  0.038281	  0.105104	  0.023687	
  0.054677	  0.202641	  0.139971	  0.602711	
  0.130133	  0.218887	  0.158944	  0.492037	
  0.180386	  0.122132	  0.525894	  0.171589	
  0.304406	  0.190254	  0.343216	  0.162124	
  0.238270	  0.309020	  0.164581	  0.288128	

URL http://cisbp.ccbr.utoronto.ca/TFreport.php?versionNumber=2.00&searchTF=T206327_2.00

MOTIF M02224_2.00 (CTHT_0056810)_(Neurospora_crassa)_(DBD_0.82)

letter-probability matrix: alength= 4 w= 10 nsites= 1 E= 0
  0.167595	  0.270847	  0.354799	  0.206759	
  0.228200	  0.217070	  0.273205	  0.281525	
  0.091943	  0.145644	  0.165863	  0.596550	
  0.426137	  0.024161	  0.029217	  0.520485	
  0.611844	  0.034004	  0.137893	  0.216259	
  0.965123	  0.001720	  0.027447	  0.005710	
  0.055823	  0.041355	  0.293593	  0.609229	
  0.147332	  0.064244	  0.247817	  0.540606	
  0.271480	  0.078562	  0.569004	  0.080955	
  0.162588	  0.293307	  0.399902	  0.144203	

URL http://cisbp.ccbr.utoronto.ca/TFreport.php?versionNumber=2.00&searchTF=T206326_2.00

MOTIF M02225_2.00 (CTHT_0069620)_(Neurospora_crassa)_(DBD_0.90)

letter-probability matrix: alength= 4 w= 8 nsites= 1 E= 0
  0.209810	  0.248689	  0.243765	  0.297735	
