MEME version 4

ALPHABET= ACGT

strands: + -

Background letter frequencies (from uniform background):
A 0.25000 C 0.25000 G 0.25000 T 0.25000 

MOTIF M00008_2.00 (CHGG_00654)_(Saccharomyces_cerevisiae)_(DBD_0.50)

letter-probability matrix: alength= 4 w= 7 nsites= 1 E= 0
  0.282959	  0.248465	  0.245993	  0.222583	
  0.316659	  0.184532	  0.236944	  0.261864	
  0.377778	  0.112652	  0.209413	  0.300157	
  0.616393	  0.068985	  0.111484	  0.203138	
  0.675764	  0.042770	  0.063171	  0.218294	
  0.326032	  0.133887	  0.082023	  0.458058	
  0.321153	  0.137266	  0.112384	  0.429198	

URL http://cisbp.ccbr.utoronto.ca/TFreport.php?versionNumber=2.00&searchTF=T017316_2.00

MOTIF M00045_2.00 (CHGG_03006)_(Saccharomyces_cerevisiae)_(DBD_0.62)

letter-probability matrix: alength= 4 w= 8 nsites= 1 E= 0
  0.222345	  0.001106	  0.775442	  0.001106	
  0.001106	  0.001106	  0.001106	  0.996681	
  0.996681	  0.001106	  0.001106	  0.001106	
  0.996681	  0.001106	  0.001106	  0.001106	
  0.996681	  0.001106	  0.001106	  0.001106	
  0.001106	  0.886062	  0.001106	  0.111726	
  0.996681	  0.001106	  0.001106	  0.001106	
  0.597222	  0.200397	  0.001984	  0.200397	

URL http://cisbp.ccbr.utoronto.ca/TFreport.php?versionNumber=2.00&searchTF=T184855_2.00

MOTIF M00051_2.00 (CHGG_03821)_(Saccharomyces_cerevisiae)_(DBD_0.83)

letter-probability matrix: alength= 4 w= 8 nsites= 1 E= 0
  0.270248	  0.432235	  0.000270	  0.297246	
  0.000196	  0.000196	  0.999412	  0.000196	
  0.999424	  0.000192	  0.000192	  0.000192	
  0.000192	  0.000192	  0.000192	  0.999424	
  0.980208	  0.000192	  0.019408	  0.000192	
  0.940635	  0.000196	  0.000196	  0.058973	
  0.022934	  0.113760	  0.840372	  0.022934	
  0.344697	  0.241391	  0.241391	  0.172521	

URL http://cisbp.ccbr.utoronto.ca/TFreport.php?versionNumber=2.00&searchTF=T192248_2.00

MOTIF M00060_2.00 (CHGG_10171)_(Saccharomyces_cerevisiae)_(DBD_0.44)

letter-probability matrix: alength= 4 w= 9 nsites= 1 E= 0
  0.320154	  0.181055	  0.206191	  0.292599	
  0.231700	  0.238756	  0.197442	  0.332102	
  0.223589	  0.242212	  0.287095	  0.247105	
  0.161512	  0.025143	  0.029212	  0.784133	
  0.138264	  0.051376	  0.075881	  0.734480	
  0.092315	  0.709959	  0.122145	  0.075581	
  0.148989	  0.381409	  0.144586	  0.325016	
  0.473500	  0.149928	  0.202381	  0.174191	
  0.182247	  0.285820	  0.153755	  0.378177	

URL http://cisbp.ccbr.utoronto.ca/TFreport.php?versionNumber=2.00&searchTF=T239980_2.00

MOTIF M00061_2.00 (CHGG_00398)_(Saccharomyces_cerevisiae)_(DBD_0.62)

letter-probability matrix: alength= 4 w= 8 nsites= 1 E= 0
  0.726984	  0.045578	  0.075863	  0.151575	
  0.056906	  0.193208	  0.068264	  0.681622	
  0.064288	  0.064288	  0.871332	  0.000092	
  0.000090	  0.000090	  0.999730	  0.000090	
  0.000090	  0.972713	  0.027107	  0.000090	
  0.000090	  0.963707	  0.009096	  0.027107	
  0.586810	  0.119622	  0.293459	  0.000109	
  0.142918	  0.057253	  0.742576	  0.057253	

URL http://cisbp.ccbr.utoronto.ca/TFreport.php?versionNumber=2.00&searchTF=T239979_2.00

MOTIF M00070_2.00 (CHGG_08188)_(Saccharomyces_cerevisiae)_(DBD_0.45)

letter-probability matrix: alength= 4 w= 11 nsites= 1 E= 0
  0.268573	  0.272224	  0.178881	  0.280322	
  0.509793	  0.098806	  0.292595	  0.098806	
  0.848016	  0.050661	  0.050661	  0.050661	
  0.999893	  0.000036	  0.000036	  0.000036	
  0.000036	  0.903786	  0.000036	  0.096142	
  0.903786	  0.000036	  0.000036	  0.096142	
  0.999893	  0.000036	  0.000036	  0.000036	
  0.000036	  0.000036	  0.000036	  0.999893	
  0.591260	  0.071155	  0.071155	  0.266431	
  0.345743	  0.151230	  0.257625	  0.245401	
  0.199374	  0.199374	  0.199374	  0.401877	

URL http://cisbp.ccbr.utoronto.ca/TFreport.php?versionNumber=2.00&searchTF=T327051_2.00

MOTIF M00102_2.00 (CHGG_00728)_(Saccharomyces_cerevisiae)_(DBD_0.70)

letter-probability matrix: alength= 4 w= 9 nsites= 1 E= 0
  0.230826	  0.235489	  0.240247	  0.293438	
  0.234897	  0.237257	  0.278424	  0.249422	
  0.263068	  0.265712	  0.202839	  0.268382	
  0.094644	  0.692371	  0.066031	  0.146954	
  0.000084	  0.999903	  0.000001	  0.000012	
  0.000730	  0.068439	  0.930712	  0.000118	
  0.001227	  0.000063	  0.986717	  0.011994	
  0.700294	  0.116921	  0.159413	  0.023371	
  0.335031	  0.152052	  0.297146	  0.215772	

URL http://cisbp.ccbr.utoronto.ca/TFreport.php?versionNumber=2.00&searchTF=T363946_2.00

MOTIF M00160_2.00 (CHGG_03283)_(Mus_musculus)_(DBD_0.57)

letter-probability matrix: alength= 4 w= 10 nsites= 1 E= 0
  0.272342	  0.213287	  0.238265	  0.276106	
  0.383328	  0.071216	  0.521888	  0.023568	
  0.117428	  0.105265	  0.021002	  0.756305	
  0.834939	  0.152266	  0.000007	  0.012788	
  0.908292	  0.059096	  0.002967	  0.029645	
  0.977393	  0.014489	  0.001628	  0.006490	
  0.001282	  0.843632	  0.000001	  0.155085	
  0.965165	  0.012083	  0.006831	  0.015922	
  0.479654	  0.164189	  0.114694	  0.241463	
  0.417043	  0.185221	  0.142285	  0.255451	

URL http://cisbp.ccbr.utoronto.ca/TFreport.php?versionNumber=2.00&searchTF=T184856_2.00

MOTIF M01102_2.00 (CHGG_05230)_(PBM_CONSTRUCTS)_(DBD_0.42)

letter-probability matrix: alength= 4 w= 8 nsites= 1 E= 0
  0.520400	  0.150739	  0.150739	  0.178122	
  0.168349	  0.386085	  0.237629	  0.207937	
  0.828862	  0.000085	  0.162423	  0.008630	
  0.000085	  0.999744	  0.000085	  0.000085	
  0.000085	  0.000085	  0.982656	  0.017174	
  0.008630	  0.957023	  0.000085	  0.034262	
  0.008630	  0.017174	  0.965567	  0.008630	
  0.562344	  0.150050	  0.000125	  0.287481	

URL http://cisbp.ccbr.utoronto.ca/TFreport.php?versionNumber=2.00&searchTF=T011796_2.00

MOTIF M01104_2.00 (CHGG_02028)_(Fusarium_graminearum)_(DBD_0.58)

letter-probability matrix: alength= 4 w= 10 nsites= 1 E= 0
  0.275242	  0.208023	  0.170315	  0.346420	
  0.354896	  0.194771	  0.226292	  0.224040	
  0.393688	  0.199449	  0.175135	  0.231727	
  0.446255	  0.101584	  0.226080	  0.226080	
  0.369831	  0.085888	  0.123106	  0.421174	
  0.504457	  0.044857	  0.076975	  0.373711	
  0.796844	  0.000336	  0.000336	  0.202484	
  0.605595	  0.000062	  0.000397	  0.393945	
  0.296896	  0.000116	  0.028887	  0.674102	
  0.306380	  0.261080	  0.107214	  0.325326	

URL http://cisbp.ccbr.utoronto.ca/TFreport.php?versionNumber=2.00&searchTF=T017318_2.00

MOTIF M01137_2.00 (CHGG_06554)_(Aspergillus_nidulans)_(DBD_0.63)

letter-probability matrix: alength= 4 w= 10 nsites= 1 E= 0
  0.082192	  0.159024	  0.560627	  0.198156	
  0.399052	  0.492301	  0.065306	  0.043341	
  0.000135	  0.000379	  0.036950	  0.962536	
  0.006288	  0.063346	  0.323312	  0.607054	
  0.936896	  0.000420	  0.054739	  0.007945	
  0.032096	  0.543875	  0.256908	  0.167121	
  0.203011	  0.121907	  0.293906	  0.381176	
  0.429329	  0.154814	  0.042616	  0.373241	
  0.724723	  0.092369	  0.090540	  0.092369	
  0.385035	  0.115970	  0.205067	  0.293928	

URL http://cisbp.ccbr.utoronto.ca/TFreport.php?versionNumber=2.00&searchTF=T058192_2.00

MOTIF M01145_2.00 (CHGG_05948)_(Neurospora_crassa)_(DBD_0.75)

letter-probability matrix: alength= 4 w= 11 nsites= 1 E= 0
  0.304921	  0.231693	  0.231693	  0.231693	
  0.340005	  0.274032	  0.110671	  0.275291	
  0.059989	  0.582299	  0.224609	  0.133103	
  0.999749	  0.000084	  0.000084	  0.000084	
  0.000084	  0.999749	  0.000084	  0.000084	
  0.000084	  0.000084	  0.999749	  0.000084	
  0.000084	  0.000084	  0.000084	  0.999749	
  0.000084	  0.072312	  0.927521	  0.000084	
  0.090619	  0.018390	  0.272188	  0.618803	
  0.139412	  0.581764	  0.139412	  0.139412	
  0.351444	  0.190094	  0.268368	  0.190094	

URL http://cisbp.ccbr.utoronto.ca/TFreport.php?versionNumber=2.00&searchTF=T058191_2.00

MOTIF M01147_2.00 (CHGG_00632)_(Neurospora_crassa)_(DBD_0.71)

letter-probability matrix: alength= 4 w= 10 nsites= 1 E= 0
  0.256344	  0.201648	  0.261523	  0.280485	
  0.466416	  0.147685	  0.263770	  0.122129	
  0.056276	  0.045162	  0.000477	  0.898085	
  0.076513	  0.037995	  0.643848	  0.241643	
  0.796372	  0.031502	  0.085633	  0.086493	
  0.072044	  0.711432	  0.042832	  0.173691	
  0.178754	  0.047276	  0.689532	  0.084438	
  0.163925	  0.196254	  0.078997	  0.560825	
  0.373050	  0.284779	  0.165954	  0.176216	
  0.318316	  0.178225	  0.258022	  0.245438	

URL http://cisbp.ccbr.utoronto.ca/TFreport.php?versionNumber=2.00&searchTF=T058184_2.00

MOTIF M01150_2.00 (CHGG_00650)_(Neurospora_crassa)_(DBD_0.78)

letter-probability matrix: alength= 4 w= 12 nsites= 1 E= 0
  0.308212	  0.230596	  0.230596	  0.230596	
  0.308212	  0.230596	  0.230596	  0.230596	
  0.230596	  0.230596	  0.308212	  0.230596	
  0.422541	  0.304679	  0.097453	  0.175327	
  0.000143	  0.000143	  0.078017	  0.921698	
  0.000143	  0.000143	  0.216516	  0.783199	
  0.999572	  0.000143	  0.000143	  0.000143	
  0.000143	  0.921698	  0.000143	  0.078017	
  0.097421	  0.019547	  0.207898	  0.675135	
  0.675135	  0.097421	  0.019547	  0.207898	
  0.941360	  0.019547	  0.019547	  0.019547	
  0.243435	  0.152690	  0.235950	  0.367926	

URL http://cisbp.ccbr.utoronto.ca/TFreport.php?versionNumber=2.00&searchTF=T058185_2.00

MOTIF M01178_2.00 (CHGG_05934)_(Histoplasma_capsulatum)_(DBD_0.83)

letter-probability matrix: alength= 4 w= 10 nsites= 1 E= 0
  0.416285	  0.183345	  0.380456	  0.019913	
  0.664279	  0.131460	  0.026808	  0.177452	
  0.000106	  0.000010	  0.010353	  0.989531	
  0.000620	  0.973878	  0.000190	  0.025312	
  0.016845	  0.966850	  0.016184	  0.000121	
  0.104347	  0.160408	  0.116480	  0.618764	
  0.257094	  0.157503	  0.216902	  0.368501	
  0.148690	  0.446689	  0.164328	  0.240294	
  0.250703	  0.271583	  0.266205	  0.211509	
  0.284612	  0.223884	  0.265370	  0.226134	

URL http://cisbp.ccbr.utoronto.ca/TFreport.php?versionNumber=2.00&searchTF=T083706_2.00

MOTIF M01186_2.00 (CHGG_05487)_(Schizosaccharomyces_pombe)_(DBD_0.74)

letter-probability matrix: alength= 4 w= 10 nsites= 1 E= 0
  0.256395	  0.163485	  0.193779	  0.386341	
  0.391732	  0.188779	  0.204502	  0.214987	
  0.022499	  0.937723	  0.013111	  0.026668	
  0.007099	  0.880037	  0.004015	  0.108849	
  0.000048	  0.996330	  0.002545	  0.001077	
  0.006410	  0.990227	  0.000453	  0.002909	
  0.208754	  0.040494	  0.529089	  0.221663	
  0.056743	  0.896529	  0.002093	  0.044636	
  0.382669	  0.216409	  0.131259	  0.269663	
  0.165510	  0.379566	  0.141038	  0.313886	

URL http://cisbp.ccbr.utoronto.ca/TFreport.php?versionNumber=2.00&searchTF=T083703_2.00

MOTIF M01191_2.00 (CHGG_10292)_(Neurospora_crassa)_(DBD_0.90)

letter-probability matrix: alength= 4 w= 8 nsites= 1 E= 0
  0.071641	  0.138611	  0.023375	  0.766373	
  0.226285	  0.003260	  0.714653	  0.055801	
  0.016784	  0.692578	  0.000482	  0.290156	
  0.014487	  0.000146	  0.956484	  0.028883	
  0.013726	  0.698763	  0.286951	  0.000560	
  0.000324	  0.993943	  0.000305	  0.005429	
  0.227321	  0.072702	  0.605688	  0.094289	
  0.030195	  0.718877	  0.064566	  0.186362	

URL http://cisbp.ccbr.utoronto.ca/TFreport.php?versionNumber=2.00&searchTF=T083720_2.00

MOTIF M01192_2.00 (CHGG_02836)_(Neurospora_crassa)_(DBD_0.87)

letter-probability matrix: alength= 4 w= 8 nsites= 1 E= 0
  0.238098	  0.442125	  0.231298	  0.088479	
  0.005803	  0.971099	  0.005803	  0.017295	
  0.000055	  0.933916	  0.000055	  0.065975	
  0.000055	  0.988849	  0.000055	  0.011042	
  0.005548	  0.884476	  0.000055	  0.109921	
  0.022150	  0.016626	  0.011103	  0.950122	
  0.246270	  0.000075	  0.447702	  0.305953	
  0.547243	  0.042193	  0.147412	  0.263152	

URL http://cisbp.ccbr.utoronto.ca/TFreport.php?versionNumber=2.00&searchTF=T083695_2.00

MOTIF M01193_2.00 (CHGG_05964)_(Neurospora_crassa)_(DBD_0.96)

letter-probability matrix: alength= 4 w= 10 nsites= 1 E= 0
  0.171974	  0.307153	  0.259134	  0.261738	
  0.176120	  0.141339	  0.539781	  0.142760	
  0.201468	  0.325587	  0.241201	  0.231743	
  0.242179	  0.354135	  0.186733	  0.216953	
  0.187486	  0.174811	  0.494579	  0.143123	
  0.781029	  0.071565	  0.138464	  0.008941	
  0.008899	  0.010236	  0.050195	  0.930671	
  0.046751	  0.849653	  0.086906	  0.016690	
  0.257316	  0.290123	  0.290123	  0.162439	
  0.191340	  0.312327	  0.250648	  0.245685	

URL http://cisbp.ccbr.utoronto.ca/TFreport.php?versionNumber=2.00&searchTF=T083707_2.00

MOTIF M01198_2.00 (CHGG_03907)_(Neurospora_crassa)_(DBD_0.91)

letter-probability matrix: alength= 4 w= 8 nsites= 1 E= 0
  0.008032	  0.985829	  0.000534	  0.005604	
  0.000361	  0.758996	  0.000317	  0.240326	
  0.065429	  0.872155	  0.039290	  0.023126	
  0.000001	  0.999660	  0.000134	  0.000205	
  0.499172	  0.000032	  0.489288	  0.011507	
  0.139979	  0.376715	  0.252520	  0.230786	
  0.284498	  0.230610	  0.244870	  0.240021	
  0.280918	  0.298289	  0.261926	  0.158866	

URL http://cisbp.ccbr.utoronto.ca/TFreport.php?versionNumber=2.00&searchTF=T083700_2.00

MOTIF M01273_2.00 (CHGG_06463)_(Neurospora_crassa)_(DBD_0.83)

letter-probability matrix: alength= 4 w= 7 nsites= 1 E= 0
  0.469028	  0.000123	  0.000123	  0.530726	
  0.999727	  0.000091	  0.000091	  0.000091	
  0.027354	  0.972465	  0.000091	  0.000091	
  0.000091	  0.999727	  0.000091	  0.000091	
  0.000091	  0.999727	  0.000091	  0.000091	
  0.972212	  0.027605	  0.000092	  0.000092	
  0.012942	  0.371732	  0.269221	  0.346105	

URL http://cisbp.ccbr.utoronto.ca/TFreport.php?versionNumber=2.00&searchTF=T268668_2.00

MOTIF M01274_2.00 (CHGG_05536)_(Neurospora_crassa)_(DBD_0.94)

letter-probability matrix: alength= 4 w= 10 nsites= 1 E= 0
  0.240853	  0.318680	  0.243274	  0.197194	
  0.220423	  0.229419	  0.115071	  0.435088	
  0.425781	  0.183814	  0.285409	  0.104996	
  0.344735	  0.252845	  0.061116	  0.341305	
  0.000991	  0.001478	  0.004621	  0.992910	
  0.996324	  0.001369	  0.002126	  0.000182	
  0.130163	  0.047408	  0.019083	  0.803347	
  0.611750	  0.074167	  0.102138	  0.211944	
  0.240340	  0.162724	  0.429257	  0.167680	
  0.217449	  0.293526	  0.317973	  0.171052	

URL http://cisbp.ccbr.utoronto.ca/TFreport.php?versionNumber=2.00&searchTF=T268665_2.00

MOTIF M01349_2.00 (CHGG_04995)_(Aspergillus_nidulans)_(DBD_0.69)

letter-probability matrix: alength= 4 w= 9 nsites= 1 E= 0
  0.156376	  0.474500	  0.111304	  0.257820	
  0.089075	  0.182998	  0.138307	  0.589619	
  0.035283	  0.919116	  0.000296	  0.045305	
  0.012790	  0.067944	  0.905684	  0.013581	
  0.054850	  0.153640	  0.695485	  0.096025	
  0.246459	  0.269670	  0.310194	  0.173677	
  0.364180	  0.001800	  0.068556	  0.565465	
  0.611369	  0.089631	  0.132383	  0.166617	
  0.318988	  0.184040	  0.205440	  0.291533	

URL http://cisbp.ccbr.utoronto.ca/TFreport.php?versionNumber=2.00&searchTF=T363991_2.00

MOTIF M01388_2.00 (CHGG_09589)_(Aspergillus_nidulans)_(DBD_0.62)

letter-probability matrix: alength= 4 w= 10 nsites= 1 E= 0
  0.229014	  0.245619	  0.197114	  0.328252	
  0.198954	  0.392711	  0.162890	  0.245445	
  0.043930	  0.936926	  0.001637	  0.017507	
  0.016391	  0.000288	  0.959826	  0.023494	
  0.014736	  0.006823	  0.953654	  0.024787	
  0.919987	  0.014945	  0.039423	  0.025645	
  0.039138	  0.353217	  0.588210	  0.019435	
  0.196143	  0.022848	  0.001362	  0.779648	
  0.393774	  0.038698	  0.019802	  0.547727	
  0.391231	  0.088173	  0.083873	  0.436723	

URL http://cisbp.ccbr.utoronto.ca/TFreport.php?versionNumber=2.00&searchTF=T364036_2.00

MOTIF M01411_2.00 (CHGG_03691)_(Aspergillus_nidulans)_(DBD_0.62)

letter-probability matrix: alength= 4 w= 9 nsites= 1 E= 0
  0.177743	  0.228226	  0.194482	  0.399549	
  0.154001	  0.440082	  0.180722	  0.225194	
  0.024811	  0.872425	  0.009888	  0.092877	
  0.002782	  0.011858	  0.985360	  0.000000	
  0.010799	  0.090871	  0.795874	  0.102457	
  0.518358	  0.181393	  0.144123	  0.156126	
  0.327099	  0.194467	  0.223690	  0.254745	
  0.212330	  0.234661	  0.239401	  0.313607	
  0.277851	  0.335991	  0.201761	  0.184396	

URL http://cisbp.ccbr.utoronto.ca/TFreport.php?versionNumber=2.00&searchTF=T363978_2.00

MOTIF M01421_2.00 (CHGG_02020)_(Neurospora_crassa)_(DBD_0.97)

letter-probability matrix: alength= 4 w= 8 nsites= 1 E= 0
  0.561185	  0.157959	  0.157959	  0.122896	
  0.154807	  0.678367	  0.071514	  0.095312	
  0.040902	  0.020502	  0.357099	  0.581497	
  0.000093	  0.953443	  0.046372	  0.000093	
  0.000092	  0.045946	  0.953870	  0.000092	
  0.000093	  0.990466	  0.009348	  0.000093	
  0.000093	  0.018604	  0.971955	  0.009348	
  0.690267	  0.154807	  0.083413	  0.071514	

URL http://cisbp.ccbr.utoronto.ca/TFreport.php?versionNumber=2.00&searchTF=T363959_2.00

MOTIF M01422_2.00 (CHGG_08120)_(Neurospora_crassa)_(DBD_0.97)

letter-probability matrix: alength= 4 w= 10 nsites= 1 E= 0
  0.232604	  0.262260	  0.320325	  0.184811	
  0.142412	  0.454286	  0.186555	  0.216746	
  0.099948	  0.089537	  0.100952	  0.709563	
  0.006856	  0.987460	  0.004689	  0.000995	
  0.012343	  0.049062	  0.937370	  0.001225	
  0.016865	  0.005785	  0.920794	  0.056556	
  0.386984	  0.278212	  0.198023	  0.136781	
  0.169255	  0.188936	  0.450974	  0.190835	
  0.317482	  0.185012	  0.221500	  0.276006	
  0.312522	  0.146156	  0.084325	  0.456997	

URL http://cisbp.ccbr.utoronto.ca/TFreport.php?versionNumber=2.00&searchTF=T364021_2.00

MOTIF M01424_2.00 (CHGG_04873)_(Neurospora_crassa)_(DBD_0.97)

letter-probability matrix: alength= 4 w= 12 nsites= 1 E= 0
  0.229430	  0.311710	  0.229430	  0.229430	
  0.156173	  0.348200	  0.238453	  0.257175	
  0.156173	  0.257175	  0.430480	  0.156173	
  0.020639	  0.249349	  0.599469	  0.130544	
  0.089470	  0.372115	  0.183311	  0.355105	
  0.102722	  0.807726	  0.000082	  0.089470	
  0.000082	  0.999753	  0.000082	  0.000082	
  0.000082	  0.192109	  0.807726	  0.000082	
  0.121654	  0.020652	  0.837041	  0.020652	
  0.346292	  0.176136	  0.383662	  0.093909	
  0.203814	  0.379657	  0.322619	  0.093909	
  0.229443	  0.229443	  0.311670	  0.229443	

URL http://cisbp.ccbr.utoronto.ca/TFreport.php?versionNumber=2.00&searchTF=T363988_2.00

MOTIF M01428_2.00 (CHGG_07364)_(Neurospora_crassa)_(DBD_0.90)

letter-probability matrix: alength= 4 w= 9 nsites= 1 E= 0
  0.277180	  0.125797	  0.101969	  0.495054	
  0.297132	  0.250680	  0.133510	  0.318677	
  0.211741	  0.203439	  0.328772	  0.256048	
  0.124636	  0.345640	  0.381992	  0.147732	
  0.201066	  0.183760	  0.438619	  0.176555	
  0.000248	  0.999628	  0.000096	  0.000028	
  0.000265	  0.976256	  0.023423	  0.000056	
  0.000076	  0.000046	  0.999845	  0.000033	
  0.507847	  0.122754	  0.214902	  0.154498	

URL http://cisbp.ccbr.utoronto.ca/TFreport.php?versionNumber=2.00&searchTF=T364016_2.00

MOTIF M01430_2.00 (CHGG_04711)_(Neurospora_crassa)_(DBD_0.92)

letter-probability matrix: alength= 4 w= 10 nsites= 1 E= 0
  0.210147	  0.310819	  0.204562	  0.274472	
  0.011851	  0.070129	  0.011851	  0.906168	
  0.000012	  0.999964	  0.000012	  0.000012	
  0.000012	  0.884310	  0.000012	  0.115666	
  0.000012	  0.115666	  0.884310	  0.000012	
  0.000012	  0.999964	  0.000012	  0.000012	
  0.000012	  0.000012	  0.999964	  0.000012	
  0.000012	  0.000012	  0.999964	  0.000012	
  0.388247	  0.181144	  0.320143	  0.110467	
  0.238161	  0.238161	  0.285518	  0.238161	

URL http://cisbp.ccbr.utoronto.ca/TFreport.php?versionNumber=2.00&searchTF=T363985_2.00

MOTIF M01447_2.00 (CHGG_00101)_(Histoplasma_capsulatum)_(DBD_0.98)

letter-probability matrix: alength= 4 w= 9 nsites= 1 E= 0
  0.206440	  0.219205	  0.194417	  0.379938	
  0.329746	  0.175620	  0.313665	  0.180969	
  0.027591	  0.802292	  0.067862	  0.102255	
  0.028927	  0.902134	  0.014080	  0.054859	
  0.003857	  0.992123	  0.003896	  0.000125	
  0.003073	  0.994949	  0.001921	  0.000057	
  0.000483	  0.013239	  0.000758	  0.985519	
  0.082078	  0.078859	  0.537896	  0.301167	
  0.408119	  0.104748	  0.344316	  0.142816	

URL http://cisbp.ccbr.utoronto.ca/TFreport.php?versionNumber=2.00&searchTF=T083685_2.00

MOTIF M01448_2.00 (CHGG_09160)_(Histoplasma_capsulatum)_(DBD_0.94)

letter-probability matrix: alength= 4 w= 10 nsites= 1 E= 0
  0.199492	  0.067072	  0.668993	  0.064443	
  0.146539	  0.259120	  0.082871	  0.511470	
  0.121144	  0.778198	  0.044566	  0.056091	
  0.172916	  0.615729	  0.036701	  0.174654	
  0.154373	  0.033763	  0.720086	  0.091778	
  0.216730	  0.046930	  0.051865	  0.684475	
  0.010124	  0.014082	  0.948547	  0.027247	
  0.029134	  0.881758	  0.023616	  0.065491	
  0.232021	  0.078793	  0.501112	  0.188073	
  0.095693	  0.391955	  0.194639	  0.317713	

URL http://cisbp.ccbr.utoronto.ca/TFreport.php?versionNumber=2.00&searchTF=T083716_2.00

MOTIF M01474_2.00 (CHGG_06306)_(Neurospora_crassa)_(DBD_0.96)

letter-probability matrix: alength= 4 w= 10 nsites= 1 E= 0
  0.182660	  0.313445	  0.223101	  0.280795	
  0.189292	  0.109212	  0.530218	  0.171278	
  0.198474	  0.320749	  0.212865	  0.267912	
  0.293861	  0.334657	  0.195021	  0.176462	
  0.157266	  0.177317	  0.548912	  0.116505	
  0.974295	  0.000972	  0.024088	  0.000645	
  0.003870	  0.000302	  0.000238	  0.995590	
  0.098639	  0.736176	  0.088364	  0.076820	
  0.302958	  0.276883	  0.250534	  0.169626	
  0.173810	  0.307342	  0.232284	  0.286564	

URL http://cisbp.ccbr.utoronto.ca/TFreport.php?versionNumber=2.00&searchTF=T083708_2.00

MOTIF M01536_2.00 (CHGG_01658)_(Saccharomyces_cerevisiae)_(DBD_0.82)

letter-probability matrix: alength= 4 w= 8 nsites= 1 E= 0
  0.582226	  0.083887	  0.083887	  0.250000	
  0.187656	  0.000623	  0.000623	  0.811097	
  0.117958	  0.000587	  0.000587	  0.880869	
  0.000587	  0.000587	  0.000587	  0.998239	
  0.000587	  0.000587	  0.000587	  0.998239	
  0.000587	  0.000587	  0.000587	  0.998239	
  0.000587	  0.000587	  0.000587	  0.998239	
  0.000767	  0.690951	  0.077454	  0.230828	

URL http://cisbp.ccbr.utoronto.ca/TFreport.php?versionNumber=2.00&searchTF=T083690_2.00

MOTIF M01558_2.00 (CHGG_06470)_(Saccharomyces_cerevisiae)_(DBD_0.88)

letter-probability matrix: alength= 4 w= 10 nsites= 1 E= 0
  0.112022	  0.583295	  0.081344	  0.223339	
  0.214189	  0.229719	  0.346145	  0.209947	
  0.417547	  0.152079	  0.229155	  0.201220	
  0.584466	  0.060382	  0.129114	  0.226037	
  0.385008	  0.091219	  0.093997	  0.429776	
  0.301324	  0.230024	  0.179143	  0.289509	
  0.257339	  0.273252	  0.284403	  0.185007	
  0.278132	  0.034747	  0.644255	  0.042867	
  0.109929	  0.000794	  0.742363	  0.146913	
  0.392464	  0.185387	  0.181716	  0.240434	

URL http://cisbp.ccbr.utoronto.ca/TFreport.php?versionNumber=2.00&searchTF=T253494_2.00

MOTIF M01565_2.00 (CHGG_02718)_(Saccharomyces_cerevisiae)_(DBD_0.74)

letter-probability matrix: alength= 4 w= 10 nsites= 1 E= 0
  0.275621	  0.196179	  0.184754	  0.343445	
  0.239066	  0.197698	  0.157078	  0.406158	
  0.351405	  0.065493	  0.118148	  0.464954	
  0.275882	  0.145470	  0.109944	  0.468704	
  0.465587	  0.103886	  0.064283	  0.366244	
  0.343551	  0.084719	  0.502369	  0.069362	
  0.039893	  0.339069	  0.050714	  0.570324	
  0.299986	  0.072511	  0.434301	  0.193202	
  0.212492	  0.210378	  0.364638	  0.212492	
  0.183038	  0.221338	  0.419764	  0.175861	

URL http://cisbp.ccbr.utoronto.ca/TFreport.php?versionNumber=2.00&searchTF=T327044_2.00

MOTIF M01649_2.00 (CHGG_00576)_(Aspergillus_nidulans)_(DBD_0.87)

letter-probability matrix: alength= 4 w= 10 nsites= 1 E= 0
  0.159319	  0.403796	  0.210800	  0.226085	
  0.259571	  0.353906	  0.194228	  0.192295	
  0.061610	  0.194576	  0.000720	  0.743094	
  0.155603	  0.015916	  0.740485	  0.087997	
  0.004192	  0.882855	  0.003755	  0.109198	
  0.810654	  0.030810	  0.087168	  0.071367	
  0.035236	  0.068175	  0.299490	  0.597098	
  0.343722	  0.179439	  0.326959	  0.149880	
  0.293030	  0.206495	  0.131667	  0.368808	
  0.327019	  0.212729	  0.249640	  0.210612	

URL http://cisbp.ccbr.utoronto.ca/TFreport.php?versionNumber=2.00&searchTF=T011795_2.00

MOTIF M01669_2.00 (CHGG_07655)_(Neurospora_crassa)_(DBD_0.87)

letter-probability matrix: alength= 4 w= 8 nsites= 1 E= 0
  0.327371	  0.206664	  0.278967	  0.186997	
  0.090243	  0.314980	  0.037808	  0.556969	
  0.768095	  0.014210	  0.120773	  0.096923	
  0.116745	  0.111051	  0.072966	  0.699238	
  0.248575	  0.418109	  0.163325	  0.169991	
  0.313613	  0.190216	  0.256765	  0.239406	
  0.283505	  0.241587	  0.275126	  0.199782	
  0.264086	  0.231893	  0.272129	  0.231893	

URL http://cisbp.ccbr.utoronto.ca/TFreport.php?versionNumber=2.00&searchTF=T014320_2.00

MOTIF M01670_2.00 (CHGG_09197)_(Neurospora_crassa)_(DBD_0.94)

letter-probability matrix: alength= 4 w= 8 nsites= 1 E= 0
  0.497525	  0.250000	  0.002475	  0.250000	
  0.992574	  0.002475	  0.002475	  0.002475	
  0.992574	  0.002475	  0.002475	  0.002475	
  0.992574	  0.002475	  0.002475	  0.002475	
  0.002475	  0.002475	  0.002475	  0.992574	
  0.002475	  0.002475	  0.002475	  0.992574	
  0.002475	  0.002475	  0.002475	  0.992574	
  0.332237	  0.003289	  0.332237	  0.332237	

URL http://cisbp.ccbr.utoronto.ca/TFreport.php?versionNumber=2.00&searchTF=T014321_2.00

MOTIF M01763_2.00 (CHGG_05891)_(Neurospora_crassa)_(DBD_0.94)

letter-probability matrix: alength= 4 w= 9 nsites= 1 E= 0
  0.234551	  0.267114	  0.256640	  0.241695	
  0.183174	  0.652254	  0.070841	  0.093731	
  0.485425	  0.065041	  0.300373	  0.149161	
  0.010186	  0.889792	  0.020105	  0.079917	
  0.237638	  0.011714	  0.750505	  0.000144	
  0.045671	  0.018384	  0.000093	  0.935853	
  0.000510	  0.000044	  0.939955	  0.059491	
  0.100496	  0.206462	  0.533850	  0.159193	
  0.193468	  0.331993	  0.205431	  0.269108	

URL http://cisbp.ccbr.utoronto.ca/TFreport.php?versionNumber=2.00&searchTF=T032173_2.00

MOTIF M01764_2.00 (CHGG_00821)_(Neurospora_crassa)_(DBD_0.92)

letter-probability matrix: alength= 4 w= 8 nsites= 1 E= 0
  0.155399	  0.605464	  0.085285	  0.153853	
  0.482785	  0.126415	  0.223536	  0.167264	
  0.050807	  0.711963	  0.000239	  0.236992	
  0.136010	  0.078471	  0.782682	  0.002837	
  0.112390	  0.135908	  0.000270	  0.751431	
  0.016247	  0.030505	  0.878218	  0.075030	
  0.336463	  0.336463	  0.136796	  0.190278	
  0.171491	  0.348812	  0.205312	  0.274385	

URL http://cisbp.ccbr.utoronto.ca/TFreport.php?versionNumber=2.00&searchTF=T032168_2.00

MOTIF M01833_2.00 (CHGG_03387)_(Neurospora_crassa)_(DBD_0.98)

letter-probability matrix: alength= 4 w= 8 nsites= 1 E= 0
  0.071937	  0.071937	  0.071937	  0.784188	
  0.945903	  0.000525	  0.053046	  0.000525	
  0.053046	  0.893382	  0.000525	  0.053046	
  0.000525	  0.053046	  0.945903	  0.000525	
  0.000525	  0.000525	  0.000525	  0.998424	
  0.893382	  0.053046	  0.000525	  0.053046	
  0.998424	  0.000525	  0.000525	  0.000525	
  0.077454	  0.154141	  0.077454	  0.690951	

URL http://cisbp.ccbr.utoronto.ca/TFreport.php?versionNumber=2.00&searchTF=T058190_2.00

MOTIF M01835_2.00 (CHGG_08220)_(Neurospora_crassa)_(DBD_0.92)

letter-probability matrix: alength= 4 w= 11 nsites= 1 E= 0
  0.227977	  0.227977	  0.316068	  0.227977	
  0.575603	  0.108023	  0.208350	  0.108023	
  0.833557	  0.055481	  0.055481	  0.055481	
  0.000201	  0.000201	  0.089004	  0.910593	
  0.188309	  0.089004	  0.722485	  0.000201	
  0.906520	  0.000201	  0.000201	  0.093078	
  0.183108	  0.539578	  0.089004	  0.188309	
  0.277113	  0.000201	  0.539578	  0.183108	
  0.393952	  0.022224	  0.022224	  0.561601	
  0.236961	  0.363298	  0.257563	  0.142178	
  0.415840	  0.194720	  0.194720	  0.194720	

URL http://cisbp.ccbr.utoronto.ca/TFreport.php?versionNumber=2.00&searchTF=T058196_2.00

MOTIF M01869_2.00 (CHGG_03244)_(Neurospora_crassa)_(DBD_1.00)

letter-probability matrix: alength= 4 w= 9 nsites= 1 E= 0
  0.232303	  0.278117	  0.301280	  0.188301	
  0.240892	  0.258359	  0.229144	  0.271605	
  0.317587	  0.033810	  0.544981	  0.103622	
  0.055537	  0.818146	  0.057803	  0.068514	
  0.078988	  0.828236	  0.092693	  0.000083	
  0.095690	  0.513429	  0.063505	  0.327377	
  0.399263	  0.104545	  0.340229	  0.155963	
  0.625925	  0.065316	  0.208352	  0.100407	
  0.187361	  0.344824	  0.185496	  0.282318	

URL http://cisbp.ccbr.utoronto.ca/TFreport.php?versionNumber=2.00&searchTF=T083697_2.00

MOTIF M01875_2.00 (CHGG_02842)_(Neurospora_crassa)_(DBD_0.91)

letter-probability matrix: alength= 4 w= 10 nsites= 1 E= 0
  0.228420	  0.351141	  0.177894	  0.242545	
  0.217337	  0.230776	  0.167578	  0.384309	
  0.291251	  0.274290	  0.306184	  0.128276	
  0.407416	  0.487765	  0.020902	  0.083917	
  0.011307	  0.002171	  0.977890	  0.008631	
  0.003258	  0.993412	  0.000230	  0.003099	
  0.006106	  0.991595	  0.001681	  0.000618	
  0.794394	  0.076522	  0.038382	  0.090702	
  0.006716	  0.948091	  0.008797	  0.036396	
  0.558969	  0.132435	  0.173485	  0.135111	

URL http://cisbp.ccbr.utoronto.ca/TFreport.php?versionNumber=2.00&searchTF=T083696_2.00

MOTIF M01876_2.00 (CHGG_02761)_(Neurospora_crassa)_(DBD_0.82)

letter-probability matrix: alength= 4 w= 10 nsites= 1 E= 0
  0.265928	  0.228887	  0.211289	  0.293896	
  0.267198	  0.188291	  0.379172	  0.165338	
  0.206530	  0.090962	  0.483207	  0.219301	
  0.631133	  0.066521	  0.088016	  0.214330	
  0.002492	  0.956504	  0.000015	  0.040988	
  0.006556	  0.992606	  0.000082	  0.000756	
  0.027586	  0.950807	  0.001170	  0.020436	
  0.018282	  0.306716	  0.025685	  0.649317	
  0.207707	  0.082775	  0.345892	  0.363626	
  0.364432	  0.162121	  0.275432	  0.198015	

URL http://cisbp.ccbr.utoronto.ca/TFreport.php?versionNumber=2.00&searchTF=T083693_2.00

MOTIF M01888_2.00 (CHGG_03330)_(Neurospora_crassa)_(DBD_0.96)

letter-probability matrix: alength= 4 w= 10 nsites= 1 E= 0
  0.230330	  0.239730	  0.206338	  0.323602	
  0.349754	  0.229805	  0.261708	  0.158734	
  0.116537	  0.733778	  0.065904	  0.083781	
  0.048500	  0.899247	  0.042164	  0.010090	
  0.047304	  0.885891	  0.065798	  0.001007	
  0.034535	  0.964849	  0.000217	  0.000399	
  0.354320	  0.029970	  0.441510	  0.174199	
  0.018674	  0.979590	  0.000218	  0.001518	
  0.239927	  0.308073	  0.230520	  0.221481	
  0.227471	  0.295014	  0.207893	  0.269622	

URL http://cisbp.ccbr.utoronto.ca/TFreport.php?versionNumber=2.00&searchTF=T083698_2.00

MOTIF M01890_2.00 (CHGG_05033)_(Neurospora_crassa)_(DBD_0.91)

letter-probability matrix: alength= 4 w= 9 nsites= 1 E= 0
  0.139493	  0.644202	  0.059028	  0.157278	
  0.296341	  0.087489	  0.081574	  0.534596	
  0.231240	  0.296918	  0.315279	  0.156563	
  0.456611	  0.443116	  0.004322	  0.095950	
  0.013386	  0.000000	  0.986535	  0.000079	
  0.000000	  0.999883	  0.000000	  0.000117	
  0.184719	  0.811461	  0.000402	  0.003417	
  0.462362	  0.136503	  0.094288	  0.306847	
  0.079462	  0.599012	  0.057701	  0.263824	

URL http://cisbp.ccbr.utoronto.ca/TFreport.php?versionNumber=2.00&searchTF=T083702_2.00

MOTIF M01892_2.00 (CHGG_00776)_(Neurospora_crassa)_(DBD_0.91)

letter-probability matrix: alength= 4 w= 10 nsites= 1 E= 0
  0.278551	  0.219116	  0.237366	  0.264966	
  0.245793	  0.220190	  0.300212	  0.233805	
  0.283666	  0.269831	  0.199896	  0.246607	
  0.199424	  0.140532	  0.211756	  0.448288	
  0.136535	  0.014106	  0.801580	  0.047779	
  0.013255	  0.948033	  0.020997	  0.017715	
  0.017069	  0.979689	  0.001333	  0.001910	
  0.000212	  0.000053	  0.000032	  0.999703	
  0.286954	  0.088175	  0.225726	  0.399144	
  0.306440	  0.227016	  0.261131	  0.205413	

URL http://cisbp.ccbr.utoronto.ca/TFreport.php?versionNumber=2.00&searchTF=T083687_2.00

MOTIF M01895_2.00 (CHGG_02070)_(Neurospora_crassa)_(DBD_0.77)

letter-probability matrix: alength= 4 w= 10 nsites= 1 E= 0
  0.344037	  0.159343	  0.260886	  0.235734	
  0.420850	  0.150195	  0.213352	  0.215603	
  0.307388	  0.159709	  0.183428	  0.349475	
  0.176238	  0.042337	  0.774989	  0.006437	
  0.000000	  0.227118	  0.000003	  0.772878	
  0.069065	  0.285816	  0.615650	  0.029469	
  0.083207	  0.056289	  0.794062	  0.066442	
  0.152358	  0.030931	  0.711245	  0.105465	
  0.509784	  0.090224	  0.284009	  0.115982	
  0.155783	  0.116277	  0.288751	  0.439188	

URL http://cisbp.ccbr.utoronto.ca/TFreport.php?versionNumber=2.00&searchTF=T158385_2.00

MOTIF M01899_2.00 (CHGG_02890)_(Neurospora_crassa)_(DBD_0.87)

letter-probability matrix: alength= 4 w= 8 nsites= 1 E= 0
  0.231768	  0.294635	  0.169989	  0.303608	
  0.395415	  0.053514	  0.428348	  0.122724	
  0.062550	  0.031374	  0.195579	  0.710497	
  0.048815	  0.896093	  0.001679	  0.053412	
  0.928803	  0.004544	  0.030997	  0.035655	
  0.059153	  0.880185	  0.004954	  0.055708	
  0.447040	  0.156436	  0.268445	  0.128079	
  0.193758	  0.332490	  0.178861	  0.294892	

URL http://cisbp.ccbr.utoronto.ca/TFreport.php?versionNumber=2.00&searchTF=T161137_2.00

MOTIF M01993_2.00 (CHGG_02048)_(Neurospora_crassa)_(DBD_0.71)

letter-probability matrix: alength= 4 w= 10 nsites= 1 E= 0
  0.227337	  0.227337	  0.227337	  0.317989	
  0.358861	  0.170204	  0.298544	  0.172391	
  0.484493	  0.000117	  0.515274	  0.000117	
  0.000117	  0.999650	  0.000117	  0.000117	
  0.999650	  0.000117	  0.000117	  0.000117	
  0.999650	  0.000117	  0.000117	  0.000117	
  0.999650	  0.000117	  0.000117	  0.000117	
  0.000117	  0.999650	  0.000117	  0.000117	
  0.931661	  0.022780	  0.022780	  0.022780	
  0.168823	  0.298703	  0.256580	  0.275894	

URL http://cisbp.ccbr.utoronto.ca/TFreport.php?versionNumber=2.00&searchTF=T184854_2.00

MOTIF M02016_2.00 (CHGG_01922)_(Neurospora_crassa)_(DBD_0.94)

letter-probability matrix: alength= 4 w= 9 nsites= 1 E= 0
  0.238290	  0.282447	  0.248015	  0.231248	
  0.249185	  0.272652	  0.259355	  0.218808	
  0.236587	  0.439798	  0.109543	  0.214073	
  0.059758	  0.068055	  0.757717	  0.114470	
  0.902683	  0.000129	  0.000123	  0.097064	
  0.048477	  0.051992	  0.000705	  0.898826	
  0.141843	  0.359503	  0.271706	  0.226948	
  0.208434	  0.289925	  0.254582	  0.247058	
  0.248381	  0.255945	  0.266390	  0.229284	

URL http://cisbp.ccbr.utoronto.ca/TFreport.php?versionNumber=2.00&searchTF=T192247_2.00

MOTIF M02223_2.00 (CHGG_00810)_(Neurospora_crassa)_(DBD_0.91)

letter-probability matrix: alength= 4 w= 9 nsites= 1 E= 0
  0.265408	  0.217298	  0.162596	  0.354698	
  0.336337	  0.132703	  0.197970	  0.332990	
  0.204259	  0.198222	  0.069365	  0.528154	
  0.832928	  0.038281	  0.105104	  0.023687	
  0.054677	  0.202641	  0.139971	  0.602711	
  0.130133	  0.218887	  0.158944	  0.492037	
  0.180386	  0.122132	  0.525894	  0.171589	
  0.304406	  0.190254	  0.343216	  0.162124	
  0.238270	  0.309020	  0.164581	  0.288128	

URL http://cisbp.ccbr.utoronto.ca/TFreport.php?versionNumber=2.00&searchTF=T205915_2.00

MOTIF M02225_2.00 (CHGG_07578)_(Neurospora_crassa)_(DBD_0.96)

letter-probability matrix: alength= 4 w= 8 nsites= 1 E= 0
  0.209810	  0.248689	  0.243765	  0.297735	
  0.169404	  0.268348	  0.296570	  0.265678	
  0.128561	  0.266774	  0.173539	  0.431126	
  0.418284	  0.236550	  0.131126	  0.214040	
  0.620568	  0.129106	  0.226022	  0.024304	
  0.203970	  0.136725	  0.099283	  0.560021	
  0.279320	  0.235653	  0.176330	  0.308697	
  0.292088	  0.158706	  0.150966	  0.398240	

URL http://cisbp.ccbr.utoronto.ca/TFreport.php?versionNumber=2.00&searchTF=T205919_2.00

MOTIF M02344_2.00 (CHGG_10355)_(Neurospora_crassa)_(DBD_0.90)

letter-probability matrix: alength= 4 w= 10 nsites= 1 E= 0
  0.336194	  0.172033	  0.275252	  0.216521	
  0.201571	  0.356431	  0.180574	  0.261423	
  0.208098	  0.139493	  0.482032	  0.170377	
  0.686377	  0.101639	  0.050980	  0.161004	
  0.718030	  0.003375	  0.051240	  0.227355	
  0.127876	  0.633374	  0.101602	  0.137148	
  0.204685	  0.270824	  0.242614	  0.281877	
  0.280560	  0.248834	  0.266877	  0.203728	
  0.226410	  0.268365	  0.228686	  0.276538	
  0.269857	  0.218742	  0.210165	  0.301236	

URL http://cisbp.ccbr.utoronto.ca/TFreport.php?versionNumber=2.00&searchTF=T268674_2.00

MOTIF M02345_2.00 (CHGG_08140)_(Neurospora_crassa)_(DBD_0.96)

letter-probability matrix: alength= 4 w= 8 nsites= 1 E= 0
  0.640274	  0.022574	  0.067498	  0.269654	
  0.381311	  0.000085	  0.618519	  0.000085	
  0.008276	  0.991560	  0.000082	  0.000082	
  0.000082	  0.999754	  0.000082	  0.000082	
  0.000082	  0.999754	  0.000082	  0.000082	
  0.000083	  0.016606	  0.000083	  0.983229	
  0.782377	  0.043568	  0.163081	  0.010973	
  0.365006	  0.174651	  0.285692	  0.174651	

URL http://cisbp.ccbr.utoronto.ca/TFreport.php?versionNumber=2.00&searchTF=T268670_2.00

MOTIF M02387_2.00 (CHGG_02523)_(Neurospora_crassa)_(DBD_0.93)

letter-probability matrix: alength= 4 w= 10 nsites= 1 E= 0
  0.435026	  0.147733	  0.211750	  0.205492	
  0.284690	  0.183351	  0.314632	  0.217327	
  0.175588	  0.232326	  0.364360	  0.227726	
  0.162248	  0.059094	  0.625859	  0.152799	
  0.153098	  0.058620	  0.108971	  0.679311	
  0.278014	  0.227619	  0.115316	  0.379052	
  0.399591	  0.076741	  0.420078	  0.103590	
  0.114621	  0.508586	  0.097674	  0.279118	
  0.666838	  0.055288	  0.178136	  0.099738	
  0.177973	  0.250043	  0.147177	  0.424807	

URL http://cisbp.ccbr.utoronto.ca/TFreport.php?versionNumber=2.00&searchTF=T299681_2.00

MOTIF M02490_2.00 (CHGG_01519)_(Neurospora_crassa)_(DBD_0.79)

letter-probability matrix: alength= 4 w= 10 nsites= 1 E= 0
  0.329130	  0.229626	  0.220622	  0.220622	
  0.346994	  0.223477	  0.251969	  0.177560	
  0.448098	  0.134965	  0.110500	  0.306437	
  0.335755	  0.153912	  0.139266	  0.371067	
  0.248453	  0.220358	  0.178619	  0.352571	
  0.233539	  0.293933	  0.209213	  0.263315	
  0.195880	  0.356917	  0.275201	  0.172001	
  0.140053	  0.396240	  0.262965	  0.200742	
  0.596865	  0.017317	  0.262878	  0.122939	
  0.143083	  0.219956	  0.147441	  0.489520	

URL http://cisbp.ccbr.utoronto.ca/TFreport.php?versionNumber=2.00&searchTF=T327042_2.00

MOTIF M02491_2.00 (CHGG_02745)_(Neurospora_crassa)_(DBD_0.74)

letter-probability matrix: alength= 4 w= 8 nsites= 1 E= 0
  0.001106	  0.222345	  0.001106	  0.775442	
  0.071937	  0.926638	  0.000712	  0.000712	
  0.071937	  0.000712	  0.000712	  0.926638	
  0.000712	  0.000712	  0.000712	  0.997863	
  0.000712	  0.000712	  0.000712	  0.997863	
  0.000712	  0.000712	  0.997863	  0.000712	
  0.000712	  0.000712	  0.000712	  0.997863	
  0.001106	  0.332965	  0.001106	  0.664823	

URL http://cisbp.ccbr.utoronto.ca/TFreport.php?versionNumber=2.00&searchTF=T327045_2.00

MOTIF M02576_2.00 (CHGG_03119)_(Fusarium_graminearum)_(DBD_0.95)

letter-probability matrix: alength= 4 w= 10 nsites= 1 E= 0
  0.222935	  0.259013	  0.256436	  0.261616	
  0.217909	  0.312335	  0.211468	  0.258288	
  0.172418	  0.188655	  0.214846	  0.424080	
  0.000154	  0.999762	  0.000015	  0.000070	
  0.000260	  0.062954	  0.936738	  0.000048	
  0.005760	  0.033145	  0.916800	  0.044296	
  0.190359	  0.364641	  0.212494	  0.232505	
  0.366384	  0.148961	  0.136140	  0.348515	
  0.315085	  0.222037	  0.166142	  0.296736	
  0.351393	  0.154764	  0.185287	  0.308556	

URL http://cisbp.ccbr.utoronto.ca/TFreport.php?versionNumber=2.00&searchTF=T363973_2.00

MOTIF M02580_2.00 (CHGG_02757)_(Neurospora_tetrasperma)_(DBD_0.85)

letter-probability matrix: alength= 4 w= 10 nsites= 1 E= 0
  0.304485	  0.227835	  0.244355	  0.223324	
  0.242249	  0.196363	  0.196363	  0.365025	
  0.181276	  0.566808	  0.004759	  0.247156	
  0.223265	  0.060241	  0.588962	  0.127531	
  0.160802	  0.139794	  0.459516	  0.239888	
  0.367618	  0.160299	  0.272338	  0.199745	
  0.289135	  0.197728	  0.283410	  0.229727	
  0.308717	  0.200824	  0.211120	  0.279339	
  0.332618	  0.186232	  0.214218	  0.266932	
  0.343678	  0.188614	  0.210546	  0.257162	

URL http://cisbp.ccbr.utoronto.ca/TFreport.php?versionNumber=2.00&searchTF=T363971_2.00

MOTIF M02588_2.00 (CHGG_02677)_(Neurospora_crassa)_(DBD_0.94)

letter-probability matrix: alength= 4 w= 7 nsites= 1 E= 0
  0.255487	  0.235845	  0.217712	  0.290956	
  0.279181	  0.219611	  0.204764	  0.296444	
  0.260708	  0.255546	  0.240664	  0.243083	
  0.078304	  0.217152	  0.572835	  0.131709	
  0.000009	  0.909640	  0.000060	  0.090292	
  0.006687	  0.000533	  0.992488	  0.000292	
  0.188275	  0.423224	  0.184546	  0.203955	

URL http://cisbp.ccbr.utoronto.ca/TFreport.php?versionNumber=2.00&searchTF=T363970_2.00

MOTIF M02589_2.00 (CHGG_02493)_(Neurospora_crassa)_(DBD_0.90)

letter-probability matrix: alength= 4 w= 10 nsites= 1 E= 0
  0.221174	  0.295582	  0.210387	  0.272857	
