MEME version 4

ALPHABET= ACGT

strands: + -

Background letter frequencies (from uniform background):
A 0.25000 C 0.25000 G 0.25000 T 0.25000 

MOTIF M00051_2.00 (L804_01013)_(Saccharomyces_cerevisiae)_(DBD_0.69)

letter-probability matrix: alength= 4 w= 8 nsites= 1 E= 0
  0.270248	  0.432235	  0.000270	  0.297246	
  0.000196	  0.000196	  0.999412	  0.000196	
  0.999424	  0.000192	  0.000192	  0.000192	
  0.000192	  0.000192	  0.000192	  0.999424	
  0.980208	  0.000192	  0.019408	  0.000192	
  0.940635	  0.000196	  0.000196	  0.058973	
  0.022934	  0.113760	  0.840372	  0.022934	
  0.344697	  0.241391	  0.241391	  0.172521	

URL http://cisbp.ccbr.utoronto.ca/TFreport.php?versionNumber=2.00&searchTF=T193883_2.00

MOTIF M00060_2.00 (L804_06549)_(Saccharomyces_cerevisiae)_(DBD_0.51)

letter-probability matrix: alength= 4 w= 9 nsites= 1 E= 0
  0.320154	  0.181055	  0.206191	  0.292599	
  0.231700	  0.238756	  0.197442	  0.332102	
  0.223589	  0.242212	  0.287095	  0.247105	
  0.161512	  0.025143	  0.029212	  0.784133	
  0.138264	  0.051376	  0.075881	  0.734480	
  0.092315	  0.709959	  0.122145	  0.075581	
  0.148989	  0.381409	  0.144586	  0.325016	
  0.473500	  0.149928	  0.202381	  0.174191	
  0.182247	  0.285820	  0.153755	  0.378177	

URL http://cisbp.ccbr.utoronto.ca/TFreport.php?versionNumber=2.00&searchTF=T241011_2.00

MOTIF M00070_2.00 (L804_01864)_(Saccharomyces_cerevisiae)_(DBD_0.41)

letter-probability matrix: alength= 4 w= 11 nsites= 1 E= 0
  0.268573	  0.272224	  0.178881	  0.280322	
  0.509793	  0.098806	  0.292595	  0.098806	
  0.848016	  0.050661	  0.050661	  0.050661	
  0.999893	  0.000036	  0.000036	  0.000036	
  0.000036	  0.903786	  0.000036	  0.096142	
  0.903786	  0.000036	  0.000036	  0.096142	
  0.999893	  0.000036	  0.000036	  0.000036	
  0.000036	  0.000036	  0.000036	  0.999893	
  0.591260	  0.071155	  0.071155	  0.266431	
  0.345743	  0.151230	  0.257625	  0.245401	
  0.199374	  0.199374	  0.199374	  0.401877	

URL http://cisbp.ccbr.utoronto.ca/TFreport.php?versionNumber=2.00&searchTF=T330859_2.00

MOTIF M01102_2.00 (L804_06489)_(PBM_CONSTRUCTS)_(DBD_0.88)

letter-probability matrix: alength= 4 w= 8 nsites= 1 E= 0
  0.520400	  0.150739	  0.150739	  0.178122	
  0.168349	  0.386085	  0.237629	  0.207937	
  0.828862	  0.000085	  0.162423	  0.008630	
  0.000085	  0.999744	  0.000085	  0.000085	
  0.000085	  0.000085	  0.982656	  0.017174	
  0.008630	  0.957023	  0.000085	  0.034262	
  0.008630	  0.017174	  0.965567	  0.008630	
  0.562344	  0.150050	  0.000125	  0.287481	

URL http://cisbp.ccbr.utoronto.ca/TFreport.php?versionNumber=2.00&searchTF=T012041_2.00

MOTIF M01108_2.00 (L804_05940)_(Cannabis_sativa)_(DBD_0.85)

letter-probability matrix: alength= 4 w= 8 nsites= 1 E= 0
  0.423349	  0.124985	  0.199976	  0.251690	
  0.536851	  0.107310	  0.184144	  0.171695	
  0.591376	  0.053115	  0.110217	  0.245293	
  0.501697	  0.035093	  0.048327	  0.414883	
  0.577953	  0.029949	  0.019876	  0.372223	
  0.852706	  0.028458	  0.018512	  0.100325	
  0.520642	  0.014806	  0.038285	  0.426266	
  0.279377	  0.068208	  0.066858	  0.585557	

URL http://cisbp.ccbr.utoronto.ca/TFreport.php?versionNumber=2.00&searchTF=T017555_2.00

MOTIF M01147_2.00 (L804_02374)_(Neurospora_crassa)_(DBD_0.64)

letter-probability matrix: alength= 4 w= 10 nsites= 1 E= 0
  0.256344	  0.201648	  0.261523	  0.280485	
  0.466416	  0.147685	  0.263770	  0.122129	
  0.056276	  0.045162	  0.000477	  0.898085	
  0.076513	  0.037995	  0.643848	  0.241643	
  0.796372	  0.031502	  0.085633	  0.086493	
  0.072044	  0.711432	  0.042832	  0.173691	
  0.178754	  0.047276	  0.689532	  0.084438	
  0.163925	  0.196254	  0.078997	  0.560825	
  0.373050	  0.284779	  0.165954	  0.176216	
  0.318316	  0.178225	  0.258022	  0.245438	

URL http://cisbp.ccbr.utoronto.ca/TFreport.php?versionNumber=2.00&searchTF=T064001_2.00

MOTIF M01170_2.00 (L804_04125)_(Cryptococcus_neoformans)_(DBD_1.00)

letter-probability matrix: alength= 4 w= 8 nsites= 1 E= 0
  0.107211	  0.142908	  0.154807	  0.595074	
  0.025500	  0.576161	  0.067858	  0.330481	
  0.000066	  0.000066	  0.999801	  0.000066	
  0.000066	  0.993181	  0.006687	  0.000066	
  0.000066	  0.999801	  0.000066	  0.000066	
  0.774695	  0.000066	  0.225172	  0.000066	
  0.007061	  0.957844	  0.000070	  0.035025	
  0.165082	  0.446526	  0.029212	  0.359181	

URL http://cisbp.ccbr.utoronto.ca/TFreport.php?versionNumber=2.00&searchTF=T121187_2.00

MOTIF M01419_2.00 (L804_05560)_(Schizophyllum_commune)_(DBD_0.66)

letter-probability matrix: alength= 4 w= 8 nsites= 1 E= 0
  0.000554	  0.222284	  0.554878	  0.222284	
  0.832363	  0.042013	  0.000416	  0.125208	
  0.000399	  0.160144	  0.000399	  0.839058	
  0.000399	  0.998802	  0.000399	  0.000399	
  0.000399	  0.040335	  0.958866	  0.000399	
  0.000399	  0.000399	  0.998802	  0.000399	
  0.911892	  0.043837	  0.043837	  0.000434	
  0.266622	  0.200133	  0.532580	  0.000665	

URL http://cisbp.ccbr.utoronto.ca/TFreport.php?versionNumber=2.00&searchTF=T372054_2.00

MOTIF M01447_2.00 (L804_06415)_(Histoplasma_capsulatum)_(DBD_0.73)

letter-probability matrix: alength= 4 w= 9 nsites= 1 E= 0
  0.206440	  0.219205	  0.194417	  0.379938	
  0.329746	  0.175620	  0.313665	  0.180969	
  0.027591	  0.802292	  0.067862	  0.102255	
  0.028927	  0.902134	  0.014080	  0.054859	
  0.003857	  0.992123	  0.003896	  0.000125	
  0.003073	  0.994949	  0.001921	  0.000057	
  0.000483	  0.013239	  0.000758	  0.985519	
  0.082078	  0.078859	  0.537896	  0.301167	
  0.408119	  0.104748	  0.344316	  0.142816	

URL http://cisbp.ccbr.utoronto.ca/TFreport.php?versionNumber=2.00&searchTF=T121193_2.00

MOTIF M01456_2.00 (L804_00861)_(Puccinia_graminis)_(DBD_0.76)

letter-probability matrix: alength= 4 w= 10 nsites= 1 E= 0
  0.277658	  0.207762	  0.335758	  0.178822	
  0.203780	  0.220753	  0.259056	  0.316411	
  0.007330	  0.003788	  0.984301	  0.004581	
  0.995964	  0.002168	  0.000093	  0.001775	
  0.000646	  0.004028	  0.009615	  0.985710	
  0.022009	  0.838363	  0.058059	  0.081569	
  0.170642	  0.076674	  0.468515	  0.284169	
  0.264868	  0.148299	  0.361128	  0.225706	
  0.059785	  0.854699	  0.000678	  0.084839	
  0.321168	  0.153234	  0.376894	  0.148705	

URL http://cisbp.ccbr.utoronto.ca/TFreport.php?versionNumber=2.00&searchTF=T121179_2.00

MOTIF M01558_2.00 (L804_05554)_(Saccharomyces_cerevisiae)_(DBD_0.83)

letter-probability matrix: alength= 4 w= 10 nsites= 1 E= 0
  0.112022	  0.583295	  0.081344	  0.223339	
  0.214189	  0.229719	  0.346145	  0.209947	
  0.417547	  0.152079	  0.229155	  0.201220	
  0.584466	  0.060382	  0.129114	  0.226037	
  0.385008	  0.091219	  0.093997	  0.429776	
  0.301324	  0.230024	  0.179143	  0.289509	
  0.257339	  0.273252	  0.284403	  0.185007	
  0.278132	  0.034747	  0.644255	  0.042867	
  0.109929	  0.000794	  0.742363	  0.146913	
  0.392464	  0.185387	  0.181716	  0.240434	

URL http://cisbp.ccbr.utoronto.ca/TFreport.php?versionNumber=2.00&searchTF=T254507_2.00

MOTIF M01566_2.00 (L804_02852)_(Saccharomyces_cerevisiae)_(DBD_0.56)

letter-probability matrix: alength= 4 w= 8 nsites= 1 E= 0
  0.270726	  0.299198	  0.159350	  0.270726	
  0.171103	  0.404343	  0.058690	  0.365865	
  0.701225	  0.048078	  0.204963	  0.045733	
  0.053179	  0.447494	  0.090348	  0.408979	
  0.407307	  0.049381	  0.055677	  0.487635	
  0.525518	  0.097943	  0.128302	  0.248237	
  0.510778	  0.094249	  0.117441	  0.277532	
  0.343791	  0.175921	  0.275898	  0.204391	

URL http://cisbp.ccbr.utoronto.ca/TFreport.php?versionNumber=2.00&searchTF=T330861_2.00

MOTIF M01567_2.00 (L804_06395)_(Saccharomyces_cerevisiae)_(DBD_0.87)

letter-probability matrix: alength= 4 w= 7 nsites= 1 E= 0
  0.315311	  0.189343	  0.207174	  0.288172	
  0.345705	  0.141966	  0.211788	  0.300541	
  0.271982	  0.110580	  0.155359	  0.462079	
  0.583542	  0.000869	  0.110954	  0.304636	
  0.219565	  0.006434	  0.188981	  0.585020	
  0.934996	  0.000354	  0.051964	  0.012687	
  0.422777	  0.000471	  0.095282	  0.481470	

URL http://cisbp.ccbr.utoronto.ca/TFreport.php?versionNumber=2.00&searchTF=T342658_2.00

MOTIF M01861_2.00 (L804_03653)_(Cryptococcus_neoformans)_(DBD_0.99)

letter-probability matrix: alength= 4 w= 11 nsites= 1 E= 0
  0.183856	  0.353815	  0.183856	  0.278473	
  0.107460	  0.107460	  0.577250	  0.207830	
  0.088182	  0.088182	  0.088182	  0.735455	
  0.000174	  0.000174	  0.999479	  0.000174	
  0.000174	  0.999479	  0.000174	  0.000174	
  0.625109	  0.000174	  0.294543	  0.080174	
  0.000174	  0.999479	  0.000174	  0.000174	
  0.313932	  0.000174	  0.685721	  0.000174	
  0.246688	  0.185089	  0.370892	  0.197331	
  0.360846	  0.142713	  0.353728	  0.142713	
  0.161992	  0.514024	  0.161992	  0.161992	

URL http://cisbp.ccbr.utoronto.ca/TFreport.php?versionNumber=2.00&searchTF=T121186_2.00

MOTIF M01870_2.00 (L804_04848)_(Neurospora_crassa)_(DBD_0.78)

letter-probability matrix: alength= 4 w= 10 nsites= 1 E= 0
  0.273237	  0.176936	  0.187738	  0.362089	
  0.431108	  0.211968	  0.249341	  0.107583	
  0.044023	  0.904357	  0.000665	  0.050954	
  0.004780	  0.920178	  0.000000	  0.075042	
  0.007516	  0.991760	  0.000000	  0.000725	
  0.032373	  0.942469	  0.006180	  0.018978	
  0.001128	  0.018184	  0.021864	  0.958824	
  0.091522	  0.039079	  0.526572	  0.342827	
  0.502575	  0.085487	  0.262156	  0.149782	
  0.279715	  0.278493	  0.205221	  0.236571	

URL http://cisbp.ccbr.utoronto.ca/TFreport.php?versionNumber=2.00&searchTF=T121190_2.00

MOTIF M02055_2.00 (L804_00025)_(Encephalitozoon_cuniculi)_(DBD_0.63)

letter-probability matrix: alength= 4 w= 9 nsites= 1 E= 0
  0.259454	  0.234764	  0.210309	  0.295473	
  0.174519	  0.228614	  0.282036	  0.314831	
  0.058202	  0.248121	  0.089471	  0.604206	
  0.740913	  0.151091	  0.033713	  0.074283	
  0.897687	  0.051926	  0.014877	  0.035510	
  0.000090	  0.021879	  0.000025	  0.978006	
  0.271104	  0.088456	  0.049033	  0.591406	
  0.383479	  0.034788	  0.026557	  0.555176	
  0.666246	  0.107949	  0.156282	  0.069523	

URL http://cisbp.ccbr.utoronto.ca/TFreport.php?versionNumber=2.00&searchTF=T219984_2.00

MOTIF M02066_2.00 (L804_03528)_(Cryptococcus_neoformans)_(DBD_0.86)

letter-probability matrix: alength= 4 w= 9 nsites= 1 E= 0
  0.369225	  0.133141	  0.242598	  0.255036	
  0.024933	  0.046349	  0.060715	  0.868003	
  0.000003	  0.003807	  0.026755	  0.969436	
  0.912917	  0.043235	  0.041540	  0.002309	
  0.982717	  0.001897	  0.013878	  0.001507	
  0.067783	  0.009741	  0.000695	  0.921781	
  0.282432	  0.143085	  0.028035	  0.546448	
  0.352017	  0.124422	  0.153497	  0.370065	
  0.373390	  0.226472	  0.221988	  0.178150	

URL http://cisbp.ccbr.utoronto.ca/TFreport.php?versionNumber=2.00&searchTF=T219986_2.00

MOTIF M02067_2.00 (L804_05070)_(Cryptococcus_neoformans)_(DBD_0.91)

letter-probability matrix: alength= 4 w= 8 nsites= 1 E= 0
  0.074139	  0.064883	  0.194465	  0.666512	
  0.051153	  0.182501	  0.000073	  0.766273	
  0.825349	  0.026906	  0.100711	  0.047034	
  0.979805	  0.000067	  0.006732	  0.013396	
  0.033391	  0.000067	  0.000067	  0.966476	
  0.067163	  0.060454	  0.033615	  0.838768	
  0.702983	  0.000078	  0.226570	  0.070369	
  0.055642	  0.177810	  0.144491	  0.622057	

URL http://cisbp.ccbr.utoronto.ca/TFreport.php?versionNumber=2.00&searchTF=T219988_2.00

MOTIF M02249_2.00 (L804_02322)_(Neurospora_crassa)_(DBD_0.30)

letter-probability matrix: alength= 4 w= 10 nsites= 1 E= 0
  0.283600	  0.227595	  0.232192	  0.256612	
  0.230392	  0.212679	  0.304839	  0.252089	
  0.293438	  0.240247	  0.235489	  0.230826	
  0.116548	  0.031134	  0.065255	  0.787062	
  0.076460	  0.000184	  0.028411	  0.894946	
  0.057969	  0.862560	  0.029076	  0.050396	
  0.020561	  0.408869	  0.193136	  0.377434	
  0.547873	  0.105219	  0.207689	  0.139218	
  0.169023	  0.290044	  0.145479	  0.395454	
  0.259381	  0.227762	  0.298359	  0.214498	

URL http://cisbp.ccbr.utoronto.ca/TFreport.php?versionNumber=2.00&searchTF=T241008_2.00

MOTIF M02698_2.00 (L804_04569)_(Arabidopsis_thaliana)_(DBD_0.86)

letter-probability matrix: alength= 4 w= 11 nsites= 1 E= 0
  0.140000	  0.450000	  0.230000	  0.180000	
  0.160000	  0.270000	  0.550000	  0.020000	
  0.000000	  0.919192	  0.040404	  0.040404	
  0.000000	  0.050000	  0.930000	  0.020000	
  0.040404	  0.939394	  0.000000	  0.020202	
  0.040404	  0.020202	  0.020202	  0.919192	
  0.080808	  0.000000	  0.858586	  0.060606	
  0.960000	  0.000000	  0.020000	  0.020000	
  0.040000	  0.040000	  0.920000	  0.000000	
  0.020000	  0.550000	  0.260000	  0.170000	
  0.151515	  0.323232	  0.242424	  0.282828	

URL http://cisbp.ccbr.utoronto.ca/TFreport.php?versionNumber=2.00&searchTF=T273552_2.00

MOTIF M08452_2.00 (L804_00322)_(Saccharomyces_cerevisiae)_(DBD_0.75)

letter-probability matrix: alength= 4 w= 5 nsites= 1 E= 0
  0.000000	  0.000000	  0.000000	  1.000000	
  0.000000	  0.000000	  0.010160	  0.989840	
  0.005578	  0.000000	  0.994422	  0.000000	
  0.000000	  0.000000	  0.998223	  0.001777	
  0.158006	  0.378979	  0.030665	  0.432350	

URL http://cisbp.ccbr.utoronto.ca/TFreport.php?versionNumber=2.00&searchTF=T160094_2.00

