MEME version 4

ALPHABET= ACGT

strands: + -

Background letter frequencies (from uniform background):
A 0.25000 C 0.25000 G 0.25000 T 0.25000 

MOTIF M00115_2.00 (CMS239C)_(Mus_musculus)_(DBD_0.32)

letter-probability matrix: alength= 4 w= 9 nsites= 1 E= 0
  0.246578	  0.267115	  0.232219	  0.254088	
  0.378326	  0.089636	  0.246105	  0.285933	
  0.932211	  0.020037	  0.024473	  0.023279	
  0.109459	  0.057143	  0.094212	  0.739186	
  0.198441	  0.333784	  0.113351	  0.354424	
  0.708755	  0.056459	  0.138866	  0.095920	
  0.607308	  0.100387	  0.141039	  0.151265	
  0.519306	  0.108039	  0.187259	  0.185396	
  0.347377	  0.202433	  0.185010	  0.265180	

URL http://cisbp.ccbr.utoronto.ca/TFreport.php?versionNumber=2.00&searchTF=T014334_2.00

MOTIF M00889_2.00 (CMT447C)_(Arabidopsis_thaliana)_(DBD_0.29)

letter-probability matrix: alength= 4 w= 12 nsites= 1 E= 0
  0.304734	  0.198088	  0.299091	  0.198088	
  0.764758	  0.078414	  0.078414	  0.078414	
  0.146666	  0.050698	  0.050698	  0.751939	
  0.625315	  0.121356	  0.227065	  0.026263	
  0.903017	  0.096306	  0.000338	  0.000338	
  0.094494	  0.000338	  0.096306	  0.808861	
  0.095431	  0.000338	  0.000338	  0.903893	
  0.904830	  0.094494	  0.000338	  0.000338	
  0.347844	  0.052250	  0.152763	  0.447143	
  0.282790	  0.275625	  0.171924	  0.269661	
  0.199641	  0.297377	  0.303342	  0.199641	
  0.327776	  0.224075	  0.224075	  0.224075	

URL http://cisbp.ccbr.utoronto.ca/TFreport.php?versionNumber=2.00&searchTF=T327094_2.00

MOTIF M01069_2.00 (CMK043C)_(Arabidopsis_thaliana)_(DBD_0.67)

letter-probability matrix: alength= 4 w= 10 nsites= 1 E= 0
  0.324154	  0.200581	  0.215125	  0.260140	
  0.461198	  0.123202	  0.174833	  0.240767	
  0.601582	  0.127685	  0.117868	  0.152866	
  0.576689	  0.110753	  0.201805	  0.110753	
  0.235678	  0.034208	  0.126782	  0.603332	
  0.969770	  0.000109	  0.013559	  0.016561	
  0.024780	  0.021328	  0.009975	  0.943917	
  0.054857	  0.824459	  0.023682	  0.097002	
  0.201171	  0.231402	  0.158247	  0.409180	
  0.259970	  0.235230	  0.244830	  0.259970	

URL http://cisbp.ccbr.utoronto.ca/TFreport.php?versionNumber=2.00&searchTF=T268739_2.00

MOTIF M01087_2.00 (CMH162C)_(Arabidopsis_thaliana)_(DBD_0.54)

letter-probability matrix: alength= 4 w= 10 nsites= 1 E= 0
  0.363763	  0.193737	  0.193737	  0.248763	
  0.435854	  0.149502	  0.175442	  0.239202	
  0.435354	  0.080331	  0.180578	  0.303737	
  0.104843	  0.081652	  0.061711	  0.751794	
  0.060645	  0.051679	  0.046295	  0.841381	
  0.003122	  0.533049	  0.072865	  0.390963	
  0.758381	  0.000142	  0.200574	  0.040902	
  0.899183	  0.023138	  0.031547	  0.046131	
  0.830968	  0.038574	  0.063599	  0.066859	
  0.293712	  0.255341	  0.066195	  0.384752	

URL http://cisbp.ccbr.utoronto.ca/TFreport.php?versionNumber=2.00&searchTF=T345257_2.00

MOTIF M01225_2.00 (CMT067C)_(Physcomitrella_patens)_(DBD_0.63)

letter-probability matrix: alength= 4 w= 10 nsites= 1 E= 0
  0.190589	  0.347275	  0.407531	  0.054605	
  0.053131	  0.125558	  0.759581	  0.061730	
  0.006389	  0.948224	  0.000029	  0.045358	
  0.045581	  0.000042	  0.924726	  0.029651	
  0.016651	  0.814394	  0.092060	  0.076895	
  0.118839	  0.496592	  0.220913	  0.163656	
  0.407444	  0.259798	  0.072960	  0.259798	
  0.440817	  0.140982	  0.104442	  0.313760	
  0.395676	  0.129101	  0.157685	  0.317538	
  0.315183	  0.176470	  0.156515	  0.351832	

URL http://cisbp.ccbr.utoronto.ca/TFreport.php?versionNumber=2.00&searchTF=T172382_2.00

MOTIF M01319_2.00 (CMA050C)_(Arabidopsis_thaliana)_(DBD_0.67)

letter-probability matrix: alength= 4 w= 8 nsites= 1 E= 0
  0.158993	  0.167145	  0.151239	  0.522623	
  0.178907	  0.147949	  0.124819	  0.548325	
  0.096781	  0.412588	  0.090238	  0.400394	
  0.640051	  0.041744	  0.317840	  0.000365	
  0.843350	  0.025981	  0.034377	  0.096292	
  0.746360	  0.041067	  0.080255	  0.132318	
  0.306449	  0.236288	  0.043600	  0.413663	
  0.253512	  0.201424	  0.199420	  0.345645	

URL http://cisbp.ccbr.utoronto.ca/TFreport.php?versionNumber=2.00&searchTF=T345256_2.00

MOTIF M01656_2.00 (CMM307C)_(Dictyostelium_discoideum)_(DBD_0.33)

letter-probability matrix: alength= 4 w= 10 nsites= 1 E= 0
  0.205322	  0.263638	  0.248285	  0.282754	
  0.351607	  0.137347	  0.245308	  0.265739	
  0.819730	  0.078963	  0.056203	  0.045104	
  0.069060	  0.004978	  0.032621	  0.893341	
  0.187905	  0.378394	  0.098095	  0.335606	
  0.597258	  0.075366	  0.169415	  0.157961	
  0.472036	  0.155564	  0.212099	  0.160301	
  0.412054	  0.160960	  0.228413	  0.198573	
  0.278116	  0.239377	  0.223193	  0.259314	
  0.257464	  0.230645	  0.221601	  0.290290	

URL http://cisbp.ccbr.utoronto.ca/TFreport.php?versionNumber=2.00&searchTF=T014330_2.00

MOTIF M01958_2.00 (CMT433C)_(Arabidopsis_thaliana)_(DBD_0.64)

letter-probability matrix: alength= 4 w= 10 nsites= 1 E= 0
  0.204326	  0.147169	  0.073602	  0.574904	
  0.200020	  0.025430	  0.297167	  0.477383	
  0.086017	  0.549104	  0.324616	  0.040263	
  0.000073	  0.198451	  0.801475	  0.000000	
  0.000000	  1.000000	  0.000000	  0.000000	
  0.000000	  0.000000	  1.000000	  0.000000	
  0.000000	  0.801475	  0.198451	  0.000073	
  0.040263	  0.324616	  0.549104	  0.086017	
  0.477383	  0.297167	  0.025430	  0.200020	
  0.574904	  0.073602	  0.147169	  0.204326	

URL http://cisbp.ccbr.utoronto.ca/TFreport.php?versionNumber=2.00&searchTF=T172384_2.00

MOTIF M03325_2.00 (CML277C)_(Homo_sapiens)_(DBD_0.53)

letter-probability matrix: alength= 4 w= 13 nsites= 1 E= 0
  0.020328	  0.009544	  0.960775	  0.009353	
  0.949448	  0.012827	  0.007545	  0.030180	
  0.835297	  0.031862	  0.023565	  0.109276	
  0.190722	  0.330287	  0.220522	  0.258468	
  0.282209	  0.216946	  0.366147	  0.134698	
  0.132278	  0.029511	  0.033109	  0.805102	
  0.071022	  0.004158	  0.070598	  0.854221	
  0.000793	  0.997721	  0.001189	  0.000297	
  0.001746	  0.253412	  0.212253	  0.532589	
  0.568436	  0.183625	  0.244438	  0.003501	
  0.006769	  0.010733	  0.973409	  0.009089	
  0.848033	  0.082975	  0.007666	  0.061326	
  0.712607	  0.078998	  0.072627	  0.135768	

URL http://cisbp.ccbr.utoronto.ca/TFreport.php?versionNumber=2.00&searchTF=T239988_2.00

MOTIF M06940_2.00 (CMO187C)_(Arabidopsis_thaliana)_(DBD_0.52)

letter-probability matrix: alength= 4 w= 15 nsites= 1 E= 0
  0.661605	  0.067245	  0.236443	  0.034707	
  0.010846	  0.000000	  0.986985	  0.002169	
  0.986985	  0.000000	  0.013015	  0.000000	
  0.939263	  0.004338	  0.026030	  0.030369	
  0.123644	  0.199566	  0.587853	  0.088937	
  0.210412	  0.420824	  0.203905	  0.164859	
  0.123644	  0.032538	  0.010846	  0.832972	
  0.039046	  0.000000	  0.010846	  0.950108	
  0.002169	  0.965293	  0.032538	  0.000000	
  0.047722	  0.084599	  0.013015	  0.854664	
  0.852494	  0.039046	  0.108460	  0.000000	
  0.002169	  0.006508	  0.980477	  0.010846	
  0.978307	  0.006508	  0.006508	  0.008677	
  0.774403	  0.030369	  0.086768	  0.108460	
  0.190889	  0.190889	  0.422993	  0.195228	

URL http://cisbp.ccbr.utoronto.ca/TFreport.php?versionNumber=2.00&searchTF=T239989_2.00

MOTIF M08108_2.00 (CML315C)_(Homo_sapiens)_(DBD_0.57)

letter-probability matrix: alength= 4 w= 11 nsites= 1 E= 0
  0.204783	  0.244644	  0.387145	  0.163428	
  0.131041	  0.340807	  0.468361	  0.059791	
  0.023916	  0.035376	  0.927753	  0.012955	
  0.013951	  0.939711	  0.010962	  0.035376	
  0.006976	  0.026906	  0.962631	  0.003488	
  0.017937	  0.039860	  0.929248	  0.012955	
  0.013453	  0.015944	  0.956153	  0.014449	
  0.924265	  0.011958	  0.048829	  0.014948	
  0.819631	  0.084704	  0.068261	  0.027404	
  0.231689	  0.322372	  0.322870	  0.123069	
  0.189836	  0.300947	  0.322870	  0.186348	

URL http://cisbp.ccbr.utoronto.ca/TFreport.php?versionNumber=2.00&searchTF=T172381_2.00

