MEME version 4

ALPHABET= ACGT

strands: + -

Background letter frequencies (from uniform background):
A 0.25000 C 0.25000 G 0.25000 T 0.25000 

MOTIF M00153_2.00 (estExt_fgeneshDP_pg.C_1960001)_(Mus_musculus)_(DBD_0.60)

letter-probability matrix: alength= 4 w= 10 nsites= 1 E= 0
  0.328844	  0.158473	  0.193559	  0.319125	
  0.340062	  0.138259	  0.138259	  0.383419	
  0.250781	  0.152106	  0.248285	  0.348828	
  0.146662	  0.212328	  0.477294	  0.163716	
  0.049148	  0.109382	  0.841214	  0.000255	
  0.098666	  0.881603	  0.000009	  0.019722	
  0.001228	  0.000013	  0.977948	  0.020810	
  0.022581	  0.624590	  0.326064	  0.026765	
  0.135566	  0.284138	  0.361210	  0.219085	
  0.234821	  0.292605	  0.182879	  0.289694	

URL http://cisbp.ccbr.utoronto.ca/TFreport.php?versionNumber=2.00&searchTF=T173826_2.00

MOTIF M00178_2.00 (estExt_fgeneshDP_kg.C_1450001)_(Mus_musculus)_(DBD_0.90)

letter-probability matrix: alength= 4 w= 10 nsites= 1 E= 0
  0.212984	  0.416099	  0.142972	  0.227946	
  0.201998	  0.401559	  0.182516	  0.213926	
  0.432247	  0.083239	  0.179282	  0.305232	
  0.394149	  0.098816	  0.146383	  0.360652	
  0.532912	  0.075998	  0.118189	  0.272901	
  0.272901	  0.118189	  0.075998	  0.532912	
  0.360652	  0.146383	  0.098816	  0.394149	
  0.305232	  0.179282	  0.083239	  0.432247	
  0.213926	  0.182516	  0.401559	  0.201998	
  0.227946	  0.142972	  0.416099	  0.212984	

URL http://cisbp.ccbr.utoronto.ca/TFreport.php?versionNumber=2.00&searchTF=T257332_2.00

MOTIF M00982_2.00 (fgeneshDP_pm.C_scaffold_39000024)_(Arabidopsis_thaliana)_(DBD_0.58)

letter-probability matrix: alength= 4 w= 8 nsites= 1 E= 0
  0.250000	  0.261358	  0.204566	  0.284075	
  0.401527	  0.007950	  0.582572	  0.007950	
  0.000061	  0.000061	  0.993683	  0.006195	
  0.000061	  0.006195	  0.000061	  0.993683	
  0.006195	  0.993683	  0.000061	  0.000061	
  0.987549	  0.000061	  0.000061	  0.012328	
  0.886497	  0.000067	  0.100040	  0.013396	
  0.280691	  0.377148	  0.149158	  0.193002	

URL http://cisbp.ccbr.utoronto.ca/TFreport.php?versionNumber=2.00&searchTF=T355663_2.00

MOTIF M01079_2.00 (estExt_Genewise1.C_5980003)_(Arabidopsis_thaliana)_(DBD_0.87)

letter-probability matrix: alength= 4 w= 10 nsites= 1 E= 0
  0.385352	  0.143188	  0.180216	  0.291243	
  0.571201	  0.093479	  0.105398	  0.229922	
  0.673942	  0.090301	  0.124355	  0.111402	
  0.748474	  0.070671	  0.085459	  0.095396	
  0.178695	  0.036807	  0.067066	  0.717433	
  0.864813	  0.038572	  0.034901	  0.061714	
  0.074245	  0.067180	  0.048297	  0.810277	
  0.058777	  0.865890	  0.037478	  0.037855	
  0.161708	  0.150776	  0.111697	  0.575819	
  0.320690	  0.169097	  0.217125	  0.293088	

URL http://cisbp.ccbr.utoronto.ca/TFreport.php?versionNumber=2.00&searchTF=T284799_2.00

MOTIF M01233_2.00 (estExt_fgeneshDP_pg.C_810039)_(Dictyostelium_discoideum)_(DBD_1.00)

letter-probability matrix: alength= 4 w= 10 nsites= 1 E= 0
  0.125078	  0.357429	  0.134147	  0.383346	
  0.698844	  0.106637	  0.134213	  0.060306	
  0.013828	  0.005402	  0.912962	  0.067809	
  0.959418	  0.015742	  0.000397	  0.024443	
  0.025356	  0.013916	  0.023407	  0.937321	
  0.005677	  0.876939	  0.046826	  0.070558	
  0.045150	  0.032136	  0.230439	  0.692276	
  0.341321	  0.134669	  0.404569	  0.119441	
  0.269108	  0.243499	  0.171591	  0.315801	
  0.350658	  0.175882	  0.221365	  0.252096	

URL http://cisbp.ccbr.utoronto.ca/TFreport.php?versionNumber=2.00&searchTF=T196134_2.00

MOTIF M01319_2.00 (GID1.0048972)_(Arabidopsis_thaliana)_(DBD_0.68)

letter-probability matrix: alength= 4 w= 8 nsites= 1 E= 0
  0.158993	  0.167145	  0.151239	  0.522623	
  0.178907	  0.147949	  0.124819	  0.548325	
  0.096781	  0.412588	  0.090238	  0.400394	
  0.640051	  0.041744	  0.317840	  0.000365	
  0.843350	  0.025981	  0.034377	  0.096292	
  0.746360	  0.041067	  0.080255	  0.132318	
  0.306449	  0.236288	  0.043600	  0.413663	
  0.253512	  0.201424	  0.199420	  0.345645	

URL http://cisbp.ccbr.utoronto.ca/TFreport.php?versionNumber=2.00&searchTF=T345978_2.00

MOTIF M01445_2.00 (e_gw1.138.36.1)_(Dictyostelium_discoideum)_(DBD_0.91)

letter-probability matrix: alength= 4 w= 9 nsites= 1 E= 0
  0.352064	  0.272823	  0.187556	  0.187556	
  0.000161	  0.999518	  0.000161	  0.000161	
  0.903702	  0.095976	  0.000161	  0.000161	
  0.000161	  0.999518	  0.000161	  0.000161	
  0.000161	  0.000161	  0.683493	  0.316186	
  0.000161	  0.626319	  0.000161	  0.373360	
  0.000161	  0.999518	  0.000161	  0.000161	
  0.000161	  0.000161	  0.999518	  0.000161	
  0.062604	  0.383001	  0.062604	  0.491790	

URL http://cisbp.ccbr.utoronto.ca/TFreport.php?versionNumber=2.00&searchTF=T137995_2.00

MOTIF M01565_2.00 (estExt_fgeneshDP_kg.C_1050006)_(Saccharomyces_cerevisiae)_(DBD_0.45)

letter-probability matrix: alength= 4 w= 10 nsites= 1 E= 0
  0.275621	  0.196179	  0.184754	  0.343445	
  0.239066	  0.197698	  0.157078	  0.406158	
  0.351405	  0.065493	  0.118148	  0.464954	
  0.275882	  0.145470	  0.109944	  0.468704	
  0.465587	  0.103886	  0.064283	  0.366244	
  0.343551	  0.084719	  0.502369	  0.069362	
  0.039893	  0.339069	  0.050714	  0.570324	
  0.299986	  0.072511	  0.434301	  0.193202	
  0.212492	  0.210378	  0.364638	  0.212492	
  0.183038	  0.221338	  0.419764	  0.175861	

URL http://cisbp.ccbr.utoronto.ca/TFreport.php?versionNumber=2.00&searchTF=T334048_2.00

MOTIF M01567_2.00 (estExt_fgeneshDP_kg.C_6840001)_(Saccharomyces_cerevisiae)_(DBD_0.79)

letter-probability matrix: alength= 4 w= 7 nsites= 1 E= 0
  0.315311	  0.189343	  0.207174	  0.288172	
  0.345705	  0.141966	  0.211788	  0.300541	
  0.271982	  0.110580	  0.155359	  0.462079	
  0.583542	  0.000869	  0.110954	  0.304636	
  0.219565	  0.006434	  0.188981	  0.585020	
  0.934996	  0.000354	  0.051964	  0.012687	
  0.422777	  0.000471	  0.095282	  0.481470	

URL http://cisbp.ccbr.utoronto.ca/TFreport.php?versionNumber=2.00&searchTF=T343119_2.00

MOTIF M01794_2.00 (estExt_fgeneshDP_kg.C_4110001)_(Dictyostelium_discoideum)_(DBD_0.89)

letter-probability matrix: alength= 4 w= 9 nsites= 1 E= 0
  0.722353	  0.051548	  0.115875	  0.110224	
  0.011665	  0.770150	  0.105276	  0.112909	
  0.023156	  0.039341	  0.908935	  0.028568	
  0.000015	  0.000001	  0.000001	  0.999983	
  0.204441	  0.113327	  0.555728	  0.126505	
  0.030794	  0.000266	  0.763052	  0.205887	
  0.137156	  0.412039	  0.133102	  0.317703	
  0.395569	  0.232834	  0.131673	  0.239924	
  0.255564	  0.334780	  0.148929	  0.260727	

URL http://cisbp.ccbr.utoronto.ca/TFreport.php?versionNumber=2.00&searchTF=T070887_2.00

MOTIF M01796_2.00 (GID1.0039857)_(Dictyostelium_discoideum)_(DBD_0.89)

letter-probability matrix: alength= 4 w= 10 nsites= 1 E= 0
  0.313062	  0.203650	  0.332421	  0.150867	
  0.171436	  0.240859	  0.077806	  0.509899	
  0.050046	  0.238160	  0.535361	  0.176433	
  0.952059	  0.000307	  0.047400	  0.000234	
  0.001305	  0.842068	  0.048224	  0.108404	
  0.147537	  0.050607	  0.730757	  0.071100	
  0.173062	  0.231285	  0.106022	  0.489630	
  0.211470	  0.107134	  0.504761	  0.176635	
  0.149963	  0.144083	  0.368850	  0.337104	
  0.282001	  0.317956	  0.189031	  0.211011	

URL http://cisbp.ccbr.utoronto.ca/TFreport.php?versionNumber=2.00&searchTF=T071147_2.00

MOTIF M01797_2.00 (estExt_fgeneshDP_kg.C_3780001)_(Dictyostelium_discoideum)_(DBD_0.98)

letter-probability matrix: alength= 4 w= 11 nsites= 1 E= 0
  0.229248	  0.312257	  0.229248	  0.229248	
  0.383818	  0.205394	  0.205394	  0.205394	
  0.601000	  0.106264	  0.186471	  0.106264	
  0.584632	  0.000198	  0.000198	  0.414973	
  0.000198	  0.077683	  0.082181	  0.839939	
  0.916399	  0.000198	  0.000198	  0.083206	
  0.000198	  0.916399	  0.000198	  0.083206	
  0.167704	  0.000198	  0.831900	  0.000198	
  0.098435	  0.110971	  0.020950	  0.769644	
  0.783606	  0.044804	  0.126787	  0.044804	
  0.244812	  0.221418	  0.143933	  0.389837	

URL http://cisbp.ccbr.utoronto.ca/TFreport.php?versionNumber=2.00&searchTF=T070886_2.00

MOTIF M01801_2.00 (estExt_fgeneshDP_kg.C_700003)_(Dictyostelium_discoideum)_(DBD_0.98)

letter-probability matrix: alength= 4 w= 10 nsites= 1 E= 0
  0.674474	  0.094060	  0.158212	  0.073254	
  0.011359	  0.033786	  0.001448	  0.953407	
  0.191355	  0.266169	  0.470658	  0.071818	
  0.413102	  0.025373	  0.366389	  0.195136	
  0.006941	  0.843433	  0.000098	  0.149528	
  0.030620	  0.015669	  0.936045	  0.017666	
  0.147392	  0.530117	  0.045746	  0.276745	
  0.161295	  0.274029	  0.338064	  0.226611	
  0.665337	  0.092786	  0.108885	  0.132993	
  0.104473	  0.286842	  0.154305	  0.454379	

URL http://cisbp.ccbr.utoronto.ca/TFreport.php?versionNumber=2.00&searchTF=T070888_2.00

MOTIF M02007_2.00 (estExt_fgeneshDP_pg.C_260001)_(Dictyostelium_discoideum)_(DBD_1.00)

letter-probability matrix: alength= 4 w= 10 nsites= 1 E= 0
  0.180841	  0.286465	  0.234538	  0.298156	
  0.366884	  0.113869	  0.129677	  0.389571	
  0.335406	  0.187793	  0.258616	  0.218185	
  0.102789	  0.348164	  0.211172	  0.337875	
  0.841733	  0.112783	  0.031673	  0.013811	
  0.000000	  0.000053	  0.998602	  0.001345	
  0.984155	  0.012083	  0.002950	  0.000812	
  0.000099	  0.007526	  0.021294	  0.971081	
  0.111980	  0.491921	  0.194089	  0.202010	
  0.154422	  0.247074	  0.264989	  0.333515	

URL http://cisbp.ccbr.utoronto.ca/TFreport.php?versionNumber=2.00&searchTF=T196129_2.00

MOTIF M02008_2.00 (GID1.0049735)_(Dictyostelium_discoideum)_(DBD_0.97)

letter-probability matrix: alength= 4 w= 10 nsites= 1 E= 0
  0.268498	  0.226522	  0.193030	  0.311950	
  0.199450	  0.303555	  0.297545	  0.199450	
  0.074537	  0.121669	  0.030003	  0.773791	
  0.000405	  0.000096	  0.999018	  0.000480	
  0.991970	  0.001682	  0.003253	  0.003095	
  0.000086	  0.001984	  0.000752	  0.997179	
  0.033195	  0.455963	  0.282142	  0.228700	
  0.326773	  0.135540	  0.372138	  0.165549	
  0.278478	  0.244530	  0.239688	  0.237303	
  0.232649	  0.270300	  0.237349	  0.259701	

URL http://cisbp.ccbr.utoronto.ca/TFreport.php?versionNumber=2.00&searchTF=T196285_2.00

MOTIF M02009_2.00 (estExt_Genewise1.C_8110001)_(Dictyostelium_discoideum)_(DBD_1.00)

letter-probability matrix: alength= 4 w= 8 nsites= 1 E= 0
  0.210609	  0.578256	  0.053046	  0.158088	
  0.310262	  0.689050	  0.000344	  0.000344	
  0.000303	  0.000303	  0.999092	  0.000303	
  0.999092	  0.000303	  0.000303	  0.000303	
  0.000303	  0.000303	  0.000303	  0.999092	
  0.000303	  0.999092	  0.000303	  0.000303	
  0.000312	  0.000312	  0.780587	  0.218789	
  0.691628	  0.038786	  0.077189	  0.192396	

URL http://cisbp.ccbr.utoronto.ca/TFreport.php?versionNumber=2.00&searchTF=T196168_2.00

MOTIF M02013_2.00 (fgeneshDP_pg.C_scaffold_73000029)_(Dictyostelium_discoideum)_(DBD_1.00)

letter-probability matrix: alength= 4 w= 8 nsites= 1 E= 0
  0.208124	  0.336344	  0.148137	  0.307395	
  0.193980	  0.326279	  0.175520	  0.304221	
  0.329188	  0.570565	  0.021469	  0.078778	
  0.020795	  0.000370	  0.911160	  0.067675	
  0.967400	  0.000175	  0.000140	  0.032285	
  0.006241	  0.000276	  0.000049	  0.993434	
  0.046560	  0.555982	  0.169141	  0.228317	
  0.249037	  0.109684	  0.449259	  0.192020	

URL http://cisbp.ccbr.utoronto.ca/TFreport.php?versionNumber=2.00&searchTF=T196246_2.00

MOTIF M02014_2.00 (estExt_fgeneshDP_pg.C_5480001)_(Dictyostelium_discoideum)_(DBD_0.94)

letter-probability matrix: alength= 4 w= 9 nsites= 1 E= 0
  0.219716	  0.265691	  0.183522	  0.331071	
  0.250434	  0.265920	  0.243032	  0.240614	
  0.444513	  0.386441	  0.083678	  0.085369	
  0.084304	  0.006517	  0.866469	  0.042710	
  0.921264	  0.013273	  0.007735	  0.057728	
  0.016068	  0.014394	  0.000001	  0.969537	
  0.152074	  0.546954	  0.164739	  0.136233	
  0.135109	  0.205631	  0.261408	  0.397853	
  0.296179	  0.230665	  0.242491	  0.230665	

URL http://cisbp.ccbr.utoronto.ca/TFreport.php?versionNumber=2.00&searchTF=T196132_2.00

MOTIF M02068_2.00 (gw1.13.131.1)_(Dictyostelium_discoideum)_(DBD_0.83)

letter-probability matrix: alength= 4 w= 10 nsites= 1 E= 0
  0.275649	  0.194246	  0.254456	  0.275649	
  0.211473	  0.243252	  0.248166	  0.297109	
  0.151276	  0.130204	  0.092675	  0.625845	
  0.075150	  0.068682	  0.734719	  0.121448	
  0.873117	  0.000347	  0.100692	  0.025844	
  0.041057	  0.832943	  0.000166	  0.125834	
  0.574570	  0.033907	  0.312193	  0.079330	
  0.090568	  0.227260	  0.378455	  0.303717	
  0.241421	  0.280492	  0.291939	  0.186148	
  0.248580	  0.241233	  0.203520	  0.306667	

URL http://cisbp.ccbr.utoronto.ca/TFreport.php?versionNumber=2.00&searchTF=T227608_2.00

MOTIF M02069_2.00 (estExt_fgeneshDP_kg.C_480003)_(Dictyostelium_discoideum)_(DBD_0.67)

letter-probability matrix: alength= 4 w= 8 nsites= 1 E= 0
  0.250000	  0.002475	  0.002475	  0.745050	
  0.001984	  0.001984	  0.001984	  0.994048	
  0.001984	  0.001984	  0.994048	  0.001984	
  0.994048	  0.001984	  0.001984	  0.001984	
  0.001984	  0.001984	  0.001984	  0.994048	
  0.001984	  0.001984	  0.001984	  0.994048	
  0.200397	  0.001984	  0.795635	  0.001984	
  0.497525	  0.002475	  0.497525	  0.002475	

URL http://cisbp.ccbr.utoronto.ca/TFreport.php?versionNumber=2.00&searchTF=T227405_2.00

MOTIF M02071_2.00 (estExt_fgeneshDP_pg.C_80069)_(Dictyostelium_discoideum)_(DBD_0.90)

letter-probability matrix: alength= 4 w= 10 nsites= 1 E= 0
  0.298703	  0.171430	  0.171430	  0.358437	
  0.304805	  0.135193	  0.025700	  0.534302	
  0.715211	  0.093459	  0.093911	  0.097419	
  0.000182	  0.000182	  0.000182	  0.999455	
  0.999455	  0.000182	  0.000182	  0.000182	
  0.097419	  0.000182	  0.000182	  0.902218	
  0.905485	  0.000182	  0.094152	  0.000182	
  0.094152	  0.093911	  0.000182	  0.811755	
  0.175207	  0.078752	  0.575191	  0.170850	
  0.224482	  0.224482	  0.224482	  0.326554	

URL http://cisbp.ccbr.utoronto.ca/TFreport.php?versionNumber=2.00&searchTF=T227409_2.00

MOTIF M02072_2.00 (estExt_fgeneshDP_kg.C_1390001)_(Dictyostelium_discoideum)_(DBD_0.62)

letter-probability matrix: alength= 4 w= 13 nsites= 1 E= 0
  0.327598	  0.224134	  0.224134	  0.224134	
  0.296848	  0.199896	  0.199896	  0.303360	
  0.243706	  0.146753	  0.462787	  0.146753	
  0.097885	  0.201350	  0.409041	  0.291724	
  0.124463	  0.024293	  0.826951	  0.024293	
  0.000172	  0.802830	  0.000172	  0.196826	
  0.999484	  0.000172	  0.000172	  0.000172	
  0.000172	  0.000172	  0.000172	  0.999484	
  0.222692	  0.026038	  0.434080	  0.317190	
  0.244475	  0.050276	  0.050276	  0.654972	
  0.103418	  0.197651	  0.103418	  0.595512	
  0.348941	  0.249558	  0.152287	  0.249215	
  0.225879	  0.225879	  0.225879	  0.322363	

URL http://cisbp.ccbr.utoronto.ca/TFreport.php?versionNumber=2.00&searchTF=T227404_2.00

MOTIF M02073_2.00 (e_gw1.303.16.1)_(Dictyostelium_discoideum)_(DBD_0.98)

letter-probability matrix: alength= 4 w= 8 nsites= 1 E= 0
  0.270248	  0.108261	  0.216253	  0.405238	
  0.282994	  0.075603	  0.132164	  0.509238	
  0.000141	  0.014217	  0.000141	  0.985501	
  0.000139	  0.000139	  0.999584	  0.000139	
  0.999584	  0.000139	  0.000139	  0.000139	
  0.000139	  0.999584	  0.000139	  0.000139	
  0.971821	  0.000139	  0.027901	  0.000139	
  0.000182	  0.454397	  0.200036	  0.345385	

URL http://cisbp.ccbr.utoronto.ca/TFreport.php?versionNumber=2.00&searchTF=T227252_2.00

MOTIF M02143_2.00 (estExt_fgeneshDP_pg.C_350041)_(Nematostella_vectensis)_(DBD_0.44)

letter-probability matrix: alength= 4 w= 8 nsites= 1 E= 0
  0.197481	  0.283055	  0.203495	  0.315968	
  0.159614	  0.085009	  0.054204	  0.701174	
  0.623566	  0.079476	  0.133681	  0.163278	
  0.868297	  0.028404	  0.061346	  0.041952	
  0.031540	  0.074534	  0.072331	  0.821596	
  0.168804	  0.101366	  0.116599	  0.613230	
  0.357886	  0.081468	  0.441516	  0.119130	
  0.262360	  0.221344	  0.336877	  0.179418	

URL http://cisbp.ccbr.utoronto.ca/TFreport.php?versionNumber=2.00&searchTF=T227408_2.00

MOTIF M02225_2.00 (GID1.0049906)_(Neurospora_crassa)_(DBD_0.46)

letter-probability matrix: alength= 4 w= 8 nsites= 1 E= 0
  0.209810	  0.248689	  0.243765	  0.297735	
  0.169404	  0.268348	  0.296570	  0.265678	
  0.128561	  0.266774	  0.173539	  0.431126	
  0.418284	  0.236550	  0.131126	  0.214040	
  0.620568	  0.129106	  0.226022	  0.024304	
  0.203970	  0.136725	  0.099283	  0.560021	
  0.279320	  0.235653	  0.176330	  0.308697	
  0.292088	  0.158706	  0.150966	  0.398240	

URL http://cisbp.ccbr.utoronto.ca/TFreport.php?versionNumber=2.00&searchTF=T227600_2.00

MOTIF M02315_2.00 (e_gw1.272.22.1)_(Dictyostelium_discoideum)_(DBD_0.91)

letter-probability matrix: alength= 4 w= 10 nsites= 1 E= 0
  0.244135	  0.195923	  0.236920	  0.323022	
  0.279112	  0.133168	  0.053070	  0.534650	
  0.928101	  0.005069	  0.040171	  0.026659	
  0.438291	  0.185468	  0.118260	  0.257980	
  0.035085	  0.932411	  0.016740	  0.015765	
  0.151723	  0.279236	  0.396255	  0.172787	
  0.135382	  0.162082	  0.472530	  0.230005	
  0.099323	  0.419212	  0.098335	  0.383131	
  0.186969	  0.361747	  0.130444	  0.320840	
  0.200280	  0.317258	  0.267660	  0.214802	

URL http://cisbp.ccbr.utoronto.ca/TFreport.php?versionNumber=2.00&searchTF=T284609_2.00

MOTIF M02317_2.00 (estExt_fgeneshDP_pg.C_3010001)_(Dictyostelium_discoideum)_(DBD_0.98)

letter-probability matrix: alength= 4 w= 10 nsites= 1 E= 0
  0.287690	  0.213126	  0.202732	  0.296452	
  0.178686	  0.211797	  0.246073	  0.363445	
  0.123190	  0.082576	  0.002897	  0.791337	
  0.612458	  0.171997	  0.203869	  0.011675	
  0.126805	  0.282209	  0.061108	  0.529878	
  0.267416	  0.316969	  0.192251	  0.223364	
  0.245920	  0.241051	  0.111610	  0.401420	
  0.174902	  0.306196	  0.335032	  0.183870	
  0.265921	  0.215551	  0.093056	  0.425472	
  0.322335	  0.205530	  0.180475	  0.291661	

URL http://cisbp.ccbr.utoronto.ca/TFreport.php?versionNumber=2.00&searchTF=T284760_2.00

MOTIF M02320_2.00 (estExt_fgeneshDP_pg.C_2680001)_(Dictyostelium_discoideum)_(DBD_0.96)

letter-probability matrix: alength= 4 w= 9 nsites= 1 E= 0
  0.247227	  0.219270	  0.254756	  0.278747	
  0.277152	  0.263635	  0.215846	  0.243366	
  0.342211	  0.120956	  0.250994	  0.285839	
  0.941574	  0.014993	  0.013840	  0.029593	
  0.013226	  0.094837	  0.093894	  0.798043	
  0.038983	  0.909700	  0.013107	  0.038211	
  0.154512	  0.056842	  0.023342	  0.765304	
  0.047996	  0.614684	  0.254960	  0.082361	
  0.217159	  0.333830	  0.347453	  0.101558	

URL http://cisbp.ccbr.utoronto.ca/TFreport.php?versionNumber=2.00&searchTF=T284759_2.00

MOTIF M02321_2.00 (estExt_fgeneshDP_kg.C_4430003)_(Dictyostelium_discoideum)_(DBD_0.98)

letter-probability matrix: alength= 4 w= 10 nsites= 1 E= 0
  0.187435	  0.291032	  0.069646	  0.451887	
  0.867796	  0.030446	  0.034673	  0.067085	
  0.782187	  0.150219	  0.049013	  0.018580	
  0.016070	  0.931660	  0.001007	  0.051263	
  0.028881	  0.305875	  0.470209	  0.195035	
  0.131471	  0.122583	  0.522585	  0.223361	
  0.318603	  0.370164	  0.101895	  0.209337	
  0.244959	  0.337340	  0.133099	  0.284602	
  0.268426	  0.233358	  0.242882	  0.255334	
  0.244764	  0.259899	  0.232826	  0.262511	

URL http://cisbp.ccbr.utoronto.ca/TFreport.php?versionNumber=2.00&searchTF=T284758_2.00

MOTIF M02322_2.00 (e_gw1.16.18.1)_(Dictyostelium_discoideum)_(DBD_0.91)

letter-probability matrix: alength= 4 w= 10 nsites= 1 E= 0
  0.104571	  0.230410	  0.026046	  0.638973	
  0.904351	  0.017240	  0.066501	  0.011908	
  0.971122	  0.021943	  0.003813	  0.003122	
  0.013237	  0.965866	  0.000751	  0.020146	
  0.021878	  0.133682	  0.717278	  0.127162	
  0.068401	  0.020194	  0.850129	  0.061276	
  0.283720	  0.206023	  0.060824	  0.449433	
  0.216766	  0.254378	  0.160584	  0.368271	
  0.397704	  0.168293	  0.136416	  0.297587	
  0.299158	  0.212931	  0.179643	  0.308268	

URL http://cisbp.ccbr.utoronto.ca/TFreport.php?versionNumber=2.00&searchTF=T284589_2.00

MOTIF M08108_2.00 (estExt_fgeneshDP_pg.C_1220013)_(Homo_sapiens)_(DBD_0.54)

letter-probability matrix: alength= 4 w= 11 nsites= 1 E= 0
  0.204783	  0.244644	  0.387145	  0.163428	
  0.131041	  0.340807	  0.468361	  0.059791	
  0.023916	  0.035376	  0.927753	  0.012955	
  0.013951	  0.939711	  0.010962	  0.035376	
  0.006976	  0.026906	  0.962631	  0.003488	
  0.017937	  0.039860	  0.929248	  0.012955	
  0.013453	  0.015944	  0.956153	  0.014449	
  0.924265	  0.011958	  0.048829	  0.014948	
  0.819631	  0.084704	  0.068261	  0.027404	
  0.231689	  0.322372	  0.322870	  0.123069	
  0.189836	  0.300947	  0.322870	  0.186348	

URL http://cisbp.ccbr.utoronto.ca/TFreport.php?versionNumber=2.00&searchTF=T173825_2.00

