MEME version 4

ALPHABET= ACGT

strands: + -

Background letter frequencies (from uniform background):
A 0.25000 C 0.25000 G 0.25000 T 0.25000 

MOTIF M00178_2.00 (srfB)_(Mus_musculus)_(DBD_0.85)

letter-probability matrix: alength= 4 w= 10 nsites= 1 E= 0
  0.212984	  0.416099	  0.142972	  0.227946	
  0.201998	  0.401559	  0.182516	  0.213926	
  0.432247	  0.083239	  0.179282	  0.305232	
  0.394149	  0.098816	  0.146383	  0.360652	
  0.532912	  0.075998	  0.118189	  0.272901	
  0.272901	  0.118189	  0.075998	  0.532912	
  0.360652	  0.146383	  0.098816	  0.394149	
  0.305232	  0.179282	  0.083239	  0.432247	
  0.213926	  0.182516	  0.401559	  0.201998	
  0.227946	  0.142972	  0.416099	  0.212984	

URL http://cisbp.ccbr.utoronto.ca/TFreport.php?versionNumber=2.00&searchTF=T253546_2.00

MOTIF M00216_2.00 (tbpA)_(Mus_musculus)_(DBD_0.79)

letter-probability matrix: alength= 4 w= 7 nsites= 1 E= 0
  0.317192	  0.188577	  0.170632	  0.323600	
  0.377028	  0.110202	  0.112429	  0.400342	
  0.238466	  0.123251	  0.123251	  0.515031	
  0.532428	  0.000769	  0.095340	  0.371463	
  0.290314	  0.000533	  0.069475	  0.639678	
  0.715780	  0.078521	  0.191210	  0.014489	
  0.289234	  0.119969	  0.104296	  0.486500	

URL http://cisbp.ccbr.utoronto.ca/TFreport.php?versionNumber=2.00&searchTF=T342240_2.00

MOTIF M01104_2.00 (DDB_G0284871)_(Fusarium_graminearum)_(DBD_0.39)

letter-probability matrix: alength= 4 w= 10 nsites= 1 E= 0
  0.275242	  0.208023	  0.170315	  0.346420	
  0.354896	  0.194771	  0.226292	  0.224040	
  0.393688	  0.199449	  0.175135	  0.231727	
  0.446255	  0.101584	  0.226080	  0.226080	
  0.369831	  0.085888	  0.123106	  0.421174	
  0.504457	  0.044857	  0.076975	  0.373711	
  0.796844	  0.000336	  0.000336	  0.202484	
  0.605595	  0.000062	  0.000397	  0.393945	
  0.296896	  0.000116	  0.028887	  0.674102	
  0.306380	  0.261080	  0.107214	  0.325326	

URL http://cisbp.ccbr.utoronto.ca/TFreport.php?versionNumber=2.00&searchTF=T017349_2.00

MOTIF M01232_2.00 gtaS

letter-probability matrix: alength= 4 w= 8 nsites= 1 E= 0
  0.009615	  0.009615	  0.009615	  0.971154	
  0.971154	  0.009615	  0.009615	  0.009615	
  0.009615	  0.009615	  0.971154	  0.009615	
  0.971154	  0.009615	  0.009615	  0.009615	
  0.009615	  0.009615	  0.009615	  0.971154	
  0.009615	  0.971154	  0.009615	  0.009615	
  0.009615	  0.009615	  0.009615	  0.971154	
  0.971154	  0.009615	  0.009615	  0.009615	

URL http://cisbp.ccbr.utoronto.ca/TFreport.php?versionNumber=2.00&searchTF=T192474_2.00

MOTIF M01233_2.00 gtaJ

letter-probability matrix: alength= 4 w= 10 nsites= 1 E= 0
  0.125078	  0.357429	  0.134147	  0.383346	
  0.698844	  0.106637	  0.134213	  0.060306	
  0.013828	  0.005402	  0.912962	  0.067809	
  0.959418	  0.015742	  0.000397	  0.024443	
  0.025356	  0.013916	  0.023407	  0.937321	
  0.005677	  0.876939	  0.046826	  0.070558	
  0.045150	  0.032136	  0.230439	  0.692276	
  0.341321	  0.134669	  0.404569	  0.119441	
  0.269108	  0.243499	  0.171591	  0.315801	
  0.350658	  0.175882	  0.221365	  0.252096	

URL http://cisbp.ccbr.utoronto.ca/TFreport.php?versionNumber=2.00&searchTF=T192479_2.00

MOTIF M01319_2.00 (DDB_G0281519)_(Arabidopsis_thaliana)_(DBD_0.69)

letter-probability matrix: alength= 4 w= 8 nsites= 1 E= 0
  0.158993	  0.167145	  0.151239	  0.522623	
  0.178907	  0.147949	  0.124819	  0.548325	
  0.096781	  0.412588	  0.090238	  0.400394	
  0.640051	  0.041744	  0.317840	  0.000365	
  0.843350	  0.025981	  0.034377	  0.096292	
  0.746360	  0.041067	  0.080255	  0.132318	
  0.306449	  0.236288	  0.043600	  0.413663	
  0.253512	  0.201424	  0.199420	  0.345645	

URL http://cisbp.ccbr.utoronto.ca/TFreport.php?versionNumber=2.00&searchTF=T345262_2.00

MOTIF M01445_2.00 DDB_G0291342

letter-probability matrix: alength= 4 w= 9 nsites= 1 E= 0
  0.352064	  0.272823	  0.187556	  0.187556	
  0.000161	  0.999518	  0.000161	  0.000161	
  0.903702	  0.095976	  0.000161	  0.000161	
  0.000161	  0.999518	  0.000161	  0.000161	
  0.000161	  0.000161	  0.683493	  0.316186	
  0.000161	  0.626319	  0.000161	  0.373360	
  0.000161	  0.999518	  0.000161	  0.000161	
  0.000161	  0.000161	  0.999518	  0.000161	
  0.062604	  0.383001	  0.062604	  0.491790	

URL http://cisbp.ccbr.utoronto.ca/TFreport.php?versionNumber=2.00&searchTF=T085479_2.00

MOTIF M01656_2.00 DDB_G0275333

letter-probability matrix: alength= 4 w= 10 nsites= 1 E= 0
  0.205322	  0.263638	  0.248285	  0.282754	
  0.351607	  0.137347	  0.245308	  0.265739	
  0.819730	  0.078963	  0.056203	  0.045104	
  0.069060	  0.004978	  0.032621	  0.893341	
  0.187905	  0.378394	  0.098095	  0.335606	
  0.597258	  0.075366	  0.169415	  0.157961	
  0.472036	  0.155564	  0.212099	  0.160301	
  0.412054	  0.160960	  0.228413	  0.198573	
  0.278116	  0.239377	  0.223193	  0.259314	
  0.257464	  0.230645	  0.221601	  0.290290	

URL http://cisbp.ccbr.utoronto.ca/TFreport.php?versionNumber=2.00&searchTF=T014401_2.00

MOTIF M01794_2.00 bzpJ

letter-probability matrix: alength= 4 w= 9 nsites= 1 E= 0
  0.722353	  0.051548	  0.115875	  0.110224	
  0.011665	  0.770150	  0.105276	  0.112909	
  0.023156	  0.039341	  0.908935	  0.028568	
  0.000015	  0.000001	  0.000001	  0.999983	
  0.204441	  0.113327	  0.555728	  0.126505	
  0.030794	  0.000266	  0.763052	  0.205887	
  0.137156	  0.412039	  0.133102	  0.317703	
  0.395569	  0.232834	  0.131673	  0.239924	
  0.255564	  0.334780	  0.148929	  0.260727	

URL http://cisbp.ccbr.utoronto.ca/TFreport.php?versionNumber=2.00&searchTF=T058699_2.00

MOTIF M01795_2.00 bzpH

letter-probability matrix: alength= 4 w= 8 nsites= 1 E= 0
  0.009615	  0.009615	  0.009615	  0.971154	
  0.009615	  0.009615	  0.971154	  0.009615	
  0.971154	  0.009615	  0.009615	  0.009615	
  0.009615	  0.971154	  0.009615	  0.009615	
  0.009615	  0.009615	  0.971154	  0.009615	
  0.009615	  0.009615	  0.009615	  0.971154	
  0.009615	  0.971154	  0.009615	  0.009615	
  0.971154	  0.009615	  0.009615	  0.009615	

URL http://cisbp.ccbr.utoronto.ca/TFreport.php?versionNumber=2.00&searchTF=T058700_2.00

MOTIF M01796_2.00 bzpD

letter-probability matrix: alength= 4 w= 10 nsites= 1 E= 0
  0.313062	  0.203650	  0.332421	  0.150867	
  0.171436	  0.240859	  0.077806	  0.509899	
  0.050046	  0.238160	  0.535361	  0.176433	
  0.952059	  0.000307	  0.047400	  0.000234	
  0.001305	  0.842068	  0.048224	  0.108404	
  0.147537	  0.050607	  0.730757	  0.071100	
  0.173062	  0.231285	  0.106022	  0.489630	
  0.211470	  0.107134	  0.504761	  0.176635	
  0.149963	  0.144083	  0.368850	  0.337104	
  0.282001	  0.317956	  0.189031	  0.211011	

URL http://cisbp.ccbr.utoronto.ca/TFreport.php?versionNumber=2.00&searchTF=T058701_2.00

MOTIF M01797_2.00 bzpF

letter-probability matrix: alength= 4 w= 11 nsites= 1 E= 0
  0.229248	  0.312257	  0.229248	  0.229248	
  0.383818	  0.205394	  0.205394	  0.205394	
  0.601000	  0.106264	  0.186471	  0.106264	
  0.584632	  0.000198	  0.000198	  0.414973	
  0.000198	  0.077683	  0.082181	  0.839939	
  0.916399	  0.000198	  0.000198	  0.083206	
  0.000198	  0.916399	  0.000198	  0.083206	
  0.167704	  0.000198	  0.831900	  0.000198	
  0.098435	  0.110971	  0.020950	  0.769644	
  0.783606	  0.044804	  0.126787	  0.044804	
  0.244812	  0.221418	  0.143933	  0.389837	

URL http://cisbp.ccbr.utoronto.ca/TFreport.php?versionNumber=2.00&searchTF=T058703_2.00

MOTIF M01798_2.00 bzpQ

letter-probability matrix: alength= 4 w= 9 nsites= 1 E= 0
  0.844894	  0.036569	  0.097438	  0.021099	
  0.000044	  0.003641	  0.001790	  0.994525	
  0.138156	  0.162128	  0.625396	  0.074320	
  0.415774	  0.011360	  0.454929	  0.117936	
  0.000143	  0.910555	  0.001591	  0.087712	
  0.026782	  0.006220	  0.960778	  0.006220	
  0.285222	  0.408817	  0.017873	  0.288088	
  0.234904	  0.259609	  0.232567	  0.272920	
  0.615549	  0.106966	  0.108041	  0.169443	

URL http://cisbp.ccbr.utoronto.ca/TFreport.php?versionNumber=2.00&searchTF=T058708_2.00

MOTIF M01799_2.00 bzpO

letter-probability matrix: alength= 4 w= 10 nsites= 1 E= 0
  0.516019	  0.118451	  0.168671	  0.196858	
  0.166950	  0.065904	  0.003758	  0.763388	
  0.245344	  0.154563	  0.418436	  0.181657	
  0.437113	  0.053306	  0.240646	  0.268935	
  0.035637	  0.670836	  0.056852	  0.236674	
  0.236674	  0.056852	  0.670836	  0.035637	
  0.268935	  0.240646	  0.053306	  0.437113	
  0.181657	  0.418436	  0.154563	  0.245344	
  0.763388	  0.003758	  0.065904	  0.166950	
  0.196858	  0.168671	  0.118451	  0.516019	

URL http://cisbp.ccbr.utoronto.ca/TFreport.php?versionNumber=2.00&searchTF=T058710_2.00

MOTIF M01800_2.00 bzpS

letter-probability matrix: alength= 4 w= 10 nsites= 1 E= 0
  0.360666	  0.220211	  0.121216	  0.297906	
  0.254610	  0.165542	  0.139826	  0.440022	
  0.254991	  0.203750	  0.323296	  0.217963	
  0.299458	  0.167216	  0.216012	  0.317314	
  0.126398	  0.543110	  0.075002	  0.255490	
  0.255490	  0.075002	  0.543110	  0.126398	
  0.317314	  0.216012	  0.167216	  0.299458	
  0.217963	  0.323296	  0.203750	  0.254991	
  0.440022	  0.139826	  0.165542	  0.254610	
  0.297906	  0.121216	  0.220211	  0.360666	

URL http://cisbp.ccbr.utoronto.ca/TFreport.php?versionNumber=2.00&searchTF=T058711_2.00

MOTIF M01801_2.00 dimB

letter-probability matrix: alength= 4 w= 10 nsites= 1 E= 0
  0.674474	  0.094060	  0.158212	  0.073254	
  0.011359	  0.033786	  0.001448	  0.953407	
  0.191355	  0.266169	  0.470658	  0.071818	
  0.413102	  0.025373	  0.366389	  0.195136	
  0.006941	  0.843433	  0.000098	  0.149528	
  0.030620	  0.015669	  0.936045	  0.017666	
  0.147392	  0.530117	  0.045746	  0.276745	
  0.161295	  0.274029	  0.338064	  0.226611	
  0.665337	  0.092786	  0.108885	  0.132993	
  0.104473	  0.286842	  0.154305	  0.454379	

URL http://cisbp.ccbr.utoronto.ca/TFreport.php?versionNumber=2.00&searchTF=T058713_2.00

MOTIF M01959_2.00 E2F

letter-probability matrix: alength= 4 w= 11 nsites= 1 E= 0
  0.312439	  0.229187	  0.229187	  0.229187	
  0.259292	  0.346415	  0.241260	  0.153034	
  0.046301	  0.046301	  0.766317	  0.141081	
  0.000164	  0.720180	  0.279493	  0.000164	
  0.000164	  0.000164	  0.999509	  0.000164	
  0.000164	  0.999509	  0.000164	  0.000164	
  0.000164	  0.000164	  0.999509	  0.000164	
  0.000164	  0.999509	  0.000164	  0.000164	
  0.020977	  0.694240	  0.263807	  0.020977	
  0.481302	  0.229831	  0.097130	  0.191736	
  0.301611	  0.290663	  0.203863	  0.203863	

URL http://cisbp.ccbr.utoronto.ca/TFreport.php?versionNumber=2.00&searchTF=T172405_2.00

MOTIF M02006_2.00 gtaE

letter-probability matrix: alength= 4 w= 7 nsites= 1 E= 0
  0.160263	  0.374959	  0.205782	  0.258997	
  0.755520	  0.212174	  0.020033	  0.012273	
  0.023502	  0.008142	  0.950593	  0.017762	
  0.984609	  0.001669	  0.000626	  0.013095	
  0.002686	  0.002938	  0.004212	  0.990164	
  0.067604	  0.546576	  0.161366	  0.224454	
  0.180546	  0.338995	  0.248635	  0.231825	

URL http://cisbp.ccbr.utoronto.ca/TFreport.php?versionNumber=2.00&searchTF=T192465_2.00

MOTIF M02007_2.00 gtaG

letter-probability matrix: alength= 4 w= 10 nsites= 1 E= 0
  0.180841	  0.286465	  0.234538	  0.298156	
  0.366884	  0.113869	  0.129677	  0.389571	
  0.335406	  0.187793	  0.258616	  0.218185	
  0.102789	  0.348164	  0.211172	  0.337875	
  0.841733	  0.112783	  0.031673	  0.013811	
  0.000000	  0.000053	  0.998602	  0.001345	
  0.984155	  0.012083	  0.002950	  0.000812	
  0.000099	  0.007526	  0.021294	  0.971081	
  0.111980	  0.491921	  0.194089	  0.202010	
  0.154422	  0.247074	  0.264989	  0.333515	

URL http://cisbp.ccbr.utoronto.ca/TFreport.php?versionNumber=2.00&searchTF=T192467_2.00

MOTIF M02008_2.00 stkA

letter-probability matrix: alength= 4 w= 10 nsites= 1 E= 0
  0.268498	  0.226522	  0.193030	  0.311950	
  0.199450	  0.303555	  0.297545	  0.199450	
  0.074537	  0.121669	  0.030003	  0.773791	
  0.000405	  0.000096	  0.999018	  0.000480	
  0.991970	  0.001682	  0.003253	  0.003095	
  0.000086	  0.001984	  0.000752	  0.997179	
  0.033195	  0.455963	  0.282142	  0.228700	
  0.326773	  0.135540	  0.372138	  0.165549	
  0.278478	  0.244530	  0.239688	  0.237303	
  0.232649	  0.270300	  0.237349	  0.259701	

URL http://cisbp.ccbr.utoronto.ca/TFreport.php?versionNumber=2.00&searchTF=T192468_2.00

MOTIF M02009_2.00 gtaC

letter-probability matrix: alength= 4 w= 8 nsites= 1 E= 0
  0.210609	  0.578256	  0.053046	  0.158088	
  0.310262	  0.689050	  0.000344	  0.000344	
  0.000303	  0.000303	  0.999092	  0.000303	
  0.999092	  0.000303	  0.000303	  0.000303	
  0.000303	  0.000303	  0.000303	  0.999092	
  0.000303	  0.999092	  0.000303	  0.000303	
  0.000312	  0.000312	  0.780587	  0.218789	
  0.691628	  0.038786	  0.077189	  0.192396	

URL http://cisbp.ccbr.utoronto.ca/TFreport.php?versionNumber=2.00&searchTF=T192469_2.00

MOTIF M02010_2.00 gtaH

letter-probability matrix: alength= 4 w= 7 nsites= 1 E= 0
  0.151807	  0.377137	  0.119416	  0.351640	
  0.132535	  0.809849	  0.020022	  0.037594	
  0.000855	  0.009903	  0.985176	  0.004067	
  0.990153	  0.000349	  0.000218	  0.009280	
  0.016614	  0.000301	  0.000468	  0.982617	
  0.053147	  0.687494	  0.105959	  0.153401	
  0.160073	  0.197478	  0.303575	  0.338874	

URL http://cisbp.ccbr.utoronto.ca/TFreport.php?versionNumber=2.00&searchTF=T192470_2.00

MOTIF M02011_2.00 gtaT

letter-probability matrix: alength= 4 w= 8 nsites= 1 E= 0
  0.161653	  0.236383	  0.266521	  0.335443	
  0.765710	  0.000487	  0.159302	  0.074500	
  0.009149	  0.002396	  0.937873	  0.050583	
  0.997707	  0.000341	  0.000359	  0.001593	
  0.001561	  0.000413	  0.000530	  0.997496	
  0.012154	  0.852080	  0.052862	  0.082904	
  0.072979	  0.304955	  0.184965	  0.437101	
  0.244459	  0.272884	  0.256993	  0.225664	

URL http://cisbp.ccbr.utoronto.ca/TFreport.php?versionNumber=2.00&searchTF=T192475_2.00

MOTIF M02012_2.00 gtaI

letter-probability matrix: alength= 4 w= 8 nsites= 1 E= 0
  0.481139	  0.259246	  0.148299	  0.111317	
  0.315720	  0.683754	  0.000263	  0.000263	
  0.000244	  0.000244	  0.999269	  0.000244	
  0.999269	  0.000244	  0.000244	  0.000244	
  0.000244	  0.000244	  0.000244	  0.999269	
  0.000244	  0.999269	  0.000244	  0.000244	
  0.000244	  0.000244	  0.706871	  0.292641	
  0.515786	  0.225838	  0.161405	  0.096972	

URL http://cisbp.ccbr.utoronto.ca/TFreport.php?versionNumber=2.00&searchTF=T192478_2.00

MOTIF M02013_2.00 gtaL

letter-probability matrix: alength= 4 w= 8 nsites= 1 E= 0
  0.208124	  0.336344	  0.148137	  0.307395	
  0.193980	  0.326279	  0.175520	  0.304221	
  0.329188	  0.570565	  0.021469	  0.078778	
  0.020795	  0.000370	  0.911160	  0.067675	
  0.967400	  0.000175	  0.000140	  0.032285	
  0.006241	  0.000276	  0.000049	  0.993434	
  0.046560	  0.555982	  0.169141	  0.228317	
  0.249037	  0.109684	  0.449259	  0.192020	

URL http://cisbp.ccbr.utoronto.ca/TFreport.php?versionNumber=2.00&searchTF=T192481_2.00

MOTIF M02014_2.00 gtaN

letter-probability matrix: alength= 4 w= 9 nsites= 1 E= 0
  0.219716	  0.265691	  0.183522	  0.331071	
  0.250434	  0.265920	  0.243032	  0.240614	
  0.444513	  0.386441	  0.083678	  0.085369	
  0.084304	  0.006517	  0.866469	  0.042710	
  0.921264	  0.013273	  0.007735	  0.057728	
  0.016068	  0.014394	  0.000001	  0.969537	
  0.152074	  0.546954	  0.164739	  0.136233	
  0.135109	  0.205631	  0.261408	  0.397853	
  0.296179	  0.230665	  0.242491	  0.230665	

URL http://cisbp.ccbr.utoronto.ca/TFreport.php?versionNumber=2.00&searchTF=T192484_2.00

MOTIF M02068_2.00 hbx4

letter-probability matrix: alength= 4 w= 10 nsites= 1 E= 0
  0.275649	  0.194246	  0.254456	  0.275649	
  0.211473	  0.243252	  0.248166	  0.297109	
  0.151276	  0.130204	  0.092675	  0.625845	
  0.075150	  0.068682	  0.734719	  0.121448	
  0.873117	  0.000347	  0.100692	  0.025844	
  0.041057	  0.832943	  0.000166	  0.125834	
  0.574570	  0.033907	  0.312193	  0.079330	
  0.090568	  0.227260	  0.378455	  0.303717	
  0.241421	  0.280492	  0.291939	  0.186148	
  0.248580	  0.241233	  0.203520	  0.306667	

URL http://cisbp.ccbr.utoronto.ca/TFreport.php?versionNumber=2.00&searchTF=T206457_2.00

MOTIF M02069_2.00 hbx5-1

letter-probability matrix: alength= 4 w= 8 nsites= 1 E= 0
  0.250000	  0.002475	  0.002475	  0.745050	
  0.001984	  0.001984	  0.001984	  0.994048	
  0.001984	  0.001984	  0.994048	  0.001984	
  0.994048	  0.001984	  0.001984	  0.001984	
  0.001984	  0.001984	  0.001984	  0.994048	
  0.001984	  0.001984	  0.001984	  0.994048	
  0.200397	  0.001984	  0.795635	  0.001984	
  0.497525	  0.002475	  0.497525	  0.002475	

URL http://cisbp.ccbr.utoronto.ca/TFreport.php?versionNumber=2.00&searchTF=T206458_2.00

MOTIF M02070_2.00 hbx5-2

letter-probability matrix: alength= 4 w= 8 nsites= 1 E= 0
  0.382197	  0.088425	  0.000294	  0.529083	
  0.000222	  0.000222	  0.000222	  0.999334	
  0.000222	  0.000222	  0.999334	  0.000222	
  0.999334	  0.000222	  0.000222	  0.000222	
  0.000222	  0.000222	  0.000222	  0.999334	
  0.000222	  0.000222	  0.000222	  0.999334	
  0.414474	  0.000244	  0.585039	  0.000244	
  0.346006	  0.192396	  0.422811	  0.038786	

URL http://cisbp.ccbr.utoronto.ca/TFreport.php?versionNumber=2.00&searchTF=T206459_2.00

MOTIF M02071_2.00 hbx2

letter-probability matrix: alength= 4 w= 10 nsites= 1 E= 0
  0.298703	  0.171430	  0.171430	  0.358437	
  0.304805	  0.135193	  0.025700	  0.534302	
  0.715211	  0.093459	  0.093911	  0.097419	
  0.000182	  0.000182	  0.000182	  0.999455	
  0.999455	  0.000182	  0.000182	  0.000182	
  0.097419	  0.000182	  0.000182	  0.902218	
  0.905485	  0.000182	  0.094152	  0.000182	
  0.094152	  0.093911	  0.000182	  0.811755	
  0.175207	  0.078752	  0.575191	  0.170850	
  0.224482	  0.224482	  0.224482	  0.326554	

URL http://cisbp.ccbr.utoronto.ca/TFreport.php?versionNumber=2.00&searchTF=T206460_2.00

MOTIF M02072_2.00 hbx7

letter-probability matrix: alength= 4 w= 13 nsites= 1 E= 0
  0.327598	  0.224134	  0.224134	  0.224134	
  0.296848	  0.199896	  0.199896	  0.303360	
  0.243706	  0.146753	  0.462787	  0.146753	
  0.097885	  0.201350	  0.409041	  0.291724	
  0.124463	  0.024293	  0.826951	  0.024293	
  0.000172	  0.802830	  0.000172	  0.196826	
  0.999484	  0.000172	  0.000172	  0.000172	
  0.000172	  0.000172	  0.000172	  0.999484	
  0.222692	  0.026038	  0.434080	  0.317190	
  0.244475	  0.050276	  0.050276	  0.654972	
  0.103418	  0.197651	  0.103418	  0.595512	
  0.348941	  0.249558	  0.152287	  0.249215	
  0.225879	  0.225879	  0.225879	  0.322363	

URL http://cisbp.ccbr.utoronto.ca/TFreport.php?versionNumber=2.00&searchTF=T206462_2.00

MOTIF M02073_2.00 hbx9

letter-probability matrix: alength= 4 w= 8 nsites= 1 E= 0
  0.270248	  0.108261	  0.216253	  0.405238	
  0.282994	  0.075603	  0.132164	  0.509238	
  0.000141	  0.014217	  0.000141	  0.985501	
  0.000139	  0.000139	  0.999584	  0.000139	
  0.999584	  0.000139	  0.000139	  0.000139	
  0.000139	  0.999584	  0.000139	  0.000139	
  0.971821	  0.000139	  0.027901	  0.000139	
  0.000182	  0.454397	  0.200036	  0.345385	

URL http://cisbp.ccbr.utoronto.ca/TFreport.php?versionNumber=2.00&searchTF=T206464_2.00

MOTIF M02074_2.00 hbx10

letter-probability matrix: alength= 4 w= 8 nsites= 1 E= 0
  0.152865	  0.204293	  0.347080	  0.295762	
  0.066890	  0.358900	  0.022489	  0.551721	
  0.775218	  0.104914	  0.046672	  0.073196	
  0.869964	  0.073586	  0.014418	  0.042033	
  0.000088	  0.022742	  0.000438	  0.976732	
  0.502328	  0.093621	  0.042916	  0.361135	
  0.329862	  0.070013	  0.034079	  0.566046	
  0.521291	  0.163417	  0.171796	  0.143496	

URL http://cisbp.ccbr.utoronto.ca/TFreport.php?versionNumber=2.00&searchTF=T206465_2.00

MOTIF M02143_2.00 (warA)_(Nematostella_vectensis)_(DBD_0.44)

letter-probability matrix: alength= 4 w= 8 nsites= 1 E= 0
  0.197481	  0.283055	  0.203495	  0.315968	
  0.159614	  0.085009	  0.054204	  0.701174	
  0.623566	  0.079476	  0.133681	  0.163278	
  0.868297	  0.028404	  0.061346	  0.041952	
  0.031540	  0.074534	  0.072331	  0.821596	
  0.168804	  0.101366	  0.116599	  0.613230	
  0.357886	  0.081468	  0.441516	  0.119130	
  0.262360	  0.221344	  0.336877	  0.179418	

URL http://cisbp.ccbr.utoronto.ca/TFreport.php?versionNumber=2.00&searchTF=T206468_2.00

MOTIF M02283_2.00 srfA

letter-probability matrix: alength= 4 w= 10 nsites= 1 E= 0
  0.233777	  0.598464	  0.083460	  0.084299	
  0.030948	  0.562453	  0.044359	  0.362240	
  0.506429	  0.042836	  0.155615	  0.295120	
  0.524310	  0.062308	  0.043907	  0.369475	
  0.657133	  0.044163	  0.042009	  0.256695	
  0.290800	  0.112464	  0.066862	  0.529873	
  0.281986	  0.340992	  0.131875	  0.245147	
  0.228299	  0.247314	  0.296088	  0.228299	
  0.301159	  0.033037	  0.594451	  0.071353	
  0.207356	  0.056511	  0.520315	  0.215818	

URL http://cisbp.ccbr.utoronto.ca/TFreport.php?versionNumber=2.00&searchTF=T253545_2.00

MOTIF M02315_2.00 mybAA

letter-probability matrix: alength= 4 w= 10 nsites= 1 E= 0
  0.244135	  0.195923	  0.236920	  0.323022	
  0.279112	  0.133168	  0.053070	  0.534650	
  0.928101	  0.005069	  0.040171	  0.026659	
  0.438291	  0.185468	  0.118260	  0.257980	
  0.035085	  0.932411	  0.016740	  0.015765	
  0.151723	  0.279236	  0.396255	  0.172787	
  0.135382	  0.162082	  0.472530	  0.230005	
  0.099323	  0.419212	  0.098335	  0.383131	
  0.186969	  0.361747	  0.130444	  0.320840	
  0.200280	  0.317258	  0.267660	  0.214802	

URL http://cisbp.ccbr.utoronto.ca/TFreport.php?versionNumber=2.00&searchTF=T269020_2.00

MOTIF M02316_2.00 mybV

letter-probability matrix: alength= 4 w= 10 nsites= 1 E= 0
  0.269076	  0.241047	  0.255953	  0.233923	
  0.230395	  0.265017	  0.262380	  0.242208	
  0.236850	  0.227563	  0.234493	  0.301095	
  0.282244	  0.224252	  0.255385	  0.238119	
  0.204135	  0.402937	  0.097396	  0.295533	
  0.160854	  0.837561	  0.001585	  0.000000	
  0.235720	  0.404497	  0.226477	  0.133306	
  0.124024	  0.788770	  0.000677	  0.086529	
  0.148636	  0.337479	  0.162634	  0.351251	
  0.233723	  0.438841	  0.128270	  0.199166	

URL http://cisbp.ccbr.utoronto.ca/TFreport.php?versionNumber=2.00&searchTF=T269028_2.00

MOTIF M02317_2.00 mybE

letter-probability matrix: alength= 4 w= 10 nsites= 1 E= 0
  0.287690	  0.213126	  0.202732	  0.296452	
  0.178686	  0.211797	  0.246073	  0.363445	
  0.123190	  0.082576	  0.002897	  0.791337	
  0.612458	  0.171997	  0.203869	  0.011675	
  0.126805	  0.282209	  0.061108	  0.529878	
  0.267416	  0.316969	  0.192251	  0.223364	
  0.245920	  0.241051	  0.111610	  0.401420	
  0.174902	  0.306196	  0.335032	  0.183870	
  0.265921	  0.215551	  0.093056	  0.425472	
  0.322335	  0.205530	  0.180475	  0.291661	

URL http://cisbp.ccbr.utoronto.ca/TFreport.php?versionNumber=2.00&searchTF=T269032_2.00

MOTIF M02318_2.00 mybZ

letter-probability matrix: alength= 4 w= 7 nsites= 1 E= 0
  0.213384	  0.238196	  0.285172	  0.263247	
  0.239927	  0.380062	  0.127783	  0.252228	
  0.073834	  0.881671	  0.044337	  0.000158	
  0.000070	  0.998706	  0.001146	  0.000077	
  0.029302	  0.000132	  0.970360	  0.000205	
  0.350908	  0.156104	  0.437258	  0.055730	
  0.156701	  0.335070	  0.166391	  0.341839	

URL http://cisbp.ccbr.utoronto.ca/TFreport.php?versionNumber=2.00&searchTF=T269034_2.00

MOTIF M02319_2.00 mybG

letter-probability matrix: alength= 4 w= 8 nsites= 1 E= 0
  0.545186	  0.045640	  0.113760	  0.295413	
  0.690917	  0.088330	  0.132422	  0.088330	
  0.918294	  0.011739	  0.046606	  0.023361	
  0.034582	  0.000115	  0.023093	  0.942210	
  0.999655	  0.000115	  0.000115	  0.000115	
  0.000115	  0.000115	  0.011604	  0.988166	
  0.011739	  0.988029	  0.000116	  0.000116	
  0.103028	  0.132422	  0.088330	  0.676220	

URL http://cisbp.ccbr.utoronto.ca/TFreport.php?versionNumber=2.00&searchTF=T269039_2.00

MOTIF M02320_2.00 mybI

letter-probability matrix: alength= 4 w= 9 nsites= 1 E= 0
  0.247227	  0.219270	  0.254756	  0.278747	
  0.277152	  0.263635	  0.215846	  0.243366	
  0.342211	  0.120956	  0.250994	  0.285839	
  0.941574	  0.014993	  0.013840	  0.029593	
  0.013226	  0.094837	  0.093894	  0.798043	
  0.038983	  0.909700	  0.013107	  0.038211	
  0.154512	  0.056842	  0.023342	  0.765304	
  0.047996	  0.614684	  0.254960	  0.082361	
  0.217159	  0.333830	  0.347453	  0.101558	

URL http://cisbp.ccbr.utoronto.ca/TFreport.php?versionNumber=2.00&searchTF=T269040_2.00

MOTIF M02321_2.00 mybQ

letter-probability matrix: alength= 4 w= 10 nsites= 1 E= 0
  0.187435	  0.291032	  0.069646	  0.451887	
  0.867796	  0.030446	  0.034673	  0.067085	
  0.782187	  0.150219	  0.049013	  0.018580	
  0.016070	  0.931660	  0.001007	  0.051263	
  0.028881	  0.305875	  0.470209	  0.195035	
  0.131471	  0.122583	  0.522585	  0.223361	
  0.318603	  0.370164	  0.101895	  0.209337	
  0.244959	  0.337340	  0.133099	  0.284602	
  0.268426	  0.233358	  0.242882	  0.255334	
  0.244764	  0.259899	  0.232826	  0.262511	

URL http://cisbp.ccbr.utoronto.ca/TFreport.php?versionNumber=2.00&searchTF=T269041_2.00

MOTIF M02322_2.00 mybA

letter-probability matrix: alength= 4 w= 10 nsites= 1 E= 0
  0.104571	  0.230410	  0.026046	  0.638973	
  0.904351	  0.017240	  0.066501	  0.011908	
  0.971122	  0.021943	  0.003813	  0.003122	
  0.013237	  0.965866	  0.000751	  0.020146	
  0.021878	  0.133682	  0.717278	  0.127162	
  0.068401	  0.020194	  0.850129	  0.061276	
  0.283720	  0.206023	  0.060824	  0.449433	
  0.216766	  0.254378	  0.160584	  0.368271	
  0.397704	  0.168293	  0.136416	  0.297587	
  0.299158	  0.212931	  0.179643	  0.308268	

URL http://cisbp.ccbr.utoronto.ca/TFreport.php?versionNumber=2.00&searchTF=T269046_2.00

MOTIF M02542_2.00 gbfA

letter-probability matrix: alength= 4 w= 10 nsites= 1 E= 0
  0.277762	  0.234338	  0.239072	  0.248829	
  0.286572	  0.241771	  0.239365	  0.232291	
  0.222066	  0.189232	  0.408698	  0.180003	
  0.208658	  0.217173	  0.095650	  0.478519	
  0.055715	  0.000028	  0.944116	  0.000141	
  0.000257	  0.000369	  0.529632	  0.469742	
  0.002064	  0.000089	  0.957623	  0.040224	
  0.019355	  0.093031	  0.680570	  0.207044	
  0.017677	  0.059876	  0.514031	  0.408415	
  0.264253	  0.137952	  0.275037	  0.322759	

URL http://cisbp.ccbr.utoronto.ca/TFreport.php?versionNumber=2.00&searchTF=T350222_2.00

MOTIF M02575_2.00 DDB_G0270590

letter-probability matrix: alength= 4 w= 9 nsites= 1 E= 0
  0.124879	  0.225280	  0.084550	  0.565292	
  0.009736	  0.978320	  0.010977	  0.000966	
  0.000179	  0.035854	  0.962430	  0.001536	
  0.010682	  0.022388	  0.961519	  0.005411	
  0.249434	  0.336701	  0.223452	  0.190413	
  0.409441	  0.141853	  0.195350	  0.253355	
  0.319402	  0.205706	  0.161814	  0.313077	
  0.296562	  0.181682	  0.159534	  0.362222	
  0.309179	  0.164666	  0.201124	  0.325031	

URL http://cisbp.ccbr.utoronto.ca/TFreport.php?versionNumber=2.00&searchTF=T366216_2.00

MOTIF M07381_2.00 (wrky1)_(Arabidopsis_thaliana)_(DBD_0.57)

letter-probability matrix: alength= 4 w= 11 nsites= 1 E= 0
  0.543478	  0.220736	  0.105351	  0.130435	
  0.675586	  0.125418	  0.056856	  0.142140	
  0.645485	  0.103679	  0.043478	  0.207358	
  0.780936	  0.000000	  0.219064	  0.000000	
  0.000000	  0.000000	  1.000000	  0.000000	
  0.000000	  0.000000	  0.000000	  1.000000	
  0.000000	  0.998328	  0.000000	  0.001672	
  1.000000	  0.000000	  0.000000	  0.000000	
  1.000000	  0.000000	  0.000000	  0.000000	
  0.301003	  0.665552	  0.001672	  0.031773	
  0.177258	  0.115385	  0.580267	  0.127090	

URL http://cisbp.ccbr.utoronto.ca/TFreport.php?versionNumber=2.00&searchTF=T352454_2.00

MOTIF M07979_2.00 (srfC)_(Homo_sapiens)_(DBD_0.75)

letter-probability matrix: alength= 4 w= 15 nsites= 1 E= 0
  0.310573	  0.154185	  0.306167	  0.229075	
  0.310573	  0.105727	  0.270925	  0.312775	
  0.160793	  0.101322	  0.385463	  0.352423	
  0.149780	  0.640969	  0.057269	  0.151982	
  0.000000	  0.506608	  0.000000	  0.493392	
  0.711454	  0.129956	  0.024229	  0.134361	
  0.704846	  0.019824	  0.114537	  0.160793	
  0.938326	  0.000000	  0.044053	  0.017621	
  0.905286	  0.004405	  0.002203	  0.088106	
  0.925110	  0.000000	  0.000000	  0.074890	
  0.033040	  0.000000	  0.000000	  0.966960	
  0.958150	  0.000000	  0.041850	  0.000000	
  0.209251	  0.052863	  0.702644	  0.035242	
  0.416300	  0.354626	  0.090308	  0.138767	
  0.387665	  0.262115	  0.070485	  0.279736	

URL http://cisbp.ccbr.utoronto.ca/TFreport.php?versionNumber=2.00&searchTF=T253544_2.00

MOTIF M08104_2.00 (nfyA)_(Homo_sapiens)_(DBD_0.75)

letter-probability matrix: alength= 4 w= 11 nsites= 1 E= 0
  0.147979	  0.183834	  0.283731	  0.384456	
  0.076684	  0.562280	  0.234404	  0.126632	
  0.007254	  0.101347	  0.044145	  0.847254	
  0.025907	  0.066114	  0.873575	  0.034404	
  0.962694	  0.002280	  0.027358	  0.007668	
  0.004767	  0.025699	  0.019482	  0.950052	
  0.019896	  0.003523	  0.006010	  0.970570	
  0.010984	  0.005803	  0.976788	  0.006425	
  0.023005	  0.007047	  0.965181	  0.004767	
  0.132435	  0.385078	  0.083731	  0.398756	
  0.073782	  0.376166	  0.156891	  0.393161	

URL http://cisbp.ccbr.utoronto.ca/TFreport.php?versionNumber=2.00&searchTF=T159881_2.00

MOTIF M08108_2.00 (tfdp2)_(Homo_sapiens)_(DBD_0.54)

letter-probability matrix: alength= 4 w= 11 nsites= 1 E= 0
  0.204783	  0.244644	  0.387145	  0.163428	
  0.131041	  0.340807	  0.468361	  0.059791	
  0.023916	  0.035376	  0.927753	  0.012955	
  0.013951	  0.939711	  0.010962	  0.035376	
  0.006976	  0.026906	  0.962631	  0.003488	
  0.017937	  0.039860	  0.929248	  0.012955	
  0.013453	  0.015944	  0.956153	  0.014449	
  0.924265	  0.011958	  0.048829	  0.014948	
  0.819631	  0.084704	  0.068261	  0.027404	
  0.231689	  0.322372	  0.322870	  0.123069	
  0.189836	  0.300947	  0.322870	  0.186348	

URL http://cisbp.ccbr.utoronto.ca/TFreport.php?versionNumber=2.00&searchTF=T172403_2.00

