MEME version 4

ALPHABET= ACGT

strands: + -

Background letter frequencies (from uniform background):
A 0.25000 C 0.25000 G 0.25000 T 0.25000 

MOTIF M00132_2.00 (DME_0000745901)_(Mus_musculus)_(DBD_0.84)

letter-probability matrix: alength= 4 w= 10 nsites= 1 E= 0
  0.262806	  0.184650	  0.201449	  0.351094	
  0.173312	  0.116217	  0.675756	  0.034714	
  0.013374	  0.942389	  0.000000	  0.044236	
  0.036161	  0.104554	  0.000001	  0.859283	
  0.677114	  0.090710	  0.028198	  0.203978	
  0.000004	  0.993136	  0.000189	  0.006671	
  0.000396	  0.513153	  0.000004	  0.486448	
  0.098002	  0.069838	  0.668656	  0.163505	
  0.203489	  0.147552	  0.205154	  0.443805	
  0.201232	  0.181878	  0.195525	  0.421366	

URL http://cisbp.ccbr.utoronto.ca/TFreport.php?versionNumber=2.00&searchTF=T153152_2.00

MOTIF M00154_2.00 (DME_0000040101)_(Mus_musculus)_(DBD_0.68)

letter-probability matrix: alength= 4 w= 10 nsites= 1 E= 0
  0.323791	  0.157606	  0.184952	  0.333651	
  0.356499	  0.123511	  0.133798	  0.386191	
  0.252758	  0.144378	  0.247753	  0.355112	
  0.126742	  0.200769	  0.545747	  0.126742	
  0.023207	  0.074773	  0.901856	  0.000164	
  0.069741	  0.911218	  0.000224	  0.018817	
  0.000176	  0.000025	  0.982509	  0.017290	
  0.011409	  0.610578	  0.359389	  0.018623	
  0.108464	  0.261496	  0.386224	  0.243817	
  0.250797	  0.271685	  0.168114	  0.309403	

URL http://cisbp.ccbr.utoronto.ca/TFreport.php?versionNumber=2.00&searchTF=T174253_2.00

MOTIF M00158_2.00 (DME_0000330801)_(Mus_musculus)_(DBD_0.62)

letter-probability matrix: alength= 4 w= 10 nsites= 1 E= 0
  0.497929	  0.096588	  0.145541	  0.259942	
  0.239502	  0.275493	  0.259450	  0.225555	
  0.238666	  0.401443	  0.297397	  0.062494	
  0.339402	  0.554011	  0.093427	  0.013160	
  0.009336	  0.001239	  0.986255	  0.003171	
  0.006697	  0.003195	  0.983988	  0.006120	
  0.979497	  0.004380	  0.005458	  0.010666	
  0.868199	  0.019815	  0.004602	  0.107385	
  0.352316	  0.096017	  0.530876	  0.020791	
  0.123743	  0.244253	  0.082947	  0.549058	

URL http://cisbp.ccbr.utoronto.ca/TFreport.php?versionNumber=2.00&searchTF=T178439_2.00

MOTIF M00159_2.00 (DME_0000328201)_(Mus_musculus)_(DBD_0.62)

letter-probability matrix: alength= 4 w= 10 nsites= 1 E= 0
  0.401213	  0.134894	  0.189519	  0.274374	
  0.288005	  0.299758	  0.235798	  0.176439	
  0.207310	  0.504826	  0.205247	  0.082617	
  0.276376	  0.615087	  0.084925	  0.023612	
  0.001256	  0.018138	  0.980434	  0.000172	
  0.005077	  0.055966	  0.893136	  0.045821	
  0.810468	  0.028435	  0.076525	  0.084573	
  0.293995	  0.181919	  0.067597	  0.456488	
  0.285185	  0.231166	  0.308937	  0.174712	
  0.171414	  0.277017	  0.125723	  0.425847	

URL http://cisbp.ccbr.utoronto.ca/TFreport.php?versionNumber=2.00&searchTF=T178438_2.00

MOTIF M00162_2.00 (DME_0000159201)_(Mus_musculus)_(DBD_0.79)

letter-probability matrix: alength= 4 w= 8 nsites= 1 E= 0
  0.160144	  0.000399	  0.839058	  0.000399	
  0.000322	  0.032539	  0.000322	  0.966817	
  0.878027	  0.121368	  0.000303	  0.000303	
  0.968826	  0.030569	  0.000303	  0.000303	
  0.999092	  0.000303	  0.000303	  0.000303	
  0.000303	  0.635896	  0.000303	  0.363499	
  0.999092	  0.000303	  0.000303	  0.000303	
  0.630777	  0.105567	  0.105567	  0.158088	

URL http://cisbp.ccbr.utoronto.ca/TFreport.php?versionNumber=2.00&searchTF=T190465_2.00

MOTIF M00164_2.00 (DME_0000845301)_(Mus_musculus)_(DBD_0.63)

letter-probability matrix: alength= 4 w= 10 nsites= 1 E= 0
  0.366283	  0.166235	  0.164581	  0.302901	
  0.345139	  0.171391	  0.195185	  0.288285	
  0.267836	  0.181340	  0.196443	  0.354381	
  0.346821	  0.108724	  0.419393	  0.125062	
  0.146969	  0.100507	  0.031824	  0.720700	
  0.700016	  0.254959	  0.000720	  0.044305	
  0.906192	  0.053477	  0.000316	  0.040015	
  0.934400	  0.000771	  0.023568	  0.041260	
  0.033048	  0.600627	  0.033381	  0.332944	
  0.853101	  0.047889	  0.045553	  0.053457	

URL http://cisbp.ccbr.utoronto.ca/TFreport.php?versionNumber=2.00&searchTF=T190472_2.00

MOTIF M00166_2.00 (DME_0000752601)_(Mus_musculus)_(DBD_0.83)

letter-probability matrix: alength= 4 w= 10 nsites= 1 E= 0
  0.268595	  0.233506	  0.226604	  0.271295	
  0.274182	  0.235991	  0.229016	  0.260810	
  0.228672	  0.255262	  0.268349	  0.247717	
  0.424078	  0.237440	  0.065360	  0.273121	
  0.073859	  0.028851	  0.873191	  0.024099	
  0.941711	  0.009657	  0.001747	  0.046885	
  0.062764	  0.030247	  0.036212	  0.870777	
  0.486794	  0.180881	  0.095377	  0.236948	
  0.453949	  0.132686	  0.190183	  0.223182	
  0.227316	  0.258874	  0.316190	  0.197619	

URL http://cisbp.ccbr.utoronto.ca/TFreport.php?versionNumber=2.00&searchTF=T197459_2.00

MOTIF M00178_2.00 (DME_0000010001)_(Mus_musculus)_(DBD_0.94)

letter-probability matrix: alength= 4 w= 10 nsites= 1 E= 0
  0.212984	  0.416099	  0.142972	  0.227946	
  0.201998	  0.401559	  0.182516	  0.213926	
  0.432247	  0.083239	  0.179282	  0.305232	
  0.394149	  0.098816	  0.146383	  0.360652	
  0.532912	  0.075998	  0.118189	  0.272901	
  0.272901	  0.118189	  0.075998	  0.532912	
  0.360652	  0.146383	  0.098816	  0.394149	
  0.305232	  0.179282	  0.083239	  0.432247	
  0.213926	  0.182516	  0.401559	  0.201998	
  0.227946	  0.142972	  0.416099	  0.212984	

URL http://cisbp.ccbr.utoronto.ca/TFreport.php?versionNumber=2.00&searchTF=T259557_2.00

MOTIF M00181_2.00 (DME_0000238901)_(Mus_musculus)_(DBD_0.87)

letter-probability matrix: alength= 4 w= 10 nsites= 1 E= 0
  0.325203	  0.229167	  0.176700	  0.268930	
  0.302762	  0.119456	  0.489286	  0.088495	
  0.447338	  0.000344	  0.551871	  0.000446	
  0.041805	  0.000161	  0.956243	  0.001791	
  0.023582	  0.000259	  0.765452	  0.210707	
  0.048615	  0.000240	  0.085109	  0.866036	
  0.081116	  0.682577	  0.097113	  0.139195	
  0.814947	  0.000279	  0.169546	  0.015228	
  0.270941	  0.314788	  0.148695	  0.265576	
  0.251452	  0.223018	  0.319658	  0.205872	

URL http://cisbp.ccbr.utoronto.ca/TFreport.php?versionNumber=2.00&searchTF=T308503_2.00

MOTIF M00184_2.00 (DME_0000359001)_(Mus_musculus)_(DBD_0.80)

letter-probability matrix: alength= 4 w= 8 nsites= 1 E= 0
  0.343561	  0.117844	  0.441142	  0.097453	
  0.519548	  0.010104	  0.465429	  0.004918	
  0.005640	  0.000372	  0.972451	  0.021538	
  0.014119	  0.000182	  0.941551	  0.044147	
  0.004880	  0.014806	  0.031660	  0.948655	
  0.004689	  0.893593	  0.028368	  0.073351	
  0.851749	  0.010668	  0.121182	  0.016400	
  0.304843	  0.304843	  0.152902	  0.237412	

URL http://cisbp.ccbr.utoronto.ca/TFreport.php?versionNumber=2.00&searchTF=T308507_2.00

MOTIF M00185_2.00 (DME_0000958701)_(Mus_musculus)_(DBD_0.63)

letter-probability matrix: alength= 4 w= 8 nsites= 1 E= 0
  0.347647	  0.151591	  0.347647	  0.153115	
  0.564155	  0.084380	  0.332064	  0.019401	
  0.004317	  0.000046	  0.955885	  0.039751	
  0.004651	  0.000012	  0.818173	  0.177164	
  0.050818	  0.035811	  0.069287	  0.844084	
  0.018541	  0.854042	  0.045150	  0.082268	
  0.872278	  0.006056	  0.104701	  0.016964	
  0.268794	  0.328306	  0.178385	  0.224515	

URL http://cisbp.ccbr.utoronto.ca/TFreport.php?versionNumber=2.00&searchTF=T308529_2.00

MOTIF M00208_2.00 (DME_0000875401)_(Mus_musculus)_(DBD_0.91)

letter-probability matrix: alength= 4 w= 9 nsites= 1 E= 0
  0.610507	  0.080181	  0.080181	  0.229130	
  0.027959	  0.087421	  0.055188	  0.829432	
  0.077434	  0.030859	  0.020893	  0.870814	
  0.237747	  0.206688	  0.478765	  0.076800	
  0.240465	  0.078459	  0.077678	  0.603397	
  0.222149	  0.224382	  0.205070	  0.348399	
  0.230661	  0.273404	  0.181445	  0.314490	
  0.236240	  0.248352	  0.218077	  0.297331	
  0.240132	  0.254981	  0.252444	  0.252444	

URL http://cisbp.ccbr.utoronto.ca/TFreport.php?versionNumber=2.00&searchTF=T336235_2.00

MOTIF M00214_2.00 (DME_0000292001)_(Mus_musculus)_(DBD_0.65)

letter-probability matrix: alength= 4 w= 10 nsites= 1 E= 0
  0.271418	  0.222218	  0.260775	  0.245589	
  0.276412	  0.204771	  0.245155	  0.273662	
  0.272770	  0.221103	  0.251798	  0.254329	
  0.267470	  0.208305	  0.298570	  0.225655	
  0.409172	  0.169718	  0.217922	  0.203189	
  0.328851	  0.083563	  0.116234	  0.471352	
  0.122925	  0.296360	  0.442117	  0.138598	
  0.861430	  0.012662	  0.082154	  0.043754	
  0.852026	  0.047352	  0.093468	  0.007154	
  0.231452	  0.044450	  0.088621	  0.635476	

URL http://cisbp.ccbr.utoronto.ca/TFreport.php?versionNumber=2.00&searchTF=T336229_2.00

MOTIF M00216_2.00 (DME_0000305201)_(Mus_musculus)_(DBD_0.84)

letter-probability matrix: alength= 4 w= 7 nsites= 1 E= 0
  0.317192	  0.188577	  0.170632	  0.323600	
  0.377028	  0.110202	  0.112429	  0.400342	
  0.238466	  0.123251	  0.123251	  0.515031	
  0.532428	  0.000769	  0.095340	  0.371463	
  0.290314	  0.000533	  0.069475	  0.639678	
  0.715780	  0.078521	  0.191210	  0.014489	
  0.289234	  0.119969	  0.104296	  0.486500	

URL http://cisbp.ccbr.utoronto.ca/TFreport.php?versionNumber=2.00&searchTF=T343462_2.00

MOTIF M00264_2.00 (DME_0000490701)_(Homo_sapiens)_(DBD_0.81)

letter-probability matrix: alength= 4 w= 9 nsites= 1 E= 0
  0.233408	  0.265811	  0.293767	  0.207014	
  0.218699	  0.307260	  0.229912	  0.244129	
  0.170035	  0.133754	  0.053303	  0.642908	
  0.615562	  0.090246	  0.171149	  0.123043	
  0.889185	  0.026584	  0.061578	  0.022653	
  0.050885	  0.155955	  0.072935	  0.720226	
  0.195427	  0.193483	  0.209597	  0.401492	
  0.262679	  0.206630	  0.324061	  0.206630	
  0.264075	  0.227292	  0.322542	  0.186091	

URL http://cisbp.ccbr.utoronto.ca/TFreport.php?versionNumber=2.00&searchTF=T233708_2.00

MOTIF M00274_2.00 (DME_0001009801)_(Homo_sapiens)_(DBD_0.74)

letter-probability matrix: alength= 4 w= 10 nsites= 1 E= 0
  0.274409	  0.271999	  0.277772	  0.175819	
  0.197602	  0.602344	  0.100027	  0.100027	
  0.000118	  0.000118	  0.000118	  0.999646	
  0.999646	  0.000118	  0.000118	  0.000118	
  0.999646	  0.000118	  0.000118	  0.000118	
  0.000118	  0.000118	  0.000118	  0.999646	
  0.000118	  0.999646	  0.000118	  0.000118	
  0.000118	  0.999646	  0.000118	  0.000118	
  0.074299	  0.382765	  0.468638	  0.074299	
  0.343631	  0.257011	  0.249267	  0.150091	

URL http://cisbp.ccbr.utoronto.ca/TFreport.php?versionNumber=2.00&searchTF=T233729_2.00

MOTIF M00290_2.00 (DME_0000143601)_(Homo_sapiens)_(DBD_0.46)

letter-probability matrix: alength= 4 w= 8 nsites= 1 E= 0
  0.157555	  0.127712	  0.069392	  0.645340	
  0.632466	  0.076679	  0.146882	  0.143973	
  0.886949	  0.005685	  0.055025	  0.052341	
  0.068959	  0.060553	  0.110335	  0.760153	
  0.143566	  0.126064	  0.153975	  0.576395	
  0.315323	  0.085080	  0.443012	  0.156585	
  0.236009	  0.260830	  0.300026	  0.203135	
  0.240835	  0.263516	  0.226810	  0.268839	

URL http://cisbp.ccbr.utoronto.ca/TFreport.php?versionNumber=2.00&searchTF=T233687_2.00

MOTIF M00330_2.00 (DME_0000045001)_(Homo_sapiens)_(DBD_0.84)

letter-probability matrix: alength= 4 w= 8 nsites= 1 E= 0
  0.050417	  0.165492	  0.143915	  0.640175	
  0.016355	  0.103293	  0.000054	  0.880298	
  0.854797	  0.119198	  0.005232	  0.020773	
  0.984304	  0.005232	  0.010412	  0.000052	
  0.010412	  0.020773	  0.005232	  0.963583	
  0.047915	  0.037279	  0.196820	  0.717986	
  0.736714	  0.000066	  0.250000	  0.013220	
  0.063130	  0.198217	  0.225234	  0.513419	

URL http://cisbp.ccbr.utoronto.ca/TFreport.php?versionNumber=2.00&searchTF=T233685_2.00

MOTIF M00368_2.00 (DME_0000391501)_(Homo_sapiens)_(DBD_0.74)

letter-probability matrix: alength= 4 w= 10 nsites= 1 E= 0
  0.289619	  0.286737	  0.186525	  0.237120	
  0.302937	  0.132095	  0.461058	  0.103910	
  0.532286	  0.082862	  0.360388	  0.024463	
  0.012110	  0.005280	  0.947658	  0.034953	
  0.005552	  0.001227	  0.783832	  0.209389	
  0.024110	  0.047589	  0.037063	  0.891238	
  0.000812	  0.917821	  0.005270	  0.076097	
  0.825383	  0.009639	  0.146328	  0.018650	
  0.311014	  0.237422	  0.134268	  0.317297	
  0.253574	  0.261297	  0.234078	  0.251051	

URL http://cisbp.ccbr.utoronto.ca/TFreport.php?versionNumber=2.00&searchTF=T308511_2.00

MOTIF M00376_2.00 (DME_0000173901)_(Caenorhabditis_elegans)_(DBD_0.91)

letter-probability matrix: alength= 4 w= 10 nsites= 1 E= 0
  0.214617	  0.090818	  0.075102	  0.619463	
  0.069859	  0.360136	  0.209869	  0.360136	
  0.722064	  0.000065	  0.260373	  0.017498	
  0.991898	  0.000023	  0.004261	  0.003818	
  0.000309	  0.000156	  0.977664	  0.021871	
  0.127581	  0.009014	  0.083827	  0.779578	
  0.331797	  0.010325	  0.629247	  0.028632	
  0.038565	  0.396364	  0.362249	  0.202823	
  0.184394	  0.295029	  0.197764	  0.322813	
  0.196154	  0.281154	  0.168832	  0.353860	

URL http://cisbp.ccbr.utoronto.ca/TFreport.php?versionNumber=2.00&searchTF=T233690_2.00

MOTIF M00380_2.00 (DME_0000238401)_(Mus_musculus)_(DBD_0.91)

letter-probability matrix: alength= 4 w= 8 nsites= 1 E= 0
  0.197712	  0.294951	  0.128613	  0.378724	
  0.094122	  0.079407	  0.010325	  0.816145	
  0.890434	  0.022015	  0.083238	  0.004313	
  0.994089	  0.000151	  0.000109	  0.005651	
  0.011500	  0.089327	  0.025850	  0.873323	
  0.128510	  0.058910	  0.253662	  0.558919	
  0.589184	  0.038044	  0.310672	  0.062100	
  0.188759	  0.223737	  0.420090	  0.167414	

URL http://cisbp.ccbr.utoronto.ca/TFreport.php?versionNumber=2.00&searchTF=T233695_2.00

MOTIF M00385_2.00 (DME_0000176101)_(Mus_musculus)_(DBD_0.75)

letter-probability matrix: alength= 4 w= 8 nsites= 1 E= 0
  0.255055	  0.187069	  0.145689	  0.412187	
  0.156259	  0.305367	  0.217351	  0.321023	
  0.515678	  0.042755	  0.332115	  0.109452	
  0.874267	  0.000203	  0.046219	  0.079312	
  0.114396	  0.028210	  0.706034	  0.151360	
  0.240421	  0.043484	  0.196840	  0.519254	
  0.348669	  0.028336	  0.499757	  0.123239	
  0.135811	  0.293320	  0.330718	  0.240150	

URL http://cisbp.ccbr.utoronto.ca/TFreport.php?versionNumber=2.00&searchTF=T233691_2.00

MOTIF M00387_2.00 (DME_0000836201)_(Mus_musculus)_(DBD_0.86)

letter-probability matrix: alength= 4 w= 9 nsites= 1 E= 0
  0.315765	  0.220301	  0.205408	  0.258526	
  0.151708	  0.068167	  0.021157	  0.758968	
  0.845957	  0.049426	  0.102562	  0.002055	
  0.951365	  0.000267	  0.022374	  0.025995	
  0.075887	  0.057354	  0.094561	  0.772199	
  0.162453	  0.124013	  0.179538	  0.533996	
  0.376830	  0.081597	  0.412317	  0.129256	
  0.193529	  0.319075	  0.269193	  0.218203	
  0.222715	  0.280309	  0.224953	  0.272024	

URL http://cisbp.ccbr.utoronto.ca/TFreport.php?versionNumber=2.00&searchTF=T233721_2.00

MOTIF M00388_2.00 (DME_0000218401)_(Mus_musculus)_(DBD_0.72)

letter-probability matrix: alength= 4 w= 10 nsites= 1 E= 0
  0.247073	  0.284202	  0.206373	  0.262352	
  0.149870	  0.075171	  0.040036	  0.734924	
  0.706549	  0.090958	  0.126519	  0.075974	
  0.851645	  0.008910	  0.044131	  0.095313	
  0.070692	  0.091682	  0.096383	  0.741243	
  0.120799	  0.217919	  0.226813	  0.434469	
  0.367812	  0.088905	  0.402450	  0.140833	
  0.215590	  0.296895	  0.274069	  0.213445	
  0.220651	  0.269503	  0.211999	  0.297847	
  0.238452	  0.238452	  0.243269	  0.279826	

URL http://cisbp.ccbr.utoronto.ca/TFreport.php?versionNumber=2.00&searchTF=T233694_2.00

MOTIF M00393_2.00 (DME_0000816201)_(Mus_musculus)_(DBD_0.90)

letter-probability matrix: alength= 4 w= 8 nsites= 1 E= 0
  0.235698	  0.265748	  0.314993	  0.183561	
  0.194613	  0.361771	  0.230676	  0.212940	
  0.142042	  0.092400	  0.025949	  0.739610	
  0.699379	  0.079059	  0.175949	  0.045613	
  0.870945	  0.043362	  0.006683	  0.079010	
  0.058490	  0.192260	  0.064641	  0.684609	
  0.137513	  0.209290	  0.328232	  0.324966	
  0.380775	  0.133247	  0.314885	  0.171093	

URL http://cisbp.ccbr.utoronto.ca/TFreport.php?versionNumber=2.00&searchTF=T233720_2.00

MOTIF M00396_2.00 (DME_0000928001)_(Mus_musculus)_(DBD_0.82)

letter-probability matrix: alength= 4 w= 8 nsites= 1 E= 0
  0.243137	  0.255603	  0.173058	  0.328201	
  0.180751	  0.050761	  0.028138	  0.740350	
  0.754094	  0.029830	  0.091425	  0.124651	
  0.948503	  0.020184	  0.016361	  0.014953	
  0.061921	  0.014525	  0.234126	  0.689428	
  0.144617	  0.648127	  0.069692	  0.137564	
  0.112198	  0.502838	  0.114465	  0.270499	
  0.173843	  0.301314	  0.278148	  0.246695	

URL http://cisbp.ccbr.utoronto.ca/TFreport.php?versionNumber=2.00&searchTF=T233725_2.00

MOTIF M00405_2.00 (DME_0000440201)_(Mus_musculus)_(DBD_0.96)

letter-probability matrix: alength= 4 w= 9 nsites= 1 E= 0
  0.166699	  0.079535	  0.057179	  0.696587	
  0.658460	  0.072959	  0.164006	  0.104575	
  0.860814	  0.014554	  0.044163	  0.080469	
  0.057497	  0.058075	  0.037402	  0.847026	
  0.146493	  0.115235	  0.184376	  0.553896	
  0.427710	  0.071410	  0.368133	  0.132747	
  0.333758	  0.210696	  0.276004	  0.179543	
  0.279203	  0.233210	  0.202743	  0.284843	
  0.269584	  0.207863	  0.189973	  0.332580	

URL http://cisbp.ccbr.utoronto.ca/TFreport.php?versionNumber=2.00&searchTF=T233703_2.00

MOTIF M00425_2.00 (DME_0000167101)_(Mus_musculus)_(DBD_0.80)

letter-probability matrix: alength= 4 w= 8 nsites= 1 E= 0
  0.177918	  0.245015	  0.196630	  0.380437	
  0.185511	  0.128139	  0.489368	  0.196982	
  0.844182	  0.107594	  0.012408	  0.035815	
  0.079962	  0.206759	  0.066790	  0.646488	
  0.600471	  0.307266	  0.010998	  0.081265	
  0.102580	  0.523557	  0.126551	  0.247311	
  0.201123	  0.352101	  0.245653	  0.201123	
  0.225861	  0.295869	  0.223613	  0.254657	

URL http://cisbp.ccbr.utoronto.ca/TFreport.php?versionNumber=2.00&searchTF=T233689_2.00

MOTIF M00433_2.00 (DME_0000451901)_(Mus_musculus)_(DBD_0.75)

letter-probability matrix: alength= 4 w= 9 nsites= 1 E= 0
  0.239869	  0.317378	  0.190584	  0.252168	
  0.133763	  0.050707	  0.022333	  0.793196	
  0.850989	  0.020830	  0.051749	  0.076432	
  0.959274	  0.011777	  0.004509	  0.024439	
  0.324957	  0.077765	  0.136141	  0.461136	
  0.139125	  0.306548	  0.136371	  0.417956	
  0.193728	  0.061958	  0.611831	  0.132483	
  0.201560	  0.269370	  0.319285	  0.209785	
  0.174474	  0.290550	  0.187125	  0.347851	

URL http://cisbp.ccbr.utoronto.ca/TFreport.php?versionNumber=2.00&searchTF=T233704_2.00

MOTIF M00434_2.00 (DME_0000709901)_(Mus_musculus)_(DBD_0.61)

letter-probability matrix: alength= 4 w= 8 nsites= 1 E= 0
  0.181066	  0.320174	  0.134137	  0.364623	
  0.077756	  0.030374	  0.026143	  0.865728	
  0.451520	  0.051553	  0.474670	  0.022256	
  0.972804	  0.002535	  0.014882	  0.009778	
  0.013067	  0.018176	  0.024782	  0.943975	
  0.042824	  0.039929	  0.115250	  0.801997	
  0.521680	  0.031095	  0.367622	  0.079603	
  0.194449	  0.311118	  0.327069	  0.167364	

URL http://cisbp.ccbr.utoronto.ca/TFreport.php?versionNumber=2.00&searchTF=T233715_2.00

MOTIF M00442_2.00 (DME_0000192101)_(Mus_musculus)_(DBD_0.91)

letter-probability matrix: alength= 4 w= 10 nsites= 1 E= 0
  0.232947	  0.273366	  0.293187	  0.200499	
  0.212847	  0.340554	  0.181376	  0.265223	
  0.136717	  0.049300	  0.011335	  0.802648	
  0.797526	  0.087489	  0.088368	  0.026616	
  0.889584	  0.000658	  0.045639	  0.064120	
  0.150641	  0.058844	  0.122107	  0.668408	
  0.186789	  0.142591	  0.242253	  0.428367	
  0.315574	  0.091322	  0.456867	  0.136237	
  0.212950	  0.281760	  0.314523	  0.190768	
  0.193573	  0.288776	  0.231748	  0.285903	

URL http://cisbp.ccbr.utoronto.ca/TFreport.php?versionNumber=2.00&searchTF=T233692_2.00

MOTIF M00443_2.00 (DME_0000869301)_(Mus_musculus)_(DBD_0.93)

letter-probability matrix: alength= 4 w= 8 nsites= 1 E= 0
  0.205661	  0.300734	  0.189849	  0.303757	
  0.125034	  0.075837	  0.035114	  0.764015	
  0.752473	  0.068263	  0.113678	  0.065586	
  0.947059	  0.000567	  0.020767	  0.031606	
  0.052681	  0.078591	  0.069010	  0.799717	
  0.162578	  0.134445	  0.157773	  0.545203	
  0.352715	  0.124669	  0.349206	  0.173410	
  0.314813	  0.200734	  0.311680	  0.172773	

URL http://cisbp.ccbr.utoronto.ca/TFreport.php?versionNumber=2.00&searchTF=T233723_2.00

MOTIF M00461_2.00 (DME_0000792901)_(Mus_musculus)_(DBD_0.57)

letter-probability matrix: alength= 4 w= 9 nsites= 1 E= 0
  0.294249	  0.222388	  0.222388	  0.260975	
  0.183480	  0.221873	  0.178057	  0.416591	
  0.075940	  0.132946	  0.517984	  0.273129	
  0.948766	  0.047711	  0.002423	  0.001100	
  0.114207	  0.261913	  0.146644	  0.477236	
  0.526111	  0.349154	  0.000085	  0.124650	
  0.145740	  0.556586	  0.082419	  0.215255	
  0.169751	  0.417520	  0.211523	  0.201207	
  0.257435	  0.267941	  0.217189	  0.257435	

URL http://cisbp.ccbr.utoronto.ca/TFreport.php?versionNumber=2.00&searchTF=T233719_2.00

MOTIF M00462_2.00 (DME_0000460601)_(Mus_musculus)_(DBD_0.54)

letter-probability matrix: alength= 4 w= 7 nsites= 1 E= 0
  0.198929	  0.327978	  0.255430	  0.217663	
  0.220805	  0.126126	  0.131273	  0.521797	
  0.509991	  0.118438	  0.182070	  0.189501	
  0.706385	  0.038868	  0.107787	  0.146960	
  0.169953	  0.139146	  0.120967	  0.569934	
  0.143686	  0.234541	  0.190115	  0.431657	
  0.324622	  0.125544	  0.396494	  0.153340	

URL http://cisbp.ccbr.utoronto.ca/TFreport.php?versionNumber=2.00&searchTF=T233705_2.00

MOTIF M00483_2.00 (DME_0000021801)_(Mus_musculus)_(DBD_0.91)

letter-probability matrix: alength= 4 w= 7 nsites= 1 E= 0
  0.247356	  0.242458	  0.265291	  0.244895	
  0.187686	  0.245862	  0.203318	  0.363134	
  0.206531	  0.145540	  0.437226	  0.210703	
  0.818609	  0.111900	  0.033704	  0.035788	
  0.126658	  0.170970	  0.099632	  0.602740	
  0.539508	  0.337193	  0.043409	  0.079890	
  0.146793	  0.419484	  0.179294	  0.254430	

URL http://cisbp.ccbr.utoronto.ca/TFreport.php?versionNumber=2.00&searchTF=T233683_2.00

MOTIF M00484_2.00 (DME_0001008101)_(Mus_musculus)_(DBD_0.77)

letter-probability matrix: alength= 4 w= 8 nsites= 1 E= 0
  0.260569	  0.255410	  0.285108	  0.198913	
  0.177845	  0.320830	  0.230652	  0.270673	
  0.114497	  0.403649	  0.048938	  0.432917	
  0.580843	  0.152091	  0.107177	  0.159889	
  0.790662	  0.111371	  0.053137	  0.044830	
  0.121087	  0.104221	  0.012262	  0.762430	
  0.136206	  0.248183	  0.120804	  0.494807	
  0.509367	  0.130735	  0.162905	  0.196993	

URL http://cisbp.ccbr.utoronto.ca/TFreport.php?versionNumber=2.00&searchTF=T233728_2.00

MOTIF M00495_2.00 (DME_0000293901)_(Mus_musculus)_(DBD_0.81)

letter-probability matrix: alength= 4 w= 9 nsites= 1 E= 0
  0.184447	  0.364076	  0.184447	  0.267030	
  0.116544	  0.046445	  0.001308	  0.835703	
  0.822965	  0.097799	  0.078485	  0.000750	
  0.891592	  0.011056	  0.021179	  0.076173	
  0.116988	  0.045699	  0.100693	  0.736620	
  0.189372	  0.123188	  0.282510	  0.404930	
  0.430266	  0.105047	  0.303203	  0.161484	
  0.227412	  0.274998	  0.297901	  0.199689	
  0.184723	  0.307617	  0.234829	  0.272832	

URL http://cisbp.ccbr.utoronto.ca/TFreport.php?versionNumber=2.00&searchTF=T233696_2.00

MOTIF M00516_2.00 (DME_0000530901)_(Mus_musculus)_(DBD_0.88)

letter-probability matrix: alength= 4 w= 9 nsites= 1 E= 0
  0.266806	  0.229642	  0.205721	  0.297830	
  0.116229	  0.082729	  0.031676	  0.769366	
  0.886269	  0.000274	  0.097224	  0.016233	
  0.956010	  0.016164	  0.000365	  0.027461	
  0.057873	  0.196026	  0.082125	  0.663976	
  0.104695	  0.230685	  0.333971	  0.330648	
  0.326888	  0.077449	  0.441252	  0.154411	
  0.189730	  0.271946	  0.338866	  0.199458	
  0.170012	  0.319216	  0.175189	  0.335583	

URL http://cisbp.ccbr.utoronto.ca/TFreport.php?versionNumber=2.00&searchTF=T233709_2.00

MOTIF M00524_2.00 (DME_0000203101)_(Mus_musculus)_(DBD_0.84)

letter-probability matrix: alength= 4 w= 10 nsites= 1 E= 0
  0.221818	  0.204764	  0.161073	  0.412344	
  0.207435	  0.166471	  0.084337	  0.541758	
  0.621586	  0.036682	  0.185355	  0.156378	
  0.910510	  0.013383	  0.034261	  0.041846	
  0.138801	  0.083349	  0.268550	  0.509300	
  0.088820	  0.300850	  0.045450	  0.564880	
  0.170729	  0.062808	  0.652021	  0.114443	
  0.204093	  0.304470	  0.254315	  0.237122	
  0.175698	  0.304530	  0.186563	  0.333209	
  0.196959	  0.273964	  0.238173	  0.290905	

URL http://cisbp.ccbr.utoronto.ca/TFreport.php?versionNumber=2.00&searchTF=T233693_2.00

MOTIF M00554_2.00 (DME_0000789801)_(Drosophila_melanogaster)_(DBD_0.88)

letter-probability matrix: alength= 4 w= 10 nsites= 1 E= 0
  0.251496	  0.177226	  0.199822	  0.371455	
  0.148997	  0.073254	  0.136173	  0.641576	
  0.122081	  0.052704	  0.056525	  0.768690	
  0.381649	  0.037883	  0.070422	  0.510046	
  0.882245	  0.000299	  0.060489	  0.056967	
  0.048121	  0.268735	  0.096905	  0.586239	
  0.165526	  0.087281	  0.407129	  0.340063	
  0.403411	  0.084771	  0.354234	  0.157584	
  0.125944	  0.405791	  0.231791	  0.236474	
  0.189990	  0.335953	  0.201738	  0.272318	

URL http://cisbp.ccbr.utoronto.ca/TFreport.php?versionNumber=2.00&searchTF=T233717_2.00

MOTIF M00587_2.00 (DME_0000322601)_(Caenorhabditis_elegans)_(DBD_0.82)

letter-probability matrix: alength= 4 w= 8 nsites= 1 E= 0
  0.074832	  0.102859	  0.037463	  0.784847	
  0.000066	  0.999803	  0.000066	  0.000066	
  0.000066	  0.026375	  0.973494	  0.000066	
  0.592015	  0.032952	  0.374967	  0.000066	
  0.000066	  0.000066	  0.999803	  0.000066	
  0.993225	  0.000066	  0.006643	  0.000066	
  0.140532	  0.280981	  0.363599	  0.214888	
  0.092027	  0.402229	  0.034582	  0.471163	

URL http://cisbp.ccbr.utoronto.ca/TFreport.php?versionNumber=2.00&searchTF=T029308_2.00

MOTIF M00615_2.00 (DME_0000351801)_(Caenorhabditis_elegans)_(DBD_0.88)

letter-probability matrix: alength= 4 w= 10 nsites= 1 E= 0
  0.194145	  0.371892	  0.184676	  0.249287	
  0.053905	  0.142199	  0.092502	  0.711394	
  0.999361	  0.000033	  0.000001	  0.000605	
  0.001640	  0.929810	  0.000856	  0.067693	
  0.341787	  0.499789	  0.064340	  0.094084	
  0.107662	  0.000537	  0.888023	  0.003777	
  0.051787	  0.006032	  0.010352	  0.931828	
  0.824022	  0.055935	  0.053742	  0.066300	
  0.285208	  0.226607	  0.125615	  0.362570	
  0.182831	  0.316893	  0.163787	  0.336489	

URL http://cisbp.ccbr.utoronto.ca/TFreport.php?versionNumber=2.00&searchTF=T153133_2.00

MOTIF M00616_2.00 (DME_0000476501)_(Caenorhabditis_elegans)_(DBD_0.87)

letter-probability matrix: alength= 4 w= 10 nsites= 1 E= 0
  0.324441	  0.053630	  0.503762	  0.118168	
  0.063423	  0.734966	  0.001310	  0.200302	
  0.272717	  0.216683	  0.310578	  0.200023	
  0.109808	  0.326600	  0.262102	  0.301490	
  0.409532	  0.133622	  0.055424	  0.401422	
  0.114193	  0.029901	  0.107543	  0.748363	
  0.165220	  0.669999	  0.051794	  0.112987	
  0.300863	  0.360199	  0.161848	  0.177090	
  0.219733	  0.279336	  0.145826	  0.355105	
  0.226599	  0.240611	  0.162908	  0.369882	

URL http://cisbp.ccbr.utoronto.ca/TFreport.php?versionNumber=2.00&searchTF=T153141_2.00

MOTIF M00622_2.00 (DME_0000200401)_(Caenorhabditis_elegans)_(DBD_0.94)

letter-probability matrix: alength= 4 w= 8 nsites= 1 E= 0
  0.042013	  0.915557	  0.000416	  0.042013	
  0.133489	  0.233356	  0.566245	  0.066911	
  0.000303	  0.999092	  0.000303	  0.000303	
  0.000303	  0.999092	  0.000303	  0.000303	
  0.000303	  0.968826	  0.000303	  0.030569	
  0.575363	  0.333232	  0.091102	  0.000303	
  0.000303	  0.999092	  0.000303	  0.000303	
  0.166805	  0.083611	  0.665973	  0.083611	

URL http://cisbp.ccbr.utoronto.ca/TFreport.php?versionNumber=2.00&searchTF=T153118_2.00

MOTIF M00632_2.00 (DME_0000423301)_(Caenorhabditis_elegans)_(DBD_0.88)

letter-probability matrix: alength= 4 w= 10 nsites= 1 E= 0
  0.310430	  0.229857	  0.229857	  0.229857	
  0.141167	  0.374062	  0.141167	  0.343604	
  0.570189	  0.429360	  0.000225	  0.000225	
  0.000225	  0.999324	  0.000225	  0.000225	
  0.085811	  0.000225	  0.913738	  0.000225	
  0.000225	  0.999324	  0.000225	  0.000225	
  0.000225	  0.999324	  0.000225	  0.000225	
  0.000225	  0.999324	  0.000225	  0.000225	
  0.217940	  0.667367	  0.020369	  0.094324	
  0.109058	  0.359751	  0.109058	  0.422132	

URL http://cisbp.ccbr.utoronto.ca/TFreport.php?versionNumber=2.00&searchTF=T153138_2.00

MOTIF M00641_2.00 (DME_0000006201)_(Caenorhabditis_elegans)_(DBD_0.91)

letter-probability matrix: alength= 4 w= 10 nsites= 1 E= 0
  0.423533	  0.155809	  0.281078	  0.139579	
  0.237052	  0.254240	  0.246726	  0.261983	
  0.030814	  0.031436	  0.032719	  0.905030	
  0.022675	  0.003426	  0.973874	  0.000025	
  0.814440	  0.000029	  0.035251	  0.150280	
  0.015413	  0.958364	  0.007208	  0.019015	
  0.025164	  0.968160	  0.002260	  0.004417	
  0.560196	  0.106515	  0.269963	  0.063325	
  0.199576	  0.322529	  0.241337	  0.236558	
  0.194301	  0.267577	  0.146849	  0.391273	

URL http://cisbp.ccbr.utoronto.ca/TFreport.php?versionNumber=2.00&searchTF=T153112_2.00

MOTIF M00653_2.00 (DME_0000089401)_(Caenorhabditis_elegans)_(DBD_0.66)

letter-probability matrix: alength= 4 w= 10 nsites= 1 E= 0
  0.351108	  0.161986	  0.238670	  0.248236	
  0.606659	  0.082432	  0.082432	  0.228477	
  0.000076	  0.000076	  0.000076	  0.999772	
  0.000076	  0.000076	  0.999772	  0.000076	
  0.000076	  0.000076	  0.000076	  0.999772	
  0.000076	  0.000076	  0.000076	  0.999772	
  0.000076	  0.000076	  0.999772	  0.000076	
  0.000076	  0.999772	  0.000076	  0.000076	
  0.329343	  0.088091	  0.494476	  0.088091	
  0.434327	  0.167644	  0.230385	  0.167644	

URL http://cisbp.ccbr.utoronto.ca/TFreport.php?versionNumber=2.00&searchTF=T169766_2.00

MOTIF M00656_2.00 (DME_0000735001)_(Caenorhabditis_elegans)_(DBD_0.87)

letter-probability matrix: alength= 4 w= 10 nsites= 1 E= 0
  0.399025	  0.136869	  0.188486	  0.275620	
  0.310127	  0.107445	  0.086227	  0.496201	
  0.141909	  0.062501	  0.661946	  0.133645	
  0.088249	  0.038098	  0.002204	  0.871450	
  0.698396	  0.039204	  0.103419	  0.158981	
  0.217536	  0.066179	  0.106951	  0.609334	
  0.133729	  0.655771	  0.067075	  0.143425	
  0.388300	  0.157871	  0.198697	  0.255132	
  0.411135	  0.162215	  0.172246	  0.254404	
  0.291260	  0.149040	  0.185715	  0.373985	

URL http://cisbp.ccbr.utoronto.ca/TFreport.php?versionNumber=2.00&searchTF=T169768_2.00

MOTIF M00657_2.00 (DME_0001004201)_(Caenorhabditis_elegans)_(DBD_0.89)

letter-probability matrix: alength= 4 w= 8 nsites= 1 E= 0
  0.767638	  0.077454	  0.077454	  0.077454	
  0.646127	  0.059272	  0.059272	  0.235329	
  0.048004	  0.048004	  0.000475	  0.903517	
  0.000454	  0.000454	  0.998639	  0.000454	
  0.000454	  0.000454	  0.000454	  0.998639	
  0.000454	  0.000454	  0.000454	  0.998639	
  0.000454	  0.000454	  0.181942	  0.817151	
  0.000554	  0.998337	  0.000554	  0.000554	

URL http://cisbp.ccbr.utoronto.ca/TFreport.php?versionNumber=2.00&searchTF=T169770_2.00

MOTIF M00664_2.00 (DME_0000512101)_(Caenorhabditis_elegans)_(DBD_0.72)

letter-probability matrix: alength= 4 w= 8 nsites= 1 E= 0
  0.597222	  0.001984	  0.398810	  0.001984	
  0.001656	  0.001656	  0.001656	  0.995033	
  0.995033	  0.001656	  0.001656	  0.001656	
  0.995033	  0.001656	  0.001656	  0.001656	
  0.995033	  0.001656	  0.001656	  0.001656	
  0.001656	  0.995033	  0.001656	  0.001656	
  0.995033	  0.001656	  0.001656	  0.001656	
  0.745050	  0.002475	  0.002475	  0.250000	

URL http://cisbp.ccbr.utoronto.ca/TFreport.php?versionNumber=2.00&searchTF=T190469_2.00

MOTIF M00665_2.00 (DME_0000946301)_(Caenorhabditis_elegans)_(DBD_0.92)

letter-probability matrix: alength= 4 w= 11 nsites= 1 E= 0
  0.290290	  0.211015	  0.287681	  0.211015	
  0.243370	  0.086173	  0.086173	  0.584284	
  0.215478	  0.060026	  0.664470	  0.060026	
  0.151281	  0.076299	  0.000121	  0.772299	
  0.919668	  0.080090	  0.000121	  0.000121	
  0.922970	  0.076788	  0.000121	  0.000121	
  0.999637	  0.000121	  0.000121	  0.000121	
  0.000121	  0.668017	  0.000121	  0.331741	
  0.882680	  0.039107	  0.039107	  0.039107	
  0.508155	  0.163948	  0.163948	  0.163948	
  0.429714	  0.190095	  0.190095	  0.190095	

URL http://cisbp.ccbr.utoronto.ca/TFreport.php?versionNumber=2.00&searchTF=T190474_2.00

MOTIF M00671_2.00 (DME_0000392201)_(Caenorhabditis_elegans)_(DBD_0.67)

letter-probability matrix: alength= 4 w= 10 nsites= 1 E= 0
  0.271803	  0.163217	  0.084359	  0.480621	
  0.100398	  0.101407	  0.033755	  0.764439	
  0.843498	  0.017246	  0.067192	  0.072064	
  0.923696	  0.014417	  0.007377	  0.054510	
  0.030333	  0.028566	  0.032208	  0.908893	
  0.073324	  0.018447	  0.099971	  0.808259	
  0.601590	  0.017986	  0.323622	  0.056802	
  0.201761	  0.297997	  0.346223	  0.154020	
  0.139530	  0.323202	  0.194081	  0.343187	
  0.146951	  0.379972	  0.174181	  0.298896	

URL http://cisbp.ccbr.utoronto.ca/TFreport.php?versionNumber=2.00&searchTF=T233700_2.00

MOTIF M00674_2.00 (DME_0000486501)_(Caenorhabditis_elegans)_(DBD_0.65)

letter-probability matrix: alength= 4 w= 8 nsites= 1 E= 0
  0.327533	  0.155238	  0.120779	  0.396451	
  0.012942	  0.000128	  0.000128	  0.986802	
  0.999616	  0.000128	  0.000128	  0.000128	
  0.986802	  0.000128	  0.000128	  0.012942	
  0.000128	  0.012942	  0.025756	  0.961174	
  0.013110	  0.986630	  0.000130	  0.000130	
  0.000149	  0.745973	  0.000149	  0.253729	
  0.155639	  0.311057	  0.244449	  0.288854	

URL http://cisbp.ccbr.utoronto.ca/TFreport.php?versionNumber=2.00&searchTF=T233706_2.00

MOTIF M00680_2.00 (DME_0000554401)_(Caenorhabditis_elegans)_(DBD_0.72)

letter-probability matrix: alength= 4 w= 9 nsites= 1 E= 0
  0.255455	  0.222082	  0.321515	  0.200948	
  0.349021	  0.175061	  0.201368	  0.274550	
  0.092255	  0.046273	  0.045357	  0.816116	
  0.708869	  0.089449	  0.201073	  0.000609	
  0.886791	  0.044151	  0.047352	  0.021706	
  0.066984	  0.055393	  0.069717	  0.807907	
  0.031598	  0.271262	  0.117107	  0.580033	
  0.284321	  0.145489	  0.399456	  0.170733	
  0.234909	  0.246953	  0.333352	  0.184786	

URL http://cisbp.ccbr.utoronto.ca/TFreport.php?versionNumber=2.00&searchTF=T237845_2.00

MOTIF M00682_2.00 (DME_0000290701)_(Caenorhabditis_elegans)_(DBD_0.58)

letter-probability matrix: alength= 4 w= 8 nsites= 1 E= 0
  0.004902	  0.004902	  0.004902	  0.985294	
  0.004902	  0.004902	  0.004902	  0.985294	
  0.004902	  0.985294	  0.004902	  0.004902	
  0.004902	  0.495098	  0.004902	  0.495098	
  0.985294	  0.004902	  0.004902	  0.004902	
  0.004902	  0.004902	  0.985294	  0.004902	
  0.985294	  0.004902	  0.004902	  0.004902	
  0.985294	  0.004902	  0.004902	  0.004902	

URL http://cisbp.ccbr.utoronto.ca/TFreport.php?versionNumber=2.00&searchTF=T243665_2.00

MOTIF M00685_2.00 (DME_0000943901)_(Caenorhabditis_elegans)_(DBD_0.96)

letter-probability matrix: alength= 4 w= 10 nsites= 1 E= 0
  0.456877	  0.161485	  0.130898	  0.250740	
  0.628266	  0.040567	  0.174681	  0.156486	
  0.903976	  0.016068	  0.069186	  0.010770	
  0.011187	  0.008625	  0.977229	  0.002959	
  0.011411	  0.000258	  0.180297	  0.808034	
  0.415665	  0.018172	  0.468661	  0.097503	
  0.012476	  0.947468	  0.007797	  0.032259	
  0.785405	  0.008725	  0.132449	  0.073420	
  0.322097	  0.205378	  0.159948	  0.312577	
  0.267136	  0.259241	  0.214382	  0.259241	

URL http://cisbp.ccbr.utoronto.ca/TFreport.php?versionNumber=2.00&searchTF=T308528_2.00

MOTIF M00686_2.00 (DME_0000591901)_(Caenorhabditis_elegans)_(DBD_0.61)

letter-probability matrix: alength= 4 w= 8 nsites= 1 E= 0
  0.844325	  0.000767	  0.154141	  0.000767	
  0.263130	  0.105567	  0.578256	  0.053046	
  0.083611	  0.042013	  0.042013	  0.832363	
  0.000416	  0.000416	  0.998752	  0.000416	
  0.998752	  0.000416	  0.000416	  0.000416	
  0.000416	  0.000416	  0.000416	  0.998752	
  0.000416	  0.998752	  0.000416	  0.000416	
  0.998503	  0.000499	  0.000499	  0.000499	

URL http://cisbp.ccbr.utoronto.ca/TFreport.php?versionNumber=2.00&searchTF=T308516_2.00

MOTIF M00687_2.00 (DME_0000480501)_(Caenorhabditis_elegans)_(DBD_0.80)

letter-probability matrix: alength= 4 w= 10 nsites= 1 E= 0
  0.424708	  0.167570	  0.181526	  0.226196	
  0.394760	  0.138142	  0.230046	  0.237052	
  0.621952	  0.129394	  0.123084	  0.125570	
  0.127104	  0.096063	  0.661826	  0.115008	
  0.473338	  0.032454	  0.247104	  0.247104	
  0.178424	  0.238451	  0.102942	  0.480182	
  0.124009	  0.620395	  0.086518	  0.169077	
  0.778907	  0.000116	  0.190165	  0.030812	
  0.331200	  0.215448	  0.235738	  0.217614	
  0.270667	  0.235307	  0.206622	  0.287404	

URL http://cisbp.ccbr.utoronto.ca/TFreport.php?versionNumber=2.00&searchTF=T308513_2.00

MOTIF M00689_2.00 (DME_0000188101)_(Caenorhabditis_elegans)_(DBD_0.66)

letter-probability matrix: alength= 4 w= 9 nsites= 1 E= 0
  0.597035	  0.077111	  0.077111	  0.248744	
  0.833606	  0.000140	  0.166115	  0.000140	
  0.999581	  0.000140	  0.000140	  0.000140	
  0.081900	  0.000140	  0.835503	  0.082457	
  0.917820	  0.000140	  0.000140	  0.081900	
  0.000140	  0.418083	  0.000140	  0.581638	
  0.082457	  0.835503	  0.000140	  0.081900	
  0.835503	  0.000140	  0.000140	  0.164218	
  0.399246	  0.254695	  0.173029	  0.173029	

URL http://cisbp.ccbr.utoronto.ca/TFreport.php?versionNumber=2.00&searchTF=T308501_2.00

MOTIF M00708_2.00 (DME_0000841401)_(Caenorhabditis_elegans)_(DBD_0.75)

letter-probability matrix: alength= 4 w= 10 nsites= 1 E= 0
  0.168663	  0.275311	  0.239344	  0.316683	
  0.176492	  0.296864	  0.205054	  0.321589	
  0.099868	  0.334905	  0.233655	  0.331572	
  0.572889	  0.124051	  0.200475	  0.102585	
  0.711682	  0.128719	  0.063284	  0.096316	
  0.139239	  0.068456	  0.676002	  0.116303	
  0.601869	  0.036600	  0.275901	  0.085630	
  0.375126	  0.319661	  0.021699	  0.283514	
  0.395081	  0.114330	  0.326716	  0.163873	
  0.242351	  0.212807	  0.230531	  0.314312	

URL http://cisbp.ccbr.utoronto.ca/TFreport.php?versionNumber=2.00&searchTF=T316732_2.00

MOTIF M00791_2.00 (DME_0000479301)_(Mus_musculus)_(DBD_0.72)

letter-probability matrix: alength= 4 w= 10 nsites= 1 E= 0
  0.304424	  0.223279	  0.262020	  0.210276	
  0.213777	  0.233909	  0.245902	  0.306412	
  0.293934	  0.159709	  0.385043	  0.161314	
  0.246234	  0.175262	  0.129837	  0.448667	
  0.528194	  0.286995	  0.062145	  0.122666	
  0.598965	  0.187767	  0.067034	  0.146233	
  0.718961	  0.066540	  0.146615	  0.067884	
  0.033458	  0.590092	  0.077500	  0.298951	
  0.671272	  0.049858	  0.121410	  0.157460	
  0.326891	  0.210530	  0.210530	  0.252050	

URL http://cisbp.ccbr.utoronto.ca/TFreport.php?versionNumber=2.00&searchTF=T190468_2.00

MOTIF M00792_2.00 (DME_0000131201)_(Mus_musculus)_(DBD_0.79)

letter-probability matrix: alength= 4 w= 8 nsites= 1 E= 0
  0.314286	  0.057143	  0.600000	  0.028571	
  0.116279	  0.046512	  0.023256	  0.813953	
  0.790698	  0.162791	  0.023256	  0.023256	
  0.860465	  0.046512	  0.023256	  0.069767	
  0.930233	  0.023256	  0.023256	  0.023256	
  0.023256	  0.790698	  0.023256	  0.162791	
  0.928571	  0.023810	  0.023810	  0.023810	
  0.551724	  0.103448	  0.137931	  0.206897	

URL http://cisbp.ccbr.utoronto.ca/TFreport.php?versionNumber=2.00&searchTF=T190464_2.00

MOTIF M00797_2.00 (DME_0000896101)_(Mus_musculus)_(DBD_0.80)

letter-probability matrix: alength= 4 w= 8 nsites= 1 E= 0
  0.346154	  0.076923	  0.557692	  0.019231	
  0.181818	  0.038961	  0.012987	  0.766234	
  0.650602	  0.277108	  0.024096	  0.048193	
  0.916667	  0.035714	  0.011905	  0.035714	
  0.952381	  0.011905	  0.011905	  0.023810	
  0.011905	  0.845238	  0.011905	  0.130952	
  0.964286	  0.011905	  0.011905	  0.011905	
  0.571429	  0.142857	  0.126984	  0.158730	

URL http://cisbp.ccbr.utoronto.ca/TFreport.php?versionNumber=2.00&searchTF=T190473_2.00

MOTIF M00814_2.00 (DME_0000202701)_(Mus_musculus)_(DBD_0.76)

letter-probability matrix: alength= 4 w= 10 nsites= 1 E= 0
  0.296858	  0.205050	  0.290980	  0.207111	
  0.392281	  0.196759	  0.273685	  0.137274	
  0.420113	  0.172522	  0.225998	  0.181367	
  0.197590	  0.001457	  0.754605	  0.046349	
  0.075816	  0.167052	  0.079703	  0.677429	
  0.062524	  0.675561	  0.045858	  0.216057	
  0.683906	  0.024236	  0.234586	  0.057273	
  0.316686	  0.234607	  0.229961	  0.218746	
  0.257859	  0.257859	  0.226424	  0.257859	
  0.252243	  0.249733	  0.232849	  0.265175	

URL http://cisbp.ccbr.utoronto.ca/TFreport.php?versionNumber=2.00&searchTF=T308502_2.00

MOTIF M00816_2.00 (DME_0000930801)_(Mus_musculus)_(DBD_0.76)

letter-probability matrix: alength= 4 w= 8 nsites= 1 E= 0
