MEME version 4

ALPHABET= ACGT

strands: + -

Background letter frequencies (from uniform background):
A 0.25000 C 0.25000 G 0.25000 T 0.25000 

MOTIF M00889_2.00 (EMIHUDRAFT_114782)_(Arabidopsis_thaliana)_(DBD_0.37)

letter-probability matrix: alength= 4 w= 12 nsites= 1 E= 0
  0.304734	  0.198088	  0.299091	  0.198088	
  0.764758	  0.078414	  0.078414	  0.078414	
  0.146666	  0.050698	  0.050698	  0.751939	
  0.625315	  0.121356	  0.227065	  0.026263	
  0.903017	  0.096306	  0.000338	  0.000338	
  0.094494	  0.000338	  0.096306	  0.808861	
  0.095431	  0.000338	  0.000338	  0.903893	
  0.904830	  0.094494	  0.000338	  0.000338	
  0.347844	  0.052250	  0.152763	  0.447143	
  0.282790	  0.275625	  0.171924	  0.269661	
  0.199641	  0.297377	  0.303342	  0.199641	
  0.327776	  0.224075	  0.224075	  0.224075	

URL http://cisbp.ccbr.utoronto.ca/TFreport.php?versionNumber=2.00&searchTF=T327457_2.00

MOTIF M01087_2.00 (EMIHUDRAFT_244683)_(Arabidopsis_thaliana)_(DBD_0.49)

letter-probability matrix: alength= 4 w= 10 nsites= 1 E= 0
  0.363763	  0.193737	  0.193737	  0.248763	
  0.435854	  0.149502	  0.175442	  0.239202	
  0.435354	  0.080331	  0.180578	  0.303737	
  0.104843	  0.081652	  0.061711	  0.751794	
  0.060645	  0.051679	  0.046295	  0.841381	
  0.003122	  0.533049	  0.072865	  0.390963	
  0.758381	  0.000142	  0.200574	  0.040902	
  0.899183	  0.023138	  0.031547	  0.046131	
  0.830968	  0.038574	  0.063599	  0.066859	
  0.293712	  0.255341	  0.066195	  0.384752	

URL http://cisbp.ccbr.utoronto.ca/TFreport.php?versionNumber=2.00&searchTF=T345268_2.00

MOTIF M01225_2.00 (EMIHUDRAFT_458951)_(Physcomitrella_patens)_(DBD_0.79)

letter-probability matrix: alength= 4 w= 10 nsites= 1 E= 0
  0.190589	  0.347275	  0.407531	  0.054605	
  0.053131	  0.125558	  0.759581	  0.061730	
  0.006389	  0.948224	  0.000029	  0.045358	
  0.045581	  0.000042	  0.924726	  0.029651	
  0.016651	  0.814394	  0.092060	  0.076895	
  0.118839	  0.496592	  0.220913	  0.163656	
  0.407444	  0.259798	  0.072960	  0.259798	
  0.440817	  0.140982	  0.104442	  0.313760	
  0.395676	  0.129101	  0.157685	  0.317538	
  0.315183	  0.176470	  0.156515	  0.351832	

URL http://cisbp.ccbr.utoronto.ca/TFreport.php?versionNumber=2.00&searchTF=T172424_2.00

MOTIF M01319_2.00 (EMIHUDRAFT_222607)_(Arabidopsis_thaliana)_(DBD_0.74)

letter-probability matrix: alength= 4 w= 8 nsites= 1 E= 0
  0.158993	  0.167145	  0.151239	  0.522623	
  0.178907	  0.147949	  0.124819	  0.548325	
  0.096781	  0.412588	  0.090238	  0.400394	
  0.640051	  0.041744	  0.317840	  0.000365	
  0.843350	  0.025981	  0.034377	  0.096292	
  0.746360	  0.041067	  0.080255	  0.132318	
  0.306449	  0.236288	  0.043600	  0.413663	
  0.253512	  0.201424	  0.199420	  0.345645	

URL http://cisbp.ccbr.utoronto.ca/TFreport.php?versionNumber=2.00&searchTF=T345266_2.00

MOTIF M02698_2.00 (EMIHUDRAFT_357624)_(Arabidopsis_thaliana)_(DBD_0.90)

letter-probability matrix: alength= 4 w= 11 nsites= 1 E= 0
  0.140000	  0.450000	  0.230000	  0.180000	
  0.160000	  0.270000	  0.550000	  0.020000	
  0.000000	  0.919192	  0.040404	  0.040404	
  0.000000	  0.050000	  0.930000	  0.020000	
  0.040404	  0.939394	  0.000000	  0.020202	
  0.040404	  0.020202	  0.020202	  0.919192	
  0.080808	  0.000000	  0.858586	  0.060606	
  0.960000	  0.000000	  0.020000	  0.020000	
  0.040000	  0.040000	  0.920000	  0.000000	
  0.020000	  0.550000	  0.260000	  0.170000	
  0.151515	  0.323232	  0.242424	  0.282828	

URL http://cisbp.ccbr.utoronto.ca/TFreport.php?versionNumber=2.00&searchTF=T269226_2.00

MOTIF M06950_2.00 (EMIHUDRAFT_470076)_(Arabidopsis_thaliana)_(DBD_0.44)

letter-probability matrix: alength= 4 w= 16 nsites= 1 E= 0
  0.000000	  0.000000	  1.000000	  0.000000	
  0.994828	  0.000000	  0.000000	  0.005172	
  0.939654	  0.006897	  0.006897	  0.046552	
  0.070690	  0.241379	  0.572414	  0.115517	
  0.318966	  0.263793	  0.186207	  0.231034	
  0.086207	  0.034483	  0.003448	  0.875862	
  0.005172	  0.000000	  0.003448	  0.991380	
  0.000000	  0.998276	  0.001724	  0.000000	
  0.001724	  0.137931	  0.037931	  0.822414	
  0.786207	  0.029310	  0.184483	  0.000000	
  0.000000	  0.001724	  0.998276	  0.000000	
  0.986207	  0.000000	  0.000000	  0.013793	
  0.777586	  0.027586	  0.086207	  0.108621	
  0.237931	  0.201724	  0.384483	  0.175862	
  0.320690	  0.327586	  0.150000	  0.201724	
  0.341379	  0.113793	  0.125862	  0.418966	

URL http://cisbp.ccbr.utoronto.ca/TFreport.php?versionNumber=2.00&searchTF=T240108_2.00

MOTIF M08108_2.00 (EMIHUDRAFT_448439)_(Homo_sapiens)_(DBD_0.63)

letter-probability matrix: alength= 4 w= 11 nsites= 1 E= 0
  0.204783	  0.244644	  0.387145	  0.163428	
  0.131041	  0.340807	  0.468361	  0.059791	
  0.023916	  0.035376	  0.927753	  0.012955	
  0.013951	  0.939711	  0.010962	  0.035376	
  0.006976	  0.026906	  0.962631	  0.003488	
  0.017937	  0.039860	  0.929248	  0.012955	
  0.013453	  0.015944	  0.956153	  0.014449	
  0.924265	  0.011958	  0.048829	  0.014948	
  0.819631	  0.084704	  0.068261	  0.027404	
  0.231689	  0.322372	  0.322870	  0.123069	
  0.189836	  0.300947	  0.322870	  0.186348	

URL http://cisbp.ccbr.utoronto.ca/TFreport.php?versionNumber=2.00&searchTF=T172423_2.00

