MEME version 4

ALPHABET= ACGT

strands: + -

Background letter frequencies (from uniform background):
A 0.25000 C 0.25000 G 0.25000 T 0.25000 

MOTIF M00153_2.00 (Eint_021310)_(Mus_musculus)_(DBD_0.49)

letter-probability matrix: alength= 4 w= 10 nsites= 1 E= 0
  0.328844	  0.158473	  0.193559	  0.319125	
  0.340062	  0.138259	  0.138259	  0.383419	
  0.250781	  0.152106	  0.248285	  0.348828	
  0.146662	  0.212328	  0.477294	  0.163716	
  0.049148	  0.109382	  0.841214	  0.000255	
  0.098666	  0.881603	  0.000009	  0.019722	
  0.001228	  0.000013	  0.977948	  0.020810	
  0.022581	  0.624590	  0.326064	  0.026765	
  0.135566	  0.284138	  0.361210	  0.219085	
  0.234821	  0.292605	  0.182879	  0.289694	

URL http://cisbp.ccbr.utoronto.ca/TFreport.php?versionNumber=2.00&searchTF=T172421_2.00

MOTIF M00163_2.00 (Eint_010340)_(Mus_musculus)_(DBD_0.50)

letter-probability matrix: alength= 4 w= 8 nsites= 1 E= 0
  0.309467	  0.142959	  0.547336	  0.000238	
  0.295052	  0.000164	  0.000164	  0.704620	
  0.619510	  0.295749	  0.000141	  0.084600	
  0.888534	  0.069545	  0.000139	  0.041782	
  0.999584	  0.000139	  0.000139	  0.000139	
  0.000139	  0.957940	  0.000139	  0.041782	
  0.999572	  0.000143	  0.000143	  0.000143	
  0.660068	  0.132164	  0.056750	  0.151018	

URL http://cisbp.ccbr.utoronto.ca/TFreport.php?versionNumber=2.00&searchTF=T185071_2.00

MOTIF M00790_2.00 (Eint_111220)_(Mus_musculus)_(DBD_0.57)

letter-probability matrix: alength= 4 w= 9 nsites= 1 E= 0
  0.337606	  0.151696	  0.424910	  0.085788	
  0.214462	  0.151129	  0.074301	  0.560108	
  0.593218	  0.291652	  0.036436	  0.078694	
  0.697590	  0.152571	  0.033369	  0.116470	
  0.810620	  0.060208	  0.065878	  0.063295	
  0.020715	  0.679160	  0.040079	  0.260046	
  0.798255	  0.049523	  0.065525	  0.086698	
  0.354392	  0.210693	  0.192559	  0.242355	
  0.307967	  0.221405	  0.177681	  0.292947	

URL http://cisbp.ccbr.utoronto.ca/TFreport.php?versionNumber=2.00&searchTF=T185072_2.00

MOTIF M01567_2.00 (Eint_041450)_(Saccharomyces_cerevisiae)_(DBD_0.78)

letter-probability matrix: alength= 4 w= 7 nsites= 1 E= 0
  0.315311	  0.189343	  0.207174	  0.288172	
  0.345705	  0.141966	  0.211788	  0.300541	
  0.271982	  0.110580	  0.155359	  0.462079	
  0.583542	  0.000869	  0.110954	  0.304636	
  0.219565	  0.006434	  0.188981	  0.585020	
  0.934996	  0.000354	  0.051964	  0.012687	
  0.422777	  0.000471	  0.095282	  0.481470	

URL http://cisbp.ccbr.utoronto.ca/TFreport.php?versionNumber=2.00&searchTF=T342256_2.00

MOTIF M02054_2.00 (Eint_101420)_(Encephalitozoon_cuniculi)_(DBD_0.93)

letter-probability matrix: alength= 4 w= 11 nsites= 1 E= 0
  0.125135	  0.442193	  0.221649	  0.211022	
  0.531265	  0.419860	  0.024438	  0.024438	
  0.024438	  0.024438	  0.024438	  0.926687	
  0.184976	  0.723191	  0.091699	  0.000134	
  0.000134	  0.000134	  0.000134	  0.999598	
  0.000134	  0.999598	  0.000134	  0.000134	
  0.999598	  0.000134	  0.000134	  0.000134	
  0.999598	  0.000134	  0.000134	  0.000134	
  0.213627	  0.124999	  0.124999	  0.536375	
  0.225697	  0.322910	  0.225697	  0.225697	
  0.322910	  0.225697	  0.225697	  0.225697	

URL http://cisbp.ccbr.utoronto.ca/TFreport.php?versionNumber=2.00&searchTF=T206608_2.00

MOTIF M02060_2.00 (Eint_101430)_(Candida_glabrata)_(DBD_0.51)

letter-probability matrix: alength= 4 w= 10 nsites= 1 E= 0
  0.220056	  0.189404	  0.231339	  0.359201	
  0.228777	  0.119432	  0.191091	  0.460700	
  0.135092	  0.079516	  0.067759	  0.717633	
  0.147662	  0.063747	  0.617033	  0.171558	
  0.840037	  0.006010	  0.076206	  0.077746	
  0.035440	  0.843734	  0.000785	  0.120041	
  0.593562	  0.010981	  0.329028	  0.066430	
  0.062207	  0.221512	  0.368881	  0.347399	
  0.233276	  0.334362	  0.257810	  0.174552	
  0.326237	  0.163633	  0.205948	  0.304182	

URL http://cisbp.ccbr.utoronto.ca/TFreport.php?versionNumber=2.00&searchTF=T206609_2.00

MOTIF M02143_2.00 (Eint_031070)_(Nematostella_vectensis)_(DBD_0.46)

letter-probability matrix: alength= 4 w= 8 nsites= 1 E= 0
  0.197481	  0.283055	  0.203495	  0.315968	
  0.159614	  0.085009	  0.054204	  0.701174	
  0.623566	  0.079476	  0.133681	  0.163278	
  0.868297	  0.028404	  0.061346	  0.041952	
  0.031540	  0.074534	  0.072331	  0.821596	
  0.168804	  0.101366	  0.116599	  0.613230	
  0.357886	  0.081468	  0.441516	  0.119130	
  0.262360	  0.221344	  0.336877	  0.179418	

URL http://cisbp.ccbr.utoronto.ca/TFreport.php?versionNumber=2.00&searchTF=T206602_2.00

MOTIF M06540_2.00 (Eint_040940)_(Drosophila_melanogaster)_(DBD_0.32)

letter-probability matrix: alength= 4 w= 7 nsites= 1 E= 0
  0.062500	  0.093750	  0.093750	  0.750000	
  0.062500	  0.093750	  0.000000	  0.843750	
  0.656250	  0.000000	  0.187500	  0.156250	
  1.000000	  0.000000	  0.000000	  0.000000	
  0.000000	  0.000000	  0.000000	  1.000000	
  0.000000	  0.000000	  0.062500	  0.937500	
  0.500000	  0.000000	  0.500000	  0.000000	

URL http://cisbp.ccbr.utoronto.ca/TFreport.php?versionNumber=2.00&searchTF=T206604_2.00

