MEME version 4

ALPHABET= ACGT

strands: + -

Background letter frequencies (from uniform background):
A 0.25000 C 0.25000 G 0.25000 T 0.25000 

MOTIF M00153_2.00 (CAD25164)_(Mus_musculus)_(DBD_0.49)

letter-probability matrix: alength= 4 w= 10 nsites= 1 E= 0
  0.328844	  0.158473	  0.193559	  0.319125	
  0.340062	  0.138259	  0.138259	  0.383419	
  0.250781	  0.152106	  0.248285	  0.348828	
  0.146662	  0.212328	  0.477294	  0.163716	
  0.049148	  0.109382	  0.841214	  0.000255	
  0.098666	  0.881603	  0.000009	  0.019722	
  0.001228	  0.000013	  0.977948	  0.020810	
  0.022581	  0.624590	  0.326064	  0.026765	
  0.135566	  0.284138	  0.361210	  0.219085	
  0.234821	  0.292605	  0.182879	  0.289694	

URL http://cisbp.ccbr.utoronto.ca/TFreport.php?versionNumber=2.00&searchTF=T172357_2.00

MOTIF M00790_2.00 (CAD26043)_(Mus_musculus)_(DBD_0.62)

letter-probability matrix: alength= 4 w= 9 nsites= 1 E= 0
  0.337606	  0.151696	  0.424910	  0.085788	
  0.214462	  0.151129	  0.074301	  0.560108	
  0.593218	  0.291652	  0.036436	  0.078694	
  0.697590	  0.152571	  0.033369	  0.116470	
  0.810620	  0.060208	  0.065878	  0.063295	
  0.020715	  0.679160	  0.040079	  0.260046	
  0.798255	  0.049523	  0.065525	  0.086698	
  0.354392	  0.210693	  0.192559	  0.242355	
  0.307967	  0.221405	  0.177681	  0.292947	

URL http://cisbp.ccbr.utoronto.ca/TFreport.php?versionNumber=2.00&searchTF=T184663_2.00

MOTIF M01567_2.00 (CAD25333)_(Saccharomyces_cerevisiae)_(DBD_0.78)

letter-probability matrix: alength= 4 w= 7 nsites= 1 E= 0
  0.315311	  0.189343	  0.207174	  0.288172	
  0.345705	  0.141966	  0.211788	  0.300541	
  0.271982	  0.110580	  0.155359	  0.462079	
  0.583542	  0.000869	  0.110954	  0.304636	
  0.219565	  0.006434	  0.188981	  0.585020	
  0.934996	  0.000354	  0.051964	  0.012687	
  0.422777	  0.000471	  0.095282	  0.481470	

URL http://cisbp.ccbr.utoronto.ca/TFreport.php?versionNumber=2.00&searchTF=T342172_2.00

MOTIF M01988_2.00 (CAD24916)_(Strongylocentrotus_purpuratus)_(DBD_0.51)

letter-probability matrix: alength= 4 w= 10 nsites= 1 E= 0
  0.321884	  0.201178	  0.236085	  0.240854	
  0.216367	  0.234387	  0.239122	  0.310124	
  0.297171	  0.182055	  0.409243	  0.111532	
  0.279854	  0.144643	  0.132194	  0.443309	
  0.472247	  0.313407	  0.069235	  0.145111	
  0.572460	  0.196359	  0.062174	  0.169007	
  0.751021	  0.048981	  0.135834	  0.064163	
  0.037542	  0.655546	  0.026722	  0.280190	
  0.680835	  0.057015	  0.121915	  0.140235	
  0.359328	  0.213628	  0.193298	  0.233746	

URL http://cisbp.ccbr.utoronto.ca/TFreport.php?versionNumber=2.00&searchTF=T184662_2.00

MOTIF M02053_2.00 CAD25284

letter-probability matrix: alength= 4 w= 8 nsites= 1 E= 0
  0.131703	  0.157992	  0.052839	  0.657466	
  0.080136	  0.020184	  0.000200	  0.899480	
  0.905166	  0.000189	  0.000189	  0.094457	
  0.942873	  0.000189	  0.000189	  0.056750	
  0.056750	  0.019042	  0.000189	  0.924020	
  0.057840	  0.019408	  0.019408	  0.903344	
  0.890747	  0.000217	  0.108818	  0.000217	
  0.069215	  0.413567	  0.206956	  0.310262	

URL http://cisbp.ccbr.utoronto.ca/TFreport.php?versionNumber=2.00&searchTF=T205283_2.00

MOTIF M02054_2.00 CAD25866

letter-probability matrix: alength= 4 w= 11 nsites= 1 E= 0
  0.125135	  0.442193	  0.221649	  0.211022	
  0.531265	  0.419860	  0.024438	  0.024438	
  0.024438	  0.024438	  0.024438	  0.926687	
  0.184976	  0.723191	  0.091699	  0.000134	
  0.000134	  0.000134	  0.000134	  0.999598	
  0.000134	  0.999598	  0.000134	  0.000134	
  0.999598	  0.000134	  0.000134	  0.000134	
  0.999598	  0.000134	  0.000134	  0.000134	
  0.213627	  0.124999	  0.124999	  0.536375	
  0.225697	  0.322910	  0.225697	  0.225697	
  0.322910	  0.225697	  0.225697	  0.225697	

URL http://cisbp.ccbr.utoronto.ca/TFreport.php?versionNumber=2.00&searchTF=T205287_2.00

MOTIF M02055_2.00 CAD26261

letter-probability matrix: alength= 4 w= 9 nsites= 1 E= 0
  0.259454	  0.234764	  0.210309	  0.295473	
  0.174519	  0.228614	  0.282036	  0.314831	
  0.058202	  0.248121	  0.089471	  0.604206	
  0.740913	  0.151091	  0.033713	  0.074283	
  0.897687	  0.051926	  0.014877	  0.035510	
  0.000090	  0.021879	  0.000025	  0.978006	
  0.271104	  0.088456	  0.049033	  0.591406	
  0.383479	  0.034788	  0.026557	  0.555176	
  0.666246	  0.107949	  0.156282	  0.069523	

URL http://cisbp.ccbr.utoronto.ca/TFreport.php?versionNumber=2.00&searchTF=T205291_2.00

MOTIF M02060_2.00 (CAD25867)_(Candida_glabrata)_(DBD_0.51)

letter-probability matrix: alength= 4 w= 10 nsites= 1 E= 0
  0.220056	  0.189404	  0.231339	  0.359201	
  0.228777	  0.119432	  0.191091	  0.460700	
  0.135092	  0.079516	  0.067759	  0.717633	
  0.147662	  0.063747	  0.617033	  0.171558	
  0.840037	  0.006010	  0.076206	  0.077746	
  0.035440	  0.843734	  0.000785	  0.120041	
  0.593562	  0.010981	  0.329028	  0.066430	
  0.062207	  0.221512	  0.368881	  0.347399	
  0.233276	  0.334362	  0.257810	  0.174552	
  0.326237	  0.163633	  0.205948	  0.304182	

URL http://cisbp.ccbr.utoronto.ca/TFreport.php?versionNumber=2.00&searchTF=T205288_2.00

