MEME version 4

ALPHABET= ACGT

strands: + -

Background letter frequencies (from uniform background):
A 0.25000 C 0.25000 G 0.25000 T 0.25000 

MOTIF M01079_2.00 (EHI_092160)_(Arabidopsis_thaliana)_(DBD_0.72)

letter-probability matrix: alength= 4 w= 10 nsites= 1 E= 0
  0.385352	  0.143188	  0.180216	  0.291243	
  0.571201	  0.093479	  0.105398	  0.229922	
  0.673942	  0.090301	  0.124355	  0.111402	
  0.748474	  0.070671	  0.085459	  0.095396	
  0.178695	  0.036807	  0.067066	  0.717433	
  0.864813	  0.038572	  0.034901	  0.061714	
  0.074245	  0.067180	  0.048297	  0.810277	
  0.058777	  0.865890	  0.037478	  0.037855	
  0.161708	  0.150776	  0.111697	  0.575819	
  0.320690	  0.169097	  0.217125	  0.293088	

URL http://cisbp.ccbr.utoronto.ca/TFreport.php?versionNumber=2.00&searchTF=T269143_2.00

MOTIF M01320_2.00 (EHI_153340)_(Nematostella_vectensis)_(DBD_0.21)

letter-probability matrix: alength= 4 w= 9 nsites= 1 E= 0
  0.290250	  0.249821	  0.257429	  0.202501	
  0.316363	  0.209954	  0.261619	  0.212064	
  0.184777	  0.163883	  0.214681	  0.436659	
  0.199513	  0.131089	  0.211850	  0.457547	
  0.078215	  0.487582	  0.126401	  0.307802	
  0.531314	  0.037915	  0.366997	  0.063774	
  0.614935	  0.062272	  0.118098	  0.204694	
  0.633081	  0.077525	  0.157685	  0.131709	
  0.256334	  0.291921	  0.153928	  0.297818	

URL http://cisbp.ccbr.utoronto.ca/TFreport.php?versionNumber=2.00&searchTF=T345265_2.00

MOTIF M02247_2.00 (EHI_200020)_(Aspergillus_nidulans)_(DBD_0.47)

letter-probability matrix: alength= 4 w= 10 nsites= 1 E= 0
  0.354631	  0.215094	  0.219440	  0.210835	
  0.330282	  0.212714	  0.202340	  0.254665	
  0.214610	  0.210361	  0.307608	  0.267421	
  0.286586	  0.236995	  0.241782	  0.234637	
  0.124300	  0.022037	  0.071001	  0.782662	
  0.089295	  0.000287	  0.037410	  0.873008	
  0.077635	  0.814050	  0.043468	  0.064846	
  0.032211	  0.433685	  0.153288	  0.380816	
  0.614435	  0.084835	  0.185064	  0.115666	
  0.161120	  0.302520	  0.140071	  0.396290	

URL http://cisbp.ccbr.utoronto.ca/TFreport.php?versionNumber=2.00&searchTF=T240095_2.00

MOTIF M03908_2.00 (EHI_049510)_(Drosophila_melanogaster)_(DBD_0.52)

letter-probability matrix: alength= 4 w= 17 nsites= 1 E= 0
  0.123045	  0.241919	  0.234619	  0.400417	
  0.260688	  0.220021	  0.506778	  0.012513	
  0.011033	  0.013039	  0.961886	  0.014042	
  0.963819	  0.008040	  0.010050	  0.018090	
  0.909867	  0.009488	  0.010436	  0.070209	
  0.157372	  0.237713	  0.151701	  0.453214	
  0.242340	  0.087047	  0.667827	  0.002786	
  0.051456	  0.017476	  0.000000	  0.931068	
  0.020649	  0.005900	  0.030482	  0.942970	
  0.000000	  0.985612	  0.008222	  0.006166	
  0.000000	  0.040854	  0.068709	  0.890436	
  0.402221	  0.273905	  0.318322	  0.005552	
  0.000000	  0.025278	  0.969666	  0.005056	
  0.913333	  0.021905	  0.011429	  0.053333	
  0.766587	  0.023981	  0.029576	  0.179856	
  0.170833	  0.329167	  0.308333	  0.191667	
  0.213542	  0.238542	  0.339583	  0.208333	

URL http://cisbp.ccbr.utoronto.ca/TFreport.php?versionNumber=2.00&searchTF=T240090_2.00

MOTIF M05555_2.00 (EHI_096510)_(Homo_sapiens)_(DBD_0.71)

letter-probability matrix: alength= 4 w= 10 nsites= 1 E= 0
  0.035449	  0.964551	  0.000000	  0.000000	
  0.000000	  0.617094	  0.000000	  0.382906	
  0.627368	  0.086316	  0.092632	  0.193684	
  0.537897	  0.046455	  0.000000	  0.415648	
  0.811936	  0.004164	  0.000000	  0.183900	
  0.225743	  0.001980	  0.000000	  0.772277	
  0.399187	  0.039837	  0.008943	  0.552033	
  0.283482	  0.055060	  0.073661	  0.587798	
  0.044118	  0.000000	  0.955882	  0.000000	
  0.000000	  0.000000	  0.975000	  0.025000	

URL http://cisbp.ccbr.utoronto.ca/TFreport.php?versionNumber=2.00&searchTF=T253564_2.00

