MEME version 4

ALPHABET= ACGT

strands: + -

Background letter frequencies (from uniform background):
A 0.25000 C 0.25000 G 0.25000 T 0.25000 

MOTIF M00112_2.00 (EVEC_0000221401)_(Mus_musculus)_(DBD_0.84)

letter-probability matrix: alength= 4 w= 10 nsites= 1 E= 0
  0.000019	  0.999823	  0.000038	  0.000120	
  0.000091	  0.899183	  0.000093	  0.100634	
  0.023042	  0.234469	  0.177208	  0.565281	
  0.107618	  0.390953	  0.394882	  0.106547	
  0.537857	  0.155647	  0.286458	  0.020037	
  0.051649	  0.000023	  0.948115	  0.000213	
  0.000014	  0.000011	  0.999930	  0.000045	
  0.000011	  0.667311	  0.331377	  0.001301	
  0.201422	  0.246017	  0.349115	  0.203446	
  0.598826	  0.108307	  0.129667	  0.163199	

URL http://cisbp.ccbr.utoronto.ca/TFreport.php?versionNumber=2.00&searchTF=T011381_2.00

MOTIF M00115_2.00 (EVEC_0001281201)_(Mus_musculus)_(DBD_0.78)

letter-probability matrix: alength= 4 w= 9 nsites= 1 E= 0
  0.246578	  0.267115	  0.232219	  0.254088	
  0.378326	  0.089636	  0.246105	  0.285933	
  0.932211	  0.020037	  0.024473	  0.023279	
  0.109459	  0.057143	  0.094212	  0.739186	
  0.198441	  0.333784	  0.113351	  0.354424	
  0.708755	  0.056459	  0.138866	  0.095920	
  0.607308	  0.100387	  0.141039	  0.151265	
  0.519306	  0.108039	  0.187259	  0.185396	
  0.347377	  0.202433	  0.185010	  0.265180	

URL http://cisbp.ccbr.utoronto.ca/TFreport.php?versionNumber=2.00&searchTF=T016543_2.00

MOTIF M00126_2.00 (EVEC_0000854501)_(Mus_musculus)_(DBD_0.46)

letter-probability matrix: alength= 4 w= 13 nsites= 1 E= 0
  0.311331	  0.229556	  0.229556	  0.229556	
  0.263927	  0.336617	  0.247677	  0.151778	
  0.046512	  0.046512	  0.860463	  0.046512	
  0.020238	  0.020238	  0.020238	  0.939286	
  0.020238	  0.939286	  0.020238	  0.020238	
  0.919257	  0.000209	  0.000209	  0.080326	
  0.000209	  0.000209	  0.999374	  0.000209	
  0.000209	  0.999374	  0.000209	  0.000209	
  0.938043	  0.020652	  0.020652	  0.020652	
  0.403239	  0.220542	  0.175901	  0.200318	
  0.203696	  0.203696	  0.203696	  0.388911	
  0.229971	  0.229971	  0.229971	  0.310088	
  0.229971	  0.229971	  0.229971	  0.310088	

URL http://cisbp.ccbr.utoronto.ca/TFreport.php?versionNumber=2.00&searchTF=T074440_2.00

MOTIF M00159_2.00 (EVEC_0001170101)_(Mus_musculus)_(DBD_0.64)

letter-probability matrix: alength= 4 w= 10 nsites= 1 E= 0
  0.401213	  0.134894	  0.189519	  0.274374	
  0.288005	  0.299758	  0.235798	  0.176439	
  0.207310	  0.504826	  0.205247	  0.082617	
  0.276376	  0.615087	  0.084925	  0.023612	
  0.001256	  0.018138	  0.980434	  0.000172	
  0.005077	  0.055966	  0.893136	  0.045821	
  0.810468	  0.028435	  0.076525	  0.084573	
  0.293995	  0.181919	  0.067597	  0.456488	
  0.285185	  0.231166	  0.308937	  0.174712	
  0.171414	  0.277017	  0.125723	  0.425847	

URL http://cisbp.ccbr.utoronto.ca/TFreport.php?versionNumber=2.00&searchTF=T178476_2.00

MOTIF M00162_2.00 (EVEC_0000944801)_(Mus_musculus)_(DBD_0.79)

letter-probability matrix: alength= 4 w= 8 nsites= 1 E= 0
  0.160144	  0.000399	  0.839058	  0.000399	
  0.000322	  0.032539	  0.000322	  0.966817	
  0.878027	  0.121368	  0.000303	  0.000303	
  0.968826	  0.030569	  0.000303	  0.000303	
  0.999092	  0.000303	  0.000303	  0.000303	
  0.000303	  0.635896	  0.000303	  0.363499	
  0.999092	  0.000303	  0.000303	  0.000303	
  0.630777	  0.105567	  0.105567	  0.158088	

URL http://cisbp.ccbr.utoronto.ca/TFreport.php?versionNumber=2.00&searchTF=T190537_2.00

MOTIF M00182_2.00 (EVEC_0001195701)_(Mus_musculus)_(DBD_0.69)

letter-probability matrix: alength= 4 w= 10 nsites= 1 E= 0
  0.335787	  0.227347	  0.218433	  0.218433	
  0.308956	  0.147407	  0.412898	  0.130739	
  0.384796	  0.046188	  0.524640	  0.044377	
  0.018196	  0.000549	  0.935597	  0.045658	
  0.066096	  0.000114	  0.420360	  0.513429	
  0.127654	  0.379679	  0.101426	  0.391242	
  0.153029	  0.652382	  0.103610	  0.090979	
  0.586362	  0.092198	  0.253139	  0.068302	
  0.307590	  0.259503	  0.198099	  0.234808	
  0.269577	  0.239094	  0.229719	  0.261610	

URL http://cisbp.ccbr.utoronto.ca/TFreport.php?versionNumber=2.00&searchTF=T308627_2.00

MOTIF M00188_2.00 (EVEC_0001085201)_(Mus_musculus)_(DBD_0.79)

letter-probability matrix: alength= 4 w= 10 nsites= 1 E= 0
  0.104605	  0.584172	  0.194454	  0.116769	
  0.266268	  0.282733	  0.156727	  0.294272	
  0.098718	  0.112423	  0.073867	  0.714991	
  0.512814	  0.101485	  0.365006	  0.020695	
  0.255170	  0.103744	  0.573599	  0.067487	
  0.184311	  0.457887	  0.038345	  0.319457	
  0.484397	  0.018971	  0.233435	  0.263197	
  0.869982	  0.053972	  0.047869	  0.028176	
  0.021911	  0.904128	  0.002656	  0.071305	
  0.236202	  0.300271	  0.335186	  0.128340	

URL http://cisbp.ccbr.utoronto.ca/TFreport.php?versionNumber=2.00&searchTF=T319193_2.00

MOTIF M00195_2.00 (EVEC_0000011601)_(Mus_musculus)_(DBD_0.77)

letter-probability matrix: alength= 4 w= 10 nsites= 1 E= 0
  0.279067	  0.181426	  0.181426	  0.358081	
  0.289551	  0.189085	  0.212315	  0.309049	
  0.000105	  0.000105	  0.000105	  0.999685	
  0.000105	  0.000105	  0.999685	  0.000105	
  0.000105	  0.999685	  0.000105	  0.000105	
  0.000105	  0.000105	  0.000105	  0.999685	
  0.000105	  0.000105	  0.999685	  0.000105	
  0.999685	  0.000105	  0.000105	  0.000105	
  0.068679	  0.613130	  0.162332	  0.155859	
  0.241038	  0.147190	  0.147190	  0.464583	

URL http://cisbp.ccbr.utoronto.ca/TFreport.php?versionNumber=2.00&searchTF=T336304_2.00

MOTIF M00208_2.00 (EVEC_0001269501)_(Mus_musculus)_(DBD_0.91)

letter-probability matrix: alength= 4 w= 9 nsites= 1 E= 0
  0.610507	  0.080181	  0.080181	  0.229130	
  0.027959	  0.087421	  0.055188	  0.829432	
  0.077434	  0.030859	  0.020893	  0.870814	
  0.237747	  0.206688	  0.478765	  0.076800	
  0.240465	  0.078459	  0.077678	  0.603397	
  0.222149	  0.224382	  0.205070	  0.348399	
  0.230661	  0.273404	  0.181445	  0.314490	
  0.236240	  0.248352	  0.218077	  0.297331	
  0.240132	  0.254981	  0.252444	  0.252444	

URL http://cisbp.ccbr.utoronto.ca/TFreport.php?versionNumber=2.00&searchTF=T336318_2.00

MOTIF M00214_2.00 (EVEC_0000364601)_(Mus_musculus)_(DBD_0.75)

letter-probability matrix: alength= 4 w= 10 nsites= 1 E= 0
  0.271418	  0.222218	  0.260775	  0.245589	
  0.276412	  0.204771	  0.245155	  0.273662	
  0.272770	  0.221103	  0.251798	  0.254329	
  0.267470	  0.208305	  0.298570	  0.225655	
  0.409172	  0.169718	  0.217922	  0.203189	
  0.328851	  0.083563	  0.116234	  0.471352	
  0.122925	  0.296360	  0.442117	  0.138598	
  0.861430	  0.012662	  0.082154	  0.043754	
  0.852026	  0.047352	  0.093468	  0.007154	
  0.231452	  0.044450	  0.088621	  0.635476	

URL http://cisbp.ccbr.utoronto.ca/TFreport.php?versionNumber=2.00&searchTF=T336309_2.00

MOTIF M00216_2.00 (EVEC_0000621801)_(Mus_musculus)_(DBD_0.84)

letter-probability matrix: alength= 4 w= 7 nsites= 1 E= 0
  0.317192	  0.188577	  0.170632	  0.323600	
  0.377028	  0.110202	  0.112429	  0.400342	
  0.238466	  0.123251	  0.123251	  0.515031	
  0.532428	  0.000769	  0.095340	  0.371463	
  0.290314	  0.000533	  0.069475	  0.639678	
  0.715780	  0.078521	  0.191210	  0.014489	
  0.289234	  0.119969	  0.104296	  0.486500	

URL http://cisbp.ccbr.utoronto.ca/TFreport.php?versionNumber=2.00&searchTF=T343472_2.00

MOTIF M00226_2.00 (EVEC_0001049001)_(Homo_sapiens)_(DBD_0.84)

letter-probability matrix: alength= 4 w= 8 nsites= 1 E= 0
  0.083611	  0.749168	  0.042013	  0.125208	
  0.406055	  0.593321	  0.000312	  0.000312	
  0.000303	  0.968826	  0.030569	  0.000303	
  0.212167	  0.030569	  0.756961	  0.000303	
  0.000303	  0.999092	  0.000303	  0.000303	
  0.000303	  0.999092	  0.000303	  0.000303	
  0.000303	  0.999092	  0.000303	  0.000303	
  0.521267	  0.304253	  0.043837	  0.130642	

URL http://cisbp.ccbr.utoronto.ca/TFreport.php?versionNumber=2.00&searchTF=T153506_2.00

MOTIF M00282_2.00 (EVEC_0000543401)_(Homo_sapiens)_(DBD_0.84)

letter-probability matrix: alength= 4 w= 8 nsites= 1 E= 0
  0.000303	  0.091102	  0.000303	  0.908293	
  0.972192	  0.000270	  0.027268	  0.000270	
  0.999190	  0.000270	  0.000270	  0.000270	
  0.000270	  0.000270	  0.000270	  0.999190	
  0.000270	  0.000270	  0.000270	  0.999190	
  0.742295	  0.000285	  0.257135	  0.000285	
  0.143010	  0.107347	  0.642297	  0.107347	
  0.105567	  0.210609	  0.105567	  0.578256	

URL http://cisbp.ccbr.utoronto.ca/TFreport.php?versionNumber=2.00&searchTF=T233959_2.00

MOTIF M00287_2.00 (EVEC_0000705501)_(Homo_sapiens)_(DBD_0.86)

letter-probability matrix: alength= 4 w= 10 nsites= 1 E= 0
  0.276533	  0.274138	  0.272562	  0.176767	
  0.096569	  0.200738	  0.096569	  0.606124	
  0.000039	  0.000039	  0.000039	  0.999883	
  0.999883	  0.000039	  0.000039	  0.000039	
  0.999883	  0.000039	  0.000039	  0.000039	
  0.000039	  0.000039	  0.000039	  0.999883	
  0.000039	  0.000039	  0.000039	  0.999883	
  0.999883	  0.000039	  0.000039	  0.000039	
  0.187323	  0.073272	  0.666133	  0.073272	
  0.248701	  0.250739	  0.247869	  0.252690	

URL http://cisbp.ccbr.utoronto.ca/TFreport.php?versionNumber=2.00&searchTF=T233966_2.00

MOTIF M00290_2.00 (EVEC_0001353201)_(Homo_sapiens)_(DBD_0.79)

letter-probability matrix: alength= 4 w= 8 nsites= 1 E= 0
  0.157555	  0.127712	  0.069392	  0.645340	
  0.632466	  0.076679	  0.146882	  0.143973	
  0.886949	  0.005685	  0.055025	  0.052341	
  0.068959	  0.060553	  0.110335	  0.760153	
  0.143566	  0.126064	  0.153975	  0.576395	
  0.315323	  0.085080	  0.443012	  0.156585	
  0.236009	  0.260830	  0.300026	  0.203135	
  0.240835	  0.263516	  0.226810	  0.268839	

URL http://cisbp.ccbr.utoronto.ca/TFreport.php?versionNumber=2.00&searchTF=T233992_2.00

MOTIF M00291_2.00 (EVEC_0001081301)_(Homo_sapiens)_(DBD_0.58)

letter-probability matrix: alength= 4 w= 9 nsites= 1 E= 0
  0.229986	  0.249141	  0.336305	  0.184568	
  0.246864	  0.272827	  0.223371	  0.256938	
  0.138211	  0.078948	  0.026279	  0.756562	
  0.687501	  0.059327	  0.198952	  0.054221	
  0.906213	  0.000196	  0.044224	  0.049367	
  0.083473	  0.100940	  0.106115	  0.709473	
  0.143309	  0.150657	  0.147674	  0.558360	
  0.390818	  0.075811	  0.410855	  0.122516	
  0.276767	  0.222111	  0.341441	  0.159681	

URL http://cisbp.ccbr.utoronto.ca/TFreport.php?versionNumber=2.00&searchTF=T233980_2.00

MOTIF M00323_2.00 (EVEC_0000165001)_(Homo_sapiens)_(DBD_0.68)

letter-probability matrix: alength= 4 w= 11 nsites= 1 E= 0
  0.179590	  0.272728	  0.179590	  0.368091	
  0.175964	  0.077189	  0.077189	  0.669658	
  0.028891	  0.225357	  0.028891	  0.716861	
  0.999830	  0.000057	  0.000057	  0.000057	
  0.999830	  0.000057	  0.000057	  0.000057	
  0.000057	  0.000057	  0.999830	  0.000057	
  0.000057	  0.000057	  0.000057	  0.999830	
  0.115394	  0.000057	  0.884493	  0.000057	
  0.070466	  0.282896	  0.576171	  0.070466	
  0.172868	  0.264524	  0.172868	  0.389741	
  0.221166	  0.221166	  0.221166	  0.336503	

URL http://cisbp.ccbr.utoronto.ca/TFreport.php?versionNumber=2.00&searchTF=T233945_2.00

MOTIF M00325_2.00 (EVEC_0001102801)_(Homo_sapiens)_(DBD_0.84)

letter-probability matrix: alength= 4 w= 8 nsites= 1 E= 0
  0.292314	  0.201912	  0.249094	  0.256680	
  0.276005	  0.190646	  0.276005	  0.257345	
  0.166254	  0.211350	  0.161341	  0.461055	
  0.161543	  0.067679	  0.623139	  0.147639	
  0.908497	  0.017669	  0.072370	  0.001465	
  0.035824	  0.130139	  0.070008	  0.764029	
  0.674984	  0.282785	  0.020588	  0.021643	
  0.078931	  0.445224	  0.158948	  0.316897	

URL http://cisbp.ccbr.utoronto.ca/TFreport.php?versionNumber=2.00&searchTF=T233981_2.00

MOTIF M00330_2.00 (EVEC_0000415501)_(Homo_sapiens)_(DBD_0.84)

letter-probability matrix: alength= 4 w= 8 nsites= 1 E= 0
  0.050417	  0.165492	  0.143915	  0.640175	
  0.016355	  0.103293	  0.000054	  0.880298	
  0.854797	  0.119198	  0.005232	  0.020773	
  0.984304	  0.005232	  0.010412	  0.000052	
  0.010412	  0.020773	  0.005232	  0.963583	
  0.047915	  0.037279	  0.196820	  0.717986	
  0.736714	  0.000066	  0.250000	  0.013220	
  0.063130	  0.198217	  0.225234	  0.513419	

URL http://cisbp.ccbr.utoronto.ca/TFreport.php?versionNumber=2.00&searchTF=T233957_2.00

MOTIF M00373_2.00 (EVEC_0000564801)_(Homo_sapiens)_(DBD_0.80)

letter-probability matrix: alength= 4 w= 10 nsites= 1 E= 0
  0.411914	  0.258114	  0.164986	  0.164986	
  0.583368	  0.042923	  0.330786	  0.042923	
  0.999612	  0.000129	  0.000129	  0.000129	
  0.000129	  0.000129	  0.999612	  0.000129	
  0.839516	  0.000129	  0.160225	  0.000129	
  0.000129	  0.000129	  0.000129	  0.999612	
  0.000129	  0.999612	  0.000129	  0.000129	
  0.999612	  0.000129	  0.000129	  0.000129	
  0.477760	  0.351954	  0.085143	  0.085143	
  0.207207	  0.207207	  0.288317	  0.297270	

URL http://cisbp.ccbr.utoronto.ca/TFreport.php?versionNumber=2.00&searchTF=T308607_2.00

MOTIF M00376_2.00 (EVEC_0000855201)_(Caenorhabditis_elegans)_(DBD_0.93)

letter-probability matrix: alength= 4 w= 10 nsites= 1 E= 0
  0.214617	  0.090818	  0.075102	  0.619463	
  0.069859	  0.360136	  0.209869	  0.360136	
  0.722064	  0.000065	  0.260373	  0.017498	
  0.991898	  0.000023	  0.004261	  0.003818	
  0.000309	  0.000156	  0.977664	  0.021871	
  0.127581	  0.009014	  0.083827	  0.779578	
  0.331797	  0.010325	  0.629247	  0.028632	
  0.038565	  0.396364	  0.362249	  0.202823	
  0.184394	  0.295029	  0.197764	  0.322813	
  0.196154	  0.281154	  0.168832	  0.353860	

URL http://cisbp.ccbr.utoronto.ca/TFreport.php?versionNumber=2.00&searchTF=T233971_2.00

MOTIF M00380_2.00 (EVEC_0000756101)_(Mus_musculus)_(DBD_0.95)

letter-probability matrix: alength= 4 w= 8 nsites= 1 E= 0
  0.197712	  0.294951	  0.128613	  0.378724	
  0.094122	  0.079407	  0.010325	  0.816145	
  0.890434	  0.022015	  0.083238	  0.004313	
  0.994089	  0.000151	  0.000109	  0.005651	
  0.011500	  0.089327	  0.025850	  0.873323	
  0.128510	  0.058910	  0.253662	  0.558919	
  0.589184	  0.038044	  0.310672	  0.062100	
  0.188759	  0.223737	  0.420090	  0.167414	

URL http://cisbp.ccbr.utoronto.ca/TFreport.php?versionNumber=2.00&searchTF=T233967_2.00

MOTIF M00385_2.00 (EVEC_0001175201)_(Mus_musculus)_(DBD_0.74)

letter-probability matrix: alength= 4 w= 8 nsites= 1 E= 0
  0.255055	  0.187069	  0.145689	  0.412187	
  0.156259	  0.305367	  0.217351	  0.321023	
  0.515678	  0.042755	  0.332115	  0.109452	
  0.874267	  0.000203	  0.046219	  0.079312	
  0.114396	  0.028210	  0.706034	  0.151360	
  0.240421	  0.043484	  0.196840	  0.519254	
  0.348669	  0.028336	  0.499757	  0.123239	
  0.135811	  0.293320	  0.330718	  0.240150	

URL http://cisbp.ccbr.utoronto.ca/TFreport.php?versionNumber=2.00&searchTF=T233985_2.00

MOTIF M00396_2.00 (EVEC_0000841401)_(Mus_musculus)_(DBD_0.82)

letter-probability matrix: alength= 4 w= 8 nsites= 1 E= 0
  0.243137	  0.255603	  0.173058	  0.328201	
  0.180751	  0.050761	  0.028138	  0.740350	
  0.754094	  0.029830	  0.091425	  0.124651	
  0.948503	  0.020184	  0.016361	  0.014953	
  0.061921	  0.014525	  0.234126	  0.689428	
  0.144617	  0.648127	  0.069692	  0.137564	
  0.112198	  0.502838	  0.114465	  0.270499	
  0.173843	  0.301314	  0.278148	  0.246695	

URL http://cisbp.ccbr.utoronto.ca/TFreport.php?versionNumber=2.00&searchTF=T233970_2.00

MOTIF M00405_2.00 (EVEC_0000982701)_(Mus_musculus)_(DBD_0.72)

letter-probability matrix: alength= 4 w= 9 nsites= 1 E= 0
  0.166699	  0.079535	  0.057179	  0.696587	
  0.658460	  0.072959	  0.164006	  0.104575	
  0.860814	  0.014554	  0.044163	  0.080469	
  0.057497	  0.058075	  0.037402	  0.847026	
  0.146493	  0.115235	  0.184376	  0.553896	
  0.427710	  0.071410	  0.368133	  0.132747	
  0.333758	  0.210696	  0.276004	  0.179543	
  0.279203	  0.233210	  0.202743	  0.284843	
  0.269584	  0.207863	  0.189973	  0.332580	

URL http://cisbp.ccbr.utoronto.ca/TFreport.php?versionNumber=2.00&searchTF=T233977_2.00

MOTIF M00411_2.00 (EVEC_0001287401)_(Mus_musculus)_(DBD_0.67)

letter-probability matrix: alength= 4 w= 9 nsites= 1 E= 0
  0.240681	  0.253021	  0.279632	  0.226665	
  0.227219	  0.312909	  0.182347	  0.277525	
  0.152629	  0.043729	  0.032395	  0.771247	
  0.781271	  0.024069	  0.108954	  0.085706	
  0.946629	  0.020346	  0.018971	  0.014054	
  0.079369	  0.043125	  0.124475	  0.753031	
  0.124675	  0.611374	  0.090532	  0.173419	
  0.108349	  0.531316	  0.137739	  0.222596	
  0.186346	  0.310320	  0.277995	  0.225339	

URL http://cisbp.ccbr.utoronto.ca/TFreport.php?versionNumber=2.00&searchTF=T233990_2.00

MOTIF M00425_2.00 (EVEC_0001275801)_(Mus_musculus)_(DBD_0.76)

letter-probability matrix: alength= 4 w= 8 nsites= 1 E= 0
  0.177918	  0.245015	  0.196630	  0.380437	
  0.185511	  0.128139	  0.489368	  0.196982	
  0.844182	  0.107594	  0.012408	  0.035815	
  0.079962	  0.206759	  0.066790	  0.646488	
  0.600471	  0.307266	  0.010998	  0.081265	
  0.102580	  0.523557	  0.126551	  0.247311	
  0.201123	  0.352101	  0.245653	  0.201123	
  0.225861	  0.295869	  0.223613	  0.254657	

URL http://cisbp.ccbr.utoronto.ca/TFreport.php?versionNumber=2.00&searchTF=T233989_2.00

MOTIF M00430_2.00 (EVEC_0000937801)_(Mus_musculus)_(DBD_0.84)

letter-probability matrix: alength= 4 w= 7 nsites= 1 E= 0
  0.143815	  0.343274	  0.223303	  0.289608	
  0.074562	  0.321060	  0.036658	  0.567720	
  0.673560	  0.162809	  0.098749	  0.064882	
  0.883750	  0.060593	  0.022069	  0.033588	
  0.044040	  0.070464	  0.000928	  0.884568	
  0.163964	  0.310956	  0.088204	  0.436876	
  0.481574	  0.126098	  0.155564	  0.236763	

URL http://cisbp.ccbr.utoronto.ca/TFreport.php?versionNumber=2.00&searchTF=T233973_2.00

MOTIF M00432_2.00 (EVEC_0000267201)_(Mus_musculus)_(DBD_0.86)

letter-probability matrix: alength= 4 w= 8 nsites= 1 E= 0
  0.233021	  0.233021	  0.237729	  0.296228	
  0.299569	  0.128040	  0.147281	  0.425109	
  0.394212	  0.088845	  0.184360	  0.332583	
  0.791037	  0.010521	  0.120704	  0.077738	
  0.125342	  0.030909	  0.107883	  0.735866	
  0.111249	  0.116952	  0.215243	  0.556556	
  0.502249	  0.069345	  0.330001	  0.098405	
  0.304872	  0.239820	  0.275859	  0.179449	

URL http://cisbp.ccbr.utoronto.ca/TFreport.php?versionNumber=2.00&searchTF=T233950_2.00

MOTIF M00434_2.00 (EVEC_0000112001)_(Mus_musculus)_(DBD_0.61)

letter-probability matrix: alength= 4 w= 8 nsites= 1 E= 0
  0.181066	  0.320174	  0.134137	  0.364623	
  0.077756	  0.030374	  0.026143	  0.865728	
  0.451520	  0.051553	  0.474670	  0.022256	
  0.972804	  0.002535	  0.014882	  0.009778	
  0.013067	  0.018176	  0.024782	  0.943975	
  0.042824	  0.039929	  0.115250	  0.801997	
  0.521680	  0.031095	  0.367622	  0.079603	
  0.194449	  0.311118	  0.327069	  0.167364	

URL http://cisbp.ccbr.utoronto.ca/TFreport.php?versionNumber=2.00&searchTF=T233943_2.00

MOTIF M00442_2.00 (EVEC_0000670601)_(Mus_musculus)_(DBD_0.86)

letter-probability matrix: alength= 4 w= 10 nsites= 1 E= 0
  0.232947	  0.273366	  0.293187	  0.200499	
  0.212847	  0.340554	  0.181376	  0.265223	
  0.136717	  0.049300	  0.011335	  0.802648	
  0.797526	  0.087489	  0.088368	  0.026616	
  0.889584	  0.000658	  0.045639	  0.064120	
  0.150641	  0.058844	  0.122107	  0.668408	
  0.186789	  0.142591	  0.242253	  0.428367	
  0.315574	  0.091322	  0.456867	  0.136237	
  0.212950	  0.281760	  0.314523	  0.190768	
  0.193573	  0.288776	  0.231748	  0.285903	

URL http://cisbp.ccbr.utoronto.ca/TFreport.php?versionNumber=2.00&searchTF=T233965_2.00

MOTIF M00453_2.00 (EVEC_0001078001)_(Mus_musculus)_(DBD_0.86)

letter-probability matrix: alength= 4 w= 10 nsites= 1 E= 0
  0.292956	  0.212730	  0.247157	  0.247157	
  0.199110	  0.213547	  0.268770	  0.318574	
  0.308532	  0.060450	  0.242700	  0.388318	
  0.885224	  0.000434	  0.056027	  0.058314	
  0.069002	  0.849069	  0.012233	  0.069696	
  0.762058	  0.078730	  0.049701	  0.109511	
  0.312091	  0.226624	  0.087645	  0.373640	
  0.225409	  0.218747	  0.398583	  0.157262	
  0.285673	  0.236240	  0.224718	  0.253369	
  0.255374	  0.231072	  0.219803	  0.293750	

URL http://cisbp.ccbr.utoronto.ca/TFreport.php?versionNumber=2.00&searchTF=T233979_2.00

MOTIF M00461_2.00 (EVEC_0000317101)_(Mus_musculus)_(DBD_0.52)

letter-probability matrix: alength= 4 w= 9 nsites= 1 E= 0
  0.294249	  0.222388	  0.222388	  0.260975	
  0.183480	  0.221873	  0.178057	  0.416591	
  0.075940	  0.132946	  0.517984	  0.273129	
  0.948766	  0.047711	  0.002423	  0.001100	
  0.114207	  0.261913	  0.146644	  0.477236	
  0.526111	  0.349154	  0.000085	  0.124650	
  0.145740	  0.556586	  0.082419	  0.215255	
  0.169751	  0.417520	  0.211523	  0.201207	
  0.257435	  0.267941	  0.217189	  0.257435	

URL http://cisbp.ccbr.utoronto.ca/TFreport.php?versionNumber=2.00&searchTF=T233953_2.00

MOTIF M00484_2.00 (EVEC_0000662001)_(Mus_musculus)_(DBD_0.78)

letter-probability matrix: alength= 4 w= 8 nsites= 1 E= 0
  0.260569	  0.255410	  0.285108	  0.198913	
  0.177845	  0.320830	  0.230652	  0.270673	
  0.114497	  0.403649	  0.048938	  0.432917	
  0.580843	  0.152091	  0.107177	  0.159889	
  0.790662	  0.111371	  0.053137	  0.044830	
  0.121087	  0.104221	  0.012262	  0.762430	
  0.136206	  0.248183	  0.120804	  0.494807	
  0.509367	  0.130735	  0.162905	  0.196993	

URL http://cisbp.ccbr.utoronto.ca/TFreport.php?versionNumber=2.00&searchTF=T233964_2.00

MOTIF M00495_2.00 (EVEC_0000811001)_(Mus_musculus)_(DBD_0.81)

letter-probability matrix: alength= 4 w= 9 nsites= 1 E= 0
  0.184447	  0.364076	  0.184447	  0.267030	
  0.116544	  0.046445	  0.001308	  0.835703	
  0.822965	  0.097799	  0.078485	  0.000750	
  0.891592	  0.011056	  0.021179	  0.076173	
  0.116988	  0.045699	  0.100693	  0.736620	
  0.189372	  0.123188	  0.282510	  0.404930	
  0.430266	  0.105047	  0.303203	  0.161484	
  0.227412	  0.274998	  0.297901	  0.199689	
  0.184723	  0.307617	  0.234829	  0.272832	

URL http://cisbp.ccbr.utoronto.ca/TFreport.php?versionNumber=2.00&searchTF=T233968_2.00

MOTIF M00513_2.00 (EVEC_0000296301)_(Mus_musculus)_(DBD_0.74)

letter-probability matrix: alength= 4 w= 9 nsites= 1 E= 0
  0.266112	  0.222276	  0.229045	  0.282568	
  0.237101	  0.188385	  0.227804	  0.346709	
  0.168681	  0.122488	  0.165341	  0.543490	
  0.135910	  0.075339	  0.627657	  0.161095	
  0.670614	  0.096370	  0.100303	  0.132714	
  0.153825	  0.312879	  0.143425	  0.389871	
  0.261540	  0.143536	  0.378641	  0.216283	
  0.251042	  0.207601	  0.277444	  0.263913	
  0.263023	  0.226386	  0.344550	  0.166042	

URL http://cisbp.ccbr.utoronto.ca/TFreport.php?versionNumber=2.00&searchTF=T233952_2.00

MOTIF M00516_2.00 (EVEC_0001318601)_(Mus_musculus)_(DBD_0.91)

letter-probability matrix: alength= 4 w= 9 nsites= 1 E= 0
  0.266806	  0.229642	  0.205721	  0.297830	
  0.116229	  0.082729	  0.031676	  0.769366	
  0.886269	  0.000274	  0.097224	  0.016233	
  0.956010	  0.016164	  0.000365	  0.027461	
  0.057873	  0.196026	  0.082125	  0.663976	
  0.104695	  0.230685	  0.333971	  0.330648	
  0.326888	  0.077449	  0.441252	  0.154411	
  0.189730	  0.271946	  0.338866	  0.199458	
  0.170012	  0.319216	  0.175189	  0.335583	

URL http://cisbp.ccbr.utoronto.ca/TFreport.php?versionNumber=2.00&searchTF=T233991_2.00

MOTIF M00524_2.00 (EVEC_0000047101)_(Mus_musculus)_(DBD_0.81)

letter-probability matrix: alength= 4 w= 10 nsites= 1 E= 0
  0.221818	  0.204764	  0.161073	  0.412344	
  0.207435	  0.166471	  0.084337	  0.541758	
  0.621586	  0.036682	  0.185355	  0.156378	
  0.910510	  0.013383	  0.034261	  0.041846	
  0.138801	  0.083349	  0.268550	  0.509300	
  0.088820	  0.300850	  0.045450	  0.564880	
  0.170729	  0.062808	  0.652021	  0.114443	
  0.204093	  0.304470	  0.254315	  0.237122	
  0.175698	  0.304530	  0.186563	  0.333209	
  0.196959	  0.273964	  0.238173	  0.290905	

URL http://cisbp.ccbr.utoronto.ca/TFreport.php?versionNumber=2.00&searchTF=T233940_2.00

MOTIF M00526_2.00 (EVEC_0000165101)_(Mus_musculus)_(DBD_0.65)

letter-probability matrix: alength= 4 w= 8 nsites= 1 E= 0
  0.732048	  0.000665	  0.000665	  0.266622	
  0.050399	  0.000499	  0.000499	  0.948603	
  0.000499	  0.100299	  0.000499	  0.898703	
  0.898703	  0.000499	  0.000499	  0.100299	
  0.948603	  0.000499	  0.000499	  0.050399	
  0.399701	  0.000499	  0.000499	  0.599301	
  0.210609	  0.000525	  0.000525	  0.788340	
  0.732048	  0.000665	  0.200133	  0.067154	

URL http://cisbp.ccbr.utoronto.ca/TFreport.php?versionNumber=2.00&searchTF=T233946_2.00

MOTIF M00587_2.00 (EVEC_0000803501)_(Caenorhabditis_elegans)_(DBD_0.86)

letter-probability matrix: alength= 4 w= 8 nsites= 1 E= 0
  0.074832	  0.102859	  0.037463	  0.784847	
  0.000066	  0.999803	  0.000066	  0.000066	
  0.000066	  0.026375	  0.973494	  0.000066	
  0.592015	  0.032952	  0.374967	  0.000066	
  0.000066	  0.000066	  0.999803	  0.000066	
  0.993225	  0.000066	  0.006643	  0.000066	
  0.140532	  0.280981	  0.363599	  0.214888	
  0.092027	  0.402229	  0.034582	  0.471163	

URL http://cisbp.ccbr.utoronto.ca/TFreport.php?versionNumber=2.00&searchTF=T029330_2.00

MOTIF M00615_2.00 (EVEC_0000258101)_(Caenorhabditis_elegans)_(DBD_0.91)

letter-probability matrix: alength= 4 w= 10 nsites= 1 E= 0
  0.194145	  0.371892	  0.184676	  0.249287	
  0.053905	  0.142199	  0.092502	  0.711394	
  0.999361	  0.000033	  0.000001	  0.000605	
  0.001640	  0.929810	  0.000856	  0.067693	
  0.341787	  0.499789	  0.064340	  0.094084	
  0.107662	  0.000537	  0.888023	  0.003777	
  0.051787	  0.006032	  0.010352	  0.931828	
  0.824022	  0.055935	  0.053742	  0.066300	
  0.285208	  0.226607	  0.125615	  0.362570	
  0.182831	  0.316893	  0.163787	  0.336489	

URL http://cisbp.ccbr.utoronto.ca/TFreport.php?versionNumber=2.00&searchTF=T153481_2.00

MOTIF M00616_2.00 (EVEC_0000906601)_(Caenorhabditis_elegans)_(DBD_0.88)

letter-probability matrix: alength= 4 w= 10 nsites= 1 E= 0
  0.324441	  0.053630	  0.503762	  0.118168	
  0.063423	  0.734966	  0.001310	  0.200302	
  0.272717	  0.216683	  0.310578	  0.200023	
  0.109808	  0.326600	  0.262102	  0.301490	
  0.409532	  0.133622	  0.055424	  0.401422	
  0.114193	  0.029901	  0.107543	  0.748363	
  0.165220	  0.669999	  0.051794	  0.112987	
  0.300863	  0.360199	  0.161848	  0.177090	
  0.219733	  0.279336	  0.145826	  0.355105	
  0.226599	  0.240611	  0.162908	  0.369882	

URL http://cisbp.ccbr.utoronto.ca/TFreport.php?versionNumber=2.00&searchTF=T153502_2.00

MOTIF M00617_2.00 (EVEC_0000950401)_(Caenorhabditis_elegans)_(DBD_0.75)

letter-probability matrix: alength= 4 w= 9 nsites= 1 E= 0
  0.234890	  0.383414	  0.146807	  0.234890	
  0.194417	  0.478190	  0.094633	  0.232760	
  0.522892	  0.361180	  0.059703	  0.056226	
  0.008275	  0.985594	  0.000001	  0.006130	
  0.193067	  0.000000	  0.729993	  0.076941	
  0.000000	  0.999999	  0.000000	  0.000001	
  0.002831	  0.992854	  0.004308	  0.000007	
  0.001012	  0.806139	  0.003752	  0.189096	
  0.354676	  0.233039	  0.084877	  0.327408	

URL http://cisbp.ccbr.utoronto.ca/TFreport.php?versionNumber=2.00&searchTF=T153503_2.00

MOTIF M00618_2.00 (EVEC_0001078501)_(Caenorhabditis_elegans)_(DBD_0.78)

letter-probability matrix: alength= 4 w= 9 nsites= 1 E= 0
  0.225760	  0.223668	  0.227729	  0.322842	
  0.000071	  0.000071	  0.999788	  0.000071	
  0.000071	  0.999788	  0.000071	  0.000071	
  0.000071	  0.000071	  0.000071	  0.999788	
  0.893475	  0.000071	  0.000071	  0.106383	
  0.000071	  0.999788	  0.000071	  0.000071	
  0.000071	  0.504333	  0.000071	  0.495526	
  0.000071	  0.000071	  0.999788	  0.000071	
  0.098444	  0.098444	  0.286131	  0.516980	

URL http://cisbp.ccbr.utoronto.ca/TFreport.php?versionNumber=2.00&searchTF=T153507_2.00

MOTIF M00620_2.00 (EVEC_0000241401)_(Caenorhabditis_elegans)_(DBD_0.87)

letter-probability matrix: alength= 4 w= 10 nsites= 1 E= 0
  0.191185	  0.299838	  0.187399	  0.321578	
  0.434373	  0.011634	  0.338290	  0.215703	
  0.072394	  0.118170	  0.556755	  0.252680	
  0.038220	  0.058169	  0.002755	  0.900857	
  0.004021	  0.003566	  0.721592	  0.270821	
  0.004412	  0.007060	  0.001776	  0.986752	
  0.942731	  0.006289	  0.023076	  0.027904	
  0.839473	  0.104875	  0.025605	  0.030047	
  0.329916	  0.186576	  0.080547	  0.402961	
  0.389696	  0.175101	  0.282977	  0.152226	

URL http://cisbp.ccbr.utoronto.ca/TFreport.php?versionNumber=2.00&searchTF=T153479_2.00

MOTIF M00632_2.00 (EVEC_0000041101)_(Caenorhabditis_elegans)_(DBD_0.90)

letter-probability matrix: alength= 4 w= 10 nsites= 1 E= 0
  0.310430	  0.229857	  0.229857	  0.229857	
  0.141167	  0.374062	  0.141167	  0.343604	
  0.570189	  0.429360	  0.000225	  0.000225	
  0.000225	  0.999324	  0.000225	  0.000225	
  0.085811	  0.000225	  0.913738	  0.000225	
  0.000225	  0.999324	  0.000225	  0.000225	
  0.000225	  0.999324	  0.000225	  0.000225	
  0.000225	  0.999324	  0.000225	  0.000225	
  0.217940	  0.667367	  0.020369	  0.094324	
  0.109058	  0.359751	  0.109058	  0.422132	

URL http://cisbp.ccbr.utoronto.ca/TFreport.php?versionNumber=2.00&searchTF=T153471_2.00

MOTIF M00641_2.00 (EVEC_0001125701)_(Caenorhabditis_elegans)_(DBD_0.93)

letter-probability matrix: alength= 4 w= 10 nsites= 1 E= 0
  0.423533	  0.155809	  0.281078	  0.139579	
  0.237052	  0.254240	  0.246726	  0.261983	
  0.030814	  0.031436	  0.032719	  0.905030	
  0.022675	  0.003426	  0.973874	  0.000025	
  0.814440	  0.000029	  0.035251	  0.150280	
  0.015413	  0.958364	  0.007208	  0.019015	
  0.025164	  0.968160	  0.002260	  0.004417	
  0.560196	  0.106515	  0.269963	  0.063325	
  0.199576	  0.322529	  0.241337	  0.236558	
  0.194301	  0.267577	  0.146849	  0.391273	

URL http://cisbp.ccbr.utoronto.ca/TFreport.php?versionNumber=2.00&searchTF=T153511_2.00

MOTIF M00650_2.00 (EVEC_0001307101)_(Caenorhabditis_elegans)_(DBD_0.93)

letter-probability matrix: alength= 4 w= 8 nsites= 1 E= 0
  0.491059	  0.157959	  0.263149	  0.087833	
  0.986454	  0.000132	  0.000132	  0.013282	
  0.947002	  0.000132	  0.052735	  0.000132	
  0.013282	  0.000132	  0.933851	  0.052735	
  0.000132	  0.013282	  0.000132	  0.986454	
  0.026433	  0.013282	  0.013282	  0.947002	
  0.034631	  0.155238	  0.120779	  0.689352	
  0.200050	  0.200050	  0.449800	  0.150100	

URL http://cisbp.ccbr.utoronto.ca/TFreport.php?versionNumber=2.00&searchTF=T159629_2.00

MOTIF M00652_2.00 (EVEC_0001194701)_(Caenorhabditis_elegans)_(DBD_0.81)

letter-probability matrix: alength= 4 w= 7 nsites= 1 E= 0
  0.184698	  0.237157	  0.179240	  0.398905	
  0.193622	  0.297648	  0.090551	  0.418179	
  0.105524	  0.010902	  0.533222	  0.350352	
  0.000005	  0.999851	  0.000007	  0.000138	
  0.000006	  0.075843	  0.923961	  0.000190	
  0.008049	  0.184102	  0.784849	  0.023000	
  0.452392	  0.109349	  0.222416	  0.215843	

URL http://cisbp.ccbr.utoronto.ca/TFreport.php?versionNumber=2.00&searchTF=T168801_2.00

MOTIF M00657_2.00 (EVEC_0001123001)_(Caenorhabditis_elegans)_(DBD_0.89)

letter-probability matrix: alength= 4 w= 8 nsites= 1 E= 0
  0.767638	  0.077454	  0.077454	  0.077454	
  0.646127	  0.059272	  0.059272	  0.235329	
  0.048004	  0.048004	  0.000475	  0.903517	
  0.000454	  0.000454	  0.998639	  0.000454	
  0.000454	  0.000454	  0.000454	  0.998639	
  0.000454	  0.000454	  0.000454	  0.998639	
  0.000454	  0.000454	  0.181942	  0.817151	
  0.000554	  0.998337	  0.000554	  0.000554	

URL http://cisbp.ccbr.utoronto.ca/TFreport.php?versionNumber=2.00&searchTF=T169787_2.00

MOTIF M00660_2.00 (EVEC_0001219101)_(Caenorhabditis_elegans)_(DBD_0.63)

letter-probability matrix: alength= 4 w= 10 nsites= 1 E= 0
  0.096878	  0.086787	  0.048592	  0.767743	
  0.004260	  0.001972	  0.991566	  0.002202	
  0.002889	  0.002776	  0.001140	  0.993195	
  0.120377	  0.093749	  0.020300	  0.765574	
  0.209974	  0.017584	  0.762792	  0.009650	
  0.632316	  0.357591	  0.001599	  0.008494	
  0.992452	  0.001974	  0.002117	  0.003456	
  0.865828	  0.008791	  0.004635	  0.120746	
  0.435155	  0.077922	  0.097096	  0.389827	
  0.300175	  0.171463	  0.150561	  0.377801	

URL http://cisbp.ccbr.utoronto.ca/TFreport.php?versionNumber=2.00&searchTF=T169788_2.00

MOTIF M00661_2.00 (EVEC_0001300201)_(Caenorhabditis_elegans)_(DBD_0.66)

letter-probability matrix: alength= 4 w= 6 nsites= 1 E= 0
  0.985294	  0.004902	  0.004902	  0.004902	
  0.004902	  0.985294	  0.004902	  0.004902	
  0.004902	  0.985294	  0.004902	  0.004902	
  0.004902	  0.004902	  0.004902	  0.985294	
  0.004902	  0.004902	  0.004902	  0.985294	
  0.004902	  0.004902	  0.004902	  0.985294	

URL http://cisbp.ccbr.utoronto.ca/TFreport.php?versionNumber=2.00&searchTF=T169791_2.00

MOTIF M00664_2.00 (EVEC_0000550801)_(Caenorhabditis_elegans)_(DBD_0.72)

letter-probability matrix: alength= 4 w= 8 nsites= 1 E= 0
  0.597222	  0.001984	  0.398810	  0.001984	
  0.001656	  0.001656	  0.001656	  0.995033	
  0.995033	  0.001656	  0.001656	  0.001656	
  0.995033	  0.001656	  0.001656	  0.001656	
  0.995033	  0.001656	  0.001656	  0.001656	
  0.001656	  0.995033	  0.001656	  0.001656	
  0.995033	  0.001656	  0.001656	  0.001656	
  0.745050	  0.002475	  0.002475	  0.250000	

URL http://cisbp.ccbr.utoronto.ca/TFreport.php?versionNumber=2.00&searchTF=T190535_2.00

MOTIF M00682_2.00 (EVEC_0000124901)_(Caenorhabditis_elegans)_(DBD_0.72)

letter-probability matrix: alength= 4 w= 8 nsites= 1 E= 0
  0.004902	  0.004902	  0.004902	  0.985294	
  0.004902	  0.004902	  0.004902	  0.985294	
  0.004902	  0.985294	  0.004902	  0.004902	
  0.004902	  0.495098	  0.004902	  0.495098	
  0.985294	  0.004902	  0.004902	  0.004902	
  0.004902	  0.004902	  0.985294	  0.004902	
  0.985294	  0.004902	  0.004902	  0.004902	
  0.985294	  0.004902	  0.004902	  0.004902	

URL http://cisbp.ccbr.utoronto.ca/TFreport.php?versionNumber=2.00&searchTF=T243670_2.00

MOTIF M00685_2.00 (EVEC_0001257601)_(Caenorhabditis_elegans)_(DBD_0.94)

letter-probability matrix: alength= 4 w= 10 nsites= 1 E= 0
  0.456877	  0.161485	  0.130898	  0.250740	
  0.628266	  0.040567	  0.174681	  0.156486	
  0.903976	  0.016068	  0.069186	  0.010770	
  0.011187	  0.008625	  0.977229	  0.002959	
  0.011411	  0.000258	  0.180297	  0.808034	
  0.415665	  0.018172	  0.468661	  0.097503	
  0.012476	  0.947468	  0.007797	  0.032259	
  0.785405	  0.008725	  0.132449	  0.073420	
  0.322097	  0.205378	  0.159948	  0.312577	
  0.267136	  0.259241	  0.214382	  0.259241	

URL http://cisbp.ccbr.utoronto.ca/TFreport.php?versionNumber=2.00&searchTF=T308633_2.00

MOTIF M00686_2.00 (EVEC_0000027301)_(Caenorhabditis_elegans)_(DBD_0.90)

letter-probability matrix: alength= 4 w= 8 nsites= 1 E= 0
  0.844325	  0.000767	  0.154141	  0.000767	
  0.263130	  0.105567	  0.578256	  0.053046	
  0.083611	  0.042013	  0.042013	  0.832363	
  0.000416	  0.000416	  0.998752	  0.000416	
  0.998752	  0.000416	  0.000416	  0.000416	
  0.000416	  0.000416	  0.000416	  0.998752	
  0.000416	  0.998752	  0.000416	  0.000416	
  0.998503	  0.000499	  0.000499	  0.000499	

URL http://cisbp.ccbr.utoronto.ca/TFreport.php?versionNumber=2.00&searchTF=T308599_2.00

MOTIF M00689_2.00 (EVEC_0000349901)_(Caenorhabditis_elegans)_(DBD_0.71)

letter-probability matrix: alength= 4 w= 9 nsites= 1 E= 0
  0.597035	  0.077111	  0.077111	  0.248744	
  0.833606	  0.000140	  0.166115	  0.000140	
  0.999581	  0.000140	  0.000140	  0.000140	
  0.081900	  0.000140	  0.835503	  0.082457	
  0.917820	  0.000140	  0.000140	  0.081900	
  0.000140	  0.418083	  0.000140	  0.581638	
  0.082457	  0.835503	  0.000140	  0.081900	
  0.835503	  0.000140	  0.000140	  0.164218	
  0.399246	  0.254695	  0.173029	  0.173029	

URL http://cisbp.ccbr.utoronto.ca/TFreport.php?versionNumber=2.00&searchTF=T308603_2.00

MOTIF M00690_2.00 (EVEC_0000864401)_(Caenorhabditis_elegans)_(DBD_0.87)

letter-probability matrix: alength= 4 w= 10 nsites= 1 E= 0
  0.316056	  0.227220	  0.227220	  0.229504	
  0.308610	  0.190963	  0.293559	  0.206868	
  0.425693	  0.181948	  0.201083	  0.191276	
  0.203406	  0.147703	  0.480682	  0.168209	
  0.452722	  0.080261	  0.189668	  0.277349	
  0.176134	  0.284646	  0.114577	  0.424642	
  0.120807	  0.580678	  0.107147	  0.191368	
  0.691872	  0.002972	  0.221274	  0.083881	
  0.368959	  0.196504	  0.223785	  0.210752	
  0.304886	  0.214850	  0.228135	  0.252129	

URL http://cisbp.ccbr.utoronto.ca/TFreport.php?versionNumber=2.00&searchTF=T308619_2.00

MOTIF M00703_2.00 (EVEC_0000956701)_(Caenorhabditis_elegans)_(DBD_0.51)

letter-probability matrix: alength= 4 w= 8 nsites= 1 E= 0
  0.499501	  0.000499	  0.399701	  0.100299	
  0.032539	  0.000322	  0.966817	  0.000322	
  0.096972	  0.000322	  0.000322	  0.902384	
  0.000322	  0.999034	  0.000322	  0.000322	
  0.999034	  0.000322	  0.000322	  0.000322	
  0.000322	  0.837951	  0.000322	  0.161405	
  0.999034	  0.000322	  0.000322	  0.000322	
  0.635662	  0.136570	  0.181942	  0.045826	

URL http://cisbp.ccbr.utoronto.ca/TFreport.php?versionNumber=2.00&searchTF=T308622_2.00

MOTIF M00708_2.00 (EVEC_0001110501)_(Caenorhabditis_elegans)_(DBD_0.73)

letter-probability matrix: alength= 4 w= 10 nsites= 1 E= 0
  0.168663	  0.275311	  0.239344	  0.316683	
  0.176492	  0.296864	  0.205054	  0.321589	
  0.099868	  0.334905	  0.233655	  0.331572	
  0.572889	  0.124051	  0.200475	  0.102585	
  0.711682	  0.128719	  0.063284	  0.096316	
  0.139239	  0.068456	  0.676002	  0.116303	
  0.601869	  0.036600	  0.275901	  0.085630	
  0.375126	  0.319661	  0.021699	  0.283514	
  0.395081	  0.114330	  0.326716	  0.163873	
  0.242351	  0.212807	  0.230531	  0.314312	

URL http://cisbp.ccbr.utoronto.ca/TFreport.php?versionNumber=2.00&searchTF=T316739_2.00

MOTIF M00710_2.00 (EVEC_0000027701)_(Caenorhabditis_elegans)_(DBD_0.96)

letter-probability matrix: alength= 4 w= 10 nsites= 1 E= 0
  0.450923	  0.148771	  0.148771	  0.251536	
  0.298333	  0.204180	  0.289058	  0.208429	
  0.896801	  0.000144	  0.000144	  0.102910	
  0.910076	  0.089635	  0.000144	  0.000144	
  0.089635	  0.807310	  0.000144	  0.102910	
  0.999567	  0.000144	  0.000144	  0.000144	
  0.999567	  0.000144	  0.000144	  0.000144	
  0.000144	  0.000144	  0.000144	  0.999567	
  0.609680	  0.101374	  0.101374	  0.187572	
  0.240264	  0.237286	  0.371677	  0.150773	

URL http://cisbp.ccbr.utoronto.ca/TFreport.php?versionNumber=2.00&searchTF=T336305_2.00

MOTIF M00712_2.00 (EVEC_0000710101)_(Caenorhabditis_elegans)_(DBD_0.70)

letter-probability matrix: alength= 4 w= 10 nsites= 1 E= 0
  0.180597	  0.342500	  0.170080	  0.306823	
  0.160976	  0.372879	  0.157788	  0.308356	
  0.176732	  0.163144	  0.118467	  0.541657	
  0.186902	  0.088286	  0.157683	  0.567128	
  0.197962	  0.101299	  0.030207	  0.670533	
  0.236652	  0.225110	  0.457872	  0.080366	
  0.326313	  0.199908	  0.140873	  0.332905	
  0.262324	  0.221313	  0.223537	  0.292826	
  0.220694	  0.261589	  0.283376	  0.234341	
  0.203636	  0.220597	  0.222814	  0.352953	

URL http://cisbp.ccbr.utoronto.ca/TFreport.php?versionNumber=2.00&searchTF=T336313_2.00

MOTIF M00746_2.00 (EVEC_0000720901)_(Caenorhabditis_elegans)_(DBD_0.92)

letter-probability matrix: alength= 4 w= 10 nsites= 1 E= 0
  0.511270	  0.095599	  0.297532	  0.095599	
  0.846923	  0.022737	  0.107604	  0.022737	
  0.000097	  0.999709	  0.000097	  0.000097	
  0.999709	  0.000097	  0.000097	  0.000097	
  0.000097	  0.078945	  0.920861	  0.000097	
  0.000097	  0.715729	  0.182374	  0.101800	
  0.000097	  0.000097	  0.000097	  0.999709	
  0.000097	  0.000097	  0.999709	  0.000097	
  0.245056	  0.235844	  0.154498	  0.364602	
  0.227360	  0.317919	  0.227360	  0.227360	

URL http://cisbp.ccbr.utoronto.ca/TFreport.php?versionNumber=2.00&searchTF=T053982_2.00

MOTIF M00750_2.00 (EVEC_0000222501)_(Mus_musculus)_(DBD_0.77)

letter-probability matrix: alength= 4 w= 8 nsites= 1 E= 0
  0.750000	  0.083333	  0.083333	  0.083333	
  0.800000	  0.066667	  0.066667	  0.066667	
  0.733333	  0.066667	  0.066667	  0.133333	
  0.266667	  0.066667	  0.066667	  0.600000	
  0.733333	  0.066667	  0.066667	  0.133333	
  0.666667	  0.066667	  0.066667	  0.200000	
  0.692308	  0.076923	  0.076923	  0.153846	
  0.166667	  0.083333	  0.083333	  0.666667	

URL http://cisbp.ccbr.utoronto.ca/TFreport.php?versionNumber=2.00&searchTF=T018175_2.00

MOTIF M00791_2.00 (EVEC_0000461701)_(Mus_musculus)_(DBD_0.74)

letter-probability matrix: alength= 4 w= 10 nsites= 1 E= 0
  0.304424	  0.223279	  0.262020	  0.210276	
