MEME version 4

ALPHABET= ACGT

strands: + -

Background letter frequencies (from uniform background):
A 0.25000 C 0.25000 G 0.25000 T 0.25000 

MOTIF M00060_2.00 (EV44_g1665)_(Saccharomyces_cerevisiae)_(DBD_0.45)

letter-probability matrix: alength= 4 w= 9 nsites= 1 E= 0
  0.320154	  0.181055	  0.206191	  0.292599	
  0.231700	  0.238756	  0.197442	  0.332102	
  0.223589	  0.242212	  0.287095	  0.247105	
  0.161512	  0.025143	  0.029212	  0.784133	
  0.138264	  0.051376	  0.075881	  0.734480	
  0.092315	  0.709959	  0.122145	  0.075581	
  0.148989	  0.381409	  0.144586	  0.325016	
  0.473500	  0.149928	  0.202381	  0.174191	
  0.182247	  0.285820	  0.153755	  0.378177	

URL http://cisbp.ccbr.utoronto.ca/TFreport.php?versionNumber=2.00&searchTF=T240491_2.00

MOTIF M00061_2.00 (EV44_g6439)_(Saccharomyces_cerevisiae)_(DBD_0.63)

letter-probability matrix: alength= 4 w= 8 nsites= 1 E= 0
  0.726984	  0.045578	  0.075863	  0.151575	
  0.056906	  0.193208	  0.068264	  0.681622	
  0.064288	  0.064288	  0.871332	  0.000092	
  0.000090	  0.000090	  0.999730	  0.000090	
  0.000090	  0.972713	  0.027107	  0.000090	
  0.000090	  0.963707	  0.009096	  0.027107	
  0.586810	  0.119622	  0.293459	  0.000109	
  0.142918	  0.057253	  0.742576	  0.057253	

URL http://cisbp.ccbr.utoronto.ca/TFreport.php?versionNumber=2.00&searchTF=T240493_2.00

MOTIF M00066_2.00 (EV44_g5273)_(Saccharomyces_cerevisiae)_(DBD_0.47)

letter-probability matrix: alength= 4 w= 10 nsites= 1 E= 0
  0.228304	  0.228304	  0.228304	  0.315088	
  0.119950	  0.353086	  0.407015	  0.119950	
  0.000130	  0.000130	  0.999610	  0.000130	
  0.000130	  0.000130	  0.000130	  0.999610	
  0.000130	  0.000130	  0.000130	  0.999610	
  0.086914	  0.000130	  0.912826	  0.000130	
  0.000130	  0.999610	  0.000130	  0.000130	
  0.000130	  0.437251	  0.000130	  0.562489	
  0.934522	  0.021826	  0.021826	  0.021826	
  0.130180	  0.304898	  0.261306	  0.303616	

URL http://cisbp.ccbr.utoronto.ca/TFreport.php?versionNumber=2.00&searchTF=T318580_2.00

MOTIF M00163_2.00 (EV44_g2043)_(Mus_musculus)_(DBD_0.55)

letter-probability matrix: alength= 4 w= 8 nsites= 1 E= 0
  0.309467	  0.142959	  0.547336	  0.000238	
  0.295052	  0.000164	  0.000164	  0.704620	
  0.619510	  0.295749	  0.000141	  0.084600	
  0.888534	  0.069545	  0.000139	  0.041782	
  0.999584	  0.000139	  0.000139	  0.000139	
  0.000139	  0.957940	  0.000139	  0.041782	
  0.999572	  0.000143	  0.000143	  0.000143	
  0.660068	  0.132164	  0.056750	  0.151018	

URL http://cisbp.ccbr.utoronto.ca/TFreport.php?versionNumber=2.00&searchTF=T187387_2.00

MOTIF M00407_2.00 (EV44_g1627)_(Mus_musculus)_(DBD_0.51)

letter-probability matrix: alength= 4 w= 9 nsites= 1 E= 0
  0.295464	  0.173911	  0.204087	  0.326538	
  0.083726	  0.082068	  0.055565	  0.778641	
  0.003120	  0.034053	  0.960935	  0.001893	
  0.873497	  0.000758	  0.057541	  0.068204	
  0.019591	  0.939245	  0.007207	  0.033956	
  0.851816	  0.012030	  0.105359	  0.030796	
  0.150397	  0.123135	  0.540925	  0.185542	
  0.147020	  0.354449	  0.343974	  0.154557	
  0.187865	  0.236447	  0.144854	  0.430834	

URL http://cisbp.ccbr.utoronto.ca/TFreport.php?versionNumber=2.00&searchTF=T217321_2.00

MOTIF M01102_2.00 (EV44_g1769)_(PBM_CONSTRUCTS)_(DBD_0.65)

letter-probability matrix: alength= 4 w= 8 nsites= 1 E= 0
  0.520400	  0.150739	  0.150739	  0.178122	
  0.168349	  0.386085	  0.237629	  0.207937	
  0.828862	  0.000085	  0.162423	  0.008630	
  0.000085	  0.999744	  0.000085	  0.000085	
  0.000085	  0.000085	  0.982656	  0.017174	
  0.008630	  0.957023	  0.000085	  0.034262	
  0.008630	  0.017174	  0.965567	  0.008630	
  0.562344	  0.150050	  0.000125	  0.287481	

URL http://cisbp.ccbr.utoronto.ca/TFreport.php?versionNumber=2.00&searchTF=T011894_2.00

MOTIF M01103_2.00 (EV44_g2494)_(Monodelphis_domestica)_(DBD_0.54)

letter-probability matrix: alength= 4 w= 12 nsites= 1 E= 0
  0.315605	  0.228132	  0.228132	  0.228132	
  0.315605	  0.228132	  0.228132	  0.228132	
  0.371355	  0.180390	  0.180390	  0.267864	
  0.700798	  0.099734	  0.099734	  0.099734	
  0.333823	  0.000098	  0.000098	  0.665982	
  0.806854	  0.000098	  0.000098	  0.192951	
  0.177789	  0.000098	  0.000098	  0.822016	
  0.431780	  0.000098	  0.000098	  0.568025	
  0.934102	  0.021966	  0.021966	  0.021966	
  0.934102	  0.021966	  0.021966	  0.021966	
  0.069707	  0.069707	  0.069707	  0.790879	
  0.324794	  0.150363	  0.150363	  0.374480	

URL http://cisbp.ccbr.utoronto.ca/TFreport.php?versionNumber=2.00&searchTF=T017460_2.00

MOTIF M01115_2.00 (EV44_g5752)_(Neurospora_crassa)_(DBD_0.93)

letter-probability matrix: alength= 4 w= 10 nsites= 1 E= 0
  0.401900	  0.132450	  0.201583	  0.264067	
  0.232202	  0.199858	  0.114161	  0.453778	
  0.047953	  0.533909	  0.070826	  0.347312	
  0.589023	  0.001713	  0.237096	  0.172167	
  0.140856	  0.436041	  0.139454	  0.283649	
  0.219952	  0.173021	  0.359032	  0.247995	
  0.172499	  0.317472	  0.192557	  0.317472	
  0.161212	  0.287930	  0.285065	  0.265793	
  0.506352	  0.195827	  0.122392	  0.175429	
  0.203641	  0.291885	  0.197623	  0.306850	

URL http://cisbp.ccbr.utoronto.ca/TFreport.php?versionNumber=2.00&searchTF=T038236_2.00

MOTIF M01116_2.00 (EV44_g6410)_(Neurospora_crassa)_(DBD_0.98)

letter-probability matrix: alength= 4 w= 9 nsites= 1 E= 0
  0.205969	  0.329549	  0.234563	  0.229919	
  0.099121	  0.747209	  0.074914	  0.078755	
  0.515605	  0.238732	  0.140519	  0.105145	
  0.048574	  0.775174	  0.033218	  0.143035	
  0.095708	  0.119260	  0.781571	  0.003460	
  0.013930	  0.001606	  0.036747	  0.947716	
  0.000984	  0.004545	  0.976584	  0.017887	
  0.493454	  0.273535	  0.122907	  0.110104	
  0.129898	  0.406160	  0.186186	  0.277757	

URL http://cisbp.ccbr.utoronto.ca/TFreport.php?versionNumber=2.00&searchTF=T038241_2.00

MOTIF M01147_2.00 (EV44_g5736)_(Neurospora_crassa)_(DBD_0.72)

letter-probability matrix: alength= 4 w= 10 nsites= 1 E= 0
  0.256344	  0.201648	  0.261523	  0.280485	
  0.466416	  0.147685	  0.263770	  0.122129	
  0.056276	  0.045162	  0.000477	  0.898085	
  0.076513	  0.037995	  0.643848	  0.241643	
  0.796372	  0.031502	  0.085633	  0.086493	
  0.072044	  0.711432	  0.042832	  0.173691	
  0.178754	  0.047276	  0.689532	  0.084438	
  0.163925	  0.196254	  0.078997	  0.560825	
  0.373050	  0.284779	  0.165954	  0.176216	
  0.318316	  0.178225	  0.258022	  0.245438	

URL http://cisbp.ccbr.utoronto.ca/TFreport.php?versionNumber=2.00&searchTF=T061931_2.00

MOTIF M01152_2.00 (EV44_g2223)_(Neurospora_crassa)_(DBD_0.77)

letter-probability matrix: alength= 4 w= 13 nsites= 1 E= 0
  0.207726	  0.207726	  0.207726	  0.376822	
  0.294504	  0.207726	  0.290044	  0.207726	
  0.207726	  0.294504	  0.207726	  0.290044	
  0.376822	  0.207726	  0.207726	  0.207726	
  0.135212	  0.044794	  0.127261	  0.692734	
  0.085480	  0.087943	  0.210705	  0.615872	
  0.909025	  0.000186	  0.000186	  0.090604	
  0.000186	  0.914149	  0.000186	  0.085480	
  0.784437	  0.042460	  0.130644	  0.042460	
  0.608725	  0.127754	  0.042460	  0.221062	
  0.790154	  0.042460	  0.042460	  0.124927	
  0.213111	  0.042460	  0.127754	  0.616676	
  0.293150	  0.296066	  0.205392	  0.205392	

URL http://cisbp.ccbr.utoronto.ca/TFreport.php?versionNumber=2.00&searchTF=T061921_2.00

MOTIF M01186_2.00 (EV44_g1622)_(Schizosaccharomyces_pombe)_(DBD_0.74)

letter-probability matrix: alength= 4 w= 10 nsites= 1 E= 0
  0.256395	  0.163485	  0.193779	  0.386341	
  0.391732	  0.188779	  0.204502	  0.214987	
  0.022499	  0.937723	  0.013111	  0.026668	
  0.007099	  0.880037	  0.004015	  0.108849	
  0.000048	  0.996330	  0.002545	  0.001077	
  0.006410	  0.990227	  0.000453	  0.002909	
  0.208754	  0.040494	  0.529089	  0.221663	
  0.056743	  0.896529	  0.002093	  0.044636	
  0.382669	  0.216409	  0.131259	  0.269663	
  0.165510	  0.379566	  0.141038	  0.313886	

URL http://cisbp.ccbr.utoronto.ca/TFreport.php?versionNumber=2.00&searchTF=T114226_2.00

MOTIF M01192_2.00 (EV44_g4731)_(Neurospora_crassa)_(DBD_0.83)

letter-probability matrix: alength= 4 w= 8 nsites= 1 E= 0
  0.238098	  0.442125	  0.231298	  0.088479	
  0.005803	  0.971099	  0.005803	  0.017295	
  0.000055	  0.933916	  0.000055	  0.065975	
  0.000055	  0.988849	  0.000055	  0.011042	
  0.005548	  0.884476	  0.000055	  0.109921	
  0.022150	  0.016626	  0.011103	  0.950122	
  0.246270	  0.000075	  0.447702	  0.305953	
  0.547243	  0.042193	  0.147412	  0.263152	

URL http://cisbp.ccbr.utoronto.ca/TFreport.php?versionNumber=2.00&searchTF=T114233_2.00

MOTIF M01193_2.00 (EV44_g0721)_(Neurospora_crassa)_(DBD_0.94)

letter-probability matrix: alength= 4 w= 10 nsites= 1 E= 0
  0.171974	  0.307153	  0.259134	  0.261738	
  0.176120	  0.141339	  0.539781	  0.142760	
  0.201468	  0.325587	  0.241201	  0.231743	
  0.242179	  0.354135	  0.186733	  0.216953	
  0.187486	  0.174811	  0.494579	  0.143123	
  0.781029	  0.071565	  0.138464	  0.008941	
  0.008899	  0.010236	  0.050195	  0.930671	
  0.046751	  0.849653	  0.086906	  0.016690	
  0.257316	  0.290123	  0.290123	  0.162439	
  0.191340	  0.312327	  0.250648	  0.245685	

URL http://cisbp.ccbr.utoronto.ca/TFreport.php?versionNumber=2.00&searchTF=T114224_2.00

MOTIF M01198_2.00 (EV44_g2822)_(Neurospora_crassa)_(DBD_0.85)

letter-probability matrix: alength= 4 w= 8 nsites= 1 E= 0
  0.008032	  0.985829	  0.000534	  0.005604	
  0.000361	  0.758996	  0.000317	  0.240326	
  0.065429	  0.872155	  0.039290	  0.023126	
  0.000001	  0.999660	  0.000134	  0.000205	
  0.499172	  0.000032	  0.489288	  0.011507	
  0.139979	  0.376715	  0.252520	  0.230786	
  0.284498	  0.230610	  0.244870	  0.240021	
  0.280918	  0.298289	  0.261926	  0.158866	

URL http://cisbp.ccbr.utoronto.ca/TFreport.php?versionNumber=2.00&searchTF=T114230_2.00

MOTIF M01235_2.00 (EV44_g2708)_(Neurospora_crassa)_(DBD_0.92)

letter-probability matrix: alength= 4 w= 11 nsites= 1 E= 0
  0.224507	  0.326478	  0.224507	  0.224507	
  0.203126	  0.299039	  0.391867	  0.105967	
  0.225223	  0.724938	  0.024920	  0.024920	
  0.000216	  0.000216	  0.999351	  0.000216	
  0.999351	  0.000216	  0.000216	  0.000216	
  0.000216	  0.000216	  0.000216	  0.999351	
  0.000216	  0.999351	  0.000216	  0.000216	
  0.000216	  0.000216	  0.897514	  0.102053	
  0.347248	  0.117812	  0.509230	  0.025709	
  0.144249	  0.144249	  0.144249	  0.567252	
  0.225297	  0.324110	  0.225297	  0.225297	

URL http://cisbp.ccbr.utoronto.ca/TFreport.php?versionNumber=2.00&searchTF=T193170_2.00

MOTIF M01236_2.00 (EV44_g4933)_(Neurospora_crassa)_(DBD_0.86)

letter-probability matrix: alength= 4 w= 8 nsites= 1 E= 0
  0.349800	  0.449601	  0.100299	  0.100299	
  0.200067	  0.799268	  0.000333	  0.000333	
  0.000322	  0.000322	  0.999034	  0.000322	
  0.999064	  0.000312	  0.000312	  0.000312	
  0.000312	  0.000312	  0.000312	  0.999064	
  0.000312	  0.999064	  0.000312	  0.000312	
  0.000322	  0.000322	  0.805735	  0.193621	
  0.624376	  0.208403	  0.083611	  0.083611	

URL http://cisbp.ccbr.utoronto.ca/TFreport.php?versionNumber=2.00&searchTF=T193171_2.00

MOTIF M01237_2.00 (EV44_g2538)_(Neurospora_crassa)_(DBD_0.77)

letter-probability matrix: alength= 4 w= 8 nsites= 1 E= 0
  0.227143	  0.251032	  0.238789	  0.283037	
  0.422687	  0.229667	  0.067130	  0.280516	
  0.086439	  0.059112	  0.811951	  0.042497	
  0.921225	  0.000266	  0.017214	  0.061295	
  0.095561	  0.028212	  0.030869	  0.845358	
  0.509100	  0.209065	  0.076911	  0.204925	
  0.563117	  0.107070	  0.130776	  0.199036	
  0.224323	  0.222091	  0.373563	  0.180023	

URL http://cisbp.ccbr.utoronto.ca/TFreport.php?versionNumber=2.00&searchTF=T193169_2.00

MOTIF M01274_2.00 (EV44_g5855)_(Neurospora_crassa)_(DBD_0.86)

letter-probability matrix: alength= 4 w= 10 nsites= 1 E= 0
  0.240853	  0.318680	  0.243274	  0.197194	
  0.220423	  0.229419	  0.115071	  0.435088	
  0.425781	  0.183814	  0.285409	  0.104996	
  0.344735	  0.252845	  0.061116	  0.341305	
  0.000991	  0.001478	  0.004621	  0.992910	
  0.996324	  0.001369	  0.002126	  0.000182	
  0.130163	  0.047408	  0.019083	  0.803347	
  0.611750	  0.074167	  0.102138	  0.211944	
  0.240340	  0.162724	  0.429257	  0.167680	
  0.217449	  0.293526	  0.317973	  0.171052	

URL http://cisbp.ccbr.utoronto.ca/TFreport.php?versionNumber=2.00&searchTF=T270227_2.00

MOTIF M01332_2.00 (EV44_g1249)_(Aspergillus_nidulans)_(DBD_0.57)

letter-probability matrix: alength= 4 w= 7 nsites= 1 E= 0
  0.285553	  0.253263	  0.178471	  0.282712	
  0.146269	  0.193532	  0.067050	  0.593149	
  0.000011	  0.999265	  0.000000	  0.000724	
  0.000041	  0.043938	  0.956021	  0.000000	
  0.001665	  0.005696	  0.972358	  0.020282	
  0.223568	  0.301785	  0.298782	  0.175865	
  0.372727	  0.176064	  0.177833	  0.273376	

URL http://cisbp.ccbr.utoronto.ca/TFreport.php?versionNumber=2.00&searchTF=T366968_2.00

MOTIF M01343_2.00 (EV44_g3230)_(Aspergillus_nidulans)_(DBD_0.76)

letter-probability matrix: alength= 4 w= 10 nsites= 1 E= 0
  0.311791	  0.213222	  0.255273	  0.219715	
  0.219752	  0.245305	  0.282168	  0.252775	
  0.152362	  0.471662	  0.101115	  0.274860	
  0.047096	  0.226375	  0.073127	  0.653402	
  0.008170	  0.973139	  0.013881	  0.004809	
  0.000595	  0.006364	  0.992893	  0.000148	
  0.012469	  0.093999	  0.271316	  0.622215	
  0.618934	  0.019453	  0.286575	  0.075038	
  0.270230	  0.125120	  0.026823	  0.577827	
  0.308082	  0.221487	  0.108893	  0.361538	

URL http://cisbp.ccbr.utoronto.ca/TFreport.php?versionNumber=2.00&searchTF=T366982_2.00

MOTIF M01420_2.00 (EV44_g6013)_(Neurospora_crassa)_(DBD_0.80)

letter-probability matrix: alength= 4 w= 11 nsites= 1 E= 0
  0.246046	  0.255232	  0.244001	  0.254721	
  0.197461	  0.506031	  0.100161	  0.196348	
  0.121770	  0.121877	  0.633470	  0.122883	
  0.599356	  0.096427	  0.105102	  0.199115	
  0.000240	  0.504786	  0.000240	  0.494735	
  0.000240	  0.999281	  0.000240	  0.000240	
  0.000240	  0.096427	  0.903094	  0.000240	
  0.105102	  0.000240	  0.894419	  0.000240	
  0.400629	  0.197681	  0.100381	  0.301309	
  0.249515	  0.252660	  0.347746	  0.150079	
  0.224657	  0.224657	  0.224657	  0.326030	

URL http://cisbp.ccbr.utoronto.ca/TFreport.php?versionNumber=2.00&searchTF=T366993_2.00

MOTIF M01428_2.00 (EV44_g6268)_(Neurospora_crassa)_(DBD_0.68)

letter-probability matrix: alength= 4 w= 9 nsites= 1 E= 0
  0.277180	  0.125797	  0.101969	  0.495054	
  0.297132	  0.250680	  0.133510	  0.318677	
  0.211741	  0.203439	  0.328772	  0.256048	
  0.124636	  0.345640	  0.381992	  0.147732	
  0.201066	  0.183760	  0.438619	  0.176555	
  0.000248	  0.999628	  0.000096	  0.000028	
  0.000265	  0.976256	  0.023423	  0.000056	
  0.000076	  0.000046	  0.999845	  0.000033	
  0.507847	  0.122754	  0.214902	  0.154498	

URL http://cisbp.ccbr.utoronto.ca/TFreport.php?versionNumber=2.00&searchTF=T366997_2.00

MOTIF M01447_2.00 (EV44_g5870)_(Histoplasma_capsulatum)_(DBD_0.89)

letter-probability matrix: alength= 4 w= 9 nsites= 1 E= 0
  0.206440	  0.219205	  0.194417	  0.379938	
  0.329746	  0.175620	  0.313665	  0.180969	
  0.027591	  0.802292	  0.067862	  0.102255	
  0.028927	  0.902134	  0.014080	  0.054859	
  0.003857	  0.992123	  0.003896	  0.000125	
  0.003073	  0.994949	  0.001921	  0.000057	
  0.000483	  0.013239	  0.000758	  0.985519	
  0.082078	  0.078859	  0.537896	  0.301167	
  0.408119	  0.104748	  0.344316	  0.142816	

URL http://cisbp.ccbr.utoronto.ca/TFreport.php?versionNumber=2.00&searchTF=T114241_2.00

MOTIF M01448_2.00 (EV44_g5988)_(Histoplasma_capsulatum)_(DBD_0.90)

letter-probability matrix: alength= 4 w= 10 nsites= 1 E= 0
  0.199492	  0.067072	  0.668993	  0.064443	
  0.146539	  0.259120	  0.082871	  0.511470	
  0.121144	  0.778198	  0.044566	  0.056091	
  0.172916	  0.615729	  0.036701	  0.174654	
  0.154373	  0.033763	  0.720086	  0.091778	
  0.216730	  0.046930	  0.051865	  0.684475	
  0.010124	  0.014082	  0.948547	  0.027247	
  0.029134	  0.881758	  0.023616	  0.065491	
  0.232021	  0.078793	  0.501112	  0.188073	
  0.095693	  0.391955	  0.194639	  0.317713	

URL http://cisbp.ccbr.utoronto.ca/TFreport.php?versionNumber=2.00&searchTF=T114242_2.00

MOTIF M01450_2.00 (EV44_g5109)_(Histoplasma_capsulatum)_(DBD_0.79)

letter-probability matrix: alength= 4 w= 8 nsites= 1 E= 0
  0.332237	  0.003289	  0.003289	  0.661184	
  0.332237	  0.003289	  0.003289	  0.661184	
  0.003289	  0.003289	  0.003289	  0.990132	
  0.003289	  0.003289	  0.003289	  0.990132	
  0.003289	  0.003289	  0.003289	  0.990132	
  0.003289	  0.003289	  0.003289	  0.990132	
  0.003289	  0.003289	  0.003289	  0.990132	
  0.003289	  0.003289	  0.003289	  0.990132	

URL http://cisbp.ccbr.utoronto.ca/TFreport.php?versionNumber=2.00&searchTF=T114237_2.00

MOTIF M01474_2.00 (EV44_g5656)_(Neurospora_crassa)_(DBD_1.00)

letter-probability matrix: alength= 4 w= 10 nsites= 1 E= 0
  0.182660	  0.313445	  0.223101	  0.280795	
  0.189292	  0.109212	  0.530218	  0.171278	
  0.198474	  0.320749	  0.212865	  0.267912	
  0.293861	  0.334657	  0.195021	  0.176462	
  0.157266	  0.177317	  0.548912	  0.116505	
  0.974295	  0.000972	  0.024088	  0.000645	
  0.003870	  0.000302	  0.000238	  0.995590	
  0.098639	  0.736176	  0.088364	  0.076820	
  0.302958	  0.276883	  0.250534	  0.169626	
  0.173810	  0.307342	  0.232284	  0.286564	

URL http://cisbp.ccbr.utoronto.ca/TFreport.php?versionNumber=2.00&searchTF=T114240_2.00

MOTIF M01557_2.00 (EV44_g2988)_(Saccharomyces_cerevisiae)_(DBD_0.79)

letter-probability matrix: alength= 4 w= 8 nsites= 1 E= 0
  0.009615	  0.009615	  0.009615	  0.971154	
  0.009615	  0.009615	  0.009615	  0.971154	
  0.971154	  0.009615	  0.009615	  0.009615	
  0.971154	  0.009615	  0.009615	  0.009615	
  0.009615	  0.009615	  0.009615	  0.971154	
  0.971154	  0.009615	  0.009615	  0.009615	
  0.971154	  0.009615	  0.009615	  0.009615	
  0.971154	  0.009615	  0.009615	  0.009615	

URL http://cisbp.ccbr.utoronto.ca/TFreport.php?versionNumber=2.00&searchTF=T253884_2.00

MOTIF M01558_2.00 (EV44_g1435)_(Saccharomyces_cerevisiae)_(DBD_0.85)

letter-probability matrix: alength= 4 w= 10 nsites= 1 E= 0
  0.112022	  0.583295	  0.081344	  0.223339	
  0.214189	  0.229719	  0.346145	  0.209947	
  0.417547	  0.152079	  0.229155	  0.201220	
  0.584466	  0.060382	  0.129114	  0.226037	
  0.385008	  0.091219	  0.093997	  0.429776	
  0.301324	  0.230024	  0.179143	  0.289509	
  0.257339	  0.273252	  0.284403	  0.185007	
  0.278132	  0.034747	  0.644255	  0.042867	
  0.109929	  0.000794	  0.742363	  0.146913	
  0.392464	  0.185387	  0.181716	  0.240434	

URL http://cisbp.ccbr.utoronto.ca/TFreport.php?versionNumber=2.00&searchTF=T253883_2.00

MOTIF M01566_2.00 (EV44_g2085)_(Saccharomyces_cerevisiae)_(DBD_0.67)

letter-probability matrix: alength= 4 w= 8 nsites= 1 E= 0
  0.270726	  0.299198	  0.159350	  0.270726	
  0.171103	  0.404343	  0.058690	  0.365865	
  0.701225	  0.048078	  0.204963	  0.045733	
  0.053179	  0.447494	  0.090348	  0.408979	
  0.407307	  0.049381	  0.055677	  0.487635	
  0.525518	  0.097943	  0.128302	  0.248237	
  0.510778	  0.094249	  0.117441	  0.277532	
  0.343791	  0.175921	  0.275898	  0.204391	

URL http://cisbp.ccbr.utoronto.ca/TFreport.php?versionNumber=2.00&searchTF=T329464_2.00

MOTIF M01649_2.00 (EV44_g0662)_(Aspergillus_nidulans)_(DBD_0.91)

letter-probability matrix: alength= 4 w= 10 nsites= 1 E= 0
  0.159319	  0.403796	  0.210800	  0.226085	
  0.259571	  0.353906	  0.194228	  0.192295	
  0.061610	  0.194576	  0.000720	  0.743094	
  0.155603	  0.015916	  0.740485	  0.087997	
  0.004192	  0.882855	  0.003755	  0.109198	
  0.810654	  0.030810	  0.087168	  0.071367	
  0.035236	  0.068175	  0.299490	  0.597098	
  0.343722	  0.179439	  0.326959	  0.149880	
  0.293030	  0.206495	  0.131667	  0.368808	
  0.327019	  0.212729	  0.249640	  0.210612	

URL http://cisbp.ccbr.utoronto.ca/TFreport.php?versionNumber=2.00&searchTF=T011893_2.00

MOTIF M01669_2.00 (EV44_g6012)_(Neurospora_crassa)_(DBD_0.81)

letter-probability matrix: alength= 4 w= 8 nsites= 1 E= 0
  0.327371	  0.206664	  0.278967	  0.186997	
  0.090243	  0.314980	  0.037808	  0.556969	
  0.768095	  0.014210	  0.120773	  0.096923	
  0.116745	  0.111051	  0.072966	  0.699238	
  0.248575	  0.418109	  0.163325	  0.169991	
  0.313613	  0.190216	  0.256765	  0.239406	
  0.283505	  0.241587	  0.275126	  0.199782	
  0.264086	  0.231893	  0.272129	  0.231893	

URL http://cisbp.ccbr.utoronto.ca/TFreport.php?versionNumber=2.00&searchTF=T014847_2.00

MOTIF M01762_2.00 (EV44_g5959)_(Neurospora_crassa)_(DBD_0.93)

letter-probability matrix: alength= 4 w= 10 nsites= 1 E= 0
  0.372697	  0.131267	  0.368992	  0.127044	
  0.132630	  0.120618	  0.150348	  0.596405	
  0.053806	  0.833998	  0.040004	  0.072192	
  0.860550	  0.014337	  0.062962	  0.062150	
  0.049765	  0.733895	  0.036448	  0.179892	
  0.179892	  0.036448	  0.733895	  0.049765	
  0.062150	  0.062962	  0.014337	  0.860550	
  0.072192	  0.040004	  0.833998	  0.053806	
  0.596405	  0.150348	  0.120618	  0.132630	
  0.127044	  0.368992	  0.131267	  0.372697	

URL http://cisbp.ccbr.utoronto.ca/TFreport.php?versionNumber=2.00&searchTF=T038238_2.00

MOTIF M01791_2.00 (EV44_g5365)_(Aspergillus_nidulans)_(DBD_0.74)

letter-probability matrix: alength= 4 w= 9 nsites= 1 E= 0
  0.248440	  0.175072	  0.312686	  0.263802	
  0.348841	  0.201264	  0.236185	  0.213709	
  0.250961	  0.137730	  0.144792	  0.466518	
  0.192616	  0.159285	  0.330530	  0.317569	
  0.547798	  0.306711	  0.100074	  0.045418	
  0.083480	  0.792037	  0.004829	  0.119654	
  0.161924	  0.013834	  0.778312	  0.045930	
  0.238359	  0.306059	  0.081759	  0.373822	
  0.313093	  0.147894	  0.356559	  0.182454	

URL http://cisbp.ccbr.utoronto.ca/TFreport.php?versionNumber=2.00&searchTF=T061929_2.00

MOTIF M01793_2.00 (EV44_g4901)_(Aspergillus_nidulans)_(DBD_0.71)

letter-probability matrix: alength= 4 w= 10 nsites= 1 E= 0
  0.145649	  0.150084	  0.513473	  0.190794	
  0.418917	  0.431675	  0.089808	  0.059601	
  0.005884	  0.000005	  0.066837	  0.927274	
  0.023022	  0.048253	  0.291916	  0.636808	
  0.986170	  0.000006	  0.013788	  0.000036	
  0.019732	  0.609267	  0.192916	  0.178084	
  0.220193	  0.096015	  0.341896	  0.341896	
  0.331651	  0.171414	  0.040209	  0.456726	
  0.667716	  0.100873	  0.129524	  0.101887	
  0.435821	  0.122392	  0.214269	  0.227518	

URL http://cisbp.ccbr.utoronto.ca/TFreport.php?versionNumber=2.00&searchTF=T061926_2.00

MOTIF M01835_2.00 (EV44_g2242)_(Neurospora_crassa)_(DBD_0.79)

letter-probability matrix: alength= 4 w= 11 nsites= 1 E= 0
  0.227977	  0.227977	  0.316068	  0.227977	
  0.575603	  0.108023	  0.208350	  0.108023	
  0.833557	  0.055481	  0.055481	  0.055481	
  0.000201	  0.000201	  0.089004	  0.910593	
  0.188309	  0.089004	  0.722485	  0.000201	
  0.906520	  0.000201	  0.000201	  0.093078	
  0.183108	  0.539578	  0.089004	  0.188309	
  0.277113	  0.000201	  0.539578	  0.183108	
  0.393952	  0.022224	  0.022224	  0.561601	
  0.236961	  0.363298	  0.257563	  0.142178	
  0.415840	  0.194720	  0.194720	  0.194720	

URL http://cisbp.ccbr.utoronto.ca/TFreport.php?versionNumber=2.00&searchTF=T061922_2.00

MOTIF M01876_2.00 (EV44_g6332)_(Neurospora_crassa)_(DBD_0.89)

letter-probability matrix: alength= 4 w= 10 nsites= 1 E= 0
  0.265928	  0.228887	  0.211289	  0.293896	
  0.267198	  0.188291	  0.379172	  0.165338	
  0.206530	  0.090962	  0.483207	  0.219301	
  0.631133	  0.066521	  0.088016	  0.214330	
  0.002492	  0.956504	  0.000015	  0.040988	
  0.006556	  0.992606	  0.000082	  0.000756	
  0.027586	  0.950807	  0.001170	  0.020436	
  0.018282	  0.306716	  0.025685	  0.649317	
  0.207707	  0.082775	  0.345892	  0.363626	
  0.364432	  0.162121	  0.275432	  0.198015	

URL http://cisbp.ccbr.utoronto.ca/TFreport.php?versionNumber=2.00&searchTF=T114246_2.00

MOTIF M01888_2.00 (EV44_g1012)_(Neurospora_crassa)_(DBD_0.94)

letter-probability matrix: alength= 4 w= 10 nsites= 1 E= 0
  0.230330	  0.239730	  0.206338	  0.323602	
  0.349754	  0.229805	  0.261708	  0.158734	
  0.116537	  0.733778	  0.065904	  0.083781	
  0.048500	  0.899247	  0.042164	  0.010090	
  0.047304	  0.885891	  0.065798	  0.001007	
  0.034535	  0.964849	  0.000217	  0.000399	
  0.354320	  0.029970	  0.441510	  0.174199	
  0.018674	  0.979590	  0.000218	  0.001518	
  0.239927	  0.308073	  0.230520	  0.221481	
  0.227471	  0.295014	  0.207893	  0.269622	

URL http://cisbp.ccbr.utoronto.ca/TFreport.php?versionNumber=2.00&searchTF=T114225_2.00

MOTIF M01889_2.00 (EV44_g6127)_(Neurospora_crassa)_(DBD_0.92)

letter-probability matrix: alength= 4 w= 10 nsites= 1 E= 0
  0.124153	  0.602759	  0.078376	  0.194711	
  0.095496	  0.644891	  0.109846	  0.149767	
  0.507539	  0.310932	  0.065995	  0.115535	
  0.176187	  0.018021	  0.805566	  0.000226	
  0.001317	  0.997902	  0.000020	  0.000760	
  0.033539	  0.927699	  0.032875	  0.005887	
  0.461789	  0.250913	  0.081868	  0.205430	
  0.073267	  0.688221	  0.056493	  0.182019	
  0.218753	  0.398594	  0.170365	  0.212288	
  0.195323	  0.322034	  0.173236	  0.309407	

URL http://cisbp.ccbr.utoronto.ca/TFreport.php?versionNumber=2.00&searchTF=T114244_2.00

MOTIF M01992_2.00 (EV44_g6121)_(Neurospora_crassa)_(DBD_0.74)

letter-probability matrix: alength= 4 w= 8 nsites= 1 E= 0
  0.570513	  0.071937	  0.356838	  0.000712	
  0.059272	  0.000587	  0.000587	  0.939554	
  0.939554	  0.059272	  0.000587	  0.000587	
  0.998239	  0.000587	  0.000587	  0.000587	
  0.998239	  0.000587	  0.000587	  0.000587	
  0.000587	  0.880869	  0.000587	  0.117958	
  0.998239	  0.000587	  0.000587	  0.000587	
  0.499004	  0.200199	  0.000996	  0.299801	

URL http://cisbp.ccbr.utoronto.ca/TFreport.php?versionNumber=2.00&searchTF=T187388_2.00

MOTIF M02016_2.00 (EV44_g5560)_(Neurospora_crassa)_(DBD_1.00)

letter-probability matrix: alength= 4 w= 9 nsites= 1 E= 0
  0.238290	  0.282447	  0.248015	  0.231248	
  0.249185	  0.272652	  0.259355	  0.218808	
  0.236587	  0.439798	  0.109543	  0.214073	
  0.059758	  0.068055	  0.757717	  0.114470	
  0.902683	  0.000129	  0.000123	  0.097064	
  0.048477	  0.051992	  0.000705	  0.898826	
  0.141843	  0.359503	  0.271706	  0.226948	
  0.208434	  0.289925	  0.254582	  0.247058	
  0.248381	  0.255945	  0.266390	  0.229284	

URL http://cisbp.ccbr.utoronto.ca/TFreport.php?versionNumber=2.00&searchTF=T193173_2.00

MOTIF M02173_2.00 (EV44_g5529)_(Schizosaccharomyces_pombe)_(DBD_0.54)

letter-probability matrix: alength= 4 w= 11 nsites= 1 E= 0
  0.291911	  0.205044	  0.205044	  0.298001	
  0.423607	  0.123593	  0.123593	  0.329207	
  0.119949	  0.021510	  0.021510	  0.837032	
  0.098473	  0.000034	  0.000034	  0.901459	
  0.901459	  0.000034	  0.000034	  0.098473	
  0.999898	  0.000034	  0.000034	  0.000034	
  0.000034	  0.000034	  0.000034	  0.999898	
  0.183341	  0.000034	  0.000034	  0.816591	
  0.774680	  0.044990	  0.044990	  0.135340	
  0.240103	  0.306771	  0.236335	  0.216791	
  0.314427	  0.228524	  0.228524	  0.228524	

URL http://cisbp.ccbr.utoronto.ca/TFreport.php?versionNumber=2.00&searchTF=T217324_2.00

MOTIF M02202_2.00 (EV44_g5229)_(PBM_CONSTRUCTS)_(DBD_0.90)

letter-probability matrix: alength= 4 w= 9 nsites= 1 E= 0
  0.183057	  0.192443	  0.244642	  0.379858	
  0.089850	  0.307399	  0.064596	  0.538155	
  0.688220	  0.122011	  0.079369	  0.110400	
  0.818578	  0.107508	  0.072789	  0.001125	
  0.000245	  0.070414	  0.000078	  0.929263	
  0.397696	  0.161691	  0.077145	  0.363467	
  0.315946	  0.109461	  0.074111	  0.500481	
  0.450724	  0.183251	  0.232957	  0.133067	
  0.247417	  0.223872	  0.204604	  0.324107	

URL http://cisbp.ccbr.utoronto.ca/TFreport.php?versionNumber=2.00&searchTF=T217323_2.00

MOTIF M02223_2.00 (EV44_g4453)_(Neurospora_crassa)_(DBD_0.73)

letter-probability matrix: alength= 4 w= 9 nsites= 1 E= 0
  0.265408	  0.217298	  0.162596	  0.354698	
  0.336337	  0.132703	  0.197970	  0.332990	
  0.204259	  0.198222	  0.069365	  0.528154	
  0.832928	  0.038281	  0.105104	  0.023687	
  0.054677	  0.202641	  0.139971	  0.602711	
  0.130133	  0.218887	  0.158944	  0.492037	
  0.180386	  0.122132	  0.525894	  0.171589	
  0.304406	  0.190254	  0.343216	  0.162124	
  0.238270	  0.309020	  0.164581	  0.288128	

URL http://cisbp.ccbr.utoronto.ca/TFreport.php?versionNumber=2.00&searchTF=T217322_2.00

MOTIF M02344_2.00 (EV44_g0919)_(Neurospora_crassa)_(DBD_0.85)

letter-probability matrix: alength= 4 w= 10 nsites= 1 E= 0
  0.336194	  0.172033	  0.275252	  0.216521	
  0.201571	  0.356431	  0.180574	  0.261423	
  0.208098	  0.139493	  0.482032	  0.170377	
  0.686377	  0.101639	  0.050980	  0.161004	
  0.718030	  0.003375	  0.051240	  0.227355	
  0.127876	  0.633374	  0.101602	  0.137148	
  0.204685	  0.270824	  0.242614	  0.281877	
  0.280560	  0.248834	  0.266877	  0.203728	
  0.226410	  0.268365	  0.228686	  0.276538	
  0.269857	  0.218742	  0.210165	  0.301236	

URL http://cisbp.ccbr.utoronto.ca/TFreport.php?versionNumber=2.00&searchTF=T270218_2.00

MOTIF M02489_2.00 (EV44_g3421)_(Neurospora_crassa)_(DBD_0.35)

letter-probability matrix: alength= 4 w= 13 nsites= 1 E= 0
  0.314560	  0.228480	  0.228480	  0.228480	
  0.314560	  0.228480	  0.228480	  0.228480	
  0.228480	  0.228480	  0.228480	  0.314560	
  0.179751	  0.179751	  0.352587	  0.287911	
  0.106308	  0.106308	  0.106308	  0.681075	
  0.999343	  0.000219	  0.000219	  0.000219	
  0.000219	  0.000219	  0.000219	  0.999343	
  0.000219	  0.000219	  0.000219	  0.999343	
  0.439343	  0.021739	  0.517180	  0.021739	
  0.230293	  0.021739	  0.021739	  0.726229	
  0.230788	  0.021739	  0.021739	  0.725734	
  0.788596	  0.070468	  0.070468	  0.070468	
  0.244188	  0.143911	  0.143911	  0.467991	

URL http://cisbp.ccbr.utoronto.ca/TFreport.php?versionNumber=2.00&searchTF=T329468_2.00

MOTIF M02490_2.00 (EV44_g2383)_(Neurospora_crassa)_(DBD_0.75)

letter-probability matrix: alength= 4 w= 10 nsites= 1 E= 0
  0.329130	  0.229626	  0.220622	  0.220622	
  0.346994	  0.223477	  0.251969	  0.177560	
  0.448098	  0.134965	  0.110500	  0.306437	
  0.335755	  0.153912	  0.139266	  0.371067	
  0.248453	  0.220358	  0.178619	  0.352571	
  0.233539	  0.293933	  0.209213	  0.263315	
  0.195880	  0.356917	  0.275201	  0.172001	
  0.140053	  0.396240	  0.262965	  0.200742	
  0.596865	  0.017317	  0.262878	  0.122939	
  0.143083	  0.219956	  0.147441	  0.489520	

URL http://cisbp.ccbr.utoronto.ca/TFreport.php?versionNumber=2.00&searchTF=T329465_2.00

MOTIF M02571_2.00 (EV44_g4546)_(Botrytis_cinerea)_(DBD_0.80)

letter-probability matrix: alength= 4 w= 8 nsites= 1 E= 0
  0.222917	  0.264225	  0.258993	  0.253865	
  0.249092	  0.278056	  0.218727	  0.254124	
  0.220131	  0.255755	  0.185716	  0.338398	
  0.000758	  0.985709	  0.000158	  0.013375	
  0.000036	  0.000104	  0.999438	  0.000422	
  0.001289	  0.039009	  0.957000	  0.002701	
  0.346123	  0.205777	  0.286230	  0.161870	
  0.236332	  0.215991	  0.356109	  0.191567	

URL http://cisbp.ccbr.utoronto.ca/TFreport.php?versionNumber=2.00&searchTF=T366985_2.00

MOTIF M02576_2.00 (EV44_g2662)_(Fusarium_graminearum)_(DBD_0.93)

letter-probability matrix: alength= 4 w= 10 nsites= 1 E= 0
  0.222935	  0.259013	  0.256436	  0.261616	
  0.217909	  0.312335	  0.211468	  0.258288	
  0.172418	  0.188655	  0.214846	  0.424080	
  0.000154	  0.999762	  0.000015	  0.000070	
  0.000260	  0.062954	  0.936738	  0.000048	
  0.005760	  0.033145	  0.916800	  0.044296	
  0.190359	  0.364641	  0.212494	  0.232505	
  0.366384	  0.148961	  0.136140	  0.348515	
  0.315085	  0.222037	  0.166142	  0.296736	
  0.351393	  0.154764	  0.185287	  0.308556	

URL http://cisbp.ccbr.utoronto.ca/TFreport.php?versionNumber=2.00&searchTF=T366977_2.00

MOTIF M02579_2.00 (EV44_g6223)_(Histoplasma_capsulatum)_(DBD_0.82)

letter-probability matrix: alength= 4 w= 10 nsites= 1 E= 0
  0.227355	  0.239012	  0.264149	  0.269485	
  0.248966	  0.246488	  0.232134	  0.272412	
  0.280790	  0.170308	  0.342958	  0.205945	
  0.000313	  0.981346	  0.000186	  0.018155	
  0.000017	  0.000051	  0.999832	  0.000100	
  0.001544	  0.000001	  0.996570	  0.001886	
  0.272508	  0.210117	  0.356975	  0.160399	
  0.388034	  0.183294	  0.077563	  0.351108	
  0.314532	  0.223875	  0.237718	  0.223875	
  0.270900	  0.252586	  0.265536	  0.210977	

URL http://cisbp.ccbr.utoronto.ca/TFreport.php?versionNumber=2.00&searchTF=T366996_2.00

MOTIF M02588_2.00 (EV44_g5594)_(Neurospora_crassa)_(DBD_0.97)

letter-probability matrix: alength= 4 w= 7 nsites= 1 E= 0
  0.255487	  0.235845	  0.217712	  0.290956	
  0.279181	  0.219611	  0.204764	  0.296444	
  0.260708	  0.255546	  0.240664	  0.243083	
  0.078304	  0.217152	  0.572835	  0.131709	
  0.000009	  0.909640	  0.000060	  0.090292	
  0.006687	  0.000533	  0.992488	  0.000292	
  0.188275	  0.423224	  0.184546	  0.203955	

URL http://cisbp.ccbr.utoronto.ca/TFreport.php?versionNumber=2.00&searchTF=T366988_2.00

MOTIF M02596_2.00 (EV44_g6209)_(Neurospora_crassa)_(DBD_0.77)

letter-probability matrix: alength= 4 w= 10 nsites= 1 E= 0
  0.255063	  0.237819	  0.287583	  0.219535	
  0.268046	  0.230709	  0.281788	  0.219457	
  0.218896	  0.262066	  0.304477	  0.214561	
  0.316902	  0.202065	  0.329835	  0.151198	
  0.199621	  0.241391	  0.123522	  0.435467	
  0.035062	  0.895261	  0.054988	  0.014689	
  0.009491	  0.177752	  0.812722	  0.000035	
  0.003896	  0.064714	  0.906857	  0.024532	
  0.235334	  0.262698	  0.293245	  0.208723	
  0.274648	  0.207575	  0.367047	  0.150730	

URL http://cisbp.ccbr.utoronto.ca/TFreport.php?versionNumber=2.00&searchTF=T366995_2.00

MOTIF M02602_2.00 (EV44_g2382)_(Neurospora_crassa)_(DBD_0.92)

letter-probability matrix: alength= 4 w= 10 nsites= 1 E= 0
  0.285237	  0.235879	  0.215577	  0.263307	
  0.180738	  0.190004	  0.152482	  0.476776	
  0.042918	  0.952688	  0.000048	  0.004346	
  0.000244	  0.056188	  0.942656	  0.000913	
  0.100990	  0.074815	  0.716960	  0.107235	
  0.394715	  0.090755	  0.419122	  0.095408	
  0.458114	  0.106391	  0.168531	  0.266965	
  0.305649	  0.213244	  0.215387	  0.265719	
  0.265525	  0.226265	  0.226265	  0.281944	
  0.280443	  0.205690	  0.238978	  0.274890	

URL http://cisbp.ccbr.utoronto.ca/TFreport.php?versionNumber=2.00&searchTF=T366975_2.00

MOTIF M02604_2.00 (EV44_g6283)_(Neurospora_crassa)_(DBD_0.61)

letter-probability matrix: alength= 4 w= 8 nsites= 1 E= 0
  0.267929	  0.305125	  0.186927	  0.240020	
  0.168856	  0.482532	  0.089037	  0.259575	
  0.240586	  0.049062	  0.540815	  0.169538	
  0.201189	  0.141775	  0.430197	  0.226839	
  0.428729	  0.159306	  0.174308	  0.237656	
  0.403940	  0.135811	  0.145659	  0.314589	
  0.299576	  0.224162	  0.230989	  0.245272	
  0.301343	  0.208148	  0.223241	  0.267268	

URL http://cisbp.ccbr.utoronto.ca/TFreport.php?versionNumber=2.00&searchTF=T366998_2.00

MOTIF M02606_2.00 (EV44_g2709)_(Neurospora_crassa)_(DBD_0.72)

letter-probability matrix: alength= 4 w= 10 nsites= 1 E= 0
  0.265673	  0.260413	  0.228667	  0.245247	
  0.234009	  0.280160	  0.153755	  0.332075	
  0.051850	  0.887455	  0.014708	  0.045987	
  0.000227	  0.154190	  0.835627	  0.009956	
  0.024604	  0.036705	  0.937224	  0.001467	
  0.483959	  0.187167	  0.224079	  0.104794	
  0.349956	  0.173783	  0.239321	  0.236940	
  0.255909	  0.269030	  0.203328	  0.271733	
  0.342288	  0.195518	  0.203497	  0.258696	
  0.317973	  0.171052	  0.217449	  0.293526	

URL http://cisbp.ccbr.utoronto.ca/TFreport.php?versionNumber=2.00&searchTF=T366978_2.00

MOTIF M02614_2.00 (EV44_g3192)_(Neurospora_crassa)_(DBD_0.87)

letter-probability matrix: alength= 4 w= 11 nsites= 1 E= 0
  0.296955	  0.296800	  0.203122	  0.203122	
  0.203122	  0.203122	  0.296800	  0.296955	
  0.129575	  0.412763	  0.129575	  0.328086	
  0.000193	  0.999421	  0.000193	  0.000193	
  0.000193	  0.000193	  0.999421	  0.000193	
  0.000193	  0.000193	  0.999421	  0.000193	
  0.000193	  0.899032	  0.000193	  0.100582	
  0.999421	  0.000193	  0.000193	  0.000193	
  0.161249	  0.138039	  0.558929	  0.141783	
  0.252005	  0.047071	  0.047071	  0.653853	
  0.120618	  0.120618	  0.120618	  0.638147	

URL http://cisbp.ccbr.utoronto.ca/TFreport.php?versionNumber=2.00&searchTF=T366981_2.00

MOTIF M02624_2.00 (EV44_g2524)_(Neurospora_crassa)_(DBD_0.82)

letter-probability matrix: alength= 4 w= 9 nsites= 1 E= 0
  0.229294	  0.294419	  0.452598	  0.023689	
  0.000000	  0.000000	  1.000000	  0.000000	
  0.000000	  1.000000	  0.000000	  0.000000	
  0.000000	  0.000044	  0.999923	  0.000033	
  0.035888	  0.523424	  0.337104	  0.103585	
  0.101583	  0.284540	  0.100572	  0.513306	
  0.294330	  0.009251	  0.021428	  0.674992	
  0.639521	  0.169139	  0.129117	  0.062223	
  0.309751	  0.229469	  0.280274	  0.180507	

URL http://cisbp.ccbr.utoronto.ca/TFreport.php?versionNumber=2.00&searchTF=T366976_2.00

MOTIF M02698_2.00 (EV44_g0995)_(Arabidopsis_thaliana)_(DBD_0.80)

letter-probability matrix: alength= 4 w= 11 nsites= 1 E= 0
  0.140000	  0.450000	  0.230000	  0.180000	
  0.160000	  0.270000	  0.550000	  0.020000	
  0.000000	  0.919192	  0.040404	  0.040404	
  0.000000	  0.050000	  0.930000	  0.020000	
  0.040404	  0.939394	  0.000000	  0.020202	
  0.040404	  0.020202	  0.020202	  0.919192	
  0.080808	  0.000000	  0.858586	  0.060606	
  0.960000	  0.000000	  0.020000	  0.020000	
  0.040000	  0.040000	  0.920000	  0.000000	
  0.020000	  0.550000	  0.260000	  0.170000	
  0.151515	  0.323232	  0.242424	  0.282828	

URL http://cisbp.ccbr.utoronto.ca/TFreport.php?versionNumber=2.00&searchTF=T270219_2.00

MOTIF M03761_2.00 (EV44_g5397)_(Drosophila_melanogaster)_(DBD_0.63)

letter-probability matrix: alength= 4 w= 8 nsites= 1 E= 0
  0.223431	  0.206679	  0.466469	  0.103420	
  0.308898	  0.477701	  0.025315	  0.188086	
  0.000000	  0.000000	  1.000000	  0.000000	
  0.999515	  0.000485	  0.000000	  0.000000	
  0.000000	  0.000000	  0.000000	  1.000000	
  0.999946	  0.000054	  0.000000	  0.000000	
  1.000000	  0.000000	  0.000000	  0.000000	
  0.024249	  0.421465	  0.504790	  0.049496	

URL http://cisbp.ccbr.utoronto.ca/TFreport.php?versionNumber=2.00&searchTF=T193172_2.00

MOTIF M08452_2.00 (EV44_g4880)_(Saccharomyces_cerevisiae)_(DBD_0.79)

letter-probability matrix: alength= 4 w= 5 nsites= 1 E= 0
  0.000000	  0.000000	  0.000000	  1.000000	
  0.000000	  0.000000	  0.010160	  0.989840	
  0.005578	  0.000000	  0.994422	  0.000000	
  0.000000	  0.000000	  0.998223	  0.001777	
  0.158006	  0.378979	  0.030665	  0.432350	

URL http://cisbp.ccbr.utoronto.ca/TFreport.php?versionNumber=2.00&searchTF=T159966_2.00

