MEME version 4

ALPHABET= ACGT

strands: + -

Background letter frequencies (from uniform background):
A 0.25000 C 0.25000 G 0.25000 T 0.25000 

MOTIF M00060_2.00 (HSF4)_(Saccharomyces_cerevisiae)_(DBD_0.45)

letter-probability matrix: alength= 4 w= 9 nsites= 1 E= 0
  0.320154	  0.181055	  0.206191	  0.292599	
  0.231700	  0.238756	  0.197442	  0.332102	
  0.223589	  0.242212	  0.287095	  0.247105	
  0.161512	  0.025143	  0.029212	  0.784133	
  0.138264	  0.051376	  0.075881	  0.734480	
  0.092315	  0.709959	  0.122145	  0.075581	
  0.148989	  0.381409	  0.144586	  0.325016	
  0.473500	  0.149928	  0.202381	  0.174191	
  0.182247	  0.285820	  0.153755	  0.378177	

URL http://cisbp.ccbr.utoronto.ca/TFreport.php?versionNumber=2.00&searchTF=T240218_2.00

MOTIF M00111_2.00 (TFAP2D)_(Mus_musculus)_(DBD_0.80)

letter-probability matrix: alength= 4 w= 10 nsites= 1 E= 0
  0.220377	  0.335405	  0.102037	  0.342181	
  0.111784	  0.193750	  0.669524	  0.024942	
  0.009553	  0.989147	  0.000370	  0.000929	
  0.000437	  0.891193	  0.000324	  0.108046	
  0.046223	  0.377462	  0.191229	  0.385087	
  0.132612	  0.336106	  0.329451	  0.201830	
  0.430307	  0.248265	  0.229178	  0.092250	
  0.301624	  0.024759	  0.651437	  0.022180	
  0.055101	  0.000431	  0.943092	  0.001376	
  0.095237	  0.349453	  0.435445	  0.119865	

URL http://cisbp.ccbr.utoronto.ca/TFreport.php?versionNumber=2.00&searchTF=T010815_2.00

MOTIF M00112_2.00 (ENSFCAG00000013878)_(Mus_musculus)_(DBD_0.99)

letter-probability matrix: alength= 4 w= 10 nsites= 1 E= 0
  0.000019	  0.999823	  0.000038	  0.000120	
  0.000091	  0.899183	  0.000093	  0.100634	
  0.023042	  0.234469	  0.177208	  0.565281	
  0.107618	  0.390953	  0.394882	  0.106547	
  0.537857	  0.155647	  0.286458	  0.020037	
  0.051649	  0.000023	  0.948115	  0.000213	
  0.000014	  0.000011	  0.999930	  0.000045	
  0.000011	  0.667311	  0.331377	  0.001301	
  0.201422	  0.246017	  0.349115	  0.203446	
  0.598826	  0.108307	  0.129667	  0.163199	

URL http://cisbp.ccbr.utoronto.ca/TFreport.php?versionNumber=2.00&searchTF=T010818_2.00

MOTIF M00113_2.00 (TFAP2C)_(Mus_musculus)_(DBD_0.96)

letter-probability matrix: alength= 4 w= 10 nsites= 1 E= 0
  0.194725	  0.400049	  0.150143	  0.255083	
  0.089600	  0.325498	  0.526030	  0.058872	
  0.000086	  0.989917	  0.000244	  0.009753	
  0.001248	  0.813717	  0.012325	  0.172710	
  0.070689	  0.449572	  0.225494	  0.254244	
  0.114154	  0.272476	  0.444767	  0.168603	
  0.586691	  0.182089	  0.161499	  0.069721	
  0.199175	  0.001924	  0.791701	  0.007201	
  0.019359	  0.000265	  0.975696	  0.004679	
  0.061747	  0.509308	  0.305837	  0.123107	

URL http://cisbp.ccbr.utoronto.ca/TFreport.php?versionNumber=2.00&searchTF=T010816_2.00

MOTIF M00115_2.00 (ARID3B)_(Mus_musculus)_(DBD_0.90)

letter-probability matrix: alength= 4 w= 9 nsites= 1 E= 0
  0.246578	  0.267115	  0.232219	  0.254088	
  0.378326	  0.089636	  0.246105	  0.285933	
  0.932211	  0.020037	  0.024473	  0.023279	
  0.109459	  0.057143	  0.094212	  0.739186	
  0.198441	  0.333784	  0.113351	  0.354424	
  0.708755	  0.056459	  0.138866	  0.095920	
  0.607308	  0.100387	  0.141039	  0.151265	
  0.519306	  0.108039	  0.187259	  0.185396	
  0.347377	  0.202433	  0.185010	  0.265180	

URL http://cisbp.ccbr.utoronto.ca/TFreport.php?versionNumber=2.00&searchTF=T014536_2.00

MOTIF M00116_2.00 (ARID5A)_(Mus_musculus)_(DBD_0.99)

letter-probability matrix: alength= 4 w= 11 nsites= 1 E= 0
  0.299920	  0.199062	  0.199062	  0.301956	
  0.282795	  0.466267	  0.073219	  0.177718	
  0.928776	  0.023741	  0.023741	  0.023741	
  0.999535	  0.000155	  0.000155	  0.000155	
  0.000155	  0.000155	  0.000155	  0.999535	
  0.999535	  0.000155	  0.000155	  0.000155	
  0.000155	  0.000155	  0.000155	  0.999535	
  0.000155	  0.097259	  0.000155	  0.902432	
  0.542245	  0.051093	  0.149621	  0.257042	
  0.176936	  0.277743	  0.176936	  0.368385	
  0.226414	  0.320759	  0.226414	  0.226414	

URL http://cisbp.ccbr.utoronto.ca/TFreport.php?versionNumber=2.00&searchTF=T014539_2.00

MOTIF M00117_2.00 (ASCL1)_(Mus_musculus)_(DBD_0.88)

letter-probability matrix: alength= 4 w= 10 nsites= 1 E= 0
  0.315548	  0.181281	  0.304970	  0.198202	
  0.342567	  0.215650	  0.329097	  0.112687	
  0.036295	  0.956859	  0.000000	  0.006845	
  0.887444	  0.026036	  0.052040	  0.034479	
  0.022313	  0.233167	  0.582932	  0.161589	
  0.161589	  0.582932	  0.233167	  0.022313	
  0.034479	  0.052040	  0.026036	  0.887444	
  0.006845	  0.000000	  0.956859	  0.036295	
  0.112687	  0.329097	  0.215650	  0.342567	
  0.198202	  0.304970	  0.181281	  0.315548	

URL http://cisbp.ccbr.utoronto.ca/TFreport.php?versionNumber=2.00&searchTF=T034182_2.00

MOTIF M00119_2.00 (BHLHE40)_(Mus_musculus)_(DBD_1.00)

letter-probability matrix: alength= 4 w= 9 nsites= 1 E= 0
  0.298964	  0.092789	  0.284383	  0.323864	
  0.157282	  0.786851	  0.029608	  0.026260	
  0.671267	  0.095504	  0.146814	  0.086415	
  0.005941	  0.890538	  0.024333	  0.079188	
  0.046499	  0.023091	  0.924659	  0.005751	
  0.063923	  0.056130	  0.027873	  0.852074	
  0.000096	  0.000143	  0.999507	  0.000253	
  0.460642	  0.404487	  0.056409	  0.078462	
  0.157955	  0.404362	  0.242818	  0.194866	

URL http://cisbp.ccbr.utoronto.ca/TFreport.php?versionNumber=2.00&searchTF=T034168_2.00

MOTIF M00120_2.00 (MYOG)_(Mus_musculus)_(DBD_0.86)

letter-probability matrix: alength= 4 w= 9 nsites= 1 E= 0
  0.289475	  0.254187	  0.269905	  0.186433	
  0.052590	  0.774738	  0.052067	  0.120605	
  0.533145	  0.105509	  0.232478	  0.128869	
  0.266544	  0.300527	  0.261266	  0.171664	
  0.190214	  0.458588	  0.173843	  0.177355	
  0.000604	  0.000378	  0.000312	  0.998705	
  0.001765	  0.002135	  0.869844	  0.126256	
  0.234495	  0.165246	  0.146560	  0.453699	
  0.018343	  0.468373	  0.072187	  0.441097	

URL http://cisbp.ccbr.utoronto.ca/TFreport.php?versionNumber=2.00&searchTF=T034199_2.00

MOTIF M00123_2.00 (MAFG)_(Mus_musculus)_(DBD_0.86)

letter-probability matrix: alength= 4 w= 10 nsites= 1 E= 0
  0.204029	  0.225487	  0.206080	  0.364404	
  0.236887	  0.356945	  0.180834	  0.225334	
  0.366431	  0.173090	  0.224485	  0.235995	
  0.211095	  0.124252	  0.479292	  0.185362	
  0.221482	  0.544759	  0.112207	  0.121552	
  0.581822	  0.053848	  0.253703	  0.110627	
  0.397568	  0.193517	  0.184079	  0.224835	
  0.408500	  0.110221	  0.169439	  0.311840	
  0.374779	  0.157014	  0.132467	  0.335740	
  0.299479	  0.213160	  0.169363	  0.317998	

URL http://cisbp.ccbr.utoronto.ca/TFreport.php?versionNumber=2.00&searchTF=T059707_2.00

MOTIF M00124_2.00 (ATF1)_(Mus_musculus)_(DBD_0.98)

letter-probability matrix: alength= 4 w= 10 nsites= 1 E= 0
  0.260600	  0.193057	  0.290902	  0.255440	
  0.297930	  0.203743	  0.261611	  0.236716	
  0.174845	  0.166318	  0.245649	  0.413188	
  0.186210	  0.177128	  0.390283	  0.246379	
  0.445741	  0.112139	  0.281389	  0.160732	
  0.171869	  0.422731	  0.182497	  0.222903	
  0.256025	  0.100011	  0.480715	  0.163249	
  0.268049	  0.185151	  0.235372	  0.311428	
  0.340203	  0.183010	  0.278534	  0.198253	
  0.336613	  0.151250	  0.270138	  0.241999	

URL http://cisbp.ccbr.utoronto.ca/TFreport.php?versionNumber=2.00&searchTF=T059694_2.00

MOTIF M00125_2.00 (JDP2)_(Mus_musculus)_(DBD_0.98)

letter-probability matrix: alength= 4 w= 10 nsites= 1 E= 0
  0.226159	  0.202601	  0.358252	  0.212988	
  0.460836	  0.137420	  0.369830	  0.031914	
  0.004173	  0.013179	  0.001614	  0.981035	
  0.044273	  0.036980	  0.742765	  0.175982	
  0.987799	  0.000325	  0.000224	  0.011652	
  0.041156	  0.637382	  0.123639	  0.197822	
  0.166793	  0.107421	  0.496090	  0.229696	
  0.203168	  0.294133	  0.136187	  0.366512	
  0.366588	  0.277061	  0.220135	  0.136216	
  0.350480	  0.202210	  0.214714	  0.232596	

URL http://cisbp.ccbr.utoronto.ca/TFreport.php?versionNumber=2.00&searchTF=T059713_2.00

MOTIF M00126_2.00 (MAFB)_(Mus_musculus)_(DBD_1.00)

letter-probability matrix: alength= 4 w= 13 nsites= 1 E= 0
  0.311331	  0.229556	  0.229556	  0.229556	
  0.263927	  0.336617	  0.247677	  0.151778	
  0.046512	  0.046512	  0.860463	  0.046512	
  0.020238	  0.020238	  0.020238	  0.939286	
  0.020238	  0.939286	  0.020238	  0.020238	
  0.919257	  0.000209	  0.000209	  0.080326	
  0.000209	  0.000209	  0.999374	  0.000209	
  0.000209	  0.999374	  0.000209	  0.000209	
  0.938043	  0.020652	  0.020652	  0.020652	
  0.403239	  0.220542	  0.175901	  0.200318	
  0.203696	  0.203696	  0.203696	  0.388911	
  0.229971	  0.229971	  0.229971	  0.310088	
  0.229971	  0.229971	  0.229971	  0.310088	

URL http://cisbp.ccbr.utoronto.ca/TFreport.php?versionNumber=2.00&searchTF=T059686_2.00

MOTIF M00129_2.00 (GLIS2)_(Mus_musculus)_(DBD_0.99)

letter-probability matrix: alength= 4 w= 11 nsites= 1 E= 0
  0.297787	  0.205271	  0.291670	  0.205271	
  0.122468	  0.122468	  0.516476	  0.238588	
  0.853502	  0.048833	  0.048833	  0.048833	
  0.000178	  0.999466	  0.000178	  0.000178	
  0.000178	  0.999466	  0.000178	  0.000178	
  0.000178	  0.999466	  0.000178	  0.000178	
  0.000178	  0.999466	  0.000178	  0.000178	
  0.000178	  0.634038	  0.000178	  0.365605	
  0.044907	  0.678767	  0.044907	  0.231420	
  0.335713	  0.127710	  0.227261	  0.309315	
  0.201346	  0.300897	  0.201346	  0.296412	

URL http://cisbp.ccbr.utoronto.ca/TFreport.php?versionNumber=2.00&searchTF=T094486_2.00

MOTIF M00130_2.00 (PLAGL1)_(Mus_musculus)_(DBD_0.87)

letter-probability matrix: alength= 4 w= 10 nsites= 1 E= 0
  0.208508	  0.214858	  0.327005	  0.249629	
  0.182810	  0.170451	  0.423455	  0.223285	
  0.150319	  0.191093	  0.494112	  0.164476	
  0.158555	  0.203589	  0.553411	  0.084445	
  0.038465	  0.934251	  0.000980	  0.026305	
  0.067970	  0.924328	  0.000170	  0.007531	
  0.009151	  0.752816	  0.011289	  0.226744	
  0.056874	  0.872049	  0.030595	  0.040482	
  0.243664	  0.338929	  0.119796	  0.297612	
  0.230968	  0.302560	  0.200794	  0.265677	

URL http://cisbp.ccbr.utoronto.ca/TFreport.php?versionNumber=2.00&searchTF=T094455_2.00

MOTIF M00132_2.00 (ENSFCAG00000014220)_(Mus_musculus)_(DBD_1.00)

letter-probability matrix: alength= 4 w= 10 nsites= 1 E= 0
  0.262806	  0.184650	  0.201449	  0.351094	
  0.173312	  0.116217	  0.675756	  0.034714	
  0.013374	  0.942389	  0.000000	  0.044236	
  0.036161	  0.104554	  0.000001	  0.859283	
  0.677114	  0.090710	  0.028198	  0.203978	
  0.000004	  0.993136	  0.000189	  0.006671	
  0.000396	  0.513153	  0.000004	  0.486448	
  0.098002	  0.069838	  0.668656	  0.163505	
  0.203489	  0.147552	  0.205154	  0.443805	
  0.201232	  0.181878	  0.195525	  0.421366	

URL http://cisbp.ccbr.utoronto.ca/TFreport.php?versionNumber=2.00&searchTF=T094519_2.00

MOTIF M00133_2.00 (SP5)_(Mus_musculus)_(DBD_0.90)

letter-probability matrix: alength= 4 w= 10 nsites= 1 E= 0
  0.210214	  0.458577	  0.118882	  0.212327	
  0.423407	  0.501866	  0.028741	  0.045986	
  0.029760	  0.909753	  0.024858	  0.035629	
  0.156909	  0.014093	  0.668920	  0.160079	
  0.000767	  0.987545	  0.000039	  0.011649	
  0.000264	  0.999670	  0.000030	  0.000036	
  0.000434	  0.833039	  0.000013	  0.166514	
  0.296789	  0.562855	  0.013504	  0.126852	
  0.102020	  0.541945	  0.119721	  0.236315	
  0.207575	  0.297523	  0.149230	  0.345672	

URL http://cisbp.ccbr.utoronto.ca/TFreport.php?versionNumber=2.00&searchTF=T094494_2.00

MOTIF M00134_2.00 (KLF7)_(Mus_musculus)_(DBD_1.00)

letter-probability matrix: alength= 4 w= 10 nsites= 1 E= 0
  0.234441	  0.180766	  0.414554	  0.170239	
  0.219242	  0.497789	  0.115605	  0.167365	
  0.177318	  0.538047	  0.076550	  0.208085	
  0.515538	  0.352557	  0.089587	  0.042318	
  0.009895	  0.974574	  0.000320	  0.015211	
  0.228736	  0.010304	  0.660217	  0.100743	
  0.000089	  0.999596	  0.000241	  0.000074	
  0.000191	  0.999363	  0.000173	  0.000272	
  0.001121	  0.823801	  0.000229	  0.174850	
  0.342124	  0.258571	  0.077105	  0.322200	

URL http://cisbp.ccbr.utoronto.ca/TFreport.php?versionNumber=2.00&searchTF=T094396_2.00

MOTIF M00135_2.00 (ENSFCAG00000028179)_(Mus_musculus)_(DBD_1.00)

letter-probability matrix: alength= 4 w= 10 nsites= 1 E= 0
  0.342572	  0.269477	  0.203666	  0.184285	
  0.081975	  0.053326	  0.630441	  0.234257	
  0.379693	  0.583686	  0.000046	  0.036575	
  0.009234	  0.985209	  0.000068	  0.005490	
  0.001318	  0.998597	  0.000041	  0.000044	
  0.146301	  0.833526	  0.000175	  0.019999	
  0.026438	  0.792191	  0.021430	  0.159941	
  0.189683	  0.452756	  0.125883	  0.231679	
  0.311332	  0.219392	  0.206616	  0.262660	
  0.306138	  0.207273	  0.201147	  0.285441	

URL http://cisbp.ccbr.utoronto.ca/TFreport.php?versionNumber=2.00&searchTF=T094683_2.00

MOTIF M00136_2.00 (MTF1)_(Mus_musculus)_(DBD_1.00)

letter-probability matrix: alength= 4 w= 9 nsites= 1 E= 0
  0.004902	  0.985294	  0.004902	  0.004902	
  0.002475	  0.002475	  0.992574	  0.002475	
  0.002475	  0.002475	  0.002475	  0.992574	
  0.002475	  0.002475	  0.992574	  0.002475	
  0.002475	  0.497525	  0.002475	  0.497525	
  0.002475	  0.002475	  0.992574	  0.002475	
  0.002475	  0.992574	  0.002475	  0.002475	
  0.992574	  0.002475	  0.002475	  0.002475	
  0.495098	  0.495098	  0.004902	  0.004902	

URL http://cisbp.ccbr.utoronto.ca/TFreport.php?versionNumber=2.00&searchTF=T094482_2.00

MOTIF M00137_2.00 (ZIC4)_(Mus_musculus)_(DBD_0.92)

letter-probability matrix: alength= 4 w= 10 nsites= 1 E= 0
  0.207272	  0.352141	  0.166340	  0.274248	
  0.074916	  0.894594	  0.006530	  0.023960	
  0.252946	  0.641094	  0.034924	  0.071035	
  0.119889	  0.457861	  0.024205	  0.398045	
  0.215900	  0.203327	  0.552700	  0.028073	
  0.059790	  0.493158	  0.162525	  0.284528	
  0.183884	  0.144648	  0.274322	  0.397146	
  0.121150	  0.079601	  0.740279	  0.058970	
  0.235070	  0.267704	  0.183072	  0.314154	
  0.057682	  0.125832	  0.604832	  0.211653	

URL http://cisbp.ccbr.utoronto.ca/TFreport.php?versionNumber=2.00&searchTF=T094444_2.00

MOTIF M00139_2.00 (ZNF281)_(Mus_musculus)_(DBD_1.00)

letter-probability matrix: alength= 4 w= 10 nsites= 1 E= 0
  0.173942	  0.560438	  0.130154	  0.135466	
  0.262060	  0.419294	  0.122557	  0.196090	
  0.449152	  0.053912	  0.154063	  0.342873	
  0.033246	  0.928851	  0.022964	  0.014939	
  0.026740	  0.959251	  0.007215	  0.006795	
  0.010142	  0.969428	  0.001386	  0.019043	
  0.019703	  0.954098	  0.008011	  0.018188	
  0.020851	  0.950881	  0.012030	  0.016239	
  0.361848	  0.403922	  0.056330	  0.177900	
  0.293413	  0.354809	  0.096697	  0.255081	

URL http://cisbp.ccbr.utoronto.ca/TFreport.php?versionNumber=2.00&searchTF=T094689_2.00

MOTIF M00140_2.00 (ZNF410)_(Mus_musculus)_(DBD_0.97)

letter-probability matrix: alength= 4 w= 8 nsites= 1 E= 0
  0.200397	  0.795635	  0.001984	  0.001984	
  0.001244	  0.747512	  0.001244	  0.250000	
  0.996681	  0.001106	  0.001106	  0.001106	
  0.001106	  0.001106	  0.001106	  0.996681	
  0.001106	  0.996681	  0.001106	  0.001106	
  0.001106	  0.996681	  0.001106	  0.001106	
  0.001106	  0.996681	  0.001106	  0.001106	
  0.995739	  0.001420	  0.001420	  0.001420	

URL http://cisbp.ccbr.utoronto.ca/TFreport.php?versionNumber=2.00&searchTF=T094734_2.00

MOTIF M00141_2.00 (HIC2)_(Mus_musculus)_(DBD_0.85)

letter-probability matrix: alength= 4 w= 9 nsites= 1 E= 0
  0.384359	  0.087495	  0.433364	  0.094782	
  0.001417	  0.025498	  0.001820	  0.971265	
  0.136986	  0.003190	  0.853954	  0.005870	
  0.000720	  0.984235	  0.013489	  0.001556	
  0.014112	  0.979480	  0.001711	  0.004697	
  0.547870	  0.386078	  0.009450	  0.056602	
  0.432663	  0.219194	  0.190558	  0.157584	
  0.113275	  0.528381	  0.136978	  0.221366	
  0.180992	  0.346697	  0.210283	  0.262028	

URL http://cisbp.ccbr.utoronto.ca/TFreport.php?versionNumber=2.00&searchTF=T094585_2.00

MOTIF M00144_2.00 (OSR1)_(Mus_musculus)_(DBD_1.00)

letter-probability matrix: alength= 4 w= 9 nsites= 1 E= 0
  0.239345	  0.218745	  0.246634	  0.295275	
  0.191857	  0.178887	  0.532058	  0.097198	
  0.021077	  0.835642	  0.002359	  0.140921	
  0.032784	  0.170704	  0.000247	  0.796265	
  0.546729	  0.158215	  0.044432	  0.250624	
  0.007923	  0.906640	  0.002363	  0.083075	
  0.000350	  0.507322	  0.000000	  0.492328	
  0.126341	  0.131497	  0.544020	  0.198142	
  0.176151	  0.179710	  0.240169	  0.403971	

URL http://cisbp.ccbr.utoronto.ca/TFreport.php?versionNumber=2.00&searchTF=T094646_2.00

MOTIF M00145_2.00 (ZBTB14)_(Mus_musculus)_(DBD_1.00)

letter-probability matrix: alength= 4 w= 9 nsites= 1 E= 0
  0.218335	  0.335636	  0.256218	  0.189811	
  0.281737	  0.194605	  0.347572	  0.176086	
  0.037721	  0.820757	  0.023576	  0.117946	
  0.059238	  0.045221	  0.863991	  0.031550	
  0.137689	  0.500193	  0.106165	  0.255953	
  0.131295	  0.061402	  0.683653	  0.123649	
  0.179495	  0.539231	  0.125229	  0.156045	
  0.387566	  0.270396	  0.135624	  0.206414	
  0.199182	  0.377744	  0.137582	  0.285493	

URL http://cisbp.ccbr.utoronto.ca/TFreport.php?versionNumber=2.00&searchTF=T094579_2.00

MOTIF M00146_2.00 (ZBTB12)_(Mus_musculus)_(DBD_1.00)

letter-probability matrix: alength= 4 w= 10 nsites= 1 E= 0
  0.186932	  0.247541	  0.255890	  0.309637	
  0.105991	  0.016490	  0.856228	  0.021291	
  0.119940	  0.064083	  0.056004	  0.759972	
  0.083246	  0.006126	  0.074952	  0.835675	
  0.007623	  0.986081	  0.000000	  0.006295	
  0.006009	  0.193201	  0.050006	  0.750784	
  0.712397	  0.093718	  0.111024	  0.082861	
  0.155052	  0.097506	  0.647173	  0.100269	
  0.485838	  0.118963	  0.285419	  0.109781	
  0.197488	  0.257398	  0.192887	  0.352227	

URL http://cisbp.ccbr.utoronto.ca/TFreport.php?versionNumber=2.00&searchTF=T094754_2.00

MOTIF M00148_2.00 (ZNF35)_(Mus_musculus)_(DBD_0.97)

letter-probability matrix: alength= 4 w= 10 nsites= 1 E= 0
  0.108008	  0.054174	  0.023623	  0.814196	
  0.040151	  0.120620	  0.016488	  0.822741	
  0.317341	  0.134287	  0.387601	  0.160770	
  0.124227	  0.077642	  0.111287	  0.686845	
  0.050023	  0.092064	  0.043488	  0.814425	
  0.133657	  0.086945	  0.303467	  0.475931	
  0.339638	  0.088933	  0.267169	  0.304260	
  0.204153	  0.251859	  0.141015	  0.402973	
  0.173772	  0.220908	  0.186372	  0.418948	
  0.251866	  0.246878	  0.320184	  0.181072	

URL http://cisbp.ccbr.utoronto.ca/TFreport.php?versionNumber=2.00&searchTF=T094479_2.00

MOTIF M00150_2.00 (ENSFCAG00000030117)_(Mus_musculus)_(DBD_1.00)

letter-probability matrix: alength= 4 w= 10 nsites= 1 E= 0
  0.252931	  0.358926	  0.196983	  0.191161	
  0.114324	  0.772041	  0.040006	  0.073629	
  0.211557	  0.648390	  0.058235	  0.081818	
  0.100375	  0.554969	  0.014716	  0.329940	
  0.209411	  0.374015	  0.405166	  0.011408	
  0.104697	  0.584684	  0.075269	  0.235350	
  0.200940	  0.187356	  0.207060	  0.404644	
  0.198980	  0.071751	  0.647556	  0.081712	
  0.219926	  0.265945	  0.228901	  0.285228	
  0.127959	  0.135871	  0.529380	  0.206791	

URL http://cisbp.ccbr.utoronto.ca/TFreport.php?versionNumber=2.00&searchTF=T094721_2.00

MOTIF M00151_2.00 (ZIC3)_(Mus_musculus)_(DBD_1.00)

letter-probability matrix: alength= 4 w= 10 nsites= 1 E= 0
  0.223888	  0.340749	  0.172629	  0.262735	
  0.117345	  0.833068	  0.021224	  0.028364	
  0.244512	  0.632238	  0.057932	  0.065318	
  0.127993	  0.488810	  0.013763	  0.369435	
  0.225619	  0.259523	  0.482435	  0.032422	
  0.071595	  0.534338	  0.144175	  0.249892	
  0.203029	  0.171289	  0.228915	  0.396767	
  0.180390	  0.084363	  0.661906	  0.073341	
  0.249109	  0.256696	  0.195956	  0.298238	
  0.100681	  0.137271	  0.540209	  0.221840	

URL http://cisbp.ccbr.utoronto.ca/TFreport.php?versionNumber=2.00&searchTF=T094620_2.00

MOTIF M00152_2.00 (ZBTB3)_(Mus_musculus)_(DBD_1.00)

letter-probability matrix: alength= 4 w= 9 nsites= 1 E= 0
  0.199381	  0.604994	  0.044935	  0.150689	
  0.624110	  0.008468	  0.329088	  0.038334	
  0.031992	  0.850223	  0.105162	  0.012623	
  0.011205	  0.000000	  0.000117	  0.988678	
  0.020861	  0.012780	  0.904932	  0.061428	
  0.040763	  0.571226	  0.236935	  0.151076	
  0.506699	  0.218747	  0.118856	  0.155698	
  0.232480	  0.254374	  0.234817	  0.278329	
  0.221121	  0.249313	  0.259488	  0.270078	

URL http://cisbp.ccbr.utoronto.ca/TFreport.php?versionNumber=2.00&searchTF=T094669_2.00

MOTIF M00153_2.00 (E2F3)_(Mus_musculus)_(DBD_1.00)

letter-probability matrix: alength= 4 w= 10 nsites= 1 E= 0
  0.328844	  0.158473	  0.193559	  0.319125	
  0.340062	  0.138259	  0.138259	  0.383419	
  0.250781	  0.152106	  0.248285	  0.348828	
  0.146662	  0.212328	  0.477294	  0.163716	
  0.049148	  0.109382	  0.841214	  0.000255	
  0.098666	  0.881603	  0.000009	  0.019722	
  0.001228	  0.000013	  0.977948	  0.020810	
  0.022581	  0.624590	  0.326064	  0.026765	
  0.135566	  0.284138	  0.361210	  0.219085	
  0.234821	  0.292605	  0.182879	  0.289694	

URL http://cisbp.ccbr.utoronto.ca/TFreport.php?versionNumber=2.00&searchTF=T172607_2.00

MOTIF M00154_2.00 (E2F1)_(Mus_musculus)_(DBD_0.80)

letter-probability matrix: alength= 4 w= 10 nsites= 1 E= 0
  0.323791	  0.157606	  0.184952	  0.333651	
  0.356499	  0.123511	  0.133798	  0.386191	
  0.252758	  0.144378	  0.247753	  0.355112	
  0.126742	  0.200769	  0.545747	  0.126742	
  0.023207	  0.074773	  0.901856	  0.000164	
  0.069741	  0.911218	  0.000224	  0.018817	
  0.000176	  0.000025	  0.982509	  0.017290	
  0.011409	  0.610578	  0.359389	  0.018623	
  0.108464	  0.261496	  0.386224	  0.243817	
  0.250797	  0.271685	  0.168114	  0.309403	

URL http://cisbp.ccbr.utoronto.ca/TFreport.php?versionNumber=2.00&searchTF=T172605_2.00

MOTIF M00155_2.00 (ENSFCAG00000000327)_(Mus_musculus)_(DBD_0.74)

letter-probability matrix: alength= 4 w= 10 nsites= 1 E= 0
  0.400158	  0.141438	  0.192840	  0.265565	
  0.346223	  0.154020	  0.201761	  0.297997	
  0.252726	  0.215359	  0.384639	  0.147276	
  0.322103	  0.282837	  0.306394	  0.088666	
  0.169129	  0.033807	  0.742974	  0.054091	
  0.048752	  0.023969	  0.894926	  0.032354	
  0.906122	  0.002291	  0.009386	  0.082201	
  0.833294	  0.037917	  0.000359	  0.128430	
  0.170480	  0.307544	  0.432083	  0.089893	
  0.185625	  0.226723	  0.117182	  0.470469	

URL http://cisbp.ccbr.utoronto.ca/TFreport.php?versionNumber=2.00&searchTF=T176084_2.00

MOTIF M00156_2.00 (ELF3)_(Mus_musculus)_(DBD_0.94)

letter-probability matrix: alength= 4 w= 10 nsites= 1 E= 0
  0.411349	  0.141096	  0.190460	  0.257094	
  0.256228	  0.286021	  0.214019	  0.243731	
  0.255689	  0.345145	  0.285420	  0.113745	
  0.360725	  0.386880	  0.177348	  0.075047	
  0.143150	  0.028047	  0.745381	  0.083421	
  0.125128	  0.023321	  0.756981	  0.094570	
  0.888187	  0.000017	  0.039614	  0.072181	
  0.787696	  0.000028	  0.029345	  0.182932	
  0.390316	  0.110715	  0.414452	  0.084517	
  0.222956	  0.197744	  0.143592	  0.435709	

URL http://cisbp.ccbr.utoronto.ca/TFreport.php?versionNumber=2.00&searchTF=T176085_2.00

MOTIF M00157_2.00 (GABPA)_(Mus_musculus)_(DBD_1.00)

letter-probability matrix: alength= 4 w= 10 nsites= 1 E= 0
  0.310173	  0.239160	  0.232091	  0.218575	
  0.515468	  0.099991	  0.271802	  0.112739	
  0.100868	  0.708969	  0.159782	  0.030381	
  0.125542	  0.847793	  0.021599	  0.005066	
  0.008511	  0.006180	  0.983769	  0.001539	
  0.001765	  0.005251	  0.990671	  0.002313	
  0.980239	  0.008916	  0.004748	  0.006097	
  0.784086	  0.021000	  0.005390	  0.189525	
  0.330437	  0.069437	  0.572730	  0.027396	
  0.085838	  0.235677	  0.092987	  0.585498	

URL http://cisbp.ccbr.utoronto.ca/TFreport.php?versionNumber=2.00&searchTF=T176104_2.00

MOTIF M00158_2.00 (EHF)_(Mus_musculus)_(DBD_0.97)

letter-probability matrix: alength= 4 w= 10 nsites= 1 E= 0
  0.497929	  0.096588	  0.145541	  0.259942	
  0.239502	  0.275493	  0.259450	  0.225555	
  0.238666	  0.401443	  0.297397	  0.062494	
  0.339402	  0.554011	  0.093427	  0.013160	
  0.009336	  0.001239	  0.986255	  0.003171	
  0.006697	  0.003195	  0.983988	  0.006120	
  0.979497	  0.004380	  0.005458	  0.010666	
  0.868199	  0.019815	  0.004602	  0.107385	
  0.352316	  0.096017	  0.530876	  0.020791	
  0.123743	  0.244253	  0.082947	  0.549058	

URL http://cisbp.ccbr.utoronto.ca/TFreport.php?versionNumber=2.00&searchTF=T176089_2.00

MOTIF M00159_2.00 (SPDEF)_(Mus_musculus)_(DBD_0.99)

letter-probability matrix: alength= 4 w= 10 nsites= 1 E= 0
  0.401213	  0.134894	  0.189519	  0.274374	
  0.288005	  0.299758	  0.235798	  0.176439	
  0.207310	  0.504826	  0.205247	  0.082617	
  0.276376	  0.615087	  0.084925	  0.023612	
  0.001256	  0.018138	  0.980434	  0.000172	
  0.005077	  0.055966	  0.893136	  0.045821	
  0.810468	  0.028435	  0.076525	  0.084573	
  0.293995	  0.181919	  0.067597	  0.456488	
  0.285185	  0.231166	  0.308937	  0.174712	
  0.171414	  0.277017	  0.125723	  0.425847	

URL http://cisbp.ccbr.utoronto.ca/TFreport.php?versionNumber=2.00&searchTF=T176099_2.00

MOTIF M00160_2.00 (FOXJ3)_(Mus_musculus)_(DBD_0.99)

letter-probability matrix: alength= 4 w= 10 nsites= 1 E= 0
  0.272342	  0.213287	  0.238265	  0.276106	
  0.383328	  0.071216	  0.521888	  0.023568	
  0.117428	  0.105265	  0.021002	  0.756305	
  0.834939	  0.152266	  0.000007	  0.012788	
  0.908292	  0.059096	  0.002967	  0.029645	
  0.977393	  0.014489	  0.001628	  0.006490	
  0.001282	  0.843632	  0.000001	  0.155085	
  0.965165	  0.012083	  0.006831	  0.015922	
  0.479654	  0.164189	  0.114694	  0.241463	
  0.417043	  0.185221	  0.142285	  0.255451	

URL http://cisbp.ccbr.utoronto.ca/TFreport.php?versionNumber=2.00&searchTF=T185753_2.00

MOTIF M00161_2.00 (FOXJ1)_(Mus_musculus)_(DBD_1.00)

letter-probability matrix: alength= 4 w= 12 nsites= 1 E= 0
  0.394926	  0.201691	  0.201691	  0.201691	
  0.357836	  0.147163	  0.347838	  0.147163	
  0.159006	  0.172368	  0.068783	  0.599842	
  0.841382	  0.113021	  0.022798	  0.022798	
  0.999531	  0.000156	  0.000156	  0.000156	
  0.999531	  0.000156	  0.000156	  0.000156	
  0.000156	  0.999531	  0.000156	  0.000156	
  0.999531	  0.000156	  0.000156	  0.000156	
  0.854605	  0.048465	  0.048465	  0.048465	
  0.691020	  0.102993	  0.102993	  0.102993	
  0.181373	  0.360053	  0.181373	  0.277201	
  0.317926	  0.227358	  0.227358	  0.227358	

URL http://cisbp.ccbr.utoronto.ca/TFreport.php?versionNumber=2.00&searchTF=T185737_2.00

MOTIF M00162_2.00 (FOXA2)_(Mus_musculus)_(DBD_1.00)

letter-probability matrix: alength= 4 w= 8 nsites= 1 E= 0
  0.160144	  0.000399	  0.839058	  0.000399	
  0.000322	  0.032539	  0.000322	  0.966817	
  0.878027	  0.121368	  0.000303	  0.000303	
  0.968826	  0.030569	  0.000303	  0.000303	
  0.999092	  0.000303	  0.000303	  0.000303	
  0.000303	  0.635896	  0.000303	  0.363499	
  0.999092	  0.000303	  0.000303	  0.000303	
  0.630777	  0.105567	  0.105567	  0.158088	

URL http://cisbp.ccbr.utoronto.ca/TFreport.php?versionNumber=2.00&searchTF=T185743_2.00

MOTIF M00163_2.00 (ENSFCAG00000002315)_(Mus_musculus)_(DBD_0.90)

letter-probability matrix: alength= 4 w= 8 nsites= 1 E= 0
  0.309467	  0.142959	  0.547336	  0.000238	
  0.295052	  0.000164	  0.000164	  0.704620	
  0.619510	  0.295749	  0.000141	  0.084600	
  0.888534	  0.069545	  0.000139	  0.041782	
  0.999584	  0.000139	  0.000139	  0.000139	
  0.000139	  0.957940	  0.000139	  0.041782	
  0.999572	  0.000143	  0.000143	  0.000143	
  0.660068	  0.132164	  0.056750	  0.151018	

URL http://cisbp.ccbr.utoronto.ca/TFreport.php?versionNumber=2.00&searchTF=T185732_2.00

MOTIF M00166_2.00 (GATA2)_(Mus_musculus)_(DBD_0.97)

letter-probability matrix: alength= 4 w= 10 nsites= 1 E= 0
  0.268595	  0.233506	  0.226604	  0.271295	
  0.274182	  0.235991	  0.229016	  0.260810	
  0.228672	  0.255262	  0.268349	  0.247717	
  0.424078	  0.237440	  0.065360	  0.273121	
  0.073859	  0.028851	  0.873191	  0.024099	
  0.941711	  0.009657	  0.001747	  0.046885	
  0.062764	  0.030247	  0.036212	  0.870777	
  0.486794	  0.180881	  0.095377	  0.236948	
  0.453949	  0.132686	  0.190183	  0.223182	
  0.227316	  0.258874	  0.316190	  0.197619	

URL http://cisbp.ccbr.utoronto.ca/TFreport.php?versionNumber=2.00&searchTF=T192714_2.00

MOTIF M00167_2.00 (ENSFCAG00000001058)_(Mus_musculus)_(DBD_0.94)

letter-probability matrix: alength= 4 w= 9 nsites= 1 E= 0
  0.269704	  0.232136	  0.256550	  0.241610	
  0.223924	  0.265418	  0.268085	  0.242574	
  0.334851	  0.238337	  0.111462	  0.315350	
  0.139815	  0.113332	  0.678797	  0.068055	
  0.741047	  0.046902	  0.102316	  0.109735	
  0.190215	  0.082943	  0.088957	  0.637884	
  0.577501	  0.109805	  0.104450	  0.208244	
  0.492768	  0.132959	  0.175922	  0.198351	
  0.218515	  0.266895	  0.342700	  0.171890	

URL http://cisbp.ccbr.utoronto.ca/TFreport.php?versionNumber=2.00&searchTF=T192712_2.00

MOTIF M00168_2.00 (GCM2)_(Mus_musculus)_(DBD_0.71)

letter-probability matrix: alength= 4 w= 9 nsites= 1 E= 0
  0.220991	  0.264574	  0.272632	  0.241803	
  0.530934	  0.183945	  0.203291	  0.081830	
  0.102634	  0.102634	  0.066100	  0.728632	
  0.301843	  0.142580	  0.549993	  0.005584	
  0.162465	  0.523462	  0.198435	  0.115638	
  0.086217	  0.060152	  0.690122	  0.163509	
  0.005064	  0.010198	  0.974742	  0.009996	
  0.005612	  0.003838	  0.977420	  0.013130	
  0.116745	  0.317345	  0.111051	  0.454860	

URL http://cisbp.ccbr.utoronto.ca/TFreport.php?versionNumber=2.00&searchTF=T197994_2.00

MOTIF M00172_2.00 (HOXA3)_(Mus_musculus)_(DBD_1.00)

letter-probability matrix: alength= 4 w= 10 nsites= 1 E= 0
  0.183789	  0.303016	  0.164644	  0.348551	
  0.107098	  0.054258	  0.023191	  0.815454	
  0.868219	  0.022566	  0.074176	  0.035038	
  0.965411	  0.017682	  0.000907	  0.015999	
  0.018285	  0.097133	  0.050708	  0.833874	
  0.113053	  0.096338	  0.418995	  0.371615	
  0.447592	  0.063681	  0.359201	  0.129526	
  0.204977	  0.311967	  0.273937	  0.209118	
  0.227740	  0.286634	  0.210231	  0.275395	
  0.212729	  0.249640	  0.210612	  0.327019	

URL http://cisbp.ccbr.utoronto.ca/TFreport.php?versionNumber=2.00&searchTF=T209742_2.00

MOTIF M00173_2.00 (IRF9)_(Mus_musculus)_(DBD_0.83)

letter-probability matrix: alength= 4 w= 9 nsites= 1 E= 0
  0.449112	  0.168557	  0.152516	  0.229815	
  0.282222	  0.198879	  0.206995	  0.311904	
  0.164944	  0.443902	  0.135045	  0.256109	
  0.214167	  0.089725	  0.593926	  0.102182	
  0.653144	  0.109049	  0.112370	  0.125436	
  0.724258	  0.017728	  0.098018	  0.159996	
  0.840172	  0.015235	  0.000045	  0.144547	
  0.156347	  0.493774	  0.215310	  0.134569	
  0.200275	  0.287061	  0.125173	  0.387491	

URL http://cisbp.ccbr.utoronto.ca/TFreport.php?versionNumber=2.00&searchTF=T244072_2.00

MOTIF M00174_2.00 (IRF3)_(Mus_musculus)_(DBD_0.89)

letter-probability matrix: alength= 4 w= 10 nsites= 1 E= 0
  0.448498	  0.074136	  0.359928	  0.117437	
  0.488749	  0.099668	  0.206820	  0.204762	
  0.498836	  0.098719	  0.105877	  0.296568	
  0.236972	  0.286559	  0.232280	  0.244189	
  0.110747	  0.289237	  0.467428	  0.132588	
  0.100600	  0.022900	  0.872316	  0.004184	
  0.654660	  0.158240	  0.109302	  0.077798	
  0.673628	  0.086719	  0.080052	  0.159601	
  0.692509	  0.152982	  0.037725	  0.116783	
  0.096691	  0.584946	  0.196668	  0.121695	

URL http://cisbp.ccbr.utoronto.ca/TFreport.php?versionNumber=2.00&searchTF=T244068_2.00

MOTIF M00175_2.00 (IRF8)_(Mus_musculus)_(DBD_0.81)

letter-probability matrix: alength= 4 w= 10 nsites= 1 E= 0
  0.303977	  0.189986	  0.239117	  0.266921	
  0.362132	  0.194807	  0.185306	  0.257755	
  0.219001	  0.326710	  0.214664	  0.239625	
  0.127591	  0.497118	  0.079744	  0.295547	
  0.089135	  0.024536	  0.854187	  0.032142	
  0.744948	  0.076196	  0.130754	  0.048102	
  0.639821	  0.009691	  0.157778	  0.192710	
  0.881945	  0.043040	  0.000416	  0.074599	
  0.133040	  0.534137	  0.240003	  0.092819	
  0.158686	  0.346169	  0.131227	  0.363918	

URL http://cisbp.ccbr.utoronto.ca/TFreport.php?versionNumber=2.00&searchTF=T244069_2.00

MOTIF M00176_2.00 (IRF6)_(Mus_musculus)_(DBD_1.00)

letter-probability matrix: alength= 4 w= 10 nsites= 1 E= 0
  0.262254	  0.230284	  0.292748	  0.214715	
  0.353402	  0.201866	  0.295186	  0.149546	
  0.198546	  0.337316	  0.221633	  0.242505	
  0.182675	  0.527267	  0.071358	  0.218701	
  0.094054	  0.029485	  0.832033	  0.044428	
  0.794160	  0.031415	  0.119975	  0.054450	
  0.454503	  0.027638	  0.163891	  0.353967	
  0.942619	  0.008488	  0.011231	  0.037662	
  0.070785	  0.664903	  0.170655	  0.093657	
  0.130404	  0.380178	  0.138468	  0.350949	

URL http://cisbp.ccbr.utoronto.ca/TFreport.php?versionNumber=2.00&searchTF=T244071_2.00

MOTIF M00177_2.00 (IRF5)_(Mus_musculus)_(DBD_0.96)

letter-probability matrix: alength= 4 w= 10 nsites= 1 E= 0
  0.308454	  0.190866	  0.262847	  0.237834	
  0.413580	  0.169839	  0.236240	  0.180341	
  0.236104	  0.309288	  0.185726	  0.268882	
  0.166646	  0.564460	  0.052766	  0.216128	
  0.096296	  0.020235	  0.860424	  0.023044	
  0.793615	  0.045906	  0.137910	  0.022569	
  0.562100	  0.003039	  0.213082	  0.221778	
  0.939833	  0.013814	  0.000027	  0.046326	
  0.110088	  0.590685	  0.210879	  0.088348	
  0.158104	  0.344900	  0.108121	  0.388874	

URL http://cisbp.ccbr.utoronto.ca/TFreport.php?versionNumber=2.00&searchTF=T244067_2.00

MOTIF M00178_2.00 (SRF)_(Mus_musculus)_(DBD_1.00)

letter-probability matrix: alength= 4 w= 10 nsites= 1 E= 0
  0.212984	  0.416099	  0.142972	  0.227946	
  0.201998	  0.401559	  0.182516	  0.213926	
  0.432247	  0.083239	  0.179282	  0.305232	
  0.394149	  0.098816	  0.146383	  0.360652	
  0.532912	  0.075998	  0.118189	  0.272901	
  0.272901	  0.118189	  0.075998	  0.532912	
  0.360652	  0.146383	  0.098816	  0.394149	
  0.305232	  0.179282	  0.083239	  0.432247	
  0.213926	  0.182516	  0.401559	  0.201998	
  0.227946	  0.142972	  0.416099	  0.212984	

URL http://cisbp.ccbr.utoronto.ca/TFreport.php?versionNumber=2.00&searchTF=T253653_2.00

MOTIF M00179_2.00 (MYB)_(Mus_musculus)_(DBD_1.00)

letter-probability matrix: alength= 4 w= 10 nsites= 1 E= 0
  0.198025	  0.333083	  0.036907	  0.431985	
  0.980382	  0.001374	  0.012781	  0.005463	
  0.961334	  0.033060	  0.002999	  0.002607	
  0.001169	  0.998472	  0.000011	  0.000349	
  0.036725	  0.148928	  0.680932	  0.133415	
  0.107987	  0.024095	  0.782119	  0.085799	
  0.282515	  0.291119	  0.059963	  0.366402	
  0.212560	  0.432345	  0.076648	  0.278446	
  0.331406	  0.193126	  0.219937	  0.255531	
  0.300081	  0.220094	  0.185685	  0.294139	

URL http://cisbp.ccbr.utoronto.ca/TFreport.php?versionNumber=2.00&searchTF=T269562_2.00

MOTIF M00180_2.00 (MYBL1)_(Mus_musculus)_(DBD_1.00)

letter-probability matrix: alength= 4 w= 9 nsites= 1 E= 0
  0.165458	  0.343340	  0.036919	  0.454283	
  0.975103	  0.000330	  0.019936	  0.004630	
  0.948213	  0.047209	  0.003613	  0.000965	
  0.001692	  0.998220	  0.000045	  0.000043	
  0.033377	  0.182706	  0.625079	  0.158837	
  0.098345	  0.035110	  0.748805	  0.117740	
  0.262572	  0.281611	  0.064105	  0.391712	
  0.191940	  0.427171	  0.082863	  0.298027	
  0.317812	  0.187065	  0.252512	  0.242611	

URL http://cisbp.ccbr.utoronto.ca/TFreport.php?versionNumber=2.00&searchTF=T269573_2.00

MOTIF M00181_2.00 (RXRA)_(Mus_musculus)_(DBD_1.00)

letter-probability matrix: alength= 4 w= 10 nsites= 1 E= 0
  0.325203	  0.229167	  0.176700	  0.268930	
  0.302762	  0.119456	  0.489286	  0.088495	
  0.447338	  0.000344	  0.551871	  0.000446	
  0.041805	  0.000161	  0.956243	  0.001791	
  0.023582	  0.000259	  0.765452	  0.210707	
  0.048615	  0.000240	  0.085109	  0.866036	
  0.081116	  0.682577	  0.097113	  0.139195	
  0.814947	  0.000279	  0.169546	  0.015228	
  0.270941	  0.314788	  0.148695	  0.265576	
  0.251452	  0.223018	  0.319658	  0.205872	

URL http://cisbp.ccbr.utoronto.ca/TFreport.php?versionNumber=2.00&searchTF=T303162_2.00

MOTIF M00182_2.00 (HNF4A)_(Mus_musculus)_(DBD_1.00)

letter-probability matrix: alength= 4 w= 10 nsites= 1 E= 0
  0.335787	  0.227347	  0.218433	  0.218433	
  0.308956	  0.147407	  0.412898	  0.130739	
  0.384796	  0.046188	  0.524640	  0.044377	
  0.018196	  0.000549	  0.935597	  0.045658	
  0.066096	  0.000114	  0.420360	  0.513429	
  0.127654	  0.379679	  0.101426	  0.391242	
  0.153029	  0.652382	  0.103610	  0.090979	
  0.586362	  0.092198	  0.253139	  0.068302	
  0.307590	  0.259503	  0.198099	  0.234808	
  0.269577	  0.239094	  0.229719	  0.261610	

URL http://cisbp.ccbr.utoronto.ca/TFreport.php?versionNumber=2.00&searchTF=T303173_2.00

MOTIF M00183_2.00 (ESRRA)_(Mus_musculus)_(DBD_1.00)

letter-probability matrix: alength= 4 w= 9 nsites= 1 E= 0
  0.210071	  0.435914	  0.246520	  0.107495	
  0.703605	  0.026212	  0.189847	  0.080336	
  0.865652	  0.026668	  0.100835	  0.006845	
  0.032096	  0.000467	  0.896716	  0.070721	
  0.014440	  0.003222	  0.972658	  0.009680	
  0.123392	  0.007967	  0.122164	  0.746477	
  0.008169	  0.773091	  0.077509	  0.141231	
  0.731929	  0.019800	  0.220453	  0.027818	
  0.295829	  0.259766	  0.123938	  0.320467	

URL http://cisbp.ccbr.utoronto.ca/TFreport.php?versionNumber=2.00&searchTF=T303195_2.00

MOTIF M00184_2.00 (NR2F6)_(Mus_musculus)_(DBD_0.86)

letter-probability matrix: alength= 4 w= 8 nsites= 1 E= 0
  0.343561	  0.117844	  0.441142	  0.097453	
  0.519548	  0.010104	  0.465429	  0.004918	
  0.005640	  0.000372	  0.972451	  0.021538	
  0.014119	  0.000182	  0.941551	  0.044147	
  0.004880	  0.014806	  0.031660	  0.948655	
  0.004689	  0.893593	  0.028368	  0.073351	
  0.851749	  0.010668	  0.121182	  0.016400	
  0.304843	  0.304843	  0.152902	  0.237412	

URL http://cisbp.ccbr.utoronto.ca/TFreport.php?versionNumber=2.00&searchTF=T303160_2.00

MOTIF M00185_2.00 (RARB)_(Mus_musculus)_(DBD_0.96)

letter-probability matrix: alength= 4 w= 8 nsites= 1 E= 0
  0.347647	  0.151591	  0.347647	  0.153115	
  0.564155	  0.084380	  0.332064	  0.019401	
  0.004317	  0.000046	  0.955885	  0.039751	
  0.004651	  0.000012	  0.818173	  0.177164	
  0.050818	  0.035811	  0.069287	  0.844084	
  0.018541	  0.854042	  0.045150	  0.082268	
  0.872278	  0.006056	  0.104701	  0.016964	
  0.268794	  0.328306	  0.178385	  0.224515	

URL http://cisbp.ccbr.utoronto.ca/TFreport.php?versionNumber=2.00&searchTF=T303177_2.00

MOTIF M00186_2.00 (RFX4)_(Mus_musculus)_(DBD_1.00)

letter-probability matrix: alength= 4 w= 10 nsites= 1 E= 0
  0.071969	  0.027556	  0.876757	  0.023718	
  0.043751	  0.062085	  0.082972	  0.811192	
  0.263828	  0.195449	  0.035350	  0.505373	
  0.277657	  0.050219	  0.476462	  0.195662	
  0.040535	  0.621518	  0.064210	  0.273736	
  0.027735	  0.451560	  0.091168	  0.429537	
  0.579359	  0.135900	  0.150193	  0.134548	
  0.268595	  0.156524	  0.265923	  0.308958	
  0.108591	  0.168610	  0.656936	  0.065864	
  0.169606	  0.263349	  0.369991	  0.197054	

URL http://cisbp.ccbr.utoronto.ca/TFreport.php?versionNumber=2.00&searchTF=T318242_2.00

MOTIF M00188_2.00 (RFX1)_(Mus_musculus)_(DBD_0.85)

letter-probability matrix: alength= 4 w= 10 nsites= 1 E= 0
  0.104605	  0.584172	  0.194454	  0.116769	
  0.266268	  0.282733	  0.156727	  0.294272	
  0.098718	  0.112423	  0.073867	  0.714991	
  0.512814	  0.101485	  0.365006	  0.020695	
  0.255170	  0.103744	  0.573599	  0.067487	
  0.184311	  0.457887	  0.038345	  0.319457	
  0.484397	  0.018971	  0.233435	  0.263197	
  0.869982	  0.053972	  0.047869	  0.028176	
  0.021911	  0.904128	  0.002656	  0.071305	
  0.236202	  0.300271	  0.335186	  0.128340	

URL http://cisbp.ccbr.utoronto.ca/TFreport.php?versionNumber=2.00&searchTF=T318238_2.00

MOTIF M00190_2.00 (GMEB1)_(Mus_musculus)_(DBD_0.99)

letter-probability matrix: alength= 4 w= 9 nsites= 1 E= 0
  0.196646	  0.249986	  0.198622	  0.354747	
  0.144790	  0.176847	  0.356126	  0.322236	
  0.656130	  0.126010	  0.165068	  0.052792	
  0.000765	  0.984229	  0.000098	  0.014907	
  0.000422	  0.000120	  0.999247	  0.000212	
  0.030859	  0.441173	  0.035497	  0.492471	
  0.427619	  0.180952	  0.170414	  0.221015	
  0.279059	  0.311508	  0.200622	  0.208810	
  0.274317	  0.238480	  0.255772	  0.231432	

URL http://cisbp.ccbr.utoronto.ca/TFreport.php?versionNumber=2.00&searchTF=T321707_2.00

MOTIF M00192_2.00 (SMAD9)_(Mus_musculus)_(DBD_0.72)

letter-probability matrix: alength= 4 w= 10 nsites= 1 E= 0
  0.288710	  0.216031	  0.234024	  0.261235	
