MEME version 4

ALPHABET= ACGT

strands: + -

Background letter frequencies (from uniform background):
A 0.25000 C 0.25000 G 0.25000 T 0.25000 

MOTIF M00051_2.00 (M413DRAFT_245582)_(Saccharomyces_cerevisiae)_(DBD_0.69)

letter-probability matrix: alength= 4 w= 8 nsites= 1 E= 0
  0.270248	  0.432235	  0.000270	  0.297246	
  0.000196	  0.000196	  0.999412	  0.000196	
  0.999424	  0.000192	  0.000192	  0.000192	
  0.000192	  0.000192	  0.000192	  0.999424	
  0.980208	  0.000192	  0.019408	  0.000192	
  0.940635	  0.000196	  0.000196	  0.058973	
  0.022934	  0.113760	  0.840372	  0.022934	
  0.344697	  0.241391	  0.241391	  0.172521	

URL http://cisbp.ccbr.utoronto.ca/TFreport.php?versionNumber=2.00&searchTF=T194008_2.00

MOTIF M00060_2.00 (M413DRAFT_440933)_(Saccharomyces_cerevisiae)_(DBD_0.49)

letter-probability matrix: alength= 4 w= 9 nsites= 1 E= 0
  0.320154	  0.181055	  0.206191	  0.292599	
  0.231700	  0.238756	  0.197442	  0.332102	
  0.223589	  0.242212	  0.287095	  0.247105	
  0.161512	  0.025143	  0.029212	  0.784133	
  0.138264	  0.051376	  0.075881	  0.734480	
  0.092315	  0.709959	  0.122145	  0.075581	
  0.148989	  0.381409	  0.144586	  0.325016	
  0.473500	  0.149928	  0.202381	  0.174191	
  0.182247	  0.285820	  0.153755	  0.378177	

URL http://cisbp.ccbr.utoronto.ca/TFreport.php?versionNumber=2.00&searchTF=T241106_2.00

MOTIF M00061_2.00 (M413DRAFT_446777)_(Saccharomyces_cerevisiae)_(DBD_0.54)

letter-probability matrix: alength= 4 w= 8 nsites= 1 E= 0
  0.726984	  0.045578	  0.075863	  0.151575	
  0.056906	  0.193208	  0.068264	  0.681622	
  0.064288	  0.064288	  0.871332	  0.000092	
  0.000090	  0.000090	  0.999730	  0.000090	
  0.000090	  0.972713	  0.027107	  0.000090	
  0.000090	  0.963707	  0.009096	  0.027107	
  0.586810	  0.119622	  0.293459	  0.000109	
  0.142918	  0.057253	  0.742576	  0.057253	

URL http://cisbp.ccbr.utoronto.ca/TFreport.php?versionNumber=2.00&searchTF=T241107_2.00

MOTIF M00066_2.00 (M413DRAFT_306124)_(Saccharomyces_cerevisiae)_(DBD_0.43)

letter-probability matrix: alength= 4 w= 10 nsites= 1 E= 0
  0.228304	  0.228304	  0.228304	  0.315088	
  0.119950	  0.353086	  0.407015	  0.119950	
  0.000130	  0.000130	  0.999610	  0.000130	
  0.000130	  0.000130	  0.000130	  0.999610	
  0.000130	  0.000130	  0.000130	  0.999610	
  0.086914	  0.000130	  0.912826	  0.000130	
  0.000130	  0.999610	  0.000130	  0.000130	
  0.000130	  0.437251	  0.000130	  0.562489	
  0.934522	  0.021826	  0.021826	  0.021826	
  0.130180	  0.304898	  0.261306	  0.303616	

URL http://cisbp.ccbr.utoronto.ca/TFreport.php?versionNumber=2.00&searchTF=T318681_2.00

MOTIF M00070_2.00 (M413DRAFT_24002)_(Saccharomyces_cerevisiae)_(DBD_0.33)

letter-probability matrix: alength= 4 w= 11 nsites= 1 E= 0
  0.268573	  0.272224	  0.178881	  0.280322	
  0.509793	  0.098806	  0.292595	  0.098806	
  0.848016	  0.050661	  0.050661	  0.050661	
  0.999893	  0.000036	  0.000036	  0.000036	
  0.000036	  0.903786	  0.000036	  0.096142	
  0.903786	  0.000036	  0.000036	  0.096142	
  0.999893	  0.000036	  0.000036	  0.000036	
  0.000036	  0.000036	  0.000036	  0.999893	
  0.591260	  0.071155	  0.071155	  0.266431	
  0.345743	  0.151230	  0.257625	  0.245401	
  0.199374	  0.199374	  0.199374	  0.401877	

URL http://cisbp.ccbr.utoronto.ca/TFreport.php?versionNumber=2.00&searchTF=T331049_2.00

MOTIF M00407_2.00 (M413DRAFT_444049)_(Mus_musculus)_(DBD_0.56)

letter-probability matrix: alength= 4 w= 9 nsites= 1 E= 0
  0.295464	  0.173911	  0.204087	  0.326538	
  0.083726	  0.082068	  0.055565	  0.778641	
  0.003120	  0.034053	  0.960935	  0.001893	
  0.873497	  0.000758	  0.057541	  0.068204	
  0.019591	  0.939245	  0.007207	  0.033956	
  0.851816	  0.012030	  0.105359	  0.030796	
  0.150397	  0.123135	  0.540925	  0.185542	
  0.147020	  0.354449	  0.343974	  0.154557	
  0.187865	  0.236447	  0.144854	  0.430834	

URL http://cisbp.ccbr.utoronto.ca/TFreport.php?versionNumber=2.00&searchTF=T220349_2.00

MOTIF M01037_2.00 (M413DRAFT_6754)_(Candida_albicans)_(DBD_0.76)

letter-probability matrix: alength= 4 w= 8 nsites= 1 E= 0
  0.193022	  0.543654	  0.228086	  0.035238	
  0.000143	  0.899629	  0.000143	  0.100086	
  0.071531	  0.913906	  0.014420	  0.000143	
  0.000143	  0.999572	  0.000143	  0.000143	
  0.000143	  0.856796	  0.000143	  0.142918	
  0.000143	  0.014420	  0.014420	  0.971017	
  0.048517	  0.032398	  0.612669	  0.306415	
  0.522480	  0.045640	  0.204587	  0.227293	

URL http://cisbp.ccbr.utoronto.ca/TFreport.php?versionNumber=2.00&searchTF=T122260_2.00

MOTIF M01102_2.00 (M413DRAFT_441019)_(PBM_CONSTRUCTS)_(DBD_0.96)

letter-probability matrix: alength= 4 w= 8 nsites= 1 E= 0
  0.520400	  0.150739	  0.150739	  0.178122	
  0.168349	  0.386085	  0.237629	  0.207937	
  0.828862	  0.000085	  0.162423	  0.008630	
  0.000085	  0.999744	  0.000085	  0.000085	
  0.000085	  0.000085	  0.982656	  0.017174	
  0.008630	  0.957023	  0.000085	  0.034262	
  0.008630	  0.017174	  0.965567	  0.008630	
  0.562344	  0.150050	  0.000125	  0.287481	

URL http://cisbp.ccbr.utoronto.ca/TFreport.php?versionNumber=2.00&searchTF=T012067_2.00

MOTIF M01103_2.00 (M413DRAFT_22172)_(Monodelphis_domestica)_(DBD_0.46)

letter-probability matrix: alength= 4 w= 12 nsites= 1 E= 0
  0.315605	  0.228132	  0.228132	  0.228132	
  0.315605	  0.228132	  0.228132	  0.228132	
  0.371355	  0.180390	  0.180390	  0.267864	
  0.700798	  0.099734	  0.099734	  0.099734	
  0.333823	  0.000098	  0.000098	  0.665982	
  0.806854	  0.000098	  0.000098	  0.192951	
  0.177789	  0.000098	  0.000098	  0.822016	
  0.431780	  0.000098	  0.000098	  0.568025	
  0.934102	  0.021966	  0.021966	  0.021966	
  0.934102	  0.021966	  0.021966	  0.021966	
  0.069707	  0.069707	  0.069707	  0.790879	
  0.324794	  0.150363	  0.150363	  0.374480	

URL http://cisbp.ccbr.utoronto.ca/TFreport.php?versionNumber=2.00&searchTF=T017568_2.00

MOTIF M01105_2.00 (M413DRAFT_448094)_(Fusarium_graminearum)_(DBD_0.58)

letter-probability matrix: alength= 4 w= 9 nsites= 1 E= 0
  0.374340	  0.173324	  0.185892	  0.266444	
  0.331918	  0.236250	  0.215916	  0.215916	
  0.367239	  0.211878	  0.193642	  0.227241	
  0.398201	  0.106374	  0.253904	  0.241521	
  0.306146	  0.173133	  0.150515	  0.370206	
  0.572249	  0.002137	  0.149841	  0.275772	
  0.602371	  0.092840	  0.044740	  0.260050	
  0.505970	  0.048254	  0.059530	  0.386247	
  0.331768	  0.096009	  0.106106	  0.466117	

URL http://cisbp.ccbr.utoronto.ca/TFreport.php?versionNumber=2.00&searchTF=T017571_2.00

MOTIF M01106_2.00 (M413DRAFT_438378)_(Trichomonas_vaginalis)_(DBD_0.58)

letter-probability matrix: alength= 4 w= 8 nsites= 1 E= 0
  0.483861	  0.092001	  0.215250	  0.208888	
  0.550968	  0.140005	  0.167616	  0.141412	
  0.561595	  0.058603	  0.114524	  0.265279	
  0.513647	  0.040106	  0.069515	  0.376733	
  0.597236	  0.037424	  0.030948	  0.334392	
  0.763937	  0.036910	  0.033733	  0.165420	
  0.582011	  0.007741	  0.027840	  0.382408	
  0.380653	  0.020326	  0.002038	  0.596983	

URL http://cisbp.ccbr.utoronto.ca/TFreport.php?versionNumber=2.00&searchTF=T017569_2.00

MOTIF M01189_2.00 (M413DRAFT_228760)_(PBM_CONSTRUCTS)_(DBD_0.89)

letter-probability matrix: alength= 4 w= 9 nsites= 1 E= 0
  0.221524	  0.148492	  0.257374	  0.372610	
  0.444537	  0.056658	  0.462679	  0.036127	
  0.010442	  0.968587	  0.003407	  0.017564	
  0.006337	  0.011205	  0.003656	  0.978803	
  0.063056	  0.007722	  0.928917	  0.000305	
  0.000714	  0.966397	  0.001276	  0.031613	
  0.002561	  0.000123	  0.992787	  0.004529	
  0.049221	  0.371045	  0.490940	  0.088794	
  0.473806	  0.164153	  0.194571	  0.167469	

URL http://cisbp.ccbr.utoronto.ca/TFreport.php?versionNumber=2.00&searchTF=T122221_2.00

MOTIF M01198_2.00 (M413DRAFT_26356)_(Neurospora_crassa)_(DBD_0.78)

letter-probability matrix: alength= 4 w= 8 nsites= 1 E= 0
  0.008032	  0.985829	  0.000534	  0.005604	
  0.000361	  0.758996	  0.000317	  0.240326	
  0.065429	  0.872155	  0.039290	  0.023126	
  0.000001	  0.999660	  0.000134	  0.000205	
  0.499172	  0.000032	  0.489288	  0.011507	
  0.139979	  0.376715	  0.252520	  0.230786	
  0.284498	  0.230610	  0.244870	  0.240021	
  0.280918	  0.298289	  0.261926	  0.158866	

URL http://cisbp.ccbr.utoronto.ca/TFreport.php?versionNumber=2.00&searchTF=T122224_2.00

MOTIF M01390_2.00 (M413DRAFT_441943)_(Aspergillus_nidulans)_(DBD_0.50)

letter-probability matrix: alength= 4 w= 8 nsites= 1 E= 0
  0.190589	  0.380703	  0.380703	  0.048004	
  0.000277	  0.000277	  0.000277	  0.999168	
  0.000277	  0.999168	  0.000277	  0.000277	
  0.000277	  0.000277	  0.999168	  0.000277	
  0.000277	  0.139012	  0.860433	  0.000277	
  0.000277	  0.721698	  0.028024	  0.250000	
  0.200057	  0.000285	  0.000285	  0.799372	
  0.922043	  0.038786	  0.038786	  0.000384	

URL http://cisbp.ccbr.utoronto.ca/TFreport.php?versionNumber=2.00&searchTF=T372635_2.00

MOTIF M01418_2.00 (M413DRAFT_449306)_(Schizophyllum_commune)_(DBD_0.95)

letter-probability matrix: alength= 4 w= 10 nsites= 1 E= 0
  0.250902	  0.143428	  0.143428	  0.462243	
  0.333752	  0.137853	  0.049134	  0.479262	
  0.000113	  0.426315	  0.000113	  0.573459	
  0.000113	  0.999662	  0.000113	  0.000113	
  0.000113	  0.000113	  0.999662	  0.000113	
  0.000113	  0.000113	  0.999662	  0.000113	
  0.910943	  0.000113	  0.088832	  0.000113	
  0.999662	  0.000113	  0.000113	  0.000113	
  0.106685	  0.288552	  0.205358	  0.399405	
  0.200979	  0.397063	  0.200979	  0.200979	

URL http://cisbp.ccbr.utoronto.ca/TFreport.php?versionNumber=2.00&searchTF=T372657_2.00

MOTIF M01419_2.00 (M413DRAFT_310281)_(Schizophyllum_commune)_(DBD_0.73)

letter-probability matrix: alength= 4 w= 8 nsites= 1 E= 0
  0.000554	  0.222284	  0.554878	  0.222284	
  0.832363	  0.042013	  0.000416	  0.125208	
  0.000399	  0.160144	  0.000399	  0.839058	
  0.000399	  0.998802	  0.000399	  0.000399	
  0.000399	  0.040335	  0.958866	  0.000399	
  0.000399	  0.000399	  0.998802	  0.000399	
  0.911892	  0.043837	  0.043837	  0.000434	
  0.266622	  0.200133	  0.532580	  0.000665	

URL http://cisbp.ccbr.utoronto.ca/TFreport.php?versionNumber=2.00&searchTF=T372619_2.00

MOTIF M01458_2.00 (M413DRAFT_441939)_(Schizophyllum_commune)_(DBD_0.89)

letter-probability matrix: alength= 4 w= 10 nsites= 1 E= 0
  0.372672	  0.160886	  0.416006	  0.050436	
  0.076780	  0.829599	  0.008767	  0.084855	
  0.008563	  0.005194	  0.970165	  0.016078	
  0.001140	  0.993504	  0.003862	  0.001494	
  0.000158	  0.999768	  0.000001	  0.000073	
  0.905574	  0.030526	  0.033068	  0.030832	
  0.000401	  0.979249	  0.000329	  0.020021	
  0.343193	  0.333050	  0.135408	  0.188348	
  0.401867	  0.171764	  0.236541	  0.189828	
  0.319641	  0.225247	  0.223006	  0.232107	

URL http://cisbp.ccbr.utoronto.ca/TFreport.php?versionNumber=2.00&searchTF=T122247_2.00

MOTIF M01461_2.00 (M413DRAFT_444305)_(Schizophyllum_commune)_(DBD_0.85)

letter-probability matrix: alength= 4 w= 9 nsites= 1 E= 0
  0.222800	  0.153896	  0.300749	  0.322555	
  0.000403	  0.004914	  0.994365	  0.000317	
  0.993509	  0.001555	  0.004717	  0.000219	
  0.001735	  0.001899	  0.002948	  0.993418	
  0.001543	  0.831853	  0.001981	  0.164623	
  0.091010	  0.156173	  0.473886	  0.278931	
  0.222570	  0.116192	  0.461852	  0.199386	
  0.024571	  0.954844	  0.000062	  0.020523	
  0.311302	  0.115673	  0.493126	  0.079899	

URL http://cisbp.ccbr.utoronto.ca/TFreport.php?versionNumber=2.00&searchTF=T122253_2.00

MOTIF M01463_2.00 (M413DRAFT_447402)_(Schizophyllum_commune)_(DBD_0.78)

letter-probability matrix: alength= 4 w= 8 nsites= 1 E= 0
  0.001244	  0.250000	  0.374378	  0.374378	
  0.000712	  0.000712	  0.997863	  0.000712	
  0.200133	  0.798537	  0.000665	  0.000665	
  0.000665	  0.000665	  0.998005	  0.000665	
  0.266622	  0.000665	  0.732048	  0.000665	
  0.998005	  0.000665	  0.000665	  0.000665	
  0.000665	  0.000665	  0.000665	  0.998005	
  0.000665	  0.998005	  0.000665	  0.000665	

URL http://cisbp.ccbr.utoronto.ca/TFreport.php?versionNumber=2.00&searchTF=T122256_2.00

MOTIF M01464_2.00 (M413DRAFT_20449)_(Schizophyllum_commune)_(DBD_0.72)

letter-probability matrix: alength= 4 w= 9 nsites= 1 E= 0
  0.276672	  0.242944	  0.219825	  0.260559	
  0.325733	  0.246184	  0.283179	  0.144905	
  0.119885	  0.703825	  0.041121	  0.135169	
  0.022497	  0.791076	  0.000864	  0.185563	
  0.006170	  0.991980	  0.000169	  0.001682	
  0.018530	  0.962344	  0.007999	  0.011127	
  0.002080	  0.192952	  0.006702	  0.798266	
  0.252990	  0.047151	  0.408851	  0.291008	
  0.459462	  0.122738	  0.221419	  0.196381	

URL http://cisbp.ccbr.utoronto.ca/TFreport.php?versionNumber=2.00&searchTF=T122220_2.00

MOTIF M01558_2.00 (M413DRAFT_154651)_(Saccharomyces_cerevisiae)_(DBD_0.85)

letter-probability matrix: alength= 4 w= 10 nsites= 1 E= 0
  0.112022	  0.583295	  0.081344	  0.223339	
  0.214189	  0.229719	  0.346145	  0.209947	
  0.417547	  0.152079	  0.229155	  0.201220	
  0.584466	  0.060382	  0.129114	  0.226037	
  0.385008	  0.091219	  0.093997	  0.429776	
  0.301324	  0.230024	  0.179143	  0.289509	
  0.257339	  0.273252	  0.284403	  0.185007	
  0.278132	  0.034747	  0.644255	  0.042867	
  0.109929	  0.000794	  0.742363	  0.146913	
  0.392464	  0.185387	  0.181716	  0.240434	

URL http://cisbp.ccbr.utoronto.ca/TFreport.php?versionNumber=2.00&searchTF=T254604_2.00

MOTIF M01566_2.00 (M413DRAFT_45791)_(Saccharomyces_cerevisiae)_(DBD_0.56)

letter-probability matrix: alength= 4 w= 8 nsites= 1 E= 0
  0.270726	  0.299198	  0.159350	  0.270726	
  0.171103	  0.404343	  0.058690	  0.365865	
  0.701225	  0.048078	  0.204963	  0.045733	
  0.053179	  0.447494	  0.090348	  0.408979	
  0.407307	  0.049381	  0.055677	  0.487635	
  0.525518	  0.097943	  0.128302	  0.248237	
  0.510778	  0.094249	  0.117441	  0.277532	
  0.343791	  0.175921	  0.275898	  0.204391	

URL http://cisbp.ccbr.utoronto.ca/TFreport.php?versionNumber=2.00&searchTF=T331058_2.00

MOTIF M01567_2.00 (M413DRAFT_438675)_(Saccharomyces_cerevisiae)_(DBD_0.88)

letter-probability matrix: alength= 4 w= 7 nsites= 1 E= 0
  0.315311	  0.189343	  0.207174	  0.288172	
  0.345705	  0.141966	  0.211788	  0.300541	
  0.271982	  0.110580	  0.155359	  0.462079	
  0.583542	  0.000869	  0.110954	  0.304636	
  0.219565	  0.006434	  0.188981	  0.585020	
  0.934996	  0.000354	  0.051964	  0.012687	
  0.422777	  0.000471	  0.095282	  0.481470	

URL http://cisbp.ccbr.utoronto.ca/TFreport.php?versionNumber=2.00&searchTF=T342677_2.00

MOTIF M01669_2.00 (M413DRAFT_24200)_(Neurospora_crassa)_(DBD_0.45)

letter-probability matrix: alength= 4 w= 8 nsites= 1 E= 0
  0.327371	  0.206664	  0.278967	  0.186997	
  0.090243	  0.314980	  0.037808	  0.556969	
  0.768095	  0.014210	  0.120773	  0.096923	
  0.116745	  0.111051	  0.072966	  0.699238	
  0.248575	  0.418109	  0.163325	  0.169991	
  0.313613	  0.190216	  0.256765	  0.239406	
  0.283505	  0.241587	  0.275126	  0.199782	
  0.264086	  0.231893	  0.272129	  0.231893	

URL http://cisbp.ccbr.utoronto.ca/TFreport.php?versionNumber=2.00&searchTF=T015178_2.00

MOTIF M01835_2.00 (M413DRAFT_66275)_(Neurospora_crassa)_(DBD_0.66)

letter-probability matrix: alength= 4 w= 11 nsites= 1 E= 0
  0.227977	  0.227977	  0.316068	  0.227977	
  0.575603	  0.108023	  0.208350	  0.108023	
  0.833557	  0.055481	  0.055481	  0.055481	
  0.000201	  0.000201	  0.089004	  0.910593	
  0.188309	  0.089004	  0.722485	  0.000201	
  0.906520	  0.000201	  0.000201	  0.093078	
  0.183108	  0.539578	  0.089004	  0.188309	
  0.277113	  0.000201	  0.539578	  0.183108	
  0.393952	  0.022224	  0.022224	  0.561601	
  0.236961	  0.363298	  0.257563	  0.142178	
  0.415840	  0.194720	  0.194720	  0.194720	

URL http://cisbp.ccbr.utoronto.ca/TFreport.php?versionNumber=2.00&searchTF=T064290_2.00

MOTIF M02143_2.00 (M413DRAFT_413744)_(Nematostella_vectensis)_(DBD_0.42)

letter-probability matrix: alength= 4 w= 8 nsites= 1 E= 0
  0.197481	  0.283055	  0.203495	  0.315968	
  0.159614	  0.085009	  0.054204	  0.701174	
  0.623566	  0.079476	  0.133681	  0.163278	
  0.868297	  0.028404	  0.061346	  0.041952	
  0.031540	  0.074534	  0.072331	  0.821596	
  0.168804	  0.101366	  0.116599	  0.613230	
  0.357886	  0.081468	  0.441516	  0.119130	
  0.262360	  0.221344	  0.336877	  0.179418	

URL http://cisbp.ccbr.utoronto.ca/TFreport.php?versionNumber=2.00&searchTF=T220347_2.00

MOTIF M02213_2.00 (M413DRAFT_28906)_(Podocoryne_carnea)_(DBD_0.39)

letter-probability matrix: alength= 4 w= 10 nsites= 1 E= 0
  0.225846	  0.322461	  0.225846	  0.225846	
  0.152897	  0.220775	  0.251282	  0.375046	
  0.000130	  0.085698	  0.000130	  0.914042	
  0.918263	  0.000130	  0.000130	  0.081477	
  0.999610	  0.000130	  0.000130	  0.000130	
  0.000130	  0.000130	  0.000130	  0.999610	
  0.081477	  0.000130	  0.000130	  0.918263	
  0.915764	  0.000130	  0.083976	  0.000130	
  0.232887	  0.120901	  0.457466	  0.188745	
  0.178580	  0.178580	  0.261207	  0.381632	

URL http://cisbp.ccbr.utoronto.ca/TFreport.php?versionNumber=2.00&searchTF=T220345_2.00

MOTIF M02491_2.00 (M413DRAFT_276090)_(Neurospora_crassa)_(DBD_0.30)

letter-probability matrix: alength= 4 w= 8 nsites= 1 E= 0
  0.001106	  0.222345	  0.001106	  0.775442	
  0.071937	  0.926638	  0.000712	  0.000712	
  0.071937	  0.000712	  0.000712	  0.926638	
  0.000712	  0.000712	  0.000712	  0.997863	
  0.000712	  0.000712	  0.000712	  0.997863	
  0.000712	  0.000712	  0.997863	  0.000712	
  0.000712	  0.000712	  0.000712	  0.997863	
  0.001106	  0.332965	  0.001106	  0.664823	

URL http://cisbp.ccbr.utoronto.ca/TFreport.php?versionNumber=2.00&searchTF=T331050_2.00

MOTIF M02581_2.00 (M413DRAFT_24478)_(Puccinia_graminis)_(DBD_0.80)

letter-probability matrix: alength= 4 w= 8 nsites= 1 E= 0
  0.427557	  0.001420	  0.001420	  0.569602	
  0.000996	  0.000996	  0.000996	  0.997012	
  0.000906	  0.997283	  0.000906	  0.000906	
  0.000906	  0.091486	  0.906703	  0.000906	
  0.000906	  0.000906	  0.997283	  0.000906	
  0.363225	  0.000906	  0.634964	  0.000906	
  0.997283	  0.000906	  0.000906	  0.000906	
  0.125622	  0.125622	  0.125622	  0.623134	

URL http://cisbp.ccbr.utoronto.ca/TFreport.php?versionNumber=2.00&searchTF=T372614_2.00

MOTIF M02590_2.00 (M413DRAFT_120145)_(Neurospora_crassa)_(DBD_0.49)

letter-probability matrix: alength= 4 w= 9 nsites= 1 E= 0
  0.220869	  0.310309	  0.212209	  0.256613	
  0.192235	  0.375673	  0.127577	  0.304515	
  0.000093	  0.983943	  0.000607	  0.015357	
  0.000216	  0.021661	  0.978024	  0.000099	
  0.005502	  0.000393	  0.987517	  0.006588	
  0.503501	  0.179753	  0.210942	  0.105804	
  0.400444	  0.125534	  0.129357	  0.344665	
  0.295135	  0.277947	  0.223058	  0.203860	
  0.226877	  0.271621	  0.248243	  0.253258	

URL http://cisbp.ccbr.utoronto.ca/TFreport.php?versionNumber=2.00&searchTF=T372600_2.00

MOTIF M02698_2.00 (M413DRAFT_91509)_(Arabidopsis_thaliana)_(DBD_0.85)

letter-probability matrix: alength= 4 w= 11 nsites= 1 E= 0
  0.140000	  0.450000	  0.230000	  0.180000	
  0.160000	  0.270000	  0.550000	  0.020000	
  0.000000	  0.919192	  0.040404	  0.040404	
  0.000000	  0.050000	  0.930000	  0.020000	
  0.040404	  0.939394	  0.000000	  0.020202	
  0.040404	  0.020202	  0.020202	  0.919192	
  0.080808	  0.000000	  0.858586	  0.060606	
  0.960000	  0.000000	  0.020000	  0.020000	
  0.040000	  0.040000	  0.920000	  0.000000	
  0.020000	  0.550000	  0.260000	  0.170000	
  0.151515	  0.323232	  0.242424	  0.282828	

URL http://cisbp.ccbr.utoronto.ca/TFreport.php?versionNumber=2.00&searchTF=T273885_2.00

MOTIF M03094_2.00 (M413DRAFT_23455)_(Homo_sapiens)_(DBD_0.56)

letter-probability matrix: alength= 4 w= 12 nsites= 1 E= 0
  0.075193	  0.052708	  0.036750	  0.835348	
  0.012133	  0.045264	  0.932105	  0.010499	
  0.845817	  0.010811	  0.062291	  0.081081	
  0.016870	  0.950947	  0.010382	  0.021801	
  0.958232	  0.003526	  0.030377	  0.007865	
  0.045464	  0.013172	  0.766730	  0.174634	
  0.059739	  0.316739	  0.607343	  0.016179	
  0.006266	  0.028460	  0.003655	  0.961619	
  0.030352	  0.017935	  0.918602	  0.033111	
  0.179547	  0.067561	  0.020592	  0.732300	
  0.017290	  0.853624	  0.101847	  0.027238	
  0.798513	  0.042216	  0.078676	  0.080595	

URL http://cisbp.ccbr.utoronto.ca/TFreport.php?versionNumber=2.00&searchTF=T220342_2.00

MOTIF M03325_2.00 (M413DRAFT_23778)_(Homo_sapiens)_(DBD_0.35)

letter-probability matrix: alength= 4 w= 13 nsites= 1 E= 0
  0.020328	  0.009544	  0.960775	  0.009353	
  0.949448	  0.012827	  0.007545	  0.030180	
  0.835297	  0.031862	  0.023565	  0.109276	
  0.190722	  0.330287	  0.220522	  0.258468	
  0.282209	  0.216946	  0.366147	  0.134698	
  0.132278	  0.029511	  0.033109	  0.805102	
  0.071022	  0.004158	  0.070598	  0.854221	
  0.000793	  0.997721	  0.001189	  0.000297	
  0.001746	  0.253412	  0.212253	  0.532589	
  0.568436	  0.183625	  0.244438	  0.003501	
  0.006769	  0.010733	  0.973409	  0.009089	
  0.848033	  0.082975	  0.007666	  0.061326	
  0.712607	  0.078998	  0.072627	  0.135768	

URL http://cisbp.ccbr.utoronto.ca/TFreport.php?versionNumber=2.00&searchTF=T241103_2.00

MOTIF M08452_2.00 (M413DRAFT_24434)_(Saccharomyces_cerevisiae)_(DBD_0.80)

letter-probability matrix: alength= 4 w= 5 nsites= 1 E= 0
  0.000000	  0.000000	  0.000000	  1.000000	
  0.000000	  0.000000	  0.010160	  0.989840	
  0.005578	  0.000000	  0.994422	  0.000000	
  0.000000	  0.000000	  0.998223	  0.001777	
  0.158006	  0.378979	  0.030665	  0.432350	

URL http://cisbp.ccbr.utoronto.ca/TFreport.php?versionNumber=2.00&searchTF=T160116_2.00

