MEME version 4

ALPHABET= ACGT

strands: + -

Background letter frequencies (from uniform background):
A 0.25000 C 0.25000 G 0.25000 T 0.25000 

MOTIF M00112_2.00 (Hba_07416)_(Mus_musculus)_(DBD_0.81)

letter-probability matrix: alength= 4 w= 10 nsites= 1 E= 0
  0.000019	  0.999823	  0.000038	  0.000120	
  0.000091	  0.899183	  0.000093	  0.100634	
  0.023042	  0.234469	  0.177208	  0.565281	
  0.107618	  0.390953	  0.394882	  0.106547	
  0.537857	  0.155647	  0.286458	  0.020037	
  0.051649	  0.000023	  0.948115	  0.000213	
  0.000014	  0.000011	  0.999930	  0.000045	
  0.000011	  0.667311	  0.331377	  0.001301	
  0.201422	  0.246017	  0.349115	  0.203446	
  0.598826	  0.108307	  0.129667	  0.163199	

URL http://cisbp.ccbr.utoronto.ca/TFreport.php?versionNumber=2.00&searchTF=T011401_2.00

MOTIF M00161_2.00 (Hba_18950)_(Mus_musculus)_(DBD_0.44)

letter-probability matrix: alength= 4 w= 12 nsites= 1 E= 0
  0.394926	  0.201691	  0.201691	  0.201691	
  0.357836	  0.147163	  0.347838	  0.147163	
  0.159006	  0.172368	  0.068783	  0.599842	
  0.841382	  0.113021	  0.022798	  0.022798	
  0.999531	  0.000156	  0.000156	  0.000156	
  0.999531	  0.000156	  0.000156	  0.000156	
  0.000156	  0.999531	  0.000156	  0.000156	
  0.999531	  0.000156	  0.000156	  0.000156	
  0.854605	  0.048465	  0.048465	  0.048465	
  0.691020	  0.102993	  0.102993	  0.102993	
  0.181373	  0.360053	  0.181373	  0.277201	
  0.317926	  0.227358	  0.227358	  0.227358	

URL http://cisbp.ccbr.utoronto.ca/TFreport.php?versionNumber=2.00&searchTF=T190579_2.00

MOTIF M00162_2.00 (Hba_19194)_(Mus_musculus)_(DBD_0.79)

letter-probability matrix: alength= 4 w= 8 nsites= 1 E= 0
  0.160144	  0.000399	  0.839058	  0.000399	
  0.000322	  0.032539	  0.000322	  0.966817	
  0.878027	  0.121368	  0.000303	  0.000303	
  0.968826	  0.030569	  0.000303	  0.000303	
  0.999092	  0.000303	  0.000303	  0.000303	
  0.000303	  0.635896	  0.000303	  0.363499	
  0.999092	  0.000303	  0.000303	  0.000303	
  0.630777	  0.105567	  0.105567	  0.158088	

URL http://cisbp.ccbr.utoronto.ca/TFreport.php?versionNumber=2.00&searchTF=T190580_2.00

MOTIF M00185_2.00 (Hba_04825)_(Mus_musculus)_(DBD_0.63)

letter-probability matrix: alength= 4 w= 8 nsites= 1 E= 0
  0.347647	  0.151591	  0.347647	  0.153115	
  0.564155	  0.084380	  0.332064	  0.019401	
  0.004317	  0.000046	  0.955885	  0.039751	
  0.004651	  0.000012	  0.818173	  0.177164	
  0.050818	  0.035811	  0.069287	  0.844084	
  0.018541	  0.854042	  0.045150	  0.082268	
  0.872278	  0.006056	  0.104701	  0.016964	
  0.268794	  0.328306	  0.178385	  0.224515	

URL http://cisbp.ccbr.utoronto.ca/TFreport.php?versionNumber=2.00&searchTF=T308719_2.00

MOTIF M00188_2.00 (Hba_19592)_(Mus_musculus)_(DBD_0.79)

letter-probability matrix: alength= 4 w= 10 nsites= 1 E= 0
  0.104605	  0.584172	  0.194454	  0.116769	
  0.266268	  0.282733	  0.156727	  0.294272	
  0.098718	  0.112423	  0.073867	  0.714991	
  0.512814	  0.101485	  0.365006	  0.020695	
  0.255170	  0.103744	  0.573599	  0.067487	
  0.184311	  0.457887	  0.038345	  0.319457	
  0.484397	  0.018971	  0.233435	  0.263197	
  0.869982	  0.053972	  0.047869	  0.028176	
  0.021911	  0.904128	  0.002656	  0.071305	
  0.236202	  0.300271	  0.335186	  0.128340	

URL http://cisbp.ccbr.utoronto.ca/TFreport.php?versionNumber=2.00&searchTF=T319197_2.00

MOTIF M00208_2.00 (Hba_12930)_(Mus_musculus)_(DBD_0.48)

letter-probability matrix: alength= 4 w= 9 nsites= 1 E= 0
  0.610507	  0.080181	  0.080181	  0.229130	
  0.027959	  0.087421	  0.055188	  0.829432	
  0.077434	  0.030859	  0.020893	  0.870814	
  0.237747	  0.206688	  0.478765	  0.076800	
  0.240465	  0.078459	  0.077678	  0.603397	
  0.222149	  0.224382	  0.205070	  0.348399	
  0.230661	  0.273404	  0.181445	  0.314490	
  0.236240	  0.248352	  0.218077	  0.297331	
  0.240132	  0.254981	  0.252444	  0.252444	

URL http://cisbp.ccbr.utoronto.ca/TFreport.php?versionNumber=2.00&searchTF=T336379_2.00

MOTIF M00274_2.00 (Hba_16728)_(Homo_sapiens)_(DBD_0.75)

letter-probability matrix: alength= 4 w= 10 nsites= 1 E= 0
  0.274409	  0.271999	  0.277772	  0.175819	
  0.197602	  0.602344	  0.100027	  0.100027	
  0.000118	  0.000118	  0.000118	  0.999646	
  0.999646	  0.000118	  0.000118	  0.000118	
  0.999646	  0.000118	  0.000118	  0.000118	
  0.000118	  0.000118	  0.000118	  0.999646	
  0.000118	  0.999646	  0.000118	  0.000118	
  0.000118	  0.999646	  0.000118	  0.000118	
  0.074299	  0.382765	  0.468638	  0.074299	
  0.343631	  0.257011	  0.249267	  0.150091	

URL http://cisbp.ccbr.utoronto.ca/TFreport.php?versionNumber=2.00&searchTF=T234142_2.00

MOTIF M00282_2.00 (Hba_18984)_(Homo_sapiens)_(DBD_0.84)

letter-probability matrix: alength= 4 w= 8 nsites= 1 E= 0
  0.000303	  0.091102	  0.000303	  0.908293	
  0.972192	  0.000270	  0.027268	  0.000270	
  0.999190	  0.000270	  0.000270	  0.000270	
  0.000270	  0.000270	  0.000270	  0.999190	
  0.000270	  0.000270	  0.000270	  0.999190	
  0.742295	  0.000285	  0.257135	  0.000285	
  0.143010	  0.107347	  0.642297	  0.107347	
  0.105567	  0.210609	  0.105567	  0.578256	

URL http://cisbp.ccbr.utoronto.ca/TFreport.php?versionNumber=2.00&searchTF=T234151_2.00

MOTIF M00323_2.00 (Hba_00423)_(Homo_sapiens)_(DBD_0.72)

letter-probability matrix: alength= 4 w= 11 nsites= 1 E= 0
  0.179590	  0.272728	  0.179590	  0.368091	
  0.175964	  0.077189	  0.077189	  0.669658	
  0.028891	  0.225357	  0.028891	  0.716861	
  0.999830	  0.000057	  0.000057	  0.000057	
  0.999830	  0.000057	  0.000057	  0.000057	
  0.000057	  0.000057	  0.999830	  0.000057	
  0.000057	  0.000057	  0.000057	  0.999830	
  0.115394	  0.000057	  0.884493	  0.000057	
  0.070466	  0.282896	  0.576171	  0.070466	
  0.172868	  0.264524	  0.172868	  0.389741	
  0.221166	  0.221166	  0.221166	  0.336503	

URL http://cisbp.ccbr.utoronto.ca/TFreport.php?versionNumber=2.00&searchTF=T234119_2.00

MOTIF M00334_2.00 (Hba_15393)_(Homo_sapiens)_(DBD_0.58)

letter-probability matrix: alength= 4 w= 7 nsites= 1 E= 0
  0.319925	  0.157289	  0.316742	  0.206043	
  0.036978	  0.278756	  0.210679	  0.473587	
  0.510977	  0.066442	  0.313038	  0.109544	
  0.412870	  0.109195	  0.219891	  0.258045	
  0.239885	  0.167362	  0.212759	  0.379995	
  0.237774	  0.159385	  0.265422	  0.337418	
  0.255410	  0.198913	  0.285108	  0.260569	

URL http://cisbp.ccbr.utoronto.ca/TFreport.php?versionNumber=2.00&searchTF=T234138_2.00

MOTIF M00373_2.00 (Hba_15323)_(Homo_sapiens)_(DBD_0.84)

letter-probability matrix: alength= 4 w= 10 nsites= 1 E= 0
  0.411914	  0.258114	  0.164986	  0.164986	
  0.583368	  0.042923	  0.330786	  0.042923	
  0.999612	  0.000129	  0.000129	  0.000129	
  0.000129	  0.000129	  0.999612	  0.000129	
  0.839516	  0.000129	  0.160225	  0.000129	
  0.000129	  0.000129	  0.000129	  0.999612	
  0.000129	  0.999612	  0.000129	  0.000129	
  0.999612	  0.000129	  0.000129	  0.000129	
  0.477760	  0.351954	  0.085143	  0.085143	
  0.207207	  0.207207	  0.288317	  0.297270	

URL http://cisbp.ccbr.utoronto.ca/TFreport.php?versionNumber=2.00&searchTF=T308749_2.00

MOTIF M00380_2.00 (Hba_08109)_(Mus_musculus)_(DBD_0.93)

letter-probability matrix: alength= 4 w= 8 nsites= 1 E= 0
  0.197712	  0.294951	  0.128613	  0.378724	
  0.094122	  0.079407	  0.010325	  0.816145	
  0.890434	  0.022015	  0.083238	  0.004313	
  0.994089	  0.000151	  0.000109	  0.005651	
  0.011500	  0.089327	  0.025850	  0.873323	
  0.128510	  0.058910	  0.253662	  0.558919	
  0.589184	  0.038044	  0.310672	  0.062100	
  0.188759	  0.223737	  0.420090	  0.167414	

URL http://cisbp.ccbr.utoronto.ca/TFreport.php?versionNumber=2.00&searchTF=T234125_2.00

MOTIF M00385_2.00 (Hba_16454)_(Mus_musculus)_(DBD_0.90)

letter-probability matrix: alength= 4 w= 8 nsites= 1 E= 0
  0.255055	  0.187069	  0.145689	  0.412187	
  0.156259	  0.305367	  0.217351	  0.321023	
  0.515678	  0.042755	  0.332115	  0.109452	
  0.874267	  0.000203	  0.046219	  0.079312	
  0.114396	  0.028210	  0.706034	  0.151360	
  0.240421	  0.043484	  0.196840	  0.519254	
  0.348669	  0.028336	  0.499757	  0.123239	
  0.135811	  0.293320	  0.330718	  0.240150	

URL http://cisbp.ccbr.utoronto.ca/TFreport.php?versionNumber=2.00&searchTF=T234141_2.00

MOTIF M00388_2.00 (Hba_15373)_(Mus_musculus)_(DBD_0.74)

letter-probability matrix: alength= 4 w= 10 nsites= 1 E= 0
  0.247073	  0.284202	  0.206373	  0.262352	
  0.149870	  0.075171	  0.040036	  0.734924	
  0.706549	  0.090958	  0.126519	  0.075974	
  0.851645	  0.008910	  0.044131	  0.095313	
  0.070692	  0.091682	  0.096383	  0.741243	
  0.120799	  0.217919	  0.226813	  0.434469	
  0.367812	  0.088905	  0.402450	  0.140833	
  0.215590	  0.296895	  0.274069	  0.213445	
  0.220651	  0.269503	  0.211999	  0.297847	
  0.238452	  0.238452	  0.243269	  0.279826	

URL http://cisbp.ccbr.utoronto.ca/TFreport.php?versionNumber=2.00&searchTF=T234136_2.00

MOTIF M00433_2.00 (Hba_14265)_(Mus_musculus)_(DBD_0.81)

letter-probability matrix: alength= 4 w= 9 nsites= 1 E= 0
  0.239869	  0.317378	  0.190584	  0.252168	
  0.133763	  0.050707	  0.022333	  0.793196	
  0.850989	  0.020830	  0.051749	  0.076432	
  0.959274	  0.011777	  0.004509	  0.024439	
  0.324957	  0.077765	  0.136141	  0.461136	
  0.139125	  0.306548	  0.136371	  0.417956	
  0.193728	  0.061958	  0.611831	  0.132483	
  0.201560	  0.269370	  0.319285	  0.209785	
  0.174474	  0.290550	  0.187125	  0.347851	

URL http://cisbp.ccbr.utoronto.ca/TFreport.php?versionNumber=2.00&searchTF=T234133_2.00

MOTIF M00442_2.00 (Hba_06466)_(Mus_musculus)_(DBD_0.61)

letter-probability matrix: alength= 4 w= 10 nsites= 1 E= 0
  0.232947	  0.273366	  0.293187	  0.200499	
  0.212847	  0.340554	  0.181376	  0.265223	
  0.136717	  0.049300	  0.011335	  0.802648	
  0.797526	  0.087489	  0.088368	  0.026616	
  0.889584	  0.000658	  0.045639	  0.064120	
  0.150641	  0.058844	  0.122107	  0.668408	
  0.186789	  0.142591	  0.242253	  0.428367	
  0.315574	  0.091322	  0.456867	  0.136237	
  0.212950	  0.281760	  0.314523	  0.190768	
  0.193573	  0.288776	  0.231748	  0.285903	

URL http://cisbp.ccbr.utoronto.ca/TFreport.php?versionNumber=2.00&searchTF=T234124_2.00

MOTIF M00443_2.00 (Hba_21230)_(Mus_musculus)_(DBD_0.90)

letter-probability matrix: alength= 4 w= 8 nsites= 1 E= 0
  0.205661	  0.300734	  0.189849	  0.303757	
  0.125034	  0.075837	  0.035114	  0.764015	
  0.752473	  0.068263	  0.113678	  0.065586	
  0.947059	  0.000567	  0.020767	  0.031606	
  0.052681	  0.078591	  0.069010	  0.799717	
  0.162578	  0.134445	  0.157773	  0.545203	
  0.352715	  0.124669	  0.349206	  0.173410	
  0.314813	  0.200734	  0.311680	  0.172773	

URL http://cisbp.ccbr.utoronto.ca/TFreport.php?versionNumber=2.00&searchTF=T234160_2.00

MOTIF M00450_2.00 (Hba_15384)_(Mus_musculus)_(DBD_0.72)

letter-probability matrix: alength= 4 w= 9 nsites= 1 E= 0
  0.196325	  0.259764	  0.216973	  0.326938	
  0.168024	  0.144619	  0.100897	  0.586460	
  0.700378	  0.000665	  0.217374	  0.081583	
  0.964678	  0.000287	  0.006765	  0.028270	
  0.099760	  0.022937	  0.086727	  0.790576	
  0.079382	  0.133523	  0.297160	  0.489935	
  0.592997	  0.034302	  0.309572	  0.063130	
  0.209422	  0.321935	  0.297183	  0.171460	
  0.160609	  0.343427	  0.206226	  0.289737	

URL http://cisbp.ccbr.utoronto.ca/TFreport.php?versionNumber=2.00&searchTF=T234137_2.00

MOTIF M00484_2.00 (Hba_19829)_(Mus_musculus)_(DBD_0.77)

letter-probability matrix: alength= 4 w= 8 nsites= 1 E= 0
  0.260569	  0.255410	  0.285108	  0.198913	
  0.177845	  0.320830	  0.230652	  0.270673	
  0.114497	  0.403649	  0.048938	  0.432917	
  0.580843	  0.152091	  0.107177	  0.159889	
  0.790662	  0.111371	  0.053137	  0.044830	
  0.121087	  0.104221	  0.012262	  0.762430	
  0.136206	  0.248183	  0.120804	  0.494807	
  0.509367	  0.130735	  0.162905	  0.196993	

URL http://cisbp.ccbr.utoronto.ca/TFreport.php?versionNumber=2.00&searchTF=T234154_2.00

MOTIF M00495_2.00 (Hba_18012)_(Mus_musculus)_(DBD_0.61)

letter-probability matrix: alength= 4 w= 9 nsites= 1 E= 0
  0.184447	  0.364076	  0.184447	  0.267030	
  0.116544	  0.046445	  0.001308	  0.835703	
  0.822965	  0.097799	  0.078485	  0.000750	
  0.891592	  0.011056	  0.021179	  0.076173	
  0.116988	  0.045699	  0.100693	  0.736620	
  0.189372	  0.123188	  0.282510	  0.404930	
  0.430266	  0.105047	  0.303203	  0.161484	
  0.227412	  0.274998	  0.297901	  0.199689	
  0.184723	  0.307617	  0.234829	  0.272832	

URL http://cisbp.ccbr.utoronto.ca/TFreport.php?versionNumber=2.00&searchTF=T234147_2.00

MOTIF M00513_2.00 (Hba_18275)_(Mus_musculus)_(DBD_0.91)

letter-probability matrix: alength= 4 w= 9 nsites= 1 E= 0
  0.266112	  0.222276	  0.229045	  0.282568	
  0.237101	  0.188385	  0.227804	  0.346709	
  0.168681	  0.122488	  0.165341	  0.543490	
  0.135910	  0.075339	  0.627657	  0.161095	
  0.670614	  0.096370	  0.100303	  0.132714	
  0.153825	  0.312879	  0.143425	  0.389871	
  0.261540	  0.143536	  0.378641	  0.216283	
  0.251042	  0.207601	  0.277444	  0.263913	
  0.263023	  0.226386	  0.344550	  0.166042	

URL http://cisbp.ccbr.utoronto.ca/TFreport.php?versionNumber=2.00&searchTF=T234149_2.00

MOTIF M00516_2.00 (Hba_14323)_(Mus_musculus)_(DBD_0.90)

letter-probability matrix: alength= 4 w= 9 nsites= 1 E= 0
  0.266806	  0.229642	  0.205721	  0.297830	
  0.116229	  0.082729	  0.031676	  0.769366	
  0.886269	  0.000274	  0.097224	  0.016233	
  0.956010	  0.016164	  0.000365	  0.027461	
  0.057873	  0.196026	  0.082125	  0.663976	
  0.104695	  0.230685	  0.333971	  0.330648	
  0.326888	  0.077449	  0.441252	  0.154411	
  0.189730	  0.271946	  0.338866	  0.199458	
  0.170012	  0.319216	  0.175189	  0.335583	

URL http://cisbp.ccbr.utoronto.ca/TFreport.php?versionNumber=2.00&searchTF=T234134_2.00

MOTIF M00587_2.00 (Hba_14997)_(Caenorhabditis_elegans)_(DBD_0.89)

letter-probability matrix: alength= 4 w= 8 nsites= 1 E= 0
  0.074832	  0.102859	  0.037463	  0.784847	
  0.000066	  0.999803	  0.000066	  0.000066	
  0.000066	  0.026375	  0.973494	  0.000066	
  0.592015	  0.032952	  0.374967	  0.000066	
  0.000066	  0.000066	  0.999803	  0.000066	
  0.993225	  0.000066	  0.006643	  0.000066	
  0.140532	  0.280981	  0.363599	  0.214888	
  0.092027	  0.402229	  0.034582	  0.471163	

URL http://cisbp.ccbr.utoronto.ca/TFreport.php?versionNumber=2.00&searchTF=T029364_2.00

MOTIF M00590_2.00 (Hba_18627)_(Caenorhabditis_elegans)_(DBD_0.71)

letter-probability matrix: alength= 4 w= 9 nsites= 1 E= 0
  0.264626	  0.230055	  0.343202	  0.162117	
  0.035056	  0.229738	  0.009650	  0.725557	
  0.000776	  0.000130	  0.998484	  0.000610	
  0.000515	  0.999363	  0.000060	  0.000062	
  0.000655	  0.000121	  0.999191	  0.000033	
  0.015327	  0.953021	  0.012931	  0.018721	
  0.398849	  0.009012	  0.577428	  0.014711	
  0.371096	  0.072709	  0.439862	  0.116333	
  0.247681	  0.247681	  0.211060	  0.293578	

URL http://cisbp.ccbr.utoronto.ca/TFreport.php?versionNumber=2.00&searchTF=T055879_2.00

MOTIF M00605_2.00 (Hba_18554)_(Caenorhabditis_elegans)_(DBD_0.74)

letter-probability matrix: alength= 4 w= 13 nsites= 1 E= 0
  0.230644	  0.230644	  0.230644	  0.308069	
  0.230644	  0.230644	  0.308069	  0.230644	
  0.195361	  0.042431	  0.042431	  0.719777	
  0.105121	  0.022865	  0.128036	  0.743978	
  0.853680	  0.022865	  0.100590	  0.022865	
  0.000176	  0.673192	  0.000176	  0.326456	
  0.236202	  0.000176	  0.687605	  0.076018	
  0.076018	  0.420964	  0.077601	  0.425417	
  0.790056	  0.095374	  0.019532	  0.095037	
  0.780883	  0.097796	  0.019532	  0.101789	
  0.376765	  0.207745	  0.207745	  0.207745	
  0.227311	  0.227311	  0.227311	  0.318067	
  0.318067	  0.227311	  0.227311	  0.227311	

URL http://cisbp.ccbr.utoronto.ca/TFreport.php?versionNumber=2.00&searchTF=T074495_2.00

MOTIF M00620_2.00 (Hba_14230)_(Caenorhabditis_elegans)_(DBD_0.91)

letter-probability matrix: alength= 4 w= 10 nsites= 1 E= 0
  0.191185	  0.299838	  0.187399	  0.321578	
  0.434373	  0.011634	  0.338290	  0.215703	
  0.072394	  0.118170	  0.556755	  0.252680	
  0.038220	  0.058169	  0.002755	  0.900857	
  0.004021	  0.003566	  0.721592	  0.270821	
  0.004412	  0.007060	  0.001776	  0.986752	
  0.942731	  0.006289	  0.023076	  0.027904	
  0.839473	  0.104875	  0.025605	  0.030047	
  0.329916	  0.186576	  0.080547	  0.402961	
  0.389696	  0.175101	  0.282977	  0.152226	

URL http://cisbp.ccbr.utoronto.ca/TFreport.php?versionNumber=2.00&searchTF=T153757_2.00

MOTIF M00638_2.00 (Hba_12492)_(Caenorhabditis_elegans)_(DBD_0.87)

letter-probability matrix: alength= 4 w= 10 nsites= 1 E= 0
  0.210067	  0.246516	  0.190077	  0.353339	
  0.208071	  0.223158	  0.264511	  0.304260	
  0.273165	  0.099492	  0.172444	  0.454899	
  0.377830	  0.255813	  0.134888	  0.231469	
  0.223435	  0.756818	  0.000076	  0.019671	
  0.002609	  0.971445	  0.014714	  0.011232	
  0.010416	  0.002468	  0.001382	  0.985734	
  0.008187	  0.965392	  0.000305	  0.026116	
  0.575778	  0.180498	  0.152280	  0.091444	
  0.290872	  0.279467	  0.181796	  0.247865	

URL http://cisbp.ccbr.utoronto.ca/TFreport.php?versionNumber=2.00&searchTF=T153754_2.00

MOTIF M00650_2.00 (Hba_17025)_(Caenorhabditis_elegans)_(DBD_0.93)

letter-probability matrix: alength= 4 w= 8 nsites= 1 E= 0
  0.491059	  0.157959	  0.263149	  0.087833	
  0.986454	  0.000132	  0.000132	  0.013282	
  0.947002	  0.000132	  0.052735	  0.000132	
  0.013282	  0.000132	  0.933851	  0.052735	
  0.000132	  0.013282	  0.000132	  0.986454	
  0.026433	  0.013282	  0.013282	  0.947002	
  0.034631	  0.155238	  0.120779	  0.689352	
  0.200050	  0.200050	  0.449800	  0.150100	

URL http://cisbp.ccbr.utoronto.ca/TFreport.php?versionNumber=2.00&searchTF=T159635_2.00

MOTIF M00655_2.00 (Hba_17510)_(Caenorhabditis_elegans)_(DBD_0.89)

letter-probability matrix: alength= 4 w= 10 nsites= 1 E= 0
  0.391891	  0.169183	  0.215074	  0.223852	
  0.430488	  0.152158	  0.166487	  0.250866	
  0.501516	  0.084575	  0.127439	  0.286471	
  0.412736	  0.073172	  0.093019	  0.421073	
  0.183073	  0.063427	  0.566730	  0.186771	
  0.181980	  0.074731	  0.034257	  0.709031	
  0.221202	  0.109846	  0.227939	  0.441014	
  0.331497	  0.209269	  0.201063	  0.258170	
  0.259050	  0.332627	  0.161907	  0.246416	
  0.277178	  0.263660	  0.203295	  0.255867	

URL http://cisbp.ccbr.utoronto.ca/TFreport.php?versionNumber=2.00&searchTF=T169809_2.00

MOTIF M00656_2.00 (Hba_09447)_(Caenorhabditis_elegans)_(DBD_0.98)

letter-probability matrix: alength= 4 w= 10 nsites= 1 E= 0
  0.399025	  0.136869	  0.188486	  0.275620	
  0.310127	  0.107445	  0.086227	  0.496201	
  0.141909	  0.062501	  0.661946	  0.133645	
  0.088249	  0.038098	  0.002204	  0.871450	
  0.698396	  0.039204	  0.103419	  0.158981	
  0.217536	  0.066179	  0.106951	  0.609334	
  0.133729	  0.655771	  0.067075	  0.143425	
  0.388300	  0.157871	  0.198697	  0.255132	
  0.411135	  0.162215	  0.172246	  0.254404	
  0.291260	  0.149040	  0.185715	  0.373985	

URL http://cisbp.ccbr.utoronto.ca/TFreport.php?versionNumber=2.00&searchTF=T169807_2.00

MOTIF M00657_2.00 (Hba_18605)_(Caenorhabditis_elegans)_(DBD_0.89)

letter-probability matrix: alength= 4 w= 8 nsites= 1 E= 0
  0.767638	  0.077454	  0.077454	  0.077454	
  0.646127	  0.059272	  0.059272	  0.235329	
  0.048004	  0.048004	  0.000475	  0.903517	
  0.000454	  0.000454	  0.998639	  0.000454	
  0.000454	  0.000454	  0.000454	  0.998639	
  0.000454	  0.000454	  0.000454	  0.998639	
  0.000454	  0.000454	  0.181942	  0.817151	
  0.000554	  0.998337	  0.000554	  0.000554	

URL http://cisbp.ccbr.utoronto.ca/TFreport.php?versionNumber=2.00&searchTF=T169811_2.00

MOTIF M00660_2.00 (Hba_11006)_(Caenorhabditis_elegans)_(DBD_0.72)

letter-probability matrix: alength= 4 w= 10 nsites= 1 E= 0
  0.096878	  0.086787	  0.048592	  0.767743	
  0.004260	  0.001972	  0.991566	  0.002202	
  0.002889	  0.002776	  0.001140	  0.993195	
  0.120377	  0.093749	  0.020300	  0.765574	
  0.209974	  0.017584	  0.762792	  0.009650	
  0.632316	  0.357591	  0.001599	  0.008494	
  0.992452	  0.001974	  0.002117	  0.003456	
  0.865828	  0.008791	  0.004635	  0.120746	
  0.435155	  0.077922	  0.097096	  0.389827	
  0.300175	  0.171463	  0.150561	  0.377801	

URL http://cisbp.ccbr.utoronto.ca/TFreport.php?versionNumber=2.00&searchTF=T169808_2.00

MOTIF M00661_2.00 (Hba_03543)_(Caenorhabditis_elegans)_(DBD_0.73)

letter-probability matrix: alength= 4 w= 6 nsites= 1 E= 0
  0.985294	  0.004902	  0.004902	  0.004902	
  0.004902	  0.985294	  0.004902	  0.004902	
  0.004902	  0.985294	  0.004902	  0.004902	
  0.004902	  0.004902	  0.004902	  0.985294	
  0.004902	  0.004902	  0.004902	  0.985294	
  0.004902	  0.004902	  0.004902	  0.985294	

URL http://cisbp.ccbr.utoronto.ca/TFreport.php?versionNumber=2.00&searchTF=T169806_2.00

MOTIF M00664_2.00 (Hba_11444)_(Caenorhabditis_elegans)_(DBD_0.80)

letter-probability matrix: alength= 4 w= 8 nsites= 1 E= 0
  0.597222	  0.001984	  0.398810	  0.001984	
  0.001656	  0.001656	  0.001656	  0.995033	
  0.995033	  0.001656	  0.001656	  0.001656	
  0.995033	  0.001656	  0.001656	  0.001656	
  0.995033	  0.001656	  0.001656	  0.001656	
  0.001656	  0.995033	  0.001656	  0.001656	
  0.995033	  0.001656	  0.001656	  0.001656	
  0.745050	  0.002475	  0.002475	  0.250000	

URL http://cisbp.ccbr.utoronto.ca/TFreport.php?versionNumber=2.00&searchTF=T190572_2.00

MOTIF M00671_2.00 (Hba_20723)_(Caenorhabditis_elegans)_(DBD_0.70)

letter-probability matrix: alength= 4 w= 10 nsites= 1 E= 0
  0.271803	  0.163217	  0.084359	  0.480621	
  0.100398	  0.101407	  0.033755	  0.764439	
  0.843498	  0.017246	  0.067192	  0.072064	
  0.923696	  0.014417	  0.007377	  0.054510	
  0.030333	  0.028566	  0.032208	  0.908893	
  0.073324	  0.018447	  0.099971	  0.808259	
  0.601590	  0.017986	  0.323622	  0.056802	
  0.201761	  0.297997	  0.346223	  0.154020	
  0.139530	  0.323202	  0.194081	  0.343187	
  0.146951	  0.379972	  0.174181	  0.298896	

URL http://cisbp.ccbr.utoronto.ca/TFreport.php?versionNumber=2.00&searchTF=T234158_2.00

MOTIF M00672_2.00 (Hba_21358)_(Caenorhabditis_elegans)_(DBD_0.82)

letter-probability matrix: alength= 4 w= 10 nsites= 1 E= 0
  0.304211	  0.190132	  0.278028	  0.227630	
  0.304959	  0.179501	  0.311120	  0.204420	
  0.257752	  0.194805	  0.400213	  0.147230	
  0.322272	  0.102043	  0.495415	  0.080270	
  0.158977	  0.040397	  0.272805	  0.527821	
  0.768550	  0.000667	  0.163123	  0.067661	
  0.178476	  0.072563	  0.132218	  0.616743	
  0.252364	  0.384088	  0.144153	  0.219395	
  0.421441	  0.161367	  0.276907	  0.140286	
  0.311045	  0.183083	  0.273128	  0.232744	

URL http://cisbp.ccbr.utoronto.ca/TFreport.php?versionNumber=2.00&searchTF=T234161_2.00

MOTIF M00684_2.00 (Hba_21368)_(Caenorhabditis_elegans)_(DBD_0.89)

letter-probability matrix: alength= 4 w= 9 nsites= 1 E= 0
  0.033608	  0.800117	  0.012613	  0.153662	
  0.338473	  0.233795	  0.124517	  0.303215	
  0.334103	  0.034517	  0.058058	  0.573322	
  0.679324	  0.064787	  0.114560	  0.141330	
  0.153309	  0.129342	  0.070278	  0.647071	
  0.690491	  0.037241	  0.035424	  0.236844	
  0.396764	  0.085059	  0.151918	  0.366259	
  0.161616	  0.019990	  0.800487	  0.017908	
  0.000020	  0.000025	  0.999712	  0.000244	

URL http://cisbp.ccbr.utoronto.ca/TFreport.php?versionNumber=2.00&searchTF=T259576_2.00

MOTIF M00687_2.00 (Hba_14163)_(Caenorhabditis_elegans)_(DBD_0.66)

letter-probability matrix: alength= 4 w= 10 nsites= 1 E= 0
  0.424708	  0.167570	  0.181526	  0.226196	
  0.394760	  0.138142	  0.230046	  0.237052	
  0.621952	  0.129394	  0.123084	  0.125570	
  0.127104	  0.096063	  0.661826	  0.115008	
  0.473338	  0.032454	  0.247104	  0.247104	
  0.178424	  0.238451	  0.102942	  0.480182	
  0.124009	  0.620395	  0.086518	  0.169077	
  0.778907	  0.000116	  0.190165	  0.030812	
  0.331200	  0.215448	  0.235738	  0.217614	
  0.270667	  0.235307	  0.206622	  0.287404	

URL http://cisbp.ccbr.utoronto.ca/TFreport.php?versionNumber=2.00&searchTF=T308742_2.00

MOTIF M00688_2.00 (Hba_07236)_(Caenorhabditis_elegans)_(DBD_0.72)

letter-probability matrix: alength= 4 w= 12 nsites= 1 E= 0
  0.225809	  0.225809	  0.322573	  0.225809	
  0.578289	  0.140570	  0.140570	  0.140570	
  0.627365	  0.040315	  0.292005	  0.040315	
  0.629321	  0.116839	  0.020075	  0.233765	
  0.000106	  0.000106	  0.999681	  0.000106	
  0.090084	  0.000106	  0.000106	  0.909703	
  0.729565	  0.000106	  0.173458	  0.096870	
  0.000106	  0.999681	  0.000106	  0.000106	
  0.721541	  0.024297	  0.229864	  0.024297	
  0.109536	  0.581414	  0.199514	  0.109536	
  0.370627	  0.209791	  0.209791	  0.209791	
  0.230031	  0.230031	  0.230031	  0.309906	

URL http://cisbp.ccbr.utoronto.ca/TFreport.php?versionNumber=2.00&searchTF=T308723_2.00

MOTIF M00689_2.00 (Hba_06510)_(Caenorhabditis_elegans)_(DBD_0.64)

letter-probability matrix: alength= 4 w= 9 nsites= 1 E= 0
  0.597035	  0.077111	  0.077111	  0.248744	
  0.833606	  0.000140	  0.166115	  0.000140	
  0.999581	  0.000140	  0.000140	  0.000140	
  0.081900	  0.000140	  0.835503	  0.082457	
  0.917820	  0.000140	  0.000140	  0.081900	
  0.000140	  0.418083	  0.000140	  0.581638	
  0.082457	  0.835503	  0.000140	  0.081900	
  0.835503	  0.000140	  0.000140	  0.164218	
  0.399246	  0.254695	  0.173029	  0.173029	

URL http://cisbp.ccbr.utoronto.ca/TFreport.php?versionNumber=2.00&searchTF=T308721_2.00

MOTIF M00690_2.00 (Hba_17038)_(Caenorhabditis_elegans)_(DBD_0.61)

letter-probability matrix: alength= 4 w= 10 nsites= 1 E= 0
  0.316056	  0.227220	  0.227220	  0.229504	
  0.308610	  0.190963	  0.293559	  0.206868	
  0.425693	  0.181948	  0.201083	  0.191276	
  0.203406	  0.147703	  0.480682	  0.168209	
  0.452722	  0.080261	  0.189668	  0.277349	
  0.176134	  0.284646	  0.114577	  0.424642	
  0.120807	  0.580678	  0.107147	  0.191368	
  0.691872	  0.002972	  0.221274	  0.083881	
  0.368959	  0.196504	  0.223785	  0.210752	
  0.304886	  0.214850	  0.228135	  0.252129	

URL http://cisbp.ccbr.utoronto.ca/TFreport.php?versionNumber=2.00&searchTF=T308752_2.00

MOTIF M00697_2.00 (Hba_12147)_(Caenorhabditis_elegans)_(DBD_0.68)

letter-probability matrix: alength= 4 w= 11 nsites= 1 E= 0
  0.228323	  0.228323	  0.228323	  0.315031	
  0.459574	  0.116142	  0.193797	  0.230487	
  0.637530	  0.021526	  0.021526	  0.319419	
  0.000084	  0.000084	  0.000084	  0.999747	
  0.000084	  0.000084	  0.000084	  0.999747	
  0.000084	  0.000084	  0.999747	  0.000084	
  0.000084	  0.000084	  0.000084	  0.999747	
  0.999747	  0.000084	  0.000084	  0.000084	
  0.021761	  0.021761	  0.741842	  0.214635	
  0.212471	  0.217226	  0.133942	  0.436361	
  0.314324	  0.228559	  0.228559	  0.228559	

URL http://cisbp.ccbr.utoronto.ca/TFreport.php?versionNumber=2.00&searchTF=T308734_2.00

MOTIF M00698_2.00 (Hba_12763)_(Caenorhabditis_elegans)_(DBD_0.56)

letter-probability matrix: alength= 4 w= 10 nsites= 1 E= 0
  0.238923	  0.193667	  0.393917	  0.173493	
  0.334981	  0.103967	  0.494760	  0.066292	
  0.104981	  0.514802	  0.248088	  0.132129	
  0.496037	  0.009177	  0.367473	  0.127313	
  0.092803	  0.473654	  0.021769	  0.411775	
  0.020327	  0.890665	  0.018765	  0.070244	
  0.834674	  0.019050	  0.074966	  0.071310	
  0.394190	  0.289117	  0.098183	  0.218510	
  0.375474	  0.078115	  0.039575	  0.506836	
  0.297767	  0.122280	  0.197613	  0.382340	

URL http://cisbp.ccbr.utoronto.ca/TFreport.php?versionNumber=2.00&searchTF=T308735_2.00

MOTIF M00710_2.00 (Hba_18920)_(Caenorhabditis_elegans)_(DBD_0.96)

letter-probability matrix: alength= 4 w= 10 nsites= 1 E= 0
  0.450923	  0.148771	  0.148771	  0.251536	
  0.298333	  0.204180	  0.289058	  0.208429	
  0.896801	  0.000144	  0.000144	  0.102910	
  0.910076	  0.089635	  0.000144	  0.000144	
  0.089635	  0.807310	  0.000144	  0.102910	
  0.999567	  0.000144	  0.000144	  0.000144	
  0.999567	  0.000144	  0.000144	  0.000144	
  0.000144	  0.000144	  0.000144	  0.999567	
  0.609680	  0.101374	  0.101374	  0.187572	
  0.240264	  0.237286	  0.371677	  0.150773	

URL http://cisbp.ccbr.utoronto.ca/TFreport.php?versionNumber=2.00&searchTF=T336384_2.00

MOTIF M00711_2.00 (Hba_18941)_(Caenorhabditis_elegans)_(DBD_0.84)

letter-probability matrix: alength= 4 w= 8 nsites= 1 E= 0
  0.332931	  0.201933	  0.220950	  0.244187	
  0.230872	  0.107971	  0.064191	  0.596967	
  0.157943	  0.314893	  0.388476	  0.138689	
  0.623919	  0.073407	  0.103133	  0.199541	
  0.638735	  0.143953	  0.138309	  0.079003	
  0.199110	  0.103945	  0.061797	  0.635148	
  0.196117	  0.123805	  0.445283	  0.234795	
  0.339200	  0.127306	  0.335825	  0.197668	

URL http://cisbp.ccbr.utoronto.ca/TFreport.php?versionNumber=2.00&searchTF=T336385_2.00

MOTIF M00812_2.00 (Hba_20244)_(Mus_musculus)_(DBD_0.74)

letter-probability matrix: alength= 4 w= 10 nsites= 1 E= 0
  0.379815	  0.194355	  0.181215	  0.244615	
  0.407372	  0.085604	  0.411467	  0.095557	
  0.554847	  0.019860	  0.402902	  0.022392	
  0.040332	  0.042826	  0.860178	  0.056664	
  0.039304	  0.043874	  0.855183	  0.061640	
  0.038125	  0.034497	  0.019705	  0.907672	
  0.038345	  0.826032	  0.024944	  0.110679	
  0.828935	  0.008672	  0.108869	  0.053525	
  0.272965	  0.307768	  0.154369	  0.264898	
  0.238917	  0.258816	  0.300701	  0.201566	

URL http://cisbp.ccbr.utoronto.ca/TFreport.php?versionNumber=2.00&searchTF=T308760_2.00

MOTIF M00814_2.00 (Hba_13386)_(Mus_musculus)_(DBD_0.67)

letter-probability matrix: alength= 4 w= 10 nsites= 1 E= 0
  0.296858	  0.205050	  0.290980	  0.207111	
  0.392281	  0.196759	  0.273685	  0.137274	
  0.420113	  0.172522	  0.225998	  0.181367	
  0.197590	  0.001457	  0.754605	  0.046349	
  0.075816	  0.167052	  0.079703	  0.677429	
  0.062524	  0.675561	  0.045858	  0.216057	
  0.683906	  0.024236	  0.234586	  0.057273	
  0.316686	  0.234607	  0.229961	  0.218746	
  0.257859	  0.257859	  0.226424	  0.257859	
  0.252243	  0.249733	  0.232849	  0.265175	

URL http://cisbp.ccbr.utoronto.ca/TFreport.php?versionNumber=2.00&searchTF=T308738_2.00

MOTIF M00816_2.00 (Hba_21624)_(Mus_musculus)_(DBD_0.73)

letter-probability matrix: alength= 4 w= 8 nsites= 1 E= 0
  0.184211	  0.552632	  0.184211	  0.078947	
  0.823529	  0.019608	  0.137255	  0.019608	
  0.949153	  0.016949	  0.016949	  0.016949	
  0.016949	  0.016949	  0.949153	  0.016949	
  0.016949	  0.016949	  0.949153	  0.016949	
  0.084746	  0.135593	  0.016949	  0.762712	
  0.017857	  0.910714	  0.017857	  0.053571	
  0.700000	  0.025000	  0.250000	  0.025000	

URL http://cisbp.ccbr.utoronto.ca/TFreport.php?versionNumber=2.00&searchTF=T308762_2.00

MOTIF M00820_2.00 (Hba_04100)_(Mus_musculus)_(DBD_0.63)

letter-probability matrix: alength= 4 w= 9 nsites= 1 E= 0
  0.170296	  0.143673	  0.283593	  0.402438	
  0.522054	  0.017423	  0.453852	  0.006671	
  0.001380	  0.000572	  0.964866	  0.033181	
  0.003697	  0.000059	  0.979842	  0.016402	
  0.025517	  0.045121	  0.049866	  0.879495	
  0.004749	  0.951419	  0.000105	  0.043727	
  0.896156	  0.008399	  0.093514	  0.001931	
  0.314254	  0.333687	  0.181309	  0.170750	
  0.211439	  0.352108	  0.243213	  0.193241	

URL http://cisbp.ccbr.utoronto.ca/TFreport.php?versionNumber=2.00&searchTF=T308718_2.00

MOTIF M00830_2.00 (Hba_14542)_(Mus_musculus)_(DBD_0.76)

letter-probability matrix: alength= 4 w= 10 nsites= 1 E= 0
  0.191800	  0.216254	  0.205707	  0.386238	
  0.129497	  0.255612	  0.094979	  0.519912	
  0.276747	  0.318335	  0.296813	  0.108105	
  0.606665	  0.065889	  0.160449	  0.166997	
  0.051653	  0.884082	  0.003649	  0.060615	
  0.820199	  0.000121	  0.179387	  0.000292	
  0.098877	  0.783582	  0.066945	  0.050596	
  0.123283	  0.515161	  0.158298	  0.203259	
  0.152301	  0.195558	  0.093304	  0.558837	
  0.251217	  0.283247	  0.149354	  0.316182	

URL http://cisbp.ccbr.utoronto.ca/TFreport.php?versionNumber=2.00&searchTF=T341729_2.00

MOTIF M00889_2.00 (Hba_16915)_(Arabidopsis_thaliana)_(DBD_0.21)

letter-probability matrix: alength= 4 w= 12 nsites= 1 E= 0
  0.304734	  0.198088	  0.299091	  0.198088	
  0.764758	  0.078414	  0.078414	  0.078414	
  0.146666	  0.050698	  0.050698	  0.751939	
  0.625315	  0.121356	  0.227065	  0.026263	
  0.903017	  0.096306	  0.000338	  0.000338	
  0.094494	  0.000338	  0.096306	  0.808861	
  0.095431	  0.000338	  0.000338	  0.903893	
  0.904830	  0.094494	  0.000338	  0.000338	
  0.347844	  0.052250	  0.152763	  0.447143	
  0.282790	  0.275625	  0.171924	  0.269661	
  0.199641	  0.297377	  0.303342	  0.199641	
  0.327776	  0.224075	  0.224075	  0.224075	

URL http://cisbp.ccbr.utoronto.ca/TFreport.php?versionNumber=2.00&searchTF=T336382_2.00

MOTIF M01106_2.00 (Hba_03298)_(Trichomonas_vaginalis)_(DBD_0.74)

letter-probability matrix: alength= 4 w= 8 nsites= 1 E= 0
  0.483861	  0.092001	  0.215250	  0.208888	
  0.550968	  0.140005	  0.167616	  0.141412	
  0.561595	  0.058603	  0.114524	  0.265279	
  0.513647	  0.040106	  0.069515	  0.376733	
  0.597236	  0.037424	  0.030948	  0.334392	
  0.763937	  0.036910	  0.033733	  0.165420	
  0.582011	  0.007741	  0.027840	  0.382408	
  0.380653	  0.020326	  0.002038	  0.596983	

URL http://cisbp.ccbr.utoronto.ca/TFreport.php?versionNumber=2.00&searchTF=T018176_2.00

MOTIF M01108_2.00 (Hba_16828)_(Cannabis_sativa)_(DBD_0.67)

letter-probability matrix: alength= 4 w= 8 nsites= 1 E= 0
  0.423349	  0.124985	  0.199976	  0.251690	
  0.536851	  0.107310	  0.184144	  0.171695	
  0.591376	  0.053115	  0.110217	  0.245293	
  0.501697	  0.035093	  0.048327	  0.414883	
  0.577953	  0.029949	  0.019876	  0.372223	
  0.852706	  0.028458	  0.018512	  0.100325	
  0.520642	  0.014806	  0.038285	  0.426266	
  0.279377	  0.068208	  0.066858	  0.585557	

URL http://cisbp.ccbr.utoronto.ca/TFreport.php?versionNumber=2.00&searchTF=T018179_2.00

MOTIF M01141_2.00 (Hba_12020)_(Caenorhabditis_briggsae)_(DBD_0.63)

letter-probability matrix: alength= 4 w= 10 nsites= 1 E= 0
  0.396695	  0.167866	  0.144484	  0.290955	
  0.555037	  0.047420	  0.379568	  0.017976	
  0.002357	  0.007982	  0.000117	  0.989544	
  0.003280	  0.003849	  0.990076	  0.002795	
  0.956624	  0.000420	  0.009056	  0.033900	
  0.002941	  0.779543	  0.011344	  0.206172	
  0.146554	  0.034035	  0.818434	  0.000978	
  0.022269	  0.029172	  0.011059	  0.937500	
  0.135371	  0.516987	  0.272603	  0.075040	
  0.635454	  0.133532	  0.127019	  0.103995	

URL http://cisbp.ccbr.utoronto.ca/TFreport.php?versionNumber=2.00&searchTF=T074489_2.00

MOTIF M01144_2.00 (Hba_16485)_(Caenorhabditis_elegans)_(DBD_0.54)

letter-probability matrix: alength= 4 w= 7 nsites= 1 E= 0
  0.004902	  0.004902	  0.004902	  0.985294	
  0.004902	  0.004902	  0.985294	  0.004902	
  0.985294	  0.004902	  0.004902	  0.004902	
  0.004902	  0.985294	  0.004902	  0.004902	
  0.004902	  0.004902	  0.004902	  0.985294	
  0.004902	  0.985294	  0.004902	  0.004902	
  0.985294	  0.004902	  0.004902	  0.004902	

URL http://cisbp.ccbr.utoronto.ca/TFreport.php?versionNumber=2.00&searchTF=T074494_2.00

MOTIF M01207_2.00 (Hba_02103)_(Nematostella_vectensis)_(DBD_0.77)

letter-probability matrix: alength= 4 w= 8 nsites= 1 E= 0
  0.232170	  0.212188	  0.304135	  0.251507	
  0.318185	  0.224221	  0.224221	  0.233372	
  0.298893	  0.175930	  0.235118	  0.290059	
  0.223616	  0.112160	  0.512823	  0.151401	
  0.457101	  0.032619	  0.335259	  0.175021	
  0.190205	  0.175581	  0.002713	  0.631501	
  0.460236	  0.057497	  0.380596	  0.101671	
  0.203386	  0.149173	  0.475851	  0.171590	

URL http://cisbp.ccbr.utoronto.ca/TFreport.php?versionNumber=2.00&searchTF=T165788_2.00

MOTIF M01230_2.00 (Hba_00399)_(Caenorhabditis_briggsae)_(DBD_0.86)

letter-probability matrix: alength= 4 w= 8 nsites= 1 E= 0
  0.320504	  0.206417	  0.040443	  0.432636	
  0.023354	  0.021344	  0.925908	  0.029394	
  0.966227	  0.004408	  0.005950	  0.023416	
  0.012811	  0.004394	  0.009878	  0.972917	
  0.804345	  0.048426	  0.012936	  0.134294	
  0.447832	  0.213667	  0.143225	  0.195277	
  0.173611	  0.300912	  0.339277	  0.186199	
  0.297346	  0.241024	  0.306402	  0.155228	

URL http://cisbp.ccbr.utoronto.ca/TFreport.php?versionNumber=2.00&searchTF=T197515_2.00

MOTIF M01231_2.00 (Hba_15007)_(Caenorhabditis_briggsae)_(DBD_0.97)

letter-probability matrix: alength= 4 w= 8 nsites= 1 E= 0
  0.170017	  0.359926	  0.338965	  0.131092	
  0.041665	  0.018535	  0.005639	  0.934162	
  0.002064	  0.000107	  0.996804	  0.001025	
  0.956878	  0.001885	  0.000233	  0.041004	
  0.001041	  0.005314	  0.000961	  0.992683	
  0.801570	  0.044548	  0.008905	  0.144977	
  0.731075	  0.036764	  0.099935	  0.132226	
  0.195054	  0.302862	  0.318390	  0.183695	

URL http://cisbp.ccbr.utoronto.ca/TFreport.php?versionNumber=2.00&searchTF=T197517_2.00

MOTIF M01241_2.00 (Hba_20405)_(Caenorhabditis_briggsae)_(DBD_0.96)

letter-probability matrix: alength= 4 w= 8 nsites= 1 E= 0
  0.266652	  0.200044	  0.155639	  0.377664	
  0.016280	  0.000161	  0.000161	  0.983398	
  0.999516	  0.000161	  0.000161	  0.000161	
  0.999516	  0.000161	  0.000161	  0.000161	
  0.000161	  0.000161	  0.000161	  0.999516	
  0.016547	  0.983126	  0.000164	  0.000164	
  0.055699	  0.869911	  0.000185	  0.074204	
  0.222253	  0.305494	  0.194506	  0.277747	

URL http://cisbp.ccbr.utoronto.ca/TFreport.php?versionNumber=2.00&searchTF=T234157_2.00

MOTIF M01242_2.00 (Hba_01067)_(Caenorhabditis_briggsae)_(DBD_0.86)

letter-probability matrix: alength= 4 w= 11 nsites= 1 E= 0
  0.200283	  0.200283	  0.200283	  0.399150	
  0.234728	  0.512860	  0.126206	  0.126206	
  0.102295	  0.102295	  0.192640	  0.602771	
  0.000225	  0.000225	  0.000225	  0.999324	
  0.908979	  0.000225	  0.000225	  0.090570	
  0.809684	  0.000225	  0.000225	  0.189866	
  0.095871	  0.000225	  0.000225	  0.903679	
  0.199092	  0.000225	  0.314165	  0.486518	
  0.244008	  0.049942	  0.439910	  0.266140	
  0.340217	  0.411744	  0.124019	  0.124019	
  0.241925	  0.241523	  0.147931	  0.368621	

URL http://cisbp.ccbr.utoronto.ca/TFreport.php?versionNumber=2.00&searchTF=T234120_2.00

MOTIF M01244_2.00 (Hba_19656)_(Caenorhabditis_briggsae)_(DBD_0.91)

letter-probability matrix: alength= 4 w= 9 nsites= 1 E= 0
  0.292706	  0.192321	  0.242056	  0.272917	
  0.299890	  0.114826	  0.159719	  0.425565	
  0.148850	  0.191127	  0.102816	  0.557208	
  0.538133	  0.063950	  0.179129	  0.218788	
  0.813390	  0.034165	  0.070896	  0.081549	
  0.102211	  0.025205	  0.054437	  0.818147	
  0.181848	  0.105971	  0.290955	  0.421226	
  0.528516	  0.052988	  0.281483	  0.137013	
  0.203810	  0.310192	  0.292127	  0.193870	

URL http://cisbp.ccbr.utoronto.ca/TFreport.php?versionNumber=2.00&searchTF=T234153_2.00

MOTIF M01321_2.00 (Hba_06294)_(Ciona_intestinalis)_(DBD_0.41)

letter-probability matrix: alength= 4 w= 9 nsites= 1 E= 0
  0.376035	  0.194354	  0.212657	  0.216953	
  0.454381	  0.107656	  0.216792	  0.221171	
  0.137399	  0.086737	  0.067551	  0.708313	
  0.109833	  0.055643	  0.046944	  0.787579	
  0.012137	  0.537147	  0.052787	  0.397928	
  0.713480	  0.021119	  0.242294	  0.023107	
  0.855693	  0.015362	  0.033179	  0.095766	
  0.786029	  0.054981	  0.101189	  0.057800	
  0.279467	  0.282276	  0.129397	  0.308859	

URL http://cisbp.ccbr.utoronto.ca/TFreport.php?versionNumber=2.00&searchTF=T346275_2.00

MOTIF M01486_2.00 (Hba_00412)_(Mus_musculus)_(DBD_0.81)

letter-probability matrix: alength= 4 w= 10 nsites= 1 E= 0
  0.285712	  0.231594	  0.253404	  0.229290	
  0.408828	  0.148903	  0.252976	  0.189293	
  0.179923	  0.493996	  0.209040	  0.117041	
  0.256626	  0.637542	  0.087149	  0.018683	
  0.006067	  0.001108	  0.985189	  0.007636	
  0.009552	  0.003807	  0.979202	  0.007439	
  0.918135	  0.015065	  0.025851	  0.040950	
  0.621584	  0.076117	  0.031258	  0.271041	
  0.366912	  0.123362	  0.434903	  0.074823	
  0.146891	  0.292860	  0.127701	  0.432548	

URL http://cisbp.ccbr.utoronto.ca/TFreport.php?versionNumber=2.00&searchTF=T178491_2.00

MOTIF M02484_2.00 (Hba_14016)_(Caenorhabditis_elegans)_(DBD_0.74)

letter-probability matrix: alength= 4 w= 11 nsites= 1 E= 0
  0.217039	  0.217039	  0.348883	  0.217039	
  0.142386	  0.255945	  0.241673	  0.359996	
  0.109560	  0.836436	  0.027002	  0.027002	
  0.000115	  0.785254	  0.000115	  0.214516	
  0.999656	  0.000115	  0.000115	  0.000115	
