MEME version 4

ALPHABET= ACGT

strands: + -

Background letter frequencies (from uniform background):
A 0.25000 C 0.25000 G 0.25000 T 0.25000 

MOTIF M00111_2.00 (TFAP2D)_(Mus_musculus)_(DBD_0.80)

letter-probability matrix: alength= 4 w= 10 nsites= 1 E= 0
  0.220377	  0.335405	  0.102037	  0.342181	
  0.111784	  0.193750	  0.669524	  0.024942	
  0.009553	  0.989147	  0.000370	  0.000929	
  0.000437	  0.891193	  0.000324	  0.108046	
  0.046223	  0.377462	  0.191229	  0.385087	
  0.132612	  0.336106	  0.329451	  0.201830	
  0.430307	  0.248265	  0.229178	  0.092250	
  0.301624	  0.024759	  0.651437	  0.022180	
  0.055101	  0.000431	  0.943092	  0.001376	
  0.095237	  0.349453	  0.435445	  0.119865	

URL http://cisbp.ccbr.utoronto.ca/TFreport.php?versionNumber=2.00&searchTF=T010821_2.00

MOTIF M00115_2.00 (ARID3A)_(Mus_musculus)_(DBD_1.00)

letter-probability matrix: alength= 4 w= 9 nsites= 1 E= 0
  0.246578	  0.267115	  0.232219	  0.254088	
  0.378326	  0.089636	  0.246105	  0.285933	
  0.932211	  0.020037	  0.024473	  0.023279	
  0.109459	  0.057143	  0.094212	  0.739186	
  0.198441	  0.333784	  0.113351	  0.354424	
  0.708755	  0.056459	  0.138866	  0.095920	
  0.607308	  0.100387	  0.141039	  0.151265	
  0.519306	  0.108039	  0.187259	  0.185396	
  0.347377	  0.202433	  0.185010	  0.265180	

URL http://cisbp.ccbr.utoronto.ca/TFreport.php?versionNumber=2.00&searchTF=T014542_2.00

MOTIF M00116_2.00 (ARID5B)_(Mus_musculus)_(DBD_0.74)

letter-probability matrix: alength= 4 w= 11 nsites= 1 E= 0
  0.299920	  0.199062	  0.199062	  0.301956	
  0.282795	  0.466267	  0.073219	  0.177718	
  0.928776	  0.023741	  0.023741	  0.023741	
  0.999535	  0.000155	  0.000155	  0.000155	
  0.000155	  0.000155	  0.000155	  0.999535	
  0.999535	  0.000155	  0.000155	  0.000155	
  0.000155	  0.000155	  0.000155	  0.999535	
  0.000155	  0.097259	  0.000155	  0.902432	
  0.542245	  0.051093	  0.149621	  0.257042	
  0.176936	  0.277743	  0.176936	  0.368385	
  0.226414	  0.320759	  0.226414	  0.226414	

URL http://cisbp.ccbr.utoronto.ca/TFreport.php?versionNumber=2.00&searchTF=T014544_2.00

MOTIF M00120_2.00 (MYF5)_(Mus_musculus)_(DBD_0.81)

letter-probability matrix: alength= 4 w= 9 nsites= 1 E= 0
  0.289475	  0.254187	  0.269905	  0.186433	
  0.052590	  0.774738	  0.052067	  0.120605	
  0.533145	  0.105509	  0.232478	  0.128869	
  0.266544	  0.300527	  0.261266	  0.171664	
  0.190214	  0.458588	  0.173843	  0.177355	
  0.000604	  0.000378	  0.000312	  0.998705	
  0.001765	  0.002135	  0.869844	  0.126256	
  0.234495	  0.165246	  0.146560	  0.453699	
  0.018343	  0.468373	  0.072187	  0.441097	

URL http://cisbp.ccbr.utoronto.ca/TFreport.php?versionNumber=2.00&searchTF=T034262_2.00

MOTIF M00124_2.00 (ATF1)_(Mus_musculus)_(DBD_0.97)

letter-probability matrix: alength= 4 w= 10 nsites= 1 E= 0
  0.260600	  0.193057	  0.290902	  0.255440	
  0.297930	  0.203743	  0.261611	  0.236716	
  0.174845	  0.166318	  0.245649	  0.413188	
  0.186210	  0.177128	  0.390283	  0.246379	
  0.445741	  0.112139	  0.281389	  0.160732	
  0.171869	  0.422731	  0.182497	  0.222903	
  0.256025	  0.100011	  0.480715	  0.163249	
  0.268049	  0.185151	  0.235372	  0.311428	
  0.340203	  0.183010	  0.278534	  0.198253	
  0.336613	  0.151250	  0.270138	  0.241999	

URL http://cisbp.ccbr.utoronto.ca/TFreport.php?versionNumber=2.00&searchTF=T059735_2.00

MOTIF M00130_2.00 (PLAGL1)_(Mus_musculus)_(DBD_0.88)

letter-probability matrix: alength= 4 w= 10 nsites= 1 E= 0
  0.208508	  0.214858	  0.327005	  0.249629	
  0.182810	  0.170451	  0.423455	  0.223285	
  0.150319	  0.191093	  0.494112	  0.164476	
  0.158555	  0.203589	  0.553411	  0.084445	
  0.038465	  0.934251	  0.000980	  0.026305	
  0.067970	  0.924328	  0.000170	  0.007531	
  0.009151	  0.752816	  0.011289	  0.226744	
  0.056874	  0.872049	  0.030595	  0.040482	
  0.243664	  0.338929	  0.119796	  0.297612	
  0.230968	  0.302560	  0.200794	  0.265677	

URL http://cisbp.ccbr.utoronto.ca/TFreport.php?versionNumber=2.00&searchTF=T094865_2.00

MOTIF M00131_2.00 (ZSCAN26)_(Mus_musculus)_(DBD_0.89)

letter-probability matrix: alength= 4 w= 8 nsites= 1 E= 0
  0.720654	  0.279160	  0.000093	  0.000093	
  0.000093	  0.279160	  0.000093	  0.720654	
  0.000093	  0.000093	  0.000093	  0.999721	
  0.612874	  0.081000	  0.107873	  0.198253	
  0.204242	  0.000093	  0.795572	  0.000093	
  0.000093	  0.190696	  0.000093	  0.809118	
  0.555300	  0.259544	  0.000093	  0.185064	
  0.000093	  0.999721	  0.000093	  0.000093	

URL http://cisbp.ccbr.utoronto.ca/TFreport.php?versionNumber=2.00&searchTF=T095333_2.00

MOTIF M00133_2.00 (SP5)_(Mus_musculus)_(DBD_0.90)

letter-probability matrix: alength= 4 w= 10 nsites= 1 E= 0
  0.210214	  0.458577	  0.118882	  0.212327	
  0.423407	  0.501866	  0.028741	  0.045986	
  0.029760	  0.909753	  0.024858	  0.035629	
  0.156909	  0.014093	  0.668920	  0.160079	
  0.000767	  0.987545	  0.000039	  0.011649	
  0.000264	  0.999670	  0.000030	  0.000036	
  0.000434	  0.833039	  0.000013	  0.166514	
  0.296789	  0.562855	  0.013504	  0.126852	
  0.102020	  0.541945	  0.119721	  0.236315	
  0.207575	  0.297523	  0.149230	  0.345672	

URL http://cisbp.ccbr.utoronto.ca/TFreport.php?versionNumber=2.00&searchTF=T095408_2.00

MOTIF M00142_2.00 (ZNF691)_(Mus_musculus)_(DBD_0.97)

letter-probability matrix: alength= 4 w= 8 nsites= 1 E= 0
  0.041210	  0.013828	  0.890060	  0.054901	
  0.019893	  0.000099	  0.188143	  0.791865	
  0.342822	  0.009615	  0.647468	  0.000095	
  0.018955	  0.971426	  0.000094	  0.009525	
  0.000094	  0.018955	  0.009525	  0.971426	
  0.000094	  0.980856	  0.000094	  0.018955	
  0.267434	  0.523129	  0.127964	  0.081474	
  0.100100	  0.283311	  0.100100	  0.516489	

URL http://cisbp.ccbr.utoronto.ca/TFreport.php?versionNumber=2.00&searchTF=T095023_2.00

MOTIF M00152_2.00 (ZBTB3)_(Mus_musculus)_(DBD_1.00)

letter-probability matrix: alength= 4 w= 9 nsites= 1 E= 0
  0.199381	  0.604994	  0.044935	  0.150689	
  0.624110	  0.008468	  0.329088	  0.038334	
  0.031992	  0.850223	  0.105162	  0.012623	
  0.011205	  0.000000	  0.000117	  0.988678	
  0.020861	  0.012780	  0.904932	  0.061428	
  0.040763	  0.571226	  0.236935	  0.151076	
  0.506699	  0.218747	  0.118856	  0.155698	
  0.232480	  0.254374	  0.234817	  0.278329	
  0.221121	  0.249313	  0.259488	  0.270078	

URL http://cisbp.ccbr.utoronto.ca/TFreport.php?versionNumber=2.00&searchTF=T095235_2.00

MOTIF M00161_2.00 (FOXJ1)_(Mus_musculus)_(DBD_1.00)

letter-probability matrix: alength= 4 w= 12 nsites= 1 E= 0
  0.394926	  0.201691	  0.201691	  0.201691	
  0.357836	  0.147163	  0.347838	  0.147163	
  0.159006	  0.172368	  0.068783	  0.599842	
  0.841382	  0.113021	  0.022798	  0.022798	
  0.999531	  0.000156	  0.000156	  0.000156	
  0.999531	  0.000156	  0.000156	  0.000156	
  0.000156	  0.999531	  0.000156	  0.000156	
  0.999531	  0.000156	  0.000156	  0.000156	
  0.854605	  0.048465	  0.048465	  0.048465	
  0.691020	  0.102993	  0.102993	  0.102993	
  0.181373	  0.360053	  0.181373	  0.277201	
  0.317926	  0.227358	  0.227358	  0.227358	

URL http://cisbp.ccbr.utoronto.ca/TFreport.php?versionNumber=2.00&searchTF=T185771_2.00

MOTIF M00164_2.00 (FOXE3)_(Mus_musculus)_(DBD_0.70)

letter-probability matrix: alength= 4 w= 10 nsites= 1 E= 0
  0.366283	  0.166235	  0.164581	  0.302901	
  0.345139	  0.171391	  0.195185	  0.288285	
  0.267836	  0.181340	  0.196443	  0.354381	
  0.346821	  0.108724	  0.419393	  0.125062	
  0.146969	  0.100507	  0.031824	  0.720700	
  0.700016	  0.254959	  0.000720	  0.044305	
  0.906192	  0.053477	  0.000316	  0.040015	
  0.934400	  0.000771	  0.023568	  0.041260	
  0.033048	  0.600627	  0.033381	  0.332944	
  0.853101	  0.047889	  0.045553	  0.053457	

URL http://cisbp.ccbr.utoronto.ca/TFreport.php?versionNumber=2.00&searchTF=T185797_2.00

MOTIF M00172_2.00 (HOXA3)_(Mus_musculus)_(DBD_1.00)

letter-probability matrix: alength= 4 w= 10 nsites= 1 E= 0
  0.183789	  0.303016	  0.164644	  0.348551	
  0.107098	  0.054258	  0.023191	  0.815454	
  0.868219	  0.022566	  0.074176	  0.035038	
  0.965411	  0.017682	  0.000907	  0.015999	
  0.018285	  0.097133	  0.050708	  0.833874	
  0.113053	  0.096338	  0.418995	  0.371615	
  0.447592	  0.063681	  0.359201	  0.129526	
  0.204977	  0.311967	  0.273937	  0.209118	
  0.227740	  0.286634	  0.210231	  0.275395	
  0.212729	  0.249640	  0.210612	  0.327019	

URL http://cisbp.ccbr.utoronto.ca/TFreport.php?versionNumber=2.00&searchTF=T209788_2.00

MOTIF M00185_2.00 (PPARA)_(Mus_musculus)_(DBD_0.62)

letter-probability matrix: alength= 4 w= 8 nsites= 1 E= 0
  0.347647	  0.151591	  0.347647	  0.153115	
  0.564155	  0.084380	  0.332064	  0.019401	
  0.004317	  0.000046	  0.955885	  0.039751	
  0.004651	  0.000012	  0.818173	  0.177164	
  0.050818	  0.035811	  0.069287	  0.844084	
  0.018541	  0.854042	  0.045150	  0.082268	
  0.872278	  0.006056	  0.104701	  0.016964	
  0.268794	  0.328306	  0.178385	  0.224515	

URL http://cisbp.ccbr.utoronto.ca/TFreport.php?versionNumber=2.00&searchTF=T303247_2.00

MOTIF M00186_2.00 (RFX6)_(Mus_musculus)_(DBD_0.71)

letter-probability matrix: alength= 4 w= 10 nsites= 1 E= 0
  0.071969	  0.027556	  0.876757	  0.023718	
  0.043751	  0.062085	  0.082972	  0.811192	
  0.263828	  0.195449	  0.035350	  0.505373	
  0.277657	  0.050219	  0.476462	  0.195662	
  0.040535	  0.621518	  0.064210	  0.273736	
  0.027735	  0.451560	  0.091168	  0.429537	
  0.579359	  0.135900	  0.150193	  0.134548	
  0.268595	  0.156524	  0.265923	  0.308958	
  0.108591	  0.168610	  0.656936	  0.065864	
  0.169606	  0.263349	  0.369991	  0.197054	

URL http://cisbp.ccbr.utoronto.ca/TFreport.php?versionNumber=2.00&searchTF=T318252_2.00

MOTIF M00192_2.00 (SMAD9)_(Mus_musculus)_(DBD_0.72)

letter-probability matrix: alength= 4 w= 10 nsites= 1 E= 0
  0.288710	  0.216031	  0.234024	  0.261235	
  0.267885	  0.210726	  0.228276	  0.293113	
  0.254675	  0.244689	  0.210606	  0.290031	
  0.178353	  0.381367	  0.197110	  0.243170	
  0.142077	  0.390086	  0.214084	  0.253754	
  0.577609	  0.339984	  0.075861	  0.006546	
  0.069047	  0.067007	  0.858163	  0.005782	
  0.628592	  0.263350	  0.048110	  0.059948	
  0.080759	  0.917332	  0.000028	  0.001880	
  0.388991	  0.137491	  0.312172	  0.161347	

URL http://cisbp.ccbr.utoronto.ca/TFreport.php?versionNumber=2.00&searchTF=T324624_2.00

MOTIF M00194_2.00 (HBP1)_(Mus_musculus)_(DBD_1.00)

letter-probability matrix: alength= 4 w= 8 nsites= 1 E= 0
  0.226419	  0.257852	  0.260443	  0.255286	
  0.256789	  0.177373	  0.194077	  0.371762	
  0.185974	  0.312814	  0.363438	  0.137773	
  0.505770	  0.103139	  0.144906	  0.246185	
  0.528531	  0.076715	  0.198364	  0.196390	
  0.225196	  0.166830	  0.131233	  0.476741	
  0.220657	  0.150899	  0.414308	  0.214136	
  0.349045	  0.129697	  0.335359	  0.185899	

URL http://cisbp.ccbr.utoronto.ca/TFreport.php?versionNumber=2.00&searchTF=T328060_2.00

MOTIF M00195_2.00 (CIC)_(Mus_musculus)_(DBD_1.00)

letter-probability matrix: alength= 4 w= 10 nsites= 1 E= 0
  0.279067	  0.181426	  0.181426	  0.358081	
  0.289551	  0.189085	  0.212315	  0.309049	
  0.000105	  0.000105	  0.000105	  0.999685	
  0.000105	  0.000105	  0.999685	  0.000105	
  0.000105	  0.999685	  0.000105	  0.000105	
  0.000105	  0.000105	  0.000105	  0.999685	
  0.000105	  0.000105	  0.999685	  0.000105	
  0.999685	  0.000105	  0.000105	  0.000105	
  0.068679	  0.613130	  0.162332	  0.155859	
  0.241038	  0.147190	  0.147190	  0.464583	

URL http://cisbp.ccbr.utoronto.ca/TFreport.php?versionNumber=2.00&searchTF=T328057_2.00

MOTIF M00210_2.00 (SOX11)_(Mus_musculus)_(DBD_1.00)

letter-probability matrix: alength= 4 w= 9 nsites= 1 E= 0
  0.582313	  0.045468	  0.065171	  0.307049	
  0.000166	  0.026985	  0.042747	  0.930102	
  0.000694	  0.004197	  0.008451	  0.986658	
  0.162207	  0.112042	  0.712568	  0.013182	
  0.062890	  0.020726	  0.008260	  0.908125	
  0.115259	  0.280670	  0.201780	  0.402292	
  0.239591	  0.304580	  0.151250	  0.304580	
  0.245191	  0.230912	  0.215301	  0.308597	
  0.213432	  0.285237	  0.240644	  0.260687	

URL http://cisbp.ccbr.utoronto.ca/TFreport.php?versionNumber=2.00&searchTF=T328077_2.00

MOTIF M00214_2.00 (SOX1)_(Mus_musculus)_(DBD_1.00)

letter-probability matrix: alength= 4 w= 10 nsites= 1 E= 0
  0.271418	  0.222218	  0.260775	  0.245589	
  0.276412	  0.204771	  0.245155	  0.273662	
  0.272770	  0.221103	  0.251798	  0.254329	
  0.267470	  0.208305	  0.298570	  0.225655	
  0.409172	  0.169718	  0.217922	  0.203189	
  0.328851	  0.083563	  0.116234	  0.471352	
  0.122925	  0.296360	  0.442117	  0.138598	
  0.861430	  0.012662	  0.082154	  0.043754	
  0.852026	  0.047352	  0.093468	  0.007154	
  0.231452	  0.044450	  0.088621	  0.635476	

URL http://cisbp.ccbr.utoronto.ca/TFreport.php?versionNumber=2.00&searchTF=T328080_2.00

MOTIF M00216_2.00 (TBPL2)_(Mus_musculus)_(DBD_0.95)

letter-probability matrix: alength= 4 w= 7 nsites= 1 E= 0
  0.317192	  0.188577	  0.170632	  0.323600	
  0.377028	  0.110202	  0.112429	  0.400342	
  0.238466	  0.123251	  0.123251	  0.515031	
  0.532428	  0.000769	  0.095340	  0.371463	
  0.290314	  0.000533	  0.069475	  0.639678	
  0.715780	  0.078521	  0.191210	  0.014489	
  0.289234	  0.119969	  0.104296	  0.486500	

URL http://cisbp.ccbr.utoronto.ca/TFreport.php?versionNumber=2.00&searchTF=T342321_2.00

MOTIF M00217_2.00 ZNF200

letter-probability matrix: alength= 4 w= 11 nsites= 1 E= 0
  0.221746	  0.221746	  0.221746	  0.334762	
  0.277934	  0.164919	  0.164919	  0.392228	
  0.462884	  0.045041	  0.141606	  0.350469	
  0.088338	  0.911232	  0.000215	  0.000215	
  0.091743	  0.000215	  0.000215	  0.907826	
  0.088338	  0.819704	  0.000215	  0.091743	
  0.999354	  0.000215	  0.000215	  0.000215	
  0.633021	  0.000215	  0.000215	  0.366548	
  0.129355	  0.028469	  0.119997	  0.722179	
  0.458247	  0.085297	  0.085297	  0.371160	
  0.205175	  0.293297	  0.205175	  0.296354	

URL http://cisbp.ccbr.utoronto.ca/TFreport.php?versionNumber=2.00&searchTF=T094778_2.00

MOTIF M00220_2.00 SNAI2

letter-probability matrix: alength= 4 w= 8 nsites= 1 E= 0
  0.169060	  0.267596	  0.394285	  0.169060	
  0.205624	  0.607343	  0.028120	  0.158913	
  0.999786	  0.000071	  0.000071	  0.000071	
  0.007212	  0.971223	  0.021494	  0.000071	
  0.000071	  0.892674	  0.028635	  0.078620	
  0.000071	  0.000071	  0.000071	  0.999786	
  0.007535	  0.000075	  0.962474	  0.029916	
  0.106852	  0.359181	  0.029212	  0.504755	

URL http://cisbp.ccbr.utoronto.ca/TFreport.php?versionNumber=2.00&searchTF=T094783_2.00

MOTIF M00223_2.00 KLF1

letter-probability matrix: alength= 4 w= 9 nsites= 1 E= 0
  0.257492	  0.240083	  0.244933	  0.257492	
  0.261893	  0.249121	  0.232279	  0.256707	
  0.248111	  0.253123	  0.245642	  0.253123	
  0.202632	  0.284688	  0.252495	  0.260185	
  0.327309	  0.302144	  0.230651	  0.139897	
  0.075849	  0.705385	  0.004173	  0.214593	
  0.130131	  0.844328	  0.013854	  0.011688	
  0.161177	  0.790370	  0.042203	  0.006250	
  0.026749	  0.785636	  0.010554	  0.177061	

URL http://cisbp.ccbr.utoronto.ca/TFreport.php?versionNumber=2.00&searchTF=T094840_2.00

MOTIF M00227_2.00 BCL6

letter-probability matrix: alength= 4 w= 10 nsites= 1 E= 0
  0.219707	  0.230103	  0.311407	  0.238783	
  0.023223	  0.132291	  0.023223	  0.821262	
  0.999528	  0.000157	  0.000157	  0.000157	
  0.907264	  0.000157	  0.000157	  0.092421	
  0.000157	  0.000157	  0.000157	  0.999528	
  0.000157	  0.000157	  0.000157	  0.999528	
  0.619388	  0.000157	  0.288033	  0.092421	
  0.618112	  0.000157	  0.092372	  0.289358	
  0.129122	  0.229825	  0.129122	  0.511932	
  0.226934	  0.226934	  0.226934	  0.319198	

URL http://cisbp.ccbr.utoronto.ca/TFreport.php?versionNumber=2.00&searchTF=T094856_2.00

MOTIF M00229_2.00 EGR2

letter-probability matrix: alength= 4 w= 9 nsites= 1 E= 0
  0.284132	  0.192373	  0.310890	  0.212605	
  0.416276	  0.290426	  0.219499	  0.073799	
  0.415792	  0.487937	  0.028224	  0.068046	
  0.031578	  0.900051	  0.000171	  0.068200	
  0.595182	  0.283969	  0.113167	  0.007682	
  0.000803	  0.983094	  0.000133	  0.015970	
  0.133839	  0.067131	  0.630580	  0.168450	
  0.067644	  0.654754	  0.061822	  0.215780	
  0.401133	  0.183882	  0.215788	  0.199197	

URL http://cisbp.ccbr.utoronto.ca/TFreport.php?versionNumber=2.00&searchTF=T094882_2.00

MOTIF M00234_2.00 OVOL2

letter-probability matrix: alength= 4 w= 10 nsites= 1 E= 0
  0.329057	  0.211925	  0.170074	  0.288944	
  0.121862	  0.759676	  0.049546	  0.068916	
  0.087404	  0.788821	  0.032804	  0.090971	
  0.084640	  0.014274	  0.827503	  0.073583	
  0.019848	  0.390756	  0.029315	  0.560082	
  0.077933	  0.000050	  0.000661	  0.921356	
  0.648445	  0.071850	  0.133564	  0.146142	
  0.206831	  0.237912	  0.230881	  0.324376	
  0.270363	  0.237405	  0.219152	  0.273080	
  0.217002	  0.275864	  0.152919	  0.354216	

URL http://cisbp.ccbr.utoronto.ca/TFreport.php?versionNumber=2.00&searchTF=T094895_2.00

MOTIF M00236_2.00 GFI1

letter-probability matrix: alength= 4 w= 9 nsites= 1 E= 0
  0.365842	  0.240375	  0.190986	  0.202796	
  0.678041	  0.094557	  0.049859	  0.177542	
  0.682282	  0.093265	  0.081081	  0.143372	
  0.147269	  0.089323	  0.096762	  0.666646	
  0.163798	  0.625551	  0.118942	  0.091710	
  0.377631	  0.159799	  0.137540	  0.325030	
  0.211394	  0.302998	  0.299983	  0.185625	
  0.289141	  0.163517	  0.272303	  0.275039	
  0.253258	  0.191408	  0.328457	  0.226877	

URL http://cisbp.ccbr.utoronto.ca/TFreport.php?versionNumber=2.00&searchTF=T095016_2.00

MOTIF M00239_2.00 GFI1B

letter-probability matrix: alength= 4 w= 11 nsites= 1 E= 0
  0.322422	  0.225859	  0.225859	  0.225859	
  0.248861	  0.152029	  0.250171	  0.348939	
  0.923233	  0.025589	  0.025589	  0.025589	
  0.999437	  0.000188	  0.000188	  0.000188	
  0.999437	  0.000188	  0.000188	  0.000188	
  0.000188	  0.000188	  0.000188	  0.999437	
  0.000188	  0.999437	  0.000188	  0.000188	
  0.299871	  0.000188	  0.000188	  0.699754	
  0.024328	  0.226185	  0.725158	  0.024328	
  0.295263	  0.098158	  0.408074	  0.198505	
  0.224599	  0.224599	  0.326204	  0.224599	

URL http://cisbp.ccbr.utoronto.ca/TFreport.php?versionNumber=2.00&searchTF=T095034_2.00

MOTIF M00241_2.00 KLF11

letter-probability matrix: alength= 4 w= 8 nsites= 1 E= 0
  0.384202	  0.614264	  0.000767	  0.000767	
  0.000499	  0.998503	  0.000499	  0.000499	
  0.100299	  0.100299	  0.798902	  0.000499	
  0.050399	  0.948603	  0.000499	  0.000499	
  0.050399	  0.898703	  0.050399	  0.000499	
  0.000499	  0.998503	  0.000499	  0.000499	
  0.250000	  0.749002	  0.000499	  0.000499	
  0.000665	  0.931516	  0.000665	  0.067154	

URL http://cisbp.ccbr.utoronto.ca/TFreport.php?versionNumber=2.00&searchTF=T095116_2.00

MOTIF M00243_2.00 WT1

letter-probability matrix: alength= 4 w= 7 nsites= 1 E= 0
  0.255360	  0.260519	  0.228760	  0.255360	
  0.243720	  0.280345	  0.195590	  0.280345	
  0.228761	  0.293735	  0.200874	  0.276629	
  0.284952	  0.213219	  0.282117	  0.219713	
  0.216647	  0.304377	  0.198000	  0.280976	
  0.263894	  0.256095	  0.236406	  0.243605	
  0.249429	  0.275662	  0.227961	  0.246947	

URL http://cisbp.ccbr.utoronto.ca/TFreport.php?versionNumber=2.00&searchTF=T095226_2.00

MOTIF M00250_2.00 ZNF655

letter-probability matrix: alength= 4 w= 10 nsites= 1 E= 0
  0.287480	  0.208754	  0.233027	  0.270739	
  0.428139	  0.146855	  0.232630	  0.192375	
  0.205683	  0.149356	  0.238969	  0.405992	
  0.160123	  0.091464	  0.649331	  0.099082	
  0.193641	  0.558919	  0.146351	  0.101089	
  0.134587	  0.118180	  0.010509	  0.736724	
  0.938421	  0.001943	  0.042275	  0.017361	
  0.418475	  0.363805	  0.071280	  0.146440	
  0.257602	  0.314635	  0.167572	  0.260191	
  0.242989	  0.219866	  0.209143	  0.328002	

URL http://cisbp.ccbr.utoronto.ca/TFreport.php?versionNumber=2.00&searchTF=T095341_2.00

MOTIF M00253_2.00 FOXC1

letter-probability matrix: alength= 4 w= 11 nsites= 1 E= 0
  0.199681	  0.199681	  0.199681	  0.400957	
  0.176087	  0.176087	  0.471738	  0.176087	
  0.268585	  0.178925	  0.073264	  0.479225	
  0.807059	  0.000287	  0.192366	  0.000287	
  0.000287	  0.000287	  0.000287	  0.999138	
  0.894380	  0.000287	  0.000287	  0.105045	
  0.898691	  0.100734	  0.000287	  0.000287	
  0.594016	  0.000287	  0.094888	  0.310808	
  0.245082	  0.356583	  0.050606	  0.347728	
  0.777400	  0.074200	  0.074200	  0.074200	
  0.468931	  0.177023	  0.177023	  0.177023	

URL http://cisbp.ccbr.utoronto.ca/TFreport.php?versionNumber=2.00&searchTF=T185761_2.00

MOTIF M00257_2.00 FOXS1

letter-probability matrix: alength= 4 w= 10 nsites= 1 E= 0
  0.326582	  0.181033	  0.131457	  0.360928	
  0.376628	  0.160976	  0.273488	  0.188908	
  0.247519	  0.242618	  0.230785	  0.279077	
  0.363901	  0.188083	  0.342709	  0.105307	
  0.343254	  0.200031	  0.077360	  0.379355	
  0.494185	  0.252879	  0.037446	  0.215489	
  0.759756	  0.101799	  0.035623	  0.102822	
  0.777778	  0.049722	  0.111770	  0.060730	
  0.010752	  0.547346	  0.078656	  0.363246	
  0.741580	  0.060267	  0.105508	  0.092646	

URL http://cisbp.ccbr.utoronto.ca/TFreport.php?versionNumber=2.00&searchTF=T185790_2.00

MOTIF M00260_2.00 ARX

letter-probability matrix: alength= 4 w= 11 nsites= 1 E= 0
  0.174537	  0.174537	  0.379077	  0.271850	
  0.396657	  0.400457	  0.101443	  0.101443	
  0.024689	  0.024689	  0.024689	  0.925934	
  0.901496	  0.000250	  0.000250	  0.098005	
  0.999251	  0.000250	  0.000250	  0.000250	
  0.000250	  0.000250	  0.000250	  0.999251	
  0.000250	  0.000250	  0.000250	  0.999251	
  0.898464	  0.000250	  0.101037	  0.000250	
  0.375736	  0.177404	  0.274562	  0.172297	
  0.148807	  0.148807	  0.148807	  0.553580	
  0.323316	  0.225561	  0.225561	  0.225561	

URL http://cisbp.ccbr.utoronto.ca/TFreport.php?versionNumber=2.00&searchTF=T209764_2.00

MOTIF M00266_2.00 VSX1

letter-probability matrix: alength= 4 w= 9 nsites= 1 E= 0
  0.233600	  0.240715	  0.312190	  0.213495	
  0.251744	  0.278220	  0.246759	  0.223277	
  0.144108	  0.139849	  0.043841	  0.672203	
  0.727125	  0.070042	  0.155882	  0.046951	
  0.843117	  0.031097	  0.032366	  0.093420	
  0.093511	  0.190200	  0.127495	  0.588794	
  0.201118	  0.167988	  0.245646	  0.385249	
  0.321833	  0.166340	  0.331634	  0.180194	
  0.264996	  0.221344	  0.326920	  0.186740	

URL http://cisbp.ccbr.utoronto.ca/TFreport.php?versionNumber=2.00&searchTF=T209778_2.00

MOTIF M00270_2.00 CRX

letter-probability matrix: alength= 4 w= 7 nsites= 1 E= 0
  0.232955	  0.284532	  0.240050	  0.242462	
  0.231489	  0.120848	  0.072569	  0.575094	
  0.548845	  0.094426	  0.170343	  0.186385	
  0.749487	  0.088181	  0.075898	  0.086435	
  0.095657	  0.069462	  0.278878	  0.556003	
  0.200741	  0.513893	  0.130584	  0.154782	
  0.149647	  0.449563	  0.163739	  0.237051	

URL http://cisbp.ccbr.utoronto.ca/TFreport.php?versionNumber=2.00&searchTF=T209782_2.00

MOTIF M00271_2.00 TPRX1

letter-probability matrix: alength= 4 w= 7 nsites= 1 E= 0
  0.250422	  0.265907	  0.245463	  0.238208	
  0.247086	  0.139733	  0.100458	  0.512723	
  0.486566	  0.117610	  0.203848	  0.191976	
  0.725563	  0.100178	  0.089743	  0.084517	
  0.110397	  0.068998	  0.222312	  0.598293	
  0.200820	  0.508980	  0.144374	  0.145825	
  0.144851	  0.443947	  0.169984	  0.241219	

URL http://cisbp.ccbr.utoronto.ca/TFreport.php?versionNumber=2.00&searchTF=T209917_2.00

MOTIF M00276_2.00 PBX4

letter-probability matrix: alength= 4 w= 11 nsites= 1 E= 0
  0.309083	  0.201857	  0.287203	  0.201857	
  0.092260	  0.617456	  0.092260	  0.198024	
  0.046585	  0.046585	  0.046585	  0.860246	
  0.912575	  0.000171	  0.000171	  0.087084	
  0.999488	  0.000171	  0.000171	  0.000171	
  0.000171	  0.000171	  0.000171	  0.999488	
  0.083809	  0.000171	  0.000171	  0.915850	
  0.915850	  0.000171	  0.000171	  0.083809	
  0.544398	  0.048313	  0.190953	  0.216336	
  0.241549	  0.157911	  0.157911	  0.442629	
  0.290499	  0.203586	  0.203586	  0.302329	

URL http://cisbp.ccbr.utoronto.ca/TFreport.php?versionNumber=2.00&searchTF=T209784_2.00

MOTIF M00278_2.00 PHOX2B

letter-probability matrix: alength= 4 w= 7 nsites= 1 E= 0
  0.251602	  0.272558	  0.269846	  0.205995	
  0.233750	  0.285503	  0.285503	  0.195244	
  0.206107	  0.304415	  0.259406	  0.230072	
  0.195897	  0.229888	  0.163627	  0.410588	
  0.440753	  0.198043	  0.167082	  0.194122	
  0.621313	  0.068843	  0.255146	  0.054698	
  0.040319	  0.269567	  0.013692	  0.676422	

URL http://cisbp.ccbr.utoronto.ca/TFreport.php?versionNumber=2.00&searchTF=T209802_2.00

MOTIF M00283_2.00 VAX2

letter-probability matrix: alength= 4 w= 10 nsites= 1 E= 0
  0.225825	  0.265008	  0.304832	  0.204335	
  0.199944	  0.313575	  0.232302	  0.254179	
  0.153875	  0.067097	  0.016880	  0.762148	
  0.697886	  0.109734	  0.139499	  0.052882	
  0.774203	  0.046611	  0.058664	  0.120522	
  0.160101	  0.061917	  0.122217	  0.655765	
  0.194149	  0.152723	  0.326564	  0.326564	
  0.343407	  0.114310	  0.368307	  0.173976	
  0.236358	  0.258617	  0.297480	  0.207545	
  0.202980	  0.290937	  0.245453	  0.260631	

URL http://cisbp.ccbr.utoronto.ca/TFreport.php?versionNumber=2.00&searchTF=T209811_2.00

MOTIF M00285_2.00 VSX2

letter-probability matrix: alength= 4 w= 12 nsites= 1 E= 0
  0.372420	  0.175002	  0.175002	  0.277576	
  0.500690	  0.099234	  0.201808	  0.198268	
  0.130196	  0.123382	  0.024348	  0.722075	
  0.627412	  0.024348	  0.024348	  0.323893	
  0.202957	  0.000324	  0.000324	  0.796396	
  0.803083	  0.000324	  0.196270	  0.000324	
  0.197496	  0.102897	  0.000324	  0.699283	
  0.102897	  0.000324	  0.000324	  0.896456	
  0.276729	  0.173460	  0.075322	  0.474490	
  0.255585	  0.247186	  0.151090	  0.346139	
  0.322072	  0.225976	  0.225976	  0.225976	
  0.322072	  0.225976	  0.225976	  0.225976	

URL http://cisbp.ccbr.utoronto.ca/TFreport.php?versionNumber=2.00&searchTF=T209814_2.00

MOTIF M00288_2.00 MSX2

letter-probability matrix: alength= 4 w= 8 nsites= 1 E= 0
  0.255772	  0.274317	  0.231432	  0.238480	
  0.082459	  0.113557	  0.013767	  0.790216	
  0.809723	  0.037588	  0.129891	  0.022798	
  0.930139	  0.014517	  0.019992	  0.035351	
  0.073470	  0.074954	  0.081197	  0.770378	
  0.162134	  0.160521	  0.190266	  0.487078	
  0.287872	  0.124277	  0.380892	  0.206958	
  0.206576	  0.257409	  0.350958	  0.185057	

URL http://cisbp.ccbr.utoronto.ca/TFreport.php?versionNumber=2.00&searchTF=T209820_2.00

MOTIF M00291_2.00 ESX1

letter-probability matrix: alength= 4 w= 9 nsites= 1 E= 0
  0.229986	  0.249141	  0.336305	  0.184568	
  0.246864	  0.272827	  0.223371	  0.256938	
  0.138211	  0.078948	  0.026279	  0.756562	
  0.687501	  0.059327	  0.198952	  0.054221	
  0.906213	  0.000196	  0.044224	  0.049367	
  0.083473	  0.100940	  0.106115	  0.709473	
  0.143309	  0.150657	  0.147674	  0.558360	
  0.390818	  0.075811	  0.410855	  0.122516	
  0.276767	  0.222111	  0.341441	  0.159681	

URL http://cisbp.ccbr.utoronto.ca/TFreport.php?versionNumber=2.00&searchTF=T209826_2.00

MOTIF M00293_2.00 HOXD13

letter-probability matrix: alength= 4 w= 10 nsites= 1 E= 0
  0.250172	  0.178065	  0.213183	  0.358579	
  0.150367	  0.076179	  0.119472	  0.653982	
  0.161218	  0.062976	  0.031273	  0.744533	
  0.274560	  0.109417	  0.063128	  0.552895	
  0.856643	  0.010947	  0.093039	  0.039371	
  0.069443	  0.340533	  0.045174	  0.544850	
  0.269658	  0.084534	  0.329361	  0.316447	
  0.382909	  0.105404	  0.360610	  0.151078	
  0.162632	  0.255058	  0.358344	  0.223966	
  0.247936	  0.265913	  0.247936	  0.238214	

URL http://cisbp.ccbr.utoronto.ca/TFreport.php?versionNumber=2.00&searchTF=T209836_2.00

MOTIF M00301_2.00 NKX2-8

letter-probability matrix: alength= 4 w= 8 nsites= 1 E= 0
  0.257341	  0.219292	  0.172501	  0.350866	
  0.211642	  0.277243	  0.213769	  0.297346	
  0.420265	  0.061001	  0.411943	  0.106792	
  0.855508	  0.000087	  0.000133	  0.144271	
  0.070442	  0.060027	  0.681840	  0.187691	
  0.228073	  0.039633	  0.244610	  0.487683	
  0.306395	  0.037520	  0.536398	  0.119687	
  0.118181	  0.324478	  0.299531	  0.257809	

URL http://cisbp.ccbr.utoronto.ca/TFreport.php?versionNumber=2.00&searchTF=T209846_2.00

MOTIF M00303_2.00 VENTX

letter-probability matrix: alength= 4 w= 11 nsites= 1 E= 0
  0.198183	  0.297530	  0.306103	  0.198183	
  0.301351	  0.398078	  0.204370	  0.096201	
  0.025252	  0.025252	  0.025252	  0.924245	
  0.899226	  0.100311	  0.000232	  0.000232	
  0.999305	  0.000232	  0.000232	  0.000232	
  0.000232	  0.000232	  0.000232	  0.999305	
  0.000232	  0.090493	  0.000232	  0.909043	
  0.817124	  0.000232	  0.182412	  0.000232	
  0.334308	  0.352679	  0.155161	  0.157852	
  0.154031	  0.154031	  0.154031	  0.537906	
  0.224980	  0.224980	  0.325059	  0.224980	

URL http://cisbp.ccbr.utoronto.ca/TFreport.php?versionNumber=2.00&searchTF=T209862_2.00

MOTIF M00306_2.00 HESX1

letter-probability matrix: alength= 4 w= 8 nsites= 1 E= 0
  0.169840	  0.120887	  0.092283	  0.616991	
  0.600491	  0.094420	  0.192049	  0.113041	
  0.790723	  0.016167	  0.072454	  0.120657	
  0.066604	  0.066604	  0.117774	  0.749019	
  0.166616	  0.117412	  0.168291	  0.547681	
  0.350980	  0.077535	  0.446183	  0.125302	
  0.269759	  0.210088	  0.349858	  0.170294	
  0.217154	  0.290211	  0.235240	  0.257394	

URL http://cisbp.ccbr.utoronto.ca/TFreport.php?versionNumber=2.00&searchTF=T209875_2.00

MOTIF M00310_2.00 PITX2

letter-probability matrix: alength= 4 w= 8 nsites= 1 E= 0
  0.144629	  0.168714	  0.108502	  0.578155	
  0.027107	  0.000090	  0.000090	  0.972713	
  0.999730	  0.000090	  0.000090	  0.000090	
  0.990724	  0.000090	  0.000090	  0.009096	
  0.000090	  0.000090	  0.090148	  0.909672	
  0.027354	  0.936114	  0.009178	  0.027354	
  0.032008	  0.691302	  0.000106	  0.276584	
  0.193585	  0.387008	  0.161348	  0.258059	

URL http://cisbp.ccbr.utoronto.ca/TFreport.php?versionNumber=2.00&searchTF=T209876_2.00

MOTIF M00315_2.00 PROP1

letter-probability matrix: alength= 4 w= 8 nsites= 1 E= 0
  0.239432	  0.246724	  0.283800	  0.230044	
  0.185779	  0.315627	  0.215845	  0.282749	
  0.197006	  0.263285	  0.096857	  0.442852	
  0.526405	  0.136465	  0.160144	  0.176986	
  0.861787	  0.054001	  0.083848	  0.000364	
  0.017305	  0.200532	  0.068100	  0.714064	
  0.237394	  0.212665	  0.177633	  0.372308	
  0.291296	  0.213650	  0.277089	  0.217966	

URL http://cisbp.ccbr.utoronto.ca/TFreport.php?versionNumber=2.00&searchTF=T209908_2.00

MOTIF M00317_2.00 SEBOX

letter-probability matrix: alength= 4 w= 10 nsites= 1 E= 0
  0.157801	  0.167558	  0.059820	  0.614822	
  0.655185	  0.062484	  0.140459	  0.141871	
  0.908582	  0.026361	  0.038164	  0.026894	
  0.070259	  0.192902	  0.076875	  0.659964	
  0.179443	  0.212695	  0.196342	  0.411520	
  0.313165	  0.180680	  0.291993	  0.214161	
  0.268057	  0.202593	  0.344193	  0.185156	
  0.315986	  0.236441	  0.246091	  0.201482	
  0.177958	  0.194717	  0.185220	  0.442105	
  0.234421	  0.236777	  0.182567	  0.346235	

URL http://cisbp.ccbr.utoronto.ca/TFreport.php?versionNumber=2.00&searchTF=T209958_2.00

MOTIF M00318_2.00 ISX

letter-probability matrix: alength= 4 w= 8 nsites= 1 E= 0
  0.169141	  0.036827	  0.176492	  0.617539	
  0.052678	  0.111144	  0.000058	  0.836120	
  0.941653	  0.021212	  0.021212	  0.015923	
  0.983972	  0.005343	  0.010633	  0.000053	
  0.005343	  0.000053	  0.000053	  0.994551	
  0.043288	  0.027075	  0.048692	  0.880945	
  0.664220	  0.014052	  0.244757	  0.076971	
  0.068699	  0.137299	  0.617503	  0.176499	

URL http://cisbp.ccbr.utoronto.ca/TFreport.php?versionNumber=2.00&searchTF=T209909_2.00

MOTIF M00320_2.00 NKX2-5

letter-probability matrix: alength= 4 w= 9 nsites= 1 E= 0
  0.199880	  0.256651	  0.254097	  0.289373	
  0.271542	  0.164699	  0.116061	  0.447698	
  0.122934	  0.317872	  0.138608	  0.420586	
  0.720440	  0.014438	  0.148393	  0.116730	
  0.859889	  0.021048	  0.000339	  0.118724	
  0.097999	  0.047701	  0.668447	  0.185853	
  0.280521	  0.004042	  0.109579	  0.605859	
  0.180626	  0.037956	  0.676159	  0.105259	
  0.163626	  0.157210	  0.521955	  0.157210	

URL http://cisbp.ccbr.utoronto.ca/TFreport.php?versionNumber=2.00&searchTF=T209925_2.00

MOTIF M00325_2.00 SIX6

letter-probability matrix: alength= 4 w= 8 nsites= 1 E= 0
  0.292314	  0.201912	  0.249094	  0.256680	
  0.276005	  0.190646	  0.276005	  0.257345	
  0.166254	  0.211350	  0.161341	  0.461055	
  0.161543	  0.067679	  0.623139	  0.147639	
  0.908497	  0.017669	  0.072370	  0.001465	
  0.035824	  0.130139	  0.070008	  0.764029	
  0.674984	  0.282785	  0.020588	  0.021643	
  0.078931	  0.445224	  0.158948	  0.316897	

URL http://cisbp.ccbr.utoronto.ca/TFreport.php?versionNumber=2.00&searchTF=T209927_2.00

MOTIF M00328_2.00 HOXC4

letter-probability matrix: alength= 4 w= 8 nsites= 1 E= 0
  0.048331	  0.165541	  0.144857	  0.641271	
  0.010689	  0.111732	  0.000053	  0.877526	
  0.862820	  0.106628	  0.010201	  0.020351	
  0.974472	  0.010201	  0.015276	  0.000051	
  0.010201	  0.020351	  0.005126	  0.964322	
  0.057632	  0.031459	  0.193729	  0.717180	
  0.743110	  0.000068	  0.236490	  0.020332	
  0.065490	  0.158913	  0.242993	  0.532605	

URL http://cisbp.ccbr.utoronto.ca/TFreport.php?versionNumber=2.00&searchTF=T209939_2.00

MOTIF M00331_2.00 HOXB7

letter-probability matrix: alength= 4 w= 7 nsites= 1 E= 0
  0.259426	  0.283857	  0.212400	  0.244318	
  0.282727	  0.297223	  0.176705	  0.243345	
  0.275664	  0.284059	  0.159044	  0.281233	
  0.226219	  0.260214	  0.169271	  0.344296	
  0.339944	  0.214601	  0.167132	  0.278323	
  0.572105	  0.125126	  0.167222	  0.135547	
  0.041030	  0.456830	  0.058810	  0.443329	

URL http://cisbp.ccbr.utoronto.ca/TFreport.php?versionNumber=2.00&searchTF=T209955_2.00

MOTIF M00335_2.00 PAX6

letter-probability matrix: alength= 4 w= 8 nsites= 1 E= 0
  0.046960	  0.517646	  0.151304	  0.284090	
  0.486374	  0.065169	  0.398209	  0.050248	
  0.207912	  0.313285	  0.346233	  0.132570	
  0.162280	  0.284100	  0.336745	  0.216876	
  0.199300	  0.255906	  0.291433	  0.253360	
  0.198157	  0.192300	  0.336655	  0.272887	
  0.199790	  0.256535	  0.329398	  0.214276	
  0.231669	  0.256034	  0.263831	  0.248467	

URL http://cisbp.ccbr.utoronto.ca/TFreport.php?versionNumber=2.00&searchTF=T237339_2.00

MOTIF M00345_2.00 PAX7

letter-probability matrix: alength= 4 w= 10 nsites= 1 E= 0
  0.215856	  0.281867	  0.215856	  0.286422	
  0.105641	  0.521590	  0.267128	  0.105641	
  0.000071	  0.000071	  0.999786	  0.000071	
  0.057543	  0.000071	  0.000071	  0.942315	
  0.000071	  0.999786	  0.000071	  0.000071	
  0.999786	  0.000071	  0.000071	  0.000071	
  0.000071	  0.999786	  0.000071	  0.000071	
  0.000071	  0.000071	  0.999786	  0.000071	
  0.034216	  0.431275	  0.500293	  0.034216	
  0.144431	  0.202342	  0.144431	  0.508797	

URL http://cisbp.ccbr.utoronto.ca/TFreport.php?versionNumber=2.00&searchTF=T237340_2.00

MOTIF M00347_2.00 PAX4

letter-probability matrix: alength= 4 w= 7 nsites= 1 E= 0
  0.162331	  0.372277	  0.157534	  0.307858	
  0.250261	  0.192964	  0.293684	  0.263092	
  0.373787	  0.203098	  0.148961	  0.274153	
  0.779241	  0.012532	  0.158907	  0.049320	
  0.014115	  0.145077	  0.085393	  0.755414	
  0.183420	  0.148677	  0.169318	  0.498586	
  0.545851	  0.119384	  0.131940	  0.202825	

URL http://cisbp.ccbr.utoronto.ca/TFreport.php?versionNumber=2.00&searchTF=T237342_2.00

MOTIF M00352_2.00 PAX3

letter-probability matrix: alength= 4 w= 8 nsites= 1 E= 0
  0.279984	  0.160048	  0.479877	  0.080091	
  0.230096	  0.230096	  0.185863	  0.353946	
  0.006916	  0.006916	  0.000068	  0.986100	
  0.958710	  0.000068	  0.020611	  0.020611	
  0.986100	  0.006916	  0.000068	  0.006916	
  0.000068	  0.000068	  0.013763	  0.986100	
  0.000071	  0.269498	  0.014251	  0.716180	
  0.259256	  0.037116	  0.694280	  0.009348	

URL http://cisbp.ccbr.utoronto.ca/TFreport.php?versionNumber=2.00&searchTF=T237343_2.00

MOTIF M00360_2.00 POU4F3

letter-probability matrix: alength= 4 w= 7 nsites= 1 E= 0
  0.222454	  0.178523	  0.159927	  0.439096	
  0.208561	  0.137034	  0.428474	  0.225931	
  0.329493	  0.406489	  0.128709	  0.135308	
  0.581249	  0.164874	  0.156833	  0.097045	
  0.164889	  0.153742	  0.128416	  0.552953	
  0.504778	  0.089489	  0.176641	  0.229091	
  0.338573	  0.213735	  0.173250	  0.274442	

URL http://cisbp.ccbr.utoronto.ca/TFreport.php?versionNumber=2.00&searchTF=T238190_2.00

MOTIF M00362_2.00 POU6F2

letter-probability matrix: alength= 4 w= 10 nsites= 1 E= 0
  0.318642	  0.217243	  0.342182	  0.121933	
  0.181023	  0.583064	  0.164936	  0.070977	
  0.000122	  0.000122	  0.000122	  0.999633	
  0.904323	  0.095433	  0.000122	  0.000122	
  0.999633	  0.000122	  0.000122	  0.000122	
  0.000122	  0.000122	  0.000122	  0.999633	
  0.000122	  0.000122	  0.000122	  0.999633	
  0.999633	  0.000122	  0.000122	  0.000122	
  0.519236	  0.128190	  0.128190	  0.224385	
  0.179145	  0.274547	  0.275030	  0.271278	

URL http://cisbp.ccbr.utoronto.ca/TFreport.php?versionNumber=2.00&searchTF=T238191_2.00

MOTIF M00364_2.00 POU3F4

letter-probability matrix: alength= 4 w= 7 nsites= 1 E= 0
  0.247004	  0.225745	  0.151321	  0.375930	
  0.420631	  0.102694	  0.114635	  0.362040	
  0.626485	  0.103557	  0.121526	  0.148432	
  0.082282	  0.175942	  0.056270	  0.685506	
  0.154106	  0.166941	  0.292258	  0.386696	
  0.327971	  0.290884	  0.178203	  0.202943	
  0.339795	  0.175623	  0.256811	  0.227771	

URL http://cisbp.ccbr.utoronto.ca/TFreport.php?versionNumber=2.00&searchTF=T238198_2.00

MOTIF M00367_2.00 NR1H4

letter-probability matrix: alength= 4 w= 13 nsites= 1 E= 0
  0.225930	  0.225930	  0.225930	  0.322210	
  0.198486	  0.294767	  0.308261	  0.198486	
  0.453828	  0.145466	  0.145466	  0.255241	
  0.047948	  0.047948	  0.143162	  0.760942	
  0.621955	  0.134331	  0.024556	  0.219158	
  0.093839	  0.000271	  0.101305	  0.804586	
  0.000271	  0.000271	  0.000271	  0.999188	
  0.899989	  0.000271	  0.099469	  0.000271	
  0.119555	  0.125375	  0.024341	  0.730730	
  0.538173	  0.051785	  0.164668	  0.245374	
  0.301053	  0.201946	  0.104805	  0.392195	
  0.295891	  0.299464	  0.202323	  0.202323	
  0.322856	  0.225715	  0.225715	  0.225715	

URL http://cisbp.ccbr.utoronto.ca/TFreport.php?versionNumber=2.00&searchTF=T303206_2.00

MOTIF M00368_2.00 NR1H3

letter-probability matrix: alength= 4 w= 10 nsites= 1 E= 0
  0.289619	  0.286737	  0.186525	  0.237120	
  0.302937	  0.132095	  0.461058	  0.103910	
  0.532286	  0.082862	  0.360388	  0.024463	
  0.012110	  0.005280	  0.947658	  0.034953	
  0.005552	  0.001227	  0.783832	  0.209389	
  0.024110	  0.047589	  0.037063	  0.891238	
  0.000812	  0.917821	  0.005270	  0.076097	
  0.825383	  0.009639	  0.146328	  0.018650	
  0.311014	  0.237422	  0.134268	  0.317297	
  0.253574	  0.261297	  0.234078	  0.251051	

URL http://cisbp.ccbr.utoronto.ca/TFreport.php?versionNumber=2.00&searchTF=T303207_2.00

MOTIF M00369_2.00 NR2E3

letter-probability matrix: alength= 4 w= 10 nsites= 1 E= 0
  0.391332	  0.270306	  0.169181	  0.169181	
  0.142813	  0.046618	  0.763952	  0.046618	
  0.000081	  0.000081	  0.905428	  0.094409	
  0.000081	  0.000081	  0.999756	  0.000081	
  0.694308	  0.000081	  0.305529	  0.000081	
  0.000081	  0.094409	  0.000081	  0.905428	
  0.000081	  0.999756	  0.000081	  0.000081	
  0.905428	  0.094409	  0.000081	  0.000081	
  0.554737	  0.183063	  0.080900	  0.181300	
  0.203464	  0.294738	  0.298334	  0.203464	

URL http://cisbp.ccbr.utoronto.ca/TFreport.php?versionNumber=2.00&searchTF=T303251_2.00

MOTIF M00377_2.00 POU2F1

letter-probability matrix: alength= 4 w= 10 nsites= 1 E= 0
  0.167408	  0.262548	  0.149970	  0.420075	
  0.419877	  0.154464	  0.135634	  0.290024	
  0.086602	  0.147131	  0.073063	  0.693204	
  0.160945	  0.033151	  0.679300	  0.126604	
  0.398008	  0.516188	  0.039904	  0.045900	
  0.719327	  0.048343	  0.058458	  0.173871	
  0.272217	  0.000461	  0.057777	  0.669545	
  0.793448	  0.022118	  0.028974	  0.155460	
  0.455101	  0.074479	  0.046086	  0.424333	
  0.272938	  0.136899	  0.170587	  0.419576	

