MEME version 4

ALPHABET= ACGT

strands: + -

Background letter frequencies (from uniform background):
A 0.25000 C 0.25000 G 0.25000 T 0.25000 

MOTIF M00060_2.00 (HYDPIDRAFT_32921)_(Saccharomyces_cerevisiae)_(DBD_0.46)

letter-probability matrix: alength= 4 w= 9 nsites= 1 E= 0
  0.320154	  0.181055	  0.206191	  0.292599	
  0.231700	  0.238756	  0.197442	  0.332102	
  0.223589	  0.242212	  0.287095	  0.247105	
  0.161512	  0.025143	  0.029212	  0.784133	
  0.138264	  0.051376	  0.075881	  0.734480	
  0.092315	  0.709959	  0.122145	  0.075581	
  0.148989	  0.381409	  0.144586	  0.325016	
  0.473500	  0.149928	  0.202381	  0.174191	
  0.182247	  0.285820	  0.153755	  0.378177	

URL http://cisbp.ccbr.utoronto.ca/TFreport.php?versionNumber=2.00&searchTF=T240956_2.00

MOTIF M00070_2.00 (HYDPIDRAFT_113320)_(Saccharomyces_cerevisiae)_(DBD_0.41)

letter-probability matrix: alength= 4 w= 11 nsites= 1 E= 0
  0.268573	  0.272224	  0.178881	  0.280322	
  0.509793	  0.098806	  0.292595	  0.098806	
  0.848016	  0.050661	  0.050661	  0.050661	
  0.999893	  0.000036	  0.000036	  0.000036	
  0.000036	  0.903786	  0.000036	  0.096142	
  0.903786	  0.000036	  0.000036	  0.096142	
  0.999893	  0.000036	  0.000036	  0.000036	
  0.000036	  0.000036	  0.000036	  0.999893	
  0.591260	  0.071155	  0.071155	  0.266431	
  0.345743	  0.151230	  0.257625	  0.245401	
  0.199374	  0.199374	  0.199374	  0.401877	

URL http://cisbp.ccbr.utoronto.ca/TFreport.php?versionNumber=2.00&searchTF=T330662_2.00

MOTIF M00407_2.00 (HYDPIDRAFT_32405)_(Mus_musculus)_(DBD_0.58)

letter-probability matrix: alength= 4 w= 9 nsites= 1 E= 0
  0.295464	  0.173911	  0.204087	  0.326538	
  0.083726	  0.082068	  0.055565	  0.778641	
  0.003120	  0.034053	  0.960935	  0.001893	
  0.873497	  0.000758	  0.057541	  0.068204	
  0.019591	  0.939245	  0.007207	  0.033956	
  0.851816	  0.012030	  0.105359	  0.030796	
  0.150397	  0.123135	  0.540925	  0.185542	
  0.147020	  0.354449	  0.343974	  0.154557	
  0.187865	  0.236447	  0.144854	  0.430834	

URL http://cisbp.ccbr.utoronto.ca/TFreport.php?versionNumber=2.00&searchTF=T219667_2.00

MOTIF M01037_2.00 (HYDPIDRAFT_53532)_(Candida_albicans)_(DBD_0.84)

letter-probability matrix: alength= 4 w= 8 nsites= 1 E= 0
  0.193022	  0.543654	  0.228086	  0.035238	
  0.000143	  0.899629	  0.000143	  0.100086	
  0.071531	  0.913906	  0.014420	  0.000143	
  0.000143	  0.999572	  0.000143	  0.000143	
  0.000143	  0.856796	  0.000143	  0.142918	
  0.000143	  0.014420	  0.014420	  0.971017	
  0.048517	  0.032398	  0.612669	  0.306415	
  0.522480	  0.045640	  0.204587	  0.227293	

URL http://cisbp.ccbr.utoronto.ca/TFreport.php?versionNumber=2.00&searchTF=T119866_2.00

MOTIF M01198_2.00 (HYDPIDRAFT_94253)_(Neurospora_crassa)_(DBD_0.80)

letter-probability matrix: alength= 4 w= 8 nsites= 1 E= 0
  0.008032	  0.985829	  0.000534	  0.005604	
  0.000361	  0.758996	  0.000317	  0.240326	
  0.065429	  0.872155	  0.039290	  0.023126	
  0.000001	  0.999660	  0.000134	  0.000205	
  0.499172	  0.000032	  0.489288	  0.011507	
  0.139979	  0.376715	  0.252520	  0.230786	
  0.284498	  0.230610	  0.244870	  0.240021	
  0.280918	  0.298289	  0.261926	  0.158866	

URL http://cisbp.ccbr.utoronto.ca/TFreport.php?versionNumber=2.00&searchTF=T119871_2.00

MOTIF M01235_2.00 (HYDPIDRAFT_30042)_(Neurospora_crassa)_(DBD_0.89)

letter-probability matrix: alength= 4 w= 11 nsites= 1 E= 0
  0.224507	  0.326478	  0.224507	  0.224507	
  0.203126	  0.299039	  0.391867	  0.105967	
  0.225223	  0.724938	  0.024920	  0.024920	
  0.000216	  0.000216	  0.999351	  0.000216	
  0.999351	  0.000216	  0.000216	  0.000216	
  0.000216	  0.000216	  0.000216	  0.999351	
  0.000216	  0.999351	  0.000216	  0.000216	
  0.000216	  0.000216	  0.897514	  0.102053	
  0.347248	  0.117812	  0.509230	  0.025709	
  0.144249	  0.144249	  0.144249	  0.567252	
  0.225297	  0.324110	  0.225297	  0.225297	

URL http://cisbp.ccbr.utoronto.ca/TFreport.php?versionNumber=2.00&searchTF=T193773_2.00

MOTIF M01418_2.00 (HYDPIDRAFT_89380)_(Schizophyllum_commune)_(DBD_0.92)

letter-probability matrix: alength= 4 w= 10 nsites= 1 E= 0
  0.250902	  0.143428	  0.143428	  0.462243	
  0.333752	  0.137853	  0.049134	  0.479262	
  0.000113	  0.426315	  0.000113	  0.573459	
  0.000113	  0.999662	  0.000113	  0.000113	
  0.000113	  0.000113	  0.999662	  0.000113	
  0.000113	  0.000113	  0.999662	  0.000113	
  0.910943	  0.000113	  0.088832	  0.000113	
  0.999662	  0.000113	  0.000113	  0.000113	
  0.106685	  0.288552	  0.205358	  0.399405	
  0.200979	  0.397063	  0.200979	  0.200979	

URL http://cisbp.ccbr.utoronto.ca/TFreport.php?versionNumber=2.00&searchTF=T371338_2.00

MOTIF M01419_2.00 (HYDPIDRAFT_114430)_(Schizophyllum_commune)_(DBD_0.81)

letter-probability matrix: alength= 4 w= 8 nsites= 1 E= 0
  0.000554	  0.222284	  0.554878	  0.222284	
  0.832363	  0.042013	  0.000416	  0.125208	
  0.000399	  0.160144	  0.000399	  0.839058	
  0.000399	  0.998802	  0.000399	  0.000399	
  0.000399	  0.040335	  0.958866	  0.000399	
  0.000399	  0.000399	  0.998802	  0.000399	
  0.911892	  0.043837	  0.043837	  0.000434	
  0.266622	  0.200133	  0.532580	  0.000665	

URL http://cisbp.ccbr.utoronto.ca/TFreport.php?versionNumber=2.00&searchTF=T371320_2.00

MOTIF M01461_2.00 (HYDPIDRAFT_118106)_(Schizophyllum_commune)_(DBD_0.78)

letter-probability matrix: alength= 4 w= 9 nsites= 1 E= 0
  0.222800	  0.153896	  0.300749	  0.322555	
  0.000403	  0.004914	  0.994365	  0.000317	
  0.993509	  0.001555	  0.004717	  0.000219	
  0.001735	  0.001899	  0.002948	  0.993418	
  0.001543	  0.831853	  0.001981	  0.164623	
  0.091010	  0.156173	  0.473886	  0.278931	
  0.222570	  0.116192	  0.461852	  0.199386	
  0.024571	  0.954844	  0.000062	  0.020523	
  0.311302	  0.115673	  0.493126	  0.079899	

URL http://cisbp.ccbr.utoronto.ca/TFreport.php?versionNumber=2.00&searchTF=T119853_2.00

MOTIF M01558_2.00 (HYDPIDRAFT_90535)_(Saccharomyces_cerevisiae)_(DBD_0.85)

letter-probability matrix: alength= 4 w= 10 nsites= 1 E= 0
  0.112022	  0.583295	  0.081344	  0.223339	
  0.214189	  0.229719	  0.346145	  0.209947	
  0.417547	  0.152079	  0.229155	  0.201220	
  0.584466	  0.060382	  0.129114	  0.226037	
  0.385008	  0.091219	  0.093997	  0.429776	
  0.301324	  0.230024	  0.179143	  0.289509	
  0.257339	  0.273252	  0.284403	  0.185007	
  0.278132	  0.034747	  0.644255	  0.042867	
  0.109929	  0.000794	  0.742363	  0.146913	
  0.392464	  0.185387	  0.181716	  0.240434	

URL http://cisbp.ccbr.utoronto.ca/TFreport.php?versionNumber=2.00&searchTF=T254467_2.00

MOTIF M01566_2.00 (HYDPIDRAFT_138070)_(Saccharomyces_cerevisiae)_(DBD_0.56)

letter-probability matrix: alength= 4 w= 8 nsites= 1 E= 0
  0.270726	  0.299198	  0.159350	  0.270726	
  0.171103	  0.404343	  0.058690	  0.365865	
  0.701225	  0.048078	  0.204963	  0.045733	
  0.053179	  0.447494	  0.090348	  0.408979	
  0.407307	  0.049381	  0.055677	  0.487635	
  0.525518	  0.097943	  0.128302	  0.248237	
  0.510778	  0.094249	  0.117441	  0.277532	
  0.343791	  0.175921	  0.275898	  0.204391	

URL http://cisbp.ccbr.utoronto.ca/TFreport.php?versionNumber=2.00&searchTF=T330664_2.00

MOTIF M02228_2.00 (HYDPIDRAFT_41913)_(Oikopleura_dioica)_(DBD_0.40)

letter-probability matrix: alength= 4 w= 10 nsites= 1 E= 0
  0.334982	  0.178409	  0.201155	  0.285453	
  0.210546	  0.237390	  0.194359	  0.357704	
  0.134708	  0.245455	  0.285178	  0.334659	
  0.027919	  0.202207	  0.012927	  0.756947	
  0.872504	  0.078364	  0.024566	  0.024566	
  0.977176	  0.009725	  0.004976	  0.008123	
  0.003565	  0.009036	  0.003824	  0.983575	
  0.424012	  0.070793	  0.036590	  0.468606	
  0.591052	  0.030936	  0.047083	  0.330929	
  0.345635	  0.197430	  0.218194	  0.238742	

URL http://cisbp.ccbr.utoronto.ca/TFreport.php?versionNumber=2.00&searchTF=T219668_2.00

MOTIF M02491_2.00 (HYDPIDRAFT_117889)_(Neurospora_crassa)_(DBD_0.30)

letter-probability matrix: alength= 4 w= 8 nsites= 1 E= 0
  0.001106	  0.222345	  0.001106	  0.775442	
  0.071937	  0.926638	  0.000712	  0.000712	
  0.071937	  0.000712	  0.000712	  0.926638	
  0.000712	  0.000712	  0.000712	  0.997863	
  0.000712	  0.000712	  0.000712	  0.997863	
  0.000712	  0.000712	  0.997863	  0.000712	
  0.000712	  0.000712	  0.000712	  0.997863	
  0.001106	  0.332965	  0.001106	  0.664823	

URL http://cisbp.ccbr.utoronto.ca/TFreport.php?versionNumber=2.00&searchTF=T330663_2.00

