MEME version 4

ALPHABET= ACGT

strands: + -

Background letter frequencies (from uniform background):
A 0.25000 C 0.25000 G 0.25000 T 0.25000 

MOTIF M00070_2.00 (HNAJ_0001105001)_(Saccharomyces_cerevisiae)_(DBD_0.32)

letter-probability matrix: alength= 4 w= 11 nsites= 1 E= 0
  0.268573	  0.272224	  0.178881	  0.280322	
  0.509793	  0.098806	  0.292595	  0.098806	
  0.848016	  0.050661	  0.050661	  0.050661	
  0.999893	  0.000036	  0.000036	  0.000036	
  0.000036	  0.903786	  0.000036	  0.096142	
  0.903786	  0.000036	  0.000036	  0.096142	
  0.999893	  0.000036	  0.000036	  0.000036	
  0.000036	  0.000036	  0.000036	  0.999893	
  0.591260	  0.071155	  0.071155	  0.266431	
  0.345743	  0.151230	  0.257625	  0.245401	
  0.199374	  0.199374	  0.199374	  0.401877	

URL http://cisbp.ccbr.utoronto.ca/TFreport.php?versionNumber=2.00&searchTF=T336456_2.00

MOTIF M00157_2.00 (HNAJ_0000775301)_(Mus_musculus)_(DBD_0.76)

letter-probability matrix: alength= 4 w= 10 nsites= 1 E= 0
  0.310173	  0.239160	  0.232091	  0.218575	
  0.515468	  0.099991	  0.271802	  0.112739	
  0.100868	  0.708969	  0.159782	  0.030381	
  0.125542	  0.847793	  0.021599	  0.005066	
  0.008511	  0.006180	  0.983769	  0.001539	
  0.001765	  0.005251	  0.990671	  0.002313	
  0.980239	  0.008916	  0.004748	  0.006097	
  0.784086	  0.021000	  0.005390	  0.189525	
  0.330437	  0.069437	  0.572730	  0.027396	
  0.085838	  0.235677	  0.092987	  0.585498	

URL http://cisbp.ccbr.utoronto.ca/TFreport.php?versionNumber=2.00&searchTF=T178527_2.00

MOTIF M00160_2.00 (HNAJ_0000565501)_(Mus_musculus)_(DBD_0.54)

letter-probability matrix: alength= 4 w= 10 nsites= 1 E= 0
  0.272342	  0.213287	  0.238265	  0.276106	
  0.383328	  0.071216	  0.521888	  0.023568	
  0.117428	  0.105265	  0.021002	  0.756305	
  0.834939	  0.152266	  0.000007	  0.012788	
  0.908292	  0.059096	  0.002967	  0.029645	
  0.977393	  0.014489	  0.001628	  0.006490	
  0.001282	  0.843632	  0.000001	  0.155085	
  0.965165	  0.012083	  0.006831	  0.015922	
  0.479654	  0.164189	  0.114694	  0.241463	
  0.417043	  0.185221	  0.142285	  0.255451	

URL http://cisbp.ccbr.utoronto.ca/TFreport.php?versionNumber=2.00&searchTF=T190637_2.00

MOTIF M00161_2.00 (HNAJ_0000187001)_(Mus_musculus)_(DBD_0.65)

letter-probability matrix: alength= 4 w= 12 nsites= 1 E= 0
  0.394926	  0.201691	  0.201691	  0.201691	
  0.357836	  0.147163	  0.347838	  0.147163	
  0.159006	  0.172368	  0.068783	  0.599842	
  0.841382	  0.113021	  0.022798	  0.022798	
  0.999531	  0.000156	  0.000156	  0.000156	
  0.999531	  0.000156	  0.000156	  0.000156	
  0.000156	  0.999531	  0.000156	  0.000156	
  0.999531	  0.000156	  0.000156	  0.000156	
  0.854605	  0.048465	  0.048465	  0.048465	
  0.691020	  0.102993	  0.102993	  0.102993	
  0.181373	  0.360053	  0.181373	  0.277201	
  0.317926	  0.227358	  0.227358	  0.227358	

URL http://cisbp.ccbr.utoronto.ca/TFreport.php?versionNumber=2.00&searchTF=T190632_2.00

MOTIF M00162_2.00 (HNAJ_0001292001)_(Mus_musculus)_(DBD_0.80)

letter-probability matrix: alength= 4 w= 8 nsites= 1 E= 0
  0.160144	  0.000399	  0.839058	  0.000399	
  0.000322	  0.032539	  0.000322	  0.966817	
  0.878027	  0.121368	  0.000303	  0.000303	
  0.968826	  0.030569	  0.000303	  0.000303	
  0.999092	  0.000303	  0.000303	  0.000303	
  0.000303	  0.635896	  0.000303	  0.363499	
  0.999092	  0.000303	  0.000303	  0.000303	
  0.630777	  0.105567	  0.105567	  0.158088	

URL http://cisbp.ccbr.utoronto.ca/TFreport.php?versionNumber=2.00&searchTF=T190643_2.00

MOTIF M00164_2.00 (HNAJ_0000537801)_(Mus_musculus)_(DBD_0.62)

letter-probability matrix: alength= 4 w= 10 nsites= 1 E= 0
  0.366283	  0.166235	  0.164581	  0.302901	
  0.345139	  0.171391	  0.195185	  0.288285	
  0.267836	  0.181340	  0.196443	  0.354381	
  0.346821	  0.108724	  0.419393	  0.125062	
  0.146969	  0.100507	  0.031824	  0.720700	
  0.700016	  0.254959	  0.000720	  0.044305	
  0.906192	  0.053477	  0.000316	  0.040015	
  0.934400	  0.000771	  0.023568	  0.041260	
  0.033048	  0.600627	  0.033381	  0.332944	
  0.853101	  0.047889	  0.045553	  0.053457	

URL http://cisbp.ccbr.utoronto.ca/TFreport.php?versionNumber=2.00&searchTF=T190636_2.00

MOTIF M00166_2.00 (HNAJ_0001025501)_(Mus_musculus)_(DBD_0.81)

letter-probability matrix: alength= 4 w= 10 nsites= 1 E= 0
  0.268595	  0.233506	  0.226604	  0.271295	
  0.274182	  0.235991	  0.229016	  0.260810	
  0.228672	  0.255262	  0.268349	  0.247717	
  0.424078	  0.237440	  0.065360	  0.273121	
  0.073859	  0.028851	  0.873191	  0.024099	
  0.941711	  0.009657	  0.001747	  0.046885	
  0.062764	  0.030247	  0.036212	  0.870777	
  0.486794	  0.180881	  0.095377	  0.236948	
  0.453949	  0.132686	  0.190183	  0.223182	
  0.227316	  0.258874	  0.316190	  0.197619	

URL http://cisbp.ccbr.utoronto.ca/TFreport.php?versionNumber=2.00&searchTF=T197533_2.00

MOTIF M00170_2.00 (HNAJ_0001184001)_(Mus_musculus)_(DBD_0.56)

letter-probability matrix: alength= 4 w= 10 nsites= 1 E= 0
  0.209374	  0.233720	  0.159832	  0.397074	
  0.163450	  0.121087	  0.144967	  0.570496	
  0.767485	  0.012467	  0.178238	  0.041809	
  0.971535	  0.004091	  0.015625	  0.008748	
  0.011394	  0.002492	  0.856692	  0.129422	
  0.130487	  0.022903	  0.095706	  0.750904	
  0.343268	  0.018147	  0.613089	  0.025496	
  0.097817	  0.321534	  0.373569	  0.207080	
  0.177217	  0.319698	  0.207966	  0.295118	
  0.190838	  0.262808	  0.198626	  0.347729	

URL http://cisbp.ccbr.utoronto.ca/TFreport.php?versionNumber=2.00&searchTF=T234384_2.00

MOTIF M00178_2.00 (HNAJ_0000775201)_(Mus_musculus)_(DBD_0.71)

letter-probability matrix: alength= 4 w= 10 nsites= 1 E= 0
  0.212984	  0.416099	  0.142972	  0.227946	
  0.201998	  0.401559	  0.182516	  0.213926	
  0.432247	  0.083239	  0.179282	  0.305232	
  0.394149	  0.098816	  0.146383	  0.360652	
  0.532912	  0.075998	  0.118189	  0.272901	
  0.272901	  0.118189	  0.075998	  0.532912	
  0.360652	  0.146383	  0.098816	  0.394149	
  0.305232	  0.179282	  0.083239	  0.432247	
  0.213926	  0.182516	  0.401559	  0.201998	
  0.227946	  0.142972	  0.416099	  0.212984	

URL http://cisbp.ccbr.utoronto.ca/TFreport.php?versionNumber=2.00&searchTF=T259586_2.00

MOTIF M00188_2.00 (HNAJ_0000214001)_(Mus_musculus)_(DBD_0.85)

letter-probability matrix: alength= 4 w= 10 nsites= 1 E= 0
  0.104605	  0.584172	  0.194454	  0.116769	
  0.266268	  0.282733	  0.156727	  0.294272	
  0.098718	  0.112423	  0.073867	  0.714991	
  0.512814	  0.101485	  0.365006	  0.020695	
  0.255170	  0.103744	  0.573599	  0.067487	
  0.184311	  0.457887	  0.038345	  0.319457	
  0.484397	  0.018971	  0.233435	  0.263197	
  0.869982	  0.053972	  0.047869	  0.028176	
  0.021911	  0.904128	  0.002656	  0.071305	
  0.236202	  0.300271	  0.335186	  0.128340	

URL http://cisbp.ccbr.utoronto.ca/TFreport.php?versionNumber=2.00&searchTF=T319207_2.00

MOTIF M00202_2.00 (HNAJ_0000973701)_(Mus_musculus)_(DBD_0.68)

letter-probability matrix: alength= 4 w= 9 nsites= 1 E= 0
  0.631817	  0.056182	  0.062715	  0.249286	
  0.000160	  0.054418	  0.041542	  0.903880	
  0.090057	  0.000544	  0.020094	  0.889305	
  0.201840	  0.259167	  0.449203	  0.089790	
  0.325271	  0.069038	  0.090437	  0.515253	
  0.239857	  0.228159	  0.198352	  0.333633	
  0.238056	  0.260475	  0.198841	  0.302628	
  0.252609	  0.237898	  0.221815	  0.287678	
  0.254386	  0.249349	  0.244411	  0.251855	

URL http://cisbp.ccbr.utoronto.ca/TFreport.php?versionNumber=2.00&searchTF=T336451_2.00

MOTIF M00207_2.00 (HNAJ_0001324301)_(Mus_musculus)_(DBD_0.83)

letter-probability matrix: alength= 4 w= 8 nsites= 1 E= 0
  0.194088	  0.292455	  0.323213	  0.190245	
  0.421098	  0.167815	  0.179983	  0.231103	
  0.248778	  0.139290	  0.158628	  0.453303	
  0.182174	  0.439204	  0.213784	  0.164838	
  0.651950	  0.031816	  0.105633	  0.210601	
  0.619209	  0.101336	  0.132747	  0.146708	
  0.493892	  0.108020	  0.169409	  0.228679	
  0.245370	  0.217624	  0.355231	  0.181775	

URL http://cisbp.ccbr.utoronto.ca/TFreport.php?versionNumber=2.00&searchTF=T336458_2.00

MOTIF M00216_2.00 (HNAJ_0000219201)_(Mus_musculus)_(DBD_0.81)

letter-probability matrix: alength= 4 w= 7 nsites= 1 E= 0
  0.317192	  0.188577	  0.170632	  0.323600	
  0.377028	  0.110202	  0.112429	  0.400342	
  0.238466	  0.123251	  0.123251	  0.515031	
  0.532428	  0.000769	  0.095340	  0.371463	
  0.290314	  0.000533	  0.069475	  0.639678	
  0.715780	  0.078521	  0.191210	  0.014489	
  0.289234	  0.119969	  0.104296	  0.486500	

URL http://cisbp.ccbr.utoronto.ca/TFreport.php?versionNumber=2.00&searchTF=T343494_2.00

MOTIF M00257_2.00 (HNAJ_0000074501)_(Homo_sapiens)_(DBD_0.57)

letter-probability matrix: alength= 4 w= 10 nsites= 1 E= 0
  0.326582	  0.181033	  0.131457	  0.360928	
  0.376628	  0.160976	  0.273488	  0.188908	
  0.247519	  0.242618	  0.230785	  0.279077	
  0.363901	  0.188083	  0.342709	  0.105307	
  0.343254	  0.200031	  0.077360	  0.379355	
  0.494185	  0.252879	  0.037446	  0.215489	
  0.759756	  0.101799	  0.035623	  0.102822	
  0.777778	  0.049722	  0.111770	  0.060730	
  0.010752	  0.547346	  0.078656	  0.363246	
  0.741580	  0.060267	  0.105508	  0.092646	

URL http://cisbp.ccbr.utoronto.ca/TFreport.php?versionNumber=2.00&searchTF=T190629_2.00

MOTIF M00269_2.00 (HNAJ_0000200501)_(Homo_sapiens)_(DBD_0.47)

letter-probability matrix: alength= 4 w= 9 nsites= 1 E= 0
  0.229316	  0.241073	  0.315798	  0.213813	
  0.253073	  0.274150	  0.250555	  0.222222	
  0.157370	  0.139575	  0.058475	  0.644580	
  0.707575	  0.071654	  0.162690	  0.058081	
  0.832219	  0.032593	  0.038248	  0.096940	
  0.094336	  0.203744	  0.131219	  0.570701	
  0.201381	  0.173330	  0.250936	  0.374353	
  0.319152	  0.169978	  0.332177	  0.178693	
  0.261395	  0.227245	  0.328991	  0.182369	

URL http://cisbp.ccbr.utoronto.ca/TFreport.php?versionNumber=2.00&searchTF=T234349_2.00

MOTIF M00282_2.00 (HNAJ_0000084501)_(Homo_sapiens)_(DBD_0.40)

letter-probability matrix: alength= 4 w= 8 nsites= 1 E= 0
  0.000303	  0.091102	  0.000303	  0.908293	
  0.972192	  0.000270	  0.027268	  0.000270	
  0.999190	  0.000270	  0.000270	  0.000270	
  0.000270	  0.000270	  0.000270	  0.999190	
  0.000270	  0.000270	  0.000270	  0.999190	
  0.742295	  0.000285	  0.257135	  0.000285	
  0.143010	  0.107347	  0.642297	  0.107347	
  0.105567	  0.210609	  0.105567	  0.578256	

URL http://cisbp.ccbr.utoronto.ca/TFreport.php?versionNumber=2.00&searchTF=T234345_2.00

MOTIF M00323_2.00 (HNAJ_0000474501)_(Homo_sapiens)_(DBD_0.79)

letter-probability matrix: alength= 4 w= 11 nsites= 1 E= 0
  0.179590	  0.272728	  0.179590	  0.368091	
  0.175964	  0.077189	  0.077189	  0.669658	
  0.028891	  0.225357	  0.028891	  0.716861	
  0.999830	  0.000057	  0.000057	  0.000057	
  0.999830	  0.000057	  0.000057	  0.000057	
  0.000057	  0.000057	  0.999830	  0.000057	
  0.000057	  0.000057	  0.000057	  0.999830	
  0.115394	  0.000057	  0.884493	  0.000057	
  0.070466	  0.282896	  0.576171	  0.070466	
  0.172868	  0.264524	  0.172868	  0.389741	
  0.221166	  0.221166	  0.221166	  0.336503	

URL http://cisbp.ccbr.utoronto.ca/TFreport.php?versionNumber=2.00&searchTF=T234357_2.00

MOTIF M00380_2.00 (HNAJ_0000321501)_(Mus_musculus)_(DBD_0.68)

letter-probability matrix: alength= 4 w= 8 nsites= 1 E= 0
  0.197712	  0.294951	  0.128613	  0.378724	
  0.094122	  0.079407	  0.010325	  0.816145	
  0.890434	  0.022015	  0.083238	  0.004313	
  0.994089	  0.000151	  0.000109	  0.005651	
  0.011500	  0.089327	  0.025850	  0.873323	
  0.128510	  0.058910	  0.253662	  0.558919	
  0.589184	  0.038044	  0.310672	  0.062100	
  0.188759	  0.223737	  0.420090	  0.167414	

URL http://cisbp.ccbr.utoronto.ca/TFreport.php?versionNumber=2.00&searchTF=T234355_2.00

MOTIF M00383_2.00 (HNAJ_0000887601)_(Mus_musculus)_(DBD_0.86)

letter-probability matrix: alength= 4 w= 9 nsites= 1 E= 0
  0.196847	  0.282147	  0.169428	  0.351577	
  0.155907	  0.072187	  0.051897	  0.720008	
  0.696670	  0.087035	  0.095232	  0.121063	
  0.798358	  0.042630	  0.032219	  0.126793	
  0.067221	  0.146641	  0.081287	  0.704851	
  0.114380	  0.141109	  0.368533	  0.375978	
  0.447955	  0.095078	  0.322046	  0.134922	
  0.226418	  0.284970	  0.217540	  0.271072	
  0.214998	  0.296080	  0.212859	  0.276063	

URL http://cisbp.ccbr.utoronto.ca/TFreport.php?versionNumber=2.00&searchTF=T234373_2.00

MOTIF M00415_2.00 (HNAJ_0001042701)_(Mus_musculus)_(DBD_0.86)

letter-probability matrix: alength= 4 w= 9 nsites= 1 E= 0
  0.214819	  0.275834	  0.165637	  0.343710	
  0.156468	  0.031590	  0.029162	  0.782780	
  0.812989	  0.018187	  0.092825	  0.075999	
  0.970114	  0.005298	  0.018493	  0.006095	
  0.033505	  0.020526	  0.194747	  0.751222	
  0.084599	  0.778927	  0.049300	  0.087175	
  0.054735	  0.673516	  0.068890	  0.202859	
  0.203348	  0.355996	  0.215922	  0.224734	
  0.226520	  0.293780	  0.211205	  0.268495	

URL http://cisbp.ccbr.utoronto.ca/TFreport.php?versionNumber=2.00&searchTF=T234378_2.00

MOTIF M00416_2.00 (HNAJ_0000146901)_(Mus_musculus)_(DBD_0.64)

letter-probability matrix: alength= 4 w= 8 nsites= 1 E= 0
  0.262564	  0.254804	  0.249759	  0.232873	
  0.275648	  0.244478	  0.251924	  0.227950	
  0.207360	  0.229168	  0.266256	  0.297216	
  0.311690	  0.111276	  0.242744	  0.334290	
  0.708550	  0.043957	  0.124365	  0.123128	
  0.169491	  0.597527	  0.115908	  0.117073	
  0.675885	  0.093319	  0.088768	  0.142028	
  0.337236	  0.221580	  0.120396	  0.320789	

URL http://cisbp.ccbr.utoronto.ca/TFreport.php?versionNumber=2.00&searchTF=T234347_2.00

MOTIF M00425_2.00 (HNAJ_0000203501)_(Mus_musculus)_(DBD_0.87)

letter-probability matrix: alength= 4 w= 8 nsites= 1 E= 0
  0.177918	  0.245015	  0.196630	  0.380437	
  0.185511	  0.128139	  0.489368	  0.196982	
  0.844182	  0.107594	  0.012408	  0.035815	
  0.079962	  0.206759	  0.066790	  0.646488	
  0.600471	  0.307266	  0.010998	  0.081265	
  0.102580	  0.523557	  0.126551	  0.247311	
  0.201123	  0.352101	  0.245653	  0.201123	
  0.225861	  0.295869	  0.223613	  0.254657	

URL http://cisbp.ccbr.utoronto.ca/TFreport.php?versionNumber=2.00&searchTF=T234350_2.00

MOTIF M00432_2.00 (HNAJ_0001276601)_(Mus_musculus)_(DBD_0.61)

letter-probability matrix: alength= 4 w= 8 nsites= 1 E= 0
  0.233021	  0.233021	  0.237729	  0.296228	
  0.299569	  0.128040	  0.147281	  0.425109	
  0.394212	  0.088845	  0.184360	  0.332583	
  0.791037	  0.010521	  0.120704	  0.077738	
  0.125342	  0.030909	  0.107883	  0.735866	
  0.111249	  0.116952	  0.215243	  0.556556	
  0.502249	  0.069345	  0.330001	  0.098405	
  0.304872	  0.239820	  0.275859	  0.179449	

URL http://cisbp.ccbr.utoronto.ca/TFreport.php?versionNumber=2.00&searchTF=T234389_2.00

MOTIF M00433_2.00 (HNAJ_0001296701)_(Mus_musculus)_(DBD_0.81)

letter-probability matrix: alength= 4 w= 9 nsites= 1 E= 0
  0.239869	  0.317378	  0.190584	  0.252168	
  0.133763	  0.050707	  0.022333	  0.793196	
  0.850989	  0.020830	  0.051749	  0.076432	
  0.959274	  0.011777	  0.004509	  0.024439	
  0.324957	  0.077765	  0.136141	  0.461136	
  0.139125	  0.306548	  0.136371	  0.417956	
  0.193728	  0.061958	  0.611831	  0.132483	
  0.201560	  0.269370	  0.319285	  0.209785	
  0.174474	  0.290550	  0.187125	  0.347851	

URL http://cisbp.ccbr.utoronto.ca/TFreport.php?versionNumber=2.00&searchTF=T234390_2.00

MOTIF M00437_2.00 (HNAJ_0001319401)_(Mus_musculus)_(DBD_1.00)

letter-probability matrix: alength= 4 w= 9 nsites= 1 E= 0
  0.279714	  0.187498	  0.226732	  0.306056	
  0.133384	  0.136078	  0.089410	  0.641128	
  0.028209	  0.031489	  0.906531	  0.033772	
  0.787150	  0.003969	  0.102352	  0.106529	
  0.042661	  0.891832	  0.004969	  0.060538	
  0.758156	  0.019315	  0.172585	  0.049943	
  0.174931	  0.152077	  0.461457	  0.211535	
  0.174360	  0.324123	  0.333994	  0.167523	
  0.196701	  0.255107	  0.167617	  0.380575	

URL http://cisbp.ccbr.utoronto.ca/TFreport.php?versionNumber=2.00&searchTF=T234391_2.00

MOTIF M00442_2.00 (HNAJ_0000785001)_(Mus_musculus)_(DBD_0.90)

letter-probability matrix: alength= 4 w= 10 nsites= 1 E= 0
  0.232947	  0.273366	  0.293187	  0.200499	
  0.212847	  0.340554	  0.181376	  0.265223	
  0.136717	  0.049300	  0.011335	  0.802648	
  0.797526	  0.087489	  0.088368	  0.026616	
  0.889584	  0.000658	  0.045639	  0.064120	
  0.150641	  0.058844	  0.122107	  0.668408	
  0.186789	  0.142591	  0.242253	  0.428367	
  0.315574	  0.091322	  0.456867	  0.136237	
  0.212950	  0.281760	  0.314523	  0.190768	
  0.193573	  0.288776	  0.231748	  0.285903	

URL http://cisbp.ccbr.utoronto.ca/TFreport.php?versionNumber=2.00&searchTF=T234371_2.00

MOTIF M00453_2.00 (HNAJ_0001266701)_(Mus_musculus)_(DBD_0.84)

letter-probability matrix: alength= 4 w= 10 nsites= 1 E= 0
  0.292956	  0.212730	  0.247157	  0.247157	
  0.199110	  0.213547	  0.268770	  0.318574	
  0.308532	  0.060450	  0.242700	  0.388318	
  0.885224	  0.000434	  0.056027	  0.058314	
  0.069002	  0.849069	  0.012233	  0.069696	
  0.762058	  0.078730	  0.049701	  0.109511	
  0.312091	  0.226624	  0.087645	  0.373640	
  0.225409	  0.218747	  0.398583	  0.157262	
  0.285673	  0.236240	  0.224718	  0.253369	
  0.255374	  0.231072	  0.219803	  0.293750	

URL http://cisbp.ccbr.utoronto.ca/TFreport.php?versionNumber=2.00&searchTF=T234388_2.00

MOTIF M00458_2.00 (HNAJ_0000982601)_(Mus_musculus)_(DBD_0.98)

letter-probability matrix: alength= 4 w= 7 nsites= 1 E= 0
  0.207112	  0.268610	  0.252968	  0.271310	
  0.229210	  0.070431	  0.130927	  0.569432	
  0.521448	  0.073450	  0.236656	  0.168445	
  0.627941	  0.108034	  0.128053	  0.135972	
  0.172464	  0.088251	  0.270478	  0.468806	
  0.209059	  0.140136	  0.302661	  0.348144	
  0.255000	  0.139947	  0.428917	  0.176137	

URL http://cisbp.ccbr.utoronto.ca/TFreport.php?versionNumber=2.00&searchTF=T234376_2.00

MOTIF M00460_2.00 (HNAJ_0000941201)_(Mus_musculus)_(DBD_0.86)

letter-probability matrix: alength= 4 w= 9 nsites= 1 E= 0
  0.245921	  0.297380	  0.182183	  0.274516	
  0.148145	  0.057294	  0.053420	  0.741141	
  0.826195	  0.029278	  0.049246	  0.095281	
  0.911651	  0.016367	  0.020806	  0.051175	
  0.341059	  0.073851	  0.129290	  0.455800	
  0.145727	  0.296408	  0.137241	  0.420623	
  0.217704	  0.062373	  0.591781	  0.128142	
  0.218605	  0.261718	  0.292150	  0.227527	
  0.175236	  0.274825	  0.175236	  0.374703	

URL http://cisbp.ccbr.utoronto.ca/TFreport.php?versionNumber=2.00&searchTF=T234374_2.00

MOTIF M00466_2.00 (HNAJ_0000095401)_(Mus_musculus)_(DBD_0.93)

letter-probability matrix: alength= 4 w= 9 nsites= 1 E= 0
  0.319806	  0.179059	  0.239299	  0.261835	
  0.326964	  0.089108	  0.142572	  0.441355	
  0.104999	  0.140324	  0.052665	  0.702012	
  0.632389	  0.042927	  0.165588	  0.159096	
  0.902412	  0.000373	  0.035342	  0.061872	
  0.062494	  0.001133	  0.033956	  0.902416	
  0.174093	  0.139713	  0.298744	  0.387450	
  0.522018	  0.055573	  0.301178	  0.121231	
  0.164852	  0.331971	  0.291502	  0.211674	

URL http://cisbp.ccbr.utoronto.ca/TFreport.php?versionNumber=2.00&searchTF=T234346_2.00

MOTIF M00471_2.00 (HNAJ_0000953301)_(Mus_musculus)_(DBD_0.61)

letter-probability matrix: alength= 4 w= 8 nsites= 1 E= 0
  0.244872	  0.260014	  0.144133	  0.350982	
  0.077444	  0.034798	  0.008081	  0.879677	
  0.867505	  0.035010	  0.060680	  0.036805	
  0.982723	  0.000589	  0.009586	  0.007102	
  0.016319	  0.031259	  0.025086	  0.927336	
  0.092665	  0.083846	  0.096446	  0.727043	
  0.388672	  0.095845	  0.384805	  0.130678	
  0.289713	  0.198123	  0.368297	  0.143867	

URL http://cisbp.ccbr.utoronto.ca/TFreport.php?versionNumber=2.00&searchTF=T234375_2.00

MOTIF M00483_2.00 (HNAJ_0000289701)_(Mus_musculus)_(DBD_0.95)

letter-probability matrix: alength= 4 w= 7 nsites= 1 E= 0
  0.247356	  0.242458	  0.265291	  0.244895	
  0.187686	  0.245862	  0.203318	  0.363134	
  0.206531	  0.145540	  0.437226	  0.210703	
  0.818609	  0.111900	  0.033704	  0.035788	
  0.126658	  0.170970	  0.099632	  0.602740	
  0.539508	  0.337193	  0.043409	  0.079890	
  0.146793	  0.419484	  0.179294	  0.254430	

URL http://cisbp.ccbr.utoronto.ca/TFreport.php?versionNumber=2.00&searchTF=T234353_2.00

MOTIF M00484_2.00 (HNAJ_0000054901)_(Mus_musculus)_(DBD_0.68)

letter-probability matrix: alength= 4 w= 8 nsites= 1 E= 0
  0.260569	  0.255410	  0.285108	  0.198913	
  0.177845	  0.320830	  0.230652	  0.270673	
  0.114497	  0.403649	  0.048938	  0.432917	
  0.580843	  0.152091	  0.107177	  0.159889	
  0.790662	  0.111371	  0.053137	  0.044830	
  0.121087	  0.104221	  0.012262	  0.762430	
  0.136206	  0.248183	  0.120804	  0.494807	
  0.509367	  0.130735	  0.162905	  0.196993	

URL http://cisbp.ccbr.utoronto.ca/TFreport.php?versionNumber=2.00&searchTF=T234342_2.00

MOTIF M00487_2.00 (HNAJ_0000295101)_(Mus_musculus)_(DBD_0.88)

letter-probability matrix: alength= 4 w= 8 nsites= 1 E= 0
  0.245580	  0.266033	  0.173057	  0.315330	
  0.119000	  0.042484	  0.026819	  0.811696	
  0.775973	  0.070395	  0.099895	  0.053738	
  0.952272	  0.000511	  0.019863	  0.027354	
  0.039124	  0.063862	  0.062598	  0.834416	
  0.140547	  0.106223	  0.141959	  0.611271	
  0.355145	  0.111333	  0.377106	  0.156417	
  0.288606	  0.209571	  0.335312	  0.166511	

URL http://cisbp.ccbr.utoronto.ca/TFreport.php?versionNumber=2.00&searchTF=T234354_2.00

MOTIF M00491_2.00 (HNAJ_0000282501)_(Mus_musculus)_(DBD_0.68)

letter-probability matrix: alength= 4 w= 9 nsites= 1 E= 0
  0.308862	  0.217651	  0.204976	  0.268511	
  0.162560	  0.093789	  0.036637	  0.707014	
  0.804281	  0.032784	  0.144020	  0.018915	
  0.924954	  0.003353	  0.032451	  0.039242	
  0.084100	  0.081615	  0.097711	  0.736574	
  0.173718	  0.152541	  0.191988	  0.481753	
  0.336856	  0.096511	  0.419748	  0.146886	
  0.197434	  0.312750	  0.280172	  0.209643	
  0.224674	  0.282775	  0.231517	  0.261034	

URL http://cisbp.ccbr.utoronto.ca/TFreport.php?versionNumber=2.00&searchTF=T234352_2.00

MOTIF M00495_2.00 (HNAJ_0001006601)_(Mus_musculus)_(DBD_0.86)

letter-probability matrix: alength= 4 w= 9 nsites= 1 E= 0
  0.184447	  0.364076	  0.184447	  0.267030	
  0.116544	  0.046445	  0.001308	  0.835703	
  0.822965	  0.097799	  0.078485	  0.000750	
  0.891592	  0.011056	  0.021179	  0.076173	
  0.116988	  0.045699	  0.100693	  0.736620	
  0.189372	  0.123188	  0.282510	  0.404930	
  0.430266	  0.105047	  0.303203	  0.161484	
  0.227412	  0.274998	  0.297901	  0.199689	
  0.184723	  0.307617	  0.234829	  0.272832	

URL http://cisbp.ccbr.utoronto.ca/TFreport.php?versionNumber=2.00&searchTF=T234377_2.00

MOTIF M00513_2.00 (HNAJ_0001048901)_(Mus_musculus)_(DBD_0.91)

letter-probability matrix: alength= 4 w= 9 nsites= 1 E= 0
  0.266112	  0.222276	  0.229045	  0.282568	
  0.237101	  0.188385	  0.227804	  0.346709	
  0.168681	  0.122488	  0.165341	  0.543490	
  0.135910	  0.075339	  0.627657	  0.161095	
  0.670614	  0.096370	  0.100303	  0.132714	
  0.153825	  0.312879	  0.143425	  0.389871	
  0.261540	  0.143536	  0.378641	  0.216283	
  0.251042	  0.207601	  0.277444	  0.263913	
  0.263023	  0.226386	  0.344550	  0.166042	

URL http://cisbp.ccbr.utoronto.ca/TFreport.php?versionNumber=2.00&searchTF=T234379_2.00

MOTIF M00516_2.00 (HNAJ_0000058201)_(Mus_musculus)_(DBD_0.81)

letter-probability matrix: alength= 4 w= 9 nsites= 1 E= 0
  0.266806	  0.229642	  0.205721	  0.297830	
  0.116229	  0.082729	  0.031676	  0.769366	
  0.886269	  0.000274	  0.097224	  0.016233	
  0.956010	  0.016164	  0.000365	  0.027461	
  0.057873	  0.196026	  0.082125	  0.663976	
  0.104695	  0.230685	  0.333971	  0.330648	
  0.326888	  0.077449	  0.441252	  0.154411	
  0.189730	  0.271946	  0.338866	  0.199458	
  0.170012	  0.319216	  0.175189	  0.335583	

URL http://cisbp.ccbr.utoronto.ca/TFreport.php?versionNumber=2.00&searchTF=T234343_2.00

MOTIF M00524_2.00 (HNAJ_0000072501)_(Mus_musculus)_(DBD_0.74)

letter-probability matrix: alength= 4 w= 10 nsites= 1 E= 0
  0.221818	  0.204764	  0.161073	  0.412344	
  0.207435	  0.166471	  0.084337	  0.541758	
  0.621586	  0.036682	  0.185355	  0.156378	
  0.910510	  0.013383	  0.034261	  0.041846	
  0.138801	  0.083349	  0.268550	  0.509300	
  0.088820	  0.300850	  0.045450	  0.564880	
  0.170729	  0.062808	  0.652021	  0.114443	
  0.204093	  0.304470	  0.254315	  0.237122	
  0.175698	  0.304530	  0.186563	  0.333209	
  0.196959	  0.273964	  0.238173	  0.290905	

URL http://cisbp.ccbr.utoronto.ca/TFreport.php?versionNumber=2.00&searchTF=T234344_2.00

MOTIF M00554_2.00 (HNAJ_0000530301)_(Drosophila_melanogaster)_(DBD_0.65)

letter-probability matrix: alength= 4 w= 10 nsites= 1 E= 0
  0.251496	  0.177226	  0.199822	  0.371455	
  0.148997	  0.073254	  0.136173	  0.641576	
  0.122081	  0.052704	  0.056525	  0.768690	
  0.381649	  0.037883	  0.070422	  0.510046	
  0.882245	  0.000299	  0.060489	  0.056967	
  0.048121	  0.268735	  0.096905	  0.586239	
  0.165526	  0.087281	  0.407129	  0.340063	
  0.403411	  0.084771	  0.354234	  0.157584	
  0.125944	  0.405791	  0.231791	  0.236474	
  0.189990	  0.335953	  0.201738	  0.272318	

URL http://cisbp.ccbr.utoronto.ca/TFreport.php?versionNumber=2.00&searchTF=T234361_2.00

MOTIF M00557_2.00 (HNAJ_0000006701)_(Drosophila_melanogaster)_(DBD_0.90)

letter-probability matrix: alength= 4 w= 9 nsites= 1 E= 0
  0.243483	  0.258539	  0.306448	  0.191530	
  0.206850	  0.317982	  0.181634	  0.293534	
  0.110856	  0.033389	  0.011684	  0.844070	
  0.894610	  0.051233	  0.053860	  0.000297	
  0.947543	  0.000984	  0.023427	  0.028047	
  0.139344	  0.033346	  0.087090	  0.740219	
  0.192569	  0.124022	  0.232864	  0.450544	
  0.357775	  0.064709	  0.468673	  0.108843	
  0.187431	  0.305947	  0.291025	  0.215597	

URL http://cisbp.ccbr.utoronto.ca/TFreport.php?versionNumber=2.00&searchTF=T234341_2.00

MOTIF M00558_2.00 (HNAJ_0000396301)_(Drosophila_melanogaster)_(DBD_0.88)

letter-probability matrix: alength= 4 w= 9 nsites= 1 E= 0
  0.217791	  0.178312	  0.203067	  0.400830	
  0.182540	  0.115234	  0.102204	  0.600023	
  0.599068	  0.030126	  0.087827	  0.282979	
  0.818970	  0.020864	  0.080483	  0.079682	
  0.075605	  0.178667	  0.083557	  0.662171	
  0.132125	  0.112590	  0.370091	  0.385195	
  0.393154	  0.095986	  0.355740	  0.155120	
  0.161580	  0.381840	  0.236276	  0.220303	
  0.218514	  0.319529	  0.197719	  0.264238	

URL http://cisbp.ccbr.utoronto.ca/TFreport.php?versionNumber=2.00&searchTF=T234356_2.00

MOTIF M00561_2.00 (HNAJ_0000234901)_(Drosophila_melanogaster)_(DBD_0.68)

letter-probability matrix: alength= 4 w= 9 nsites= 1 E= 0
  0.215799	  0.291299	  0.133533	  0.359369	
  0.049514	  0.113551	  0.006248	  0.830687	
  0.965321	  0.000012	  0.034552	  0.000116	
  0.990042	  0.009372	  0.000016	  0.000570	
  0.022504	  0.260789	  0.049093	  0.667614	
  0.149240	  0.069100	  0.234055	  0.547605	
  0.693975	  0.011617	  0.279342	  0.015066	
  0.090518	  0.110558	  0.710199	  0.088725	
  0.152463	  0.360294	  0.310108	  0.177136	

URL http://cisbp.ccbr.utoronto.ca/TFreport.php?versionNumber=2.00&searchTF=T234351_2.00

MOTIF M00656_2.00 (HNAJ_0000472601)_(Caenorhabditis_elegans)_(DBD_0.66)

letter-probability matrix: alength= 4 w= 10 nsites= 1 E= 0
  0.399025	  0.136869	  0.188486	  0.275620	
  0.310127	  0.107445	  0.086227	  0.496201	
  0.141909	  0.062501	  0.661946	  0.133645	
  0.088249	  0.038098	  0.002204	  0.871450	
  0.698396	  0.039204	  0.103419	  0.158981	
  0.217536	  0.066179	  0.106951	  0.609334	
  0.133729	  0.655771	  0.067075	  0.143425	
  0.388300	  0.157871	  0.198697	  0.255132	
  0.411135	  0.162215	  0.172246	  0.254404	
  0.291260	  0.149040	  0.185715	  0.373985	

URL http://cisbp.ccbr.utoronto.ca/TFreport.php?versionNumber=2.00&searchTF=T169825_2.00

MOTIF M00664_2.00 (HNAJ_0000856401)_(Caenorhabditis_elegans)_(DBD_0.65)

letter-probability matrix: alength= 4 w= 8 nsites= 1 E= 0
  0.597222	  0.001984	  0.398810	  0.001984	
  0.001656	  0.001656	  0.001656	  0.995033	
  0.995033	  0.001656	  0.001656	  0.001656	
  0.995033	  0.001656	  0.001656	  0.001656	
  0.995033	  0.001656	  0.001656	  0.001656	
  0.001656	  0.995033	  0.001656	  0.001656	
  0.995033	  0.001656	  0.001656	  0.001656	
  0.745050	  0.002475	  0.002475	  0.250000	

URL http://cisbp.ccbr.utoronto.ca/TFreport.php?versionNumber=2.00&searchTF=T190638_2.00

MOTIF M00710_2.00 (HNAJ_0001021801)_(Caenorhabditis_elegans)_(DBD_0.81)

letter-probability matrix: alength= 4 w= 10 nsites= 1 E= 0
  0.450923	  0.148771	  0.148771	  0.251536	
  0.298333	  0.204180	  0.289058	  0.208429	
  0.896801	  0.000144	  0.000144	  0.102910	
  0.910076	  0.089635	  0.000144	  0.000144	
  0.089635	  0.807310	  0.000144	  0.102910	
  0.999567	  0.000144	  0.000144	  0.000144	
  0.999567	  0.000144	  0.000144	  0.000144	
  0.000144	  0.000144	  0.000144	  0.999567	
  0.609680	  0.101374	  0.101374	  0.187572	
  0.240264	  0.237286	  0.371677	  0.150773	

URL http://cisbp.ccbr.utoronto.ca/TFreport.php?versionNumber=2.00&searchTF=T336455_2.00

MOTIF M00796_2.00 (HNAJ_0001201001)_(Mus_musculus)_(DBD_0.64)

letter-probability matrix: alength= 4 w= 10 nsites= 1 E= 0
  0.359371	  0.149061	  0.090410	  0.401158	
  0.421728	  0.136232	  0.263581	  0.178459	
  0.287711	  0.194796	  0.208921	  0.308572	
  0.387293	  0.104499	  0.432326	  0.075882	
  0.213252	  0.166081	  0.058118	  0.562548	
  0.555669	  0.284341	  0.048919	  0.111071	
  0.768444	  0.096967	  0.051130	  0.083460	
  0.771861	  0.058487	  0.089910	  0.079743	
  0.062825	  0.561351	  0.051953	  0.323871	
  0.748482	  0.072099	  0.068583	  0.110835	

URL http://cisbp.ccbr.utoronto.ca/TFreport.php?versionNumber=2.00&searchTF=T190639_2.00

MOTIF M00810_2.00 (HNAJ_0000981901)_(Mus_musculus)_(DBD_0.70)

letter-probability matrix: alength= 4 w= 10 nsites= 1 E= 0
  0.280021	  0.238618	  0.220272	  0.261090	
  0.306916	  0.146434	  0.310001	  0.236648	
  0.450275	  0.179443	  0.295852	  0.074430	
  0.064352	  0.013796	  0.799809	  0.122043	
  0.022158	  0.000149	  0.691055	  0.286638	
  0.105508	  0.078162	  0.110917	  0.705413	
  0.039194	  0.748832	  0.049825	  0.162149	
  0.759649	  0.001621	  0.196932	  0.041798	
  0.270904	  0.284793	  0.196716	  0.247587	
  0.235878	  0.276806	  0.260686	  0.226630	

URL http://cisbp.ccbr.utoronto.ca/TFreport.php?versionNumber=2.00&searchTF=T308843_2.00

MOTIF M00812_2.00 (HNAJ_0000614901)_(Mus_musculus)_(DBD_0.63)

letter-probability matrix: alength= 4 w= 10 nsites= 1 E= 0
  0.379815	  0.194355	  0.181215	  0.244615	
  0.407372	  0.085604	  0.411467	  0.095557	
  0.554847	  0.019860	  0.402902	  0.022392	
  0.040332	  0.042826	  0.860178	  0.056664	
  0.039304	  0.043874	  0.855183	  0.061640	
  0.038125	  0.034497	  0.019705	  0.907672	
  0.038345	  0.826032	  0.024944	  0.110679	
  0.828935	  0.008672	  0.108869	  0.053525	
  0.272965	  0.307768	  0.154369	  0.264898	
  0.238917	  0.258816	  0.300701	  0.201566	

URL http://cisbp.ccbr.utoronto.ca/TFreport.php?versionNumber=2.00&searchTF=T308841_2.00

MOTIF M00814_2.00 (HNAJ_0000904901)_(Mus_musculus)_(DBD_0.81)

letter-probability matrix: alength= 4 w= 10 nsites= 1 E= 0
  0.296858	  0.205050	  0.290980	  0.207111	
  0.392281	  0.196759	  0.273685	  0.137274	
  0.420113	  0.172522	  0.225998	  0.181367	
  0.197590	  0.001457	  0.754605	  0.046349	
  0.075816	  0.167052	  0.079703	  0.677429	
  0.062524	  0.675561	  0.045858	  0.216057	
  0.683906	  0.024236	  0.234586	  0.057273	
  0.316686	  0.234607	  0.229961	  0.218746	
  0.257859	  0.257859	  0.226424	  0.257859	
  0.252243	  0.249733	  0.232849	  0.265175	

URL http://cisbp.ccbr.utoronto.ca/TFreport.php?versionNumber=2.00&searchTF=T308842_2.00

MOTIF M00816_2.00 (HNAJ_0001206001)_(Mus_musculus)_(DBD_0.63)

letter-probability matrix: alength= 4 w= 8 nsites= 1 E= 0
  0.184211	  0.552632	  0.184211	  0.078947	
  0.823529	  0.019608	  0.137255	  0.019608	
  0.949153	  0.016949	  0.016949	  0.016949	
  0.016949	  0.016949	  0.949153	  0.016949	
  0.016949	  0.016949	  0.949153	  0.016949	
  0.084746	  0.135593	  0.016949	  0.762712	
  0.017857	  0.910714	  0.017857	  0.053571	
  0.700000	  0.025000	  0.250000	  0.025000	

URL http://cisbp.ccbr.utoronto.ca/TFreport.php?versionNumber=2.00&searchTF=T308846_2.00

MOTIF M00818_2.00 (HNAJ_0001261101)_(Mus_musculus)_(DBD_0.87)

letter-probability matrix: alength= 4 w= 8 nsites= 1 E= 0
  0.722222	  0.013889	  0.138889	  0.125000	
  0.814433	  0.010309	  0.051546	  0.123711	
  0.972727	  0.009091	  0.009091	  0.009091	
  0.009009	  0.009009	  0.747748	  0.234234	
  0.026786	  0.008929	  0.946429	  0.017857	
  0.008929	  0.098214	  0.089286	  0.803571	
  0.009615	  0.836538	  0.019231	  0.134615	
  0.790123	  0.024691	  0.160494	  0.024691	

URL http://cisbp.ccbr.utoronto.ca/TFreport.php?versionNumber=2.00&searchTF=T308847_2.00

MOTIF M00823_2.00 (HNAJ_0001122601)_(Mus_musculus)_(DBD_0.56)

letter-probability matrix: alength= 4 w= 10 nsites= 1 E= 0
  0.059337	  0.000621	  0.928182	  0.011861	
  0.018760	  0.033505	  0.039319	  0.908416	
  0.149151	  0.185853	  0.022759	  0.642237	
  0.267523	  0.020475	  0.560711	  0.151291	
  0.048693	  0.717326	  0.051704	  0.182278	
  0.060788	  0.307168	  0.088890	  0.543155	
  0.623033	  0.036401	  0.279947	  0.060619	
  0.227931	  0.165512	  0.292669	  0.313889	
  0.107270	  0.169924	  0.611157	  0.111648	
  0.120378	  0.281643	  0.340577	  0.257402	

URL http://cisbp.ccbr.utoronto.ca/TFreport.php?versionNumber=2.00&searchTF=T319209_2.00

MOTIF M00827_2.00 (HNAJ_0000734901)_(Mus_musculus)_(DBD_0.77)

letter-probability matrix: alength= 4 w= 8 nsites= 1 E= 0
  0.584055	  0.091835	  0.131630	  0.192480	
  0.157111	  0.124830	  0.129925	  0.588134	
  0.109512	  0.081129	  0.077172	  0.732187	
  0.219436	  0.167513	  0.556164	  0.056887	
  0.249535	  0.139714	  0.113250	  0.497501	
  0.257637	  0.194718	  0.206758	  0.340887	
  0.286961	  0.237305	  0.182975	  0.292758	
  0.263628	  0.205314	  0.233817	  0.297240	

URL http://cisbp.ccbr.utoronto.ca/TFreport.php?versionNumber=2.00&searchTF=T336449_2.00

MOTIF M00828_2.00 (HNAJ_0000181101)_(Mus_musculus)_(DBD_0.39)

letter-probability matrix: alength= 4 w= 9 nsites= 1 E= 0
  0.658504	  0.067355	  0.087354	  0.186787	
  0.062286	  0.124180	  0.062286	  0.751248	
  0.084804	  0.059166	  0.051436	  0.804595	
  0.171769	  0.095216	  0.696557	  0.036458	
  0.147640	  0.063104	  0.050642	  0.738615	
  0.146906	  0.228102	  0.146906	  0.478087	
  0.273135	  0.247143	  0.162384	  0.317338	
  0.241220	  0.229455	  0.222674	  0.306651	
  0.250916	  0.255984	  0.263780	  0.229320	

URL http://cisbp.ccbr.utoronto.ca/TFreport.php?versionNumber=2.00&searchTF=T336445_2.00

MOTIF M00835_2.00 (HNAJ_0000047101)_(Mus_musculus)_(DBD_0.75)

letter-probability matrix: alength= 4 w= 10 nsites= 1 E= 0
  0.353916	  0.145338	  0.298586	  0.202160	
  0.672425	  0.040081	  0.179628	  0.107866	
  0.197985	  0.109748	  0.606795	  0.085472	
  0.020276	  0.028773	  0.924656	  0.026296	
  0.003890	  0.062703	  0.000398	  0.933009	
  0.011365	  0.014304	  0.973157	  0.001174	
  0.090981	  0.133040	  0.018005	  0.757974	
  0.038779	  0.216564	  0.449388	  0.295269	
  0.873100	  0.020533	  0.080002	  0.026365	
  0.522605	  0.163829	  0.139606	  0.173960	

URL http://cisbp.ccbr.utoronto.ca/TFreport.php?versionNumber=2.00&searchTF=T341744_2.00

MOTIF M00992_2.00 (HNAJ_0001178801)_(Mus_musculus)_(DBD_0.62)

letter-probability matrix: alength= 4 w= 10 nsites= 1 E= 0
  0.210429	  0.267373	  0.311770	  0.210429	
  0.270811	  0.218451	  0.371188	  0.139550	
  0.000024	  0.061553	  0.000024	  0.938399	
  0.000024	  0.000024	  0.938399	  0.061553	
  0.999928	  0.000024	  0.000024	  0.000024	
  0.000024	  0.999928	  0.000024	  0.000024	
  0.000024	  0.000024	  0.999928	  0.000024	
  0.000024	  0.000024	  0.000024	  0.999928	
  0.194745	  0.726064	  0.039596	  0.039596	
  0.561927	  0.155596	  0.172003	  0.110474	

URL http://cisbp.ccbr.utoronto.ca/TFreport.php?versionNumber=2.00&searchTF=T074572_2.00

MOTIF M01029_2.00 (HNAJ_0001193901)_(Nasonia_vitripennis)_(DBD_0.73)

letter-probability matrix: alength= 4 w= 8 nsites= 1 E= 0
  0.874220	  0.000312	  0.062734	  0.062734	
  0.075175	  0.000250	  0.924326	  0.000250	
  0.000222	  0.000222	  0.999334	  0.000222	
  0.000222	  0.000222	  0.000222	  0.999334	
  0.000217	  0.000217	  0.999348	  0.000217	
  0.000222	  0.022425	  0.000222	  0.977131	
  0.000285	  0.314212	  0.485445	  0.200057	
  0.878994	  0.000399	  0.080272	  0.040335	

URL http://cisbp.ccbr.utoronto.ca/TFreport.php?versionNumber=2.00&searchTF=T341746_2.00

MOTIF M01064_2.00 (HNAJ_0001355001)_(Arabidopsis_thaliana)_(DBD_0.53)

letter-probability matrix: alength= 4 w= 8 nsites= 1 E= 0
  0.143466	  0.001420	  0.001420	  0.853693	
  0.001106	  0.001106	  0.996681	  0.001106	
  0.996681	  0.001106	  0.001106	  0.001106	
  0.001106	  0.996681	  0.001106	  0.001106	
  0.498756	  0.001244	  0.498756	  0.001244	
  0.001244	  0.001244	  0.374378	  0.623134	
  0.001244	  0.747512	  0.250000	  0.001244	
  0.167219	  0.001656	  0.001656	  0.829470	

URL http://cisbp.ccbr.utoronto.ca/TFreport.php?versionNumber=2.00&searchTF=T234392_2.00

MOTIF M01143_2.00 (HNAJ_0001185401)_(Monodelphis_domestica)_(DBD_0.69)

letter-probability matrix: alength= 4 w= 8 nsites= 1 E= 0
  0.127712	  0.223416	  0.255317	  0.393556	
  0.918921	  0.014775	  0.036827	  0.029477	
  0.000066	  0.966917	  0.013220	  0.019797	
  0.013134	  0.000065	  0.980201	  0.006600	
  0.000065	  0.019668	  0.000065	  0.980201	
  0.027087	  0.054107	  0.898473	  0.020332	
  0.076389	  0.000076	  0.595314	  0.328220	
  0.142901	  0.622297	  0.081701	  0.153101	

URL http://cisbp.ccbr.utoronto.ca/TFreport.php?versionNumber=2.00&searchTF=T074573_2.00

MOTIF M01225_2.00 (HNAJ_0000082301)_(Physcomitrella_patens)_(DBD_0.72)

letter-probability matrix: alength= 4 w= 10 nsites= 1 E= 0
  0.190589	  0.347275	  0.407531	  0.054605	
  0.053131	  0.125558	  0.759581	  0.061730	
  0.006389	  0.948224	  0.000029	  0.045358	
  0.045581	  0.000042	  0.924726	  0.029651	
  0.016651	  0.814394	  0.092060	  0.076895	
  0.118839	  0.496592	  0.220913	  0.163656	
  0.407444	  0.259798	  0.072960	  0.259798	
  0.440817	  0.140982	  0.104442	  0.313760	
  0.395676	  0.129101	  0.157685	  0.317538	
  0.315183	  0.176470	  0.156515	  0.351832	

URL http://cisbp.ccbr.utoronto.ca/TFreport.php?versionNumber=2.00&searchTF=T174284_2.00

MOTIF M01228_2.00 (HNAJ_0001261001)_(Xenopus_tropicalis)_(DBD_0.70)

letter-probability matrix: alength= 4 w= 10 nsites= 1 E= 0
  0.311742	  0.134582	  0.079216	  0.474460	
  0.475151	  0.146004	  0.248050	  0.130795	
  0.318588	  0.152003	  0.201119	  0.328290	
  0.404876	  0.185598	  0.296955	  0.112571	
  0.319969	  0.237039	  0.096373	  0.346619	
  0.412802	  0.327985	  0.034917	  0.224296	
  0.639386	  0.181364	  0.051445	  0.127805	
  0.726327	  0.042863	  0.111944	  0.118866	
  0.064913	  0.597672	  0.096838	  0.240577	
  0.574041	  0.098761	  0.124300	  0.202898	

URL http://cisbp.ccbr.utoronto.ca/TFreport.php?versionNumber=2.00&searchTF=T190640_2.00

MOTIF M01320_2.00 (HNAJ_0000383901)_(Nematostella_vectensis)_(DBD_0.76)

letter-probability matrix: alength= 4 w= 9 nsites= 1 E= 0
  0.290250	  0.249821	  0.257429	  0.202501	
  0.316363	  0.209954	  0.261619	  0.212064	
  0.184777	  0.163883	  0.214681	  0.436659	
  0.199513	  0.131089	  0.211850	  0.457547	
  0.078215	  0.487582	  0.126401	  0.307802	
  0.531314	  0.037915	  0.366997	  0.063774	
  0.614935	  0.062272	  0.118098	  0.204694	
  0.633081	  0.077525	  0.157685	  0.131709	
  0.256334	  0.291921	  0.153928	  0.297818	

URL http://cisbp.ccbr.utoronto.ca/TFreport.php?versionNumber=2.00&searchTF=T346281_2.00

MOTIF M01478_2.00 (HNAJ_0000526201)_(Mus_musculus)_(DBD_0.37)

letter-probability matrix: alength= 4 w= 10 nsites= 1 E= 0
  0.259502	  0.251832	  0.278318	  0.210348	
  0.409997	  0.140632	  0.261426	  0.187945	
  0.135358	  0.582846	  0.206010	  0.075787	
  0.163979	  0.772583	  0.035507	  0.027931	
  0.039875	  0.037930	  0.876329	  0.045867	
  0.047517	  0.012821	  0.916990	  0.022671	
  0.910702	  0.016848	  0.052679	  0.019771	
  0.580099	  0.084200	  0.041813	  0.293888	
  0.279024	  0.153131	  0.498347	  0.069498	
