MEME version 4

ALPHABET= ACGT

strands: + -

Background letter frequencies (from uniform background):
A 0.25000 C 0.25000 G 0.25000 T 0.25000 

MOTIF M00003_2.00 (Kwal_9359)_(Saccharomyces_cerevisiae)_(DBD_0.82)

letter-probability matrix: alength= 4 w= 8 nsites= 1 E= 0
  0.253967	  0.166693	  0.563393	  0.015947	
  0.759883	  0.000057	  0.108604	  0.131456	
  0.000047	  0.995142	  0.004763	  0.000047	
  0.080221	  0.000047	  0.919685	  0.000047	
  0.000047	  0.971562	  0.000047	  0.028344	
  0.000047	  0.004786	  0.995119	  0.000047	
  0.214697	  0.158213	  0.022650	  0.604440	
  0.467090	  0.029262	  0.270067	  0.233581	

URL http://cisbp.ccbr.utoronto.ca/TFreport.php?versionNumber=2.00&searchTF=T013985_2.00

MOTIF M00004_2.00 (Kwal_10756)_(Saccharomyces_cerevisiae)_(DBD_0.70)

letter-probability matrix: alength= 4 w= 8 nsites= 1 E= 0
  0.349967	  0.100050	  0.449933	  0.100050	
  0.783819	  0.037090	  0.055604	  0.123488	
  0.000052	  0.999843	  0.000052	  0.000052	
  0.057332	  0.000052	  0.942564	  0.000052	
  0.005259	  0.994637	  0.000052	  0.000052	
  0.005259	  0.026088	  0.968600	  0.000052	
  0.651509	  0.129063	  0.045214	  0.174213	
  0.546119	  0.092490	  0.117692	  0.243700	

URL http://cisbp.ccbr.utoronto.ca/TFreport.php?versionNumber=2.00&searchTF=T013983_2.00

MOTIF M00007_2.00 (Kwal_8176)_(Saccharomyces_cerevisiae)_(DBD_0.87)

letter-probability matrix: alength= 4 w= 11 nsites= 1 E= 0
  0.475477	  0.174841	  0.174841	  0.174841	
  0.069272	  0.702024	  0.159432	  0.069272	
  0.328519	  0.621172	  0.025154	  0.025154	
  0.000181	  0.000181	  0.000181	  0.999457	
  0.000181	  0.000181	  0.999457	  0.000181	
  0.000181	  0.999457	  0.000181	  0.000181	
  0.999457	  0.000181	  0.000181	  0.000181	
  0.000181	  0.000181	  0.592518	  0.407120	
  0.165440	  0.075340	  0.683880	  0.075340	
  0.270669	  0.367512	  0.180909	  0.180909	
  0.324920	  0.225027	  0.225027	  0.225027	

URL http://cisbp.ccbr.utoronto.ca/TFreport.php?versionNumber=2.00&searchTF=T013984_2.00

MOTIF M00011_2.00 (Kwal_6961)_(Saccharomyces_cerevisiae)_(DBD_0.91)

letter-probability matrix: alength= 4 w= 8 nsites= 1 E= 0
  0.497525	  0.250000	  0.250000	  0.002475	
  0.001420	  0.143466	  0.001420	  0.853693	
  0.001420	  0.995739	  0.001420	  0.001420	
  0.995739	  0.001420	  0.001420	  0.001420	
  0.001420	  0.995739	  0.001420	  0.001420	
  0.001420	  0.001420	  0.995739	  0.001420	
  0.001420	  0.001420	  0.001420	  0.995739	
  0.001420	  0.001420	  0.995739	  0.001420	

URL http://cisbp.ccbr.utoronto.ca/TFreport.php?versionNumber=2.00&searchTF=T052132_2.00

MOTIF M00014_2.00 (Kwal_18103)_(Saccharomyces_cerevisiae)_(DBD_0.64)

letter-probability matrix: alength= 4 w= 8 nsites= 1 E= 0
  0.712963	  0.000712	  0.285613	  0.000712	
  0.000475	  0.000475	  0.000475	  0.998574	
  0.048004	  0.000475	  0.808460	  0.143061	
  0.998574	  0.000475	  0.000475	  0.000475	
  0.000475	  0.951046	  0.000475	  0.048004	
  0.095532	  0.000475	  0.903517	  0.000475	
  0.000475	  0.000475	  0.000475	  0.998574	
  0.499288	  0.285613	  0.000712	  0.214387	

URL http://cisbp.ccbr.utoronto.ca/TFreport.php?versionNumber=2.00&searchTF=T073397_2.00

MOTIF M00015_2.00 (Kwal_19947)_(Saccharomyces_cerevisiae)_(DBD_0.61)

letter-probability matrix: alength= 4 w= 10 nsites= 1 E= 0
  0.116441	  0.076507	  0.663402	  0.143650	
  0.444801	  0.453787	  0.087150	  0.014262	
  0.002919	  0.018567	  0.023840	  0.954674	
  0.050593	  0.018612	  0.155060	  0.775735	
  0.965859	  0.022044	  0.001368	  0.010730	
  0.077309	  0.600531	  0.139465	  0.182694	
  0.347681	  0.110089	  0.433237	  0.108993	
  0.089608	  0.054896	  0.046780	  0.808716	
  0.657744	  0.172227	  0.103422	  0.066607	
  0.760955	  0.072572	  0.077834	  0.088639	

URL http://cisbp.ccbr.utoronto.ca/TFreport.php?versionNumber=2.00&searchTF=T073399_2.00

MOTIF M00020_2.00 (Kwal_23925)_(Saccharomyces_cerevisiae)_(DBD_0.81)

letter-probability matrix: alength= 4 w= 11 nsites= 1 E= 0
  0.319888	  0.226704	  0.226704	  0.226704	
  0.333162	  0.191218	  0.284402	  0.191218	
  0.093566	  0.093566	  0.182389	  0.630479	
  0.000184	  0.000184	  0.999448	  0.000184	
  0.000184	  0.999448	  0.000184	  0.000184	
  0.000184	  0.000184	  0.000184	  0.999448	
  0.000184	  0.000184	  0.999448	  0.000184	
  0.000184	  0.000184	  0.999448	  0.000184	
  0.023480	  0.111479	  0.120419	  0.744622	
  0.264277	  0.324611	  0.058966	  0.352146	
  0.347272	  0.339492	  0.156618	  0.156618	

URL http://cisbp.ccbr.utoronto.ca/TFreport.php?versionNumber=2.00&searchTF=T146357_2.00

MOTIF M00022_2.00 (Kwal_11824)_(Saccharomyces_cerevisiae)_(DBD_0.80)

letter-probability matrix: alength= 4 w= 10 nsites= 1 E= 0
  0.208911	  0.202737	  0.420696	  0.167655	
  0.330823	  0.213062	  0.412230	  0.043885	
  0.266733	  0.669310	  0.005620	  0.058338	
  0.037457	  0.000855	  0.946909	  0.014779	
  0.000352	  0.998761	  0.000520	  0.000367	
  0.000180	  0.994952	  0.000000	  0.004868	
  0.943601	  0.016440	  0.039240	  0.000719	
  0.001543	  0.986158	  0.000312	  0.011987	
  0.755147	  0.077240	  0.093402	  0.074211	
  0.185591	  0.338169	  0.359080	  0.117161	

URL http://cisbp.ccbr.utoronto.ca/TFreport.php?versionNumber=2.00&searchTF=T146344_2.00

MOTIF M00024_2.00 (Kwal_17241)_(Saccharomyces_cerevisiae)_(DBD_0.87)

letter-probability matrix: alength= 4 w= 8 nsites= 1 E= 0
  0.236115	  0.437448	  0.229172	  0.097265	
  0.017295	  0.930878	  0.005803	  0.046024	
  0.005371	  0.941342	  0.005371	  0.047915	
  0.000053	  0.962614	  0.000053	  0.037279	
  0.010689	  0.834982	  0.000053	  0.154276	
  0.037279	  0.031961	  0.026643	  0.904116	
  0.568406	  0.027458	  0.205492	  0.198644	
  0.153883	  0.028931	  0.086601	  0.730584	

URL http://cisbp.ccbr.utoronto.ca/TFreport.php?versionNumber=2.00&searchTF=T146349_2.00

MOTIF M00025_2.00 (Kwal_23453)_(Saccharomyces_cerevisiae)_(DBD_0.89)

letter-probability matrix: alength= 4 w= 11 nsites= 1 E= 0
  0.229229	  0.229229	  0.312312	  0.229229	
  0.184275	  0.267087	  0.184275	  0.364364	
  0.545197	  0.242404	  0.061383	  0.151016	
  0.000016	  0.999952	  0.000016	  0.000016	
  0.000016	  0.999952	  0.000016	  0.000016	
  0.000016	  0.999952	  0.000016	  0.000016	
  0.000016	  0.904225	  0.000016	  0.095743	
  0.000016	  0.000016	  0.000016	  0.999952	
  0.847826	  0.020787	  0.020787	  0.110601	
  0.802776	  0.065741	  0.065741	  0.065741	
  0.310595	  0.188633	  0.188633	  0.312139	

URL http://cisbp.ccbr.utoronto.ca/TFreport.php?versionNumber=2.00&searchTF=T146356_2.00

MOTIF M00026_2.00 (Kwal_2278)_(Saccharomyces_cerevisiae)_(DBD_0.85)

letter-probability matrix: alength= 4 w= 8 nsites= 1 E= 0
  0.430455	  0.222238	  0.097307	  0.250000	
  0.000095	  0.971154	  0.009615	  0.019136	
  0.009015	  0.981881	  0.000089	  0.009015	
  0.000089	  0.999732	  0.000089	  0.000089	
  0.009015	  0.990807	  0.000089	  0.000089	
  0.333303	  0.081142	  0.585465	  0.000090	
  0.009898	  0.891905	  0.098099	  0.000098	
  0.466551	  0.146722	  0.226679	  0.160048	

URL http://cisbp.ccbr.utoronto.ca/TFreport.php?versionNumber=2.00&searchTF=T146355_2.00

MOTIF M00035_2.00 (Kwal_16621)_(Saccharomyces_cerevisiae)_(DBD_0.91)

letter-probability matrix: alength= 4 w= 10 nsites= 1 E= 0
  0.227468	  0.227468	  0.227468	  0.317597	
  0.363601	  0.253472	  0.147678	  0.235248	
  0.000050	  0.999849	  0.000050	  0.000050	
  0.000050	  0.999849	  0.000050	  0.000050	
  0.000050	  0.999849	  0.000050	  0.000050	
  0.000050	  0.999849	  0.000050	  0.000050	
  0.000050	  0.000050	  0.903088	  0.096811	
  0.000050	  0.999849	  0.000050	  0.000050	
  0.753564	  0.115083	  0.022583	  0.108770	
  0.194633	  0.515652	  0.102372	  0.187343	

URL http://cisbp.ccbr.utoronto.ca/TFreport.php?versionNumber=2.00&searchTF=T146348_2.00

MOTIF M00038_2.00 (Kwal_11460)_(Saccharomyces_cerevisiae)_(DBD_0.88)

letter-probability matrix: alength= 4 w= 12 nsites= 1 E= 0
  0.316184	  0.227939	  0.227939	  0.227939	
  0.197751	  0.197751	  0.406748	  0.197751	
  0.209570	  0.093161	  0.503917	  0.193352	
  0.123545	  0.829749	  0.023353	  0.023353	
  0.100234	  0.000043	  0.000043	  0.899681	
  0.274188	  0.000043	  0.725727	  0.000043	
  0.274188	  0.516730	  0.000043	  0.209039	
  0.000043	  0.100234	  0.899681	  0.000043	
  0.022104	  0.933688	  0.022104	  0.022104	
  0.052292	  0.843124	  0.052292	  0.052292	
  0.250124	  0.254798	  0.156882	  0.338195	
  0.226689	  0.319932	  0.226689	  0.226689	

URL http://cisbp.ccbr.utoronto.ca/TFreport.php?versionNumber=2.00&searchTF=T146343_2.00

MOTIF M00039_2.00 (Kwal_17888)_(Saccharomyces_cerevisiae)_(DBD_0.80)

letter-probability matrix: alength= 4 w= 10 nsites= 1 E= 0
  0.117694	  0.241794	  0.015304	  0.625209	
  0.191973	  0.168571	  0.171976	  0.467480	
  0.168550	  0.342829	  0.207936	  0.280685	
  0.156636	  0.370157	  0.110380	  0.362827	
  0.222972	  0.234404	  0.209987	  0.332636	
  0.282857	  0.248376	  0.191511	  0.277256	
  0.196315	  0.230378	  0.239780	  0.333526	
  0.236137	  0.243328	  0.182074	  0.338462	
  0.233889	  0.266360	  0.205377	  0.294373	
  0.208504	  0.304893	  0.172425	  0.314178	

URL http://cisbp.ccbr.utoronto.ca/TFreport.php?versionNumber=2.00&searchTF=T146350_2.00

MOTIF M00044_2.00 (Kwal_6278)_(Saccharomyces_cerevisiae)_(DBD_0.75)

letter-probability matrix: alength= 4 w= 9 nsites= 1 E= 0
  0.242573	  0.257573	  0.299257	  0.200598	
  0.388668	  0.112474	  0.408595	  0.090263	
  0.193539	  0.116219	  0.097074	  0.593168	
  0.567331	  0.240073	  0.014746	  0.177850	
  0.726254	  0.177310	  0.022151	  0.074284	
  0.882730	  0.014629	  0.037078	  0.065563	
  0.080166	  0.688212	  0.049605	  0.182017	
  0.871825	  0.040471	  0.036255	  0.051449	
  0.497502	  0.159111	  0.141118	  0.202269	

URL http://cisbp.ccbr.utoronto.ca/TFreport.php?versionNumber=2.00&searchTF=T189800_2.00

MOTIF M00045_2.00 (Kwal_4740)_(Saccharomyces_cerevisiae)_(DBD_0.84)

letter-probability matrix: alength= 4 w= 8 nsites= 1 E= 0
  0.222345	  0.001106	  0.775442	  0.001106	
  0.001106	  0.001106	  0.001106	  0.996681	
  0.996681	  0.001106	  0.001106	  0.001106	
  0.996681	  0.001106	  0.001106	  0.001106	
  0.996681	  0.001106	  0.001106	  0.001106	
  0.001106	  0.886062	  0.001106	  0.111726	
  0.996681	  0.001106	  0.001106	  0.001106	
  0.597222	  0.200397	  0.001984	  0.200397	

URL http://cisbp.ccbr.utoronto.ca/TFreport.php?versionNumber=2.00&searchTF=T189799_2.00

MOTIF M00051_2.00 (Kwal_17980)_(Saccharomyces_cerevisiae)_(DBD_0.77)

letter-probability matrix: alength= 4 w= 8 nsites= 1 E= 0
  0.270248	  0.432235	  0.000270	  0.297246	
  0.000196	  0.000196	  0.999412	  0.000196	
  0.999424	  0.000192	  0.000192	  0.000192	
  0.000192	  0.000192	  0.000192	  0.999424	
  0.980208	  0.000192	  0.019408	  0.000192	
  0.940635	  0.000196	  0.000196	  0.058973	
  0.022934	  0.113760	  0.840372	  0.022934	
  0.344697	  0.241391	  0.241391	  0.172521	

URL http://cisbp.ccbr.utoronto.ca/TFreport.php?versionNumber=2.00&searchTF=T197106_2.00

MOTIF M00052_2.00 (Kwal_19160)_(Saccharomyces_cerevisiae)_(DBD_0.69)

letter-probability matrix: alength= 4 w= 10 nsites= 1 E= 0
  0.275281	  0.242608	  0.224974	  0.257137	
  0.241344	  0.282465	  0.204031	  0.272159	
  0.196189	  0.245027	  0.396334	  0.162450	
  0.410715	  0.155415	  0.184636	  0.249234	
  0.106170	  0.067699	  0.065591	  0.760540	
  0.760540	  0.065591	  0.067699	  0.106170	
  0.249234	  0.184636	  0.155415	  0.410715	
  0.162450	  0.396334	  0.245027	  0.196189	
  0.272159	  0.204031	  0.282465	  0.241344	
  0.257137	  0.224974	  0.242608	  0.275281	

URL http://cisbp.ccbr.utoronto.ca/TFreport.php?versionNumber=2.00&searchTF=T197107_2.00

MOTIF M00056_2.00 (Kwal_3494)_(Saccharomyces_cerevisiae)_(DBD_0.72)

letter-probability matrix: alength= 4 w= 8 nsites= 1 E= 0
  0.070923	  0.070923	  0.007950	  0.850205	
  0.866502	  0.013396	  0.013396	  0.106705	
  0.873260	  0.012718	  0.019046	  0.094976	
  0.000062	  0.000062	  0.000062	  0.999814	
  0.751428	  0.031110	  0.018691	  0.198770	
  0.635123	  0.050365	  0.006351	  0.308161	
  0.669102	  0.061596	  0.030837	  0.238465	
  0.206916	  0.057560	  0.057560	  0.677964	

URL http://cisbp.ccbr.utoronto.ca/TFreport.php?versionNumber=2.00&searchTF=T230882_2.00

MOTIF M00058_2.00 (Kwal_18450)_(Saccharomyces_cerevisiae)_(DBD_0.75)

letter-probability matrix: alength= 4 w= 8 nsites= 1 E= 0
  0.565080	  0.141352	  0.108757	  0.184811	
  0.061126	  0.068758	  0.015339	  0.854777	
  0.248276	  0.096594	  0.000069	  0.655061	
  0.894567	  0.000066	  0.000066	  0.105301	
  0.966917	  0.000066	  0.000066	  0.032952	
  0.078992	  0.006643	  0.013220	  0.901144	
  0.048001	  0.000068	  0.034306	  0.917625	
  0.654724	  0.008935	  0.177017	  0.159324	

URL http://cisbp.ccbr.utoronto.ca/TFreport.php?versionNumber=2.00&searchTF=T230881_2.00

MOTIF M00059_2.00 (Kwal_11092)_(Saccharomyces_cerevisiae)_(DBD_0.82)

letter-probability matrix: alength= 4 w= 8 nsites= 1 E= 0
  0.047715	  0.071514	  0.012018	  0.868753	
  0.000104	  0.041753	  0.958038	  0.000104	
  0.812266	  0.052166	  0.031341	  0.104227	
  0.000104	  0.999688	  0.000104	  0.000104	
  0.895564	  0.041753	  0.062578	  0.000104	
  0.021604	  0.634243	  0.172077	  0.172077	
  0.644529	  0.157943	  0.039584	  0.157943	
  0.352861	  0.058973	  0.019788	  0.568378	

URL http://cisbp.ccbr.utoronto.ca/TFreport.php?versionNumber=2.00&searchTF=T230878_2.00

MOTIF M00060_2.00 (Kwal_24036)_(Saccharomyces_cerevisiae)_(DBD_0.80)

letter-probability matrix: alength= 4 w= 9 nsites= 1 E= 0
  0.320154	  0.181055	  0.206191	  0.292599	
  0.231700	  0.238756	  0.197442	  0.332102	
  0.223589	  0.242212	  0.287095	  0.247105	
  0.161512	  0.025143	  0.029212	  0.784133	
  0.138264	  0.051376	  0.075881	  0.734480	
  0.092315	  0.709959	  0.122145	  0.075581	
  0.148989	  0.381409	  0.144586	  0.325016	
  0.473500	  0.149928	  0.202381	  0.174191	
  0.182247	  0.285820	  0.153755	  0.378177	

URL http://cisbp.ccbr.utoronto.ca/TFreport.php?versionNumber=2.00&searchTF=T243575_2.00

MOTIF M00061_2.00 (Kwal_16770)_(Saccharomyces_cerevisiae)_(DBD_0.70)

letter-probability matrix: alength= 4 w= 8 nsites= 1 E= 0
  0.726984	  0.045578	  0.075863	  0.151575	
  0.056906	  0.193208	  0.068264	  0.681622	
  0.064288	  0.064288	  0.871332	  0.000092	
  0.000090	  0.000090	  0.999730	  0.000090	
  0.000090	  0.972713	  0.027107	  0.000090	
  0.000090	  0.963707	  0.009096	  0.027107	
  0.586810	  0.119622	  0.293459	  0.000109	
  0.142918	  0.057253	  0.742576	  0.057253	

URL http://cisbp.ccbr.utoronto.ca/TFreport.php?versionNumber=2.00&searchTF=T243573_2.00

MOTIF M00062_2.00 (Kwal_14795)_(Saccharomyces_cerevisiae)_(DBD_0.83)

letter-probability matrix: alength= 4 w= 8 nsites= 1 E= 0
  0.185717	  0.362936	  0.312382	  0.138965	
  0.012746	  0.930060	  0.000068	  0.057125	
  0.901983	  0.013391	  0.046740	  0.037887	
  0.036247	  0.083961	  0.106735	  0.773057	
  0.154973	  0.759948	  0.037459	  0.047620	
  0.203523	  0.224927	  0.409844	  0.161706	
  0.190075	  0.332759	  0.310262	  0.166904	
  0.229819	  0.272406	  0.313341	  0.184434	

URL http://cisbp.ccbr.utoronto.ca/TFreport.php?versionNumber=2.00&searchTF=T290916_2.00

MOTIF M00063_2.00 (Kwal_22993)_(Saccharomyces_cerevisiae)_(DBD_0.73)

letter-probability matrix: alength= 4 w= 8 nsites= 1 E= 0
  0.222345	  0.111726	  0.664823	  0.001106	
  0.000712	  0.000712	  0.000712	  0.997863	
  0.000665	  0.000665	  0.000665	  0.998005	
  0.998005	  0.000665	  0.000665	  0.000665	
  0.000665	  0.998005	  0.000665	  0.000665	
  0.000665	  0.998005	  0.000665	  0.000665	
  0.000665	  0.998005	  0.000665	  0.000665	
  0.000996	  0.000996	  0.797809	  0.200199	

URL http://cisbp.ccbr.utoronto.ca/TFreport.php?versionNumber=2.00&searchTF=T290918_2.00

MOTIF M00065_2.00 (Kwal_8619)_(Saccharomyces_cerevisiae)_(DBD_0.78)

letter-probability matrix: alength= 4 w= 8 nsites= 1 E= 0
  0.801853	  0.010516	  0.052166	  0.135464	
  0.532694	  0.016470	  0.450754	  0.000082	
  0.015339	  0.984509	  0.000076	  0.000076	
  0.000076	  0.999773	  0.000076	  0.000076	
  0.000076	  0.999773	  0.000076	  0.000076	
  0.000076	  0.007649	  0.000076	  0.992199	
  0.702791	  0.099070	  0.188143	  0.009996	
  0.414192	  0.128641	  0.314249	  0.142918	

URL http://cisbp.ccbr.utoronto.ca/TFreport.php?versionNumber=2.00&searchTF=T290921_2.00

MOTIF M00066_2.00 (Kwal_214)_(Saccharomyces_cerevisiae)_(DBD_0.77)

letter-probability matrix: alength= 4 w= 10 nsites= 1 E= 0
  0.228304	  0.228304	  0.228304	  0.315088	
  0.119950	  0.353086	  0.407015	  0.119950	
  0.000130	  0.000130	  0.999610	  0.000130	
  0.000130	  0.000130	  0.000130	  0.999610	
  0.000130	  0.000130	  0.000130	  0.999610	
  0.086914	  0.000130	  0.912826	  0.000130	
  0.000130	  0.999610	  0.000130	  0.000130	
  0.000130	  0.437251	  0.000130	  0.562489	
  0.934522	  0.021826	  0.021826	  0.021826	
  0.130180	  0.304898	  0.261306	  0.303616	

URL http://cisbp.ccbr.utoronto.ca/TFreport.php?versionNumber=2.00&searchTF=T319100_2.00

MOTIF M00070_2.00 (Kwal_21061)_(Saccharomyces_cerevisiae)_(DBD_0.54)

letter-probability matrix: alength= 4 w= 11 nsites= 1 E= 0
  0.268573	  0.272224	  0.178881	  0.280322	
  0.509793	  0.098806	  0.292595	  0.098806	
  0.848016	  0.050661	  0.050661	  0.050661	
  0.999893	  0.000036	  0.000036	  0.000036	
  0.000036	  0.903786	  0.000036	  0.096142	
  0.903786	  0.000036	  0.000036	  0.096142	
  0.999893	  0.000036	  0.000036	  0.000036	
  0.000036	  0.000036	  0.000036	  0.999893	
  0.591260	  0.071155	  0.071155	  0.266431	
  0.345743	  0.151230	  0.257625	  0.245401	
  0.199374	  0.199374	  0.199374	  0.401877	

URL http://cisbp.ccbr.utoronto.ca/TFreport.php?versionNumber=2.00&searchTF=T335261_2.00

MOTIF M00071_2.00 (Kwal_20171)_(Saccharomyces_cerevisiae)_(DBD_0.93)

letter-probability matrix: alength= 4 w= 10 nsites= 1 E= 0
  0.271591	  0.150511	  0.342199	  0.235699	
  0.052988	  0.052988	  0.129931	  0.764093	
  0.000127	  0.000127	  0.999618	  0.000127	
  0.000127	  0.000127	  0.077070	  0.922675	
  0.000127	  0.000127	  0.000127	  0.999618	
  0.077070	  0.000127	  0.000127	  0.922675	
  0.077070	  0.922675	  0.000127	  0.000127	
  0.999618	  0.000127	  0.000127	  0.000127	
  0.184606	  0.183669	  0.346968	  0.284756	
  0.408582	  0.197139	  0.197139	  0.197139	

URL http://cisbp.ccbr.utoronto.ca/TFreport.php?versionNumber=2.00&searchTF=T338162_2.00

MOTIF M00081_2.00 (Kwal_3178)_(Saccharomyces_cerevisiae)_(DBD_0.76)

letter-probability matrix: alength= 4 w= 10 nsites= 1 E= 0
  0.295759	  0.264566	  0.239211	  0.200464	
  0.368916	  0.058179	  0.299249	  0.273656	
  0.203841	  0.563321	  0.098215	  0.134624	
  0.153570	  0.765785	  0.022635	  0.058009	
  0.140161	  0.111305	  0.617703	  0.130831	
  0.130831	  0.617703	  0.111305	  0.140161	
  0.058009	  0.022635	  0.765785	  0.153570	
  0.134624	  0.098215	  0.563321	  0.203841	
  0.273656	  0.299249	  0.058179	  0.368916	
  0.200464	  0.239211	  0.264566	  0.295759	

URL http://cisbp.ccbr.utoronto.ca/TFreport.php?versionNumber=2.00&searchTF=T391595_2.00

MOTIF M00088_2.00 (Kwal_4754)_(Saccharomyces_cerevisiae)_(DBD_0.90)

letter-probability matrix: alength= 4 w= 7 nsites= 1 E= 0
  0.004409	  0.910218	  0.041833	  0.043540	
  0.000848	  0.116208	  0.876017	  0.006927	
  0.000117	  0.005158	  0.992847	  0.001879	
  0.537121	  0.127259	  0.241344	  0.094276	
  0.460766	  0.088490	  0.138780	  0.311965	
  0.318860	  0.236217	  0.222461	  0.222461	
  0.279083	  0.235452	  0.235452	  0.250012	

URL http://cisbp.ccbr.utoronto.ca/TFreport.php?versionNumber=2.00&searchTF=T391599_2.00

MOTIF M00102_2.00 (Kwal_10232)_(Saccharomyces_cerevisiae)_(DBD_0.90)

letter-probability matrix: alength= 4 w= 9 nsites= 1 E= 0
  0.230826	  0.235489	  0.240247	  0.293438	
  0.234897	  0.237257	  0.278424	  0.249422	
  0.263068	  0.265712	  0.202839	  0.268382	
  0.094644	  0.692371	  0.066031	  0.146954	
  0.000084	  0.999903	  0.000001	  0.000012	
  0.000730	  0.068439	  0.930712	  0.000118	
  0.001227	  0.000063	  0.986717	  0.011994	
  0.700294	  0.116921	  0.159413	  0.023371	
  0.335031	  0.152052	  0.297146	  0.215772	

URL http://cisbp.ccbr.utoronto.ca/TFreport.php?versionNumber=2.00&searchTF=T391570_2.00

MOTIF M00374_2.00 (Kwal_9999)_(Saccharomyces_cerevisiae)_(DBD_0.88)

letter-probability matrix: alength= 4 w= 9 nsites= 1 E= 0
  0.257435	  0.219372	  0.232937	  0.290257	
  0.045210	  0.926409	  0.014899	  0.013481	
  0.879634	  0.054571	  0.026563	  0.039233	
  0.000141	  0.888258	  0.017980	  0.093622	
  0.044348	  0.035948	  0.917879	  0.001826	
  0.001022	  0.000200	  0.014186	  0.984592	
  0.000063	  0.000834	  0.990618	  0.008485	
  0.671023	  0.158984	  0.047409	  0.122585	
  0.084086	  0.551056	  0.030626	  0.334232	

URL http://cisbp.ccbr.utoronto.ca/TFreport.php?versionNumber=2.00&searchTF=T052133_2.00

MOTIF M00903_2.00 (Kwal_18631)_(Saccharomyces_cerevisiae)_(DBD_0.56)

letter-probability matrix: alength= 4 w= 9 nsites= 1 E= 0
  0.286577	  0.379134	  0.167144	  0.167144	
  0.000136	  0.000136	  0.000136	  0.999591	
  0.000136	  0.000136	  0.320771	  0.678956	
  0.999591	  0.000136	  0.000136	  0.000136	
  0.000136	  0.916905	  0.000136	  0.082822	
  0.165978	  0.000136	  0.099156	  0.734730	
  0.825427	  0.000136	  0.000136	  0.174301	
  0.999591	  0.000136	  0.000136	  0.000136	
  0.257156	  0.082992	  0.170299	  0.489553	

URL http://cisbp.ccbr.utoronto.ca/TFreport.php?versionNumber=2.00&searchTF=T073398_2.00

MOTIF M00910_2.00 (Kwal_18337)_(Saccharomyces_cerevisiae)_(DBD_0.83)

letter-probability matrix: alength= 4 w= 10 nsites= 1 E= 0
  0.361829	  0.177518	  0.283135	  0.177518	
  0.026769	  0.511855	  0.026769	  0.434606	
  0.803460	  0.000095	  0.196351	  0.000095	
  0.000095	  0.999716	  0.000095	  0.000095	
  0.000095	  0.000095	  0.999716	  0.000095	
  0.000095	  0.000095	  0.999716	  0.000095	
  0.000095	  0.999716	  0.000095	  0.000095	
  0.290790	  0.000095	  0.709021	  0.000095	
  0.072577	  0.782270	  0.072577	  0.072577	
  0.223325	  0.223325	  0.330024	  0.223325	

URL http://cisbp.ccbr.utoronto.ca/TFreport.php?versionNumber=2.00&searchTF=T146351_2.00

MOTIF M00914_2.00 (Kwal_12044)_(Saccharomyces_cerevisiae)_(DBD_0.76)

letter-probability matrix: alength= 4 w= 10 nsites= 1 E= 0
  0.334465	  0.090245	  0.535143	  0.040146	
  0.142028	  0.063817	  0.769719	  0.024435	
  0.180207	  0.641689	  0.166352	  0.011753	
  0.251344	  0.038353	  0.214181	  0.496122	
  0.162725	  0.098698	  0.192879	  0.545697	
  0.000078	  0.999742	  0.000074	  0.000106	
  0.019137	  0.602830	  0.185237	  0.192796	
  0.341959	  0.106133	  0.125800	  0.426108	
  0.207638	  0.363506	  0.335558	  0.093298	
  0.236348	  0.046773	  0.048197	  0.668681	

URL http://cisbp.ccbr.utoronto.ca/TFreport.php?versionNumber=2.00&searchTF=T198758_2.00

MOTIF M00917_2.00 (Kwal_5842)_(Saccharomyces_cerevisiae)_(DBD_0.71)

letter-probability matrix: alength= 4 w= 10 nsites= 1 E= 0
  0.275818	  0.176853	  0.274314	  0.273015	
  0.596140	  0.101012	  0.201837	  0.101012	
  0.000061	  0.000061	  0.000061	  0.999816	
  0.000061	  0.000061	  0.999816	  0.000061	
  0.999816	  0.000061	  0.000061	  0.000061	
  0.000061	  0.999816	  0.000061	  0.000061	
  0.000061	  0.000061	  0.000061	  0.999816	
  0.096323	  0.903555	  0.000061	  0.000061	
  0.684113	  0.169470	  0.073209	  0.073209	
  0.245813	  0.254282	  0.247967	  0.251938	

URL http://cisbp.ccbr.utoronto.ca/TFreport.php?versionNumber=2.00&searchTF=T350462_2.00

MOTIF M00920_2.00 (Kwal_3122)_(Saccharomyces_cerevisiae)_(DBD_0.65)

letter-probability matrix: alength= 4 w= 9 nsites= 1 E= 0
  0.186369	  0.343000	  0.254101	  0.216530	
  0.050636	  0.161524	  0.071140	  0.716699	
  0.006429	  0.973375	  0.011255	  0.008942	
  0.004323	  0.000131	  0.976554	  0.018992	
  0.010968	  0.048668	  0.028934	  0.911430	
  0.581186	  0.006994	  0.014369	  0.397451	
  0.140164	  0.252854	  0.032878	  0.574104	
  0.606045	  0.160285	  0.168503	  0.065167	
  0.279810	  0.217916	  0.303114	  0.199160	

URL http://cisbp.ccbr.utoronto.ca/TFreport.php?versionNumber=2.00&searchTF=T391594_2.00

MOTIF M00922_2.00 (Kwal_1524)_(Saccharomyces_cerevisiae)_(DBD_0.81)

letter-probability matrix: alength= 4 w= 9 nsites= 1 E= 0
  0.212991	  0.328753	  0.123435	  0.334821	
  0.000077	  0.999769	  0.000077	  0.000077	
  0.000077	  0.000077	  0.999769	  0.000077	
  0.000077	  0.000077	  0.999769	  0.000077	
  0.999769	  0.000077	  0.000077	  0.000077	
  0.000077	  0.386504	  0.613342	  0.000077	
  0.000077	  0.000077	  0.000077	  0.999769	
  0.000077	  0.000077	  0.000077	  0.999769	
  0.126642	  0.324406	  0.220127	  0.328825	

URL http://cisbp.ccbr.utoronto.ca/TFreport.php?versionNumber=2.00&searchTF=T391574_2.00

MOTIF M01004_2.00 (Kwal_7268)_(Ashbya_gossypii)_(DBD_0.93)

letter-probability matrix: alength= 4 w= 10 nsites= 1 E= 0
  0.289707	  0.241984	  0.249353	  0.218956	
  0.218409	  0.288983	  0.251230	  0.241379	
  0.163121	  0.318778	  0.434630	  0.083471	
  0.634038	  0.113535	  0.151731	  0.100696	
  0.119632	  0.681586	  0.030705	  0.168077	
  0.081656	  0.096787	  0.634294	  0.187263	
  0.021026	  0.939869	  0.031054	  0.008051	
  0.591612	  0.078481	  0.240532	  0.089376	
  0.336976	  0.262438	  0.228152	  0.172434	
  0.325013	  0.217863	  0.185650	  0.271474	

URL http://cisbp.ccbr.utoronto.ca/TFreport.php?versionNumber=2.00&searchTF=T189801_2.00

MOTIF M01039_2.00 (Kwal_8351)_(Kluyveromyces_lactis)_(DBD_0.85)

letter-probability matrix: alength= 4 w= 7 nsites= 1 E= 0
  0.192097	  0.704860	  0.062677	  0.040366	
  0.002261	  0.724822	  0.000883	  0.272034	
  0.000462	  0.991049	  0.000084	  0.008404	
  0.003903	  0.993958	  0.002079	  0.000061	
  0.016196	  0.461628	  0.096040	  0.426136	
  0.068363	  0.100971	  0.113844	  0.716823	
  0.379896	  0.088226	  0.354213	  0.177665	

URL http://cisbp.ccbr.utoronto.ca/TFreport.php?versionNumber=2.00&searchTF=T146364_2.00

MOTIF M01390_2.00 (Kwal_6732)_(Aspergillus_nidulans)_(DBD_0.50)

letter-probability matrix: alength= 4 w= 8 nsites= 1 E= 0
  0.190589	  0.380703	  0.380703	  0.048004	
  0.000277	  0.000277	  0.000277	  0.999168	
  0.000277	  0.999168	  0.000277	  0.000277	
  0.000277	  0.000277	  0.999168	  0.000277	
  0.000277	  0.139012	  0.860433	  0.000277	
  0.000277	  0.721698	  0.028024	  0.250000	
  0.200057	  0.000285	  0.000285	  0.799372	
  0.922043	  0.038786	  0.038786	  0.000384	

URL http://cisbp.ccbr.utoronto.ca/TFreport.php?versionNumber=2.00&searchTF=T391605_2.00

MOTIF M01442_2.00 (Kwal_19045)_(Rhizopus_oryzae)_(DBD_0.76)

letter-probability matrix: alength= 4 w= 10 nsites= 1 E= 0
  0.405205	  0.191405	  0.155150	  0.248239	
  0.012796	  0.971781	  0.003252	  0.012172	
  0.001748	  0.896649	  0.000244	  0.101359	
  0.003474	  0.987573	  0.007809	  0.001145	
  0.007101	  0.992574	  0.000046	  0.000278	
  0.507195	  0.000100	  0.468200	  0.024505	
  0.034159	  0.692999	  0.169191	  0.103651	
  0.533442	  0.115509	  0.198215	  0.152834	
  0.248537	  0.246064	  0.141967	  0.363432	
  0.249168	  0.197972	  0.162086	  0.390773	

URL http://cisbp.ccbr.utoronto.ca/TFreport.php?versionNumber=2.00&searchTF=T146352_2.00

MOTIF M01536_2.00 (Kwal_4156)_(Saccharomyces_cerevisiae)_(DBD_0.96)

letter-probability matrix: alength= 4 w= 8 nsites= 1 E= 0
  0.582226	  0.083887	  0.083887	  0.250000	
  0.187656	  0.000623	  0.000623	  0.811097	
  0.117958	  0.000587	  0.000587	  0.880869	
  0.000587	  0.000587	  0.000587	  0.998239	
  0.000587	  0.000587	  0.000587	  0.998239	
  0.000587	  0.000587	  0.000587	  0.998239	
  0.000587	  0.000587	  0.000587	  0.998239	
  0.000767	  0.690951	  0.077454	  0.230828	

URL http://cisbp.ccbr.utoronto.ca/TFreport.php?versionNumber=2.00&searchTF=T146359_2.00

MOTIF M01556_2.00 (Kwal_21254)_(Saccharomyces_cerevisiae)_(DBD_0.68)

letter-probability matrix: alength= 4 w= 12 nsites= 1 E= 0
  0.201194	  0.201194	  0.304697	  0.292914	
  0.230780	  0.226281	  0.127278	  0.415661	
  0.152730	  0.049228	  0.049228	  0.748814	
  0.025929	  0.214641	  0.129432	  0.629998	
  0.000154	  0.999537	  0.000154	  0.000154	
  0.000154	  0.000154	  0.000154	  0.999537	
  0.000154	  0.000154	  0.000154	  0.999537	
  0.000154	  0.999537	  0.000154	  0.000154	
  0.048960	  0.153606	  0.142155	  0.655279	
  0.534377	  0.122877	  0.122877	  0.219869	
  0.200927	  0.200927	  0.200927	  0.397220	
  0.224225	  0.224225	  0.224225	  0.327324	

URL http://cisbp.ccbr.utoronto.ca/TFreport.php?versionNumber=2.00&searchTF=T243574_2.00

MOTIF M01558_2.00 (Kwal_15001)_(Saccharomyces_cerevisiae)_(DBD_0.92)

letter-probability matrix: alength= 4 w= 10 nsites= 1 E= 0
  0.112022	  0.583295	  0.081344	  0.223339	
  0.214189	  0.229719	  0.346145	  0.209947	
  0.417547	  0.152079	  0.229155	  0.201220	
  0.584466	  0.060382	  0.129114	  0.226037	
  0.385008	  0.091219	  0.093997	  0.429776	
  0.301324	  0.230024	  0.179143	  0.289509	
  0.257339	  0.273252	  0.284403	  0.185007	
  0.278132	  0.034747	  0.644255	  0.042867	
  0.109929	  0.000794	  0.742363	  0.146913	
  0.392464	  0.185387	  0.181716	  0.240434	

URL http://cisbp.ccbr.utoronto.ca/TFreport.php?versionNumber=2.00&searchTF=T259366_2.00

MOTIF M01566_2.00 (Kwal_12539)_(Saccharomyces_cerevisiae)_(DBD_0.85)

letter-probability matrix: alength= 4 w= 8 nsites= 1 E= 0
  0.270726	  0.299198	  0.159350	  0.270726	
  0.171103	  0.404343	  0.058690	  0.365865	
  0.701225	  0.048078	  0.204963	  0.045733	
  0.053179	  0.447494	  0.090348	  0.408979	
  0.407307	  0.049381	  0.055677	  0.487635	
  0.525518	  0.097943	  0.128302	  0.248237	
  0.510778	  0.094249	  0.117441	  0.277532	
  0.343791	  0.175921	  0.275898	  0.204391	

URL http://cisbp.ccbr.utoronto.ca/TFreport.php?versionNumber=2.00&searchTF=T335260_2.00

MOTIF M01567_2.00 (Kwal_1973)_(Saccharomyces_cerevisiae)_(DBD_0.97)

letter-probability matrix: alength= 4 w= 7 nsites= 1 E= 0
  0.315311	  0.189343	  0.207174	  0.288172	
  0.345705	  0.141966	  0.211788	  0.300541	
  0.271982	  0.110580	  0.155359	  0.462079	
  0.583542	  0.000869	  0.110954	  0.304636	
  0.219565	  0.006434	  0.188981	  0.585020	
  0.934996	  0.000354	  0.051964	  0.012687	
  0.422777	  0.000471	  0.095282	  0.481470	

URL http://cisbp.ccbr.utoronto.ca/TFreport.php?versionNumber=2.00&searchTF=T343284_2.00

MOTIF M01590_2.00 (Kwal_21884)_(Saccharomyces_cerevisiae)_(DBD_0.82)

letter-probability matrix: alength= 4 w= 9 nsites= 1 E= 0
  0.457155	  0.127106	  0.164848	  0.250892	
  0.193600	  0.485800	  0.152292	  0.168308	
  0.103105	  0.867612	  0.028667	  0.000616	
  0.000212	  0.046052	  0.943664	  0.010072	
  0.042335	  0.098065	  0.858877	  0.000723	
  0.295168	  0.322965	  0.223083	  0.158784	
  0.294560	  0.218216	  0.322300	  0.164924	
  0.310862	  0.181154	  0.157488	  0.350496	
  0.287475	  0.221658	  0.194637	  0.296230	

URL http://cisbp.ccbr.utoronto.ca/TFreport.php?versionNumber=2.00&searchTF=T391587_2.00

MOTIF M01669_2.00 (Kwal_24206)_(Neurospora_crassa)_(DBD_0.48)

letter-probability matrix: alength= 4 w= 8 nsites= 1 E= 0
  0.327371	  0.206664	  0.278967	  0.186997	
  0.090243	  0.314980	  0.037808	  0.556969	
  0.768095	  0.014210	  0.120773	  0.096923	
  0.116745	  0.111051	  0.072966	  0.699238	
  0.248575	  0.418109	  0.163325	  0.169991	
  0.313613	  0.190216	  0.256765	  0.239406	
  0.283505	  0.241587	  0.275126	  0.199782	
  0.264086	  0.231893	  0.272129	  0.231893	

URL http://cisbp.ccbr.utoronto.ca/TFreport.php?versionNumber=2.00&searchTF=T016302_2.00

MOTIF M02014_2.00 (Kwal_1746)_(Dictyostelium_discoideum)_(DBD_0.67)

letter-probability matrix: alength= 4 w= 9 nsites= 1 E= 0
  0.219716	  0.265691	  0.183522	  0.331071	
  0.250434	  0.265920	  0.243032	  0.240614	
  0.444513	  0.386441	  0.083678	  0.085369	
  0.084304	  0.006517	  0.866469	  0.042710	
  0.921264	  0.013273	  0.007735	  0.057728	
  0.016068	  0.014394	  0.000001	  0.969537	
  0.152074	  0.546954	  0.164739	  0.136233	
  0.135109	  0.205631	  0.261408	  0.397853	
  0.296179	  0.230665	  0.242491	  0.230665	

URL http://cisbp.ccbr.utoronto.ca/TFreport.php?versionNumber=2.00&searchTF=T197104_2.00

MOTIF M03761_2.00 (Kwal_12655)_(Drosophila_melanogaster)_(DBD_0.57)

letter-probability matrix: alength= 4 w= 8 nsites= 1 E= 0
  0.223431	  0.206679	  0.466469	  0.103420	
  0.308898	  0.477701	  0.025315	  0.188086	
  0.000000	  0.000000	  1.000000	  0.000000	
  0.999515	  0.000485	  0.000000	  0.000000	
  0.000000	  0.000000	  0.000000	  1.000000	
  0.999946	  0.000054	  0.000000	  0.000000	
  1.000000	  0.000000	  0.000000	  0.000000	
  0.024249	  0.421465	  0.504790	  0.049496	

URL http://cisbp.ccbr.utoronto.ca/TFreport.php?versionNumber=2.00&searchTF=T197103_2.00

MOTIF M08419_2.00 (Kwal_4069)_(Saccharomyces_cerevisiae)_(DBD_0.89)

letter-probability matrix: alength= 4 w= 10 nsites= 1 E= 0
  0.065693	  0.934307	  0.000000	  0.000000	
  0.068841	  0.902174	  0.028986	  0.000000	
  0.131313	  0.464646	  0.000000	  0.404040	
  0.154867	  0.035398	  0.663717	  0.146018	
  0.885542	  0.048193	  0.066265	  0.000000	
  0.000000	  0.293478	  0.000000	  0.706522	
  0.053333	  0.448889	  0.240000	  0.257778	
  0.044444	  0.591111	  0.093333	  0.271111	
  0.010204	  0.000000	  0.989796	  0.000000	
  0.133080	  0.030418	  0.836502	  0.000000	

URL http://cisbp.ccbr.utoronto.ca/TFreport.php?versionNumber=2.00&searchTF=T197108_2.00

MOTIF M08429_2.00 (Kwal_8043)_(Saccharomyces_cerevisiae)_(DBD_0.69)

letter-probability matrix: alength= 4 w= 15 nsites= 1 E= 0
  0.102941	  0.897059	  0.000000	  0.000000	
  0.469194	  0.530806	  0.000000	  0.000000	
  0.000000	  0.979381	  0.000000	  0.020619	
  0.000000	  0.897059	  0.000000	  0.102941	
  0.000000	  0.000000	  1.000000	  0.000000	
  0.000000	  1.000000	  0.000000	  0.000000	
  0.234177	  0.000000	  0.000000	  0.765823	
  0.000000	  0.369792	  0.000000	  0.630208	
  0.158120	  0.722222	  0.000000	  0.119658	
  0.000000	  0.760163	  0.000000	  0.239837	
  0.000000	  0.000000	  0.760163	  0.239837	
  0.022901	  0.000000	  0.870229	  0.106870	
  0.134615	  0.538462	  0.000000	  0.326923	
  0.234177	  0.000000	  0.000000	  0.765823	
  0.000000	  0.000000	  0.000000	  1.000000	

URL http://cisbp.ccbr.utoronto.ca/TFreport.php?versionNumber=2.00&searchTF=T335262_2.00

MOTIF M08441_2.00 (Kwal_9688)_(Saccharomyces_cerevisiae)_(DBD_0.85)

letter-probability matrix: alength= 4 w= 8 nsites= 1 E= 0
  0.297980	  0.060606	  0.419192	  0.222222	
  0.036585	  0.000000	  0.024390	  0.939024	
  0.077220	  0.000000	  0.922780	  0.000000	
  1.000000	  0.000000	  0.000000	  0.000000	
  0.000000	  0.996324	  0.000000	  0.003676	
  0.006061	  0.000000	  0.000000	  0.993939	
  0.000000	  1.000000	  0.000000	  0.000000	
  0.317204	  0.317204	  0.021505	  0.344086	

URL http://cisbp.ccbr.utoronto.ca/TFreport.php?versionNumber=2.00&searchTF=T391616_2.00

MOTIF M08452_2.00 (Kwal_19244)_(Saccharomyces_cerevisiae)_(DBD_0.95)

letter-probability matrix: alength= 4 w= 5 nsites= 1 E= 0
  0.000000	  0.000000	  0.000000	  1.000000	
  0.000000	  0.000000	  0.010160	  0.989840	
  0.005578	  0.000000	  0.994422	  0.000000	
  0.000000	  0.000000	  0.998223	  0.001777	
  0.158006	  0.378979	  0.030665	  0.432350	

URL http://cisbp.ccbr.utoronto.ca/TFreport.php?versionNumber=2.00&searchTF=T160813_2.00

MOTIF M08454_2.00 (Kwal_8219)_(Saccharomyces_cerevisiae)_(DBD_0.82)

letter-probability matrix: alength= 4 w= 8 nsites= 1 E= 0
  0.062069	  0.000000	  0.000000	  0.937931	
  0.050597	  0.000000	  0.124503	  0.824901	
  0.000000	  0.000000	  0.000000	  1.000000	
  0.067095	  0.000000	  0.932905	  0.000000	
  0.000000	  1.000000	  0.000000	  0.000000	
  0.000000	  0.000000	  0.000000	  1.000000	
  0.000000	  1.000000	  0.000000	  0.000000	
  0.555041	  0.000000	  0.379490	  0.065469	

URL http://cisbp.ccbr.utoronto.ca/TFreport.php?versionNumber=2.00&searchTF=T164197_2.00

MOTIF M08467_2.00 (Kwal_1631)_(Saccharomyces_cerevisiae)_(DBD_0.82)

letter-probability matrix: alength= 4 w= 15 nsites= 1 E= 0
  0.081423	  0.000000	  0.918577	  0.000000	
  0.000000	  0.000000	  1.000000	  0.000000	
  0.517504	  0.436073	  0.000000	  0.046423	
  1.000000	  0.000000	  0.000000	  0.000000	
  1.000000	  0.000000	  0.000000	  0.000000	
  0.000000	  0.809486	  0.000000	  0.190514	
  0.000000	  0.402819	  0.000000	  0.597181	
  0.053343	  0.450038	  0.429001	  0.067618	
  0.346519	  0.000000	  0.000000	  0.653481	
  0.728063	  0.000000	  0.000000	  0.271937	
  1.000000	  0.000000	  0.000000	  0.000000	
  0.000000	  0.000000	  1.000000	  0.000000	
  1.000000	  0.000000	  0.000000	  0.000000	
  0.643196	  0.000000	  0.356804	  0.000000	
  0.100311	  0.830482	  0.069207	  0.000000	

URL http://cisbp.ccbr.utoronto.ca/TFreport.php?versionNumber=2.00&searchTF=T391576_2.00

