MEME version 4

ALPHABET= ACGT

strands: + -

Background letter frequencies (from uniform background):
A 0.25000 C 0.25000 G 0.25000 T 0.25000 

MOTIF M00003_2.00 (KLLA0_E05413g)_(Saccharomyces_cerevisiae)_(DBD_0.82)

letter-probability matrix: alength= 4 w= 8 nsites= 1 E= 0
  0.253967	  0.166693	  0.563393	  0.015947	
  0.759883	  0.000057	  0.108604	  0.131456	
  0.000047	  0.995142	  0.004763	  0.000047	
  0.080221	  0.000047	  0.919685	  0.000047	
  0.000047	  0.971562	  0.000047	  0.028344	
  0.000047	  0.004786	  0.995119	  0.000047	
  0.214697	  0.158213	  0.022650	  0.604440	
  0.467090	  0.029262	  0.270067	  0.233581	

URL http://cisbp.ccbr.utoronto.ca/TFreport.php?versionNumber=2.00&searchTF=T012023_2.00

MOTIF M00007_2.00 (KLLA0_F04840g)_(Saccharomyces_cerevisiae)_(DBD_0.87)

letter-probability matrix: alength= 4 w= 11 nsites= 1 E= 0
  0.475477	  0.174841	  0.174841	  0.174841	
  0.069272	  0.702024	  0.159432	  0.069272	
  0.328519	  0.621172	  0.025154	  0.025154	
  0.000181	  0.000181	  0.000181	  0.999457	
  0.000181	  0.000181	  0.999457	  0.000181	
  0.000181	  0.999457	  0.000181	  0.000181	
  0.999457	  0.000181	  0.000181	  0.000181	
  0.000181	  0.000181	  0.592518	  0.407120	
  0.165440	  0.075340	  0.683880	  0.075340	
  0.270669	  0.367512	  0.180909	  0.180909	
  0.324920	  0.225027	  0.225027	  0.225027	

URL http://cisbp.ccbr.utoronto.ca/TFreport.php?versionNumber=2.00&searchTF=T012025_2.00

MOTIF M00014_2.00 (KLLA0_E04269g)_(Saccharomyces_cerevisiae)_(DBD_0.67)

letter-probability matrix: alength= 4 w= 8 nsites= 1 E= 0
  0.712963	  0.000712	  0.285613	  0.000712	
  0.000475	  0.000475	  0.000475	  0.998574	
  0.048004	  0.000475	  0.808460	  0.143061	
  0.998574	  0.000475	  0.000475	  0.000475	
  0.000475	  0.951046	  0.000475	  0.048004	
  0.095532	  0.000475	  0.903517	  0.000475	
  0.000475	  0.000475	  0.000475	  0.998574	
  0.499288	  0.285613	  0.000712	  0.214387	

URL http://cisbp.ccbr.utoronto.ca/TFreport.php?versionNumber=2.00&searchTF=T063923_2.00

MOTIF M00021_2.00 (KLLA0_F13046g)_(Saccharomyces_cerevisiae)_(DBD_0.83)

letter-probability matrix: alength= 4 w= 10 nsites= 1 E= 0
  0.169817	  0.169817	  0.169817	  0.490550	
  0.860761	  0.046413	  0.046413	  0.046413	
  0.000028	  0.999915	  0.000028	  0.000028	
  0.000028	  0.999915	  0.000028	  0.000028	
  0.000028	  0.999915	  0.000028	  0.000028	
  0.000028	  0.999915	  0.000028	  0.000028	
  0.581637	  0.000028	  0.418307	  0.000028	
  0.200336	  0.799607	  0.000028	  0.000028	
  0.471273	  0.272399	  0.080211	  0.176117	
  0.203615	  0.304059	  0.203615	  0.288711	

URL http://cisbp.ccbr.utoronto.ca/TFreport.php?versionNumber=2.00&searchTF=T120693_2.00

MOTIF M00022_2.00 (KLLA0_D11902g)_(Saccharomyces_cerevisiae)_(DBD_0.75)

letter-probability matrix: alength= 4 w= 10 nsites= 1 E= 0
  0.208911	  0.202737	  0.420696	  0.167655	
  0.330823	  0.213062	  0.412230	  0.043885	
  0.266733	  0.669310	  0.005620	  0.058338	
  0.037457	  0.000855	  0.946909	  0.014779	
  0.000352	  0.998761	  0.000520	  0.000367	
  0.000180	  0.994952	  0.000000	  0.004868	
  0.943601	  0.016440	  0.039240	  0.000719	
  0.001543	  0.986158	  0.000312	  0.011987	
  0.755147	  0.077240	  0.093402	  0.074211	
  0.185591	  0.338169	  0.359080	  0.117161	

URL http://cisbp.ccbr.utoronto.ca/TFreport.php?versionNumber=2.00&searchTF=T120682_2.00

MOTIF M00025_2.00 (KLLA0_C17710g)_(Saccharomyces_cerevisiae)_(DBD_0.89)

letter-probability matrix: alength= 4 w= 11 nsites= 1 E= 0
  0.229229	  0.229229	  0.312312	  0.229229	
  0.184275	  0.267087	  0.184275	  0.364364	
  0.545197	  0.242404	  0.061383	  0.151016	
  0.000016	  0.999952	  0.000016	  0.000016	
  0.000016	  0.999952	  0.000016	  0.000016	
  0.000016	  0.999952	  0.000016	  0.000016	
  0.000016	  0.904225	  0.000016	  0.095743	
  0.000016	  0.000016	  0.000016	  0.999952	
  0.847826	  0.020787	  0.020787	  0.110601	
  0.802776	  0.065741	  0.065741	  0.065741	
  0.310595	  0.188633	  0.188633	  0.312139	

URL http://cisbp.ccbr.utoronto.ca/TFreport.php?versionNumber=2.00&searchTF=T120681_2.00

MOTIF M00026_2.00 (KLLA0_E11023g)_(Saccharomyces_cerevisiae)_(DBD_0.85)

letter-probability matrix: alength= 4 w= 8 nsites= 1 E= 0
  0.430455	  0.222238	  0.097307	  0.250000	
  0.000095	  0.971154	  0.009615	  0.019136	
  0.009015	  0.981881	  0.000089	  0.009015	
  0.000089	  0.999732	  0.000089	  0.000089	
  0.009015	  0.990807	  0.000089	  0.000089	
  0.333303	  0.081142	  0.585465	  0.000090	
  0.009898	  0.891905	  0.098099	  0.000098	
  0.466551	  0.146722	  0.226679	  0.160048	

URL http://cisbp.ccbr.utoronto.ca/TFreport.php?versionNumber=2.00&searchTF=T120686_2.00

MOTIF M00029_2.00 (KLLA0_B07909g)_(Saccharomyces_cerevisiae)_(DBD_0.87)

letter-probability matrix: alength= 4 w= 8 nsites= 1 E= 0
  0.142904	  0.582272	  0.109952	  0.164873	
  0.148794	  0.594927	  0.132270	  0.124009	
  0.000077	  0.992079	  0.000077	  0.007767	
  0.045864	  0.931090	  0.007708	  0.015339	
  0.045864	  0.717415	  0.152701	  0.084020	
  0.007708	  0.931090	  0.030601	  0.030601	
  0.473214	  0.145070	  0.236645	  0.145070	
  0.032328	  0.822396	  0.056514	  0.088762	

URL http://cisbp.ccbr.utoronto.ca/TFreport.php?versionNumber=2.00&searchTF=T120676_2.00

MOTIF M00031_2.00 (KLLA0_B04477g)_(Saccharomyces_cerevisiae)_(DBD_0.85)

letter-probability matrix: alength= 4 w= 10 nsites= 1 E= 0
  0.175879	  0.175879	  0.175879	  0.472362	
  0.554311	  0.056915	  0.148276	  0.240498	
  0.000127	  0.999618	  0.000127	  0.000127	
  0.000127	  0.999618	  0.000127	  0.000127	
  0.000127	  0.999618	  0.000127	  0.000127	
  0.000127	  0.999618	  0.000127	  0.000127	
  0.090910	  0.000127	  0.619310	  0.289652	
  0.000127	  0.999618	  0.000127	  0.000127	
  0.594478	  0.074248	  0.074248	  0.257026	
  0.193212	  0.420364	  0.193212	  0.193212	

URL http://cisbp.ccbr.utoronto.ca/TFreport.php?versionNumber=2.00&searchTF=T120675_2.00

MOTIF M00038_2.00 (KLLA0_E08713g)_(Saccharomyces_cerevisiae)_(DBD_0.85)

letter-probability matrix: alength= 4 w= 12 nsites= 1 E= 0
  0.316184	  0.227939	  0.227939	  0.227939	
  0.197751	  0.197751	  0.406748	  0.197751	
  0.209570	  0.093161	  0.503917	  0.193352	
  0.123545	  0.829749	  0.023353	  0.023353	
  0.100234	  0.000043	  0.000043	  0.899681	
  0.274188	  0.000043	  0.725727	  0.000043	
  0.274188	  0.516730	  0.000043	  0.209039	
  0.000043	  0.100234	  0.899681	  0.000043	
  0.022104	  0.933688	  0.022104	  0.022104	
  0.052292	  0.843124	  0.052292	  0.052292	
  0.250124	  0.254798	  0.156882	  0.338195	
  0.226689	  0.319932	  0.226689	  0.226689	

URL http://cisbp.ccbr.utoronto.ca/TFreport.php?versionNumber=2.00&searchTF=T120685_2.00

MOTIF M00042_2.00 (KLLA0_A04609g)_(Saccharomyces_cerevisiae)_(DBD_0.71)

letter-probability matrix: alength= 4 w= 9 nsites= 1 E= 0
  0.166186	  0.359620	  0.094850	  0.379344	
  0.000013	  0.000013	  0.999961	  0.000013	
  0.000013	  0.079133	  0.000013	  0.920841	
  0.999961	  0.000013	  0.000013	  0.000013	
  0.549961	  0.000013	  0.450013	  0.000013	
  0.999961	  0.000013	  0.000013	  0.000013	
  0.000013	  0.000013	  0.000013	  0.999961	
  0.000013	  0.999961	  0.000013	  0.000013	
  0.338112	  0.351563	  0.155163	  0.155163	

URL http://cisbp.ccbr.utoronto.ca/TFreport.php?versionNumber=2.00&searchTF=T120672_2.00

MOTIF M00045_2.00 (KLLA0_F04631g)_(Saccharomyces_cerevisiae)_(DBD_0.78)

letter-probability matrix: alength= 4 w= 8 nsites= 1 E= 0
  0.222345	  0.001106	  0.775442	  0.001106	
  0.001106	  0.001106	  0.001106	  0.996681	
  0.996681	  0.001106	  0.001106	  0.001106	
  0.996681	  0.001106	  0.001106	  0.001106	
  0.996681	  0.001106	  0.001106	  0.001106	
  0.001106	  0.886062	  0.001106	  0.111726	
  0.996681	  0.001106	  0.001106	  0.001106	
  0.597222	  0.200397	  0.001984	  0.200397	

URL http://cisbp.ccbr.utoronto.ca/TFreport.php?versionNumber=2.00&searchTF=T187870_2.00

MOTIF M00051_2.00 (KLLA0_F21296g)_(Saccharomyces_cerevisiae)_(DBD_0.89)

letter-probability matrix: alength= 4 w= 8 nsites= 1 E= 0
  0.270248	  0.432235	  0.000270	  0.297246	
  0.000196	  0.000196	  0.999412	  0.000196	
  0.999424	  0.000192	  0.000192	  0.000192	
  0.000192	  0.000192	  0.000192	  0.999424	
  0.980208	  0.000192	  0.019408	  0.000192	
  0.940635	  0.000196	  0.000196	  0.058973	
  0.022934	  0.113760	  0.840372	  0.022934	
  0.344697	  0.241391	  0.241391	  0.172521	

URL http://cisbp.ccbr.utoronto.ca/TFreport.php?versionNumber=2.00&searchTF=T193842_2.00

MOTIF M00052_2.00 (KLLA0_A01342g)_(Saccharomyces_cerevisiae)_(DBD_0.71)

letter-probability matrix: alength= 4 w= 10 nsites= 1 E= 0
  0.275281	  0.242608	  0.224974	  0.257137	
  0.241344	  0.282465	  0.204031	  0.272159	
  0.196189	  0.245027	  0.396334	  0.162450	
  0.410715	  0.155415	  0.184636	  0.249234	
  0.106170	  0.067699	  0.065591	  0.760540	
  0.760540	  0.065591	  0.067699	  0.106170	
  0.249234	  0.184636	  0.155415	  0.410715	
  0.162450	  0.396334	  0.245027	  0.196189	
  0.272159	  0.204031	  0.282465	  0.241344	
  0.257137	  0.224974	  0.242608	  0.275281	

URL http://cisbp.ccbr.utoronto.ca/TFreport.php?versionNumber=2.00&searchTF=T193838_2.00

MOTIF M00058_2.00 (KLLA0_B01584g)_(Saccharomyces_cerevisiae)_(DBD_0.63)

letter-probability matrix: alength= 4 w= 8 nsites= 1 E= 0
  0.565080	  0.141352	  0.108757	  0.184811	
  0.061126	  0.068758	  0.015339	  0.854777	
  0.248276	  0.096594	  0.000069	  0.655061	
  0.894567	  0.000066	  0.000066	  0.105301	
  0.966917	  0.000066	  0.000066	  0.032952	
  0.078992	  0.006643	  0.013220	  0.901144	
  0.048001	  0.000068	  0.034306	  0.917625	
  0.654724	  0.008935	  0.177017	  0.159324	

URL http://cisbp.ccbr.utoronto.ca/TFreport.php?versionNumber=2.00&searchTF=T219887_2.00

MOTIF M00059_2.00 (KLLA0_B10450g)_(Saccharomyces_cerevisiae)_(DBD_0.73)

letter-probability matrix: alength= 4 w= 8 nsites= 1 E= 0
  0.047715	  0.071514	  0.012018	  0.868753	
  0.000104	  0.041753	  0.958038	  0.000104	
  0.812266	  0.052166	  0.031341	  0.104227	
  0.000104	  0.999688	  0.000104	  0.000104	
  0.895564	  0.041753	  0.062578	  0.000104	
  0.021604	  0.634243	  0.172077	  0.172077	
  0.644529	  0.157943	  0.039584	  0.157943	
  0.352861	  0.058973	  0.019788	  0.568378	

URL http://cisbp.ccbr.utoronto.ca/TFreport.php?versionNumber=2.00&searchTF=T219888_2.00

MOTIF M00060_2.00 (KLLA0_D03322g)_(Saccharomyces_cerevisiae)_(DBD_0.72)

letter-probability matrix: alength= 4 w= 9 nsites= 1 E= 0
  0.320154	  0.181055	  0.206191	  0.292599	
  0.231700	  0.238756	  0.197442	  0.332102	
  0.223589	  0.242212	  0.287095	  0.247105	
  0.161512	  0.025143	  0.029212	  0.784133	
  0.138264	  0.051376	  0.075881	  0.734480	
  0.092315	  0.709959	  0.122145	  0.075581	
  0.148989	  0.381409	  0.144586	  0.325016	
  0.473500	  0.149928	  0.202381	  0.174191	
  0.182247	  0.285820	  0.153755	  0.378177	

URL http://cisbp.ccbr.utoronto.ca/TFreport.php?versionNumber=2.00&searchTF=T240989_2.00

MOTIF M00061_2.00 (KLLA0_A10219g)_(Saccharomyces_cerevisiae)_(DBD_0.66)

letter-probability matrix: alength= 4 w= 8 nsites= 1 E= 0
  0.726984	  0.045578	  0.075863	  0.151575	
  0.056906	  0.193208	  0.068264	  0.681622	
  0.064288	  0.064288	  0.871332	  0.000092	
  0.000090	  0.000090	  0.999730	  0.000090	
  0.000090	  0.972713	  0.027107	  0.000090	
  0.000090	  0.963707	  0.009096	  0.027107	
  0.586810	  0.119622	  0.293459	  0.000109	
  0.142918	  0.057253	  0.742576	  0.057253	

URL http://cisbp.ccbr.utoronto.ca/TFreport.php?versionNumber=2.00&searchTF=T240988_2.00

MOTIF M00065_2.00 (KLLA0_D06765g)_(Saccharomyces_cerevisiae)_(DBD_0.70)

letter-probability matrix: alength= 4 w= 8 nsites= 1 E= 0
  0.801853	  0.010516	  0.052166	  0.135464	
  0.532694	  0.016470	  0.450754	  0.000082	
  0.015339	  0.984509	  0.000076	  0.000076	
  0.000076	  0.999773	  0.000076	  0.000076	
  0.000076	  0.999773	  0.000076	  0.000076	
  0.000076	  0.007649	  0.000076	  0.992199	
  0.702791	  0.099070	  0.188143	  0.009996	
  0.414192	  0.128641	  0.314249	  0.142918	

URL http://cisbp.ccbr.utoronto.ca/TFreport.php?versionNumber=2.00&searchTF=T273499_2.00

MOTIF M00066_2.00 (KLLA0_D04862g)_(Saccharomyces_cerevisiae)_(DBD_0.40)

letter-probability matrix: alength= 4 w= 10 nsites= 1 E= 0
  0.228304	  0.228304	  0.228304	  0.315088	
  0.119950	  0.353086	  0.407015	  0.119950	
  0.000130	  0.000130	  0.999610	  0.000130	
  0.000130	  0.000130	  0.000130	  0.999610	
  0.000130	  0.000130	  0.000130	  0.999610	
  0.086914	  0.000130	  0.912826	  0.000130	
  0.000130	  0.999610	  0.000130	  0.000130	
  0.000130	  0.437251	  0.000130	  0.562489	
  0.934522	  0.021826	  0.021826	  0.021826	
  0.130180	  0.304898	  0.261306	  0.303616	

URL http://cisbp.ccbr.utoronto.ca/TFreport.php?versionNumber=2.00&searchTF=T318657_2.00

MOTIF M00071_2.00 (KLLA0_E17139g)_(Saccharomyces_cerevisiae)_(DBD_0.84)

letter-probability matrix: alength= 4 w= 10 nsites= 1 E= 0
  0.271591	  0.150511	  0.342199	  0.235699	
  0.052988	  0.052988	  0.129931	  0.764093	
  0.000127	  0.000127	  0.999618	  0.000127	
  0.000127	  0.000127	  0.077070	  0.922675	
  0.000127	  0.000127	  0.000127	  0.999618	
  0.077070	  0.000127	  0.000127	  0.922675	
  0.077070	  0.922675	  0.000127	  0.000127	
  0.999618	  0.000127	  0.000127	  0.000127	
  0.184606	  0.183669	  0.346968	  0.284756	
  0.408582	  0.197139	  0.197139	  0.197139	

URL http://cisbp.ccbr.utoronto.ca/TFreport.php?versionNumber=2.00&searchTF=T338085_2.00

MOTIF M00074_2.00 (KLLA0_A03443g)_(Saccharomyces_cerevisiae)_(DBD_0.77)

letter-probability matrix: alength= 4 w= 10 nsites= 1 E= 0
  0.279918	  0.199237	  0.240927	  0.279918	
  0.174790	  0.248039	  0.111451	  0.465720	
  0.001978	  0.945811	  0.031882	  0.020329	
  0.000007	  0.087780	  0.911267	  0.000946	
  0.000906	  0.032829	  0.945122	  0.021143	
  0.452251	  0.110414	  0.397120	  0.040215	
  0.244505	  0.225707	  0.350456	  0.179332	
  0.330274	  0.214846	  0.192466	  0.262414	
  0.293811	  0.123093	  0.166158	  0.416938	
  0.392011	  0.165884	  0.206704	  0.235401	

URL http://cisbp.ccbr.utoronto.ca/TFreport.php?versionNumber=2.00&searchTF=T371696_2.00

MOTIF M00080_2.00 (KLLA0_F04213g)_(Saccharomyces_cerevisiae)_(DBD_0.88)

letter-probability matrix: alength= 4 w= 10 nsites= 1 E= 0
  0.225034	  0.439771	  0.163408	  0.171787	
  0.250204	  0.265676	  0.318072	  0.166048	
  0.214050	  0.329049	  0.231877	  0.225024	
  0.166692	  0.356434	  0.329030	  0.147843	
  0.047763	  0.117477	  0.703623	  0.131137	
  0.147147	  0.183357	  0.545353	  0.124143	
  0.618210	  0.001694	  0.184349	  0.195748	
  0.608531	  0.003565	  0.085717	  0.302188	
  0.280079	  0.141893	  0.111617	  0.466412	
  0.228694	  0.171124	  0.148768	  0.451414	

URL http://cisbp.ccbr.utoronto.ca/TFreport.php?versionNumber=2.00&searchTF=T371736_2.00

MOTIF M00081_2.00 (KLLA0_F20680g)_(Saccharomyces_cerevisiae)_(DBD_0.76)

letter-probability matrix: alength= 4 w= 10 nsites= 1 E= 0
  0.295759	  0.264566	  0.239211	  0.200464	
  0.368916	  0.058179	  0.299249	  0.273656	
  0.203841	  0.563321	  0.098215	  0.134624	
  0.153570	  0.765785	  0.022635	  0.058009	
  0.140161	  0.111305	  0.617703	  0.130831	
  0.130831	  0.617703	  0.111305	  0.140161	
  0.058009	  0.022635	  0.765785	  0.153570	
  0.134624	  0.098215	  0.563321	  0.203841	
  0.273656	  0.299249	  0.058179	  0.368916	
  0.200464	  0.239211	  0.264566	  0.295759	

URL http://cisbp.ccbr.utoronto.ca/TFreport.php?versionNumber=2.00&searchTF=T371746_2.00

MOTIF M00088_2.00 (KLLA0_F04609g)_(Saccharomyces_cerevisiae)_(DBD_0.87)

letter-probability matrix: alength= 4 w= 7 nsites= 1 E= 0
  0.004409	  0.910218	  0.041833	  0.043540	
  0.000848	  0.116208	  0.876017	  0.006927	
  0.000117	  0.005158	  0.992847	  0.001879	
  0.537121	  0.127259	  0.241344	  0.094276	
  0.460766	  0.088490	  0.138780	  0.311965	
  0.318860	  0.236217	  0.222461	  0.222461	
  0.279083	  0.235452	  0.235452	  0.250012	

URL http://cisbp.ccbr.utoronto.ca/TFreport.php?versionNumber=2.00&searchTF=T371737_2.00

MOTIF M00095_2.00 (KLLA0_F19602g)_(Saccharomyces_cerevisiae)_(DBD_0.61)

letter-probability matrix: alength= 4 w= 10 nsites= 1 E= 0
  0.226602	  0.320195	  0.226602	  0.226602	
  0.185721	  0.101267	  0.611746	  0.101267	
  0.000150	  0.000150	  0.999550	  0.000150	
  0.000150	  0.999550	  0.000150	  0.000150	
  0.000150	  0.000150	  0.999550	  0.000150	
  0.000150	  0.000150	  0.999550	  0.000150	
  0.707660	  0.000150	  0.292040	  0.000150	
  0.187144	  0.000150	  0.812556	  0.000150	
  0.758174	  0.023548	  0.023548	  0.194729	
  0.350365	  0.148884	  0.148884	  0.351868	

URL http://cisbp.ccbr.utoronto.ca/TFreport.php?versionNumber=2.00&searchTF=T371745_2.00

MOTIF M00097_2.00 (KLLA0_F22990g)_(Saccharomyces_cerevisiae)_(DBD_0.92)

letter-probability matrix: alength= 4 w= 9 nsites= 1 E= 0
  0.166001	  0.273690	  0.109071	  0.451238	
  0.034069	  0.942372	  0.020872	  0.002687	
  0.000000	  0.034222	  0.965706	  0.000072	
  0.000027	  0.000011	  0.999339	  0.000623	
  0.525447	  0.152056	  0.205254	  0.117243	
  0.246047	  0.263888	  0.294572	  0.195493	
  0.378727	  0.158668	  0.158668	  0.303936	
  0.229490	  0.117432	  0.094241	  0.558837	
  0.484436	  0.140188	  0.114776	  0.260600	

URL http://cisbp.ccbr.utoronto.ca/TFreport.php?versionNumber=2.00&searchTF=T371748_2.00

MOTIF M00102_2.00 (KLLA0_D01452g)_(Saccharomyces_cerevisiae)_(DBD_0.85)

letter-probability matrix: alength= 4 w= 9 nsites= 1 E= 0
  0.230826	  0.235489	  0.240247	  0.293438	
  0.234897	  0.237257	  0.278424	  0.249422	
  0.263068	  0.265712	  0.202839	  0.268382	
  0.094644	  0.692371	  0.066031	  0.146954	
  0.000084	  0.999903	  0.000001	  0.000012	
  0.000730	  0.068439	  0.930712	  0.000118	
  0.001227	  0.000063	  0.986717	  0.011994	
  0.700294	  0.116921	  0.159413	  0.023371	
  0.335031	  0.152052	  0.297146	  0.215772	

URL http://cisbp.ccbr.utoronto.ca/TFreport.php?versionNumber=2.00&searchTF=T371715_2.00

MOTIF M00104_2.00 (KLLA0_F02750g)_(Saccharomyces_cerevisiae)_(DBD_0.59)

letter-probability matrix: alength= 4 w= 7 nsites= 1 E= 0
  0.318674	  0.187573	  0.306179	  0.187573	
  0.024030	  0.962286	  0.004390	  0.009293	
  0.000855	  0.008445	  0.985924	  0.004776	
  0.005789	  0.001305	  0.988215	  0.004692	
  0.561688	  0.154616	  0.204577	  0.079118	
  0.441364	  0.120286	  0.219175	  0.219175	
  0.291327	  0.260981	  0.211547	  0.236145	

URL http://cisbp.ccbr.utoronto.ca/TFreport.php?versionNumber=2.00&searchTF=T371735_2.00

MOTIF M00751_2.00 (KLLA0_E06073g)_(Mus_musculus)_(DBD_0.26)

letter-probability matrix: alength= 4 w= 10 nsites= 1 E= 0
  0.237374	  0.264976	  0.264976	  0.232674	
  0.254916	  0.278923	  0.226090	  0.240071	
  0.234840	  0.237201	  0.304572	  0.223387	
  0.201961	  0.286597	  0.267221	  0.244221	
  0.601325	  0.000225	  0.320261	  0.078189	
  0.466521	  0.184067	  0.000331	  0.349080	
  0.391854	  0.070168	  0.064129	  0.473849	
  0.435120	  0.083565	  0.075612	  0.405703	
  0.376315	  0.160843	  0.160843	  0.302000	
  0.303804	  0.236603	  0.161804	  0.297789	

URL http://cisbp.ccbr.utoronto.ca/TFreport.php?versionNumber=2.00&searchTF=T017551_2.00

MOTIF M00907_2.00 (KLLA0_D08030g)_(Saccharomyces_cerevisiae)_(DBD_0.68)

letter-probability matrix: alength= 4 w= 10 nsites= 1 E= 0
  0.252983	  0.243892	  0.249128	  0.253997	
  0.776316	  0.074561	  0.074561	  0.074561	
  0.000062	  0.000062	  0.000062	  0.999813	
  0.000062	  0.000062	  0.809938	  0.189938	
  0.999813	  0.000062	  0.000062	  0.000062	
  0.000062	  0.999813	  0.000062	  0.000062	
  0.000062	  0.000062	  0.999813	  0.000062	
  0.000062	  0.000062	  0.000062	  0.999813	
  0.503179	  0.206688	  0.192610	  0.097523	
  0.473497	  0.175501	  0.175501	  0.175501	

URL http://cisbp.ccbr.utoronto.ca/TFreport.php?versionNumber=2.00&searchTF=T063920_2.00

MOTIF M00910_2.00 (KLLA0_F10109g)_(Saccharomyces_cerevisiae)_(DBD_0.83)

letter-probability matrix: alength= 4 w= 10 nsites= 1 E= 0
  0.361829	  0.177518	  0.283135	  0.177518	
  0.026769	  0.511855	  0.026769	  0.434606	
  0.803460	  0.000095	  0.196351	  0.000095	
  0.000095	  0.999716	  0.000095	  0.000095	
  0.000095	  0.000095	  0.999716	  0.000095	
  0.000095	  0.000095	  0.999716	  0.000095	
  0.000095	  0.999716	  0.000095	  0.000095	
  0.290790	  0.000095	  0.709021	  0.000095	
  0.072577	  0.782270	  0.072577	  0.072577	
  0.223325	  0.223325	  0.330024	  0.223325	

URL http://cisbp.ccbr.utoronto.ca/TFreport.php?versionNumber=2.00&searchTF=T120691_2.00

MOTIF M00912_2.00 (KLLA0_E18547g)_(Saccharomyces_cerevisiae)_(DBD_0.78)

letter-probability matrix: alength= 4 w= 9 nsites= 1 E= 0
  0.126559	  0.422413	  0.223640	  0.227388	
  0.000048	  0.000048	  0.999856	  0.000048	
  0.000048	  0.000048	  0.000048	  0.999856	
  0.000048	  0.000048	  0.999856	  0.000048	
  0.000048	  0.999856	  0.000048	  0.000048	
  0.000048	  0.999856	  0.000048	  0.000048	
  0.000048	  0.000048	  0.000048	  0.999856	
  0.195724	  0.000048	  0.504817	  0.299411	
  0.123489	  0.430589	  0.123489	  0.322432	

URL http://cisbp.ccbr.utoronto.ca/TFreport.php?versionNumber=2.00&searchTF=T120688_2.00

MOTIF M00914_2.00 (KLLA0_E23431g)_(Saccharomyces_cerevisiae)_(DBD_0.76)

letter-probability matrix: alength= 4 w= 10 nsites= 1 E= 0
  0.334465	  0.090245	  0.535143	  0.040146	
  0.142028	  0.063817	  0.769719	  0.024435	
  0.180207	  0.641689	  0.166352	  0.011753	
  0.251344	  0.038353	  0.214181	  0.496122	
  0.162725	  0.098698	  0.192879	  0.545697	
  0.000078	  0.999742	  0.000074	  0.000106	
  0.019137	  0.602830	  0.185237	  0.192796	
  0.341959	  0.106133	  0.125800	  0.426108	
  0.207638	  0.363506	  0.335558	  0.093298	
  0.236348	  0.046773	  0.048197	  0.668681	

URL http://cisbp.ccbr.utoronto.ca/TFreport.php?versionNumber=2.00&searchTF=T198517_2.00

MOTIF M00917_2.00 (KLLA0_C08151g)_(Saccharomyces_cerevisiae)_(DBD_0.76)

letter-probability matrix: alength= 4 w= 10 nsites= 1 E= 0
  0.275818	  0.176853	  0.274314	  0.273015	
  0.596140	  0.101012	  0.201837	  0.101012	
  0.000061	  0.000061	  0.000061	  0.999816	
  0.000061	  0.000061	  0.999816	  0.000061	
  0.999816	  0.000061	  0.000061	  0.000061	
  0.000061	  0.999816	  0.000061	  0.000061	
  0.000061	  0.000061	  0.000061	  0.999816	
  0.096323	  0.903555	  0.000061	  0.000061	
  0.684113	  0.169470	  0.073209	  0.073209	
  0.245813	  0.254282	  0.247967	  0.251938	

URL http://cisbp.ccbr.utoronto.ca/TFreport.php?versionNumber=2.00&searchTF=T350421_2.00

MOTIF M01015_2.00 KLLA0_F08206g

letter-probability matrix: alength= 4 w= 10 nsites= 1 E= 0
  0.285111	  0.250354	  0.233429	  0.231106	
  0.208777	  0.296269	  0.245002	  0.249952	
  0.167018	  0.326393	  0.414927	  0.091662	
  0.604131	  0.120758	  0.161385	  0.113726	
  0.127039	  0.661489	  0.038263	  0.173208	
  0.106019	  0.100849	  0.592068	  0.201064	
  0.056637	  0.940728	  0.000439	  0.002196	
  0.588856	  0.072109	  0.249181	  0.089854	
  0.337556	  0.262889	  0.228544	  0.171011	
  0.326308	  0.220929	  0.188263	  0.264500	

URL http://cisbp.ccbr.utoronto.ca/TFreport.php?versionNumber=2.00&searchTF=T187871_2.00

MOTIF M01038_2.00 KLLA0_C17072g

letter-probability matrix: alength= 4 w= 9 nsites= 1 E= 0
  0.129132	  0.672389	  0.049941	  0.148538	
  0.007343	  0.730558	  0.006448	  0.255650	
  0.002107	  0.997472	  0.000321	  0.000100	
  0.000558	  0.921494	  0.026736	  0.051213	
  0.000687	  0.120801	  0.046254	  0.832259	
  0.387560	  0.093679	  0.225850	  0.292912	
  0.302868	  0.102852	  0.173001	  0.421279	
  0.277517	  0.241261	  0.168322	  0.312899	
  0.235533	  0.250098	  0.208899	  0.305470	

URL http://cisbp.ccbr.utoronto.ca/TFreport.php?versionNumber=2.00&searchTF=T120680_2.00

MOTIF M01039_2.00 KLLA0_F26961g

letter-probability matrix: alength= 4 w= 7 nsites= 1 E= 0
  0.192097	  0.704860	  0.062677	  0.040366	
  0.002261	  0.724822	  0.000883	  0.272034	
  0.000462	  0.991049	  0.000084	  0.008404	
  0.003903	  0.993958	  0.002079	  0.000061	
  0.016196	  0.461628	  0.096040	  0.426136	
  0.068363	  0.100971	  0.113844	  0.716823	
  0.379896	  0.088226	  0.354213	  0.177665	

URL http://cisbp.ccbr.utoronto.ca/TFreport.php?versionNumber=2.00&searchTF=T120698_2.00

MOTIF M01524_2.00 (KLLA0_A01760g)_(Saccharomyces_cerevisiae)_(DBD_0.67)

letter-probability matrix: alength= 4 w= 10 nsites= 1 E= 0
  0.156235	  0.237783	  0.384275	  0.221707	
  0.402756	  0.386964	  0.121308	  0.088973	
  0.035172	  0.000320	  0.057412	  0.907096	
  0.017446	  0.032431	  0.336670	  0.613453	
  0.855397	  0.000658	  0.054684	  0.089261	
  0.042605	  0.534839	  0.242734	  0.179822	
  0.218505	  0.142140	  0.286234	  0.353121	
  0.409661	  0.197419	  0.112768	  0.280152	
  0.575008	  0.129591	  0.153605	  0.141795	
  0.297790	  0.163431	  0.231919	  0.306859	

URL http://cisbp.ccbr.utoronto.ca/TFreport.php?versionNumber=2.00&searchTF=T063917_2.00

MOTIF M01556_2.00 (KLLA0_E03191g)_(Saccharomyces_cerevisiae)_(DBD_0.64)

letter-probability matrix: alength= 4 w= 12 nsites= 1 E= 0
  0.201194	  0.201194	  0.304697	  0.292914	
  0.230780	  0.226281	  0.127278	  0.415661	
  0.152730	  0.049228	  0.049228	  0.748814	
  0.025929	  0.214641	  0.129432	  0.629998	
  0.000154	  0.999537	  0.000154	  0.000154	
  0.000154	  0.000154	  0.000154	  0.999537	
  0.000154	  0.000154	  0.000154	  0.999537	
  0.000154	  0.999537	  0.000154	  0.000154	
  0.048960	  0.153606	  0.142155	  0.655279	
  0.534377	  0.122877	  0.122877	  0.219869	
  0.200927	  0.200927	  0.200927	  0.397220	
  0.224225	  0.224225	  0.224225	  0.327324	

URL http://cisbp.ccbr.utoronto.ca/TFreport.php?versionNumber=2.00&searchTF=T240990_2.00

MOTIF M01557_2.00 (KLLA0_E24025g)_(Saccharomyces_cerevisiae)_(DBD_0.85)

letter-probability matrix: alength= 4 w= 8 nsites= 1 E= 0
  0.009615	  0.009615	  0.009615	  0.971154	
  0.009615	  0.009615	  0.009615	  0.971154	
  0.971154	  0.009615	  0.009615	  0.009615	
  0.971154	  0.009615	  0.009615	  0.009615	
  0.009615	  0.009615	  0.009615	  0.971154	
  0.971154	  0.009615	  0.009615	  0.009615	
  0.971154	  0.009615	  0.009615	  0.009615	
  0.971154	  0.009615	  0.009615	  0.009615	

URL http://cisbp.ccbr.utoronto.ca/TFreport.php?versionNumber=2.00&searchTF=T254490_2.00

MOTIF M01558_2.00 (KLLA0_F26807g)_(Saccharomyces_cerevisiae)_(DBD_0.92)

letter-probability matrix: alength= 4 w= 10 nsites= 1 E= 0
  0.112022	  0.583295	  0.081344	  0.223339	
  0.214189	  0.229719	  0.346145	  0.209947	
  0.417547	  0.152079	  0.229155	  0.201220	
  0.584466	  0.060382	  0.129114	  0.226037	
  0.385008	  0.091219	  0.093997	  0.429776	
  0.301324	  0.230024	  0.179143	  0.289509	
  0.257339	  0.273252	  0.284403	  0.185007	
  0.278132	  0.034747	  0.644255	  0.042867	
  0.109929	  0.000794	  0.742363	  0.146913	
  0.392464	  0.185387	  0.181716	  0.240434	

URL http://cisbp.ccbr.utoronto.ca/TFreport.php?versionNumber=2.00&searchTF=T254491_2.00

MOTIF M01566_2.00 (KLLA0_B12056g)_(Saccharomyces_cerevisiae)_(DBD_0.85)

letter-probability matrix: alength= 4 w= 8 nsites= 1 E= 0
  0.270726	  0.299198	  0.159350	  0.270726	
  0.171103	  0.404343	  0.058690	  0.365865	
  0.701225	  0.048078	  0.204963	  0.045733	
  0.053179	  0.447494	  0.090348	  0.408979	
  0.407307	  0.049381	  0.055677	  0.487635	
  0.525518	  0.097943	  0.128302	  0.248237	
  0.510778	  0.094249	  0.117441	  0.277532	
  0.343791	  0.175921	  0.275898	  0.204391	

URL http://cisbp.ccbr.utoronto.ca/TFreport.php?versionNumber=2.00&searchTF=T330793_2.00

MOTIF M01567_2.00 (KLLA0_E10099g)_(Saccharomyces_cerevisiae)_(DBD_0.98)

letter-probability matrix: alength= 4 w= 7 nsites= 1 E= 0
  0.315311	  0.189343	  0.207174	  0.288172	
  0.345705	  0.141966	  0.211788	  0.300541	
  0.271982	  0.110580	  0.155359	  0.462079	
  0.583542	  0.000869	  0.110954	  0.304636	
  0.219565	  0.006434	  0.188981	  0.585020	
  0.934996	  0.000354	  0.051964	  0.012687	
  0.422777	  0.000471	  0.095282	  0.481470	

URL http://cisbp.ccbr.utoronto.ca/TFreport.php?versionNumber=2.00&searchTF=T342650_2.00

MOTIF M01590_2.00 (KLLA0_D10593g)_(Saccharomyces_cerevisiae)_(DBD_0.78)

letter-probability matrix: alength= 4 w= 9 nsites= 1 E= 0
  0.457155	  0.127106	  0.164848	  0.250892	
  0.193600	  0.485800	  0.152292	  0.168308	
  0.103105	  0.867612	  0.028667	  0.000616	
  0.000212	  0.046052	  0.943664	  0.010072	
  0.042335	  0.098065	  0.858877	  0.000723	
  0.295168	  0.322965	  0.223083	  0.158784	
  0.294560	  0.218216	  0.322300	  0.164924	
  0.310862	  0.181154	  0.157488	  0.350496	
  0.287475	  0.221658	  0.194637	  0.296230	

URL http://cisbp.ccbr.utoronto.ca/TFreport.php?versionNumber=2.00&searchTF=T371721_2.00

MOTIF M01669_2.00 (KLLA0_C16203g)_(Neurospora_crassa)_(DBD_0.47)

letter-probability matrix: alength= 4 w= 8 nsites= 1 E= 0
  0.327371	  0.206664	  0.278967	  0.186997	
  0.090243	  0.314980	  0.037808	  0.556969	
  0.768095	  0.014210	  0.120773	  0.096923	
  0.116745	  0.111051	  0.072966	  0.699238	
  0.248575	  0.418109	  0.163325	  0.169991	
  0.313613	  0.190216	  0.256765	  0.239406	
  0.283505	  0.241587	  0.275126	  0.199782	
  0.264086	  0.231893	  0.272129	  0.231893	

URL http://cisbp.ccbr.utoronto.ca/TFreport.php?versionNumber=2.00&searchTF=T015116_2.00

MOTIF M02140_2.00 KLLA0_D10043g

letter-probability matrix: alength= 4 w= 10 nsites= 1 E= 0
  0.231822	  0.269534	  0.267283	  0.231361	
  0.200699	  0.319573	  0.182522	  0.297206	
  0.339925	  0.217030	  0.204019	  0.239025	
  0.449614	  0.196016	  0.137032	  0.217338	
  0.233803	  0.072202	  0.130307	  0.563688	
  0.563688	  0.130307	  0.072202	  0.233803	
  0.217338	  0.137032	  0.196016	  0.449614	
  0.239025	  0.204019	  0.217030	  0.339925	
  0.297206	  0.182522	  0.319573	  0.200699	
  0.231361	  0.267283	  0.269534	  0.231822	

URL http://cisbp.ccbr.utoronto.ca/TFreport.php?versionNumber=2.00&searchTF=T219892_2.00

MOTIF M08429_2.00 (KLLA0_E18481g)_(Saccharomyces_cerevisiae)_(DBD_0.68)

letter-probability matrix: alength= 4 w= 15 nsites= 1 E= 0
  0.102941	  0.897059	  0.000000	  0.000000	
  0.469194	  0.530806	  0.000000	  0.000000	
  0.000000	  0.979381	  0.000000	  0.020619	
  0.000000	  0.897059	  0.000000	  0.102941	
  0.000000	  0.000000	  1.000000	  0.000000	
  0.000000	  1.000000	  0.000000	  0.000000	
  0.234177	  0.000000	  0.000000	  0.765823	
  0.000000	  0.369792	  0.000000	  0.630208	
  0.158120	  0.722222	  0.000000	  0.119658	
  0.000000	  0.760163	  0.000000	  0.239837	
  0.000000	  0.000000	  0.760163	  0.239837	
  0.022901	  0.000000	  0.870229	  0.106870	
  0.134615	  0.538462	  0.000000	  0.326923	
  0.234177	  0.000000	  0.000000	  0.765823	
  0.000000	  0.000000	  0.000000	  1.000000	

URL http://cisbp.ccbr.utoronto.ca/TFreport.php?versionNumber=2.00&searchTF=T330796_2.00

MOTIF M08441_2.00 (KLLA0_D10197g)_(Saccharomyces_cerevisiae)_(DBD_0.78)

letter-probability matrix: alength= 4 w= 8 nsites= 1 E= 0
  0.297980	  0.060606	  0.419192	  0.222222	
  0.036585	  0.000000	  0.024390	  0.939024	
  0.077220	  0.000000	  0.922780	  0.000000	
  1.000000	  0.000000	  0.000000	  0.000000	
  0.000000	  0.996324	  0.000000	  0.003676	
  0.006061	  0.000000	  0.000000	  0.993939	
  0.000000	  1.000000	  0.000000	  0.000000	
  0.317204	  0.317204	  0.021505	  0.344086	

URL http://cisbp.ccbr.utoronto.ca/TFreport.php?versionNumber=2.00&searchTF=T371720_2.00

MOTIF M08452_2.00 (KLLA0_A00891g)_(Saccharomyces_cerevisiae)_(DBD_0.93)

letter-probability matrix: alength= 4 w= 5 nsites= 1 E= 0
  0.000000	  0.000000	  0.000000	  1.000000	
  0.000000	  0.000000	  0.010160	  0.989840	
  0.005578	  0.000000	  0.994422	  0.000000	
  0.000000	  0.000000	  0.998223	  0.001777	
  0.158006	  0.378979	  0.030665	  0.432350	

URL http://cisbp.ccbr.utoronto.ca/TFreport.php?versionNumber=2.00&searchTF=T160089_2.00

MOTIF M08453_2.00 (KLLA0_A03047g)_(Saccharomyces_cerevisiae)_(DBD_0.74)

letter-probability matrix: alength= 4 w= 11 nsites= 1 E= 0
  0.000000	  0.777778	  0.000000	  0.222222	
  0.555556	  0.000000	  0.000000	  0.444444	
  0.000000	  0.222222	  0.000000	  0.777778	
  0.000000	  0.000000	  0.000000	  1.000000	
  0.000000	  0.000000	  0.000000	  1.000000	
  0.000000	  0.444444	  0.111111	  0.444444	
  0.000000	  0.333333	  0.000000	  0.666667	
  0.000000	  0.000000	  0.777778	  0.222222	
  0.000000	  1.000000	  0.000000	  0.000000	
  0.000000	  0.000000	  0.000000	  1.000000	
  0.222222	  0.000000	  0.777778	  0.000000	

URL http://cisbp.ccbr.utoronto.ca/TFreport.php?versionNumber=2.00&searchTF=T163885_2.00

MOTIF M08454_2.00 (KLLA0_E07767g)_(Saccharomyces_cerevisiae)_(DBD_0.82)

letter-probability matrix: alength= 4 w= 8 nsites= 1 E= 0
  0.062069	  0.000000	  0.000000	  0.937931	
  0.050597	  0.000000	  0.124503	  0.824901	
  0.000000	  0.000000	  0.000000	  1.000000	
  0.067095	  0.000000	  0.932905	  0.000000	
  0.000000	  1.000000	  0.000000	  0.000000	
  0.000000	  0.000000	  0.000000	  1.000000	
  0.000000	  1.000000	  0.000000	  0.000000	
  0.555041	  0.000000	  0.379490	  0.065469	

URL http://cisbp.ccbr.utoronto.ca/TFreport.php?versionNumber=2.00&searchTF=T163886_2.00

MOTIF M08467_2.00 (KLLA0_F10373g)_(Saccharomyces_cerevisiae)_(DBD_0.77)

letter-probability matrix: alength= 4 w= 15 nsites= 1 E= 0
  0.081423	  0.000000	  0.918577	  0.000000	
  0.000000	  0.000000	  1.000000	  0.000000	
  0.517504	  0.436073	  0.000000	  0.046423	
  1.000000	  0.000000	  0.000000	  0.000000	
  1.000000	  0.000000	  0.000000	  0.000000	
  0.000000	  0.809486	  0.000000	  0.190514	
  0.000000	  0.402819	  0.000000	  0.597181	
  0.053343	  0.450038	  0.429001	  0.067618	
  0.346519	  0.000000	  0.000000	  0.653481	
  0.728063	  0.000000	  0.000000	  0.271937	
  1.000000	  0.000000	  0.000000	  0.000000	
  0.000000	  0.000000	  1.000000	  0.000000	
  1.000000	  0.000000	  0.000000	  0.000000	
  0.643196	  0.000000	  0.356804	  0.000000	
  0.100311	  0.830482	  0.069207	  0.000000	

URL http://cisbp.ccbr.utoronto.ca/TFreport.php?versionNumber=2.00&searchTF=T371739_2.00

