MEME version 4

ALPHABET= ACGT

strands: + -

Background letter frequencies (from uniform background):
A 0.25000 C 0.25000 G 0.25000 T 0.25000 

MOTIF M00178_2.00 (MSY001_3483)_(Mus_musculus)_(DBD_0.77)

letter-probability matrix: alength= 4 w= 10 nsites= 1 E= 0
  0.212984	  0.416099	  0.142972	  0.227946	
  0.201998	  0.401559	  0.182516	  0.213926	
  0.432247	  0.083239	  0.179282	  0.305232	
  0.394149	  0.098816	  0.146383	  0.360652	
  0.532912	  0.075998	  0.118189	  0.272901	
  0.272901	  0.118189	  0.075998	  0.532912	
  0.360652	  0.146383	  0.098816	  0.394149	
  0.305232	  0.179282	  0.083239	  0.432247	
  0.213926	  0.182516	  0.401559	  0.201998	
  0.227946	  0.142972	  0.416099	  0.212984	

URL http://cisbp.ccbr.utoronto.ca/TFreport.php?versionNumber=2.00&searchTF=T254693_2.00

MOTIF M01102_2.00 (MSY001_2010)_(PBM_CONSTRUCTS)_(DBD_0.69)

letter-probability matrix: alength= 4 w= 8 nsites= 1 E= 0
  0.520400	  0.150739	  0.150739	  0.178122	
  0.168349	  0.386085	  0.237629	  0.207937	
  0.828862	  0.000085	  0.162423	  0.008630	
  0.000085	  0.999744	  0.000085	  0.000085	
  0.000085	  0.000085	  0.982656	  0.017174	
  0.008630	  0.957023	  0.000085	  0.034262	
  0.008630	  0.017174	  0.965567	  0.008630	
  0.562344	  0.150050	  0.000125	  0.287481	

URL http://cisbp.ccbr.utoronto.ca/TFreport.php?versionNumber=2.00&searchTF=T012119_2.00

MOTIF M01105_2.00 (MSY001_0253)_(Fusarium_graminearum)_(DBD_0.54)

letter-probability matrix: alength= 4 w= 9 nsites= 1 E= 0
  0.374340	  0.173324	  0.185892	  0.266444	
  0.331918	  0.236250	  0.215916	  0.215916	
  0.367239	  0.211878	  0.193642	  0.227241	
  0.398201	  0.106374	  0.253904	  0.241521	
  0.306146	  0.173133	  0.150515	  0.370206	
  0.572249	  0.002137	  0.149841	  0.275772	
  0.602371	  0.092840	  0.044740	  0.260050	
  0.505970	  0.048254	  0.059530	  0.386247	
  0.331768	  0.096009	  0.106106	  0.466117	

URL http://cisbp.ccbr.utoronto.ca/TFreport.php?versionNumber=2.00&searchTF=T017617_2.00

MOTIF M01198_2.00 (MSY001_2806)_(Neurospora_crassa)_(DBD_0.83)

letter-probability matrix: alength= 4 w= 8 nsites= 1 E= 0
  0.008032	  0.985829	  0.000534	  0.005604	
  0.000361	  0.758996	  0.000317	  0.240326	
  0.065429	  0.872155	  0.039290	  0.023126	
  0.000001	  0.999660	  0.000134	  0.000205	
  0.499172	  0.000032	  0.489288	  0.011507	
  0.139979	  0.376715	  0.252520	  0.230786	
  0.284498	  0.230610	  0.244870	  0.240021	
  0.280918	  0.298289	  0.261926	  0.158866	

URL http://cisbp.ccbr.utoronto.ca/TFreport.php?versionNumber=2.00&searchTF=T123755_2.00

MOTIF M01565_2.00 (MSY001_2636)_(Saccharomyces_cerevisiae)_(DBD_0.54)

letter-probability matrix: alength= 4 w= 10 nsites= 1 E= 0
  0.275621	  0.196179	  0.184754	  0.343445	
  0.239066	  0.197698	  0.157078	  0.406158	
  0.351405	  0.065493	  0.118148	  0.464954	
  0.275882	  0.145470	  0.109944	  0.468704	
  0.465587	  0.103886	  0.064283	  0.366244	
  0.343551	  0.084719	  0.502369	  0.069362	
  0.039893	  0.339069	  0.050714	  0.570324	
  0.299986	  0.072511	  0.434301	  0.193202	
  0.212492	  0.210378	  0.364638	  0.212492	
  0.183038	  0.221338	  0.419764	  0.175861	

URL http://cisbp.ccbr.utoronto.ca/TFreport.php?versionNumber=2.00&searchTF=T331365_2.00

MOTIF M01567_2.00 (MSY001_0017)_(Saccharomyces_cerevisiae)_(DBD_0.89)

letter-probability matrix: alength= 4 w= 7 nsites= 1 E= 0
  0.315311	  0.189343	  0.207174	  0.288172	
  0.345705	  0.141966	  0.211788	  0.300541	
  0.271982	  0.110580	  0.155359	  0.462079	
  0.583542	  0.000869	  0.110954	  0.304636	
  0.219565	  0.006434	  0.188981	  0.585020	
  0.934996	  0.000354	  0.051964	  0.012687	
  0.422777	  0.000471	  0.095282	  0.481470	

URL http://cisbp.ccbr.utoronto.ca/TFreport.php?versionNumber=2.00&searchTF=T342720_2.00

MOTIF M08452_2.00 (MSY001_2604)_(Saccharomyces_cerevisiae)_(DBD_0.75)

letter-probability matrix: alength= 4 w= 5 nsites= 1 E= 0
  0.000000	  0.000000	  0.000000	  1.000000	
  0.000000	  0.000000	  0.010160	  0.989840	
  0.005578	  0.000000	  0.994422	  0.000000	
  0.000000	  0.000000	  0.998223	  0.001777	
  0.158006	  0.378979	  0.030665	  0.432350	

URL http://cisbp.ccbr.utoronto.ca/TFreport.php?versionNumber=2.00&searchTF=T160154_2.00

