MEME version 4

ALPHABET= ACGT

strands: + -

Background letter frequencies (from uniform background):
A 0.25000 C 0.25000 G 0.25000 T 0.25000 

MOTIF M00216_2.00 (estExt_Genewise2.C_Chr_060259)_(Mus_musculus)_(DBD_0.79)

letter-probability matrix: alength= 4 w= 7 nsites= 1 E= 0
  0.317192	  0.188577	  0.170632	  0.323600	
  0.377028	  0.110202	  0.112429	  0.400342	
  0.238466	  0.123251	  0.123251	  0.515031	
  0.532428	  0.000769	  0.095340	  0.371463	
  0.290314	  0.000533	  0.069475	  0.639678	
  0.715780	  0.078521	  0.191210	  0.014489	
  0.289234	  0.119969	  0.104296	  0.486500	

URL http://cisbp.ccbr.utoronto.ca/TFreport.php?versionNumber=2.00&searchTF=T343158_2.00

MOTIF M00866_2.00 (EuGene.0600010372)_(Arabidopsis_thaliana)_(DBD_0.49)

letter-probability matrix: alength= 4 w= 10 nsites= 1 E= 0
  0.322261	  0.225913	  0.225913	  0.225913	
  0.200420	  0.200711	  0.195798	  0.403071	
  0.000093	  0.000093	  0.000093	  0.999720	
  0.000093	  0.000093	  0.999720	  0.000093	
  0.999720	  0.000093	  0.000093	  0.000093	
  0.000093	  0.000093	  0.000093	  0.999720	
  0.000093	  0.000093	  0.000093	  0.999720	
  0.000093	  0.000093	  0.999720	  0.000093	
  0.738489	  0.115540	  0.121790	  0.024180	
  0.235873	  0.353573	  0.143424	  0.267131	

URL http://cisbp.ccbr.utoronto.ca/TFreport.php?versionNumber=2.00&searchTF=T228517_2.00

MOTIF M00869_2.00 (est_cluster_kg.Chr_10__40__3200271:1)_(Arabidopsis_thaliana)_(DBD_0.51)

letter-probability matrix: alength= 4 w= 9 nsites= 1 E= 0
  0.219602	  0.204755	  0.392217	  0.183427	
  0.380662	  0.190931	  0.215274	  0.213132	
  0.402559	  0.170348	  0.203943	  0.223150	
  0.213067	  0.255088	  0.296370	  0.235476	
  0.183535	  0.377060	  0.263066	  0.176338	
  0.120837	  0.030400	  0.102971	  0.745792	
  0.035867	  0.000594	  0.000756	  0.962783	
  0.000182	  0.997905	  0.000117	  0.001796	
  0.043384	  0.361440	  0.287176	  0.307999	

URL http://cisbp.ccbr.utoronto.ca/TFreport.php?versionNumber=2.00&searchTF=T243091_2.00

MOTIF M00873_2.00 (estExt_fgenesh2_pg.C_Chr_100175)_(Arabidopsis_thaliana)_(DBD_0.85)

letter-probability matrix: alength= 4 w= 10 nsites= 1 E= 0
  0.226420	  0.226420	  0.320739	  0.226420	
  0.528872	  0.125806	  0.125806	  0.219517	
  0.999768	  0.000077	  0.000077	  0.000077	
  0.000077	  0.000077	  0.999768	  0.000077	
  0.999768	  0.000077	  0.000077	  0.000077	
  0.000077	  0.000077	  0.000077	  0.999768	
  0.402884	  0.201777	  0.000077	  0.395261	
  0.000077	  0.798068	  0.000077	  0.201777	
  0.023657	  0.023657	  0.724305	  0.228381	
  0.124272	  0.330831	  0.420625	  0.124272	

URL http://cisbp.ccbr.utoronto.ca/TFreport.php?versionNumber=2.00&searchTF=T286710_2.00

MOTIF M00875_2.00 (estExt_fgenesh2_pg.C_Chr_080053)_(Arabidopsis_thaliana)_(DBD_0.80)

letter-probability matrix: alength= 4 w= 9 nsites= 1 E= 0
  0.313607	  0.212330	  0.234661	  0.239401	
  0.480259	  0.124503	  0.161471	  0.233767	
  0.589939	  0.144030	  0.129027	  0.137005	
  0.578989	  0.121666	  0.187033	  0.112312	
  0.200785	  0.043044	  0.102743	  0.653428	
  0.882598	  0.028019	  0.023170	  0.066213	
  0.132783	  0.065938	  0.021730	  0.779549	
  0.084134	  0.806268	  0.057536	  0.052061	
  0.196750	  0.245166	  0.157896	  0.400188	

URL http://cisbp.ccbr.utoronto.ca/TFreport.php?versionNumber=2.00&searchTF=T286709_2.00

MOTIF M00889_2.00 (est_cluster_kg.Chr_05__92__3202834:1)_(Arabidopsis_thaliana)_(DBD_0.26)

letter-probability matrix: alength= 4 w= 12 nsites= 1 E= 0
  0.304734	  0.198088	  0.299091	  0.198088	
  0.764758	  0.078414	  0.078414	  0.078414	
  0.146666	  0.050698	  0.050698	  0.751939	
  0.625315	  0.121356	  0.227065	  0.026263	
  0.903017	  0.096306	  0.000338	  0.000338	
  0.094494	  0.000338	  0.096306	  0.808861	
  0.095431	  0.000338	  0.000338	  0.903893	
  0.904830	  0.094494	  0.000338	  0.000338	
  0.347844	  0.052250	  0.152763	  0.447143	
  0.282790	  0.275625	  0.171924	  0.269661	
  0.199641	  0.297377	  0.303342	  0.199641	
  0.327776	  0.224075	  0.224075	  0.224075	

URL http://cisbp.ccbr.utoronto.ca/TFreport.php?versionNumber=2.00&searchTF=T334451_2.00

MOTIF M00890_2.00 (AZW_EuGene.0200010417)_(Arabidopsis_thaliana)_(DBD_0.50)

letter-probability matrix: alength= 4 w= 8 nsites= 1 E= 0
  0.795635	  0.001984	  0.001984	  0.200397	
  0.996681	  0.001106	  0.001106	  0.001106	
  0.001106	  0.001106	  0.001106	  0.996681	
  0.664823	  0.111726	  0.111726	  0.111726	
  0.775442	  0.001106	  0.001106	  0.222345	
  0.111726	  0.001106	  0.001106	  0.886062	
  0.554204	  0.111726	  0.001106	  0.332965	
  0.996269	  0.001244	  0.001244	  0.001244	

URL http://cisbp.ccbr.utoronto.ca/TFreport.php?versionNumber=2.00&searchTF=T334376_2.00

MOTIF M00982_2.00 (EuGene.1200010296)_(Arabidopsis_thaliana)_(DBD_0.59)

letter-probability matrix: alength= 4 w= 8 nsites= 1 E= 0
  0.250000	  0.261358	  0.204566	  0.284075	
  0.401527	  0.007950	  0.582572	  0.007950	
  0.000061	  0.000061	  0.993683	  0.006195	
  0.000061	  0.006195	  0.000061	  0.993683	
  0.006195	  0.993683	  0.000061	  0.000061	
  0.987549	  0.000061	  0.000061	  0.012328	
  0.886497	  0.000067	  0.100040	  0.013396	
  0.280691	  0.377148	  0.149158	  0.193002	

URL http://cisbp.ccbr.utoronto.ca/TFreport.php?versionNumber=2.00&searchTF=T356139_2.00

MOTIF M01046_2.00 (EuGene.1100010301)_(Arabidopsis_thaliana)_(DBD_0.82)

letter-probability matrix: alength= 4 w= 10 nsites= 1 E= 0
  0.309434	  0.020181	  0.604708	  0.065677	
  0.007062	  0.661645	  0.236212	  0.095081	
  0.207769	  0.559154	  0.109555	  0.123523	
  0.000000	  0.000019	  0.999924	  0.000057	
  0.118261	  0.438296	  0.273936	  0.169507	
  0.223297	  0.594964	  0.029035	  0.152704	
  0.353632	  0.152667	  0.336385	  0.157316	
  0.297425	  0.227048	  0.195422	  0.280104	
  0.311727	  0.245214	  0.192892	  0.250167	
  0.312073	  0.228889	  0.193106	  0.265931	

URL http://cisbp.ccbr.utoronto.ca/TFreport.php?versionNumber=2.00&searchTF=T008244_2.00

MOTIF M01074_2.00 (estExt_fgenesh2_pg.C_Chr_110083)_(Arabidopsis_thaliana)_(DBD_0.80)

letter-probability matrix: alength= 4 w= 10 nsites= 1 E= 0
  0.299179	  0.210828	  0.240097	  0.249896	
  0.364170	  0.180841	  0.205947	  0.249042	
  0.482339	  0.188415	  0.163800	  0.165446	
  0.572881	  0.083153	  0.228304	  0.115663	
  0.290816	  0.033875	  0.106985	  0.568323	
  0.916501	  0.021989	  0.026326	  0.035183	
  0.063251	  0.021696	  0.028706	  0.886347	
  0.015059	  0.890653	  0.049499	  0.044789	
  0.202988	  0.217707	  0.158088	  0.421217	
  0.265880	  0.219872	  0.242996	  0.271251	

URL http://cisbp.ccbr.utoronto.ca/TFreport.php?versionNumber=2.00&searchTF=T286712_2.00

MOTIF M01078_2.00 (EuGene.0300010169)_(Arabidopsis_thaliana)_(DBD_0.92)

letter-probability matrix: alength= 4 w= 10 nsites= 1 E= 0
  0.194581	  0.387940	  0.244900	  0.172578	
  0.116234	  0.224888	  0.028951	  0.629927	
  0.131798	  0.102644	  0.092877	  0.672681	
  0.961631	  0.003891	  0.014420	  0.020058	
  0.017926	  0.036099	  0.014973	  0.931002	
  0.023071	  0.933172	  0.015008	  0.028749	
  0.043208	  0.636520	  0.069132	  0.251141	
  0.412024	  0.101604	  0.281767	  0.204605	
  0.245250	  0.233289	  0.221912	  0.299549	
  0.368215	  0.162173	  0.158962	  0.310650	

URL http://cisbp.ccbr.utoronto.ca/TFreport.php?versionNumber=2.00&searchTF=T287001_2.00

MOTIF M01083_2.00 (EuGene.0500010080)_(Arabidopsis_thaliana)_(DBD_0.66)

letter-probability matrix: alength= 4 w= 8 nsites= 1 E= 0
  0.377310	  0.169842	  0.047246	  0.405602	
  0.353713	  0.000068	  0.598545	  0.047674	
  0.348938	  0.650958	  0.000052	  0.000052	
  0.000051	  0.994719	  0.005178	  0.000051	
  0.000051	  0.984465	  0.000051	  0.015433	
  0.000051	  0.000051	  0.000051	  0.999846	
  0.977365	  0.000056	  0.005673	  0.016906	
  0.398452	  0.090274	  0.443551	  0.067724	

URL http://cisbp.ccbr.utoronto.ca/TFreport.php?versionNumber=2.00&searchTF=T287002_2.00

MOTIF M01087_2.00 (fgenesh2_pg.C_Chr_11000033)_(Arabidopsis_thaliana)_(DBD_0.71)

letter-probability matrix: alength= 4 w= 10 nsites= 1 E= 0
  0.363763	  0.193737	  0.193737	  0.248763	
  0.435854	  0.149502	  0.175442	  0.239202	
  0.435354	  0.080331	  0.180578	  0.303737	
  0.104843	  0.081652	  0.061711	  0.751794	
  0.060645	  0.051679	  0.046295	  0.841381	
  0.003122	  0.533049	  0.072865	  0.390963	
  0.758381	  0.000142	  0.200574	  0.040902	
  0.899183	  0.023138	  0.031547	  0.046131	
  0.830968	  0.038574	  0.063599	  0.066859	
  0.293712	  0.255341	  0.066195	  0.384752	

URL http://cisbp.ccbr.utoronto.ca/TFreport.php?versionNumber=2.00&searchTF=T346058_2.00

MOTIF M01154_2.00 (EuGene.1500010323)_(Cannabis_sativa)_(DBD_0.59)

letter-probability matrix: alength= 4 w= 10 nsites= 1 E= 0
  0.207637	  0.374574	  0.231780	  0.186008	
  0.174524	  0.296505	  0.159503	  0.369468	
  0.179985	  0.219834	  0.344769	  0.255411	
  0.560855	  0.106640	  0.181175	  0.151330	
  0.031341	  0.648673	  0.156793	  0.163192	
  0.116412	  0.109633	  0.711331	  0.062623	
  0.093377	  0.131189	  0.042804	  0.732630	
  0.167926	  0.048595	  0.667488	  0.115992	
  0.074228	  0.124853	  0.458123	  0.342797	
  0.268273	  0.358527	  0.215294	  0.157907	

URL http://cisbp.ccbr.utoronto.ca/TFreport.php?versionNumber=2.00&searchTF=T071744_2.00

MOTIF M01160_2.00 (estExt_fgenesh2_pg.C_Chr_020452)_(Cannabis_sativa)_(DBD_0.66)

letter-probability matrix: alength= 4 w= 10 nsites= 1 E= 0
  0.373896	  0.117211	  0.250630	  0.258263	
  0.132714	  0.167033	  0.272651	  0.427602	
  0.045729	  0.047596	  0.540634	  0.366040	
  0.268831	  0.716289	  0.014645	  0.000236	
  0.016751	  0.942443	  0.001614	  0.039192	
  0.960392	  0.000777	  0.037613	  0.001218	
  0.052931	  0.787600	  0.100383	  0.059086	
  0.088521	  0.064279	  0.831506	  0.015693	
  0.050501	  0.049008	  0.027440	  0.873051	
  0.277511	  0.218298	  0.452985	  0.051206	

URL http://cisbp.ccbr.utoronto.ca/TFreport.php?versionNumber=2.00&searchTF=T071664_2.00

MOTIF M01220_2.00 (EuGene.1100010355)_(Cannabis_sativa)_(DBD_0.76)

letter-probability matrix: alength= 4 w= 7 nsites= 1 E= 0
  0.067389	  0.812792	  0.073735	  0.046084	
  0.050344	  0.000241	  0.329931	  0.619483	
  0.068175	  0.000123	  0.040939	  0.890763	
  0.077471	  0.010590	  0.057968	  0.853971	
  0.327466	  0.135827	  0.085745	  0.450962	
  0.237023	  0.244241	  0.175591	  0.343146	
  0.230791	  0.245062	  0.245062	  0.279084	

URL http://cisbp.ccbr.utoronto.ca/TFreport.php?versionNumber=2.00&searchTF=T171767_2.00

MOTIF M01225_2.00 (EuGene.0100010588)_(Physcomitrella_patens)_(DBD_0.76)

letter-probability matrix: alength= 4 w= 10 nsites= 1 E= 0
  0.190589	  0.347275	  0.407531	  0.054605	
  0.053131	  0.125558	  0.759581	  0.061730	
  0.006389	  0.948224	  0.000029	  0.045358	
  0.045581	  0.000042	  0.924726	  0.029651	
  0.016651	  0.814394	  0.092060	  0.076895	
  0.118839	  0.496592	  0.220913	  0.163656	
  0.407444	  0.259798	  0.072960	  0.259798	
  0.440817	  0.140982	  0.104442	  0.313760	
  0.395676	  0.129101	  0.157685	  0.317538	
  0.315183	  0.176470	  0.156515	  0.351832	

URL http://cisbp.ccbr.utoronto.ca/TFreport.php?versionNumber=2.00&searchTF=T173926_2.00

MOTIF M01254_2.00 (EuGene.1100010071)_(Cannabis_sativa)_(DBD_0.59)

letter-probability matrix: alength= 4 w= 10 nsites= 1 E= 0
  0.293897	  0.185532	  0.217724	  0.302847	
  0.223487	  0.175801	  0.310864	  0.289847	
  0.139416	  0.098245	  0.050778	  0.711561	
  0.025658	  0.028929	  0.929694	  0.015719	
  0.963786	  0.000254	  0.000055	  0.035905	
  0.020795	  0.929539	  0.001015	  0.048652	
  0.542693	  0.106330	  0.253799	  0.097178	
  0.091696	  0.094489	  0.496947	  0.316867	
  0.123305	  0.381710	  0.328541	  0.166444	
  0.222167	  0.209229	  0.159721	  0.408883	

URL http://cisbp.ccbr.utoronto.ca/TFreport.php?versionNumber=2.00&searchTF=T228519_2.00

MOTIF M01283_2.00 (EuGene.0700010469)_(Cannabis_sativa)_(DBD_0.70)

letter-probability matrix: alength= 4 w= 10 nsites= 1 E= 0
  0.384152	  0.148567	  0.196574	  0.270707	
  0.558330	  0.069058	  0.063114	  0.309497	
  0.269366	  0.349349	  0.098108	  0.283177	
  0.960051	  0.005089	  0.020025	  0.014835	
  0.027536	  0.012623	  0.010756	  0.949085	
  0.070529	  0.028963	  0.032656	  0.867852	
  0.041568	  0.904445	  0.014840	  0.039147	
  0.032252	  0.417203	  0.137493	  0.413052	
  0.243880	  0.286196	  0.197685	  0.272238	
  0.180086	  0.274084	  0.164587	  0.381243	

URL http://cisbp.ccbr.utoronto.ca/TFreport.php?versionNumber=2.00&searchTF=T287006_2.00

MOTIF M01288_2.00 (e_gw2.14.322.1)_(Ostreococcus_tauri)_(DBD_0.81)

letter-probability matrix: alength= 4 w= 10 nsites= 1 E= 0
  0.938238	  0.004455	  0.001383	  0.055925	
  0.896547	  0.036182	  0.000013	  0.067259	
  0.032112	  0.915275	  0.000718	  0.051895	
  0.081428	  0.056810	  0.780333	  0.081428	
  0.120891	  0.051156	  0.695678	  0.132275	
  0.287112	  0.196345	  0.088223	  0.428320	
  0.339455	  0.277922	  0.084550	  0.298074	
  0.458872	  0.184707	  0.112030	  0.244391	
  0.239744	  0.298740	  0.141115	  0.320401	
  0.225854	  0.117906	  0.223607	  0.432633	

URL http://cisbp.ccbr.utoronto.ca/TFreport.php?versionNumber=2.00&searchTF=T286700_2.00

MOTIF M01656_2.00 (fgenesh2_pg.C_Chr_07000337)_(Dictyostelium_discoideum)_(DBD_0.33)

letter-probability matrix: alength= 4 w= 10 nsites= 1 E= 0
  0.205322	  0.263638	  0.248285	  0.282754	
  0.351607	  0.137347	  0.245308	  0.265739	
  0.819730	  0.078963	  0.056203	  0.045104	
  0.069060	  0.004978	  0.032621	  0.893341	
  0.187905	  0.378394	  0.098095	  0.335606	
  0.597258	  0.075366	  0.169415	  0.157961	
  0.472036	  0.155564	  0.212099	  0.160301	
  0.412054	  0.160960	  0.228413	  0.198573	
  0.278116	  0.239377	  0.223193	  0.259314	
  0.257464	  0.230645	  0.221601	  0.290290	

URL http://cisbp.ccbr.utoronto.ca/TFreport.php?versionNumber=2.00&searchTF=T016108_2.00

MOTIF M01958_2.00 (EuGene.0800010516)_(Arabidopsis_thaliana)_(DBD_0.68)

letter-probability matrix: alength= 4 w= 10 nsites= 1 E= 0
  0.204326	  0.147169	  0.073602	  0.574904	
  0.200020	  0.025430	  0.297167	  0.477383	
  0.086017	  0.549104	  0.324616	  0.040263	
  0.000073	  0.198451	  0.801475	  0.000000	
  0.000000	  1.000000	  0.000000	  0.000000	
  0.000000	  0.000000	  1.000000	  0.000000	
  0.000000	  0.801475	  0.198451	  0.000073	
  0.040263	  0.324616	  0.549104	  0.086017	
  0.477383	  0.297167	  0.025430	  0.200020	
  0.574904	  0.073602	  0.147169	  0.204326	

URL http://cisbp.ccbr.utoronto.ca/TFreport.php?versionNumber=2.00&searchTF=T173927_2.00

MOTIF M02018_2.00 (estExt_fgenesh2_pg.C_Chr_040222)_(Ostreococcus_tauri)_(DBD_0.92)

letter-probability matrix: alength= 4 w= 8 nsites= 1 E= 0
  0.278095	  0.275328	  0.199929	  0.246648	
  0.251817	  0.249311	  0.223341	  0.275531	
  0.340194	  0.242140	  0.170633	  0.247032	
  0.055050	  0.124991	  0.644352	  0.175606	
  0.961705	  0.000618	  0.001490	  0.036187	
  0.097122	  0.071950	  0.029843	  0.801085	
  0.119255	  0.665982	  0.061637	  0.153126	
  0.256866	  0.163785	  0.283881	  0.295467	

URL http://cisbp.ccbr.utoronto.ca/TFreport.php?versionNumber=2.00&searchTF=T196504_2.00

MOTIF M02227_2.00 (fgenesh2_pg.C_Chr_14000170)_(Oikopleura_dioica)_(DBD_0.47)

letter-probability matrix: alength= 4 w= 8 nsites= 1 E= 0
  0.308789	  0.191211	  0.250000	  0.250000	
  0.009525	  0.037816	  0.000094	  0.952565	
  0.000083	  0.000083	  0.999752	  0.000083	
  0.958784	  0.000082	  0.000082	  0.041052	
  0.000082	  0.999754	  0.000082	  0.000082	
  0.950590	  0.000082	  0.049246	  0.000082	
  0.074832	  0.056147	  0.635370	  0.233651	
  0.132587	  0.277095	  0.397519	  0.192799	

URL http://cisbp.ccbr.utoronto.ca/TFreport.php?versionNumber=2.00&searchTF=T228583_2.00

MOTIF M02364_2.00 (AZW_PierreAnnot2.00051)_(Ostreococcus_tauri)_(DBD_0.98)

letter-probability matrix: alength= 4 w= 9 nsites= 1 E= 0
  0.296166	  0.221610	  0.170873	  0.311351	
  0.443491	  0.074789	  0.114971	  0.366749	
  0.558136	  0.026698	  0.258424	  0.156742	
  0.466160	  0.510060	  0.000338	  0.023442	
  0.031326	  0.967229	  0.000400	  0.001045	
  0.077813	  0.883869	  0.037876	  0.000442	
  0.006183	  0.287663	  0.026359	  0.679795	
  0.508974	  0.176337	  0.140106	  0.174583	
  0.273515	  0.210894	  0.334072	  0.181518	

URL http://cisbp.ccbr.utoronto.ca/TFreport.php?versionNumber=2.00&searchTF=T285646_2.00

MOTIF M02647_2.00 (EuGene.0400010262)_(Arabidopsis_thaliana)_(DBD_0.68)

letter-probability matrix: alength= 4 w= 21 nsites= 1 E= 0
  0.176471	  0.117647	  0.352941	  0.352941	
  0.147059	  0.205882	  0.382353	  0.264706	
  0.235294	  0.000000	  0.705882	  0.058824	
  0.000000	  0.941176	  0.000000	  0.058824	
  0.911765	  0.000000	  0.058824	  0.029412	
  0.000000	  1.000000	  0.000000	  0.000000	
  0.617647	  0.000000	  0.382353	  0.000000	
  0.235294	  0.176471	  0.441176	  0.147059	
  0.441176	  0.029412	  0.029412	  0.500000	
  0.000000	  0.088235	  0.000000	  0.911765	
  0.117647	  0.735294	  0.000000	  0.147059	
  0.000000	  1.000000	  0.000000	  0.000000	
  0.000000	  0.970588	  0.000000	  0.029412	
  0.264706	  0.323529	  0.382353	  0.029412	
  1.000000	  0.000000	  0.000000	  0.000000	
  0.205882	  0.029412	  0.470588	  0.294118	
  0.088235	  0.029412	  0.852941	  0.029412	
  0.058824	  0.294118	  0.088235	  0.558824	
  0.235294	  0.176471	  0.411765	  0.176471	
  0.352941	  0.294118	  0.117647	  0.235294	
  0.558824	  0.117647	  0.088235	  0.235294	

URL http://cisbp.ccbr.utoronto.ca/TFreport.php?versionNumber=2.00&searchTF=T008242_2.00

MOTIF M02698_2.00 (e_gw2.01.888.1)_(Arabidopsis_thaliana)_(DBD_0.96)

letter-probability matrix: alength= 4 w= 11 nsites= 1 E= 0
  0.140000	  0.450000	  0.230000	  0.180000	
  0.160000	  0.270000	  0.550000	  0.020000	
  0.000000	  0.919192	  0.040404	  0.040404	
  0.000000	  0.050000	  0.930000	  0.020000	
  0.040404	  0.939394	  0.000000	  0.020202	
  0.040404	  0.020202	  0.020202	  0.919192	
  0.080808	  0.000000	  0.858586	  0.060606	
  0.960000	  0.000000	  0.020000	  0.020000	
  0.040000	  0.040000	  0.920000	  0.000000	
  0.020000	  0.550000	  0.260000	  0.170000	
  0.151515	  0.323232	  0.242424	  0.282828	

URL http://cisbp.ccbr.utoronto.ca/TFreport.php?versionNumber=2.00&searchTF=T286697_2.00

MOTIF M02720_2.00 (EuGene.1300010342)_(Pisum_sativum)_(DBD_0.38)

letter-probability matrix: alength= 4 w= 9 nsites= 1 E= 0
  0.000000	  0.384615	  0.615385	  0.000000	
  0.000000	  0.000000	  0.230769	  0.769231	
  0.000000	  0.307692	  0.000000	  0.692308	
  0.000000	  0.153846	  0.769231	  0.076923	
  0.000000	  0.076923	  0.000000	  0.923077	
  0.461538	  0.076923	  0.230769	  0.230769	
  0.230769	  0.384615	  0.000000	  0.384615	
  0.000000	  0.076923	  0.153846	  0.769231	
  0.000000	  0.615385	  0.076923	  0.307692	

URL http://cisbp.ccbr.utoronto.ca/TFreport.php?versionNumber=2.00&searchTF=T334484_2.00

MOTIF M07979_2.00 (EuGene.1600010231)_(Homo_sapiens)_(DBD_0.90)

letter-probability matrix: alength= 4 w= 15 nsites= 1 E= 0
  0.310573	  0.154185	  0.306167	  0.229075	
  0.310573	  0.105727	  0.270925	  0.312775	
  0.160793	  0.101322	  0.385463	  0.352423	
  0.149780	  0.640969	  0.057269	  0.151982	
  0.000000	  0.506608	  0.000000	  0.493392	
  0.711454	  0.129956	  0.024229	  0.134361	
  0.704846	  0.019824	  0.114537	  0.160793	
  0.938326	  0.000000	  0.044053	  0.017621	
  0.905286	  0.004405	  0.002203	  0.088106	
  0.925110	  0.000000	  0.000000	  0.074890	
  0.033040	  0.000000	  0.000000	  0.966960	
  0.958150	  0.000000	  0.041850	  0.000000	
  0.209251	  0.052863	  0.702644	  0.035242	
  0.416300	  0.354626	  0.090308	  0.138767	
  0.387665	  0.262115	  0.070485	  0.279736	

URL http://cisbp.ccbr.utoronto.ca/TFreport.php?versionNumber=2.00&searchTF=T258024_2.00

MOTIF M08108_2.00 (fgenesh2_pg.C_Chr_02000142)_(Homo_sapiens)_(DBD_0.87)

letter-probability matrix: alength= 4 w= 11 nsites= 1 E= 0
  0.204783	  0.244644	  0.387145	  0.163428	
  0.131041	  0.340807	  0.468361	  0.059791	
  0.023916	  0.035376	  0.927753	  0.012955	
  0.013951	  0.939711	  0.010962	  0.035376	
  0.006976	  0.026906	  0.962631	  0.003488	
  0.017937	  0.039860	  0.929248	  0.012955	
  0.013453	  0.015944	  0.956153	  0.014449	
  0.924265	  0.011958	  0.048829	  0.014948	
  0.819631	  0.084704	  0.068261	  0.027404	
  0.231689	  0.322372	  0.322870	  0.123069	
  0.189836	  0.300947	  0.322870	  0.186348	

URL http://cisbp.ccbr.utoronto.ca/TFreport.php?versionNumber=2.00&searchTF=T173935_2.00

MOTIF M08407_2.00 (EuGene.0200010492)_(Arabidopsis_thaliana)_(DBD_0.66)

letter-probability matrix: alength= 4 w= 16 nsites= 1 E= 0
  0.321875	  0.187500	  0.212500	  0.278125	
  0.337500	  0.175000	  0.193750	  0.293750	
  0.162500	  0.171875	  0.093750	  0.571875	
  0.028125	  0.025000	  0.871875	  0.075000	
  0.468750	  0.515625	  0.003125	  0.012500	
  0.000000	  0.990625	  0.003125	  0.006250	
  0.968750	  0.003125	  0.028125	  0.000000	
  0.009375	  0.971875	  0.015625	  0.003125	
  0.003125	  0.015625	  0.971875	  0.009375	
  0.000000	  0.028125	  0.003125	  0.968750	
  0.006250	  0.003125	  0.990625	  0.000000	
  0.012500	  0.003125	  0.515625	  0.468750	
  0.075000	  0.871875	  0.025000	  0.028125	
  0.571875	  0.093750	  0.171875	  0.162500	
  0.293750	  0.193750	  0.175000	  0.337500	
  0.278125	  0.212500	  0.187500	  0.321875	

URL http://cisbp.ccbr.utoronto.ca/TFreport.php?versionNumber=2.00&searchTF=T071738_2.00

