MEME version 4

ALPHABET= ACGT

strands: + -

Background letter frequencies (from uniform background):
A 0.25000 C 0.25000 G 0.25000 T 0.25000 

MOTIF M00051_2.00 (E5Q_04608)_(Saccharomyces_cerevisiae)_(DBD_0.71)

letter-probability matrix: alength= 4 w= 8 nsites= 1 E= 0
  0.270248	  0.432235	  0.000270	  0.297246	
  0.000196	  0.000196	  0.999412	  0.000196	
  0.999424	  0.000192	  0.000192	  0.000192	
  0.000192	  0.000192	  0.000192	  0.999424	
  0.980208	  0.000192	  0.019408	  0.000192	
  0.940635	  0.000196	  0.000196	  0.058973	
  0.022934	  0.113760	  0.840372	  0.022934	
  0.344697	  0.241391	  0.241391	  0.172521	

URL http://cisbp.ccbr.utoronto.ca/TFreport.php?versionNumber=2.00&searchTF=T192524_2.00

MOTIF M00061_2.00 (E5Q_04392)_(Saccharomyces_cerevisiae)_(DBD_0.60)

letter-probability matrix: alength= 4 w= 8 nsites= 1 E= 0
  0.726984	  0.045578	  0.075863	  0.151575	
  0.056906	  0.193208	  0.068264	  0.681622	
  0.064288	  0.064288	  0.871332	  0.000092	
  0.000090	  0.000090	  0.999730	  0.000090	
  0.000090	  0.972713	  0.027107	  0.000090	
  0.000090	  0.963707	  0.009096	  0.027107	
  0.586810	  0.119622	  0.293459	  0.000109	
  0.142918	  0.057253	  0.742576	  0.057253	

URL http://cisbp.ccbr.utoronto.ca/TFreport.php?versionNumber=2.00&searchTF=T240071_2.00

MOTIF M00070_2.00 (E5Q_00699)_(Saccharomyces_cerevisiae)_(DBD_0.39)

letter-probability matrix: alength= 4 w= 11 nsites= 1 E= 0
  0.268573	  0.272224	  0.178881	  0.280322	
  0.509793	  0.098806	  0.292595	  0.098806	
  0.848016	  0.050661	  0.050661	  0.050661	
  0.999893	  0.000036	  0.000036	  0.000036	
  0.000036	  0.903786	  0.000036	  0.096142	
  0.903786	  0.000036	  0.000036	  0.096142	
  0.999893	  0.000036	  0.000036	  0.000036	
  0.000036	  0.000036	  0.000036	  0.999893	
  0.591260	  0.071155	  0.071155	  0.266431	
  0.345743	  0.151230	  0.257625	  0.245401	
  0.199374	  0.199374	  0.199374	  0.401877	

URL http://cisbp.ccbr.utoronto.ca/TFreport.php?versionNumber=2.00&searchTF=T327392_2.00

MOTIF M00188_2.00 (E5Q_03025)_(Mus_musculus)_(DBD_0.44)

letter-probability matrix: alength= 4 w= 10 nsites= 1 E= 0
  0.104605	  0.584172	  0.194454	  0.116769	
  0.266268	  0.282733	  0.156727	  0.294272	
  0.098718	  0.112423	  0.073867	  0.714991	
  0.512814	  0.101485	  0.365006	  0.020695	
  0.255170	  0.103744	  0.573599	  0.067487	
  0.184311	  0.457887	  0.038345	  0.319457	
  0.484397	  0.018971	  0.233435	  0.263197	
  0.869982	  0.053972	  0.047869	  0.028176	
  0.021911	  0.904128	  0.002656	  0.071305	
  0.236202	  0.300271	  0.335186	  0.128340	

URL http://cisbp.ccbr.utoronto.ca/TFreport.php?versionNumber=2.00&searchTF=T318107_2.00

MOTIF M00684_2.00 (E5Q_01535)_(Caenorhabditis_elegans)_(DBD_0.77)

letter-probability matrix: alength= 4 w= 9 nsites= 1 E= 0
  0.033608	  0.800117	  0.012613	  0.153662	
  0.338473	  0.233795	  0.124517	  0.303215	
  0.334103	  0.034517	  0.058058	  0.573322	
  0.679324	  0.064787	  0.114560	  0.141330	
  0.153309	  0.129342	  0.070278	  0.647071	
  0.690491	  0.037241	  0.035424	  0.236844	
  0.396764	  0.085059	  0.151918	  0.366259	
  0.161616	  0.019990	  0.800487	  0.017908	
  0.000020	  0.000025	  0.999712	  0.000244	

URL http://cisbp.ccbr.utoronto.ca/TFreport.php?versionNumber=2.00&searchTF=T253555_2.00

MOTIF M00869_2.00 (E5Q_01913)_(Arabidopsis_thaliana)_(DBD_0.53)

letter-probability matrix: alength= 4 w= 9 nsites= 1 E= 0
  0.219602	  0.204755	  0.392217	  0.183427	
  0.380662	  0.190931	  0.215274	  0.213132	
  0.402559	  0.170348	  0.203943	  0.223150	
  0.213067	  0.255088	  0.296370	  0.235476	
  0.183535	  0.377060	  0.263066	  0.176338	
  0.120837	  0.030400	  0.102971	  0.745792	
  0.035867	  0.000594	  0.000756	  0.962783	
  0.000182	  0.997905	  0.000117	  0.001796	
  0.043384	  0.361440	  0.287176	  0.307999	

URL http://cisbp.ccbr.utoronto.ca/TFreport.php?versionNumber=2.00&searchTF=T240068_2.00

MOTIF M00889_2.00 (E5Q_04235)_(Arabidopsis_thaliana)_(DBD_0.35)

letter-probability matrix: alength= 4 w= 12 nsites= 1 E= 0
  0.304734	  0.198088	  0.299091	  0.198088	
  0.764758	  0.078414	  0.078414	  0.078414	
  0.146666	  0.050698	  0.050698	  0.751939	
  0.625315	  0.121356	  0.227065	  0.026263	
  0.903017	  0.096306	  0.000338	  0.000338	
  0.094494	  0.000338	  0.096306	  0.808861	
  0.095431	  0.000338	  0.000338	  0.903893	
  0.904830	  0.094494	  0.000338	  0.000338	
  0.347844	  0.052250	  0.152763	  0.447143	
  0.282790	  0.275625	  0.171924	  0.269661	
  0.199641	  0.297377	  0.303342	  0.199641	
  0.327776	  0.224075	  0.224075	  0.224075	

URL http://cisbp.ccbr.utoronto.ca/TFreport.php?versionNumber=2.00&searchTF=T327396_2.00

MOTIF M01102_2.00 (E5Q_04953)_(PBM_CONSTRUCTS)_(DBD_0.80)

letter-probability matrix: alength= 4 w= 8 nsites= 1 E= 0
  0.520400	  0.150739	  0.150739	  0.178122	
  0.168349	  0.386085	  0.237629	  0.207937	
  0.828862	  0.000085	  0.162423	  0.008630	
  0.000085	  0.999744	  0.000085	  0.000085	
  0.000085	  0.000085	  0.982656	  0.017174	
  0.008630	  0.957023	  0.000085	  0.034262	
  0.008630	  0.017174	  0.965567	  0.008630	
  0.562344	  0.150050	  0.000125	  0.287481	

URL http://cisbp.ccbr.utoronto.ca/TFreport.php?versionNumber=2.00&searchTF=T011873_2.00

MOTIF M01147_2.00 (E5Q_04894)_(Neurospora_crassa)_(DBD_0.64)

letter-probability matrix: alength= 4 w= 10 nsites= 1 E= 0
  0.256344	  0.201648	  0.261523	  0.280485	
  0.466416	  0.147685	  0.263770	  0.122129	
  0.056276	  0.045162	  0.000477	  0.898085	
  0.076513	  0.037995	  0.643848	  0.241643	
  0.796372	  0.031502	  0.085633	  0.086493	
  0.072044	  0.711432	  0.042832	  0.173691	
  0.178754	  0.047276	  0.689532	  0.084438	
  0.163925	  0.196254	  0.078997	  0.560825	
  0.373050	  0.284779	  0.165954	  0.176216	
  0.318316	  0.178225	  0.258022	  0.245438	

URL http://cisbp.ccbr.utoronto.ca/TFreport.php?versionNumber=2.00&searchTF=T058768_2.00

MOTIF M01198_2.00 (E5Q_06732)_(Neurospora_crassa)_(DBD_0.80)

letter-probability matrix: alength= 4 w= 8 nsites= 1 E= 0
  0.008032	  0.985829	  0.000534	  0.005604	
  0.000361	  0.758996	  0.000317	  0.240326	
  0.065429	  0.872155	  0.039290	  0.023126	
  0.000001	  0.999660	  0.000134	  0.000205	
  0.499172	  0.000032	  0.489288	  0.011507	
  0.139979	  0.376715	  0.252520	  0.230786	
  0.284498	  0.230610	  0.244870	  0.240021	
  0.280918	  0.298289	  0.261926	  0.158866	

URL http://cisbp.ccbr.utoronto.ca/TFreport.php?versionNumber=2.00&searchTF=T085641_2.00

MOTIF M01558_2.00 (E5Q_02524)_(Saccharomyces_cerevisiae)_(DBD_0.81)

letter-probability matrix: alength= 4 w= 10 nsites= 1 E= 0
  0.112022	  0.583295	  0.081344	  0.223339	
  0.214189	  0.229719	  0.346145	  0.209947	
  0.417547	  0.152079	  0.229155	  0.201220	
  0.584466	  0.060382	  0.129114	  0.226037	
  0.385008	  0.091219	  0.093997	  0.429776	
  0.301324	  0.230024	  0.179143	  0.289509	
  0.257339	  0.273252	  0.284403	  0.185007	
  0.278132	  0.034747	  0.644255	  0.042867	
  0.109929	  0.000794	  0.742363	  0.146913	
  0.392464	  0.185387	  0.181716	  0.240434	

URL http://cisbp.ccbr.utoronto.ca/TFreport.php?versionNumber=2.00&searchTF=T253556_2.00

MOTIF M01565_2.00 (E5Q_00406)_(Saccharomyces_cerevisiae)_(DBD_0.48)

letter-probability matrix: alength= 4 w= 10 nsites= 1 E= 0
  0.275621	  0.196179	  0.184754	  0.343445	
  0.239066	  0.197698	  0.157078	  0.406158	
  0.351405	  0.065493	  0.118148	  0.464954	
  0.275882	  0.145470	  0.109944	  0.468704	
  0.465587	  0.103886	  0.064283	  0.366244	
  0.343551	  0.084719	  0.502369	  0.069362	
  0.039893	  0.339069	  0.050714	  0.570324	
  0.299986	  0.072511	  0.434301	  0.193202	
  0.212492	  0.210378	  0.364638	  0.212492	
  0.183038	  0.221338	  0.419764	  0.175861	

URL http://cisbp.ccbr.utoronto.ca/TFreport.php?versionNumber=2.00&searchTF=T327391_2.00

MOTIF M01567_2.00 (E5Q_00411)_(Saccharomyces_cerevisiae)_(DBD_0.92)

letter-probability matrix: alength= 4 w= 7 nsites= 1 E= 0
  0.315311	  0.189343	  0.207174	  0.288172	
  0.345705	  0.141966	  0.211788	  0.300541	
  0.271982	  0.110580	  0.155359	  0.462079	
  0.583542	  0.000869	  0.110954	  0.304636	
  0.219565	  0.006434	  0.188981	  0.585020	
  0.934996	  0.000354	  0.051964	  0.012687	
  0.422777	  0.000471	  0.095282	  0.481470	

URL http://cisbp.ccbr.utoronto.ca/TFreport.php?versionNumber=2.00&searchTF=T342245_2.00

MOTIF M01835_2.00 (E5Q_01003)_(Neurospora_crassa)_(DBD_0.52)

letter-probability matrix: alength= 4 w= 11 nsites= 1 E= 0
  0.227977	  0.227977	  0.316068	  0.227977	
  0.575603	  0.108023	  0.208350	  0.108023	
  0.833557	  0.055481	  0.055481	  0.055481	
  0.000201	  0.000201	  0.089004	  0.910593	
  0.188309	  0.089004	  0.722485	  0.000201	
  0.906520	  0.000201	  0.000201	  0.093078	
  0.183108	  0.539578	  0.089004	  0.188309	
  0.277113	  0.000201	  0.539578	  0.183108	
  0.393952	  0.022224	  0.022224	  0.561601	
  0.236961	  0.363298	  0.257563	  0.142178	
  0.415840	  0.194720	  0.194720	  0.194720	

URL http://cisbp.ccbr.utoronto.ca/TFreport.php?versionNumber=2.00&searchTF=T058764_2.00

MOTIF M01992_2.00 (E5Q_02301)_(Neurospora_crassa)_(DBD_0.54)

letter-probability matrix: alength= 4 w= 8 nsites= 1 E= 0
  0.570513	  0.071937	  0.356838	  0.000712	
  0.059272	  0.000587	  0.000587	  0.939554	
  0.939554	  0.059272	  0.000587	  0.000587	
  0.998239	  0.000587	  0.000587	  0.000587	
  0.998239	  0.000587	  0.000587	  0.000587	
  0.000587	  0.880869	  0.000587	  0.117958	
  0.998239	  0.000587	  0.000587	  0.000587	
  0.499004	  0.200199	  0.000996	  0.299801	

URL http://cisbp.ccbr.utoronto.ca/TFreport.php?versionNumber=2.00&searchTF=T185046_2.00

MOTIF M02016_2.00 (E5Q_06636)_(Neurospora_crassa)_(DBD_0.75)

letter-probability matrix: alength= 4 w= 9 nsites= 1 E= 0
  0.238290	  0.282447	  0.248015	  0.231248	
  0.249185	  0.272652	  0.259355	  0.218808	
  0.236587	  0.439798	  0.109543	  0.214073	
  0.059758	  0.068055	  0.757717	  0.114470	
  0.902683	  0.000129	  0.000123	  0.097064	
  0.048477	  0.051992	  0.000705	  0.898826	
  0.141843	  0.359503	  0.271706	  0.226948	
  0.208434	  0.289925	  0.254582	  0.247058	
  0.248381	  0.255945	  0.266390	  0.229284	

URL http://cisbp.ccbr.utoronto.ca/TFreport.php?versionNumber=2.00&searchTF=T192526_2.00

MOTIF M02055_2.00 (E5Q_03771)_(Encephalitozoon_cuniculi)_(DBD_0.63)

letter-probability matrix: alength= 4 w= 9 nsites= 1 E= 0
  0.259454	  0.234764	  0.210309	  0.295473	
  0.174519	  0.228614	  0.282036	  0.314831	
  0.058202	  0.248121	  0.089471	  0.604206	
  0.740913	  0.151091	  0.033713	  0.074283	
  0.897687	  0.051926	  0.014877	  0.035510	
  0.000090	  0.021879	  0.000025	  0.978006	
  0.271104	  0.088456	  0.049033	  0.591406	
  0.383479	  0.034788	  0.026557	  0.555176	
  0.666246	  0.107949	  0.156282	  0.069523	

URL http://cisbp.ccbr.utoronto.ca/TFreport.php?versionNumber=2.00&searchTF=T206500_2.00

MOTIF M02143_2.00 (E5Q_01806)_(Nematostella_vectensis)_(DBD_0.40)

letter-probability matrix: alength= 4 w= 8 nsites= 1 E= 0
  0.197481	  0.283055	  0.203495	  0.315968	
  0.159614	  0.085009	  0.054204	  0.701174	
  0.623566	  0.079476	  0.133681	  0.163278	
  0.868297	  0.028404	  0.061346	  0.041952	
  0.031540	  0.074534	  0.072331	  0.821596	
  0.168804	  0.101366	  0.116599	  0.613230	
  0.357886	  0.081468	  0.441516	  0.119130	
  0.262360	  0.221344	  0.336877	  0.179418	

URL http://cisbp.ccbr.utoronto.ca/TFreport.php?versionNumber=2.00&searchTF=T206499_2.00

MOTIF M02698_2.00 (E5Q_01388)_(Arabidopsis_thaliana)_(DBD_0.86)

letter-probability matrix: alength= 4 w= 11 nsites= 1 E= 0
  0.140000	  0.450000	  0.230000	  0.180000	
  0.160000	  0.270000	  0.550000	  0.020000	
  0.000000	  0.919192	  0.040404	  0.040404	
  0.000000	  0.050000	  0.930000	  0.020000	
  0.040404	  0.939394	  0.000000	  0.020202	
  0.040404	  0.020202	  0.020202	  0.919192	
  0.080808	  0.000000	  0.858586	  0.060606	
  0.960000	  0.000000	  0.020000	  0.020000	
  0.040000	  0.040000	  0.920000	  0.000000	
  0.020000	  0.550000	  0.260000	  0.170000	
  0.151515	  0.323232	  0.242424	  0.282828	

URL http://cisbp.ccbr.utoronto.ca/TFreport.php?versionNumber=2.00&searchTF=T269092_2.00

MOTIF M03908_2.00 (E5Q_05471)_(Drosophila_melanogaster)_(DBD_0.49)

letter-probability matrix: alength= 4 w= 17 nsites= 1 E= 0
  0.123045	  0.241919	  0.234619	  0.400417	
  0.260688	  0.220021	  0.506778	  0.012513	
  0.011033	  0.013039	  0.961886	  0.014042	
  0.963819	  0.008040	  0.010050	  0.018090	
  0.909867	  0.009488	  0.010436	  0.070209	
  0.157372	  0.237713	  0.151701	  0.453214	
  0.242340	  0.087047	  0.667827	  0.002786	
  0.051456	  0.017476	  0.000000	  0.931068	
  0.020649	  0.005900	  0.030482	  0.942970	
  0.000000	  0.985612	  0.008222	  0.006166	
  0.000000	  0.040854	  0.068709	  0.890436	
  0.402221	  0.273905	  0.318322	  0.005552	
  0.000000	  0.025278	  0.969666	  0.005056	
  0.913333	  0.021905	  0.011429	  0.053333	
  0.766587	  0.023981	  0.029576	  0.179856	
  0.170833	  0.329167	  0.308333	  0.191667	
  0.213542	  0.238542	  0.339583	  0.208333	

URL http://cisbp.ccbr.utoronto.ca/TFreport.php?versionNumber=2.00&searchTF=T240073_2.00

MOTIF M06947_2.00 (E5Q_06685)_(Arabidopsis_thaliana)_(DBD_0.43)

letter-probability matrix: alength= 4 w= 19 nsites= 1 E= 0
  0.227045	  0.200334	  0.140234	  0.432387	
  0.237062	  0.315526	  0.198664	  0.248748	
  0.285476	  0.203673	  0.171953	  0.338898	
  0.540902	  0.093489	  0.235392	  0.130217	
  0.153589	  0.071786	  0.689483	  0.085142	
  0.796328	  0.075125	  0.078464	  0.050083	
  0.804674	  0.028381	  0.045075	  0.121870	
  0.121870	  0.188648	  0.482471	  0.207012	
  0.106845	  0.575960	  0.185309	  0.131886	
  0.096828	  0.018364	  0.016694	  0.868114	
  0.008347	  0.005008	  0.000000	  0.986645	
  0.003339	  0.988314	  0.000000	  0.008347	
  0.005008	  0.073456	  0.028381	  0.893155	
  0.896494	  0.006678	  0.090150	  0.006678	
  0.010017	  0.008347	  0.969950	  0.011686	
  0.984975	  0.000000	  0.008347	  0.006678	
  0.853089	  0.035058	  0.028381	  0.083472	
  0.195326	  0.135225	  0.542571	  0.126878	
  0.330551	  0.375626	  0.160267	  0.133556	

URL http://cisbp.ccbr.utoronto.ca/TFreport.php?versionNumber=2.00&searchTF=T240076_2.00

