MEME version 4

ALPHABET= ACGT

strands: + -

Background letter frequencies (from uniform background):
A 0.25000 C 0.25000 G 0.25000 T 0.25000 

MOTIF M00070_2.00 (fgenesh1_pg.scaffold_41000062)_(Saccharomyces_cerevisiae)_(DBD_0.36)

letter-probability matrix: alength= 4 w= 11 nsites= 1 E= 0
  0.268573	  0.272224	  0.178881	  0.280322	
  0.509793	  0.098806	  0.292595	  0.098806	
  0.848016	  0.050661	  0.050661	  0.050661	
  0.999893	  0.000036	  0.000036	  0.000036	
  0.000036	  0.903786	  0.000036	  0.096142	
  0.903786	  0.000036	  0.000036	  0.096142	
  0.999893	  0.000036	  0.000036	  0.000036	
  0.000036	  0.000036	  0.000036	  0.999893	
  0.591260	  0.071155	  0.071155	  0.266431	
  0.345743	  0.151230	  0.257625	  0.245401	
  0.199374	  0.199374	  0.199374	  0.401877	

URL http://cisbp.ccbr.utoronto.ca/TFreport.php?versionNumber=2.00&searchTF=T334125_2.00

MOTIF M00153_2.00 (fgenesh1_pg.scaffold_11000130)_(Mus_musculus)_(DBD_0.58)

letter-probability matrix: alength= 4 w= 10 nsites= 1 E= 0
  0.328844	  0.158473	  0.193559	  0.319125	
  0.340062	  0.138259	  0.138259	  0.383419	
  0.250781	  0.152106	  0.248285	  0.348828	
  0.146662	  0.212328	  0.477294	  0.163716	
  0.049148	  0.109382	  0.841214	  0.000255	
  0.098666	  0.881603	  0.000009	  0.019722	
  0.001228	  0.000013	  0.977948	  0.020810	
  0.022581	  0.624590	  0.326064	  0.026765	
  0.135566	  0.284138	  0.361210	  0.219085	
  0.234821	  0.292605	  0.182879	  0.289694	

URL http://cisbp.ccbr.utoronto.ca/TFreport.php?versionNumber=2.00&searchTF=T173835_2.00

MOTIF M00186_2.00 (fgenesh2_pg.scaffold_3000303)_(Mus_musculus)_(DBD_0.61)

letter-probability matrix: alength= 4 w= 10 nsites= 1 E= 0
  0.071969	  0.027556	  0.876757	  0.023718	
  0.043751	  0.062085	  0.082972	  0.811192	
  0.263828	  0.195449	  0.035350	  0.505373	
  0.277657	  0.050219	  0.476462	  0.195662	
  0.040535	  0.621518	  0.064210	  0.273736	
  0.027735	  0.451560	  0.091168	  0.429537	
  0.579359	  0.135900	  0.150193	  0.134548	
  0.268595	  0.156524	  0.265923	  0.308958	
  0.108591	  0.168610	  0.656936	  0.065864	
  0.169606	  0.263349	  0.369991	  0.197054	

URL http://cisbp.ccbr.utoronto.ca/TFreport.php?versionNumber=2.00&searchTF=T319040_2.00

MOTIF M00195_2.00 (fgenesh1_pg.scaffold_35000054)_(Mus_musculus)_(DBD_0.51)

letter-probability matrix: alength= 4 w= 10 nsites= 1 E= 0
  0.279067	  0.181426	  0.181426	  0.358081	
  0.289551	  0.189085	  0.212315	  0.309049	
  0.000105	  0.000105	  0.000105	  0.999685	
  0.000105	  0.000105	  0.999685	  0.000105	
  0.000105	  0.999685	  0.000105	  0.000105	
  0.000105	  0.000105	  0.000105	  0.999685	
  0.000105	  0.000105	  0.999685	  0.000105	
  0.999685	  0.000105	  0.000105	  0.000105	
  0.068679	  0.613130	  0.162332	  0.155859	
  0.241038	  0.147190	  0.147190	  0.464583	

URL http://cisbp.ccbr.utoronto.ca/TFreport.php?versionNumber=2.00&searchTF=T334123_2.00

MOTIF M00709_2.00 (estExt_fgenesh2_pg.C_390014)_(Caenorhabditis_elegans)_(DBD_0.70)

letter-probability matrix: alength= 4 w= 10 nsites= 1 E= 0
  0.024359	  0.344783	  0.489270	  0.141587	
  0.001539	  0.003099	  0.993346	  0.002016	
  0.000668	  0.000452	  0.000227	  0.998653	
  0.160313	  0.168532	  0.001255	  0.669900	
  0.235732	  0.003829	  0.701133	  0.059305	
  0.005979	  0.827350	  0.002939	  0.163732	
  0.003918	  0.189727	  0.029241	  0.777114	
  0.959730	  0.009085	  0.023966	  0.007219	
  0.255327	  0.111335	  0.308754	  0.324584	
  0.006985	  0.084248	  0.883392	  0.025375	

URL http://cisbp.ccbr.utoronto.ca/TFreport.php?versionNumber=2.00&searchTF=T319034_2.00

MOTIF M01021_2.00 FoxN1_fragment

letter-probability matrix: alength= 4 w= 10 nsites= 1 E= 0
  0.337537	  0.217386	  0.165948	  0.279129	
  0.187347	  0.263212	  0.308883	  0.240558	
  0.176940	  0.495621	  0.119798	  0.207641	
  0.156513	  0.001314	  0.767499	  0.074674	
  0.091020	  0.728565	  0.004311	  0.176104	
  0.303135	  0.001706	  0.616574	  0.078585	
  0.155344	  0.056016	  0.019214	  0.769425	
  0.138108	  0.402636	  0.259313	  0.199943	
  0.312041	  0.224334	  0.260639	  0.202986	
  0.227042	  0.282911	  0.189641	  0.300406	

URL http://cisbp.ccbr.utoronto.ca/TFreport.php?versionNumber=2.00&searchTF=T189347_2.00

MOTIF M01147_2.00 (estExt_fgenesh1_pg.C_150134)_(Neurospora_crassa)_(DBD_0.48)

letter-probability matrix: alength= 4 w= 10 nsites= 1 E= 0
  0.256344	  0.201648	  0.261523	  0.280485	
  0.466416	  0.147685	  0.263770	  0.122129	
  0.056276	  0.045162	  0.000477	  0.898085	
  0.076513	  0.037995	  0.643848	  0.241643	
  0.796372	  0.031502	  0.085633	  0.086493	
  0.072044	  0.711432	  0.042832	  0.173691	
  0.178754	  0.047276	  0.689532	  0.084438	
  0.163925	  0.196254	  0.078997	  0.560825	
  0.373050	  0.284779	  0.165954	  0.176216	
  0.318316	  0.178225	  0.258022	  0.245438	

URL http://cisbp.ccbr.utoronto.ca/TFreport.php?versionNumber=2.00&searchTF=T070772_2.00

MOTIF M01319_2.00 (fgenesh2_pg.scaffold_33000054)_(Arabidopsis_thaliana)_(DBD_0.60)

letter-probability matrix: alength= 4 w= 8 nsites= 1 E= 0
  0.158993	  0.167145	  0.151239	  0.522623	
  0.178907	  0.147949	  0.124819	  0.548325	
  0.096781	  0.412588	  0.090238	  0.400394	
  0.640051	  0.041744	  0.317840	  0.000365	
  0.843350	  0.025981	  0.034377	  0.096292	
  0.746360	  0.041067	  0.080255	  0.132318	
  0.306449	  0.236288	  0.043600	  0.413663	
  0.253512	  0.201424	  0.199420	  0.345645	

URL http://cisbp.ccbr.utoronto.ca/TFreport.php?versionNumber=2.00&searchTF=T345974_2.00

MOTIF M02065_2.00 (fgenesh2_pg.scaffold_23000011)_(Caenorhabditis_briggsae)_(DBD_0.46)

letter-probability matrix: alength= 4 w= 12 nsites= 1 E= 0
  0.320068	  0.226644	  0.226644	  0.226644	
  0.386072	  0.204643	  0.204643	  0.204643	
  0.344281	  0.244282	  0.255159	  0.156277	
  0.127075	  0.033651	  0.033651	  0.805622	
  0.000231	  0.000231	  0.905884	  0.093655	
  0.999308	  0.000231	  0.000231	  0.000231	
  0.000231	  0.999308	  0.000231	  0.000231	
  0.999308	  0.000231	  0.000231	  0.000231	
  0.122430	  0.023587	  0.601205	  0.252778	
  0.045588	  0.432473	  0.382825	  0.139115	
  0.093953	  0.093953	  0.093953	  0.718140	
  0.216580	  0.350261	  0.216580	  0.216580	

URL http://cisbp.ccbr.utoronto.ca/TFreport.php?versionNumber=2.00&searchTF=T227525_2.00

MOTIF M02249_2.00 (estExt_fgenesh1_pg.C_140212)_(Neurospora_crassa)_(DBD_0.48)

letter-probability matrix: alength= 4 w= 10 nsites= 1 E= 0
  0.283600	  0.227595	  0.232192	  0.256612	
  0.230392	  0.212679	  0.304839	  0.252089	
  0.293438	  0.240247	  0.235489	  0.230826	
  0.116548	  0.031134	  0.065255	  0.787062	
  0.076460	  0.000184	  0.028411	  0.894946	
  0.057969	  0.862560	  0.029076	  0.050396	
  0.020561	  0.408869	  0.193136	  0.377434	
  0.547873	  0.105219	  0.207689	  0.139218	
  0.169023	  0.290044	  0.145479	  0.395454	
  0.259381	  0.227762	  0.298359	  0.214498	

URL http://cisbp.ccbr.utoronto.ca/TFreport.php?versionNumber=2.00&searchTF=T242804_2.00

MOTIF M02698_2.00 (estExt_fgenesh2_pg.C_160008)_(Arabidopsis_thaliana)_(DBD_0.80)

letter-probability matrix: alength= 4 w= 11 nsites= 1 E= 0
  0.140000	  0.450000	  0.230000	  0.180000	
  0.160000	  0.270000	  0.550000	  0.020000	
  0.000000	  0.919192	  0.040404	  0.040404	
  0.000000	  0.050000	  0.930000	  0.020000	
  0.040404	  0.939394	  0.000000	  0.020202	
  0.040404	  0.020202	  0.020202	  0.919192	
  0.080808	  0.000000	  0.858586	  0.060606	
  0.960000	  0.000000	  0.020000	  0.020000	
  0.040000	  0.040000	  0.920000	  0.000000	
  0.020000	  0.550000	  0.260000	  0.170000	
  0.151515	  0.323232	  0.242424	  0.282828	

URL http://cisbp.ccbr.utoronto.ca/TFreport.php?versionNumber=2.00&searchTF=T284720_2.00

MOTIF M03329_2.00 (estExt_fgenesh2_pg.C_250112)_(Homo_sapiens)_(DBD_0.49)

letter-probability matrix: alength= 4 w= 13 nsites= 1 E= 0
  0.047016	  0.056962	  0.839964	  0.056058	
  0.811354	  0.062882	  0.044760	  0.081004	
  0.791649	  0.050490	  0.044312	  0.113549	
  0.152853	  0.382400	  0.178956	  0.285791	
  0.292250	  0.166039	  0.436222	  0.105490	
  0.081699	  0.024043	  0.026844	  0.867414	
  0.046796	  0.007199	  0.054236	  0.891769	
  0.000805	  0.997049	  0.001878	  0.000268	
  0.007168	  0.231828	  0.228244	  0.532760	
  0.541770	  0.210818	  0.235749	  0.011664	
  0.003111	  0.018408	  0.963443	  0.015038	
  0.826880	  0.083000	  0.016466	  0.073654	
  0.729916	  0.068356	  0.051660	  0.150069	

URL http://cisbp.ccbr.utoronto.ca/TFreport.php?versionNumber=2.00&searchTF=T242826_2.00

MOTIF M04705_2.00 (estExt_fgenesh2_pg.C_30256)_(Homo_sapiens)_(DBD_0.49)

letter-probability matrix: alength= 4 w= 14 nsites= 1 E= 0
  0.330365	  0.000000	  0.000000	  0.669635	
  0.053965	  0.000000	  0.000000	  0.946035	
  0.000000	  0.000000	  0.000000	  1.000000	
  0.000000	  0.000000	  0.000000	  1.000000	
  0.000000	  0.000000	  0.999080	  0.000920	
  0.000000	  0.000000	  0.999579	  0.000421	
  0.000543	  0.996399	  0.003057	  0.000000	
  0.000000	  0.000924	  0.998369	  0.000707	
  0.000014	  0.000000	  0.999007	  0.000979	
  0.000000	  0.000000	  1.000000	  0.000000	
  1.000000	  0.000000	  0.000000	  0.000000	
  1.000000	  0.000000	  0.000000	  0.000000	
  0.952164	  0.022052	  0.000000	  0.025783	
  0.334262	  0.148280	  0.181890	  0.335568	

URL http://cisbp.ccbr.utoronto.ca/TFreport.php?versionNumber=2.00&searchTF=T173823_2.00

MOTIF M04830_2.00 (gw1.3.684.1)_(Homo_sapiens)_(DBD_0.50)

letter-probability matrix: alength= 4 w= 12 nsites= 1 E= 0
  0.858696	  0.048913	  0.005435	  0.086957	
  0.800866	  0.090909	  0.060606	  0.047619	
  0.141304	  0.451087	  0.032609	  0.375000	
  0.356923	  0.061538	  0.569231	  0.012308	
  0.120172	  0.000000	  0.085837	  0.793991	
  0.893720	  0.053140	  0.033816	  0.019324	
  0.898058	  0.000000	  0.004854	  0.097087	
  0.920398	  0.054726	  0.000000	  0.024876	
  0.130612	  0.755102	  0.028571	  0.085714	
  0.852535	  0.046083	  0.055300	  0.046083	
  0.825893	  0.049107	  0.022321	  0.102679	
  0.264865	  0.113514	  0.043243	  0.578378	

URL http://cisbp.ccbr.utoronto.ca/TFreport.php?versionNumber=2.00&searchTF=T189352_2.00

MOTIF M07111_2.00 (e_gw1.6.395.1)_(Arabidopsis_thaliana)_(DBD_0.69)

letter-probability matrix: alength= 4 w= 13 nsites= 1 E= 0
  0.440141	  0.121479	  0.149648	  0.288732	
  0.498239	  0.063380	  0.058099	  0.380282	
  0.313380	  0.140845	  0.095070	  0.450704	
  0.362676	  0.163732	  0.232394	  0.241197	
  0.086268	  0.103873	  0.084507	  0.725352	
  0.399648	  0.000000	  0.366197	  0.234155	
  0.690140	  0.001761	  0.242958	  0.065141	
  0.063380	  0.936620	  0.000000	  0.000000	
  0.000000	  1.000000	  0.000000	  0.000000	
  0.000000	  0.000000	  1.000000	  0.000000	
  0.000000	  0.000000	  0.000000	  1.000000	
  0.000000	  0.000000	  0.000000	  1.000000	
  0.482394	  0.000000	  0.447183	  0.070423	

URL http://cisbp.ccbr.utoronto.ca/TFreport.php?versionNumber=2.00&searchTF=T284642_2.00

MOTIF M08108_2.00 (estExt_fgenesh1_pg.C_20629)_(Homo_sapiens)_(DBD_0.66)

letter-probability matrix: alength= 4 w= 11 nsites= 1 E= 0
  0.204783	  0.244644	  0.387145	  0.163428	
  0.131041	  0.340807	  0.468361	  0.059791	
  0.023916	  0.035376	  0.927753	  0.012955	
  0.013951	  0.939711	  0.010962	  0.035376	
  0.006976	  0.026906	  0.962631	  0.003488	
  0.017937	  0.039860	  0.929248	  0.012955	
  0.013453	  0.015944	  0.956153	  0.014449	
  0.924265	  0.011958	  0.048829	  0.014948	
  0.819631	  0.084704	  0.068261	  0.027404	
  0.231689	  0.322372	  0.322870	  0.123069	
  0.189836	  0.300947	  0.322870	  0.186348	

URL http://cisbp.ccbr.utoronto.ca/TFreport.php?versionNumber=2.00&searchTF=T173821_2.00

