MEME version 4

ALPHABET= ACGT

strands: + -

Background letter frequencies (from uniform background):
A 0.25000 C 0.25000 G 0.25000 T 0.25000 

MOTIF M00178_2.00 (estExt_fgeneshNG_pg.C_520029)_(Mus_musculus)_(DBD_0.88)

letter-probability matrix: alength= 4 w= 10 nsites= 1 E= 0
  0.212984	  0.416099	  0.142972	  0.227946	
  0.201998	  0.401559	  0.182516	  0.213926	
  0.432247	  0.083239	  0.179282	  0.305232	
  0.394149	  0.098816	  0.146383	  0.360652	
  0.532912	  0.075998	  0.118189	  0.272901	
  0.272901	  0.118189	  0.075998	  0.532912	
  0.360652	  0.146383	  0.098816	  0.394149	
  0.305232	  0.179282	  0.083239	  0.432247	
  0.213926	  0.182516	  0.401559	  0.201998	
  0.227946	  0.142972	  0.416099	  0.212984	

URL http://cisbp.ccbr.utoronto.ca/TFreport.php?versionNumber=2.00&searchTF=T257336_2.00

MOTIF M00399_2.00 (fgeneshNG_pg.scaffold_5000147)_(Mus_musculus)_(DBD_0.58)

letter-probability matrix: alength= 4 w= 8 nsites= 1 E= 0
  0.145807	  0.166050	  0.102749	  0.585395	
  0.047416	  0.026548	  0.887984	  0.038052	
  0.795904	  0.000436	  0.143952	  0.059709	
  0.041428	  0.910466	  0.001396	  0.046710	
  0.672067	  0.019113	  0.247239	  0.061581	
  0.160336	  0.171961	  0.418748	  0.248954	
  0.200186	  0.289816	  0.301643	  0.208355	
  0.204146	  0.262129	  0.190345	  0.343380	

URL http://cisbp.ccbr.utoronto.ca/TFreport.php?versionNumber=2.00&searchTF=T227583_2.00

MOTIF M00407_2.00 (estExt_fgeneshNG_pg.C_80021)_(Mus_musculus)_(DBD_0.51)

letter-probability matrix: alength= 4 w= 9 nsites= 1 E= 0
  0.295464	  0.173911	  0.204087	  0.326538	
  0.083726	  0.082068	  0.055565	  0.778641	
  0.003120	  0.034053	  0.960935	  0.001893	
  0.873497	  0.000758	  0.057541	  0.068204	
  0.019591	  0.939245	  0.007207	  0.033956	
  0.851816	  0.012030	  0.105359	  0.030796	
  0.150397	  0.123135	  0.540925	  0.185542	
  0.147020	  0.354449	  0.343974	  0.154557	
  0.187865	  0.236447	  0.144854	  0.430834	

URL http://cisbp.ccbr.utoronto.ca/TFreport.php?versionNumber=2.00&searchTF=T227416_2.00

MOTIF M01079_2.00 (estExt_fgeneshNG_pg.C_380110)_(Arabidopsis_thaliana)_(DBD_0.67)

letter-probability matrix: alength= 4 w= 10 nsites= 1 E= 0
  0.385352	  0.143188	  0.180216	  0.291243	
  0.571201	  0.093479	  0.105398	  0.229922	
  0.673942	  0.090301	  0.124355	  0.111402	
  0.748474	  0.070671	  0.085459	  0.095396	
  0.178695	  0.036807	  0.067066	  0.717433	
  0.864813	  0.038572	  0.034901	  0.061714	
  0.074245	  0.067180	  0.048297	  0.810277	
  0.058777	  0.865890	  0.037478	  0.037855	
  0.161708	  0.150776	  0.111697	  0.575819	
  0.320690	  0.169097	  0.217125	  0.293088	

URL http://cisbp.ccbr.utoronto.ca/TFreport.php?versionNumber=2.00&searchTF=T284779_2.00

MOTIF M01105_2.00 (fgeneshNG_pg.scaffold_77000019)_(Fusarium_graminearum)_(DBD_0.56)

letter-probability matrix: alength= 4 w= 9 nsites= 1 E= 0
  0.374340	  0.173324	  0.185892	  0.266444	
  0.331918	  0.236250	  0.215916	  0.215916	
  0.367239	  0.211878	  0.193642	  0.227241	
  0.398201	  0.106374	  0.253904	  0.241521	
  0.306146	  0.173133	  0.150515	  0.370206	
  0.572249	  0.002137	  0.149841	  0.275772	
  0.602371	  0.092840	  0.044740	  0.260050	
  0.505970	  0.048254	  0.059530	  0.386247	
  0.331768	  0.096009	  0.106106	  0.466117	

URL http://cisbp.ccbr.utoronto.ca/TFreport.php?versionNumber=2.00&searchTF=T017970_2.00

MOTIF M01107_2.00 (fgeneshNG_pg.scaffold_69000044)_(Cannabis_sativa)_(DBD_0.61)

letter-probability matrix: alength= 4 w= 8 nsites= 1 E= 0
  0.625139	  0.014850	  0.179105	  0.180905	
  0.689816	  0.079553	  0.109555	  0.121077	
  0.660471	  0.030053	  0.068920	  0.240556	
  0.524467	  0.027726	  0.035247	  0.412560	
  0.525023	  0.031609	  0.030370	  0.412998	
  0.761535	  0.047719	  0.044493	  0.146253	
  0.590061	  0.050412	  0.042107	  0.317420	
  0.342342	  0.027821	  0.048222	  0.581615	

URL http://cisbp.ccbr.utoronto.ca/TFreport.php?versionNumber=2.00&searchTF=T017968_2.00

MOTIF M01108_2.00 (fgeneshNG_pg.scaffold_57000088)_(Cannabis_sativa)_(DBD_0.61)

letter-probability matrix: alength= 4 w= 8 nsites= 1 E= 0
  0.423349	  0.124985	  0.199976	  0.251690	
  0.536851	  0.107310	  0.184144	  0.171695	
  0.591376	  0.053115	  0.110217	  0.245293	
  0.501697	  0.035093	  0.048327	  0.414883	
  0.577953	  0.029949	  0.019876	  0.372223	
  0.852706	  0.028458	  0.018512	  0.100325	
  0.520642	  0.014806	  0.038285	  0.426266	
  0.279377	  0.068208	  0.066858	  0.585557	

URL http://cisbp.ccbr.utoronto.ca/TFreport.php?versionNumber=2.00&searchTF=T017965_2.00

MOTIF M01225_2.00 (fgeneshHS_pg.scaffold_96000001)_(Physcomitrella_patens)_(DBD_0.79)

letter-probability matrix: alength= 4 w= 10 nsites= 1 E= 0
  0.190589	  0.347275	  0.407531	  0.054605	
  0.053131	  0.125558	  0.759581	  0.061730	
  0.006389	  0.948224	  0.000029	  0.045358	
  0.045581	  0.000042	  0.924726	  0.029651	
  0.016651	  0.814394	  0.092060	  0.076895	
  0.118839	  0.496592	  0.220913	  0.163656	
  0.407444	  0.259798	  0.072960	  0.259798	
  0.440817	  0.140982	  0.104442	  0.313760	
  0.395676	  0.129101	  0.157685	  0.317538	
  0.315183	  0.176470	  0.156515	  0.351832	

URL http://cisbp.ccbr.utoronto.ca/TFreport.php?versionNumber=2.00&searchTF=T173848_2.00

MOTIF M01238_2.00 (gw1.16.163.1)_(Arabidopsis_thaliana)_(DBD_0.42)

letter-probability matrix: alength= 4 w= 9 nsites= 1 E= 0
  0.250511	  0.219973	  0.258140	  0.271376	
  0.169952	  0.220416	  0.152249	  0.457382	
  0.117214	  0.071809	  0.667811	  0.143166	
  0.946665	  0.000679	  0.000567	  0.052089	
  0.098251	  0.711604	  0.000051	  0.190094	
  0.375280	  0.188231	  0.259219	  0.177270	
  0.147800	  0.173445	  0.356332	  0.322422	
  0.167061	  0.295409	  0.307465	  0.230065	
  0.220996	  0.241808	  0.194055	  0.343141	

URL http://cisbp.ccbr.utoronto.ca/TFreport.php?versionNumber=2.00&searchTF=T227612_2.00

MOTIF M01319_2.00 (fgeneshNG_pg.scaffold_1000353)_(Arabidopsis_thaliana)_(DBD_0.31)

letter-probability matrix: alength= 4 w= 8 nsites= 1 E= 0
  0.158993	  0.167145	  0.151239	  0.522623	
  0.178907	  0.147949	  0.124819	  0.548325	
  0.096781	  0.412588	  0.090238	  0.400394	
  0.640051	  0.041744	  0.317840	  0.000365	
  0.843350	  0.025981	  0.034377	  0.096292	
  0.746360	  0.041067	  0.080255	  0.132318	
  0.306449	  0.236288	  0.043600	  0.413663	
  0.253512	  0.201424	  0.199420	  0.345645	

URL http://cisbp.ccbr.utoronto.ca/TFreport.php?versionNumber=2.00&searchTF=T345977_2.00

MOTIF M01567_2.00 (e_gw1.11.176.1)_(Saccharomyces_cerevisiae)_(DBD_0.78)

letter-probability matrix: alength= 4 w= 7 nsites= 1 E= 0
  0.315311	  0.189343	  0.207174	  0.288172	
  0.345705	  0.141966	  0.211788	  0.300541	
  0.271982	  0.110580	  0.155359	  0.462079	
  0.583542	  0.000869	  0.110954	  0.304636	
  0.219565	  0.006434	  0.188981	  0.585020	
  0.934996	  0.000354	  0.051964	  0.012687	
  0.422777	  0.000471	  0.095282	  0.481470	

URL http://cisbp.ccbr.utoronto.ca/TFreport.php?versionNumber=2.00&searchTF=T343104_2.00

MOTIF M01692_2.00 estExt_fgeneshNG_pg.C_820014

letter-probability matrix: alength= 4 w= 8 nsites= 1 E= 0
  0.318198	  0.263137	  0.219790	  0.198875	
  0.256386	  0.201680	  0.264194	  0.277740	
  0.322138	  0.195387	  0.250882	  0.231593	
  0.330083	  0.190441	  0.234943	  0.244532	
  0.353662	  0.155764	  0.212373	  0.278201	
  0.540310	  0.072395	  0.156357	  0.230937	
  0.708523	  0.000098	  0.290959	  0.000420	
  0.216909	  0.228031	  0.100432	  0.454628	

URL http://cisbp.ccbr.utoronto.ca/TFreport.php?versionNumber=2.00&searchTF=T017951_2.00

MOTIF M02698_2.00 (fgeneshHS_kg.scaffold_62000007)_(Arabidopsis_thaliana)_(DBD_0.84)

letter-probability matrix: alength= 4 w= 11 nsites= 1 E= 0
  0.140000	  0.450000	  0.230000	  0.180000	
  0.160000	  0.270000	  0.550000	  0.020000	
  0.000000	  0.919192	  0.040404	  0.040404	
  0.000000	  0.050000	  0.930000	  0.020000	
  0.040404	  0.939394	  0.000000	  0.020202	
  0.040404	  0.020202	  0.020202	  0.919192	
  0.080808	  0.000000	  0.858586	  0.060606	
  0.960000	  0.000000	  0.020000	  0.020000	
  0.040000	  0.040000	  0.920000	  0.000000	
  0.020000	  0.550000	  0.260000	  0.170000	
  0.151515	  0.323232	  0.242424	  0.282828	

URL http://cisbp.ccbr.utoronto.ca/TFreport.php?versionNumber=2.00&searchTF=T284986_2.00

MOTIF M08108_2.00 (fgeneshHS_pg.scaffold_39000098)_(Homo_sapiens)_(DBD_0.78)

letter-probability matrix: alength= 4 w= 11 nsites= 1 E= 0
  0.204783	  0.244644	  0.387145	  0.163428	
  0.131041	  0.340807	  0.468361	  0.059791	
  0.023916	  0.035376	  0.927753	  0.012955	
  0.013951	  0.939711	  0.010962	  0.035376	
  0.006976	  0.026906	  0.962631	  0.003488	
  0.017937	  0.039860	  0.929248	  0.012955	
  0.013453	  0.015944	  0.956153	  0.014449	
  0.924265	  0.011958	  0.048829	  0.014948	
  0.819631	  0.084704	  0.068261	  0.027404	
  0.231689	  0.322372	  0.322870	  0.123069	
  0.189836	  0.300947	  0.322870	  0.186348	

URL http://cisbp.ccbr.utoronto.ca/TFreport.php?versionNumber=2.00&searchTF=T173847_2.00

