MEME version 4

ALPHABET= ACGT

strands: + -

Background letter frequencies (from uniform background):
A 0.25000 C 0.25000 G 0.25000 T 0.25000 

MOTIF M00153_2.00 (NEPG_00209)_(Mus_musculus)_(DBD_0.55)

letter-probability matrix: alength= 4 w= 10 nsites= 1 E= 0
  0.328844	  0.158473	  0.193559	  0.319125	
  0.340062	  0.138259	  0.138259	  0.383419	
  0.250781	  0.152106	  0.248285	  0.348828	
  0.146662	  0.212328	  0.477294	  0.163716	
  0.049148	  0.109382	  0.841214	  0.000255	
  0.098666	  0.881603	  0.000009	  0.019722	
  0.001228	  0.000013	  0.977948	  0.020810	
  0.022581	  0.624590	  0.326064	  0.026765	
  0.135566	  0.284138	  0.361210	  0.219085	
  0.234821	  0.292605	  0.182879	  0.289694	

URL http://cisbp.ccbr.utoronto.ca/TFreport.php?versionNumber=2.00&searchTF=T173295_2.00

MOTIF M00160_2.00 (NEPG_01226)_(Mus_musculus)_(DBD_0.59)

letter-probability matrix: alength= 4 w= 10 nsites= 1 E= 0
  0.272342	  0.213287	  0.238265	  0.276106	
  0.383328	  0.071216	  0.521888	  0.023568	
  0.117428	  0.105265	  0.021002	  0.756305	
  0.834939	  0.152266	  0.000007	  0.012788	
  0.908292	  0.059096	  0.002967	  0.029645	
  0.977393	  0.014489	  0.001628	  0.006490	
  0.001282	  0.843632	  0.000001	  0.155085	
  0.965165	  0.012083	  0.006831	  0.015922	
  0.479654	  0.164189	  0.114694	  0.241463	
  0.417043	  0.185221	  0.142285	  0.255451	

URL http://cisbp.ccbr.utoronto.ca/TFreport.php?versionNumber=2.00&searchTF=T188206_2.00

MOTIF M00178_2.00 (NEPG_02192)_(Mus_musculus)_(DBD_0.73)

letter-probability matrix: alength= 4 w= 10 nsites= 1 E= 0
  0.212984	  0.416099	  0.142972	  0.227946	
  0.201998	  0.401559	  0.182516	  0.213926	
  0.432247	  0.083239	  0.179282	  0.305232	
  0.394149	  0.098816	  0.146383	  0.360652	
  0.532912	  0.075998	  0.118189	  0.272901	
  0.272901	  0.118189	  0.075998	  0.532912	
  0.360652	  0.146383	  0.098816	  0.394149	
  0.305232	  0.179282	  0.083239	  0.432247	
  0.213926	  0.182516	  0.401559	  0.201998	
  0.227946	  0.142972	  0.416099	  0.212984	

URL http://cisbp.ccbr.utoronto.ca/TFreport.php?versionNumber=2.00&searchTF=T254869_2.00

MOTIF M00188_2.00 (NEPG_00460)_(Mus_musculus)_(DBD_0.43)

letter-probability matrix: alength= 4 w= 10 nsites= 1 E= 0
  0.104605	  0.584172	  0.194454	  0.116769	
  0.266268	  0.282733	  0.156727	  0.294272	
  0.098718	  0.112423	  0.073867	  0.714991	
  0.512814	  0.101485	  0.365006	  0.020695	
  0.255170	  0.103744	  0.573599	  0.067487	
  0.184311	  0.457887	  0.038345	  0.319457	
  0.484397	  0.018971	  0.233435	  0.263197	
  0.869982	  0.053972	  0.047869	  0.028176	
  0.021911	  0.904128	  0.002656	  0.071305	
  0.236202	  0.300271	  0.335186	  0.128340	

URL http://cisbp.ccbr.utoronto.ca/TFreport.php?versionNumber=2.00&searchTF=T318718_2.00

MOTIF M00427_2.00 (NEPG_02496)_(Mus_musculus)_(DBD_0.40)

letter-probability matrix: alength= 4 w= 9 nsites= 1 E= 0
  0.168479	  0.163500	  0.146469	  0.521553	
  0.211125	  0.111324	  0.092061	  0.585490	
  0.332803	  0.037621	  0.152559	  0.477017	
  0.833329	  0.023463	  0.043182	  0.100026	
  0.015491	  0.177732	  0.064089	  0.742688	
  0.151377	  0.075927	  0.326939	  0.445757	
  0.427605	  0.074307	  0.394730	  0.103358	
  0.140060	  0.392316	  0.217472	  0.250152	
  0.235202	  0.305040	  0.214958	  0.244800	

URL http://cisbp.ccbr.utoronto.ca/TFreport.php?versionNumber=2.00&searchTF=T221114_2.00

MOTIF M01567_2.00 (NEPG_01517)_(Saccharomyces_cerevisiae)_(DBD_0.79)

letter-probability matrix: alength= 4 w= 7 nsites= 1 E= 0
  0.315311	  0.189343	  0.207174	  0.288172	
  0.345705	  0.141966	  0.211788	  0.300541	
  0.271982	  0.110580	  0.155359	  0.462079	
  0.583542	  0.000869	  0.110954	  0.304636	
  0.219565	  0.006434	  0.188981	  0.585020	
  0.934996	  0.000354	  0.051964	  0.012687	
  0.422777	  0.000471	  0.095282	  0.481470	

URL http://cisbp.ccbr.utoronto.ca/TFreport.php?versionNumber=2.00&searchTF=T342744_2.00

MOTIF M02143_2.00 (NEPG_01845)_(Nematostella_vectensis)_(DBD_0.44)

letter-probability matrix: alength= 4 w= 8 nsites= 1 E= 0
  0.197481	  0.283055	  0.203495	  0.315968	
  0.159614	  0.085009	  0.054204	  0.701174	
  0.623566	  0.079476	  0.133681	  0.163278	
  0.868297	  0.028404	  0.061346	  0.041952	
  0.031540	  0.074534	  0.072331	  0.821596	
  0.168804	  0.101366	  0.116599	  0.613230	
  0.357886	  0.081468	  0.441516	  0.119130	
  0.262360	  0.221344	  0.336877	  0.179418	

URL http://cisbp.ccbr.utoronto.ca/TFreport.php?versionNumber=2.00&searchTF=T221111_2.00

MOTIF M02185_2.00 (NEPG_00487)_(Caenorhabditis_elegans)_(DBD_0.50)

letter-probability matrix: alength= 4 w= 9 nsites= 1 E= 0
  0.315897	  0.227106	  0.187807	  0.269190	
  0.199497	  0.168308	  0.073391	  0.558804	
  0.158337	  0.106136	  0.515286	  0.220241	
  0.752347	  0.085046	  0.089407	  0.073200	
  0.184506	  0.594476	  0.036513	  0.184506	
  0.702977	  0.012747	  0.102036	  0.182240	
  0.185180	  0.139956	  0.450936	  0.223928	
  0.206199	  0.246865	  0.346832	  0.200105	
  0.223906	  0.198587	  0.139942	  0.437565	

URL http://cisbp.ccbr.utoronto.ca/TFreport.php?versionNumber=2.00&searchTF=T221110_2.00

