MEME version 4

ALPHABET= ACGT

strands: + -

Background letter frequencies (from uniform background):
A 0.25000 C 0.25000 G 0.25000 T 0.25000 

MOTIF M00718_2.00 (Q5Y836_TOBAC)_(Arabidopsis_thaliana)_(DBD_0.80)

letter-probability matrix: alength= 4 w= 8 nsites= 1 E= 0
  0.200000	  0.500000	  0.133333	  0.166667	
  0.027027	  0.054054	  0.891892	  0.027027	
  0.026316	  0.605263	  0.342105	  0.026316	
  0.026316	  0.894737	  0.052632	  0.026316	
  0.078947	  0.026316	  0.842105	  0.052632	
  0.026316	  0.236842	  0.710526	  0.026316	
  0.027027	  0.918919	  0.027027	  0.027027	
  0.103448	  0.586207	  0.172414	  0.137931	

URL http://cisbp.ccbr.utoronto.ca/TFreport.php?versionNumber=2.00&searchTF=T006666_2.00

MOTIF M00719_2.00 (O65242_TOBAC)_(Arabidopsis_thaliana)_(DBD_0.67)

letter-probability matrix: alength= 4 w= 8 nsites= 1 E= 0
  0.253340	  0.238587	  0.213734	  0.294339	
  0.238515	  0.217986	  0.263600	  0.279900	
  0.216235	  0.071978	  0.581939	  0.129848	
  0.114251	  0.501900	  0.244301	  0.139547	
  0.009576	  0.664640	  0.002269	  0.323515	
  0.203540	  0.004463	  0.777326	  0.014671	
  0.148179	  0.326497	  0.281018	  0.244306	
  0.239004	  0.346014	  0.225085	  0.189897	

URL http://cisbp.ccbr.utoronto.ca/TFreport.php?versionNumber=2.00&searchTF=T006664_2.00

MOTIF M00725_2.00 (Q9ZWK1_TOBAC)_(Arabidopsis_thaliana)_(DBD_0.92)

letter-probability matrix: alength= 4 w= 10 nsites= 1 E= 0
  0.243198	  0.221181	  0.281303	  0.254318	
  0.240165	  0.159269	  0.357238	  0.243329	
  0.448547	  0.093394	  0.346592	  0.111468	
  0.085710	  0.186343	  0.001092	  0.726855	
  0.297343	  0.048658	  0.477835	  0.176165	
  0.176165	  0.477835	  0.048658	  0.297343	
  0.726855	  0.001092	  0.186343	  0.085710	
  0.111468	  0.346592	  0.093394	  0.448547	
  0.243329	  0.357238	  0.159269	  0.240165	
  0.254318	  0.281303	  0.221181	  0.243198	

URL http://cisbp.ccbr.utoronto.ca/TFreport.php?versionNumber=2.00&searchTF=T175294_2.00

MOTIF M00848_2.00 (ERF2_TOBAC)_(Arabidopsis_thaliana)_(DBD_0.90)

letter-probability matrix: alength= 4 w= 7 nsites= 1 E= 0
  0.259028	  0.227451	  0.294988	  0.218533	
  0.232050	  0.193825	  0.332605	  0.241520	
  0.249102	  0.244170	  0.292324	  0.214404	
  0.166982	  0.419006	  0.127470	  0.286542	
  0.221416	  0.016445	  0.685428	  0.076711	
  0.156124	  0.287336	  0.337192	  0.219347	
  0.173198	  0.461479	  0.168079	  0.197243	

URL http://cisbp.ccbr.utoronto.ca/TFreport.php?versionNumber=2.00&searchTF=T006661_2.00

MOTIF M00863_2.00 (Q76DY3_TOBAC)_(Arabidopsis_thaliana)_(DBD_0.83)

letter-probability matrix: alength= 4 w= 8 nsites= 1 E= 0
  0.219654	  0.282041	  0.237948	  0.260357	
  0.206787	  0.284772	  0.240252	  0.268188	
  0.373524	  0.217670	  0.191135	  0.217670	
  0.141712	  0.054260	  0.688004	  0.116024	
  0.973804	  0.000221	  0.000153	  0.025822	
  0.060637	  0.000201	  0.000085	  0.939078	
  0.100445	  0.330171	  0.267631	  0.301753	
  0.195050	  0.293906	  0.252967	  0.258077	

URL http://cisbp.ccbr.utoronto.ca/TFreport.php?versionNumber=2.00&searchTF=T195983_2.00

MOTIF M01076_2.00 (Q9FR42_TOBAC)_(Arabidopsis_thaliana)_(DBD_0.79)

letter-probability matrix: alength= 4 w= 9 nsites= 1 E= 0
  0.153120	  0.192717	  0.063512	  0.590651	
  0.947790	  0.008282	  0.001656	  0.042272	
  0.917607	  0.080783	  0.000337	  0.001273	
  0.032578	  0.947311	  0.001688	  0.018424	
  0.130519	  0.293394	  0.321024	  0.255064	
  0.270805	  0.021789	  0.639955	  0.067451	
  0.327282	  0.330571	  0.021345	  0.320801	
  0.276668	  0.421078	  0.059312	  0.242941	
  0.319425	  0.236636	  0.163453	  0.280486	

URL http://cisbp.ccbr.utoronto.ca/TFreport.php?versionNumber=2.00&searchTF=T283699_2.00

MOTIF M01095_2.00 (ERF5_TOBAC)_(Cannabis_sativa)_(DBD_0.96)

letter-probability matrix: alength= 4 w= 10 nsites= 1 E= 0
  0.252836	  0.279427	  0.191090	  0.276647	
  0.247369	  0.296155	  0.249855	  0.206620	
  0.229735	  0.300945	  0.269597	  0.199722	
  0.130951	  0.130951	  0.668356	  0.069743	
  0.063344	  0.670877	  0.165436	  0.100342	
  0.109389	  0.784393	  0.028358	  0.077860	
  0.152323	  0.003374	  0.817299	  0.027005	
  0.108163	  0.568860	  0.167945	  0.155033	
  0.067400	  0.812932	  0.045180	  0.074489	
  0.274887	  0.283259	  0.283259	  0.158596	

URL http://cisbp.ccbr.utoronto.ca/TFreport.php?versionNumber=2.00&searchTF=T006663_2.00

MOTIF M01100_2.00 (ERF4_TOBAC)_(Cannabis_sativa)_(DBD_0.92)

letter-probability matrix: alength= 4 w= 10 nsites= 1 E= 0
  0.168379	  0.360042	  0.313005	  0.158574	
  0.208224	  0.607051	  0.086368	  0.098358	
  0.026595	  0.000012	  0.973348	  0.000045	
  0.015846	  0.937230	  0.021822	  0.025102	
  0.104784	  0.864284	  0.010195	  0.020737	
  0.045248	  0.024341	  0.908823	  0.021588	
  0.135226	  0.453478	  0.104266	  0.307030	
  0.217682	  0.603673	  0.045288	  0.133357	
  0.485314	  0.140442	  0.158348	  0.215896	
  0.271832	  0.191557	  0.173328	  0.363284	

URL http://cisbp.ccbr.utoronto.ca/TFreport.php?versionNumber=2.00&searchTF=T006662_2.00

MOTIF M01156_2.00 (TAF1_TOBAC)_(Cannabis_sativa)_(DBD_0.75)

letter-probability matrix: alength= 4 w= 10 nsites= 1 E= 0
  0.185651	  0.213549	  0.285393	  0.315408	
  0.133202	  0.183436	  0.404181	  0.279182	
  0.363231	  0.495238	  0.105113	  0.036417	
  0.029585	  0.834874	  0.000269	  0.135271	
  0.937984	  0.000034	  0.061789	  0.000193	
  0.088378	  0.602820	  0.187095	  0.121707	
  0.146644	  0.194029	  0.560040	  0.099286	
  0.162411	  0.177706	  0.146956	  0.512926	
  0.246395	  0.269599	  0.286270	  0.197736	
  0.293459	  0.147192	  0.337558	  0.221791	

URL http://cisbp.ccbr.utoronto.ca/TFreport.php?versionNumber=2.00&searchTF=T070489_2.00

MOTIF M01279_2.00 (Q948S5_TOBAC)_(Cannabis_sativa)_(DBD_0.93)

letter-probability matrix: alength= 4 w= 10 nsites= 1 E= 0
  0.138518	  0.287436	  0.085713	  0.488334	
  0.985369	  0.000224	  0.012466	  0.001941	
  0.926257	  0.058041	  0.007108	  0.008595	
  0.003541	  0.986708	  0.000504	  0.009248	
  0.035960	  0.080834	  0.798228	  0.084978	
  0.112592	  0.024138	  0.701888	  0.161382	
  0.213897	  0.266532	  0.113920	  0.405651	
  0.288297	  0.312308	  0.108201	  0.291194	
  0.363881	  0.216335	  0.180698	  0.239087	
  0.265702	  0.228692	  0.209009	  0.296597	

URL http://cisbp.ccbr.utoronto.ca/TFreport.php?versionNumber=2.00&searchTF=T283697_2.00

MOTIF M01602_2.00 (P93392_TOBAC)_(Arabidopsis_thaliana)_(DBD_0.80)

letter-probability matrix: alength= 4 w= 8 nsites= 1 E= 0
  0.346006	  0.461214	  0.192396	  0.000384	
  0.000250	  0.000250	  0.999251	  0.000250	
  0.000244	  0.999269	  0.000244	  0.000244	
  0.122076	  0.877437	  0.000244	  0.000244	
  0.024610	  0.000244	  0.974903	  0.000244	
  0.000244	  0.950536	  0.048977	  0.000244	
  0.000244	  0.999269	  0.000244	  0.000244	
  0.241391	  0.103650	  0.482438	  0.172521	

URL http://cisbp.ccbr.utoronto.ca/TFreport.php?versionNumber=2.00&searchTF=T006665_2.00

MOTIF M01613_2.00 (A4F248_TOBAC)_(Arabidopsis_thaliana)_(DBD_0.86)

letter-probability matrix: alength= 4 w= 10 nsites= 1 E= 0
  0.188766	  0.239969	  0.391705	  0.179560	
  0.100217	  0.435867	  0.346311	  0.117606	
  0.222731	  0.605446	  0.117444	  0.054378	
  0.014535	  0.000604	  0.912866	  0.071994	
  0.000191	  0.997296	  0.002004	  0.000509	
  0.042405	  0.950755	  0.003659	  0.003181	
  0.036094	  0.027553	  0.903365	  0.032987	
  0.170746	  0.518106	  0.100502	  0.210646	
  0.235827	  0.660568	  0.036712	  0.066893	
  0.477760	  0.132835	  0.239633	  0.149771	

URL http://cisbp.ccbr.utoronto.ca/TFreport.php?versionNumber=2.00&searchTF=T006659_2.00

MOTIF M01778_2.00 (TGA1B_TOBAC)_(Arabidopsis_thaliana)_(DBD_0.81)

letter-probability matrix: alength= 4 w= 10 nsites= 1 E= 0
  0.256096	  0.205522	  0.322323	  0.216059	
  0.346225	  0.182562	  0.300994	  0.170220	
  0.181073	  0.223386	  0.098386	  0.497155	
  0.119246	  0.192711	  0.508360	  0.179682	
  0.783113	  0.052629	  0.081718	  0.082539	
  0.008951	  0.805786	  0.007256	  0.178006	
  0.176911	  0.000520	  0.777163	  0.045406	
  0.135250	  0.190020	  0.031098	  0.643632	
  0.236571	  0.105240	  0.537134	  0.121055	
  0.152185	  0.144763	  0.393507	  0.309544	

URL http://cisbp.ccbr.utoronto.ca/TFreport.php?versionNumber=2.00&searchTF=T070492_2.00

MOTIF M02662_2.00 (TGA1A_TOBAC)_(Nicotiana_sp.)_(DBD_1.00)

letter-probability matrix: alength= 4 w= 7 nsites= 1 E= 0
  0.066667	  0.066667	  0.000000	  0.866667	
  0.000000	  0.000000	  1.000000	  0.000000	
  0.933333	  0.000000	  0.000000	  0.066667	
  0.000000	  0.866667	  0.000000	  0.133333	
  0.066667	  0.000000	  0.933333	  0.000000	
  0.066667	  0.066667	  0.000000	  0.866667	
  0.466667	  0.000000	  0.266667	  0.266667	

URL http://cisbp.ccbr.utoronto.ca/TFreport.php?versionNumber=2.00&searchTF=T070491_2.00

MOTIF M02697_2.00 (Q8GT99_TOBAC)_(Antirrhinum_majus)_(DBD_0.92)

letter-probability matrix: alength= 4 w= 14 nsites= 1 E= 0
  0.366667	  0.466667	  0.033333	  0.133333	
  0.000000	  0.733333	  0.000000	  0.266667	
  0.800000	  0.000000	  0.133333	  0.066667	
  0.533333	  0.066667	  0.033333	  0.366667	
  0.766667	  0.000000	  0.000000	  0.233333	
  0.566667	  0.000000	  0.000000	  0.433333	
  0.800000	  0.033333	  0.000000	  0.166667	
  0.266667	  0.000000	  0.033333	  0.700000	
  0.466667	  0.033333	  0.500000	  0.000000	
  0.033333	  0.033333	  0.933333	  0.000000	
  0.466667	  0.166667	  0.033333	  0.333333	
  0.833333	  0.166667	  0.000000	  0.000000	
  0.700000	  0.066667	  0.100000	  0.133333	
  0.233333	  0.166667	  0.266667	  0.333333	

URL http://cisbp.ccbr.utoronto.ca/TFreport.php?versionNumber=2.00&searchTF=T257117_2.00

MOTIF M06622_2.00 (Q6SA75_TOBAC)_(Arabidopsis_thaliana)_(DBD_0.91)

letter-probability matrix: alength= 4 w= 19 nsites= 1 E= 0
  0.153846	  0.066667	  0.497436	  0.282051	
  0.215385	  0.025641	  0.569230	  0.189744	
  0.015385	  0.876923	  0.000000	  0.107692	
  0.748718	  0.046154	  0.123077	  0.082051	
  0.010256	  0.958974	  0.015385	  0.015385	
  0.148718	  0.020513	  0.800000	  0.030769	
  0.302564	  0.210256	  0.328205	  0.158974	
  0.471795	  0.046154	  0.082051	  0.400000	
  0.189744	  0.102564	  0.025641	  0.682051	
  0.220513	  0.420513	  0.000000	  0.358974	
  0.066667	  0.528205	  0.005128	  0.400000	
  0.000000	  0.989744	  0.000000	  0.010256	
  0.241026	  0.046154	  0.646153	  0.066667	
  0.969231	  0.000000	  0.030769	  0.000000	
  0.082051	  0.046154	  0.728205	  0.143590	
  0.389744	  0.015385	  0.584615	  0.010256	
  0.410256	  0.317949	  0.051282	  0.220513	
  0.410256	  0.143590	  0.251282	  0.194872	
  0.369231	  0.169231	  0.276923	  0.184615	

URL http://cisbp.ccbr.utoronto.ca/TFreport.php?versionNumber=2.00&searchTF=T006667_2.00

MOTIF M06986_2.00 (AG_TOBAC)_(Arabidopsis_thaliana)_(DBD_0.88)

letter-probability matrix: alength= 4 w= 19 nsites= 1 E= 0
  0.172199	  0.016598	  0.010373	  0.800830	
  0.149378	  0.002075	  0.016598	  0.831949	
  0.414938	  0.016598	  0.139004	  0.429461	
  0.022822	  0.964730	  0.010373	  0.002075	
  0.002075	  0.817427	  0.000000	  0.180498	
  0.524896	  0.190871	  0.080913	  0.203320	
  0.719916	  0.016598	  0.087137	  0.176349	
  0.968880	  0.000000	  0.004149	  0.026971	
  0.875519	  0.000000	  0.000000	  0.124481	
  0.798755	  0.037344	  0.047718	  0.116183	
  0.427386	  0.101660	  0.070539	  0.400415	
  0.265560	  0.000000	  0.732365	  0.002075	
  0.000000	  0.000000	  1.000000	  0.000000	
  0.612033	  0.147303	  0.026971	  0.213693	
  0.914938	  0.008299	  0.006224	  0.070539	
  0.896266	  0.008299	  0.018672	  0.076763	
  0.512448	  0.126556	  0.234440	  0.126556	
  0.531120	  0.056017	  0.095436	  0.317427	
  0.491701	  0.085062	  0.053942	  0.369295	

URL http://cisbp.ccbr.utoronto.ca/TFreport.php?versionNumber=2.00&searchTF=T257105_2.00

MOTIF M07111_2.00 (Q948S4_TOBAC)_(Arabidopsis_thaliana)_(DBD_0.72)

letter-probability matrix: alength= 4 w= 13 nsites= 1 E= 0
  0.440141	  0.121479	  0.149648	  0.288732	
  0.498239	  0.063380	  0.058099	  0.380282	
  0.313380	  0.140845	  0.095070	  0.450704	
  0.362676	  0.163732	  0.232394	  0.241197	
  0.086268	  0.103873	  0.084507	  0.725352	
  0.399648	  0.000000	  0.366197	  0.234155	
  0.690140	  0.001761	  0.242958	  0.065141	
  0.063380	  0.936620	  0.000000	  0.000000	
  0.000000	  1.000000	  0.000000	  0.000000	
  0.000000	  0.000000	  1.000000	  0.000000	
  0.000000	  0.000000	  0.000000	  1.000000	
  0.000000	  0.000000	  0.000000	  1.000000	
  0.482394	  0.000000	  0.447183	  0.070423	

URL http://cisbp.ccbr.utoronto.ca/TFreport.php?versionNumber=2.00&searchTF=T283696_2.00

