MEME version 4

ALPHABET= ACGT

strands: + -

Background letter frequencies (from uniform background):
A 0.25000 C 0.25000 G 0.25000 T 0.25000 

MOTIF M00111_2.00 (Ocbimv22034917m.g)_(Mus_musculus)_(DBD_0.95)

letter-probability matrix: alength= 4 w= 10 nsites= 1 E= 0
  0.220377	  0.335405	  0.102037	  0.342181	
  0.111784	  0.193750	  0.669524	  0.024942	
  0.009553	  0.989147	  0.000370	  0.000929	
  0.000437	  0.891193	  0.000324	  0.108046	
  0.046223	  0.377462	  0.191229	  0.385087	
  0.132612	  0.336106	  0.329451	  0.201830	
  0.430307	  0.248265	  0.229178	  0.092250	
  0.301624	  0.024759	  0.651437	  0.022180	
  0.055101	  0.000431	  0.943092	  0.001376	
  0.095237	  0.349453	  0.435445	  0.119865	

URL http://cisbp.ccbr.utoronto.ca/TFreport.php?versionNumber=2.00&searchTF=T011217_2.00

MOTIF M00115_2.00 (Ocbimv22026349m.g)_(Mus_musculus)_(DBD_0.89)

letter-probability matrix: alength= 4 w= 9 nsites= 1 E= 0
  0.246578	  0.267115	  0.232219	  0.254088	
  0.378326	  0.089636	  0.246105	  0.285933	
  0.932211	  0.020037	  0.024473	  0.023279	
  0.109459	  0.057143	  0.094212	  0.739186	
  0.198441	  0.333784	  0.113351	  0.354424	
  0.708755	  0.056459	  0.138866	  0.095920	
  0.607308	  0.100387	  0.141039	  0.151265	
  0.519306	  0.108039	  0.187259	  0.185396	
  0.347377	  0.202433	  0.185010	  0.265180	

URL http://cisbp.ccbr.utoronto.ca/TFreport.php?versionNumber=2.00&searchTF=T016039_2.00

MOTIF M00116_2.00 (Ocbimv22018673m.g)_(Mus_musculus)_(DBD_0.62)

letter-probability matrix: alength= 4 w= 11 nsites= 1 E= 0
  0.299920	  0.199062	  0.199062	  0.301956	
  0.282795	  0.466267	  0.073219	  0.177718	
  0.928776	  0.023741	  0.023741	  0.023741	
  0.999535	  0.000155	  0.000155	  0.000155	
  0.000155	  0.000155	  0.000155	  0.999535	
  0.999535	  0.000155	  0.000155	  0.000155	
  0.000155	  0.000155	  0.000155	  0.999535	
  0.000155	  0.097259	  0.000155	  0.902432	
  0.542245	  0.051093	  0.149621	  0.257042	
  0.176936	  0.277743	  0.176936	  0.368385	
  0.226414	  0.320759	  0.226414	  0.226414	

URL http://cisbp.ccbr.utoronto.ca/TFreport.php?versionNumber=2.00&searchTF=T016038_2.00

MOTIF M00123_2.00 (Ocbimv22039773m.g)_(Mus_musculus)_(DBD_0.66)

letter-probability matrix: alength= 4 w= 10 nsites= 1 E= 0
  0.204029	  0.225487	  0.206080	  0.364404	
  0.236887	  0.356945	  0.180834	  0.225334	
  0.366431	  0.173090	  0.224485	  0.235995	
  0.211095	  0.124252	  0.479292	  0.185362	
  0.221482	  0.544759	  0.112207	  0.121552	
  0.581822	  0.053848	  0.253703	  0.110627	
  0.397568	  0.193517	  0.184079	  0.224835	
  0.408500	  0.110221	  0.169439	  0.311840	
  0.374779	  0.157014	  0.132467	  0.335740	
  0.299479	  0.213160	  0.169363	  0.317998	

URL http://cisbp.ccbr.utoronto.ca/TFreport.php?versionNumber=2.00&searchTF=T071291_2.00

MOTIF M00133_2.00 (Ocbimv22017043m.g)_(Mus_musculus)_(DBD_0.91)

letter-probability matrix: alength= 4 w= 10 nsites= 1 E= 0
  0.210214	  0.458577	  0.118882	  0.212327	
  0.423407	  0.501866	  0.028741	  0.045986	
  0.029760	  0.909753	  0.024858	  0.035629	
  0.156909	  0.014093	  0.668920	  0.160079	
  0.000767	  0.987545	  0.000039	  0.011649	
  0.000264	  0.999670	  0.000030	  0.000036	
  0.000434	  0.833039	  0.000013	  0.166514	
  0.296789	  0.562855	  0.013504	  0.126852	
  0.102020	  0.541945	  0.119721	  0.236315	
  0.207575	  0.297523	  0.149230	  0.345672	

URL http://cisbp.ccbr.utoronto.ca/TFreport.php?versionNumber=2.00&searchTF=T141089_2.00

MOTIF M00134_2.00 (Ocbimv22021426m.g)_(Mus_musculus)_(DBD_0.83)

letter-probability matrix: alength= 4 w= 10 nsites= 1 E= 0
  0.234441	  0.180766	  0.414554	  0.170239	
  0.219242	  0.497789	  0.115605	  0.167365	
  0.177318	  0.538047	  0.076550	  0.208085	
  0.515538	  0.352557	  0.089587	  0.042318	
  0.009895	  0.974574	  0.000320	  0.015211	
  0.228736	  0.010304	  0.660217	  0.100743	
  0.000089	  0.999596	  0.000241	  0.000074	
  0.000191	  0.999363	  0.000173	  0.000272	
  0.001121	  0.823801	  0.000229	  0.174850	
  0.342124	  0.258571	  0.077105	  0.322200	

URL http://cisbp.ccbr.utoronto.ca/TFreport.php?versionNumber=2.00&searchTF=T141313_2.00

MOTIF M00153_2.00 (Ocbimv22033395m.g)_(Mus_musculus)_(DBD_0.80)

letter-probability matrix: alength= 4 w= 10 nsites= 1 E= 0
  0.328844	  0.158473	  0.193559	  0.319125	
  0.340062	  0.138259	  0.138259	  0.383419	
  0.250781	  0.152106	  0.248285	  0.348828	
  0.146662	  0.212328	  0.477294	  0.163716	
  0.049148	  0.109382	  0.841214	  0.000255	
  0.098666	  0.881603	  0.000009	  0.019722	
  0.001228	  0.000013	  0.977948	  0.020810	
  0.022581	  0.624590	  0.326064	  0.026765	
  0.135566	  0.284138	  0.361210	  0.219085	
  0.234821	  0.292605	  0.182879	  0.289694	

URL http://cisbp.ccbr.utoronto.ca/TFreport.php?versionNumber=2.00&searchTF=T173875_2.00

MOTIF M00157_2.00 (Ocbimv22007469m.g)_(Mus_musculus)_(DBD_0.85)

letter-probability matrix: alength= 4 w= 10 nsites= 1 E= 0
  0.310173	  0.239160	  0.232091	  0.218575	
  0.515468	  0.099991	  0.271802	  0.112739	
  0.100868	  0.708969	  0.159782	  0.030381	
  0.125542	  0.847793	  0.021599	  0.005066	
  0.008511	  0.006180	  0.983769	  0.001539	
  0.001765	  0.005251	  0.990671	  0.002313	
  0.980239	  0.008916	  0.004748	  0.006097	
  0.784086	  0.021000	  0.005390	  0.189525	
  0.330437	  0.069437	  0.572730	  0.027396	
  0.085838	  0.235677	  0.092987	  0.585498	

URL http://cisbp.ccbr.utoronto.ca/TFreport.php?versionNumber=2.00&searchTF=T177958_2.00

MOTIF M00158_2.00 (Ocbimv22011258m.g)_(Mus_musculus)_(DBD_0.64)

letter-probability matrix: alength= 4 w= 10 nsites= 1 E= 0
  0.497929	  0.096588	  0.145541	  0.259942	
  0.239502	  0.275493	  0.259450	  0.225555	
  0.238666	  0.401443	  0.297397	  0.062494	
  0.339402	  0.554011	  0.093427	  0.013160	
  0.009336	  0.001239	  0.986255	  0.003171	
  0.006697	  0.003195	  0.983988	  0.006120	
  0.979497	  0.004380	  0.005458	  0.010666	
  0.868199	  0.019815	  0.004602	  0.107385	
  0.352316	  0.096017	  0.530876	  0.020791	
  0.123743	  0.244253	  0.082947	  0.549058	

URL http://cisbp.ccbr.utoronto.ca/TFreport.php?versionNumber=2.00&searchTF=T177961_2.00

MOTIF M00159_2.00 (Ocbimv22034220m.g)_(Mus_musculus)_(DBD_0.72)

letter-probability matrix: alength= 4 w= 10 nsites= 1 E= 0
  0.401213	  0.134894	  0.189519	  0.274374	
  0.288005	  0.299758	  0.235798	  0.176439	
  0.207310	  0.504826	  0.205247	  0.082617	
  0.276376	  0.615087	  0.084925	  0.023612	
  0.001256	  0.018138	  0.980434	  0.000172	
  0.005077	  0.055966	  0.893136	  0.045821	
  0.810468	  0.028435	  0.076525	  0.084573	
  0.293995	  0.181919	  0.067597	  0.456488	
  0.285185	  0.231166	  0.308937	  0.174712	
  0.171414	  0.277017	  0.125723	  0.425847	

URL http://cisbp.ccbr.utoronto.ca/TFreport.php?versionNumber=2.00&searchTF=T177967_2.00

MOTIF M00161_2.00 (Ocbimv22006019m.g)_(Mus_musculus)_(DBD_0.73)

letter-probability matrix: alength= 4 w= 12 nsites= 1 E= 0
  0.394926	  0.201691	  0.201691	  0.201691	
  0.357836	  0.147163	  0.347838	  0.147163	
  0.159006	  0.172368	  0.068783	  0.599842	
  0.841382	  0.113021	  0.022798	  0.022798	
  0.999531	  0.000156	  0.000156	  0.000156	
  0.999531	  0.000156	  0.000156	  0.000156	
  0.000156	  0.999531	  0.000156	  0.000156	
  0.999531	  0.000156	  0.000156	  0.000156	
  0.854605	  0.048465	  0.048465	  0.048465	
  0.691020	  0.102993	  0.102993	  0.102993	
  0.181373	  0.360053	  0.181373	  0.277201	
  0.317926	  0.227358	  0.227358	  0.227358	

URL http://cisbp.ccbr.utoronto.ca/TFreport.php?versionNumber=2.00&searchTF=T189374_2.00

MOTIF M00162_2.00 (Ocbimv22012661m.g)_(Mus_musculus)_(DBD_0.92)

letter-probability matrix: alength= 4 w= 8 nsites= 1 E= 0
  0.160144	  0.000399	  0.839058	  0.000399	
  0.000322	  0.032539	  0.000322	  0.966817	
  0.878027	  0.121368	  0.000303	  0.000303	
  0.968826	  0.030569	  0.000303	  0.000303	
  0.999092	  0.000303	  0.000303	  0.000303	
  0.000303	  0.635896	  0.000303	  0.363499	
  0.999092	  0.000303	  0.000303	  0.000303	
  0.630777	  0.105567	  0.105567	  0.158088	

URL http://cisbp.ccbr.utoronto.ca/TFreport.php?versionNumber=2.00&searchTF=T189379_2.00

MOTIF M00163_2.00 (Ocbimv22014751m.g)_(Mus_musculus)_(DBD_0.91)

letter-probability matrix: alength= 4 w= 8 nsites= 1 E= 0
  0.309467	  0.142959	  0.547336	  0.000238	
  0.295052	  0.000164	  0.000164	  0.704620	
  0.619510	  0.295749	  0.000141	  0.084600	
  0.888534	  0.069545	  0.000139	  0.041782	
  0.999584	  0.000139	  0.000139	  0.000139	
  0.000139	  0.957940	  0.000139	  0.041782	
  0.999572	  0.000143	  0.000143	  0.000143	
  0.660068	  0.132164	  0.056750	  0.151018	

URL http://cisbp.ccbr.utoronto.ca/TFreport.php?versionNumber=2.00&searchTF=T189380_2.00

MOTIF M00164_2.00 (Ocbimv22003940m.g)_(Mus_musculus)_(DBD_0.69)

letter-probability matrix: alength= 4 w= 10 nsites= 1 E= 0
  0.366283	  0.166235	  0.164581	  0.302901	
  0.345139	  0.171391	  0.195185	  0.288285	
  0.267836	  0.181340	  0.196443	  0.354381	
  0.346821	  0.108724	  0.419393	  0.125062	
  0.146969	  0.100507	  0.031824	  0.720700	
  0.700016	  0.254959	  0.000720	  0.044305	
  0.906192	  0.053477	  0.000316	  0.040015	
  0.934400	  0.000771	  0.023568	  0.041260	
  0.033048	  0.600627	  0.033381	  0.332944	
  0.853101	  0.047889	  0.045553	  0.053457	

URL http://cisbp.ccbr.utoronto.ca/TFreport.php?versionNumber=2.00&searchTF=T189372_2.00

MOTIF M00168_2.00 (Ocbimv22027544m.g)_(Mus_musculus)_(DBD_0.62)

letter-probability matrix: alength= 4 w= 9 nsites= 1 E= 0
  0.220991	  0.264574	  0.272632	  0.241803	
  0.530934	  0.183945	  0.203291	  0.081830	
  0.102634	  0.102634	  0.066100	  0.728632	
  0.301843	  0.142580	  0.549993	  0.005584	
  0.162465	  0.523462	  0.198435	  0.115638	
  0.086217	  0.060152	  0.690122	  0.163509	
  0.005064	  0.010198	  0.974742	  0.009996	
  0.005612	  0.003838	  0.977420	  0.013130	
  0.116745	  0.317345	  0.111051	  0.454860	

URL http://cisbp.ccbr.utoronto.ca/TFreport.php?versionNumber=2.00&searchTF=T198180_2.00

MOTIF M00178_2.00 (Ocbimv22020285m.g)_(Mus_musculus)_(DBD_0.96)

letter-probability matrix: alength= 4 w= 10 nsites= 1 E= 0
  0.212984	  0.416099	  0.142972	  0.227946	
  0.201998	  0.401559	  0.182516	  0.213926	
  0.432247	  0.083239	  0.179282	  0.305232	
  0.394149	  0.098816	  0.146383	  0.360652	
  0.532912	  0.075998	  0.118189	  0.272901	
  0.272901	  0.118189	  0.075998	  0.532912	
  0.360652	  0.146383	  0.098816	  0.394149	
  0.305232	  0.179282	  0.083239	  0.432247	
  0.213926	  0.182516	  0.401559	  0.201998	
  0.227946	  0.142972	  0.416099	  0.212984	

URL http://cisbp.ccbr.utoronto.ca/TFreport.php?versionNumber=2.00&searchTF=T257479_2.00

MOTIF M00181_2.00 (Ocbimv22005201m.g)_(Mus_musculus)_(DBD_0.63)

letter-probability matrix: alength= 4 w= 10 nsites= 1 E= 0
  0.325203	  0.229167	  0.176700	  0.268930	
  0.302762	  0.119456	  0.489286	  0.088495	
  0.447338	  0.000344	  0.551871	  0.000446	
  0.041805	  0.000161	  0.956243	  0.001791	
  0.023582	  0.000259	  0.765452	  0.210707	
  0.048615	  0.000240	  0.085109	  0.866036	
  0.081116	  0.682577	  0.097113	  0.139195	
  0.814947	  0.000279	  0.169546	  0.015228	
  0.270941	  0.314788	  0.148695	  0.265576	
  0.251452	  0.223018	  0.319658	  0.205872	

URL http://cisbp.ccbr.utoronto.ca/TFreport.php?versionNumber=2.00&searchTF=T307011_2.00

MOTIF M00182_2.00 (Ocbimv22001693m.g)_(Mus_musculus)_(DBD_0.89)

letter-probability matrix: alength= 4 w= 10 nsites= 1 E= 0
  0.335787	  0.227347	  0.218433	  0.218433	
  0.308956	  0.147407	  0.412898	  0.130739	
  0.384796	  0.046188	  0.524640	  0.044377	
  0.018196	  0.000549	  0.935597	  0.045658	
  0.066096	  0.000114	  0.420360	  0.513429	
  0.127654	  0.379679	  0.101426	  0.391242	
  0.153029	  0.652382	  0.103610	  0.090979	
  0.586362	  0.092198	  0.253139	  0.068302	
  0.307590	  0.259503	  0.198099	  0.234808	
  0.269577	  0.239094	  0.229719	  0.261610	

URL http://cisbp.ccbr.utoronto.ca/TFreport.php?versionNumber=2.00&searchTF=T307008_2.00

MOTIF M00185_2.00 (Ocbimv22003359m.g)_(Mus_musculus)_(DBD_0.64)

letter-probability matrix: alength= 4 w= 8 nsites= 1 E= 0
  0.347647	  0.151591	  0.347647	  0.153115	
  0.564155	  0.084380	  0.332064	  0.019401	
  0.004317	  0.000046	  0.955885	  0.039751	
  0.004651	  0.000012	  0.818173	  0.177164	
  0.050818	  0.035811	  0.069287	  0.844084	
  0.018541	  0.854042	  0.045150	  0.082268	
  0.872278	  0.006056	  0.104701	  0.016964	
  0.268794	  0.328306	  0.178385	  0.224515	

URL http://cisbp.ccbr.utoronto.ca/TFreport.php?versionNumber=2.00&searchTF=T307010_2.00

MOTIF M00186_2.00 (Ocbimv22008419m.g)_(Mus_musculus)_(DBD_0.67)

letter-probability matrix: alength= 4 w= 10 nsites= 1 E= 0
  0.071969	  0.027556	  0.876757	  0.023718	
  0.043751	  0.062085	  0.082972	  0.811192	
  0.263828	  0.195449	  0.035350	  0.505373	
  0.277657	  0.050219	  0.476462	  0.195662	
  0.040535	  0.621518	  0.064210	  0.273736	
  0.027735	  0.451560	  0.091168	  0.429537	
  0.579359	  0.135900	  0.150193	  0.134548	
  0.268595	  0.156524	  0.265923	  0.308958	
  0.108591	  0.168610	  0.656936	  0.065864	
  0.169606	  0.263349	  0.369991	  0.197054	

URL http://cisbp.ccbr.utoronto.ca/TFreport.php?versionNumber=2.00&searchTF=T319047_2.00

MOTIF M00188_2.00 (Ocbimv22014783m.g)_(Mus_musculus)_(DBD_0.89)

letter-probability matrix: alength= 4 w= 10 nsites= 1 E= 0
  0.104605	  0.584172	  0.194454	  0.116769	
  0.266268	  0.282733	  0.156727	  0.294272	
  0.098718	  0.112423	  0.073867	  0.714991	
  0.512814	  0.101485	  0.365006	  0.020695	
  0.255170	  0.103744	  0.573599	  0.067487	
  0.184311	  0.457887	  0.038345	  0.319457	
  0.484397	  0.018971	  0.233435	  0.263197	
  0.869982	  0.053972	  0.047869	  0.028176	
  0.021911	  0.904128	  0.002656	  0.071305	
  0.236202	  0.300271	  0.335186	  0.128340	

URL http://cisbp.ccbr.utoronto.ca/TFreport.php?versionNumber=2.00&searchTF=T319048_2.00

MOTIF M00192_2.00 (Ocbimv22036741m.g)_(Mus_musculus)_(DBD_0.79)

letter-probability matrix: alength= 4 w= 10 nsites= 1 E= 0
  0.288710	  0.216031	  0.234024	  0.261235	
  0.267885	  0.210726	  0.228276	  0.293113	
  0.254675	  0.244689	  0.210606	  0.290031	
  0.178353	  0.381367	  0.197110	  0.243170	
  0.142077	  0.390086	  0.214084	  0.253754	
  0.577609	  0.339984	  0.075861	  0.006546	
  0.069047	  0.067007	  0.858163	  0.005782	
  0.628592	  0.263350	  0.048110	  0.059948	
  0.080759	  0.917332	  0.000028	  0.001880	
  0.388991	  0.137491	  0.312172	  0.161347	

URL http://cisbp.ccbr.utoronto.ca/TFreport.php?versionNumber=2.00&searchTF=T325367_2.00

MOTIF M00195_2.00 (Ocbimv22001036m.g)_(Mus_musculus)_(DBD_0.56)

letter-probability matrix: alength= 4 w= 10 nsites= 1 E= 0
  0.279067	  0.181426	  0.181426	  0.358081	
  0.289551	  0.189085	  0.212315	  0.309049	
  0.000105	  0.000105	  0.000105	  0.999685	
  0.000105	  0.000105	  0.999685	  0.000105	
  0.000105	  0.999685	  0.000105	  0.000105	
  0.000105	  0.000105	  0.000105	  0.999685	
  0.000105	  0.000105	  0.999685	  0.000105	
  0.999685	  0.000105	  0.000105	  0.000105	
  0.068679	  0.613130	  0.162332	  0.155859	
  0.241038	  0.147190	  0.147190	  0.464583	

URL http://cisbp.ccbr.utoronto.ca/TFreport.php?versionNumber=2.00&searchTF=T334306_2.00

MOTIF M00198_2.00 (Ocbimv22023772m.g)_(Mus_musculus)_(DBD_0.88)

letter-probability matrix: alength= 4 w= 10 nsites= 1 E= 0
  0.487867	  0.129030	  0.194424	  0.188678	
  0.105157	  0.367034	  0.405635	  0.122175	
  0.637879	  0.044618	  0.022157	  0.295346	
  0.127896	  0.036643	  0.013891	  0.821570	
  0.117054	  0.666899	  0.135998	  0.080049	
  0.875401	  0.013939	  0.013663	  0.096997	
  0.818830	  0.046427	  0.085445	  0.049298	
  0.728316	  0.019702	  0.107849	  0.144133	
  0.179802	  0.178013	  0.562199	  0.079986	
  0.267968	  0.186955	  0.403779	  0.141298	

URL http://cisbp.ccbr.utoronto.ca/TFreport.php?versionNumber=2.00&searchTF=T334319_2.00

MOTIF M00201_2.00 (Ocbimv22035960m.g)_(Mus_musculus)_(DBD_0.54)

letter-probability matrix: alength= 4 w= 10 nsites= 1 E= 0
  0.806958	  0.018417	  0.014929	  0.159696	
  0.000158	  0.063550	  0.009411	  0.926882	
  0.000162	  0.000157	  0.000079	  0.999602	
  0.261590	  0.078790	  0.649875	  0.009745	
  0.083298	  0.023393	  0.028572	  0.864737	
  0.102484	  0.262358	  0.142552	  0.492606	
  0.245858	  0.288517	  0.199289	  0.266335	
  0.201761	  0.272348	  0.161917	  0.363974	
  0.224773	  0.248413	  0.285743	  0.241071	
  0.193695	  0.309911	  0.195642	  0.300752	

URL http://cisbp.ccbr.utoronto.ca/TFreport.php?versionNumber=2.00&searchTF=T334331_2.00

MOTIF M00214_2.00 (Ocbimv22021495m.g)_(Mus_musculus)_(DBD_0.96)

letter-probability matrix: alength= 4 w= 10 nsites= 1 E= 0
  0.271418	  0.222218	  0.260775	  0.245589	
  0.276412	  0.204771	  0.245155	  0.273662	
  0.272770	  0.221103	  0.251798	  0.254329	
  0.267470	  0.208305	  0.298570	  0.225655	
  0.409172	  0.169718	  0.217922	  0.203189	
  0.328851	  0.083563	  0.116234	  0.471352	
  0.122925	  0.296360	  0.442117	  0.138598	
  0.861430	  0.012662	  0.082154	  0.043754	
  0.852026	  0.047352	  0.093468	  0.007154	
  0.231452	  0.044450	  0.088621	  0.635476	

URL http://cisbp.ccbr.utoronto.ca/TFreport.php?versionNumber=2.00&searchTF=T334318_2.00

MOTIF M00216_2.00 (Ocbimv22013703m.g)_(Mus_musculus)_(DBD_0.92)

letter-probability matrix: alength= 4 w= 7 nsites= 1 E= 0
  0.317192	  0.188577	  0.170632	  0.323600	
  0.377028	  0.110202	  0.112429	  0.400342	
  0.238466	  0.123251	  0.123251	  0.515031	
  0.532428	  0.000769	  0.095340	  0.371463	
  0.290314	  0.000533	  0.069475	  0.639678	
  0.715780	  0.078521	  0.191210	  0.014489	
  0.289234	  0.119969	  0.104296	  0.486500	

URL http://cisbp.ccbr.utoronto.ca/TFreport.php?versionNumber=2.00&searchTF=T343135_2.00

MOTIF M00226_2.00 (Ocbimv22019777m.g)_(Homo_sapiens)_(DBD_0.85)

letter-probability matrix: alength= 4 w= 8 nsites= 1 E= 0
  0.083611	  0.749168	  0.042013	  0.125208	
  0.406055	  0.593321	  0.000312	  0.000312	
  0.000303	  0.968826	  0.030569	  0.000303	
  0.212167	  0.030569	  0.756961	  0.000303	
  0.000303	  0.999092	  0.000303	  0.000303	
  0.000303	  0.999092	  0.000303	  0.000303	
  0.000303	  0.999092	  0.000303	  0.000303	
  0.521267	  0.304253	  0.043837	  0.130642	

URL http://cisbp.ccbr.utoronto.ca/TFreport.php?versionNumber=2.00&searchTF=T141215_2.00

MOTIF M00257_2.00 (Ocbimv22005161m.g)_(Homo_sapiens)_(DBD_0.90)

letter-probability matrix: alength= 4 w= 10 nsites= 1 E= 0
  0.326582	  0.181033	  0.131457	  0.360928	
  0.376628	  0.160976	  0.273488	  0.188908	
  0.247519	  0.242618	  0.230785	  0.279077	
  0.363901	  0.188083	  0.342709	  0.105307	
  0.343254	  0.200031	  0.077360	  0.379355	
  0.494185	  0.252879	  0.037446	  0.215489	
  0.759756	  0.101799	  0.035623	  0.102822	
  0.777778	  0.049722	  0.111770	  0.060730	
  0.010752	  0.547346	  0.078656	  0.363246	
  0.741580	  0.060267	  0.105508	  0.092646	

URL http://cisbp.ccbr.utoronto.ca/TFreport.php?versionNumber=2.00&searchTF=T189373_2.00

MOTIF M00264_2.00 (Ocbimv22015900m.g)_(Homo_sapiens)_(DBD_0.96)

letter-probability matrix: alength= 4 w= 9 nsites= 1 E= 0
  0.233408	  0.265811	  0.293767	  0.207014	
  0.218699	  0.307260	  0.229912	  0.244129	
  0.170035	  0.133754	  0.053303	  0.642908	
  0.615562	  0.090246	  0.171149	  0.123043	
  0.889185	  0.026584	  0.061578	  0.022653	
  0.050885	  0.155955	  0.072935	  0.720226	
  0.195427	  0.193483	  0.209597	  0.401492	
  0.262679	  0.206630	  0.324061	  0.206630	
  0.264075	  0.227292	  0.322542	  0.186091	

URL http://cisbp.ccbr.utoronto.ca/TFreport.php?versionNumber=2.00&searchTF=T227793_2.00

MOTIF M00278_2.00 (Ocbimv22015002m.g)_(Homo_sapiens)_(DBD_0.46)

letter-probability matrix: alength= 4 w= 7 nsites= 1 E= 0
  0.251602	  0.272558	  0.269846	  0.205995	
  0.233750	  0.285503	  0.285503	  0.195244	
  0.206107	  0.304415	  0.259406	  0.230072	
  0.195897	  0.229888	  0.163627	  0.410588	
  0.440753	  0.198043	  0.167082	  0.194122	
  0.621313	  0.068843	  0.255146	  0.054698	
  0.040319	  0.269567	  0.013692	  0.676422	

URL http://cisbp.ccbr.utoronto.ca/TFreport.php?versionNumber=2.00&searchTF=T227791_2.00

MOTIF M00290_2.00 (Ocbimv22016198m.g)_(Homo_sapiens)_(DBD_0.96)

letter-probability matrix: alength= 4 w= 8 nsites= 1 E= 0
  0.157555	  0.127712	  0.069392	  0.645340	
  0.632466	  0.076679	  0.146882	  0.143973	
  0.886949	  0.005685	  0.055025	  0.052341	
  0.068959	  0.060553	  0.110335	  0.760153	
  0.143566	  0.126064	  0.153975	  0.576395	
  0.315323	  0.085080	  0.443012	  0.156585	
  0.236009	  0.260830	  0.300026	  0.203135	
  0.240835	  0.263516	  0.226810	  0.268839	

URL http://cisbp.ccbr.utoronto.ca/TFreport.php?versionNumber=2.00&searchTF=T227794_2.00

MOTIF M00317_2.00 (Ocbimv22019944m.g)_(Homo_sapiens)_(DBD_0.70)

letter-probability matrix: alength= 4 w= 10 nsites= 1 E= 0
  0.157801	  0.167558	  0.059820	  0.614822	
  0.655185	  0.062484	  0.140459	  0.141871	
  0.908582	  0.026361	  0.038164	  0.026894	
  0.070259	  0.192902	  0.076875	  0.659964	
  0.179443	  0.212695	  0.196342	  0.411520	
  0.313165	  0.180680	  0.291993	  0.214161	
  0.268057	  0.202593	  0.344193	  0.185156	
  0.315986	  0.236441	  0.246091	  0.201482	
  0.177958	  0.194717	  0.185220	  0.442105	
  0.234421	  0.236777	  0.182567	  0.346235	

URL http://cisbp.ccbr.utoronto.ca/TFreport.php?versionNumber=2.00&searchTF=T227803_2.00

MOTIF M00323_2.00 (Ocbimv22021784m.g)_(Homo_sapiens)_(DBD_0.95)

letter-probability matrix: alength= 4 w= 11 nsites= 1 E= 0
  0.179590	  0.272728	  0.179590	  0.368091	
  0.175964	  0.077189	  0.077189	  0.669658	
  0.028891	  0.225357	  0.028891	  0.716861	
  0.999830	  0.000057	  0.000057	  0.000057	
  0.999830	  0.000057	  0.000057	  0.000057	
  0.000057	  0.000057	  0.999830	  0.000057	
  0.000057	  0.000057	  0.000057	  0.999830	
  0.115394	  0.000057	  0.884493	  0.000057	
  0.070466	  0.282896	  0.576171	  0.070466	
  0.172868	  0.264524	  0.172868	  0.389741	
  0.221166	  0.221166	  0.221166	  0.336503	

URL http://cisbp.ccbr.utoronto.ca/TFreport.php?versionNumber=2.00&searchTF=T227808_2.00

MOTIF M00325_2.00 (Ocbimv22010133m.g)_(Homo_sapiens)_(DBD_0.98)

letter-probability matrix: alength= 4 w= 8 nsites= 1 E= 0
  0.292314	  0.201912	  0.249094	  0.256680	
  0.276005	  0.190646	  0.276005	  0.257345	
  0.166254	  0.211350	  0.161341	  0.461055	
  0.161543	  0.067679	  0.623139	  0.147639	
  0.908497	  0.017669	  0.072370	  0.001465	
  0.035824	  0.130139	  0.070008	  0.764029	
  0.674984	  0.282785	  0.020588	  0.021643	
  0.078931	  0.445224	  0.158948	  0.316897	

URL http://cisbp.ccbr.utoronto.ca/TFreport.php?versionNumber=2.00&searchTF=T227786_2.00

MOTIF M00368_2.00 (Ocbimv22026489m.g)_(Homo_sapiens)_(DBD_0.76)

letter-probability matrix: alength= 4 w= 10 nsites= 1 E= 0
  0.289619	  0.286737	  0.186525	  0.237120	
  0.302937	  0.132095	  0.461058	  0.103910	
  0.532286	  0.082862	  0.360388	  0.024463	
  0.012110	  0.005280	  0.947658	  0.034953	
  0.005552	  0.001227	  0.783832	  0.209389	
  0.024110	  0.047589	  0.037063	  0.891238	
  0.000812	  0.917821	  0.005270	  0.076097	
  0.825383	  0.009639	  0.146328	  0.018650	
  0.311014	  0.237422	  0.134268	  0.317297	
  0.253574	  0.261297	  0.234078	  0.251051	

URL http://cisbp.ccbr.utoronto.ca/TFreport.php?versionNumber=2.00&searchTF=T307024_2.00

MOTIF M00380_2.00 (Ocbimv22030275m.g)_(Mus_musculus)_(DBD_0.90)

letter-probability matrix: alength= 4 w= 8 nsites= 1 E= 0
  0.197712	  0.294951	  0.128613	  0.378724	
  0.094122	  0.079407	  0.010325	  0.816145	
  0.890434	  0.022015	  0.083238	  0.004313	
  0.994089	  0.000151	  0.000109	  0.005651	
  0.011500	  0.089327	  0.025850	  0.873323	
  0.128510	  0.058910	  0.253662	  0.558919	
  0.589184	  0.038044	  0.310672	  0.062100	
  0.188759	  0.223737	  0.420090	  0.167414	

URL http://cisbp.ccbr.utoronto.ca/TFreport.php?versionNumber=2.00&searchTF=T227830_2.00

MOTIF M00384_2.00 (Ocbimv22031356m.g)_(Mus_musculus)_(DBD_0.84)

letter-probability matrix: alength= 4 w= 9 nsites= 1 E= 0
  0.260011	  0.244869	  0.186928	  0.308192	
  0.121246	  0.118845	  0.033711	  0.726198	
  0.700489	  0.000333	  0.270908	  0.028269	
  0.962122	  0.009292	  0.000107	  0.028478	
  0.024775	  0.111032	  0.068021	  0.796173	
  0.075798	  0.088950	  0.394680	  0.440572	
  0.541591	  0.066321	  0.277137	  0.114952	
  0.183583	  0.341268	  0.255359	  0.219789	
  0.201776	  0.326086	  0.199769	  0.272370	

URL http://cisbp.ccbr.utoronto.ca/TFreport.php?versionNumber=2.00&searchTF=T227832_2.00

MOTIF M00386_2.00 (Ocbimv22027669m.g)_(Mus_musculus)_(DBD_0.84)

letter-probability matrix: alength= 4 w= 9 nsites= 1 E= 0
  0.268445	  0.240482	  0.255353	  0.235720	
  0.200643	  0.235457	  0.276312	  0.287588	
  0.315755	  0.080236	  0.258518	  0.345491	
  0.782420	  0.011733	  0.091139	  0.114708	
  0.101611	  0.743341	  0.043867	  0.111181	
  0.671433	  0.112103	  0.066647	  0.149817	
  0.308060	  0.244764	  0.116780	  0.330396	
  0.231796	  0.229489	  0.363528	  0.175187	
  0.271804	  0.243491	  0.248410	  0.236295	

URL http://cisbp.ccbr.utoronto.ca/TFreport.php?versionNumber=2.00&searchTF=T227825_2.00

MOTIF M00393_2.00 (Ocbimv22032299m.g)_(Mus_musculus)_(DBD_0.86)

letter-probability matrix: alength= 4 w= 8 nsites= 1 E= 0
  0.235698	  0.265748	  0.314993	  0.183561	
  0.194613	  0.361771	  0.230676	  0.212940	
  0.142042	  0.092400	  0.025949	  0.739610	
  0.699379	  0.079059	  0.175949	  0.045613	
  0.870945	  0.043362	  0.006683	  0.079010	
  0.058490	  0.192260	  0.064641	  0.684609	
  0.137513	  0.209290	  0.328232	  0.324966	
  0.380775	  0.133247	  0.314885	  0.171093	

URL http://cisbp.ccbr.utoronto.ca/TFreport.php?versionNumber=2.00&searchTF=T227833_2.00

MOTIF M00411_2.00 (Ocbimv22019499m.g)_(Mus_musculus)_(DBD_0.74)

letter-probability matrix: alength= 4 w= 9 nsites= 1 E= 0
  0.240681	  0.253021	  0.279632	  0.226665	
  0.227219	  0.312909	  0.182347	  0.277525	
  0.152629	  0.043729	  0.032395	  0.771247	
  0.781271	  0.024069	  0.108954	  0.085706	
  0.946629	  0.020346	  0.018971	  0.014054	
  0.079369	  0.043125	  0.124475	  0.753031	
  0.124675	  0.611374	  0.090532	  0.173419	
  0.108349	  0.531316	  0.137739	  0.222596	
  0.186346	  0.310320	  0.277995	  0.225339	

URL http://cisbp.ccbr.utoronto.ca/TFreport.php?versionNumber=2.00&searchTF=T227800_2.00

MOTIF M00413_2.00 (Ocbimv22038167m.g)_(Mus_musculus)_(DBD_0.90)

letter-probability matrix: alength= 4 w= 10 nsites= 1 E= 0
  0.226902	  0.245800	  0.321989	  0.205309	
  0.242216	  0.287100	  0.200303	  0.270381	
  0.160115	  0.052242	  0.025685	  0.761958	
  0.833901	  0.014384	  0.087892	  0.063823	
  0.916212	  0.019111	  0.030884	  0.033793	
  0.098357	  0.140978	  0.128844	  0.631820	
  0.120820	  0.238483	  0.315544	  0.325154	
  0.252984	  0.097839	  0.489472	  0.159705	
  0.192219	  0.295490	  0.272772	  0.239520	
  0.187034	  0.293327	  0.188913	  0.330726	

URL http://cisbp.ccbr.utoronto.ca/TFreport.php?versionNumber=2.00&searchTF=T227847_2.00

MOTIF M00416_2.00 (Ocbimv22017187m.g)_(Mus_musculus)_(DBD_0.86)

letter-probability matrix: alength= 4 w= 8 nsites= 1 E= 0
  0.262564	  0.254804	  0.249759	  0.232873	
  0.275648	  0.244478	  0.251924	  0.227950	
  0.207360	  0.229168	  0.266256	  0.297216	
  0.311690	  0.111276	  0.242744	  0.334290	
  0.708550	  0.043957	  0.124365	  0.123128	
  0.169491	  0.597527	  0.115908	  0.117073	
  0.675885	  0.093319	  0.088768	  0.142028	
  0.337236	  0.221580	  0.120396	  0.320789	

URL http://cisbp.ccbr.utoronto.ca/TFreport.php?versionNumber=2.00&searchTF=T227796_2.00

MOTIF M00418_2.00 (Ocbimv22025800m.g)_(Mus_musculus)_(DBD_0.96)

letter-probability matrix: alength= 4 w= 8 nsites= 1 E= 0
  0.244685	  0.262426	  0.184929	  0.307960	
  0.195722	  0.063860	  0.036477	  0.703941	
  0.712083	  0.037645	  0.106505	  0.143767	
  0.921471	  0.039884	  0.018840	  0.019806	
  0.072358	  0.024572	  0.250040	  0.653030	
  0.149500	  0.630995	  0.082872	  0.136633	
  0.112604	  0.499634	  0.129525	  0.258237	
  0.173100	  0.309164	  0.276959	  0.240777	

URL http://cisbp.ccbr.utoronto.ca/TFreport.php?versionNumber=2.00&searchTF=T227819_2.00

MOTIF M00422_2.00 (Ocbimv22018468m.g)_(Mus_musculus)_(DBD_0.88)

letter-probability matrix: alength= 4 w= 7 nsites= 1 E= 0
  0.190028	  0.259088	  0.234433	  0.316451	
  0.202470	  0.101554	  0.105699	  0.590277	
  0.663860	  0.035095	  0.167013	  0.134031	
  0.824891	  0.001005	  0.082703	  0.091401	
  0.139244	  0.098123	  0.093338	  0.669295	
  0.169026	  0.149913	  0.350743	  0.330318	
  0.396330	  0.104820	  0.327749	  0.171100	

URL http://cisbp.ccbr.utoronto.ca/TFreport.php?versionNumber=2.00&searchTF=T227797_2.00

MOTIF M00426_2.00 (Ocbimv22007835m.g)_(Mus_musculus)_(DBD_0.67)

letter-probability matrix: alength= 4 w= 9 nsites= 1 E= 0
  0.269860	  0.244180	  0.310413	  0.175547	
  0.222956	  0.322782	  0.189991	  0.264271	
  0.095770	  0.046616	  0.010402	  0.847212	
  0.799391	  0.056478	  0.097891	  0.046240	
  0.967307	  0.000597	  0.022077	  0.010019	
  0.039713	  0.048993	  0.055795	  0.855498	
  0.112128	  0.104548	  0.131584	  0.651740	
  0.377268	  0.097803	  0.400597	  0.124332	
  0.274391	  0.207380	  0.363054	  0.155175	

URL http://cisbp.ccbr.utoronto.ca/TFreport.php?versionNumber=2.00&searchTF=T227778_2.00

MOTIF M00427_2.00 (Ocbimv22023837m.g)_(Mus_musculus)_(DBD_0.77)

letter-probability matrix: alength= 4 w= 9 nsites= 1 E= 0
  0.168479	  0.163500	  0.146469	  0.521553	
  0.211125	  0.111324	  0.092061	  0.585490	
  0.332803	  0.037621	  0.152559	  0.477017	
  0.833329	  0.023463	  0.043182	  0.100026	
  0.015491	  0.177732	  0.064089	  0.742688	
  0.151377	  0.075927	  0.326939	  0.445757	
  0.427605	  0.074307	  0.394730	  0.103358	
  0.140060	  0.392316	  0.217472	  0.250152	
  0.235202	  0.305040	  0.214958	  0.244800	

URL http://cisbp.ccbr.utoronto.ca/TFreport.php?versionNumber=2.00&searchTF=T227813_2.00

MOTIF M00432_2.00 (Ocbimv22013377m.g)_(Mus_musculus)_(DBD_0.90)

letter-probability matrix: alength= 4 w= 8 nsites= 1 E= 0
  0.233021	  0.233021	  0.237729	  0.296228	
  0.299569	  0.128040	  0.147281	  0.425109	
  0.394212	  0.088845	  0.184360	  0.332583	
  0.791037	  0.010521	  0.120704	  0.077738	
  0.125342	  0.030909	  0.107883	  0.735866	
  0.111249	  0.116952	  0.215243	  0.556556	
  0.502249	  0.069345	  0.330001	  0.098405	
  0.304872	  0.239820	  0.275859	  0.179449	

URL http://cisbp.ccbr.utoronto.ca/TFreport.php?versionNumber=2.00&searchTF=T227789_2.00

MOTIF M00433_2.00 (Ocbimv22008631m.g)_(Mus_musculus)_(DBD_0.93)

letter-probability matrix: alength= 4 w= 9 nsites= 1 E= 0
  0.239869	  0.317378	  0.190584	  0.252168	
  0.133763	  0.050707	  0.022333	  0.793196	
  0.850989	  0.020830	  0.051749	  0.076432	
  0.959274	  0.011777	  0.004509	  0.024439	
  0.324957	  0.077765	  0.136141	  0.461136	
  0.139125	  0.306548	  0.136371	  0.417956	
  0.193728	  0.061958	  0.611831	  0.132483	
  0.201560	  0.269370	  0.319285	  0.209785	
  0.174474	  0.290550	  0.187125	  0.347851	

URL http://cisbp.ccbr.utoronto.ca/TFreport.php?versionNumber=2.00&searchTF=T227781_2.00

MOTIF M00434_2.00 (Ocbimv22013909m.g)_(Mus_musculus)_(DBD_0.61)

letter-probability matrix: alength= 4 w= 8 nsites= 1 E= 0
  0.181066	  0.320174	  0.134137	  0.364623	
  0.077756	  0.030374	  0.026143	  0.865728	
  0.451520	  0.051553	  0.474670	  0.022256	
  0.972804	  0.002535	  0.014882	  0.009778	
  0.013067	  0.018176	  0.024782	  0.943975	
  0.042824	  0.039929	  0.115250	  0.801997	
  0.521680	  0.031095	  0.367622	  0.079603	
  0.194449	  0.311118	  0.327069	  0.167364	

URL http://cisbp.ccbr.utoronto.ca/TFreport.php?versionNumber=2.00&searchTF=T227790_2.00

MOTIF M00435_2.00 (Ocbimv22036419m.g)_(Mus_musculus)_(DBD_0.93)

letter-probability matrix: alength= 4 w= 9 nsites= 1 E= 0
  0.336764	  0.194296	  0.190449	  0.278490	
  0.293592	  0.187202	  0.219684	  0.299522	
  0.143147	  0.291160	  0.156628	  0.409065	
  0.060921	  0.242154	  0.011817	  0.685107	
  0.768466	  0.128303	  0.074024	  0.029207	
  0.954390	  0.018561	  0.016964	  0.010085	
  0.035549	  0.016296	  0.012819	  0.935337	
  0.150061	  0.196574	  0.074518	  0.578848	
  0.582945	  0.073559	  0.135381	  0.208115	

URL http://cisbp.ccbr.utoronto.ca/TFreport.php?versionNumber=2.00&searchTF=T227845_2.00

MOTIF M00441_2.00 (Ocbimv22035611m.g)_(Mus_musculus)_(DBD_0.90)

letter-probability matrix: alength= 4 w= 9 nsites= 1 E= 0
  0.212858	  0.299055	  0.164125	  0.323962	
  0.153798	  0.038307	  0.030742	  0.777153	
  0.777780	  0.031389	  0.089698	  0.101134	
  0.945835	  0.014470	  0.014615	  0.025080	
  0.045414	  0.028101	  0.156932	  0.769554	
  0.119773	  0.689246	  0.071208	  0.119773	
  0.076693	  0.566686	  0.114412	  0.242210	
  0.157784	  0.314576	  0.287500	  0.240141	
  0.219437	  0.296208	  0.221642	  0.262713	

URL http://cisbp.ccbr.utoronto.ca/TFreport.php?versionNumber=2.00&searchTF=T227842_2.00

MOTIF M00446_2.00 (Ocbimv22032498m.g)_(Mus_musculus)_(DBD_0.93)

letter-probability matrix: alength= 4 w= 8 nsites= 1 E= 0
  0.207406	  0.312522	  0.197290	  0.282782	
  0.212544	  0.078190	  0.070750	  0.638516	
  0.637557	  0.086284	  0.186353	  0.089805	
  0.761956	  0.050194	  0.052767	  0.135083	
  0.078717	  0.160109	  0.131087	  0.630087	
  0.157976	  0.172853	  0.344620	  0.324551	
  0.338739	  0.140503	  0.342143	  0.178615	
  0.200480	  0.314415	  0.267927	  0.217177	

URL http://cisbp.ccbr.utoronto.ca/TFreport.php?versionNumber=2.00&searchTF=T227834_2.00

MOTIF M00451_2.00 (Ocbimv22005553m.g)_(Mus_musculus)_(DBD_0.93)

letter-probability matrix: alength= 4 w= 8 nsites= 1 E= 0
  0.745050	  0.002475	  0.002475	  0.250000	
  0.200397	  0.001984	  0.001984	  0.795635	
  0.001984	  0.001984	  0.001984	  0.994048	
  0.795635	  0.001984	  0.001984	  0.200397	
  0.994048	  0.001984	  0.001984	  0.001984	
  0.001984	  0.001984	  0.001984	  0.994048	
  0.200397	  0.001984	  0.001984	  0.795635	
  0.992574	  0.002475	  0.002475	  0.002475	

URL http://cisbp.ccbr.utoronto.ca/TFreport.php?versionNumber=2.00&searchTF=T227773_2.00

MOTIF M00456_2.00 (Ocbimv22021956m.g)_(Mus_musculus)_(DBD_0.86)

letter-probability matrix: alength= 4 w= 7 nsites= 1 E= 0
  0.269032	  0.253365	  0.248348	  0.229254	
  0.209966	  0.234381	  0.275048	  0.280605	
  0.313154	  0.102176	  0.248811	  0.335860	
  0.666829	  0.048064	  0.125529	  0.159578	
  0.143545	  0.599832	  0.118706	  0.137917	
  0.632454	  0.122683	  0.099445	  0.145417	
  0.306208	  0.255767	  0.134864	  0.303161	

URL http://cisbp.ccbr.utoronto.ca/TFreport.php?versionNumber=2.00&searchTF=T227809_2.00

MOTIF M00462_2.00 (Ocbimv22019656m.g)_(Mus_musculus)_(DBD_0.56)

letter-probability matrix: alength= 4 w= 7 nsites= 1 E= 0
  0.198929	  0.327978	  0.255430	  0.217663	
  0.220805	  0.126126	  0.131273	  0.521797	
  0.509991	  0.118438	  0.182070	  0.189501	
  0.706385	  0.038868	  0.107787	  0.146960	
  0.169953	  0.139146	  0.120967	  0.569934	
  0.143686	  0.234541	  0.190115	  0.431657	
  0.324622	  0.125544	  0.396494	  0.153340	

URL http://cisbp.ccbr.utoronto.ca/TFreport.php?versionNumber=2.00&searchTF=T227801_2.00

MOTIF M00468_2.00 (Ocbimv22001152m.g)_(Mus_musculus)_(DBD_0.89)

letter-probability matrix: alength= 4 w= 10 nsites= 1 E= 0
  0.273727	  0.219671	  0.235599	  0.271003	
  0.251042	  0.222654	  0.246071	  0.280233	
  0.174794	  0.193177	  0.137498	  0.494531	
  0.074726	  0.046704	  0.815526	  0.063044	
  0.715968	  0.000627	  0.187473	  0.095932	
  0.054401	  0.876887	  0.000243	  0.068469	
  0.623674	  0.022774	  0.283051	  0.070501	
  0.161831	  0.182463	  0.414283	  0.241423	
  0.204355	  0.287109	  0.314147	  0.194389	
  0.205527	  0.274673	  0.197469	  0.322331	

URL http://cisbp.ccbr.utoronto.ca/TFreport.php?versionNumber=2.00&searchTF=T227767_2.00

MOTIF M00469_2.00 (Ocbimv22007440m.g)_(Mus_musculus)_(DBD_0.93)

letter-probability matrix: alength= 4 w= 9 nsites= 1 E= 0
  0.180487	  0.322358	  0.168285	  0.328870	
  0.103026	  0.115005	  0.065038	  0.716930	
  0.775551	  0.063661	  0.107080	  0.053709	
  0.897628	  0.006358	  0.000454	  0.095560	
  0.077016	  0.098890	  0.055925	  0.768169	
  0.180572	  0.058917	  0.288913	  0.471598	
  0.490098	  0.081013	  0.288474	  0.140415	
  0.197887	  0.298180	  0.280815	  0.223117	
  0.176121	  0.347641	  0.210855	  0.265382	

URL http://cisbp.ccbr.utoronto.ca/TFreport.php?versionNumber=2.00&searchTF=T227776_2.00

MOTIF M00476_2.00 (Ocbimv22036189m.g)_(Mus_musculus)_(DBD_1.00)

letter-probability matrix: alength= 4 w= 9 nsites= 1 E= 0
  0.219817	  0.202917	  0.222026	  0.355240	
  0.214850	  0.129017	  0.132946	  0.523188	
  0.513373	  0.061621	  0.131763	  0.293243	
  0.787783	  0.015788	  0.077418	  0.119012	
  0.061583	  0.194490	  0.104625	  0.639303	
  0.168088	  0.140399	  0.363030	  0.328483	
  0.320844	  0.119218	  0.380298	  0.179640	
  0.183628	  0.344782	  0.238153	  0.233437	
  0.224687	  0.297291	  0.224687	  0.253334	

URL http://cisbp.ccbr.utoronto.ca/TFreport.php?versionNumber=2.00&searchTF=T227844_2.00

MOTIF M00484_2.00 (Ocbimv22005596m.g)_(Mus_musculus)_(DBD_0.74)

letter-probability matrix: alength= 4 w= 8 nsites= 1 E= 0
  0.260569	  0.255410	  0.285108	  0.198913	
  0.177845	  0.320830	  0.230652	  0.270673	
  0.114497	  0.403649	  0.048938	  0.432917	
  0.580843	  0.152091	  0.107177	  0.159889	
  0.790662	  0.111371	  0.053137	  0.044830	
  0.121087	  0.104221	  0.012262	  0.762430	
  0.136206	  0.248183	  0.120804	  0.494807	
  0.509367	  0.130735	  0.162905	  0.196993	

URL http://cisbp.ccbr.utoronto.ca/TFreport.php?versionNumber=2.00&searchTF=T227774_2.00

MOTIF M00492_2.00 (Ocbimv22030263m.g)_(Mus_musculus)_(DBD_0.86)

letter-probability matrix: alength= 4 w= 8 nsites= 1 E= 0
  0.183774	  0.159765	  0.141699	  0.514762	
  0.545910	  0.082472	  0.265723	  0.105896	
  0.785895	  0.001415	  0.085355	  0.127335	
  0.099932	  0.061836	  0.107178	  0.731054	
  0.138710	  0.233315	  0.265705	  0.362269	
  0.382301	  0.074159	  0.378497	  0.165043	
  0.254540	  0.267591	  0.320364	  0.157505	
  0.209768	  0.283158	  0.229523	  0.277551	

URL http://cisbp.ccbr.utoronto.ca/TFreport.php?versionNumber=2.00&searchTF=T227829_2.00

MOTIF M00494_2.00 (Ocbimv22033340m.g)_(Mus_musculus)_(DBD_0.88)

letter-probability matrix: alength= 4 w= 9 nsites= 1 E= 0
  0.211874	  0.191712	  0.182362	  0.414052	
  0.162671	  0.088388	  0.089276	  0.659665	
  0.635240	  0.026417	  0.087707	  0.250636	
  0.841058	  0.027790	  0.054853	  0.076299	
  0.060485	  0.134613	  0.075370	  0.729532	
  0.126207	  0.093496	  0.357066	  0.423232	
  0.406948	  0.066599	  0.390992	  0.135461	
  0.160293	  0.398219	  0.220744	  0.220744	
  0.214080	  0.319370	  0.186112	  0.280437	

URL http://cisbp.ccbr.utoronto.ca/TFreport.php?versionNumber=2.00&searchTF=T227836_2.00

MOTIF M00495_2.00 (Ocbimv22009368m.g)_(Mus_musculus)_(DBD_0.86)

letter-probability matrix: alength= 4 w= 9 nsites= 1 E= 0
  0.184447	  0.364076	  0.184447	  0.267030	
  0.116544	  0.046445	  0.001308	  0.835703	
  0.822965	  0.097799	  0.078485	  0.000750	
  0.891592	  0.011056	  0.021179	  0.076173	
  0.116988	  0.045699	  0.100693	  0.736620	
  0.189372	  0.123188	  0.282510	  0.404930	
  0.430266	  0.105047	  0.303203	  0.161484	
  0.227412	  0.274998	  0.297901	  0.199689	
  0.184723	  0.307617	  0.234829	  0.272832	

URL http://cisbp.ccbr.utoronto.ca/TFreport.php?versionNumber=2.00&searchTF=T227784_2.00

MOTIF M00500_2.00 (Ocbimv22021194m.g)_(Mus_musculus)_(DBD_0.53)

letter-probability matrix: alength= 4 w= 10 nsites= 1 E= 0
  0.292727	  0.196221	  0.221238	  0.289814	
  0.274190	  0.201104	  0.209311	  0.315394	
  0.078501	  0.055875	  0.025871	  0.839754	
  0.017185	  0.000729	  0.976535	  0.005551	
  0.934510	  0.003975	  0.025280	  0.036235	
  0.024667	  0.939629	  0.010029	  0.025674	
  0.814023	  0.004315	  0.156333	  0.025330	
  0.164624	  0.144556	  0.475167	  0.215652	
  0.201750	  0.322799	  0.269625	  0.205826	
  0.223880	  0.237723	  0.190778	  0.347619	

URL http://cisbp.ccbr.utoronto.ca/TFreport.php?versionNumber=2.00&searchTF=T227805_2.00

