MEME version 4

ALPHABET= ACGT

strands: + -

Background letter frequencies (from uniform background):
A 0.25000 C 0.25000 G 0.25000 T 0.25000 

MOTIF M00051_2.00 (OIDMADRAFT_48316)_(Saccharomyces_cerevisiae)_(DBD_0.83)

letter-probability matrix: alength= 4 w= 8 nsites= 1 E= 0
  0.270248	  0.432235	  0.000270	  0.297246	
  0.000196	  0.000196	  0.999412	  0.000196	
  0.999424	  0.000192	  0.000192	  0.000192	
  0.000192	  0.000192	  0.000192	  0.999424	
  0.980208	  0.000192	  0.019408	  0.000192	
  0.940635	  0.000196	  0.000196	  0.058973	
  0.022934	  0.113760	  0.840372	  0.022934	
  0.344697	  0.241391	  0.241391	  0.172521	

URL http://cisbp.ccbr.utoronto.ca/TFreport.php?versionNumber=2.00&searchTF=T194413_2.00

MOTIF M00060_2.00 (OIDMADRAFT_43104)_(Saccharomyces_cerevisiae)_(DBD_0.44)

letter-probability matrix: alength= 4 w= 9 nsites= 1 E= 0
  0.320154	  0.181055	  0.206191	  0.292599	
  0.231700	  0.238756	  0.197442	  0.332102	
  0.223589	  0.242212	  0.287095	  0.247105	
  0.161512	  0.025143	  0.029212	  0.784133	
  0.138264	  0.051376	  0.075881	  0.734480	
  0.092315	  0.709959	  0.122145	  0.075581	
  0.148989	  0.381409	  0.144586	  0.325016	
  0.473500	  0.149928	  0.202381	  0.174191	
  0.182247	  0.285820	  0.153755	  0.378177	

URL http://cisbp.ccbr.utoronto.ca/TFreport.php?versionNumber=2.00&searchTF=T241419_2.00

MOTIF M00070_2.00 (OIDMADRAFT_143853)_(Saccharomyces_cerevisiae)_(DBD_0.52)

letter-probability matrix: alength= 4 w= 11 nsites= 1 E= 0
  0.268573	  0.272224	  0.178881	  0.280322	
  0.509793	  0.098806	  0.292595	  0.098806	
  0.848016	  0.050661	  0.050661	  0.050661	
  0.999893	  0.000036	  0.000036	  0.000036	
  0.000036	  0.903786	  0.000036	  0.096142	
  0.903786	  0.000036	  0.000036	  0.096142	
  0.999893	  0.000036	  0.000036	  0.000036	
  0.000036	  0.000036	  0.000036	  0.999893	
  0.591260	  0.071155	  0.071155	  0.266431	
  0.345743	  0.151230	  0.257625	  0.245401	
  0.199374	  0.199374	  0.199374	  0.401877	

URL http://cisbp.ccbr.utoronto.ca/TFreport.php?versionNumber=2.00&searchTF=T331604_2.00

MOTIF M00088_2.00 (OIDMADRAFT_105646)_(Saccharomyces_cerevisiae)_(DBD_0.63)

letter-probability matrix: alength= 4 w= 7 nsites= 1 E= 0
  0.004409	  0.910218	  0.041833	  0.043540	
  0.000848	  0.116208	  0.876017	  0.006927	
  0.000117	  0.005158	  0.992847	  0.001879	
  0.537121	  0.127259	  0.241344	  0.094276	
  0.460766	  0.088490	  0.138780	  0.311965	
  0.318860	  0.236217	  0.222461	  0.222461	
  0.279083	  0.235452	  0.235452	  0.250012	

URL http://cisbp.ccbr.utoronto.ca/TFreport.php?versionNumber=2.00&searchTF=T376121_2.00

MOTIF M00102_2.00 (OIDMADRAFT_203117)_(Saccharomyces_cerevisiae)_(DBD_0.45)

letter-probability matrix: alength= 4 w= 9 nsites= 1 E= 0
  0.230826	  0.235489	  0.240247	  0.293438	
  0.234897	  0.237257	  0.278424	  0.249422	
  0.263068	  0.265712	  0.202839	  0.268382	
  0.094644	  0.692371	  0.066031	  0.146954	
  0.000084	  0.999903	  0.000001	  0.000012	
  0.000730	  0.068439	  0.930712	  0.000118	
  0.001227	  0.000063	  0.986717	  0.011994	
  0.700294	  0.116921	  0.159413	  0.023371	
  0.335031	  0.152052	  0.297146	  0.215772	

URL http://cisbp.ccbr.utoronto.ca/TFreport.php?versionNumber=2.00&searchTF=T376414_2.00

MOTIF M00163_2.00 (OIDMADRAFT_176187)_(Mus_musculus)_(DBD_0.56)

letter-probability matrix: alength= 4 w= 8 nsites= 1 E= 0
  0.309467	  0.142959	  0.547336	  0.000238	
  0.295052	  0.000164	  0.000164	  0.704620	
  0.619510	  0.295749	  0.000141	  0.084600	
  0.888534	  0.069545	  0.000139	  0.041782	
  0.999584	  0.000139	  0.000139	  0.000139	
  0.000139	  0.957940	  0.000139	  0.041782	
  0.999572	  0.000143	  0.000143	  0.000143	
  0.660068	  0.132164	  0.056750	  0.151018	

URL http://cisbp.ccbr.utoronto.ca/TFreport.php?versionNumber=2.00&searchTF=T188236_2.00

MOTIF M00407_2.00 (OIDMADRAFT_174310)_(Mus_musculus)_(DBD_0.56)

letter-probability matrix: alength= 4 w= 9 nsites= 1 E= 0
  0.295464	  0.173911	  0.204087	  0.326538	
  0.083726	  0.082068	  0.055565	  0.778641	
  0.003120	  0.034053	  0.960935	  0.001893	
  0.873497	  0.000758	  0.057541	  0.068204	
  0.019591	  0.939245	  0.007207	  0.033956	
  0.851816	  0.012030	  0.105359	  0.030796	
  0.150397	  0.123135	  0.540925	  0.185542	
  0.147020	  0.354449	  0.343974	  0.154557	
  0.187865	  0.236447	  0.144854	  0.430834	

URL http://cisbp.ccbr.utoronto.ca/TFreport.php?versionNumber=2.00&searchTF=T221480_2.00

MOTIF M00709_2.00 (OIDMADRAFT_184073)_(Caenorhabditis_elegans)_(DBD_0.46)

letter-probability matrix: alength= 4 w= 10 nsites= 1 E= 0
  0.024359	  0.344783	  0.489270	  0.141587	
  0.001539	  0.003099	  0.993346	  0.002016	
  0.000668	  0.000452	  0.000227	  0.998653	
  0.160313	  0.168532	  0.001255	  0.669900	
  0.235732	  0.003829	  0.701133	  0.059305	
  0.005979	  0.827350	  0.002939	  0.163732	
  0.003918	  0.189727	  0.029241	  0.777114	
  0.959730	  0.009085	  0.023966	  0.007219	
  0.255327	  0.111335	  0.308754	  0.324584	
  0.006985	  0.084248	  0.883392	  0.025375	

URL http://cisbp.ccbr.utoronto.ca/TFreport.php?versionNumber=2.00&searchTF=T318725_2.00

MOTIF M00750_2.00 (OIDMADRAFT_28366)_(Mus_musculus)_(DBD_0.54)

letter-probability matrix: alength= 4 w= 8 nsites= 1 E= 0
  0.750000	  0.083333	  0.083333	  0.083333	
  0.800000	  0.066667	  0.066667	  0.066667	
  0.733333	  0.066667	  0.066667	  0.133333	
  0.266667	  0.066667	  0.066667	  0.600000	
  0.733333	  0.066667	  0.066667	  0.133333	
  0.666667	  0.066667	  0.066667	  0.200000	
  0.692308	  0.076923	  0.076923	  0.153846	
  0.166667	  0.083333	  0.083333	  0.666667	

URL http://cisbp.ccbr.utoronto.ca/TFreport.php?versionNumber=2.00&searchTF=T017660_2.00

MOTIF M01102_2.00 (OIDMADRAFT_100721)_(PBM_CONSTRUCTS)_(DBD_0.65)

letter-probability matrix: alength= 4 w= 8 nsites= 1 E= 0
  0.520400	  0.150739	  0.150739	  0.178122	
  0.168349	  0.386085	  0.237629	  0.207937	
  0.828862	  0.000085	  0.162423	  0.008630	
  0.000085	  0.999744	  0.000085	  0.000085	
  0.000085	  0.000085	  0.982656	  0.017174	
  0.008630	  0.957023	  0.000085	  0.034262	
  0.008630	  0.017174	  0.965567	  0.008630	
  0.562344	  0.150050	  0.000125	  0.287481	

URL http://cisbp.ccbr.utoronto.ca/TFreport.php?versionNumber=2.00&searchTF=T012151_2.00

MOTIF M01104_2.00 (OIDMADRAFT_175008)_(Fusarium_graminearum)_(DBD_0.47)

letter-probability matrix: alength= 4 w= 10 nsites= 1 E= 0
  0.275242	  0.208023	  0.170315	  0.346420	
  0.354896	  0.194771	  0.226292	  0.224040	
  0.393688	  0.199449	  0.175135	  0.231727	
  0.446255	  0.101584	  0.226080	  0.226080	
  0.369831	  0.085888	  0.123106	  0.421174	
  0.504457	  0.044857	  0.076975	  0.373711	
  0.796844	  0.000336	  0.000336	  0.202484	
  0.605595	  0.000062	  0.000397	  0.393945	
  0.296896	  0.000116	  0.028887	  0.674102	
  0.306380	  0.261080	  0.107214	  0.325326	

URL http://cisbp.ccbr.utoronto.ca/TFreport.php?versionNumber=2.00&searchTF=T017659_2.00

MOTIF M01137_2.00 (OIDMADRAFT_110220)_(Aspergillus_nidulans)_(DBD_0.63)

letter-probability matrix: alength= 4 w= 10 nsites= 1 E= 0
  0.082192	  0.159024	  0.560627	  0.198156	
  0.399052	  0.492301	  0.065306	  0.043341	
  0.000135	  0.000379	  0.036950	  0.962536	
  0.006288	  0.063346	  0.323312	  0.607054	
  0.936896	  0.000420	  0.054739	  0.007945	
  0.032096	  0.543875	  0.256908	  0.167121	
  0.203011	  0.121907	  0.293906	  0.381176	
  0.429329	  0.154814	  0.042616	  0.373241	
  0.724723	  0.092369	  0.090540	  0.092369	
  0.385035	  0.115970	  0.205067	  0.293928	

URL http://cisbp.ccbr.utoronto.ca/TFreport.php?versionNumber=2.00&searchTF=T065557_2.00

MOTIF M01147_2.00 (OIDMADRAFT_24756)_(Neurospora_crassa)_(DBD_0.88)

letter-probability matrix: alength= 4 w= 10 nsites= 1 E= 0
  0.256344	  0.201648	  0.261523	  0.280485	
  0.466416	  0.147685	  0.263770	  0.122129	
  0.056276	  0.045162	  0.000477	  0.898085	
  0.076513	  0.037995	  0.643848	  0.241643	
  0.796372	  0.031502	  0.085633	  0.086493	
  0.072044	  0.711432	  0.042832	  0.173691	
  0.178754	  0.047276	  0.689532	  0.084438	
  0.163925	  0.196254	  0.078997	  0.560825	
  0.373050	  0.284779	  0.165954	  0.176216	
  0.318316	  0.178225	  0.258022	  0.245438	

URL http://cisbp.ccbr.utoronto.ca/TFreport.php?versionNumber=2.00&searchTF=T065586_2.00

MOTIF M01149_2.00 (OIDMADRAFT_198759)_(Neurospora_crassa)_(DBD_0.81)

letter-probability matrix: alength= 4 w= 9 nsites= 1 E= 0
  0.149485	  0.147997	  0.521753	  0.180764	
  0.379282	  0.477364	  0.085480	  0.057875	
  0.061907	  0.008050	  0.062529	  0.867514	
  0.009615	  0.034581	  0.392797	  0.563008	
  0.874632	  0.003267	  0.078555	  0.043545	
  0.057918	  0.566249	  0.216813	  0.159021	
  0.259677	  0.177583	  0.232627	  0.330114	
  0.459187	  0.184834	  0.101439	  0.254540	
  0.635165	  0.119568	  0.125698	  0.119568	

URL http://cisbp.ccbr.utoronto.ca/TFreport.php?versionNumber=2.00&searchTF=T065583_2.00

MOTIF M01151_2.00 (OIDMADRAFT_28300)_(Neurospora_crassa)_(DBD_0.64)

letter-probability matrix: alength= 4 w= 8 nsites= 1 E= 0
  0.897410	  0.000996	  0.000996	  0.100598	
  0.071937	  0.214387	  0.570513	  0.143162	
  0.000712	  0.000712	  0.000712	  0.997863	
  0.855413	  0.000712	  0.071937	  0.071937	
  0.926638	  0.000712	  0.071937	  0.000712	
  0.000712	  0.000712	  0.000712	  0.997863	
  0.091486	  0.906703	  0.000906	  0.000906	
  0.996269	  0.001244	  0.001244	  0.001244	

URL http://cisbp.ccbr.utoronto.ca/TFreport.php?versionNumber=2.00&searchTF=T065587_2.00

MOTIF M01152_2.00 (OIDMADRAFT_202703)_(Neurospora_crassa)_(DBD_0.80)

letter-probability matrix: alength= 4 w= 13 nsites= 1 E= 0
  0.207726	  0.207726	  0.207726	  0.376822	
  0.294504	  0.207726	  0.290044	  0.207726	
  0.207726	  0.294504	  0.207726	  0.290044	
  0.376822	  0.207726	  0.207726	  0.207726	
  0.135212	  0.044794	  0.127261	  0.692734	
  0.085480	  0.087943	  0.210705	  0.615872	
  0.909025	  0.000186	  0.000186	  0.090604	
  0.000186	  0.914149	  0.000186	  0.085480	
  0.784437	  0.042460	  0.130644	  0.042460	
  0.608725	  0.127754	  0.042460	  0.221062	
  0.790154	  0.042460	  0.042460	  0.124927	
  0.213111	  0.042460	  0.127754	  0.616676	
  0.293150	  0.296066	  0.205392	  0.205392	

URL http://cisbp.ccbr.utoronto.ca/TFreport.php?versionNumber=2.00&searchTF=T065584_2.00

MOTIF M01175_2.00 (OIDMADRAFT_154644)_(Fusarium_graminearum)_(DBD_0.95)

letter-probability matrix: alength= 4 w= 10 nsites= 1 E= 0
  0.226792	  0.260873	  0.240816	  0.271519	
  0.262036	  0.208196	  0.343258	  0.186510	
  0.199991	  0.313648	  0.353637	  0.132724	
  0.279505	  0.133356	  0.519579	  0.067560	
  0.005203	  0.113207	  0.853393	  0.028197	
  0.000288	  0.959092	  0.037939	  0.002680	
  0.026664	  0.000132	  0.158112	  0.815093	
  0.155695	  0.090731	  0.663746	  0.089828	
  0.399424	  0.156026	  0.265078	  0.179473	
  0.266808	  0.234283	  0.289030	  0.209879	

URL http://cisbp.ccbr.utoronto.ca/TFreport.php?versionNumber=2.00&searchTF=T124786_2.00

MOTIF M01178_2.00 (OIDMADRAFT_117495)_(Histoplasma_capsulatum)_(DBD_0.84)

letter-probability matrix: alength= 4 w= 10 nsites= 1 E= 0
  0.416285	  0.183345	  0.380456	  0.019913	
  0.664279	  0.131460	  0.026808	  0.177452	
  0.000106	  0.000010	  0.010353	  0.989531	
  0.000620	  0.973878	  0.000190	  0.025312	
  0.016845	  0.966850	  0.016184	  0.000121	
  0.104347	  0.160408	  0.116480	  0.618764	
  0.257094	  0.157503	  0.216902	  0.368501	
  0.148690	  0.446689	  0.164328	  0.240294	
  0.250703	  0.271583	  0.266205	  0.211509	
  0.284612	  0.223884	  0.265370	  0.226134	

URL http://cisbp.ccbr.utoronto.ca/TFreport.php?versionNumber=2.00&searchTF=T124772_2.00

MOTIF M01186_2.00 (OIDMADRAFT_40290)_(Schizosaccharomyces_pombe)_(DBD_0.78)

letter-probability matrix: alength= 4 w= 10 nsites= 1 E= 0
  0.256395	  0.163485	  0.193779	  0.386341	
  0.391732	  0.188779	  0.204502	  0.214987	
  0.022499	  0.937723	  0.013111	  0.026668	
  0.007099	  0.880037	  0.004015	  0.108849	
  0.000048	  0.996330	  0.002545	  0.001077	
  0.006410	  0.990227	  0.000453	  0.002909	
  0.208754	  0.040494	  0.529089	  0.221663	
  0.056743	  0.896529	  0.002093	  0.044636	
  0.382669	  0.216409	  0.131259	  0.269663	
  0.165510	  0.379566	  0.141038	  0.313886	

URL http://cisbp.ccbr.utoronto.ca/TFreport.php?versionNumber=2.00&searchTF=T124811_2.00

MOTIF M01191_2.00 (OIDMADRAFT_123149)_(Neurospora_crassa)_(DBD_0.85)

letter-probability matrix: alength= 4 w= 8 nsites= 1 E= 0
  0.071641	  0.138611	  0.023375	  0.766373	
  0.226285	  0.003260	  0.714653	  0.055801	
  0.016784	  0.692578	  0.000482	  0.290156	
  0.014487	  0.000146	  0.956484	  0.028883	
  0.013726	  0.698763	  0.286951	  0.000560	
  0.000324	  0.993943	  0.000305	  0.005429	
  0.227321	  0.072702	  0.605688	  0.094289	
  0.030195	  0.718877	  0.064566	  0.186362	

URL http://cisbp.ccbr.utoronto.ca/TFreport.php?versionNumber=2.00&searchTF=T124773_2.00

MOTIF M01192_2.00 (OIDMADRAFT_25385)_(Neurospora_crassa)_(DBD_0.89)

letter-probability matrix: alength= 4 w= 8 nsites= 1 E= 0
  0.238098	  0.442125	  0.231298	  0.088479	
  0.005803	  0.971099	  0.005803	  0.017295	
  0.000055	  0.933916	  0.000055	  0.065975	
  0.000055	  0.988849	  0.000055	  0.011042	
  0.005548	  0.884476	  0.000055	  0.109921	
  0.022150	  0.016626	  0.011103	  0.950122	
  0.246270	  0.000075	  0.447702	  0.305953	
  0.547243	  0.042193	  0.147412	  0.263152	

URL http://cisbp.ccbr.utoronto.ca/TFreport.php?versionNumber=2.00&searchTF=T124802_2.00

MOTIF M01193_2.00 (OIDMADRAFT_115912)_(Neurospora_crassa)_(DBD_0.96)

letter-probability matrix: alength= 4 w= 10 nsites= 1 E= 0
  0.171974	  0.307153	  0.259134	  0.261738	
  0.176120	  0.141339	  0.539781	  0.142760	
  0.201468	  0.325587	  0.241201	  0.231743	
  0.242179	  0.354135	  0.186733	  0.216953	
  0.187486	  0.174811	  0.494579	  0.143123	
  0.781029	  0.071565	  0.138464	  0.008941	
  0.008899	  0.010236	  0.050195	  0.930671	
  0.046751	  0.849653	  0.086906	  0.016690	
  0.257316	  0.290123	  0.290123	  0.162439	
  0.191340	  0.312327	  0.250648	  0.245685	

URL http://cisbp.ccbr.utoronto.ca/TFreport.php?versionNumber=2.00&searchTF=T124770_2.00

MOTIF M01197_2.00 (OIDMADRAFT_160726)_(Neurospora_crassa)_(DBD_0.88)

letter-probability matrix: alength= 4 w= 10 nsites= 1 E= 0
  0.241450	  0.165118	  0.243876	  0.349555	
  0.110135	  0.208870	  0.433421	  0.247574	
  0.659888	  0.250152	  0.014615	  0.075344	
  0.038265	  0.013798	  0.920151	  0.027786	
  0.001083	  0.992144	  0.000154	  0.006618	
  0.003632	  0.992121	  0.004014	  0.000232	
  0.006058	  0.080756	  0.561960	  0.351226	
  0.012396	  0.960449	  0.000382	  0.026773	
  0.538639	  0.175747	  0.152787	  0.132827	
  0.262424	  0.254668	  0.162383	  0.320525	

URL http://cisbp.ccbr.utoronto.ca/TFreport.php?versionNumber=2.00&searchTF=T124787_2.00

MOTIF M01198_2.00 (OIDMADRAFT_37445)_(Neurospora_crassa)_(DBD_0.96)

letter-probability matrix: alength= 4 w= 8 nsites= 1 E= 0
  0.008032	  0.985829	  0.000534	  0.005604	
  0.000361	  0.758996	  0.000317	  0.240326	
  0.065429	  0.872155	  0.039290	  0.023126	
  0.000001	  0.999660	  0.000134	  0.000205	
  0.499172	  0.000032	  0.489288	  0.011507	
  0.139979	  0.376715	  0.252520	  0.230786	
  0.284498	  0.230610	  0.244870	  0.240021	
  0.280918	  0.298289	  0.261926	  0.158866	

URL http://cisbp.ccbr.utoronto.ca/TFreport.php?versionNumber=2.00&searchTF=T124809_2.00

MOTIF M01235_2.00 (OIDMADRAFT_154229)_(Neurospora_crassa)_(DBD_0.92)

letter-probability matrix: alength= 4 w= 11 nsites= 1 E= 0
  0.224507	  0.326478	  0.224507	  0.224507	
  0.203126	  0.299039	  0.391867	  0.105967	
  0.225223	  0.724938	  0.024920	  0.024920	
  0.000216	  0.000216	  0.999351	  0.000216	
  0.999351	  0.000216	  0.000216	  0.000216	
  0.000216	  0.000216	  0.000216	  0.999351	
  0.000216	  0.999351	  0.000216	  0.000216	
  0.000216	  0.000216	  0.897514	  0.102053	
  0.347248	  0.117812	  0.509230	  0.025709	
  0.144249	  0.144249	  0.144249	  0.567252	
  0.225297	  0.324110	  0.225297	  0.225297	

URL http://cisbp.ccbr.utoronto.ca/TFreport.php?versionNumber=2.00&searchTF=T194408_2.00

MOTIF M01236_2.00 (OIDMADRAFT_163193)_(Neurospora_crassa)_(DBD_0.86)

letter-probability matrix: alength= 4 w= 8 nsites= 1 E= 0
  0.349800	  0.449601	  0.100299	  0.100299	
  0.200067	  0.799268	  0.000333	  0.000333	
  0.000322	  0.000322	  0.999034	  0.000322	
  0.999064	  0.000312	  0.000312	  0.000312	
  0.000312	  0.000312	  0.000312	  0.999064	
  0.000312	  0.999064	  0.000312	  0.000312	
  0.000322	  0.000322	  0.805735	  0.193621	
  0.624376	  0.208403	  0.083611	  0.083611	

URL http://cisbp.ccbr.utoronto.ca/TFreport.php?versionNumber=2.00&searchTF=T194410_2.00

MOTIF M01274_2.00 (OIDMADRAFT_26900)_(Neurospora_crassa)_(DBD_0.83)

letter-probability matrix: alength= 4 w= 10 nsites= 1 E= 0
  0.240853	  0.318680	  0.243274	  0.197194	
  0.220423	  0.229419	  0.115071	  0.435088	
  0.425781	  0.183814	  0.285409	  0.104996	
  0.344735	  0.252845	  0.061116	  0.341305	
  0.000991	  0.001478	  0.004621	  0.992910	
  0.996324	  0.001369	  0.002126	  0.000182	
  0.130163	  0.047408	  0.019083	  0.803347	
  0.611750	  0.074167	  0.102138	  0.211944	
  0.240340	  0.162724	  0.429257	  0.167680	
  0.217449	  0.293526	  0.317973	  0.171052	

URL http://cisbp.ccbr.utoronto.ca/TFreport.php?versionNumber=2.00&searchTF=T275849_2.00

MOTIF M01337_2.00 (OIDMADRAFT_204080)_(Aspergillus_nidulans)_(DBD_0.71)

letter-probability matrix: alength= 4 w= 9 nsites= 1 E= 0
  0.196942	  0.470082	  0.136034	  0.196942	
  0.097261	  0.155617	  0.140808	  0.606314	
  0.025508	  0.853194	  0.049848	  0.071449	
  0.059087	  0.041224	  0.836318	  0.063371	
  0.035823	  0.065275	  0.054522	  0.844380	
  0.814627	  0.047595	  0.059307	  0.078471	
  0.090654	  0.069899	  0.045470	  0.793976	
  0.261562	  0.150908	  0.055516	  0.532014	
  0.222938	  0.205798	  0.264250	  0.307014	

URL http://cisbp.ccbr.utoronto.ca/TFreport.php?versionNumber=2.00&searchTF=T376415_2.00

MOTIF M01352_2.00 (OIDMADRAFT_148078)_(Aspergillus_nidulans)_(DBD_0.69)

letter-probability matrix: alength= 4 w= 10 nsites= 1 E= 0
  0.224578	  0.312380	  0.238465	  0.224578	
  0.181432	  0.351033	  0.153068	  0.314467	
  0.157982	  0.334448	  0.198836	  0.308734	
  0.043828	  0.907109	  0.030885	  0.018179	
  0.018376	  0.036637	  0.944876	  0.000111	
  0.031983	  0.004117	  0.948793	  0.015107	
  0.657151	  0.115343	  0.134010	  0.093496	
  0.193740	  0.256343	  0.335801	  0.214116	
  0.313631	  0.210233	  0.168716	  0.307420	
  0.309620	  0.213865	  0.137737	  0.338778	

URL http://cisbp.ccbr.utoronto.ca/TFreport.php?versionNumber=2.00&searchTF=T376242_2.00

MOTIF M01390_2.00 (OIDMADRAFT_109168)_(Aspergillus_nidulans)_(DBD_0.55)

letter-probability matrix: alength= 4 w= 8 nsites= 1 E= 0
  0.190589	  0.380703	  0.380703	  0.048004	
  0.000277	  0.000277	  0.000277	  0.999168	
  0.000277	  0.999168	  0.000277	  0.000277	
  0.000277	  0.000277	  0.999168	  0.000277	
  0.000277	  0.139012	  0.860433	  0.000277	
  0.000277	  0.721698	  0.028024	  0.250000	
  0.200057	  0.000285	  0.000285	  0.799372	
  0.922043	  0.038786	  0.038786	  0.000384	

URL http://cisbp.ccbr.utoronto.ca/TFreport.php?versionNumber=2.00&searchTF=T376137_2.00

MOTIF M01395_2.00 (OIDMADRAFT_127085)_(Aspergillus_nidulans)_(DBD_0.74)

letter-probability matrix: alength= 4 w= 9 nsites= 1 E= 0
  0.037677	  0.879244	  0.015785	  0.067293	
  0.000288	  0.012738	  0.986950	  0.000024	
  0.007377	  0.023299	  0.961412	  0.007912	
  0.609075	  0.130574	  0.176257	  0.084094	
  0.155541	  0.171900	  0.486342	  0.186217	
  0.384983	  0.077727	  0.071751	  0.465540	
  0.066891	  0.039768	  0.019357	  0.873984	
  0.715258	  0.035968	  0.041789	  0.206984	
  0.487594	  0.138308	  0.225762	  0.148336	

URL http://cisbp.ccbr.utoronto.ca/TFreport.php?versionNumber=2.00&searchTF=T376172_2.00

MOTIF M01398_2.00 (OIDMADRAFT_106725)_(Aspergillus_nidulans)_(DBD_0.69)

letter-probability matrix: alength= 4 w= 9 nsites= 1 E= 0
  0.237191	  0.208276	  0.326642	  0.227891	
  0.527458	  0.148127	  0.210202	  0.114213	
  0.030582	  0.907236	  0.032799	  0.029383	
  0.000097	  0.999312	  0.000055	  0.000536	
  0.000061	  0.000073	  0.999171	  0.000696	
  0.010118	  0.032599	  0.947943	  0.009340	
  0.254257	  0.298374	  0.269980	  0.177389	
  0.428613	  0.060374	  0.073741	  0.437272	
  0.423193	  0.192064	  0.214397	  0.170346	

URL http://cisbp.ccbr.utoronto.ca/TFreport.php?versionNumber=2.00&searchTF=T376129_2.00

MOTIF M01401_2.00 (OIDMADRAFT_106891)_(Aspergillus_nidulans)_(DBD_0.67)

letter-probability matrix: alength= 4 w= 9 nsites= 1 E= 0
  0.298245	  0.214416	  0.313537	  0.173802	
  0.336544	  0.132785	  0.379452	  0.151219	
  0.186193	  0.448892	  0.256411	  0.108504	
  0.315438	  0.430076	  0.187534	  0.066951	
  0.008908	  0.959996	  0.026761	  0.004336	
  0.001666	  0.000181	  0.992455	  0.005698	
  0.016272	  0.000402	  0.972086	  0.011240	
  0.566084	  0.140997	  0.208251	  0.084668	
  0.386425	  0.107440	  0.170194	  0.335941	

URL http://cisbp.ccbr.utoronto.ca/TFreport.php?versionNumber=2.00&searchTF=T376130_2.00

MOTIF M01420_2.00 (OIDMADRAFT_128988)_(Neurospora_crassa)_(DBD_0.95)

letter-probability matrix: alength= 4 w= 11 nsites= 1 E= 0
  0.246046	  0.255232	  0.244001	  0.254721	
  0.197461	  0.506031	  0.100161	  0.196348	
  0.121770	  0.121877	  0.633470	  0.122883	
  0.599356	  0.096427	  0.105102	  0.199115	
  0.000240	  0.504786	  0.000240	  0.494735	
  0.000240	  0.999281	  0.000240	  0.000240	
  0.000240	  0.096427	  0.903094	  0.000240	
  0.105102	  0.000240	  0.894419	  0.000240	
  0.400629	  0.197681	  0.100381	  0.301309	
  0.249515	  0.252660	  0.347746	  0.150079	
  0.224657	  0.224657	  0.224657	  0.326030	

URL http://cisbp.ccbr.utoronto.ca/TFreport.php?versionNumber=2.00&searchTF=T376180_2.00

MOTIF M01428_2.00 (OIDMADRAFT_45538)_(Neurospora_crassa)_(DBD_0.71)

letter-probability matrix: alength= 4 w= 9 nsites= 1 E= 0
  0.277180	  0.125797	  0.101969	  0.495054	
  0.297132	  0.250680	  0.133510	  0.318677	
  0.211741	  0.203439	  0.328772	  0.256048	
  0.124636	  0.345640	  0.381992	  0.147732	
  0.201066	  0.183760	  0.438619	  0.176555	
  0.000248	  0.999628	  0.000096	  0.000028	
  0.000265	  0.976256	  0.023423	  0.000056	
  0.000076	  0.000046	  0.999845	  0.000033	
  0.507847	  0.122754	  0.214902	  0.154498	

URL http://cisbp.ccbr.utoronto.ca/TFreport.php?versionNumber=2.00&searchTF=T376502_2.00

MOTIF M01430_2.00 (OIDMADRAFT_145878)_(Neurospora_crassa)_(DBD_0.87)

letter-probability matrix: alength= 4 w= 10 nsites= 1 E= 0
  0.210147	  0.310819	  0.204562	  0.274472	
  0.011851	  0.070129	  0.011851	  0.906168	
  0.000012	  0.999964	  0.000012	  0.000012	
  0.000012	  0.884310	  0.000012	  0.115666	
  0.000012	  0.115666	  0.884310	  0.000012	
  0.000012	  0.999964	  0.000012	  0.000012	
  0.000012	  0.000012	  0.999964	  0.000012	
  0.000012	  0.000012	  0.999964	  0.000012	
  0.388247	  0.181144	  0.320143	  0.110467	
  0.238161	  0.238161	  0.285518	  0.238161	

URL http://cisbp.ccbr.utoronto.ca/TFreport.php?versionNumber=2.00&searchTF=T376232_2.00

MOTIF M01447_2.00 (OIDMADRAFT_76070)_(Histoplasma_capsulatum)_(DBD_0.96)

letter-probability matrix: alength= 4 w= 9 nsites= 1 E= 0
  0.206440	  0.219205	  0.194417	  0.379938	
  0.329746	  0.175620	  0.313665	  0.180969	
  0.027591	  0.802292	  0.067862	  0.102255	
  0.028927	  0.902134	  0.014080	  0.054859	
  0.003857	  0.992123	  0.003896	  0.000125	
  0.003073	  0.994949	  0.001921	  0.000057	
  0.000483	  0.013239	  0.000758	  0.985519	
  0.082078	  0.078859	  0.537896	  0.301167	
  0.408119	  0.104748	  0.344316	  0.142816	

URL http://cisbp.ccbr.utoronto.ca/TFreport.php?versionNumber=2.00&searchTF=T124825_2.00

MOTIF M01448_2.00 (OIDMADRAFT_50778)_(Histoplasma_capsulatum)_(DBD_0.95)

letter-probability matrix: alength= 4 w= 10 nsites= 1 E= 0
  0.199492	  0.067072	  0.668993	  0.064443	
  0.146539	  0.259120	  0.082871	  0.511470	
  0.121144	  0.778198	  0.044566	  0.056091	
  0.172916	  0.615729	  0.036701	  0.174654	
  0.154373	  0.033763	  0.720086	  0.091778	
  0.216730	  0.046930	  0.051865	  0.684475	
  0.010124	  0.014082	  0.948547	  0.027247	
  0.029134	  0.881758	  0.023616	  0.065491	
  0.232021	  0.078793	  0.501112	  0.188073	
  0.095693	  0.391955	  0.194639	  0.317713	

URL http://cisbp.ccbr.utoronto.ca/TFreport.php?versionNumber=2.00&searchTF=T124817_2.00

MOTIF M01474_2.00 (OIDMADRAFT_115397)_(Neurospora_crassa)_(DBD_1.00)

letter-probability matrix: alength= 4 w= 10 nsites= 1 E= 0
  0.182660	  0.313445	  0.223101	  0.280795	
  0.189292	  0.109212	  0.530218	  0.171278	
  0.198474	  0.320749	  0.212865	  0.267912	
  0.293861	  0.334657	  0.195021	  0.176462	
  0.157266	  0.177317	  0.548912	  0.116505	
  0.974295	  0.000972	  0.024088	  0.000645	
  0.003870	  0.000302	  0.000238	  0.995590	
  0.098639	  0.736176	  0.088364	  0.076820	
  0.302958	  0.276883	  0.250534	  0.169626	
  0.173810	  0.307342	  0.232284	  0.286564	

URL http://cisbp.ccbr.utoronto.ca/TFreport.php?versionNumber=2.00&searchTF=T124769_2.00

MOTIF M01536_2.00 (OIDMADRAFT_149888)_(Saccharomyces_cerevisiae)_(DBD_0.84)

letter-probability matrix: alength= 4 w= 8 nsites= 1 E= 0
  0.582226	  0.083887	  0.083887	  0.250000	
  0.187656	  0.000623	  0.000623	  0.811097	
  0.117958	  0.000587	  0.000587	  0.880869	
  0.000587	  0.000587	  0.000587	  0.998239	
  0.000587	  0.000587	  0.000587	  0.998239	
  0.000587	  0.000587	  0.000587	  0.998239	
  0.000587	  0.000587	  0.000587	  0.998239	
  0.000767	  0.690951	  0.077454	  0.230828	

URL http://cisbp.ccbr.utoronto.ca/TFreport.php?versionNumber=2.00&searchTF=T124785_2.00

MOTIF M01557_2.00 (OIDMADRAFT_105313)_(Saccharomyces_cerevisiae)_(DBD_0.77)

letter-probability matrix: alength= 4 w= 8 nsites= 1 E= 0
  0.009615	  0.009615	  0.009615	  0.971154	
  0.009615	  0.009615	  0.009615	  0.971154	
  0.971154	  0.009615	  0.009615	  0.009615	
  0.971154	  0.009615	  0.009615	  0.009615	
  0.009615	  0.009615	  0.009615	  0.971154	
  0.971154	  0.009615	  0.009615	  0.009615	
  0.971154	  0.009615	  0.009615	  0.009615	
  0.971154	  0.009615	  0.009615	  0.009615	

URL http://cisbp.ccbr.utoronto.ca/TFreport.php?versionNumber=2.00&searchTF=T255087_2.00

MOTIF M01558_2.00 (OIDMADRAFT_123333)_(Saccharomyces_cerevisiae)_(DBD_0.88)

letter-probability matrix: alength= 4 w= 10 nsites= 1 E= 0
  0.112022	  0.583295	  0.081344	  0.223339	
  0.214189	  0.229719	  0.346145	  0.209947	
  0.417547	  0.152079	  0.229155	  0.201220	
  0.584466	  0.060382	  0.129114	  0.226037	
  0.385008	  0.091219	  0.093997	  0.429776	
  0.301324	  0.230024	  0.179143	  0.289509	
  0.257339	  0.273252	  0.284403	  0.185007	
  0.278132	  0.034747	  0.644255	  0.042867	
  0.109929	  0.000794	  0.742363	  0.146913	
  0.392464	  0.185387	  0.181716	  0.240434	

URL http://cisbp.ccbr.utoronto.ca/TFreport.php?versionNumber=2.00&searchTF=T255089_2.00

MOTIF M01566_2.00 (OIDMADRAFT_53375)_(Saccharomyces_cerevisiae)_(DBD_0.70)

letter-probability matrix: alength= 4 w= 8 nsites= 1 E= 0
  0.270726	  0.299198	  0.159350	  0.270726	
  0.171103	  0.404343	  0.058690	  0.365865	
  0.701225	  0.048078	  0.204963	  0.045733	
  0.053179	  0.447494	  0.090348	  0.408979	
  0.407307	  0.049381	  0.055677	  0.487635	
  0.525518	  0.097943	  0.128302	  0.248237	
  0.510778	  0.094249	  0.117441	  0.277532	
  0.343791	  0.175921	  0.275898	  0.204391	

URL http://cisbp.ccbr.utoronto.ca/TFreport.php?versionNumber=2.00&searchTF=T331609_2.00

MOTIF M01567_2.00 (OIDMADRAFT_53635)_(Saccharomyces_cerevisiae)_(DBD_0.92)

letter-probability matrix: alength= 4 w= 7 nsites= 1 E= 0
  0.315311	  0.189343	  0.207174	  0.288172	
  0.345705	  0.141966	  0.211788	  0.300541	
  0.271982	  0.110580	  0.155359	  0.462079	
  0.583542	  0.000869	  0.110954	  0.304636	
  0.219565	  0.006434	  0.188981	  0.585020	
  0.934996	  0.000354	  0.051964	  0.012687	
  0.422777	  0.000471	  0.095282	  0.481470	

URL http://cisbp.ccbr.utoronto.ca/TFreport.php?versionNumber=2.00&searchTF=T342759_2.00

MOTIF M01649_2.00 (OIDMADRAFT_111132)_(Aspergillus_nidulans)_(DBD_0.78)

letter-probability matrix: alength= 4 w= 10 nsites= 1 E= 0
  0.159319	  0.403796	  0.210800	  0.226085	
  0.259571	  0.353906	  0.194228	  0.192295	
  0.061610	  0.194576	  0.000720	  0.743094	
  0.155603	  0.015916	  0.740485	  0.087997	
  0.004192	  0.882855	  0.003755	  0.109198	
  0.810654	  0.030810	  0.087168	  0.071367	
  0.035236	  0.068175	  0.299490	  0.597098	
  0.343722	  0.179439	  0.326959	  0.149880	
  0.293030	  0.206495	  0.131667	  0.368808	
  0.327019	  0.212729	  0.249640	  0.210612	

URL http://cisbp.ccbr.utoronto.ca/TFreport.php?versionNumber=2.00&searchTF=T012153_2.00

MOTIF M01669_2.00 (OIDMADRAFT_165409)_(Neurospora_crassa)_(DBD_0.81)

letter-probability matrix: alength= 4 w= 8 nsites= 1 E= 0
  0.327371	  0.206664	  0.278967	  0.186997	
  0.090243	  0.314980	  0.037808	  0.556969	
  0.768095	  0.014210	  0.120773	  0.096923	
  0.116745	  0.111051	  0.072966	  0.699238	
  0.248575	  0.418109	  0.163325	  0.169991	
  0.313613	  0.190216	  0.256765	  0.239406	
  0.283505	  0.241587	  0.275126	  0.199782	
  0.264086	  0.231893	  0.272129	  0.231893	

URL http://cisbp.ccbr.utoronto.ca/TFreport.php?versionNumber=2.00&searchTF=T015337_2.00

MOTIF M01761_2.00 (OIDMADRAFT_196915)_(Neurospora_crassa)_(DBD_0.87)

letter-probability matrix: alength= 4 w= 10 nsites= 1 E= 0
  0.388135	  0.112825	  0.260346	  0.238694	
  0.249054	  0.172339	  0.128937	  0.449670	
  0.199250	  0.410304	  0.162487	  0.227958	
  0.479655	  0.034839	  0.286042	  0.199464	
  0.129912	  0.429844	  0.141336	  0.298908	
  0.298908	  0.141336	  0.429844	  0.129912	
  0.199464	  0.286042	  0.034839	  0.479655	
  0.227958	  0.162487	  0.410304	  0.199250	
  0.449670	  0.128937	  0.172339	  0.249054	
  0.238694	  0.260346	  0.112825	  0.388135	

URL http://cisbp.ccbr.utoronto.ca/TFreport.php?versionNumber=2.00&searchTF=T042356_2.00

MOTIF M01762_2.00 (OIDMADRAFT_121959)_(Neurospora_crassa)_(DBD_0.94)

letter-probability matrix: alength= 4 w= 10 nsites= 1 E= 0
  0.372697	  0.131267	  0.368992	  0.127044	
  0.132630	  0.120618	  0.150348	  0.596405	
  0.053806	  0.833998	  0.040004	  0.072192	
  0.860550	  0.014337	  0.062962	  0.062150	
  0.049765	  0.733895	  0.036448	  0.179892	
  0.179892	  0.036448	  0.733895	  0.049765	
  0.062150	  0.062962	  0.014337	  0.860550	
  0.072192	  0.040004	  0.833998	  0.053806	
  0.596405	  0.150348	  0.120618	  0.132630	
  0.127044	  0.368992	  0.131267	  0.372697	

URL http://cisbp.ccbr.utoronto.ca/TFreport.php?versionNumber=2.00&searchTF=T042351_2.00

MOTIF M01763_2.00 (OIDMADRAFT_110480)_(Neurospora_crassa)_(DBD_0.81)

letter-probability matrix: alength= 4 w= 9 nsites= 1 E= 0
  0.234551	  0.267114	  0.256640	  0.241695	
  0.183174	  0.652254	  0.070841	  0.093731	
  0.485425	  0.065041	  0.300373	  0.149161	
  0.010186	  0.889792	  0.020105	  0.079917	
  0.237638	  0.011714	  0.750505	  0.000144	
  0.045671	  0.018384	  0.000093	  0.935853	
  0.000510	  0.000044	  0.939955	  0.059491	
  0.100496	  0.206462	  0.533850	  0.159193	
  0.193468	  0.331993	  0.205431	  0.269108	

URL http://cisbp.ccbr.utoronto.ca/TFreport.php?versionNumber=2.00&searchTF=T042348_2.00

MOTIF M01764_2.00 (OIDMADRAFT_120781)_(Neurospora_crassa)_(DBD_0.90)

letter-probability matrix: alength= 4 w= 8 nsites= 1 E= 0
  0.155399	  0.605464	  0.085285	  0.153853	
  0.482785	  0.126415	  0.223536	  0.167264	
  0.050807	  0.711963	  0.000239	  0.236992	
  0.136010	  0.078471	  0.782682	  0.002837	
  0.112390	  0.135908	  0.000270	  0.751431	
  0.016247	  0.030505	  0.878218	  0.075030	
  0.336463	  0.336463	  0.136796	  0.190278	
  0.171491	  0.348812	  0.205312	  0.274385	

URL http://cisbp.ccbr.utoronto.ca/TFreport.php?versionNumber=2.00&searchTF=T042350_2.00

MOTIF M01791_2.00 (OIDMADRAFT_183172)_(Aspergillus_nidulans)_(DBD_0.81)

letter-probability matrix: alength= 4 w= 9 nsites= 1 E= 0
  0.248440	  0.175072	  0.312686	  0.263802	
  0.348841	  0.201264	  0.236185	  0.213709	
  0.250961	  0.137730	  0.144792	  0.466518	
  0.192616	  0.159285	  0.330530	  0.317569	
  0.547798	  0.306711	  0.100074	  0.045418	
  0.083480	  0.792037	  0.004829	  0.119654	
  0.161924	  0.013834	  0.778312	  0.045930	
  0.238359	  0.306059	  0.081759	  0.373822	
  0.313093	  0.147894	  0.356559	  0.182454	

URL http://cisbp.ccbr.utoronto.ca/TFreport.php?versionNumber=2.00&searchTF=T065580_2.00

MOTIF M01833_2.00 (OIDMADRAFT_111900)_(Neurospora_crassa)_(DBD_0.89)

letter-probability matrix: alength= 4 w= 8 nsites= 1 E= 0
  0.071937	  0.071937	  0.071937	  0.784188	
  0.945903	  0.000525	  0.053046	  0.000525	
  0.053046	  0.893382	  0.000525	  0.053046	
  0.000525	  0.053046	  0.945903	  0.000525	
  0.000525	  0.000525	  0.000525	  0.998424	
  0.893382	  0.053046	  0.000525	  0.053046	
  0.998424	  0.000525	  0.000525	  0.000525	
  0.077454	  0.154141	  0.077454	  0.690951	

URL http://cisbp.ccbr.utoronto.ca/TFreport.php?versionNumber=2.00&searchTF=T065559_2.00

MOTIF M01835_2.00 (OIDMADRAFT_101511)_(Neurospora_crassa)_(DBD_0.84)

letter-probability matrix: alength= 4 w= 11 nsites= 1 E= 0
  0.227977	  0.227977	  0.316068	  0.227977	
  0.575603	  0.108023	  0.208350	  0.108023	
  0.833557	  0.055481	  0.055481	  0.055481	
  0.000201	  0.000201	  0.089004	  0.910593	
  0.188309	  0.089004	  0.722485	  0.000201	
  0.906520	  0.000201	  0.000201	  0.093078	
  0.183108	  0.539578	  0.089004	  0.188309	
  0.277113	  0.000201	  0.539578	  0.183108	
  0.393952	  0.022224	  0.022224	  0.561601	
  0.236961	  0.363298	  0.257563	  0.142178	
  0.415840	  0.194720	  0.194720	  0.194720	

URL http://cisbp.ccbr.utoronto.ca/TFreport.php?versionNumber=2.00&searchTF=T065556_2.00

MOTIF M01875_2.00 (OIDMADRAFT_176995)_(Neurospora_crassa)_(DBD_0.90)

letter-probability matrix: alength= 4 w= 10 nsites= 1 E= 0
  0.228420	  0.351141	  0.177894	  0.242545	
  0.217337	  0.230776	  0.167578	  0.384309	
  0.291251	  0.274290	  0.306184	  0.128276	
  0.407416	  0.487765	  0.020902	  0.083917	
  0.011307	  0.002171	  0.977890	  0.008631	
  0.003258	  0.993412	  0.000230	  0.003099	
  0.006106	  0.991595	  0.001681	  0.000618	
  0.794394	  0.076522	  0.038382	  0.090702	
  0.006716	  0.948091	  0.008797	  0.036396	
  0.558969	  0.132435	  0.173485	  0.135111	

URL http://cisbp.ccbr.utoronto.ca/TFreport.php?versionNumber=2.00&searchTF=T124793_2.00

MOTIF M01876_2.00 (OIDMADRAFT_28034)_(Neurospora_crassa)_(DBD_0.91)

letter-probability matrix: alength= 4 w= 10 nsites= 1 E= 0
  0.265928	  0.228887	  0.211289	  0.293896	
  0.267198	  0.188291	  0.379172	  0.165338	
  0.206530	  0.090962	  0.483207	  0.219301	
  0.631133	  0.066521	  0.088016	  0.214330	
  0.002492	  0.956504	  0.000015	  0.040988	
  0.006556	  0.992606	  0.000082	  0.000756	
  0.027586	  0.950807	  0.001170	  0.020436	
  0.018282	  0.306716	  0.025685	  0.649317	
  0.207707	  0.082775	  0.345892	  0.363626	
  0.364432	  0.162121	  0.275432	  0.198015	

URL http://cisbp.ccbr.utoronto.ca/TFreport.php?versionNumber=2.00&searchTF=T124804_2.00

MOTIF M01884_2.00 (OIDMADRAFT_140709)_(Neurospora_crassa)_(DBD_0.89)

letter-probability matrix: alength= 4 w= 8 nsites= 1 E= 0
  0.254177	  0.375415	  0.138107	  0.232300	
  0.185433	  0.524632	  0.100755	  0.189179	
  0.064260	  0.856568	  0.018046	  0.061126	
  0.076127	  0.918184	  0.000871	  0.004818	
  0.000035	  0.999903	  0.000001	  0.000061	
  0.544526	  0.061554	  0.372380	  0.021540	
  0.101074	  0.703347	  0.000022	  0.195557	
  0.211246	  0.200943	  0.344820	  0.242991	

URL http://cisbp.ccbr.utoronto.ca/TFreport.php?versionNumber=2.00&searchTF=T124778_2.00

MOTIF M01888_2.00 (OIDMADRAFT_116081)_(Neurospora_crassa)_(DBD_0.96)

letter-probability matrix: alength= 4 w= 10 nsites= 1 E= 0
  0.230330	  0.239730	  0.206338	  0.323602	
  0.349754	  0.229805	  0.261708	  0.158734	
  0.116537	  0.733778	  0.065904	  0.083781	
  0.048500	  0.899247	  0.042164	  0.010090	
  0.047304	  0.885891	  0.065798	  0.001007	
  0.034535	  0.964849	  0.000217	  0.000399	
  0.354320	  0.029970	  0.441510	  0.174199	
  0.018674	  0.979590	  0.000218	  0.001518	
  0.239927	  0.308073	  0.230520	  0.221481	
  0.227471	  0.295014	  0.207893	  0.269622	

URL http://cisbp.ccbr.utoronto.ca/TFreport.php?versionNumber=2.00&searchTF=T124771_2.00

MOTIF M01889_2.00 (OIDMADRAFT_103771)_(Neurospora_crassa)_(DBD_0.92)

letter-probability matrix: alength= 4 w= 10 nsites= 1 E= 0
  0.124153	  0.602759	  0.078376	  0.194711	
  0.095496	  0.644891	  0.109846	  0.149767	
  0.507539	  0.310932	  0.065995	  0.115535	
  0.176187	  0.018021	  0.805566	  0.000226	
  0.001317	  0.997902	  0.000020	  0.000760	
  0.033539	  0.927699	  0.032875	  0.005887	
  0.461789	  0.250913	  0.081868	  0.205430	
  0.073267	  0.688221	  0.056493	  0.182019	
  0.218753	  0.398594	  0.170365	  0.212288	
  0.195323	  0.322034	  0.173236	  0.309407	

URL http://cisbp.ccbr.utoronto.ca/TFreport.php?versionNumber=2.00&searchTF=T124766_2.00

MOTIF M01890_2.00 (OIDMADRAFT_26712)_(Neurospora_crassa)_(DBD_0.91)

letter-probability matrix: alength= 4 w= 9 nsites= 1 E= 0
  0.139493	  0.644202	  0.059028	  0.157278	
  0.296341	  0.087489	  0.081574	  0.534596	
  0.231240	  0.296918	  0.315279	  0.156563	
  0.456611	  0.443116	  0.004322	  0.095950	
  0.013386	  0.000000	  0.986535	  0.000079	
  0.000000	  0.999883	  0.000000	  0.000117	
  0.184719	  0.811461	  0.000402	  0.003417	
  0.462362	  0.136503	  0.094288	  0.306847	
  0.079462	  0.599012	  0.057701	  0.263824	

URL http://cisbp.ccbr.utoronto.ca/TFreport.php?versionNumber=2.00&searchTF=T124803_2.00

MOTIF M01892_2.00 (OIDMADRAFT_127716)_(Neurospora_crassa)_(DBD_0.87)

letter-probability matrix: alength= 4 w= 10 nsites= 1 E= 0
  0.278551	  0.219116	  0.237366	  0.264966	
  0.245793	  0.220190	  0.300212	  0.233805	
  0.283666	  0.269831	  0.199896	  0.246607	
  0.199424	  0.140532	  0.211756	  0.448288	
  0.136535	  0.014106	  0.801580	  0.047779	
  0.013255	  0.948033	  0.020997	  0.017715	
  0.017069	  0.979689	  0.001333	  0.001910	
  0.000212	  0.000053	  0.000032	  0.999703	
  0.286954	  0.088175	  0.225726	  0.399144	
  0.306440	  0.227016	  0.261131	  0.205413	

URL http://cisbp.ccbr.utoronto.ca/TFreport.php?versionNumber=2.00&searchTF=T124775_2.00

MOTIF M01899_2.00 (OIDMADRAFT_60194)_(Neurospora_crassa)_(DBD_0.71)

letter-probability matrix: alength= 4 w= 8 nsites= 1 E= 0
  0.231768	  0.294635	  0.169989	  0.303608	
  0.395415	  0.053514	  0.428348	  0.122724	
  0.062550	  0.031374	  0.195579	  0.710497	
  0.048815	  0.896093	  0.001679	  0.053412	
  0.928803	  0.004544	  0.030997	  0.035655	
  0.059153	  0.880185	  0.004954	  0.055708	
  0.447040	  0.156436	  0.268445	  0.128079	
  0.193758	  0.332490	  0.178861	  0.294892	

URL http://cisbp.ccbr.utoronto.ca/TFreport.php?versionNumber=2.00&searchTF=T162130_2.00

MOTIF M01992_2.00 (OIDMADRAFT_135267)_(Neurospora_crassa)_(DBD_0.79)

letter-probability matrix: alength= 4 w= 8 nsites= 1 E= 0
  0.570513	  0.071937	  0.356838	  0.000712	
  0.059272	  0.000587	  0.000587	  0.939554	
  0.939554	  0.059272	  0.000587	  0.000587	
  0.998239	  0.000587	  0.000587	  0.000587	
  0.998239	  0.000587	  0.000587	  0.000587	
  0.000587	  0.880869	  0.000587	  0.117958	
  0.998239	  0.000587	  0.000587	  0.000587	
  0.499004	  0.200199	  0.000996	  0.299801	

URL http://cisbp.ccbr.utoronto.ca/TFreport.php?versionNumber=2.00&searchTF=T188234_2.00

MOTIF M02016_2.00 (OIDMADRAFT_168322)_(Neurospora_crassa)_(DBD_0.97)

letter-probability matrix: alength= 4 w= 9 nsites= 1 E= 0
  0.238290	  0.282447	  0.248015	  0.231248	
  0.249185	  0.272652	  0.259355	  0.218808	
  0.236587	  0.439798	  0.109543	  0.214073	
  0.059758	  0.068055	  0.757717	  0.114470	
  0.902683	  0.000129	  0.000123	  0.097064	
  0.048477	  0.051992	  0.000705	  0.898826	
  0.141843	  0.359503	  0.271706	  0.226948	
  0.208434	  0.289925	  0.254582	  0.247058	
  0.248381	  0.255945	  0.266390	  0.229284	

