MEME version 4

ALPHABET= ACGT

strands: + -

Background letter frequencies (from uniform background):
A 0.25000 C 0.25000 G 0.25000 T 0.25000 

MOTIF M00718_2.00 (OLONG_002067)_(Arabidopsis_thaliana)_(DBD_0.88)

letter-probability matrix: alength= 4 w= 8 nsites= 1 E= 0
  0.200000	  0.500000	  0.133333	  0.166667	
  0.027027	  0.054054	  0.891892	  0.027027	
  0.026316	  0.605263	  0.342105	  0.026316	
  0.026316	  0.894737	  0.052632	  0.026316	
  0.078947	  0.026316	  0.842105	  0.052632	
  0.026316	  0.236842	  0.710526	  0.026316	
  0.027027	  0.918919	  0.027027	  0.027027	
  0.103448	  0.586207	  0.172414	  0.137931	

URL http://cisbp.ccbr.utoronto.ca/TFreport.php?versionNumber=2.00&searchTF=T003332_2.00

MOTIF M00719_2.00 (OLONG_008836)_(Arabidopsis_thaliana)_(DBD_0.86)

letter-probability matrix: alength= 4 w= 8 nsites= 1 E= 0
  0.253340	  0.238587	  0.213734	  0.294339	
  0.238515	  0.217986	  0.263600	  0.279900	
  0.216235	  0.071978	  0.581939	  0.129848	
  0.114251	  0.501900	  0.244301	  0.139547	
  0.009576	  0.664640	  0.002269	  0.323515	
  0.203540	  0.004463	  0.777326	  0.014671	
  0.148179	  0.326497	  0.281018	  0.244306	
  0.239004	  0.346014	  0.225085	  0.189897	

URL http://cisbp.ccbr.utoronto.ca/TFreport.php?versionNumber=2.00&searchTF=T003347_2.00

MOTIF M00724_2.00 (OLONG_004360)_(Arabidopsis_thaliana)_(DBD_0.76)

letter-probability matrix: alength= 4 w= 9 nsites= 1 E= 0
  0.232541	  0.284026	  0.175751	  0.307682	
  0.381584	  0.203229	  0.197222	  0.217964	
  0.225202	  0.191904	  0.458058	  0.124835	
  0.478098	  0.000472	  0.411503	  0.109927	
  0.180610	  0.007436	  0.079546	  0.732408	
  0.441083	  0.046957	  0.204227	  0.307733	
  0.181090	  0.613385	  0.128894	  0.076630	
  0.602456	  0.101597	  0.186983	  0.108964	
  0.143308	  0.180368	  0.258526	  0.417798	

URL http://cisbp.ccbr.utoronto.ca/TFreport.php?versionNumber=2.00&searchTF=T175135_2.00

MOTIF M00728_2.00 (OLONG_000751)_(Arabidopsis_thaliana)_(DBD_0.60)

letter-probability matrix: alength= 4 w= 8 nsites= 1 E= 0
  0.397219	  0.120842	  0.156724	  0.325215	
  0.091276	  0.058200	  0.034949	  0.815574	
  0.077473	  0.056257	  0.757426	  0.108845	
  0.891926	  0.000087	  0.061768	  0.046219	
  0.054102	  0.028244	  0.062857	  0.854798	
  0.072280	  0.012943	  0.068755	  0.846022	
  0.371108	  0.027289	  0.542665	  0.058938	
  0.183409	  0.337553	  0.354859	  0.124179	

URL http://cisbp.ccbr.utoronto.ca/TFreport.php?versionNumber=2.00&searchTF=T221487_2.00

MOTIF M00729_2.00 (OLONG_003406)_(Arabidopsis_thaliana)_(DBD_0.83)

letter-probability matrix: alength= 4 w= 10 nsites= 1 E= 0
  0.278776	  0.210695	  0.202433	  0.308096	
  0.373827	  0.180151	  0.166300	  0.279721	
  0.100680	  0.096732	  0.464958	  0.337629	
  0.780703	  0.013332	  0.160805	  0.045159	
  0.000197	  0.001501	  0.000061	  0.998241	
  0.177775	  0.116806	  0.202455	  0.502964	
  0.073441	  0.785631	  0.064489	  0.076439	
  0.091970	  0.344282	  0.281874	  0.281874	
  0.219334	  0.276053	  0.254829	  0.249783	
  0.242460	  0.270653	  0.221592	  0.265294	

URL http://cisbp.ccbr.utoronto.ca/TFreport.php?versionNumber=2.00&searchTF=T275870_2.00

MOTIF M00731_2.00 (OLONG_003240)_(Arabidopsis_thaliana)_(DBD_0.98)

letter-probability matrix: alength= 4 w= 10 nsites= 1 E= 0
  0.332551	  0.189956	  0.218502	  0.258991	
  0.391822	  0.090090	  0.437382	  0.080706	
  0.012012	  0.007141	  0.930653	  0.050194	
  0.015673	  0.000009	  0.000028	  0.984291	
  0.045872	  0.930629	  0.014237	  0.009261	
  0.882532	  0.062352	  0.018780	  0.036336	
  0.849114	  0.016514	  0.107146	  0.027227	
  0.219251	  0.578372	  0.059753	  0.142625	
  0.160546	  0.186528	  0.458785	  0.194140	
  0.228047	  0.284164	  0.273022	  0.214767	

URL http://cisbp.ccbr.utoronto.ca/TFreport.php?versionNumber=2.00&searchTF=T353631_2.00

MOTIF M00732_2.00 (OLONG_008759)_(Arabidopsis_thaliana)_(DBD_0.83)

letter-probability matrix: alength= 4 w= 11 nsites= 1 E= 0
  0.376942	  0.207686	  0.207686	  0.207686	
  0.385633	  0.142689	  0.142689	  0.328989	
  0.483253	  0.039829	  0.437089	  0.039829	
  0.167326	  0.000092	  0.832489	  0.000092	
  0.000092	  0.000092	  0.000092	  0.999723	
  0.247899	  0.751916	  0.000092	  0.000092	
  0.999723	  0.000092	  0.000092	  0.000092	
  0.919150	  0.000092	  0.000092	  0.080665	
  0.042406	  0.794230	  0.042406	  0.120957	
  0.107404	  0.107404	  0.599239	  0.185954	
  0.281712	  0.297762	  0.210263	  0.210263	

URL http://cisbp.ccbr.utoronto.ca/TFreport.php?versionNumber=2.00&searchTF=T353653_2.00

MOTIF M00750_2.00 (OLONG_026778)_(Mus_musculus)_(DBD_0.54)

letter-probability matrix: alength= 4 w= 8 nsites= 1 E= 0
  0.750000	  0.083333	  0.083333	  0.083333	
  0.800000	  0.066667	  0.066667	  0.066667	
  0.733333	  0.066667	  0.066667	  0.133333	
  0.266667	  0.066667	  0.066667	  0.600000	
  0.733333	  0.066667	  0.066667	  0.133333	
  0.666667	  0.066667	  0.066667	  0.200000	
  0.692308	  0.076923	  0.076923	  0.153846	
  0.166667	  0.083333	  0.083333	  0.666667	

URL http://cisbp.ccbr.utoronto.ca/TFreport.php?versionNumber=2.00&searchTF=T017665_2.00

MOTIF M00751_2.00 (OLONG_002740)_(Mus_musculus)_(DBD_0.44)

letter-probability matrix: alength= 4 w= 10 nsites= 1 E= 0
  0.237374	  0.264976	  0.264976	  0.232674	
  0.254916	  0.278923	  0.226090	  0.240071	
  0.234840	  0.237201	  0.304572	  0.223387	
  0.201961	  0.286597	  0.267221	  0.244221	
  0.601325	  0.000225	  0.320261	  0.078189	
  0.466521	  0.184067	  0.000331	  0.349080	
  0.391854	  0.070168	  0.064129	  0.473849	
  0.435120	  0.083565	  0.075612	  0.405703	
  0.376315	  0.160843	  0.160843	  0.302000	
  0.303804	  0.236603	  0.161804	  0.297789	

URL http://cisbp.ccbr.utoronto.ca/TFreport.php?versionNumber=2.00&searchTF=T017661_2.00

MOTIF M00845_2.00 (OLONG_021321)_(Arabidopsis_thaliana)_(DBD_0.95)

letter-probability matrix: alength= 4 w= 8 nsites= 1 E= 0
  0.000831	  0.000831	  0.250000	  0.748339	
  0.614264	  0.154141	  0.230828	  0.000767	
  0.000712	  0.784188	  0.214387	  0.000712	
  0.000712	  0.000712	  0.855413	  0.143162	
  0.690951	  0.000767	  0.307515	  0.000767	
  0.000767	  0.000767	  0.921012	  0.077454	
  0.000767	  0.000767	  0.997699	  0.000767	
  0.272645	  0.000906	  0.182065	  0.544384	

URL http://cisbp.ccbr.utoronto.ca/TFreport.php?versionNumber=2.00&searchTF=T003363_2.00

MOTIF M00852_2.00 (OLONG_018268)_(Arabidopsis_thaliana)_(DBD_0.70)

letter-probability matrix: alength= 4 w= 8 nsites= 1 E= 0
  0.214109	  0.272186	  0.209869	  0.303835	
  0.028040	  0.085083	  0.334832	  0.552045	
  0.029468	  0.061149	  0.882985	  0.026399	
  0.000039	  0.183899	  0.008202	  0.807860	
  0.110608	  0.636503	  0.087882	  0.165007	
  0.091509	  0.246272	  0.418399	  0.243821	
  0.168399	  0.288973	  0.367357	  0.175271	
  0.221967	  0.293692	  0.257889	  0.226451	

URL http://cisbp.ccbr.utoronto.ca/TFreport.php?versionNumber=2.00&searchTF=T020171_2.00

MOTIF M00854_2.00 (OLONG_002577)_(Arabidopsis_thaliana)_(DBD_0.94)

letter-probability matrix: alength= 4 w= 9 nsites= 1 E= 0
  0.024568	  0.974035	  0.000632	  0.000764	
  0.813518	  0.063521	  0.084046	  0.038915	
  0.009140	  0.882422	  0.000380	  0.108058	
  0.094389	  0.000303	  0.904538	  0.000769	
  0.000236	  0.043603	  0.016863	  0.939298	
  0.021970	  0.000357	  0.943561	  0.034112	
  0.082412	  0.321094	  0.524127	  0.072366	
  0.142878	  0.351424	  0.262958	  0.242740	
  0.263033	  0.265676	  0.238002	  0.233289	

URL http://cisbp.ccbr.utoronto.ca/TFreport.php?versionNumber=2.00&searchTF=T042371_2.00

MOTIF M00861_2.00 (OLONG_027628)_(Arabidopsis_thaliana)_(DBD_0.78)

letter-probability matrix: alength= 4 w= 7 nsites= 1 E= 0
  0.190119	  0.283624	  0.236903	  0.289354	
  0.289659	  0.230144	  0.175687	  0.304510	
  0.212813	  0.354396	  0.108898	  0.323893	
  0.640719	  0.057546	  0.217585	  0.084149	
  0.009553	  0.690095	  0.264233	  0.036119	
  0.177904	  0.113437	  0.001509	  0.707151	
  0.222833	  0.283276	  0.286123	  0.207768	

URL http://cisbp.ccbr.utoronto.ca/TFreport.php?versionNumber=2.00&searchTF=T124866_2.00

MOTIF M00864_2.00 (OLONG_001305)_(Arabidopsis_thaliana)_(DBD_0.80)

letter-probability matrix: alength= 4 w= 10 nsites= 1 E= 0
  0.992597	  0.002802	  0.000819	  0.003782	
  0.991610	  0.003094	  0.000951	  0.004346	
  0.015890	  0.005904	  0.047736	  0.930469	
  0.987484	  0.002678	  0.003050	  0.006788	
  0.976486	  0.009244	  0.004455	  0.009815	
  0.006048	  0.020079	  0.001552	  0.972321	
  0.026793	  0.007600	  0.004429	  0.961177	
  0.990815	  0.002556	  0.001971	  0.004658	
  0.002292	  0.991712	  0.002610	  0.003385	
  0.001938	  0.005216	  0.008687	  0.984159	

URL http://cisbp.ccbr.utoronto.ca/TFreport.php?versionNumber=2.00&searchTF=T221490_2.00

MOTIF M00866_2.00 (OLONG_016784)_(Arabidopsis_thaliana)_(DBD_0.90)

letter-probability matrix: alength= 4 w= 10 nsites= 1 E= 0
  0.322261	  0.225913	  0.225913	  0.225913	
  0.200420	  0.200711	  0.195798	  0.403071	
  0.000093	  0.000093	  0.000093	  0.999720	
  0.000093	  0.000093	  0.999720	  0.000093	
  0.999720	  0.000093	  0.000093	  0.000093	
  0.000093	  0.000093	  0.000093	  0.999720	
  0.000093	  0.000093	  0.000093	  0.999720	
  0.000093	  0.000093	  0.999720	  0.000093	
  0.738489	  0.115540	  0.121790	  0.024180	
  0.235873	  0.353573	  0.143424	  0.267131	

URL http://cisbp.ccbr.utoronto.ca/TFreport.php?versionNumber=2.00&searchTF=T221520_2.00

MOTIF M00868_2.00 (OLONG_003348)_(Arabidopsis_thaliana)_(DBD_0.72)

letter-probability matrix: alength= 4 w= 8 nsites= 1 E= 0
  0.177920	  0.293341	  0.252481	  0.276258	
  0.173522	  0.071974	  0.211940	  0.542563	
  0.065209	  0.114160	  0.143681	  0.676950	
  0.007834	  0.861280	  0.121319	  0.009568	
  0.034538	  0.273704	  0.314834	  0.376925	
  0.364815	  0.181162	  0.219070	  0.234954	
  0.243044	  0.211292	  0.282377	  0.263287	
  0.295233	  0.208047	  0.264480	  0.232239	

URL http://cisbp.ccbr.utoronto.ca/TFreport.php?versionNumber=2.00&searchTF=T241422_2.00

MOTIF M00869_2.00 (OLONG_002235)_(Arabidopsis_thaliana)_(DBD_0.58)

letter-probability matrix: alength= 4 w= 9 nsites= 1 E= 0
  0.219602	  0.204755	  0.392217	  0.183427	
  0.380662	  0.190931	  0.215274	  0.213132	
  0.402559	  0.170348	  0.203943	  0.223150	
  0.213067	  0.255088	  0.296370	  0.235476	
  0.183535	  0.377060	  0.263066	  0.176338	
  0.120837	  0.030400	  0.102971	  0.745792	
  0.035867	  0.000594	  0.000756	  0.962783	
  0.000182	  0.997905	  0.000117	  0.001796	
  0.043384	  0.361440	  0.287176	  0.307999	

URL http://cisbp.ccbr.utoronto.ca/TFreport.php?versionNumber=2.00&searchTF=T241420_2.00

MOTIF M00870_2.00 (OLONG_020841)_(Arabidopsis_thaliana)_(DBD_0.73)

letter-probability matrix: alength= 4 w= 9 nsites= 1 E= 0
  0.384999	  0.118302	  0.276785	  0.219915	
  0.385772	  0.129703	  0.128412	  0.356113	
  0.323298	  0.142391	  0.106546	  0.427765	
  0.253904	  0.191896	  0.091556	  0.462643	
  0.090587	  0.286092	  0.091498	  0.531824	
  0.158871	  0.532773	  0.241796	  0.066559	
  0.053948	  0.741016	  0.083766	  0.121270	
  0.047440	  0.079002	  0.787977	  0.085581	
  0.011187	  0.189573	  0.784288	  0.014951	

URL http://cisbp.ccbr.utoronto.ca/TFreport.php?versionNumber=2.00&searchTF=T245608_2.00

MOTIF M00871_2.00 (OLONG_009506)_(Arabidopsis_thaliana)_(DBD_0.87)

letter-probability matrix: alength= 4 w= 10 nsites= 1 E= 0
  0.243763	  0.246213	  0.251187	  0.258837	
  0.283786	  0.249191	  0.234679	  0.232344	
  0.193713	  0.251233	  0.132473	  0.422581	
  0.668742	  0.094198	  0.102043	  0.135017	
  0.590911	  0.228529	  0.085770	  0.094790	
  0.132272	  0.661729	  0.082670	  0.123329	
  0.234527	  0.139431	  0.398446	  0.227596	
  0.349123	  0.102046	  0.409699	  0.139132	
  0.331203	  0.257941	  0.158022	  0.252834	
  0.279702	  0.296998	  0.180138	  0.243161	

URL http://cisbp.ccbr.utoronto.ca/TFreport.php?versionNumber=2.00&searchTF=T275915_2.00

MOTIF M00873_2.00 (OLONG_002370)_(Arabidopsis_thaliana)_(DBD_0.92)

letter-probability matrix: alength= 4 w= 10 nsites= 1 E= 0
  0.226420	  0.226420	  0.320739	  0.226420	
  0.528872	  0.125806	  0.125806	  0.219517	
  0.999768	  0.000077	  0.000077	  0.000077	
  0.000077	  0.000077	  0.999768	  0.000077	
  0.999768	  0.000077	  0.000077	  0.000077	
  0.000077	  0.000077	  0.000077	  0.999768	
  0.402884	  0.201777	  0.000077	  0.395261	
  0.000077	  0.798068	  0.000077	  0.201777	
  0.023657	  0.023657	  0.724305	  0.228381	
  0.124272	  0.330831	  0.420625	  0.124272	

URL http://cisbp.ccbr.utoronto.ca/TFreport.php?versionNumber=2.00&searchTF=T275863_2.00

MOTIF M00875_2.00 (OLONG_000103)_(Arabidopsis_thaliana)_(DBD_0.89)

letter-probability matrix: alength= 4 w= 9 nsites= 1 E= 0
  0.313607	  0.212330	  0.234661	  0.239401	
  0.480259	  0.124503	  0.161471	  0.233767	
  0.589939	  0.144030	  0.129027	  0.137005	
  0.578989	  0.121666	  0.187033	  0.112312	
  0.200785	  0.043044	  0.102743	  0.653428	
  0.882598	  0.028019	  0.023170	  0.066213	
  0.132783	  0.065938	  0.021730	  0.779549	
  0.084134	  0.806268	  0.057536	  0.052061	
  0.196750	  0.245166	  0.157896	  0.400188	

URL http://cisbp.ccbr.utoronto.ca/TFreport.php?versionNumber=2.00&searchTF=T275853_2.00

MOTIF M00876_2.00 (OLONG_008660)_(Arabidopsis_thaliana)_(DBD_0.80)

letter-probability matrix: alength= 4 w= 8 nsites= 1 E= 0
  0.999412	  0.000196	  0.000196	  0.000196	
  0.206926	  0.723811	  0.017402	  0.051861	
  0.153905	  0.784287	  0.061654	  0.000154	
  0.590703	  0.091005	  0.030436	  0.287856	
  0.938976	  0.015294	  0.030436	  0.015294	
  0.287856	  0.605845	  0.106148	  0.000151	
  0.145229	  0.709381	  0.032398	  0.112992	
  0.499773	  0.091054	  0.272707	  0.136467	

URL http://cisbp.ccbr.utoronto.ca/TFreport.php?versionNumber=2.00&searchTF=T275908_2.00

MOTIF M00878_2.00 (OLONG_003708)_(Arabidopsis_thaliana)_(DBD_0.94)

letter-probability matrix: alength= 4 w= 8 nsites= 1 E= 0
  0.333299	  0.179296	  0.167175	  0.320230	
  0.276167	  0.273419	  0.165837	  0.284577	
  0.486014	  0.123500	  0.277616	  0.112870	
  0.181028	  0.077374	  0.000115	  0.741483	
  0.197164	  0.238420	  0.258278	  0.306138	
  0.120145	  0.577496	  0.130152	  0.172208	
  0.181080	  0.283990	  0.264790	  0.270140	
  0.231764	  0.283077	  0.251067	  0.234093	

URL http://cisbp.ccbr.utoronto.ca/TFreport.php?versionNumber=2.00&searchTF=T275871_2.00

MOTIF M00879_2.00 (OLONG_003280)_(Arabidopsis_thaliana)_(DBD_0.80)

letter-probability matrix: alength= 4 w= 8 nsites= 1 E= 0
  0.696699	  0.030436	  0.106148	  0.166717	
  0.778725	  0.052715	  0.084280	  0.084280	
  0.902424	  0.008935	  0.053167	  0.035474	
  0.119703	  0.000085	  0.051350	  0.828862	
  0.991200	  0.008630	  0.000085	  0.000085	
  0.000085	  0.000085	  0.000085	  0.999744	
  0.017781	  0.973195	  0.000088	  0.008935	
  0.105950	  0.129468	  0.082432	  0.682150	

URL http://cisbp.ccbr.utoronto.ca/TFreport.php?versionNumber=2.00&searchTF=T275868_2.00

MOTIF M00880_2.00 (OLONG_014459)_(Arabidopsis_thaliana)_(DBD_0.73)

letter-probability matrix: alength= 4 w= 8 nsites= 1 E= 0
  0.335304	  0.164850	  0.205416	  0.294429	
  0.252828	  0.191083	  0.200880	  0.355209	
  0.147292	  0.162783	  0.154844	  0.535081	
  0.205882	  0.218613	  0.135274	  0.440232	
  0.609328	  0.009137	  0.242829	  0.138706	
  0.158645	  0.689986	  0.007820	  0.143548	
  0.179150	  0.357175	  0.214482	  0.249193	
  0.188311	  0.214454	  0.410796	  0.186438	

URL http://cisbp.ccbr.utoronto.ca/TFreport.php?versionNumber=2.00&searchTF=T275948_2.00

MOTIF M00883_2.00 (OLONG_004480)_(Arabidopsis_thaliana)_(DBD_0.80)

letter-probability matrix: alength= 4 w= 10 nsites= 1 E= 0
  0.204715	  0.204715	  0.204715	  0.385854	
  0.100337	  0.100337	  0.381117	  0.418209	
  0.999371	  0.000210	  0.000210	  0.000210	
  0.000210	  0.999371	  0.000210	  0.000210	
  0.000210	  0.999371	  0.000210	  0.000210	
  0.000210	  0.000210	  0.000210	  0.999371	
  0.999371	  0.000210	  0.000210	  0.000210	
  0.999371	  0.000210	  0.000210	  0.000210	
  0.045494	  0.460182	  0.045494	  0.448829	
  0.236945	  0.237675	  0.149873	  0.375508	

URL http://cisbp.ccbr.utoronto.ca/TFreport.php?versionNumber=2.00&searchTF=T275876_2.00

MOTIF M00887_2.00 (OLONG_014873)_(Arabidopsis_thaliana)_(DBD_0.77)

letter-probability matrix: alength= 4 w= 9 nsites= 1 E= 0
  0.210410	  0.292673	  0.192300	  0.304617	
  0.093230	  0.010227	  0.867023	  0.029520	
  0.000022	  0.028402	  0.002378	  0.969197	
  0.999915	  0.000033	  0.000019	  0.000033	
  0.000035	  0.990629	  0.009010	  0.000326	
  0.055169	  0.047485	  0.845906	  0.051440	
  0.171303	  0.011628	  0.730284	  0.086785	
  0.345409	  0.279983	  0.108281	  0.266328	
  0.265581	  0.276420	  0.215276	  0.242723	

URL http://cisbp.ccbr.utoronto.ca/TFreport.php?versionNumber=2.00&searchTF=T322810_2.00

MOTIF M00888_2.00 (OLONG_015968)_(Arabidopsis_thaliana)_(DBD_0.81)

letter-probability matrix: alength= 4 w= 10 nsites= 1 E= 0
  0.162378	  0.000512	  0.837087	  0.000023	
  0.186959	  0.018009	  0.773471	  0.021561	
  0.590370	  0.018555	  0.384041	  0.007034	
  0.134659	  0.000282	  0.865014	  0.000046	
  0.172102	  0.002740	  0.532768	  0.292389	
  0.998903	  0.000175	  0.000385	  0.000536	
  0.846317	  0.153070	  0.000096	  0.000517	
  0.889033	  0.088247	  0.022649	  0.000071	
  0.044097	  0.024690	  0.931129	  0.000084	
  0.242318	  0.000007	  0.757672	  0.000004	

URL http://cisbp.ccbr.utoronto.ca/TFreport.php?versionNumber=2.00&searchTF=T322812_2.00

MOTIF M00889_2.00 (OLONG_001420)_(Arabidopsis_thaliana)_(DBD_0.61)

letter-probability matrix: alength= 4 w= 12 nsites= 1 E= 0
  0.304734	  0.198088	  0.299091	  0.198088	
  0.764758	  0.078414	  0.078414	  0.078414	
  0.146666	  0.050698	  0.050698	  0.751939	
  0.625315	  0.121356	  0.227065	  0.026263	
  0.903017	  0.096306	  0.000338	  0.000338	
  0.094494	  0.000338	  0.096306	  0.808861	
  0.095431	  0.000338	  0.000338	  0.903893	
  0.904830	  0.094494	  0.000338	  0.000338	
  0.347844	  0.052250	  0.152763	  0.447143	
  0.282790	  0.275625	  0.171924	  0.269661	
  0.199641	  0.297377	  0.303342	  0.199641	
  0.327776	  0.224075	  0.224075	  0.224075	

URL http://cisbp.ccbr.utoronto.ca/TFreport.php?versionNumber=2.00&searchTF=T331613_2.00

MOTIF M00890_2.00 (OLONG_009200)_(Arabidopsis_thaliana)_(DBD_0.69)

letter-probability matrix: alength= 4 w= 8 nsites= 1 E= 0
  0.795635	  0.001984	  0.001984	  0.200397	
  0.996681	  0.001106	  0.001106	  0.001106	
  0.001106	  0.001106	  0.001106	  0.996681	
  0.664823	  0.111726	  0.111726	  0.111726	
  0.775442	  0.001106	  0.001106	  0.222345	
  0.111726	  0.001106	  0.001106	  0.886062	
  0.554204	  0.111726	  0.001106	  0.332965	
  0.996269	  0.001244	  0.001244	  0.001244	

URL http://cisbp.ccbr.utoronto.ca/TFreport.php?versionNumber=2.00&searchTF=T331615_2.00

MOTIF M00892_2.00 (OLONG_025171)_(Arabidopsis_thaliana)_(DBD_0.69)

letter-probability matrix: alength= 4 w= 10 nsites= 1 E= 0
  0.178419	  0.245706	  0.263522	  0.312353	
  0.166127	  0.196911	  0.412713	  0.224248	
  0.081468	  0.085645	  0.720694	  0.112192	
  0.139160	  0.069800	  0.703190	  0.087850	
  0.179031	  0.234525	  0.390552	  0.195892	
  0.085317	  0.703716	  0.045896	  0.165071	
  0.054618	  0.934821	  0.003388	  0.007173	
  0.049824	  0.803113	  0.037281	  0.109782	
  0.730212	  0.058753	  0.162932	  0.048103	
  0.021203	  0.738154	  0.114910	  0.125732	

URL http://cisbp.ccbr.utoronto.ca/TFreport.php?versionNumber=2.00&searchTF=T344111_2.00

MOTIF M00898_2.00 (OLONG_005396)_(Arabidopsis_thaliana)_(DBD_0.69)

letter-probability matrix: alength= 4 w= 11 nsites= 1 E= 0
  0.227799	  0.316602	  0.227799	  0.227799	
  0.304548	  0.391205	  0.106861	  0.197385	
  0.200497	  0.022592	  0.754320	  0.022592	
  0.000231	  0.000231	  0.999306	  0.000231	
  0.000231	  0.000231	  0.000231	  0.999306	
  0.000231	  0.999306	  0.000231	  0.000231	
  0.999306	  0.000231	  0.000231	  0.000231	
  0.999306	  0.000231	  0.000231	  0.000231	
  0.114025	  0.841111	  0.022432	  0.022432	
  0.143370	  0.143370	  0.465072	  0.248188	
  0.317081	  0.227640	  0.227640	  0.227640	

URL http://cisbp.ccbr.utoronto.ca/TFreport.php?versionNumber=2.00&searchTF=T353639_2.00

MOTIF M00899_2.00 (OLONG_001808)_(Arabidopsis_thaliana)_(DBD_0.79)

letter-probability matrix: alength= 4 w= 11 nsites= 1 E= 0
  0.317379	  0.227540	  0.227540	  0.227540	
  0.347266	  0.353164	  0.149785	  0.149785	
  0.541055	  0.046464	  0.366016	  0.046464	
  0.000131	  0.000131	  0.999607	  0.000131	
  0.000131	  0.000131	  0.087523	  0.912215	
  0.000131	  0.912215	  0.087523	  0.000131	
  0.912215	  0.000131	  0.087523	  0.000131	
  0.912215	  0.000131	  0.087523	  0.000131	
  0.205601	  0.661825	  0.109983	  0.022591	
  0.100346	  0.100346	  0.698963	  0.100346	
  0.203667	  0.292376	  0.203667	  0.300291	

URL http://cisbp.ccbr.utoronto.ca/TFreport.php?versionNumber=2.00&searchTF=T353629_2.00

MOTIF M00900_2.00 (OLONG_001234)_(Arabidopsis_thaliana)_(DBD_0.92)

letter-probability matrix: alength= 4 w= 7 nsites= 1 E= 0
  0.224737	  0.309492	  0.224737	  0.241033	
  0.345940	  0.171789	  0.426778	  0.055493	
  0.043796	  0.026299	  0.812038	  0.117866	
  0.048010	  0.072342	  0.041322	  0.838326	
  0.072122	  0.852661	  0.065259	  0.009958	
  0.539615	  0.157725	  0.138498	  0.164162	
  0.440130	  0.139361	  0.199751	  0.220759	

URL http://cisbp.ccbr.utoronto.ca/TFreport.php?versionNumber=2.00&searchTF=T353627_2.00

MOTIF M00901_2.00 (OLONG_002978)_(Arabidopsis_thaliana)_(DBD_0.57)

letter-probability matrix: alength= 4 w= 11 nsites= 1 E= 0
  0.228599	  0.228599	  0.314204	  0.228599	
  0.214045	  0.234090	  0.222723	  0.329143	
  0.301191	  0.023278	  0.652253	  0.023278	
  0.000162	  0.000162	  0.999515	  0.000162	
  0.000162	  0.000162	  0.000162	  0.999515	
  0.000162	  0.999515	  0.000162	  0.000162	
  0.999515	  0.000162	  0.000162	  0.000162	
  0.999515	  0.000162	  0.000162	  0.000162	
  0.104888	  0.851987	  0.021563	  0.021563	
  0.123588	  0.206913	  0.455315	  0.214184	
  0.226884	  0.319349	  0.226884	  0.226884	

URL http://cisbp.ccbr.utoronto.ca/TFreport.php?versionNumber=2.00&searchTF=T353630_2.00

MOTIF M00970_2.00 (OLONG_000792)_(Arabidopsis_thaliana)_(DBD_0.76)

letter-probability matrix: alength= 4 w= 10 nsites= 1 E= 0
  0.279132	  0.160436	  0.160436	  0.399996	
  0.071663	  0.456006	  0.156328	  0.316004	
  0.915168	  0.084721	  0.000056	  0.000056	
  0.091634	  0.825520	  0.000056	  0.082790	
  0.082790	  0.000056	  0.825520	  0.091634	
  0.000056	  0.208750	  0.112171	  0.679024	
  0.806239	  0.193650	  0.000056	  0.000056	
  0.744041	  0.000056	  0.000056	  0.255848	
  0.263932	  0.556828	  0.089620	  0.089620	
  0.269971	  0.178393	  0.178393	  0.373243	

URL http://cisbp.ccbr.utoronto.ca/TFreport.php?versionNumber=2.00&searchTF=T294228_2.00

MOTIF M00971_2.00 (OLONG_007664)_(Arabidopsis_thaliana)_(DBD_0.80)

letter-probability matrix: alength= 4 w= 10 nsites= 1 E= 0
  0.145742	  0.290569	  0.147207	  0.416481	
  0.103924	  0.205133	  0.098855	  0.592089	
  0.883283	  0.059958	  0.023188	  0.033570	
  0.248139	  0.745451	  0.000396	  0.006013	
  0.023731	  0.030167	  0.785848	  0.160254	
  0.077178	  0.576004	  0.082774	  0.264044	
  0.373096	  0.224042	  0.084931	  0.317931	
  0.810104	  0.004793	  0.013160	  0.171943	
  0.190247	  0.379299	  0.143786	  0.286668	
  0.198614	  0.403979	  0.204663	  0.192744	

URL http://cisbp.ccbr.utoronto.ca/TFreport.php?versionNumber=2.00&searchTF=T294244_2.00

MOTIF M00979_2.00 (OLONG_009674)_(Arabidopsis_thaliana)_(DBD_0.80)

letter-probability matrix: alength= 4 w= 10 nsites= 1 E= 0
  0.239031	  0.241433	  0.239031	  0.280505	
  0.249369	  0.251875	  0.165494	  0.333263	
  0.464388	  0.093758	  0.235267	  0.206587	
  0.037194	  0.553439	  0.083609	  0.325757	
  0.968944	  0.015428	  0.001386	  0.014242	
  0.120486	  0.846862	  0.013895	  0.018756	
  0.060476	  0.025591	  0.814226	  0.099707	
  0.097933	  0.480239	  0.158267	  0.263561	
  0.460084	  0.260189	  0.055780	  0.223947	
  0.805303	  0.021785	  0.024318	  0.148594	

URL http://cisbp.ccbr.utoronto.ca/TFreport.php?versionNumber=2.00&searchTF=T294251_2.00

MOTIF M00980_2.00 (OLONG_011521)_(Arabidopsis_thaliana)_(DBD_0.82)

letter-probability matrix: alength= 4 w= 10 nsites= 1 E= 0
  0.296901	  0.174757	  0.243082	  0.285259	
  0.110391	  0.397038	  0.114897	  0.377674	
  0.669291	  0.048241	  0.088785	  0.193682	
  0.192038	  0.576913	  0.070647	  0.160403	
  0.125483	  0.093894	  0.573736	  0.206886	
  0.155161	  0.288432	  0.224631	  0.331776	
  0.419181	  0.269968	  0.066573	  0.244277	
  0.518674	  0.104719	  0.091953	  0.284654	
  0.218513	  0.316348	  0.170178	  0.294961	
  0.226685	  0.282467	  0.138873	  0.351975	

URL http://cisbp.ccbr.utoronto.ca/TFreport.php?versionNumber=2.00&searchTF=T294256_2.00

MOTIF M00982_2.00 (OLONG_023427)_(Arabidopsis_thaliana)_(DBD_0.55)

letter-probability matrix: alength= 4 w= 8 nsites= 1 E= 0
  0.250000	  0.261358	  0.204566	  0.284075	
  0.401527	  0.007950	  0.582572	  0.007950	
  0.000061	  0.000061	  0.993683	  0.006195	
  0.000061	  0.006195	  0.000061	  0.993683	
  0.006195	  0.993683	  0.000061	  0.000061	
  0.987549	  0.000061	  0.000061	  0.012328	
  0.886497	  0.000067	  0.100040	  0.013396	
  0.280691	  0.377148	  0.149158	  0.193002	

URL http://cisbp.ccbr.utoronto.ca/TFreport.php?versionNumber=2.00&searchTF=T353678_2.00

MOTIF M01045_2.00 (OLONG_003671)_(Arabidopsis_thaliana)_(DBD_0.73)

letter-probability matrix: alength= 4 w= 9 nsites= 1 E= 0
  0.217485	  0.293574	  0.282063	  0.206878	
  0.273896	  0.392583	  0.217619	  0.115902	
  0.087868	  0.000097	  0.894117	  0.017919	
  0.054882	  0.784606	  0.107252	  0.053260	
  0.129025	  0.757488	  0.043380	  0.070106	
  0.088083	  0.000058	  0.905316	  0.006542	
  0.147844	  0.476351	  0.214038	  0.161767	
  0.074050	  0.792138	  0.055966	  0.077846	
  0.379401	  0.190298	  0.249284	  0.181017	

URL http://cisbp.ccbr.utoronto.ca/TFreport.php?versionNumber=2.00&searchTF=T003337_2.00

MOTIF M01046_2.00 (OLONG_007389)_(Arabidopsis_thaliana)_(DBD_0.84)

letter-probability matrix: alength= 4 w= 10 nsites= 1 E= 0
  0.309434	  0.020181	  0.604708	  0.065677	
  0.007062	  0.661645	  0.236212	  0.095081	
  0.207769	  0.559154	  0.109555	  0.123523	
  0.000000	  0.000019	  0.999924	  0.000057	
  0.118261	  0.438296	  0.273936	  0.169507	
  0.223297	  0.594964	  0.029035	  0.152704	
  0.353632	  0.152667	  0.336385	  0.157316	
  0.297425	  0.227048	  0.195422	  0.280104	
  0.311727	  0.245214	  0.192892	  0.250167	
  0.312073	  0.228889	  0.193106	  0.265931	

URL http://cisbp.ccbr.utoronto.ca/TFreport.php?versionNumber=2.00&searchTF=T003344_2.00

MOTIF M01052_2.00 (OLONG_000881)_(Arabidopsis_thaliana)_(DBD_0.84)

letter-probability matrix: alength= 4 w= 10 nsites= 1 E= 0
  0.304312	  0.231896	  0.231896	  0.231896	
  0.299252	  0.134777	  0.359742	  0.206229	
  0.000039	  0.999882	  0.000039	  0.000039	
  0.999882	  0.000039	  0.000039	  0.000039	
  0.000039	  0.999882	  0.000039	  0.000039	
  0.000039	  0.000039	  0.999882	  0.000039	
  0.000039	  0.000039	  0.000039	  0.999882	
  0.000039	  0.000039	  0.999882	  0.000039	
  0.090411	  0.808940	  0.082505	  0.018143	
  0.212500	  0.338255	  0.237241	  0.212004	

URL http://cisbp.ccbr.utoronto.ca/TFreport.php?versionNumber=2.00&searchTF=T042363_2.00

MOTIF M01053_2.00 (OLONG_010393)_(Arabidopsis_thaliana)_(DBD_0.77)

letter-probability matrix: alength= 4 w= 12 nsites= 1 E= 0
  0.233128	  0.233128	  0.233128	  0.300615	
  0.188837	  0.188837	  0.188837	  0.433488	
  0.125556	  0.187633	  0.561255	  0.125556	
  0.496910	  0.335547	  0.083771	  0.083771	
  0.000105	  0.000105	  0.000105	  0.999686	
  0.000105	  0.000105	  0.999686	  0.000105	
  0.999686	  0.000105	  0.000105	  0.000105	
  0.000105	  0.999686	  0.000105	  0.000105	
  0.016977	  0.016977	  0.949070	  0.016977	
  0.061268	  0.061268	  0.061268	  0.816197	
  0.204816	  0.484010	  0.124549	  0.186626	
  0.500999	  0.166334	  0.166334	  0.166334	

URL http://cisbp.ccbr.utoronto.ca/TFreport.php?versionNumber=2.00&searchTF=T065648_2.00

MOTIF M01055_2.00 (OLONG_003165)_(Arabidopsis_thaliana)_(DBD_0.94)

letter-probability matrix: alength= 4 w= 11 nsites= 1 E= 0
  0.232956	  0.232956	  0.232956	  0.301133	
  0.140924	  0.140924	  0.518108	  0.200044	
  0.259129	  0.308747	  0.325952	  0.106172	
  0.000096	  0.000096	  0.000096	  0.999712	
  0.000096	  0.000096	  0.999712	  0.000096	
  0.999712	  0.000096	  0.000096	  0.000096	
  0.000096	  0.999712	  0.000096	  0.000096	
  0.000096	  0.000096	  0.999712	  0.000096	
  0.017140	  0.017140	  0.017140	  0.948580	
  0.405183	  0.376473	  0.109172	  0.109172	
  0.507235	  0.143924	  0.143924	  0.204918	

URL http://cisbp.ccbr.utoronto.ca/TFreport.php?versionNumber=2.00&searchTF=T065627_2.00

MOTIF M01056_2.00 (OLONG_001053)_(Arabidopsis_thaliana)_(DBD_0.67)

letter-probability matrix: alength= 4 w= 12 nsites= 1 E= 0
  0.233228	  0.233228	  0.233228	  0.300316	
  0.195200	  0.195200	  0.414401	  0.195200	
  0.321244	  0.531180	  0.039004	  0.108571	
  0.017006	  0.794860	  0.086573	  0.101561	
  0.999662	  0.000113	  0.000113	  0.000113	
  0.000113	  0.999662	  0.000113	  0.000113	
  0.000113	  0.000113	  0.999662	  0.000113	
  0.000113	  0.000113	  0.000113	  0.999662	
  0.084170	  0.016885	  0.882060	  0.016885	
  0.054913	  0.054913	  0.218792	  0.671382	
  0.211108	  0.366675	  0.211108	  0.211108	
  0.233107	  0.300679	  0.233107	  0.233107	

URL http://cisbp.ccbr.utoronto.ca/TFreport.php?versionNumber=2.00&searchTF=T065619_2.00

MOTIF M01062_2.00 (OLONG_004716)_(Arabidopsis_thaliana)_(DBD_0.77)

letter-probability matrix: alength= 4 w= 9 nsites= 1 E= 0
  0.184639	  0.283838	  0.167068	  0.364455	
  0.265903	  0.318344	  0.115947	  0.299805	
  0.559603	  0.171954	  0.191948	  0.076495	
  0.000383	  0.993580	  0.000099	  0.005938	
  0.004369	  0.046734	  0.010221	  0.938676	
  0.002187	  0.000030	  0.003197	  0.994586	
  0.000404	  0.000079	  0.004150	  0.995367	
  0.332040	  0.044490	  0.018454	  0.605017	
  0.189718	  0.189718	  0.115070	  0.505495	

URL http://cisbp.ccbr.utoronto.ca/TFreport.php?versionNumber=2.00&searchTF=T170780_2.00

MOTIF M01064_2.00 (OLONG_002511)_(Arabidopsis_thaliana)_(DBD_0.61)

letter-probability matrix: alength= 4 w= 8 nsites= 1 E= 0
  0.143466	  0.001420	  0.001420	  0.853693	
  0.001106	  0.001106	  0.996681	  0.001106	
  0.996681	  0.001106	  0.001106	  0.001106	
  0.001106	  0.996681	  0.001106	  0.001106	
  0.498756	  0.001244	  0.498756	  0.001244	
  0.001244	  0.001244	  0.374378	  0.623134	
  0.001244	  0.747512	  0.250000	  0.001244	
  0.167219	  0.001656	  0.001656	  0.829470	

URL http://cisbp.ccbr.utoronto.ca/TFreport.php?versionNumber=2.00&searchTF=T221494_2.00

MOTIF M01065_2.00 (OLONG_013754)_(Arabidopsis_thaliana)_(DBD_0.79)

letter-probability matrix: alength= 4 w= 11 nsites= 1 E= 0
  0.312030	  0.201106	  0.201106	  0.285759	
  0.104890	  0.422771	  0.196922	  0.275416	
  0.340416	  0.514888	  0.072348	  0.072348	
  0.000102	  0.000102	  0.000102	  0.999693	
  0.000102	  0.000102	  0.999693	  0.000102	
  0.000102	  0.897554	  0.000102	  0.102241	
  0.999693	  0.000102	  0.000102	  0.000102	
  0.000102	  0.000102	  0.092134	  0.907662	
  0.230338	  0.141028	  0.579638	  0.048997	
  0.145212	  0.247351	  0.145212	  0.462226	
  0.466738	  0.177754	  0.177754	  0.177754	

URL http://cisbp.ccbr.utoronto.ca/TFreport.php?versionNumber=2.00&searchTF=T221514_2.00

MOTIF M01066_2.00 (OLONG_001985)_(Arabidopsis_thaliana)_(DBD_0.84)

letter-probability matrix: alength= 4 w= 10 nsites= 1 E= 0
  0.120104	  0.192166	  0.415033	  0.272696	
  0.409876	  0.152300	  0.319212	  0.118612	
  0.570604	  0.044110	  0.065805	  0.319480	
  0.548366	  0.008908	  0.036487	  0.406240	
  0.362215	  0.100709	  0.090219	  0.446857	
  0.155865	  0.336633	  0.104480	  0.403022	
  0.271455	  0.359171	  0.255647	  0.113727	
  0.152412	  0.500991	  0.195701	  0.150896	
  0.000002	  0.010444	  0.978465	  0.011089	
  0.015715	  0.090432	  0.866616	  0.027238	

URL http://cisbp.ccbr.utoronto.ca/TFreport.php?versionNumber=2.00&searchTF=T245593_2.00

MOTIF M01068_2.00 (OLONG_003720)_(Arabidopsis_thaliana)_(DBD_0.85)

letter-probability matrix: alength= 4 w= 10 nsites= 1 E= 0
  0.356499	  0.173527	  0.216228	  0.253746	
  0.714681	  0.045233	  0.114645	  0.125441	
  0.015624	  0.011927	  0.764184	  0.208265	
  0.979383	  0.000061	  0.017408	  0.003148	
  0.014915	  0.000245	  0.000087	  0.984753	
  0.163136	  0.117282	  0.037886	  0.681696	
  0.000003	  0.995014	  0.001687	  0.003296	
  0.123662	  0.398439	  0.173739	  0.304160	
  0.247151	  0.284291	  0.247151	  0.221406	
  0.228518	  0.262859	  0.164287	  0.344336	

URL http://cisbp.ccbr.utoronto.ca/TFreport.php?versionNumber=2.00&searchTF=T275872_2.00

MOTIF M01069_2.00 (OLONG_007470)_(Arabidopsis_thaliana)_(DBD_0.91)

letter-probability matrix: alength= 4 w= 10 nsites= 1 E= 0
  0.324154	  0.200581	  0.215125	  0.260140	
  0.461198	  0.123202	  0.174833	  0.240767	
  0.601582	  0.127685	  0.117868	  0.152866	
  0.576689	  0.110753	  0.201805	  0.110753	
  0.235678	  0.034208	  0.126782	  0.603332	
  0.969770	  0.000109	  0.013559	  0.016561	
  0.024780	  0.021328	  0.009975	  0.943917	
  0.054857	  0.824459	  0.023682	  0.097002	
  0.201171	  0.231402	  0.158247	  0.409180	
  0.259970	  0.235230	  0.244830	  0.259970	

URL http://cisbp.ccbr.utoronto.ca/TFreport.php?versionNumber=2.00&searchTF=T275897_2.00

MOTIF M01070_2.00 (OLONG_008332)_(Arabidopsis_thaliana)_(DBD_0.83)

letter-probability matrix: alength= 4 w= 8 nsites= 1 E= 0
  0.478976	  0.104288	  0.000208	  0.416528	
  0.411670	  0.014844	  0.529248	  0.044239	
  0.460416	  0.539321	  0.000132	  0.000132	
  0.000130	  0.999611	  0.000130	  0.000130	
  0.000130	  0.973650	  0.000130	  0.026090	
  0.026090	  0.000130	  0.000130	  0.973650	
  0.999611	  0.000130	  0.000130	  0.000130	
  0.403728	  0.000192	  0.595888	  0.000192	

URL http://cisbp.ccbr.utoronto.ca/TFreport.php?versionNumber=2.00&searchTF=T275907_2.00

MOTIF M01072_2.00 (OLONG_008024)_(Arabidopsis_thaliana)_(DBD_0.75)

letter-probability matrix: alength= 4 w= 8 nsites= 1 E= 0
  0.711648	  0.001420	  0.285511	  0.001420	
  0.001244	  0.996269	  0.001244	  0.001244	
  0.001244	  0.996269	  0.001244	  0.001244	
  0.001244	  0.001244	  0.001244	  0.996269	
  0.996269	  0.001244	  0.001244	  0.001244	
  0.996269	  0.001244	  0.001244	  0.001244	
  0.001244	  0.747512	  0.001244	  0.250000	
  0.001984	  0.200397	  0.001984	  0.795635	

URL http://cisbp.ccbr.utoronto.ca/TFreport.php?versionNumber=2.00&searchTF=T275903_2.00

MOTIF M01076_2.00 (OLONG_019401)_(Arabidopsis_thaliana)_(DBD_0.72)

letter-probability matrix: alength= 4 w= 9 nsites= 1 E= 0
  0.153120	  0.192717	  0.063512	  0.590651	
  0.947790	  0.008282	  0.001656	  0.042272	
  0.917607	  0.080783	  0.000337	  0.001273	
  0.032578	  0.947311	  0.001688	  0.018424	
  0.130519	  0.293394	  0.321024	  0.255064	
  0.270805	  0.021789	  0.639955	  0.067451	
  0.327282	  0.330571	  0.021345	  0.320801	
  0.276668	  0.421078	  0.059312	  0.242941	
  0.319425	  0.236636	  0.163453	  0.280486	

URL http://cisbp.ccbr.utoronto.ca/TFreport.php?versionNumber=2.00&searchTF=T275969_2.00

MOTIF M01077_2.00 (OLONG_004499)_(Arabidopsis_thaliana)_(DBD_0.70)

letter-probability matrix: alength= 4 w= 10 nsites= 1 E= 0
  0.379438	  0.151213	  0.212447	  0.256901	
  0.582921	  0.072824	  0.111950	  0.232305	
  0.045529	  0.028172	  0.583090	  0.343209	
  0.936811	  0.000584	  0.035963	  0.026642	
  0.071653	  0.000528	  0.000925	  0.926894	
  0.109880	  0.027369	  0.149814	  0.712937	
  0.032099	  0.905797	  0.000618	  0.061486	
  0.034432	  0.368328	  0.304592	  0.292649	
  0.219625	  0.302452	  0.198725	  0.279198	
  0.215762	  0.248186	  0.183860	  0.352192	

URL http://cisbp.ccbr.utoronto.ca/TFreport.php?versionNumber=2.00&searchTF=T275877_2.00

MOTIF M01078_2.00 (OLONG_007893)_(Arabidopsis_thaliana)_(DBD_0.89)

letter-probability matrix: alength= 4 w= 10 nsites= 1 E= 0
  0.194581	  0.387940	  0.244900	  0.172578	
  0.116234	  0.224888	  0.028951	  0.629927	
  0.131798	  0.102644	  0.092877	  0.672681	
  0.961631	  0.003891	  0.014420	  0.020058	
  0.017926	  0.036099	  0.014973	  0.931002	
  0.023071	  0.933172	  0.015008	  0.028749	
  0.043208	  0.636520	  0.069132	  0.251141	
  0.412024	  0.101604	  0.281767	  0.204605	
  0.245250	  0.233289	  0.221912	  0.299549	
  0.368215	  0.162173	  0.158962	  0.310650	

URL http://cisbp.ccbr.utoronto.ca/TFreport.php?versionNumber=2.00&searchTF=T275901_2.00

MOTIF M01083_2.00 (OLONG_011068)_(Arabidopsis_thaliana)_(DBD_0.83)

letter-probability matrix: alength= 4 w= 8 nsites= 1 E= 0
  0.377310	  0.169842	  0.047246	  0.405602	
  0.353713	  0.000068	  0.598545	  0.047674	
  0.348938	  0.650958	  0.000052	  0.000052	
  0.000051	  0.994719	  0.005178	  0.000051	
  0.000051	  0.984465	  0.000051	  0.015433	
  0.000051	  0.000051	  0.000051	  0.999846	
  0.977365	  0.000056	  0.005673	  0.016906	
  0.398452	  0.090274	  0.443551	  0.067724	

URL http://cisbp.ccbr.utoronto.ca/TFreport.php?versionNumber=2.00&searchTF=T275927_2.00

MOTIF M01087_2.00 (OLONG_007614)_(Arabidopsis_thaliana)_(DBD_0.37)

letter-probability matrix: alength= 4 w= 10 nsites= 1 E= 0
  0.363763	  0.193737	  0.193737	  0.248763	
  0.435854	  0.149502	  0.175442	  0.239202	
  0.435354	  0.080331	  0.180578	  0.303737	
  0.104843	  0.081652	  0.061711	  0.751794	
  0.060645	  0.051679	  0.046295	  0.841381	
  0.003122	  0.533049	  0.072865	  0.390963	
  0.758381	  0.000142	  0.200574	  0.040902	
  0.899183	  0.023138	  0.031547	  0.046131	
  0.830968	  0.038574	  0.063599	  0.066859	
  0.293712	  0.255341	  0.066195	  0.384752	

URL http://cisbp.ccbr.utoronto.ca/TFreport.php?versionNumber=2.00&searchTF=T345615_2.00

MOTIF M01089_2.00 (OLONG_003355)_(Arabidopsis_thaliana)_(DBD_0.83)

letter-probability matrix: alength= 4 w= 8 nsites= 1 E= 0
  0.311057	  0.200044	  0.222247	  0.266652	
  0.417810	  0.029982	  0.537142	  0.015066	
  0.000112	  0.000112	  0.999663	  0.000112	
  0.000112	  0.000112	  0.000112	  0.999663	
  0.000112	  0.999663	  0.000112	  0.000112	
  0.999663	  0.000112	  0.000112	  0.000112	
  0.999663	  0.000112	  0.000112	  0.000112	
  0.349143	  0.539499	  0.016022	  0.095336	

URL http://cisbp.ccbr.utoronto.ca/TFreport.php?versionNumber=2.00&searchTF=T353633_2.00

MOTIF M01090_2.00 (OLONG_010067)_(Arabidopsis_thaliana)_(DBD_0.71)

letter-probability matrix: alength= 4 w= 9 nsites= 1 E= 0
  0.426335	  0.115034	  0.401507	  0.057124	
  0.007902	  0.000086	  0.979618	  0.012393	
  0.000409	  0.000393	  0.001266	  0.997932	
  0.045912	  0.950250	  0.001386	  0.002452	
  0.895975	  0.055585	  0.009659	  0.038780	
  0.895657	  0.007520	  0.075759	  0.021064	
  0.084755	  0.706102	  0.056247	  0.152896	
  0.136430	  0.193603	  0.485806	  0.184161	
  0.204341	  0.314124	  0.262378	  0.219157	

URL http://cisbp.ccbr.utoronto.ca/TFreport.php?versionNumber=2.00&searchTF=T353655_2.00

MOTIF M01097_2.00 (OLONG_014228)_(Cannabis_sativa)_(DBD_0.92)

letter-probability matrix: alength= 4 w= 9 nsites= 1 E= 0
  0.138239	  0.346882	  0.272867	  0.242011	
  0.190987	  0.534968	  0.166036	  0.108008	
  0.608475	  0.002140	  0.384120	  0.005264	
  0.000376	  0.993425	  0.005059	  0.001140	
  0.000934	  0.994484	  0.000044	  0.004537	
  0.010438	  0.001546	  0.977987	  0.010029	
  0.441186	  0.411359	  0.042926	  0.104529	
  0.075346	  0.790043	  0.031883	  0.102728	
  0.367281	  0.227267	  0.086153	  0.319299	

URL http://cisbp.ccbr.utoronto.ca/TFreport.php?versionNumber=2.00&searchTF=T003354_2.00

MOTIF M01100_2.00 (OLONG_021733)_(Cannabis_sativa)_(DBD_0.90)

letter-probability matrix: alength= 4 w= 10 nsites= 1 E= 0
  0.168379	  0.360042	  0.313005	  0.158574	
  0.208224	  0.607051	  0.086368	  0.098358	
  0.026595	  0.000012	  0.973348	  0.000045	
  0.015846	  0.937230	  0.021822	  0.025102	
  0.104784	  0.864284	  0.010195	  0.020737	
  0.045248	  0.024341	  0.908823	  0.021588	
