MEME version 4

ALPHABET= ACGT

strands: + -

Background letter frequencies (from uniform background):
A 0.25000 C 0.25000 G 0.25000 T 0.25000 

MOTIF M00717_2.00 (OGLUM01G42800)_(Arabidopsis_thaliana)_(DBD_0.92)

letter-probability matrix: alength= 4 w= 8 nsites= 1 E= 0
  0.184463	  0.256582	  0.319720	  0.239235	
  0.105899	  0.380880	  0.185394	  0.327827	
  0.045557	  0.000794	  0.952379	  0.001270	
  0.037039	  0.782083	  0.054161	  0.126718	
  0.030180	  0.624644	  0.110740	  0.234436	
  0.136135	  0.093097	  0.701799	  0.068968	
  0.176688	  0.191404	  0.362994	  0.268913	
  0.199360	  0.485467	  0.097039	  0.218134	

URL http://cisbp.ccbr.utoronto.ca/TFreport.php?versionNumber=2.00&searchTF=T003191_2.00

MOTIF M00718_2.00 (OGLUM03G03790)_(Arabidopsis_thaliana)_(DBD_0.82)

letter-probability matrix: alength= 4 w= 8 nsites= 1 E= 0
  0.200000	  0.500000	  0.133333	  0.166667	
  0.027027	  0.054054	  0.891892	  0.027027	
  0.026316	  0.605263	  0.342105	  0.026316	
  0.026316	  0.894737	  0.052632	  0.026316	
  0.078947	  0.026316	  0.842105	  0.052632	
  0.026316	  0.236842	  0.710526	  0.026316	
  0.027027	  0.918919	  0.027027	  0.027027	
  0.103448	  0.586207	  0.172414	  0.137931	

URL http://cisbp.ccbr.utoronto.ca/TFreport.php?versionNumber=2.00&searchTF=T003219_2.00

MOTIF M00719_2.00 (OGLUM02G36100)_(Arabidopsis_thaliana)_(DBD_0.86)

letter-probability matrix: alength= 4 w= 8 nsites= 1 E= 0
  0.253340	  0.238587	  0.213734	  0.294339	
  0.238515	  0.217986	  0.263600	  0.279900	
  0.216235	  0.071978	  0.581939	  0.129848	
  0.114251	  0.501900	  0.244301	  0.139547	
  0.009576	  0.664640	  0.002269	  0.323515	
  0.203540	  0.004463	  0.777326	  0.014671	
  0.148179	  0.326497	  0.281018	  0.244306	
  0.239004	  0.346014	  0.225085	  0.189897	

URL http://cisbp.ccbr.utoronto.ca/TFreport.php?versionNumber=2.00&searchTF=T003216_2.00

MOTIF M00721_2.00 (OGLUM02G26870)_(Arabidopsis_thaliana)_(DBD_0.78)

letter-probability matrix: alength= 4 w= 10 nsites= 1 E= 0
  0.273481	  0.273481	  0.200584	  0.252455	
  0.230650	  0.273390	  0.265310	  0.230650	
  0.278187	  0.368077	  0.188348	  0.165388	
  0.144544	  0.058183	  0.745151	  0.052122	
  0.115569	  0.613920	  0.175891	  0.094620	
  0.185945	  0.668777	  0.071913	  0.073365	
  0.213466	  0.119519	  0.586093	  0.080921	
  0.197200	  0.352207	  0.207311	  0.243282	
  0.166531	  0.604972	  0.105128	  0.123369	
  0.320417	  0.292839	  0.174099	  0.212645	

URL http://cisbp.ccbr.utoronto.ca/TFreport.php?versionNumber=2.00&searchTF=T003207_2.00

MOTIF M00723_2.00 (OGLUM09G15380)_(Arabidopsis_thaliana)_(DBD_0.76)

letter-probability matrix: alength= 4 w= 11 nsites= 1 E= 0
  0.204241	  0.387276	  0.204241	  0.204241	
  0.696105	  0.101298	  0.101298	  0.101298	
  0.022733	  0.022733	  0.931801	  0.022733	
  0.499115	  0.000149	  0.500587	  0.000149	
  0.000149	  0.000149	  0.000149	  0.999554	
  0.505702	  0.000149	  0.000149	  0.494000	
  0.000149	  0.999554	  0.000149	  0.000149	
  0.999554	  0.000149	  0.000149	  0.000149	
  0.045908	  0.045908	  0.045908	  0.862277	
  0.148851	  0.148851	  0.148851	  0.553448	
  0.227416	  0.317753	  0.227416	  0.227416	

URL http://cisbp.ccbr.utoronto.ca/TFreport.php?versionNumber=2.00&searchTF=T175132_2.00

MOTIF M00726_2.00 (OGLUM03G15860)_(Physcomitrella_patens)_(DBD_0.81)

letter-probability matrix: alength= 4 w= 10 nsites= 1 E= 0
  0.239472	  0.270004	  0.198033	  0.292491	
  0.357704	  0.210546	  0.194359	  0.237390	
  0.230071	  0.198024	  0.419217	  0.152687	
  0.430091	  0.023196	  0.413227	  0.133486	
  0.177508	  0.014865	  0.080561	  0.727066	
  0.379546	  0.073624	  0.223402	  0.323428	
  0.157762	  0.686144	  0.060406	  0.095688	
  0.574252	  0.086753	  0.193073	  0.145921	
  0.116242	  0.222666	  0.238811	  0.422281	
  0.232475	  0.239555	  0.246850	  0.281120	

URL http://cisbp.ccbr.utoronto.ca/TFreport.php?versionNumber=2.00&searchTF=T175126_2.00

MOTIF M00727_2.00 (OGLUM02G26320)_(Arabidopsis_thaliana)_(DBD_0.78)

letter-probability matrix: alength= 4 w= 10 nsites= 1 E= 0
  0.287104	  0.250462	  0.176667	  0.285767	
  0.181210	  0.300221	  0.159884	  0.358685	
  0.437690	  0.167170	  0.255627	  0.139512	
  0.164439	  0.062494	  0.739361	  0.033706	
  0.938813	  0.003378	  0.016105	  0.041704	
  0.041704	  0.016105	  0.003378	  0.938813	
  0.033706	  0.739361	  0.062494	  0.164439	
  0.139512	  0.255627	  0.167170	  0.437690	
  0.358685	  0.159884	  0.300221	  0.181210	
  0.285767	  0.176667	  0.250462	  0.287104	

URL http://cisbp.ccbr.utoronto.ca/TFreport.php?versionNumber=2.00&searchTF=T194385_2.00

MOTIF M00728_2.00 (OGLUM01G28210)_(Arabidopsis_thaliana)_(DBD_0.72)

letter-probability matrix: alength= 4 w= 8 nsites= 1 E= 0
  0.397219	  0.120842	  0.156724	  0.325215	
  0.091276	  0.058200	  0.034949	  0.815574	
  0.077473	  0.056257	  0.757426	  0.108845	
  0.891926	  0.000087	  0.061768	  0.046219	
  0.054102	  0.028244	  0.062857	  0.854798	
  0.072280	  0.012943	  0.068755	  0.846022	
  0.371108	  0.027289	  0.542665	  0.058938	
  0.183409	  0.337553	  0.354859	  0.124179	

URL http://cisbp.ccbr.utoronto.ca/TFreport.php?versionNumber=2.00&searchTF=T221388_2.00

MOTIF M00729_2.00 (OGLUM02G05510)_(Arabidopsis_thaliana)_(DBD_0.96)

letter-probability matrix: alength= 4 w= 10 nsites= 1 E= 0
  0.278776	  0.210695	  0.202433	  0.308096	
  0.373827	  0.180151	  0.166300	  0.279721	
  0.100680	  0.096732	  0.464958	  0.337629	
  0.780703	  0.013332	  0.160805	  0.045159	
  0.000197	  0.001501	  0.000061	  0.998241	
  0.177775	  0.116806	  0.202455	  0.502964	
  0.073441	  0.785631	  0.064489	  0.076439	
  0.091970	  0.344282	  0.281874	  0.281874	
  0.219334	  0.276053	  0.254829	  0.249783	
  0.242460	  0.270653	  0.221592	  0.265294	

URL http://cisbp.ccbr.utoronto.ca/TFreport.php?versionNumber=2.00&searchTF=T275663_2.00

MOTIF M00731_2.00 (OGLUM01G27100)_(Arabidopsis_thaliana)_(DBD_0.78)

letter-probability matrix: alength= 4 w= 10 nsites= 1 E= 0
  0.332551	  0.189956	  0.218502	  0.258991	
  0.391822	  0.090090	  0.437382	  0.080706	
  0.012012	  0.007141	  0.930653	  0.050194	
  0.015673	  0.000009	  0.000028	  0.984291	
  0.045872	  0.930629	  0.014237	  0.009261	
  0.882532	  0.062352	  0.018780	  0.036336	
  0.849114	  0.016514	  0.107146	  0.027227	
  0.219251	  0.578372	  0.059753	  0.142625	
  0.160546	  0.186528	  0.458785	  0.194140	
  0.228047	  0.284164	  0.273022	  0.214767	

URL http://cisbp.ccbr.utoronto.ca/TFreport.php?versionNumber=2.00&searchTF=T353532_2.00

MOTIF M00732_2.00 (OGLUM01G06080)_(Arabidopsis_thaliana)_(DBD_0.81)

letter-probability matrix: alength= 4 w= 11 nsites= 1 E= 0
  0.376942	  0.207686	  0.207686	  0.207686	
  0.385633	  0.142689	  0.142689	  0.328989	
  0.483253	  0.039829	  0.437089	  0.039829	
  0.167326	  0.000092	  0.832489	  0.000092	
  0.000092	  0.000092	  0.000092	  0.999723	
  0.247899	  0.751916	  0.000092	  0.000092	
  0.999723	  0.000092	  0.000092	  0.000092	
  0.919150	  0.000092	  0.000092	  0.080665	
  0.042406	  0.794230	  0.042406	  0.120957	
  0.107404	  0.107404	  0.599239	  0.185954	
  0.281712	  0.297762	  0.210263	  0.210263	

URL http://cisbp.ccbr.utoronto.ca/TFreport.php?versionNumber=2.00&searchTF=T353525_2.00

MOTIF M00750_2.00 (OGLUM01G42060)_(Mus_musculus)_(DBD_0.54)

letter-probability matrix: alength= 4 w= 8 nsites= 1 E= 0
  0.750000	  0.083333	  0.083333	  0.083333	
  0.800000	  0.066667	  0.066667	  0.066667	
  0.733333	  0.066667	  0.066667	  0.133333	
  0.266667	  0.066667	  0.066667	  0.600000	
  0.733333	  0.066667	  0.066667	  0.133333	
  0.666667	  0.066667	  0.066667	  0.200000	
  0.692308	  0.076923	  0.076923	  0.153846	
  0.166667	  0.083333	  0.083333	  0.666667	

URL http://cisbp.ccbr.utoronto.ca/TFreport.php?versionNumber=2.00&searchTF=T017654_2.00

MOTIF M00751_2.00 (OGLUM11G18450)_(Mus_musculus)_(DBD_0.32)

letter-probability matrix: alength= 4 w= 10 nsites= 1 E= 0
  0.237374	  0.264976	  0.264976	  0.232674	
  0.254916	  0.278923	  0.226090	  0.240071	
  0.234840	  0.237201	  0.304572	  0.223387	
  0.201961	  0.286597	  0.267221	  0.244221	
  0.601325	  0.000225	  0.320261	  0.078189	
  0.466521	  0.184067	  0.000331	  0.349080	
  0.391854	  0.070168	  0.064129	  0.473849	
  0.435120	  0.083565	  0.075612	  0.405703	
  0.376315	  0.160843	  0.160843	  0.302000	
  0.303804	  0.236603	  0.161804	  0.297789	

URL http://cisbp.ccbr.utoronto.ca/TFreport.php?versionNumber=2.00&searchTF=T017658_2.00

MOTIF M00842_2.00 (OGLUM02G35980)_(Arabidopsis_thaliana)_(DBD_0.82)

letter-probability matrix: alength= 4 w= 9 nsites= 1 E= 0
  0.164368	  0.488875	  0.115828	  0.230928	
  0.486638	  0.021063	  0.423063	  0.069236	
  0.000374	  0.979771	  0.013699	  0.006155	
  0.029509	  0.967475	  0.002759	  0.000258	
  0.009322	  0.012211	  0.974898	  0.003569	
  0.510611	  0.117403	  0.144837	  0.227149	
  0.044026	  0.929631	  0.005958	  0.020385	
  0.195109	  0.616192	  0.061779	  0.126920	
  0.425180	  0.125526	  0.183555	  0.265739	

URL http://cisbp.ccbr.utoronto.ca/TFreport.php?versionNumber=2.00&searchTF=T003215_2.00

MOTIF M00843_2.00 (OGLUM01G07430)_(Arabidopsis_thaliana)_(DBD_0.84)

letter-probability matrix: alength= 4 w= 9 nsites= 1 E= 0
  0.186445	  0.386889	  0.162088	  0.264578	
  0.542838	  0.027849	  0.410268	  0.019045	
  0.011387	  0.975006	  0.006125	  0.007482	
  0.015054	  0.954920	  0.010503	  0.019524	
  0.023264	  0.008908	  0.950421	  0.017408	
  0.871913	  0.042127	  0.028522	  0.057437	
  0.015340	  0.953826	  0.013880	  0.016954	
  0.589463	  0.062753	  0.259618	  0.088165	
  0.235513	  0.273627	  0.257692	  0.233169	

URL http://cisbp.ccbr.utoronto.ca/TFreport.php?versionNumber=2.00&searchTF=T003186_2.00

MOTIF M00844_2.00 (OGLUM04G27370)_(Arabidopsis_thaliana)_(DBD_0.84)

letter-probability matrix: alength= 4 w= 8 nsites= 1 E= 0
  0.002475	  0.497525	  0.497525	  0.002475	
  0.167219	  0.663907	  0.001656	  0.167219	
  0.663907	  0.001656	  0.332781	  0.001656	
  0.001656	  0.995033	  0.001656	  0.001656	
  0.001656	  0.995033	  0.001656	  0.001656	
  0.001656	  0.001656	  0.995033	  0.001656	
  0.498344	  0.332781	  0.001656	  0.167219	
  0.001656	  0.995033	  0.001656	  0.001656	

URL http://cisbp.ccbr.utoronto.ca/TFreport.php?versionNumber=2.00&searchTF=T003248_2.00

MOTIF M00845_2.00 (OGLUM03G38790)_(Arabidopsis_thaliana)_(DBD_0.94)

letter-probability matrix: alength= 4 w= 8 nsites= 1 E= 0
  0.000831	  0.000831	  0.250000	  0.748339	
  0.614264	  0.154141	  0.230828	  0.000767	
  0.000712	  0.784188	  0.214387	  0.000712	
  0.000712	  0.000712	  0.855413	  0.143162	
  0.690951	  0.000767	  0.307515	  0.000767	
  0.000767	  0.000767	  0.921012	  0.077454	
  0.000767	  0.000767	  0.997699	  0.000767	
  0.272645	  0.000906	  0.182065	  0.544384	

URL http://cisbp.ccbr.utoronto.ca/TFreport.php?versionNumber=2.00&searchTF=T003233_2.00

MOTIF M00848_2.00 (OGLUM02G26840)_(Arabidopsis_thaliana)_(DBD_0.90)

letter-probability matrix: alength= 4 w= 7 nsites= 1 E= 0
  0.259028	  0.227451	  0.294988	  0.218533	
  0.232050	  0.193825	  0.332605	  0.241520	
  0.249102	  0.244170	  0.292324	  0.214404	
  0.166982	  0.419006	  0.127470	  0.286542	
  0.221416	  0.016445	  0.685428	  0.076711	
  0.156124	  0.287336	  0.337192	  0.219347	
  0.173198	  0.461479	  0.168079	  0.197243	

URL http://cisbp.ccbr.utoronto.ca/TFreport.php?versionNumber=2.00&searchTF=T003206_2.00

MOTIF M00850_2.00 (OGLUM06G04560)_(Arabidopsis_thaliana)_(DBD_0.88)

letter-probability matrix: alength= 4 w= 10 nsites= 1 E= 0
  0.208013	  0.280788	  0.267094	  0.244105	
  0.205485	  0.461912	  0.144803	  0.187799	
  0.546960	  0.029500	  0.370323	  0.053217	
  0.004791	  0.931426	  0.054966	  0.008817	
  0.023515	  0.970349	  0.004748	  0.001388	
  0.039708	  0.054139	  0.863989	  0.042164	
  0.491439	  0.227543	  0.110757	  0.170262	
  0.097903	  0.752936	  0.053196	  0.095965	
  0.345266	  0.277082	  0.178451	  0.199201	
  0.265543	  0.250079	  0.196719	  0.287659	

URL http://cisbp.ccbr.utoronto.ca/TFreport.php?versionNumber=2.00&searchTF=T003271_2.00

MOTIF M00852_2.00 (OGLUM01G29850)_(Arabidopsis_thaliana)_(DBD_0.84)

letter-probability matrix: alength= 4 w= 8 nsites= 1 E= 0
  0.214109	  0.272186	  0.209869	  0.303835	
  0.028040	  0.085083	  0.334832	  0.552045	
  0.029468	  0.061149	  0.882985	  0.026399	
  0.000039	  0.183899	  0.008202	  0.807860	
  0.110608	  0.636503	  0.087882	  0.165007	
  0.091509	  0.246272	  0.418399	  0.243821	
  0.168399	  0.288973	  0.367357	  0.175271	
  0.221967	  0.293692	  0.257889	  0.226451	

URL http://cisbp.ccbr.utoronto.ca/TFreport.php?versionNumber=2.00&searchTF=T020044_2.00

MOTIF M00854_2.00 (OGLUM02G37030)_(Arabidopsis_thaliana)_(DBD_0.65)

letter-probability matrix: alength= 4 w= 9 nsites= 1 E= 0
  0.024568	  0.974035	  0.000632	  0.000764	
  0.813518	  0.063521	  0.084046	  0.038915	
  0.009140	  0.882422	  0.000380	  0.108058	
  0.094389	  0.000303	  0.904538	  0.000769	
  0.000236	  0.043603	  0.016863	  0.939298	
  0.021970	  0.000357	  0.943561	  0.034112	
  0.082412	  0.321094	  0.524127	  0.072366	
  0.142878	  0.351424	  0.262958	  0.242740	
  0.263033	  0.265676	  0.238002	  0.233289	

URL http://cisbp.ccbr.utoronto.ca/TFreport.php?versionNumber=2.00&searchTF=T042245_2.00

MOTIF M00858_2.00 (OGLUM03G12700)_(Arabidopsis_thaliana)_(DBD_0.80)

letter-probability matrix: alength= 4 w= 8 nsites= 1 E= 0
  0.228068	  0.252055	  0.249547	  0.270331	
  0.237445	  0.265055	  0.262417	  0.235083	
  0.246133	  0.261353	  0.220494	  0.272019	
  0.198016	  0.353665	  0.175625	  0.272694	
  0.560346	  0.028462	  0.326540	  0.084652	
  0.000554	  0.638314	  0.360983	  0.000149	
  0.215968	  0.144768	  0.052202	  0.587062	
  0.224345	  0.279552	  0.255491	  0.240612	

URL http://cisbp.ccbr.utoronto.ca/TFreport.php?versionNumber=2.00&searchTF=T124719_2.00

MOTIF M00860_2.00 (OGLUM01G40470)_(Arabidopsis_thaliana)_(DBD_0.72)

letter-probability matrix: alength= 4 w= 7 nsites= 1 E= 0
  0.228743	  0.263117	  0.255341	  0.252800	
  0.288237	  0.240756	  0.191289	  0.279718	
  0.171485	  0.430307	  0.069721	  0.328487	
  0.692023	  0.000056	  0.262334	  0.045587	
  0.008641	  0.542667	  0.335793	  0.112899	
  0.192008	  0.133959	  0.079642	  0.594391	
  0.214822	  0.301814	  0.223589	  0.259774	

URL http://cisbp.ccbr.utoronto.ca/TFreport.php?versionNumber=2.00&searchTF=T124703_2.00

MOTIF M00861_2.00 (OGLUM03G23350)_(Arabidopsis_thaliana)_(DBD_0.78)

letter-probability matrix: alength= 4 w= 7 nsites= 1 E= 0
  0.190119	  0.283624	  0.236903	  0.289354	
  0.289659	  0.230144	  0.175687	  0.304510	
  0.212813	  0.354396	  0.108898	  0.323893	
  0.640719	  0.057546	  0.217585	  0.084149	
  0.009553	  0.690095	  0.264233	  0.036119	
  0.177904	  0.113437	  0.001509	  0.707151	
  0.222833	  0.283276	  0.286123	  0.207768	

URL http://cisbp.ccbr.utoronto.ca/TFreport.php?versionNumber=2.00&searchTF=T124721_2.00

MOTIF M00863_2.00 (OGLUM01G34750)_(Arabidopsis_thaliana)_(DBD_0.97)

letter-probability matrix: alength= 4 w= 8 nsites= 1 E= 0
  0.219654	  0.282041	  0.237948	  0.260357	
  0.206787	  0.284772	  0.240252	  0.268188	
  0.373524	  0.217670	  0.191135	  0.217670	
  0.141712	  0.054260	  0.688004	  0.116024	
  0.973804	  0.000221	  0.000153	  0.025822	
  0.060637	  0.000201	  0.000085	  0.939078	
  0.100445	  0.330171	  0.267631	  0.301753	
  0.195050	  0.293906	  0.252967	  0.258077	

URL http://cisbp.ccbr.utoronto.ca/TFreport.php?versionNumber=2.00&searchTF=T194381_2.00

MOTIF M00864_2.00 (OGLUM01G07380)_(Arabidopsis_thaliana)_(DBD_0.86)

letter-probability matrix: alength= 4 w= 10 nsites= 1 E= 0
  0.992597	  0.002802	  0.000819	  0.003782	
  0.991610	  0.003094	  0.000951	  0.004346	
  0.015890	  0.005904	  0.047736	  0.930469	
  0.987484	  0.002678	  0.003050	  0.006788	
  0.976486	  0.009244	  0.004455	  0.009815	
  0.006048	  0.020079	  0.001552	  0.972321	
  0.026793	  0.007600	  0.004429	  0.961177	
  0.990815	  0.002556	  0.001971	  0.004658	
  0.002292	  0.991712	  0.002610	  0.003385	
  0.001938	  0.005216	  0.008687	  0.984159	

URL http://cisbp.ccbr.utoronto.ca/TFreport.php?versionNumber=2.00&searchTF=T221386_2.00

MOTIF M00866_2.00 (OGLUM01G40630)_(Arabidopsis_thaliana)_(DBD_0.44)

letter-probability matrix: alength= 4 w= 10 nsites= 1 E= 0
  0.322261	  0.225913	  0.225913	  0.225913	
  0.200420	  0.200711	  0.195798	  0.403071	
  0.000093	  0.000093	  0.000093	  0.999720	
  0.000093	  0.000093	  0.999720	  0.000093	
  0.999720	  0.000093	  0.000093	  0.000093	
  0.000093	  0.000093	  0.000093	  0.999720	
  0.000093	  0.000093	  0.000093	  0.999720	
  0.000093	  0.000093	  0.999720	  0.000093	
  0.738489	  0.115540	  0.121790	  0.024180	
  0.235873	  0.353573	  0.143424	  0.267131	

URL http://cisbp.ccbr.utoronto.ca/TFreport.php?versionNumber=2.00&searchTF=T221393_2.00

MOTIF M00868_2.00 (OGLUM01G23720)_(Arabidopsis_thaliana)_(DBD_0.68)

letter-probability matrix: alength= 4 w= 8 nsites= 1 E= 0
  0.177920	  0.293341	  0.252481	  0.276258	
  0.173522	  0.071974	  0.211940	  0.542563	
  0.065209	  0.114160	  0.143681	  0.676950	
  0.007834	  0.861280	  0.121319	  0.009568	
  0.034538	  0.273704	  0.314834	  0.376925	
  0.364815	  0.181162	  0.219070	  0.234954	
  0.243044	  0.211292	  0.282377	  0.263287	
  0.295233	  0.208047	  0.264480	  0.232239	

URL http://cisbp.ccbr.utoronto.ca/TFreport.php?versionNumber=2.00&searchTF=T241393_2.00

MOTIF M00869_2.00 (OGLUM02G19090)_(Arabidopsis_thaliana)_(DBD_0.64)

letter-probability matrix: alength= 4 w= 9 nsites= 1 E= 0
  0.219602	  0.204755	  0.392217	  0.183427	
  0.380662	  0.190931	  0.215274	  0.213132	
  0.402559	  0.170348	  0.203943	  0.223150	
  0.213067	  0.255088	  0.296370	  0.235476	
  0.183535	  0.377060	  0.263066	  0.176338	
  0.120837	  0.030400	  0.102971	  0.745792	
  0.035867	  0.000594	  0.000756	  0.962783	
  0.000182	  0.997905	  0.000117	  0.001796	
  0.043384	  0.361440	  0.287176	  0.307999	

URL http://cisbp.ccbr.utoronto.ca/TFreport.php?versionNumber=2.00&searchTF=T241398_2.00

MOTIF M00870_2.00 (OGLUM02G38740)_(Arabidopsis_thaliana)_(DBD_0.80)

letter-probability matrix: alength= 4 w= 9 nsites= 1 E= 0
  0.384999	  0.118302	  0.276785	  0.219915	
  0.385772	  0.129703	  0.128412	  0.356113	
  0.323298	  0.142391	  0.106546	  0.427765	
  0.253904	  0.191896	  0.091556	  0.462643	
  0.090587	  0.286092	  0.091498	  0.531824	
  0.158871	  0.532773	  0.241796	  0.066559	
  0.053948	  0.741016	  0.083766	  0.121270	
  0.047440	  0.079002	  0.787977	  0.085581	
  0.011187	  0.189573	  0.784288	  0.014951	

URL http://cisbp.ccbr.utoronto.ca/TFreport.php?versionNumber=2.00&searchTF=T245566_2.00

MOTIF M00871_2.00 (OGLUM01G12520)_(Arabidopsis_thaliana)_(DBD_0.79)

letter-probability matrix: alength= 4 w= 10 nsites= 1 E= 0
  0.243763	  0.246213	  0.251187	  0.258837	
  0.283786	  0.249191	  0.234679	  0.232344	
  0.193713	  0.251233	  0.132473	  0.422581	
  0.668742	  0.094198	  0.102043	  0.135017	
  0.590911	  0.228529	  0.085770	  0.094790	
  0.132272	  0.661729	  0.082670	  0.123329	
  0.234527	  0.139431	  0.398446	  0.227596	
  0.349123	  0.102046	  0.409699	  0.139132	
  0.331203	  0.257941	  0.158022	  0.252834	
  0.279702	  0.296998	  0.180138	  0.243161	

URL http://cisbp.ccbr.utoronto.ca/TFreport.php?versionNumber=2.00&searchTF=T275636_2.00

MOTIF M00873_2.00 (OGLUM02G06200)_(Arabidopsis_thaliana)_(DBD_0.74)

letter-probability matrix: alength= 4 w= 10 nsites= 1 E= 0
  0.226420	  0.226420	  0.320739	  0.226420	
  0.528872	  0.125806	  0.125806	  0.219517	
  0.999768	  0.000077	  0.000077	  0.000077	
  0.000077	  0.000077	  0.999768	  0.000077	
  0.999768	  0.000077	  0.000077	  0.000077	
  0.000077	  0.000077	  0.000077	  0.999768	
  0.402884	  0.201777	  0.000077	  0.395261	
  0.000077	  0.798068	  0.000077	  0.201777	
  0.023657	  0.023657	  0.724305	  0.228381	
  0.124272	  0.330831	  0.420625	  0.124272	

URL http://cisbp.ccbr.utoronto.ca/TFreport.php?versionNumber=2.00&searchTF=T275664_2.00

MOTIF M00874_2.00 (OGLUM01G10130)_(Arabidopsis_thaliana)_(DBD_0.94)

letter-probability matrix: alength= 4 w= 7 nsites= 1 E= 0
  0.297316	  0.201300	  0.359530	  0.141854	
  0.335160	  0.176727	  0.274406	  0.213707	
  0.477536	  0.090798	  0.172197	  0.259469	
  0.915843	  0.004305	  0.044694	  0.035158	
  0.074325	  0.014857	  0.005357	  0.905461	
  0.161206	  0.568320	  0.095840	  0.174633	
  0.184011	  0.280057	  0.213790	  0.322142	

URL http://cisbp.ccbr.utoronto.ca/TFreport.php?versionNumber=2.00&searchTF=T275635_2.00

MOTIF M00875_2.00 (OGLUM05G04280)_(Arabidopsis_thaliana)_(DBD_0.70)

letter-probability matrix: alength= 4 w= 9 nsites= 1 E= 0
  0.313607	  0.212330	  0.234661	  0.239401	
  0.480259	  0.124503	  0.161471	  0.233767	
  0.589939	  0.144030	  0.129027	  0.137005	
  0.578989	  0.121666	  0.187033	  0.112312	
  0.200785	  0.043044	  0.102743	  0.653428	
  0.882598	  0.028019	  0.023170	  0.066213	
  0.132783	  0.065938	  0.021730	  0.779549	
  0.084134	  0.806268	  0.057536	  0.052061	
  0.196750	  0.245166	  0.157896	  0.400188	

URL http://cisbp.ccbr.utoronto.ca/TFreport.php?versionNumber=2.00&searchTF=T275729_2.00

MOTIF M00876_2.00 (OGLUM01G13340)_(Arabidopsis_thaliana)_(DBD_0.87)

letter-probability matrix: alength= 4 w= 8 nsites= 1 E= 0
  0.999412	  0.000196	  0.000196	  0.000196	
  0.206926	  0.723811	  0.017402	  0.051861	
  0.153905	  0.784287	  0.061654	  0.000154	
  0.590703	  0.091005	  0.030436	  0.287856	
  0.938976	  0.015294	  0.030436	  0.015294	
  0.287856	  0.605845	  0.106148	  0.000151	
  0.145229	  0.709381	  0.032398	  0.112992	
  0.499773	  0.091054	  0.272707	  0.136467	

URL http://cisbp.ccbr.utoronto.ca/TFreport.php?versionNumber=2.00&searchTF=T275637_2.00

MOTIF M00877_2.00 (OGLUM12G15400)_(Arabidopsis_thaliana)_(DBD_0.88)

letter-probability matrix: alength= 4 w= 9 nsites= 1 E= 0
  0.185199	  0.317803	  0.194694	  0.302304	
  0.778645	  0.000277	  0.118814	  0.102264	
  0.353245	  0.462738	  0.069907	  0.114110	
  0.000060	  0.914173	  0.084607	  0.001160	
  0.269503	  0.211999	  0.220651	  0.297847	
  0.425775	  0.111487	  0.282566	  0.180172	
  0.341786	  0.389236	  0.094084	  0.174895	
  0.211015	  0.388359	  0.124204	  0.276422	
  0.252103	  0.230404	  0.270382	  0.247111	

URL http://cisbp.ccbr.utoronto.ca/TFreport.php?versionNumber=2.00&searchTF=T275830_2.00

MOTIF M00878_2.00 (OGLUM02G29460)_(Arabidopsis_thaliana)_(DBD_0.98)

letter-probability matrix: alength= 4 w= 8 nsites= 1 E= 0
  0.333299	  0.179296	  0.167175	  0.320230	
  0.276167	  0.273419	  0.165837	  0.284577	
  0.486014	  0.123500	  0.277616	  0.112870	
  0.181028	  0.077374	  0.000115	  0.741483	
  0.197164	  0.238420	  0.258278	  0.306138	
  0.120145	  0.577496	  0.130152	  0.172208	
  0.181080	  0.283990	  0.264790	  0.270140	
  0.231764	  0.283077	  0.251067	  0.234093	

URL http://cisbp.ccbr.utoronto.ca/TFreport.php?versionNumber=2.00&searchTF=T275678_2.00

MOTIF M00879_2.00 (OGLUM02G28780)_(Arabidopsis_thaliana)_(DBD_0.80)

letter-probability matrix: alength= 4 w= 8 nsites= 1 E= 0
  0.696699	  0.030436	  0.106148	  0.166717	
  0.778725	  0.052715	  0.084280	  0.084280	
  0.902424	  0.008935	  0.053167	  0.035474	
  0.119703	  0.000085	  0.051350	  0.828862	
  0.991200	  0.008630	  0.000085	  0.000085	
  0.000085	  0.000085	  0.000085	  0.999744	
  0.017781	  0.973195	  0.000088	  0.008935	
  0.105950	  0.129468	  0.082432	  0.682150	

URL http://cisbp.ccbr.utoronto.ca/TFreport.php?versionNumber=2.00&searchTF=T275676_2.00

MOTIF M00882_2.00 (OGLUM01G14390)_(Arabidopsis_thaliana)_(DBD_0.81)

letter-probability matrix: alength= 4 w= 10 nsites= 1 E= 0
  0.149434	  0.294964	  0.275023	  0.280579	
  0.225904	  0.270456	  0.273174	  0.230467	
  0.165608	  0.340230	  0.167272	  0.326890	
  0.762395	  0.089699	  0.062581	  0.085325	
  0.309605	  0.623467	  0.065059	  0.001869	
  0.050240	  0.801767	  0.142141	  0.005852	
  0.286254	  0.122349	  0.137948	  0.453448	
  0.754695	  0.053320	  0.132464	  0.059520	
  0.388169	  0.534558	  0.005649	  0.071625	
  0.118059	  0.503298	  0.107898	  0.270746	

URL http://cisbp.ccbr.utoronto.ca/TFreport.php?versionNumber=2.00&searchTF=T275639_2.00

MOTIF M00883_2.00 (OGLUM02G24660)_(Arabidopsis_thaliana)_(DBD_0.75)

letter-probability matrix: alength= 4 w= 10 nsites= 1 E= 0
  0.204715	  0.204715	  0.204715	  0.385854	
  0.100337	  0.100337	  0.381117	  0.418209	
  0.999371	  0.000210	  0.000210	  0.000210	
  0.000210	  0.999371	  0.000210	  0.000210	
  0.000210	  0.999371	  0.000210	  0.000210	
  0.000210	  0.000210	  0.000210	  0.999371	
  0.999371	  0.000210	  0.000210	  0.000210	
  0.999371	  0.000210	  0.000210	  0.000210	
  0.045494	  0.460182	  0.045494	  0.448829	
  0.236945	  0.237675	  0.149873	  0.375508	

URL http://cisbp.ccbr.utoronto.ca/TFreport.php?versionNumber=2.00&searchTF=T275672_2.00

MOTIF M00886_2.00 (OGLUM03G27330)_(Arabidopsis_thaliana)_(DBD_0.82)

letter-probability matrix: alength= 4 w= 8 nsites= 1 E= 0
  0.140364	  0.791746	  0.030394	  0.037496	
  0.119636	  0.037131	  0.807913	  0.035320	
  0.110554	  0.015417	  0.057140	  0.816889	
  0.091821	  0.026307	  0.010696	  0.871176	
  0.129248	  0.009504	  0.797703	  0.063544	
  0.104946	  0.058174	  0.045762	  0.791118	
  0.071184	  0.784676	  0.055438	  0.088701	
  0.102613	  0.043422	  0.056881	  0.797085	

URL http://cisbp.ccbr.utoronto.ca/TFreport.php?versionNumber=2.00&searchTF=T294124_2.00

MOTIF M00887_2.00 (OGLUM01G46420)_(Arabidopsis_thaliana)_(DBD_0.77)

letter-probability matrix: alength= 4 w= 9 nsites= 1 E= 0
  0.210410	  0.292673	  0.192300	  0.304617	
  0.093230	  0.010227	  0.867023	  0.029520	
  0.000022	  0.028402	  0.002378	  0.969197	
  0.999915	  0.000033	  0.000019	  0.000033	
  0.000035	  0.990629	  0.009010	  0.000326	
  0.055169	  0.047485	  0.845906	  0.051440	
  0.171303	  0.011628	  0.730284	  0.086785	
  0.345409	  0.279983	  0.108281	  0.266328	
  0.265581	  0.276420	  0.215276	  0.242723	

URL http://cisbp.ccbr.utoronto.ca/TFreport.php?versionNumber=2.00&searchTF=T322788_2.00

MOTIF M00888_2.00 (OGLUM05G17090)_(Arabidopsis_thaliana)_(DBD_0.81)

letter-probability matrix: alength= 4 w= 10 nsites= 1 E= 0
  0.162378	  0.000512	  0.837087	  0.000023	
  0.186959	  0.018009	  0.773471	  0.021561	
  0.590370	  0.018555	  0.384041	  0.007034	
  0.134659	  0.000282	  0.865014	  0.000046	
  0.172102	  0.002740	  0.532768	  0.292389	
  0.998903	  0.000175	  0.000385	  0.000536	
  0.846317	  0.153070	  0.000096	  0.000517	
  0.889033	  0.088247	  0.022649	  0.000071	
  0.044097	  0.024690	  0.931129	  0.000084	
  0.242318	  0.000007	  0.757672	  0.000004	

URL http://cisbp.ccbr.utoronto.ca/TFreport.php?versionNumber=2.00&searchTF=T322794_2.00

MOTIF M00890_2.00 (OGLUM02G26190)_(Arabidopsis_thaliana)_(DBD_0.98)

letter-probability matrix: alength= 4 w= 8 nsites= 1 E= 0
  0.795635	  0.001984	  0.001984	  0.200397	
  0.996681	  0.001106	  0.001106	  0.001106	
  0.001106	  0.001106	  0.001106	  0.996681	
  0.664823	  0.111726	  0.111726	  0.111726	
  0.775442	  0.001106	  0.001106	  0.222345	
  0.111726	  0.001106	  0.001106	  0.886062	
  0.554204	  0.111726	  0.001106	  0.332965	
  0.996269	  0.001244	  0.001244	  0.001244	

URL http://cisbp.ccbr.utoronto.ca/TFreport.php?versionNumber=2.00&searchTF=T331590_2.00

MOTIF M00891_2.00 (OGLUM01G49640)_(Arabidopsis_thaliana)_(DBD_0.74)

letter-probability matrix: alength= 4 w= 10 nsites= 1 E= 0
  0.227383	  0.227383	  0.227383	  0.317850	
  0.186905	  0.186905	  0.339704	  0.286486	
  0.000144	  0.000144	  0.936855	  0.062857	
  0.000144	  0.000144	  0.936855	  0.062857	
  0.083028	  0.122375	  0.633434	  0.161163	
  0.000144	  0.856178	  0.080821	  0.062857	
  0.062857	  0.936855	  0.000144	  0.000144	
  0.062857	  0.936855	  0.000144	  0.000144	
  0.786694	  0.103437	  0.087108	  0.022761	
  0.125952	  0.747569	  0.063239	  0.063239	

URL http://cisbp.ccbr.utoronto.ca/TFreport.php?versionNumber=2.00&searchTF=T344084_2.00

MOTIF M00892_2.00 (OGLUM02G25710)_(Arabidopsis_thaliana)_(DBD_0.51)

letter-probability matrix: alength= 4 w= 10 nsites= 1 E= 0
  0.178419	  0.245706	  0.263522	  0.312353	
  0.166127	  0.196911	  0.412713	  0.224248	
  0.081468	  0.085645	  0.720694	  0.112192	
  0.139160	  0.069800	  0.703190	  0.087850	
  0.179031	  0.234525	  0.390552	  0.195892	
  0.085317	  0.703716	  0.045896	  0.165071	
  0.054618	  0.934821	  0.003388	  0.007173	
  0.049824	  0.803113	  0.037281	  0.109782	
  0.730212	  0.058753	  0.162932	  0.048103	
  0.021203	  0.738154	  0.114910	  0.125732	

URL http://cisbp.ccbr.utoronto.ca/TFreport.php?versionNumber=2.00&searchTF=T344085_2.00

MOTIF M00898_2.00 (OGLUM01G34020)_(Arabidopsis_thaliana)_(DBD_0.72)

letter-probability matrix: alength= 4 w= 11 nsites= 1 E= 0
  0.227799	  0.316602	  0.227799	  0.227799	
  0.304548	  0.391205	  0.106861	  0.197385	
  0.200497	  0.022592	  0.754320	  0.022592	
  0.000231	  0.000231	  0.999306	  0.000231	
  0.000231	  0.000231	  0.000231	  0.999306	
  0.000231	  0.999306	  0.000231	  0.000231	
  0.999306	  0.000231	  0.000231	  0.000231	
  0.999306	  0.000231	  0.000231	  0.000231	
  0.114025	  0.841111	  0.022432	  0.022432	
  0.143370	  0.143370	  0.465072	  0.248188	
  0.317081	  0.227640	  0.227640	  0.227640	

URL http://cisbp.ccbr.utoronto.ca/TFreport.php?versionNumber=2.00&searchTF=T353538_2.00

MOTIF M00899_2.00 (OGLUM05G24880)_(Arabidopsis_thaliana)_(DBD_0.74)

letter-probability matrix: alength= 4 w= 11 nsites= 1 E= 0
  0.317379	  0.227540	  0.227540	  0.227540	
  0.347266	  0.353164	  0.149785	  0.149785	
  0.541055	  0.046464	  0.366016	  0.046464	
  0.000131	  0.000131	  0.999607	  0.000131	
  0.000131	  0.000131	  0.087523	  0.912215	
  0.000131	  0.912215	  0.087523	  0.000131	
  0.912215	  0.000131	  0.087523	  0.000131	
  0.912215	  0.000131	  0.087523	  0.000131	
  0.205601	  0.661825	  0.109983	  0.022591	
  0.100346	  0.100346	  0.698963	  0.100346	
  0.203667	  0.292376	  0.203667	  0.300291	

URL http://cisbp.ccbr.utoronto.ca/TFreport.php?versionNumber=2.00&searchTF=T353578_2.00

MOTIF M00900_2.00 (OGLUM02G06150)_(Arabidopsis_thaliana)_(DBD_0.85)

letter-probability matrix: alength= 4 w= 7 nsites= 1 E= 0
  0.224737	  0.309492	  0.224737	  0.241033	
  0.345940	  0.171789	  0.426778	  0.055493	
  0.043796	  0.026299	  0.812038	  0.117866	
  0.048010	  0.072342	  0.041322	  0.838326	
  0.072122	  0.852661	  0.065259	  0.009958	
  0.539615	  0.157725	  0.138498	  0.164162	
  0.440130	  0.139361	  0.199751	  0.220759	

URL http://cisbp.ccbr.utoronto.ca/TFreport.php?versionNumber=2.00&searchTF=T353546_2.00

MOTIF M00901_2.00 (OGLUM05G08540)_(Arabidopsis_thaliana)_(DBD_0.57)

letter-probability matrix: alength= 4 w= 11 nsites= 1 E= 0
  0.228599	  0.228599	  0.314204	  0.228599	
  0.214045	  0.234090	  0.222723	  0.329143	
  0.301191	  0.023278	  0.652253	  0.023278	
  0.000162	  0.000162	  0.999515	  0.000162	
  0.000162	  0.000162	  0.000162	  0.999515	
  0.000162	  0.999515	  0.000162	  0.000162	
  0.999515	  0.000162	  0.000162	  0.000162	
  0.999515	  0.000162	  0.000162	  0.000162	
  0.104888	  0.851987	  0.021563	  0.021563	
  0.123588	  0.206913	  0.455315	  0.214184	
  0.226884	  0.319349	  0.226884	  0.226884	

URL http://cisbp.ccbr.utoronto.ca/TFreport.php?versionNumber=2.00&searchTF=T353568_2.00

MOTIF M00962_2.00 (OGLUM02G28340)_(Arabidopsis_thaliana)_(DBD_0.72)

letter-probability matrix: alength= 4 w= 9 nsites= 1 E= 0
  0.188900	  0.273477	  0.235384	  0.302239	
  0.259283	  0.067892	  0.637734	  0.035090	
  0.003264	  0.767286	  0.007410	  0.222040	
  0.000230	  0.982293	  0.013734	  0.003743	
  0.003635	  0.001311	  0.992760	  0.002294	
  0.961958	  0.019086	  0.004092	  0.014864	
  0.020242	  0.970453	  0.009187	  0.000119	
  0.526675	  0.149394	  0.168441	  0.155490	
  0.148467	  0.148467	  0.130368	  0.572699	

URL http://cisbp.ccbr.utoronto.ca/TFreport.php?versionNumber=2.00&searchTF=T003211_2.00

MOTIF M00969_2.00 (OGLUM02G38020)_(Arabidopsis_thaliana)_(DBD_0.38)

letter-probability matrix: alength= 4 w= 10 nsites= 1 E= 0
  0.398418	  0.132622	  0.280761	  0.188199	
  0.056356	  0.534694	  0.124175	  0.284774	
  0.943936	  0.010592	  0.018358	  0.027114	
  0.193305	  0.768368	  0.026689	  0.011638	
  0.066625	  0.023083	  0.787673	  0.122619	
  0.116048	  0.480103	  0.163041	  0.240808	
  0.395235	  0.267597	  0.104531	  0.232637	
  0.775156	  0.018598	  0.036711	  0.169536	
  0.221472	  0.365146	  0.156069	  0.257314	
  0.202513	  0.416049	  0.190719	  0.190719	

URL http://cisbp.ccbr.utoronto.ca/TFreport.php?versionNumber=2.00&searchTF=T294111_2.00

MOTIF M00970_2.00 (OGLUM01G00350)_(Arabidopsis_thaliana)_(DBD_0.60)

letter-probability matrix: alength= 4 w= 10 nsites= 1 E= 0
  0.279132	  0.160436	  0.160436	  0.399996	
  0.071663	  0.456006	  0.156328	  0.316004	
  0.915168	  0.084721	  0.000056	  0.000056	
  0.091634	  0.825520	  0.000056	  0.082790	
  0.082790	  0.000056	  0.825520	  0.091634	
  0.000056	  0.208750	  0.112171	  0.679024	
  0.806239	  0.193650	  0.000056	  0.000056	
  0.744041	  0.000056	  0.000056	  0.255848	
  0.263932	  0.556828	  0.089620	  0.089620	
  0.269971	  0.178393	  0.178393	  0.373243	

URL http://cisbp.ccbr.utoronto.ca/TFreport.php?versionNumber=2.00&searchTF=T294082_2.00

MOTIF M00971_2.00 (OGLUM02G10770)_(Arabidopsis_thaliana)_(DBD_0.80)

letter-probability matrix: alength= 4 w= 10 nsites= 1 E= 0
  0.145742	  0.290569	  0.147207	  0.416481	
  0.103924	  0.205133	  0.098855	  0.592089	
  0.883283	  0.059958	  0.023188	  0.033570	
  0.248139	  0.745451	  0.000396	  0.006013	
  0.023731	  0.030167	  0.785848	  0.160254	
  0.077178	  0.576004	  0.082774	  0.264044	
  0.373096	  0.224042	  0.084931	  0.317931	
  0.810104	  0.004793	  0.013160	  0.171943	
  0.190247	  0.379299	  0.143786	  0.286668	
  0.198614	  0.403979	  0.204663	  0.192744	

URL http://cisbp.ccbr.utoronto.ca/TFreport.php?versionNumber=2.00&searchTF=T294102_2.00

MOTIF M00978_2.00 (OGLUM06G01950)_(Arabidopsis_thaliana)_(DBD_0.83)

letter-probability matrix: alength= 4 w= 10 nsites= 1 E= 0
  0.179371	  0.270279	  0.170623	  0.379728	
  0.120833	  0.258373	  0.203244	  0.417551	
  0.133435	  0.276888	  0.159751	  0.429926	
  0.342545	  0.199617	  0.193718	  0.264120	
  0.169707	  0.438812	  0.117222	  0.274259	
  0.149773	  0.190399	  0.415350	  0.244477	
  0.094130	  0.385554	  0.146157	  0.374159	
  0.250714	  0.240883	  0.176675	  0.331727	
  0.348375	  0.185542	  0.183696	  0.282387	
  0.153281	  0.344562	  0.171105	  0.331052	

URL http://cisbp.ccbr.utoronto.ca/TFreport.php?versionNumber=2.00&searchTF=T294156_2.00

MOTIF M00979_2.00 (OGLUM06G14810)_(Arabidopsis_thaliana)_(DBD_0.77)

letter-probability matrix: alength= 4 w= 10 nsites= 1 E= 0
  0.239031	  0.241433	  0.239031	  0.280505	
  0.249369	  0.251875	  0.165494	  0.333263	
  0.464388	  0.093758	  0.235267	  0.206587	
  0.037194	  0.553439	  0.083609	  0.325757	
  0.968944	  0.015428	  0.001386	  0.014242	
  0.120486	  0.846862	  0.013895	  0.018756	
  0.060476	  0.025591	  0.814226	  0.099707	
  0.097933	  0.480239	  0.158267	  0.263561	
  0.460084	  0.260189	  0.055780	  0.223947	
  0.805303	  0.021785	  0.024318	  0.148594	

URL http://cisbp.ccbr.utoronto.ca/TFreport.php?versionNumber=2.00&searchTF=T294158_2.00

MOTIF M00980_2.00 (OGLUM03G02130)_(Arabidopsis_thaliana)_(DBD_0.82)

letter-probability matrix: alength= 4 w= 10 nsites= 1 E= 0
  0.296901	  0.174757	  0.243082	  0.285259	
  0.110391	  0.397038	  0.114897	  0.377674	
  0.669291	  0.048241	  0.088785	  0.193682	
  0.192038	  0.576913	  0.070647	  0.160403	
  0.125483	  0.093894	  0.573736	  0.206886	
  0.155161	  0.288432	  0.224631	  0.331776	
  0.419181	  0.269968	  0.066573	  0.244277	
  0.518674	  0.104719	  0.091953	  0.284654	
  0.218513	  0.316348	  0.170178	  0.294961	
  0.226685	  0.282467	  0.138873	  0.351975	

URL http://cisbp.ccbr.utoronto.ca/TFreport.php?versionNumber=2.00&searchTF=T294115_2.00

MOTIF M00982_2.00 (OGLUM01G40860)_(Arabidopsis_thaliana)_(DBD_0.62)

letter-probability matrix: alength= 4 w= 8 nsites= 1 E= 0
  0.250000	  0.261358	  0.204566	  0.284075	
  0.401527	  0.007950	  0.582572	  0.007950	
  0.000061	  0.000061	  0.993683	  0.006195	
  0.000061	  0.006195	  0.000061	  0.993683	
  0.006195	  0.993683	  0.000061	  0.000061	
  0.987549	  0.000061	  0.000061	  0.012328	
  0.886497	  0.000067	  0.100040	  0.013396	
  0.280691	  0.377148	  0.149158	  0.193002	

URL http://cisbp.ccbr.utoronto.ca/TFreport.php?versionNumber=2.00&searchTF=T353544_2.00

MOTIF M01045_2.00 (OGLUM01G29010)_(Arabidopsis_thaliana)_(DBD_0.73)

letter-probability matrix: alength= 4 w= 9 nsites= 1 E= 0
  0.217485	  0.293574	  0.282063	  0.206878	
  0.273896	  0.392583	  0.217619	  0.115902	
  0.087868	  0.000097	  0.894117	  0.017919	
  0.054882	  0.784606	  0.107252	  0.053260	
  0.129025	  0.757488	  0.043380	  0.070106	
  0.088083	  0.000058	  0.905316	  0.006542	
  0.147844	  0.476351	  0.214038	  0.161767	
  0.074050	  0.792138	  0.055966	  0.077846	
  0.379401	  0.190298	  0.249284	  0.181017	

URL http://cisbp.ccbr.utoronto.ca/TFreport.php?versionNumber=2.00&searchTF=T003188_2.00

MOTIF M01046_2.00 (OGLUM03G06060)_(Arabidopsis_thaliana)_(DBD_0.80)

letter-probability matrix: alength= 4 w= 10 nsites= 1 E= 0
  0.309434	  0.020181	  0.604708	  0.065677	
  0.007062	  0.661645	  0.236212	  0.095081	
  0.207769	  0.559154	  0.109555	  0.123523	
  0.000000	  0.000019	  0.999924	  0.000057	
  0.118261	  0.438296	  0.273936	  0.169507	
  0.223297	  0.594964	  0.029035	  0.152704	
  0.353632	  0.152667	  0.336385	  0.157316	
  0.297425	  0.227048	  0.195422	  0.280104	
  0.311727	  0.245214	  0.192892	  0.250167	
  0.312073	  0.228889	  0.193106	  0.265931	

URL http://cisbp.ccbr.utoronto.ca/TFreport.php?versionNumber=2.00&searchTF=T003223_2.00

MOTIF M01050_2.00 (OGLUM05G14230)_(Arabidopsis_thaliana)_(DBD_0.78)

letter-probability matrix: alength= 4 w= 8 nsites= 1 E= 0
  0.081770	  0.754690	  0.081770	  0.081770	
  0.015771	  0.000156	  0.983916	  0.000156	
  0.000156	  0.890225	  0.109463	  0.000156	
  0.000156	  0.968301	  0.031387	  0.000156	
  0.000156	  0.015771	  0.983916	  0.000156	
  0.062617	  0.843379	  0.062617	  0.031387	
  0.125089	  0.803176	  0.018023	  0.053712	
  0.527469	  0.055771	  0.305494	  0.111265	

URL http://cisbp.ccbr.utoronto.ca/TFreport.php?versionNumber=2.00&searchTF=T003258_2.00

MOTIF M01052_2.00 (OGLUM02G30150)_(Arabidopsis_thaliana)_(DBD_0.88)

letter-probability matrix: alength= 4 w= 10 nsites= 1 E= 0
  0.304312	  0.231896	  0.231896	  0.231896	
  0.299252	  0.134777	  0.359742	  0.206229	
  0.000039	  0.999882	  0.000039	  0.000039	
  0.999882	  0.000039	  0.000039	  0.000039	
  0.000039	  0.999882	  0.000039	  0.000039	
  0.000039	  0.000039	  0.999882	  0.000039	
  0.000039	  0.000039	  0.000039	  0.999882	
  0.000039	  0.000039	  0.999882	  0.000039	
  0.090411	  0.808940	  0.082505	  0.018143	
  0.212500	  0.338255	  0.237241	  0.212004	

URL http://cisbp.ccbr.utoronto.ca/TFreport.php?versionNumber=2.00&searchTF=T042240_2.00

MOTIF M01053_2.00 (OGLUM01G42170)_(Arabidopsis_thaliana)_(DBD_0.84)

letter-probability matrix: alength= 4 w= 12 nsites= 1 E= 0
  0.233128	  0.233128	  0.233128	  0.300615	
  0.188837	  0.188837	  0.188837	  0.433488	
  0.125556	  0.187633	  0.561255	  0.125556	
  0.496910	  0.335547	  0.083771	  0.083771	
  0.000105	  0.000105	  0.000105	  0.999686	
  0.000105	  0.000105	  0.999686	  0.000105	
  0.999686	  0.000105	  0.000105	  0.000105	
  0.000105	  0.999686	  0.000105	  0.000105	
  0.016977	  0.016977	  0.949070	  0.016977	
  0.061268	  0.061268	  0.061268	  0.816197	
  0.204816	  0.484010	  0.124549	  0.186626	
  0.500999	  0.166334	  0.166334	  0.166334	

URL http://cisbp.ccbr.utoronto.ca/TFreport.php?versionNumber=2.00&searchTF=T065473_2.00

MOTIF M01055_2.00 (OGLUM01G20660)_(Arabidopsis_thaliana)_(DBD_0.90)

letter-probability matrix: alength= 4 w= 11 nsites= 1 E= 0
  0.232956	  0.232956	  0.232956	  0.301133	
  0.140924	  0.140924	  0.518108	  0.200044	
