MEME version 4

ALPHABET= ACGT

strands: + -

Background letter frequencies (from uniform background):
A 0.25000 C 0.25000 G 0.25000 T 0.25000 

MOTIF M00751_2.00 (fgenesh1_pg.C_Chr_20.0001000063)_(Mus_musculus)_(DBD_0.59)

letter-probability matrix: alength= 4 w= 10 nsites= 1 E= 0
  0.237374	  0.264976	  0.264976	  0.232674	
  0.254916	  0.278923	  0.226090	  0.240071	
  0.234840	  0.237201	  0.304572	  0.223387	
  0.201961	  0.286597	  0.267221	  0.244221	
  0.601325	  0.000225	  0.320261	  0.078189	
  0.466521	  0.184067	  0.000331	  0.349080	
  0.391854	  0.070168	  0.064129	  0.473849	
  0.435120	  0.083565	  0.075612	  0.405703	
  0.376315	  0.160843	  0.160843	  0.302000	
  0.303804	  0.236603	  0.161804	  0.297789	

URL http://cisbp.ccbr.utoronto.ca/TFreport.php?versionNumber=2.00&searchTF=T018107_2.00

MOTIF M00869_2.00 (e_gw1.20.00.75.1)_(Arabidopsis_thaliana)_(DBD_0.55)

letter-probability matrix: alength= 4 w= 9 nsites= 1 E= 0
  0.219602	  0.204755	  0.392217	  0.183427	
  0.380662	  0.190931	  0.215274	  0.213132	
  0.402559	  0.170348	  0.203943	  0.223150	
  0.213067	  0.255088	  0.296370	  0.235476	
  0.183535	  0.377060	  0.263066	  0.176338	
  0.120837	  0.030400	  0.102971	  0.745792	
  0.035867	  0.000594	  0.000756	  0.962783	
  0.000182	  0.997905	  0.000117	  0.001796	
  0.043384	  0.361440	  0.287176	  0.307999	

URL http://cisbp.ccbr.utoronto.ca/TFreport.php?versionNumber=2.00&searchTF=T243539_2.00

MOTIF M00873_2.00 (1200010147)_(Arabidopsis_thaliana)_(DBD_0.68)

letter-probability matrix: alength= 4 w= 10 nsites= 1 E= 0
  0.226420	  0.226420	  0.320739	  0.226420	
  0.528872	  0.125806	  0.125806	  0.219517	
  0.999768	  0.000077	  0.000077	  0.000077	
  0.000077	  0.000077	  0.999768	  0.000077	
  0.999768	  0.000077	  0.000077	  0.000077	
  0.000077	  0.000077	  0.000077	  0.999768	
  0.402884	  0.201777	  0.000077	  0.395261	
  0.000077	  0.798068	  0.000077	  0.201777	
  0.023657	  0.023657	  0.724305	  0.228381	
  0.124272	  0.330831	  0.420625	  0.124272	

URL http://cisbp.ccbr.utoronto.ca/TFreport.php?versionNumber=2.00&searchTF=T290599_2.00

MOTIF M00879_2.00 (estExt_genewise1.C_Chr_06.00010302)_(Arabidopsis_thaliana)_(DBD_0.78)

letter-probability matrix: alength= 4 w= 8 nsites= 1 E= 0
  0.696699	  0.030436	  0.106148	  0.166717	
  0.778725	  0.052715	  0.084280	  0.084280	
  0.902424	  0.008935	  0.053167	  0.035474	
  0.119703	  0.000085	  0.051350	  0.828862	
  0.991200	  0.008630	  0.000085	  0.000085	
  0.000085	  0.000085	  0.000085	  0.999744	
  0.017781	  0.973195	  0.000088	  0.008935	
  0.105950	  0.129468	  0.082432	  0.682150	

URL http://cisbp.ccbr.utoronto.ca/TFreport.php?versionNumber=2.00&searchTF=T290828_2.00

MOTIF M01046_2.00 (estExt_fgenesh1_pg.C_Chr_04.00010339)_(Arabidopsis_thaliana)_(DBD_0.84)

letter-probability matrix: alength= 4 w= 10 nsites= 1 E= 0
  0.309434	  0.020181	  0.604708	  0.065677	
  0.007062	  0.661645	  0.236212	  0.095081	
  0.207769	  0.559154	  0.109555	  0.123523	
  0.000000	  0.000019	  0.999924	  0.000057	
  0.118261	  0.438296	  0.273936	  0.169507	
  0.223297	  0.594964	  0.029035	  0.152704	
  0.353632	  0.152667	  0.336385	  0.157316	
  0.297425	  0.227048	  0.195422	  0.280104	
  0.311727	  0.245214	  0.192892	  0.250167	
  0.312073	  0.228889	  0.193106	  0.265931	

URL http://cisbp.ccbr.utoronto.ca/TFreport.php?versionNumber=2.00&searchTF=T010243_2.00

MOTIF M01201_2.00 CEG01538.1

letter-probability matrix: alength= 4 w= 8 nsites= 1 E= 0
  0.069090	  0.241385	  0.034631	  0.654893	
  0.112569	  0.112569	  0.687281	  0.087581	
  0.999684	  0.000105	  0.000105	  0.000105	
  0.000105	  0.000105	  0.000105	  0.999684	
  0.000105	  0.000105	  0.000105	  0.999684	
  0.000109	  0.000109	  0.999674	  0.000109	
  0.111180	  0.049482	  0.000123	  0.839215	
  0.138008	  0.103549	  0.017402	  0.741041	

URL http://cisbp.ccbr.utoronto.ca/TFreport.php?versionNumber=2.00&searchTF=T146047_2.00

MOTIF M01220_2.00 (0400010301)_(Cannabis_sativa)_(DBD_0.68)

letter-probability matrix: alength= 4 w= 7 nsites= 1 E= 0
  0.067389	  0.812792	  0.073735	  0.046084	
  0.050344	  0.000241	  0.329931	  0.619483	
  0.068175	  0.000123	  0.040939	  0.890763	
  0.077471	  0.010590	  0.057968	  0.853971	
  0.327466	  0.135827	  0.085745	  0.450962	
  0.237023	  0.244241	  0.175591	  0.343146	
  0.230791	  0.245062	  0.245062	  0.279084	

URL http://cisbp.ccbr.utoronto.ca/TFreport.php?versionNumber=2.00&searchTF=T172175_2.00

MOTIF M01234_2.00 (1600010210)_(PBM_CONSTRUCTS)_(DBD_1.00)

letter-probability matrix: alength= 4 w= 10 nsites= 1 E= 0
  0.399645	  0.200118	  0.200118	  0.200118	
  0.199715	  0.103909	  0.592466	  0.103909	
  0.000089	  0.000089	  0.999733	  0.000089	
  0.000089	  0.000089	  0.999733	  0.000089	
  0.000089	  0.000089	  0.000089	  0.999733	
  0.000089	  0.999733	  0.000089	  0.000089	
  0.000089	  0.999733	  0.000089	  0.000089	
  0.362450	  0.000089	  0.637372	  0.000089	
  0.049971	  0.775957	  0.049971	  0.124101	
  0.358078	  0.146180	  0.349563	  0.146180	

URL http://cisbp.ccbr.utoronto.ca/TFreport.php?versionNumber=2.00&searchTF=T197008_2.00

MOTIF M01287_2.00 0100010405

letter-probability matrix: alength= 4 w= 8 nsites= 1 E= 0
  0.725543	  0.182065	  0.091486	  0.000906	
  0.873441	  0.000623	  0.000623	  0.125312	
  0.686409	  0.000623	  0.000623	  0.312344	
  0.312344	  0.686409	  0.000623	  0.000623	
  0.000623	  0.998130	  0.000623	  0.000623	
  0.000623	  0.935786	  0.000623	  0.062968	
  0.062968	  0.000623	  0.000623	  0.935786	
  0.997863	  0.000712	  0.000712	  0.000712	

URL http://cisbp.ccbr.utoronto.ca/TFreport.php?versionNumber=2.00&searchTF=T290590_2.00

MOTIF M01288_2.00 e_gw1.09.00.361.1

letter-probability matrix: alength= 4 w= 10 nsites= 1 E= 0
  0.938238	  0.004455	  0.001383	  0.055925	
  0.896547	  0.036182	  0.000013	  0.067259	
  0.032112	  0.915275	  0.000718	  0.051895	
  0.081428	  0.056810	  0.780333	  0.081428	
  0.120891	  0.051156	  0.695678	  0.132275	
  0.287112	  0.196345	  0.088223	  0.428320	
  0.339455	  0.277922	  0.084550	  0.298074	
  0.458872	  0.184707	  0.112030	  0.244391	
  0.239744	  0.298740	  0.141115	  0.320401	
  0.225854	  0.117906	  0.223607	  0.432633	

URL http://cisbp.ccbr.utoronto.ca/TFreport.php?versionNumber=2.00&searchTF=T290770_2.00

MOTIF M01567_2.00 (estExt_gwp_GeneWisePlus.C_Chr_12.00010124)_(Saccharomyces_cerevisiae)_(DBD_0.78)

letter-probability matrix: alength= 4 w= 7 nsites= 1 E= 0
  0.315311	  0.189343	  0.207174	  0.288172	
  0.345705	  0.141966	  0.211788	  0.300541	
  0.271982	  0.110580	  0.155359	  0.462079	
  0.583542	  0.000869	  0.110954	  0.304636	
  0.219565	  0.006434	  0.188981	  0.585020	
  0.934996	  0.000354	  0.051964	  0.012687	
  0.422777	  0.000471	  0.095282	  0.481470	

URL http://cisbp.ccbr.utoronto.ca/TFreport.php?versionNumber=2.00&searchTF=T343281_2.00

MOTIF M01644_2.00 0100010458

letter-probability matrix: alength= 4 w= 8 nsites= 1 E= 0
  0.184280	  0.604890	  0.131703	  0.079127	
  0.000196	  0.000196	  0.999412	  0.000196	
  0.000196	  0.921042	  0.078566	  0.000196	
  0.000196	  0.979820	  0.019788	  0.000196	
  0.000196	  0.000196	  0.999412	  0.000196	
  0.019788	  0.705525	  0.215713	  0.058973	
  0.000204	  0.999388	  0.000204	  0.000204	
  0.580219	  0.032539	  0.322487	  0.064755	

URL http://cisbp.ccbr.utoronto.ca/TFreport.php?versionNumber=2.00&searchTF=T010132_2.00

MOTIF M01769_2.00 fgenesh1_pg.C_Chr_14.0001000151

letter-probability matrix: alength= 4 w= 10 nsites= 1 E= 0
  0.235244	  0.176025	  0.403681	  0.185050	
  0.355116	  0.268391	  0.299599	  0.076895	
  0.032899	  0.947149	  0.005020	  0.014931	
  0.876516	  0.013276	  0.085281	  0.024927	
  0.009005	  0.923136	  0.035794	  0.032065	
  0.344530	  0.006768	  0.634085	  0.014617	
  0.101426	  0.572107	  0.056223	  0.270244	
  0.076784	  0.038130	  0.765862	  0.119224	
  0.097423	  0.560628	  0.079763	  0.262187	
  0.173289	  0.401400	  0.161573	  0.263738	

URL http://cisbp.ccbr.utoronto.ca/TFreport.php?versionNumber=2.00&searchTF=T052103_2.00

MOTIF M01843_2.00 0100010379

letter-probability matrix: alength= 4 w= 10 nsites= 1 E= 0
  0.342746	  0.201608	  0.252239	  0.203407	
  0.216861	  0.247552	  0.038403	  0.497184	
  0.153567	  0.162123	  0.342639	  0.341671	
  0.762244	  0.038627	  0.072515	  0.126614	
  0.097940	  0.662317	  0.021605	  0.218138	
  0.218138	  0.021605	  0.662317	  0.097940	
  0.126614	  0.072515	  0.038627	  0.762244	
  0.341671	  0.342639	  0.162123	  0.153567	
  0.497184	  0.038403	  0.247552	  0.216861	
  0.203407	  0.252239	  0.201608	  0.342746	

URL http://cisbp.ccbr.utoronto.ca/TFreport.php?versionNumber=2.00&searchTF=T073141_2.00

MOTIF M01844_2.00 0300010272

letter-probability matrix: alength= 4 w= 9 nsites= 1 E= 0
  0.427971	  0.122616	  0.415322	  0.034092	
  0.000231	  0.000966	  0.000723	  0.998079	
  0.056467	  0.000408	  0.857185	  0.085940	
  0.937351	  0.020761	  0.001721	  0.040167	
  0.002622	  0.892498	  0.000918	  0.103962	
  0.135931	  0.024832	  0.806050	  0.033187	
  0.122189	  0.184117	  0.063788	  0.629906	
  0.281576	  0.361551	  0.252246	  0.104627	
  0.370195	  0.123227	  0.226791	  0.279787	

URL http://cisbp.ccbr.utoronto.ca/TFreport.php?versionNumber=2.00&searchTF=T073142_2.00

MOTIF M01845_2.00 0300010311

letter-probability matrix: alength= 4 w= 11 nsites= 1 E= 0
  0.287947	  0.211393	  0.289268	  0.211393	
  0.228302	  0.134016	  0.053993	  0.583689	
  0.030988	  0.377341	  0.560684	  0.030988	
  0.999848	  0.000051	  0.000051	  0.000051	
  0.000051	  0.999848	  0.000051	  0.000051	
  0.000051	  0.000051	  0.999848	  0.000051	
  0.000051	  0.000051	  0.000051	  0.999848	
  0.000051	  0.097786	  0.902113	  0.000051	
  0.136393	  0.038658	  0.598140	  0.226809	
  0.196057	  0.411828	  0.196057	  0.196057	
  0.342812	  0.219063	  0.219063	  0.219063	

URL http://cisbp.ccbr.utoronto.ca/TFreport.php?versionNumber=2.00&searchTF=T073143_2.00

MOTIF M01846_2.00 1500010105

letter-probability matrix: alength= 4 w= 10 nsites= 1 E= 0
  0.251103	  0.218299	  0.238857	  0.291741	
  0.084127	  0.455927	  0.063582	  0.396364	
  0.115359	  0.020451	  0.786862	  0.077328	
  0.205804	  0.793873	  0.000080	  0.000243	
  0.059512	  0.921665	  0.000352	  0.018471	
  0.995943	  0.000117	  0.003400	  0.000540	
  0.034296	  0.902366	  0.062491	  0.000848	
  0.040497	  0.103671	  0.838173	  0.017659	
  0.008590	  0.056294	  0.000081	  0.935036	
  0.051786	  0.091571	  0.794022	  0.062622	

URL http://cisbp.ccbr.utoronto.ca/TFreport.php?versionNumber=2.00&searchTF=T073152_2.00

MOTIF M01847_2.00 estExt_fgenesh1_pg.C_Chr_04.00010098

letter-probability matrix: alength= 4 w= 10 nsites= 1 E= 0
  0.145278	  0.256891	  0.125042	  0.472789	
  0.102481	  0.043802	  0.601653	  0.252063	
  0.338106	  0.641211	  0.009055	  0.011627	
  0.013066	  0.953401	  0.000084	  0.033449	
  0.988502	  0.000047	  0.000248	  0.011203	
  0.212802	  0.151466	  0.596072	  0.039661	
  0.185794	  0.389413	  0.277173	  0.147620	
  0.156924	  0.297603	  0.316006	  0.229467	
  0.177883	  0.244967	  0.169207	  0.407942	
  0.224563	  0.168033	  0.366558	  0.240846	

URL http://cisbp.ccbr.utoronto.ca/TFreport.php?versionNumber=2.00&searchTF=T073284_2.00

MOTIF M01848_2.00 fgenesh1_pg.C_Chr_07.0001000033

letter-probability matrix: alength= 4 w= 12 nsites= 1 E= 0
  0.319980	  0.226673	  0.226673	  0.226673	
  0.175626	  0.175626	  0.175626	  0.473121	
  0.128969	  0.128969	  0.613094	  0.128969	
  0.128969	  0.613094	  0.128969	  0.128969	
  0.105212	  0.202494	  0.000090	  0.692204	
  0.000090	  0.307616	  0.692204	  0.000090	
  0.999730	  0.000090	  0.000090	  0.000090	
  0.000090	  0.999730	  0.000090	  0.000090	
  0.023417	  0.023417	  0.734756	  0.218411	
  0.074464	  0.164969	  0.074464	  0.686104	
  0.121121	  0.121121	  0.636636	  0.121121	
  0.121121	  0.121121	  0.322761	  0.434997	

URL http://cisbp.ccbr.utoronto.ca/TFreport.php?versionNumber=2.00&searchTF=T073327_2.00

MOTIF M01957_2.00 fgenesh1_pg.C_Chr_08.0001000114

letter-probability matrix: alength= 4 w= 8 nsites= 1 E= 0
  0.375636	  0.214567	  0.244355	  0.165442	
  0.066139	  0.707511	  0.099659	  0.126691	
  0.159617	  0.000534	  0.293764	  0.546086	
  0.167623	  0.068835	  0.116947	  0.646594	
  0.155309	  0.092334	  0.135019	  0.617338	
  0.292169	  0.151008	  0.142214	  0.414608	
  0.224346	  0.231178	  0.185525	  0.358952	
  0.230337	  0.267613	  0.262314	  0.239737	

URL http://cisbp.ccbr.utoronto.ca/TFreport.php?versionNumber=2.00&searchTF=T172185_2.00

MOTIF M01969_2.00 estExt_gwp_GeneWisePlus.C_Chr_02.00010270

letter-probability matrix: alength= 4 w= 10 nsites= 1 E= 0
  0.269059	  0.277253	  0.071875	  0.381813	
  0.228056	  0.111007	  0.555345	  0.105593	
  0.168238	  0.490477	  0.322267	  0.019018	
  0.000216	  0.068480	  0.931269	  0.000035	
  0.000115	  0.999812	  0.000037	  0.000036	
  0.000236	  0.000011	  0.996766	  0.002988	
  0.000138	  0.952366	  0.027631	  0.019865	
  0.035865	  0.734912	  0.121480	  0.107743	
  0.458029	  0.139342	  0.158687	  0.243942	
  0.420972	  0.174612	  0.133295	  0.271121	

URL http://cisbp.ccbr.utoronto.ca/TFreport.php?versionNumber=2.00&searchTF=T174106_2.00

MOTIF M02018_2.00 0300010106

letter-probability matrix: alength= 4 w= 8 nsites= 1 E= 0
  0.278095	  0.275328	  0.199929	  0.246648	
  0.251817	  0.249311	  0.223341	  0.275531	
  0.340194	  0.242140	  0.170633	  0.247032	
  0.055050	  0.124991	  0.644352	  0.175606	
  0.961705	  0.000618	  0.001490	  0.036187	
  0.097122	  0.071950	  0.029843	  0.801085	
  0.119255	  0.665982	  0.061637	  0.153126	
  0.256866	  0.163785	  0.283881	  0.295467	

URL http://cisbp.ccbr.utoronto.ca/TFreport.php?versionNumber=2.00&searchTF=T196991_2.00

MOTIF M02019_2.00 fgenesh1_pg.C_Chr_07.0001000042

letter-probability matrix: alength= 4 w= 10 nsites= 1 E= 0
  0.266862	  0.222902	  0.229691	  0.280545	
  0.261783	  0.229870	  0.227583	  0.280764	
  0.270249	  0.242098	  0.228000	  0.259653	
  0.262470	  0.235130	  0.295934	  0.206466	
  0.547738	  0.077153	  0.103110	  0.271999	
  0.073754	  0.107849	  0.728314	  0.090083	
  0.909100	  0.004274	  0.000789	  0.085837	
  0.111061	  0.005313	  0.003491	  0.880136	
  0.121996	  0.569063	  0.147524	  0.161417	
  0.181089	  0.298565	  0.200134	  0.320213	

URL http://cisbp.ccbr.utoronto.ca/TFreport.php?versionNumber=2.00&searchTF=T197077_2.00

MOTIF M02037_2.00 (fgenesh1_pg.C_Chr_04.0001000291)_(Arabidopsis_thaliana)_(DBD_0.58)

letter-probability matrix: alength= 4 w= 10 nsites= 1 E= 0
  0.268741	  0.205152	  0.240748	  0.285359	
  0.218201	  0.201425	  0.285835	  0.294540	
  0.197705	  0.139320	  0.074947	  0.588028	
  0.079458	  0.040659	  0.776832	  0.103051	
  0.916758	  0.000074	  0.000002	  0.083166	
  0.063994	  0.811419	  0.004432	  0.120155	
  0.417885	  0.131001	  0.300427	  0.150687	
  0.145466	  0.134282	  0.379913	  0.340339	
  0.152994	  0.340493	  0.308091	  0.198422	
  0.223635	  0.221410	  0.167338	  0.387617	

URL http://cisbp.ccbr.utoronto.ca/TFreport.php?versionNumber=2.00&searchTF=T230852_2.00

MOTIF M02359_2.00 0100010593

letter-probability matrix: alength= 4 w= 10 nsites= 1 E= 0
  0.388681	  0.101672	  0.195619	  0.314029	
  0.413364	  0.063745	  0.045778	  0.477113	
  0.776660	  0.000029	  0.150165	  0.073146	
  0.265323	  0.700195	  0.007321	  0.027160	
  0.046434	  0.869197	  0.034576	  0.049794	
  0.082892	  0.844518	  0.044530	  0.028059	
  0.020493	  0.048131	  0.015209	  0.916167	
  0.589367	  0.109526	  0.156838	  0.144270	
  0.338537	  0.178504	  0.268424	  0.214535	
  0.284006	  0.235703	  0.194647	  0.285644	

URL http://cisbp.ccbr.utoronto.ca/TFreport.php?versionNumber=2.00&searchTF=T290591_2.00

MOTIF M02360_2.00 0600010132

letter-probability matrix: alength= 4 w= 13 nsites= 1 E= 0
  0.318807	  0.227064	  0.227064	  0.227064	
  0.335924	  0.265890	  0.246689	  0.151497	
  0.361748	  0.169590	  0.390814	  0.077848	
  0.146106	  0.145163	  0.053421	  0.655311	
  0.025705	  0.025705	  0.136567	  0.812022	
  0.999399	  0.000200	  0.000200	  0.000200	
  0.000200	  0.000200	  0.000200	  0.999399	
  0.000200	  0.999399	  0.000200	  0.000200	
  0.023136	  0.837908	  0.023136	  0.115821	
  0.204592	  0.098703	  0.503997	  0.192708	
  0.172352	  0.270061	  0.385234	  0.172352	
  0.409662	  0.196779	  0.196779	  0.196779	
  0.224495	  0.224495	  0.224495	  0.326515	

URL http://cisbp.ccbr.utoronto.ca/TFreport.php?versionNumber=2.00&searchTF=T290595_2.00

MOTIF M02361_2.00 1200010153

letter-probability matrix: alength= 4 w= 10 nsites= 1 E= 0
  0.626529	  0.053528	  0.075203	  0.244740	
  0.293419	  0.602810	  0.027705	  0.076066	
  0.132015	  0.865159	  0.000101	  0.002726	
  0.009972	  0.982205	  0.006487	  0.001336	
  0.016892	  0.979326	  0.001910	  0.001872	
  0.001055	  0.051605	  0.000034	  0.947306	
  0.903519	  0.005293	  0.060117	  0.031072	
  0.286425	  0.168591	  0.418834	  0.126150	
  0.238644	  0.245912	  0.176792	  0.338652	
  0.230489	  0.259875	  0.175950	  0.333686	

URL http://cisbp.ccbr.utoronto.ca/TFreport.php?versionNumber=2.00&searchTF=T290600_2.00

MOTIF M02362_2.00 1200010282

letter-probability matrix: alength= 4 w= 12 nsites= 1 E= 0
  0.150757	  0.150757	  0.547730	  0.150757	
  0.528127	  0.182432	  0.194909	  0.094532	
  0.873406	  0.042198	  0.042198	  0.042198	
  0.021018	  0.021018	  0.021018	  0.936947	
  0.999445	  0.000185	  0.000185	  0.000185	
  0.000185	  0.000185	  0.000185	  0.999445	
  0.000185	  0.089104	  0.171764	  0.738947	
  0.084905	  0.914724	  0.000185	  0.000185	
  0.184149	  0.616994	  0.099429	  0.099429	
  0.238983	  0.258799	  0.261844	  0.240373	
  0.292708	  0.291318	  0.207987	  0.207987	
  0.229167	  0.229167	  0.312498	  0.229167	

URL http://cisbp.ccbr.utoronto.ca/TFreport.php?versionNumber=2.00&searchTF=T290601_2.00

MOTIF M02363_2.00 A0A096P9U6_OSTTA

letter-probability matrix: alength= 4 w= 8 nsites= 1 E= 0
  0.125208	  0.125208	  0.624376	  0.125208	
  0.000312	  0.874220	  0.125156	  0.000312	
  0.000270	  0.999190	  0.000270	  0.000270	
  0.000270	  0.000270	  0.999190	  0.000270	
  0.000270	  0.999190	  0.000270	  0.000270	
  0.000270	  0.000270	  0.999190	  0.000270	
  0.000303	  0.121368	  0.878027	  0.000303	
  0.083611	  0.042013	  0.790765	  0.083611	

URL http://cisbp.ccbr.utoronto.ca/TFreport.php?versionNumber=2.00&searchTF=T290632_2.00

MOTIF M02364_2.00 estExt_fgenesh1_pg.C_Chr_03.00010061

letter-probability matrix: alength= 4 w= 9 nsites= 1 E= 0
  0.296166	  0.221610	  0.170873	  0.311351	
  0.443491	  0.074789	  0.114971	  0.366749	
  0.558136	  0.026698	  0.258424	  0.156742	
  0.466160	  0.510060	  0.000338	  0.023442	
  0.031326	  0.967229	  0.000400	  0.001045	
  0.077813	  0.883869	  0.037876	  0.000442	
  0.006183	  0.287663	  0.026359	  0.679795	
  0.508974	  0.176337	  0.140106	  0.174583	
  0.273515	  0.210894	  0.334072	  0.181518	

URL http://cisbp.ccbr.utoronto.ca/TFreport.php?versionNumber=2.00&searchTF=T290806_2.00

MOTIF M02365_2.00 estExt_fgenesh1_pg.C_Chr_03.00010215

letter-probability matrix: alength= 4 w= 10 nsites= 1 E= 0
  0.311576	  0.194736	  0.262866	  0.230822	
  0.179847	  0.369484	  0.192888	  0.257781	
  0.173347	  0.405572	  0.245992	  0.175090	
  0.146670	  0.237030	  0.056159	  0.560140	
  0.167270	  0.125162	  0.117873	  0.589696	
  0.929511	  0.019004	  0.017543	  0.033942	
  0.033044	  0.093490	  0.046426	  0.827040	
  0.033356	  0.886463	  0.032370	  0.047810	
  0.114616	  0.442122	  0.125410	  0.317852	
  0.284231	  0.198301	  0.247099	  0.270369	

URL http://cisbp.ccbr.utoronto.ca/TFreport.php?versionNumber=2.00&searchTF=T290807_2.00

MOTIF M02366_2.00 estExt_fgenesh1_pg.C_Chr_13.00010057

letter-probability matrix: alength= 4 w= 9 nsites= 1 E= 0
  0.346040	  0.197661	  0.149389	  0.306910	
  0.481185	  0.019614	  0.393961	  0.105241	
  0.451307	  0.524344	  0.009135	  0.015213	
  0.006238	  0.982978	  0.002613	  0.008171	
  0.008011	  0.983153	  0.008421	  0.000415	
  0.002668	  0.060419	  0.001199	  0.935714	
  0.733974	  0.069302	  0.063974	  0.132751	
  0.363435	  0.169967	  0.309699	  0.156899	
  0.257101	  0.254543	  0.212612	  0.275743	

URL http://cisbp.ccbr.utoronto.ca/TFreport.php?versionNumber=2.00&searchTF=T290809_2.00

MOTIF M02367_2.00 estExt_fgenesh1_pg.C_Chr_16.00010090

letter-probability matrix: alength= 4 w= 8 nsites= 1 E= 0
  0.199383	  0.294484	  0.285781	  0.220352	
  0.265335	  0.327338	  0.232989	  0.174338	
  0.278432	  0.200172	  0.391183	  0.130213	
  0.334245	  0.103738	  0.265569	  0.296448	
  0.984956	  0.001791	  0.005066	  0.008187	
  0.093831	  0.018944	  0.014607	  0.872618	
  0.130107	  0.664050	  0.099321	  0.106523	
  0.243162	  0.226723	  0.205147	  0.324968	

URL http://cisbp.ccbr.utoronto.ca/TFreport.php?versionNumber=2.00&searchTF=T290810_2.00

MOTIF M02490_2.00 (1400010135)_(Neurospora_crassa)_(DBD_0.37)

letter-probability matrix: alength= 4 w= 10 nsites= 1 E= 0
  0.329130	  0.229626	  0.220622	  0.220622	
  0.346994	  0.223477	  0.251969	  0.177560	
  0.448098	  0.134965	  0.110500	  0.306437	
  0.335755	  0.153912	  0.139266	  0.371067	
  0.248453	  0.220358	  0.178619	  0.352571	
  0.233539	  0.293933	  0.209213	  0.263315	
  0.195880	  0.356917	  0.275201	  0.172001	
  0.140053	  0.396240	  0.262965	  0.200742	
  0.596865	  0.017317	  0.262878	  0.122939	
  0.143083	  0.219956	  0.147441	  0.489520	

URL http://cisbp.ccbr.utoronto.ca/TFreport.php?versionNumber=2.00&searchTF=T335136_2.00

MOTIF M02533_2.00 fgenesh1_pg.C_Chr_09.0001000301

letter-probability matrix: alength= 4 w= 9 nsites= 1 E= 0
  0.271308	  0.265936	  0.240628	  0.222128	
  0.288149	  0.231245	  0.271368	  0.209239	
  0.224414	  0.180096	  0.250508	  0.344982	
  0.163222	  0.233951	  0.201364	  0.401462	
  0.190314	  0.371918	  0.175682	  0.262086	
  0.430856	  0.117422	  0.378333	  0.073389	
  0.461800	  0.159993	  0.089580	  0.288626	
  0.502170	  0.131491	  0.234848	  0.131491	
  0.240171	  0.279039	  0.181518	  0.299272	

URL http://cisbp.ccbr.utoronto.ca/TFreport.php?versionNumber=2.00&searchTF=T346205_2.00

MOTIF M02535_2.00 gw1.20.00.89.1

letter-probability matrix: alength= 4 w= 10 nsites= 1 E= 0
  0.542652	  0.117995	  0.113519	  0.225834	
  0.279593	  0.143987	  0.195206	  0.381215	
  0.096535	  0.175727	  0.119694	  0.608045	
  0.202572	  0.123770	  0.085906	  0.587752	
  0.084457	  0.280504	  0.202746	  0.432293	
  0.432293	  0.202746	  0.280504	  0.084457	
  0.587752	  0.085906	  0.123770	  0.202572	
  0.608045	  0.119694	  0.175727	  0.096535	
  0.381215	  0.195206	  0.143987	  0.279593	
  0.225834	  0.113519	  0.117995	  0.542652	

URL http://cisbp.ccbr.utoronto.ca/TFreport.php?versionNumber=2.00&searchTF=T346209_2.00

MOTIF M02569_2.00 0700010421

letter-probability matrix: alength= 4 w= 13 nsites= 1 E= 0
  0.429522	  0.159620	  0.159620	  0.251238	
  0.157463	  0.288250	  0.069671	  0.484616	
  0.287822	  0.021355	  0.669467	  0.021355	
  0.109148	  0.021355	  0.762150	  0.107346	
  0.107346	  0.021355	  0.021355	  0.849943	
  0.088026	  0.827019	  0.000233	  0.084722	
  0.911508	  0.000233	  0.000233	  0.088026	
  0.999301	  0.000233	  0.000233	  0.000233	
  0.090613	  0.728161	  0.090613	  0.090613	
  0.265051	  0.180562	  0.373824	  0.180562	
  0.228878	  0.228878	  0.313367	  0.228878	
  0.228878	  0.228878	  0.228878	  0.313367	
  0.313367	  0.228878	  0.228878	  0.228878	

URL http://cisbp.ccbr.utoronto.ca/TFreport.php?versionNumber=2.00&searchTF=T357102_2.00

MOTIF M02570_2.00 fgenesh1_pg.C_Chr_11.0001000193

letter-probability matrix: alength= 4 w= 9 nsites= 1 E= 0
  0.241635	  0.259156	  0.232161	  0.267048	
  0.339988	  0.116619	  0.454369	  0.089024	
  0.090372	  0.018246	  0.791505	  0.099877	
  0.115683	  0.000069	  0.003424	  0.880823	
  0.157393	  0.749003	  0.041213	  0.052391	
  0.758233	  0.079122	  0.043423	  0.119222	
  0.650035	  0.029875	  0.180734	  0.139355	
  0.254248	  0.415014	  0.132729	  0.198009	
  0.231806	  0.229499	  0.328948	  0.209747	

URL http://cisbp.ccbr.utoronto.ca/TFreport.php?versionNumber=2.00&searchTF=T357137_2.00

MOTIF M02698_2.00 (e_gw1.05.00.32.1)_(Arabidopsis_thaliana)_(DBD_0.95)

letter-probability matrix: alength= 4 w= 11 nsites= 1 E= 0
  0.140000	  0.450000	  0.230000	  0.180000	
  0.160000	  0.270000	  0.550000	  0.020000	
  0.000000	  0.919192	  0.040404	  0.040404	
  0.000000	  0.050000	  0.930000	  0.020000	
  0.040404	  0.939394	  0.000000	  0.020202	
  0.040404	  0.020202	  0.020202	  0.919192	
  0.080808	  0.000000	  0.858586	  0.060606	
  0.960000	  0.000000	  0.020000	  0.020000	
  0.040000	  0.040000	  0.920000	  0.000000	
  0.020000	  0.550000	  0.260000	  0.170000	
  0.151515	  0.323232	  0.242424	  0.282828	

URL http://cisbp.ccbr.utoronto.ca/TFreport.php?versionNumber=2.00&searchTF=T290768_2.00

MOTIF M03094_2.00 (fgenesh1_pg.C_Chr_09.0001000270)_(Homo_sapiens)_(DBD_0.42)

letter-probability matrix: alength= 4 w= 12 nsites= 1 E= 0
  0.075193	  0.052708	  0.036750	  0.835348	
  0.012133	  0.045264	  0.932105	  0.010499	
  0.845817	  0.010811	  0.062291	  0.081081	
  0.016870	  0.950947	  0.010382	  0.021801	
  0.958232	  0.003526	  0.030377	  0.007865	
  0.045464	  0.013172	  0.766730	  0.174634	
  0.059739	  0.316739	  0.607343	  0.016179	
  0.006266	  0.028460	  0.003655	  0.961619	
  0.030352	  0.017935	  0.918602	  0.033111	
  0.179547	  0.067561	  0.020592	  0.732300	
  0.017290	  0.853624	  0.101847	  0.027238	
  0.798513	  0.042216	  0.078676	  0.080595	

URL http://cisbp.ccbr.utoronto.ca/TFreport.php?versionNumber=2.00&searchTF=T230853_2.00

MOTIF M04705_2.00 (0800010288)_(Homo_sapiens)_(DBD_0.60)

letter-probability matrix: alength= 4 w= 14 nsites= 1 E= 0
  0.330365	  0.000000	  0.000000	  0.669635	
  0.053965	  0.000000	  0.000000	  0.946035	
  0.000000	  0.000000	  0.000000	  1.000000	
  0.000000	  0.000000	  0.000000	  1.000000	
  0.000000	  0.000000	  0.999080	  0.000920	
  0.000000	  0.000000	  0.999579	  0.000421	
  0.000543	  0.996399	  0.003057	  0.000000	
  0.000000	  0.000924	  0.998369	  0.000707	
  0.000014	  0.000000	  0.999007	  0.000979	
  0.000000	  0.000000	  1.000000	  0.000000	
  1.000000	  0.000000	  0.000000	  0.000000	
  1.000000	  0.000000	  0.000000	  0.000000	
  0.952164	  0.022052	  0.000000	  0.025783	
  0.334262	  0.148280	  0.181890	  0.335568	

URL http://cisbp.ccbr.utoronto.ca/TFreport.php?versionNumber=2.00&searchTF=T174095_2.00

MOTIF M07266_2.00 (0600010013)_(Arabidopsis_thaliana)_(DBD_0.26)

letter-probability matrix: alength= 4 w= 8 nsites= 1 E= 0
  0.035000	  0.143333	  0.080000	  0.741667	
  0.586667	  0.048333	  0.001667	  0.363333	
  0.995000	  0.000000	  0.000000	  0.005000	
  0.028333	  0.000000	  0.000000	  0.971667	
  0.000000	  0.988333	  0.011667	  0.000000	
  1.000000	  0.000000	  0.000000	  0.000000	
  0.000000	  0.000000	  0.005000	  0.995000	
  0.598334	  0.073333	  0.060000	  0.268333	

URL http://cisbp.ccbr.utoronto.ca/TFreport.php?versionNumber=2.00&searchTF=T335130_2.00

MOTIF M07979_2.00 (e_gw1.01.00.699.1)_(Homo_sapiens)_(DBD_0.79)

letter-probability matrix: alength= 4 w= 15 nsites= 1 E= 0
  0.310573	  0.154185	  0.306167	  0.229075	
  0.310573	  0.105727	  0.270925	  0.312775	
  0.160793	  0.101322	  0.385463	  0.352423	
  0.149780	  0.640969	  0.057269	  0.151982	
  0.000000	  0.506608	  0.000000	  0.493392	
  0.711454	  0.129956	  0.024229	  0.134361	
  0.704846	  0.019824	  0.114537	  0.160793	
  0.938326	  0.000000	  0.044053	  0.017621	
  0.905286	  0.004405	  0.002203	  0.088106	
  0.925110	  0.000000	  0.000000	  0.074890	
  0.033040	  0.000000	  0.000000	  0.966960	
  0.958150	  0.000000	  0.041850	  0.000000	
  0.209251	  0.052863	  0.702644	  0.035242	
  0.416300	  0.354626	  0.090308	  0.138767	
  0.387665	  0.262115	  0.070485	  0.279736	

URL http://cisbp.ccbr.utoronto.ca/TFreport.php?versionNumber=2.00&searchTF=T259353_2.00

MOTIF M08108_2.00 (e_gw1.10.00.278.1)_(Homo_sapiens)_(DBD_0.69)

letter-probability matrix: alength= 4 w= 11 nsites= 1 E= 0
  0.204783	  0.244644	  0.387145	  0.163428	
  0.131041	  0.340807	  0.468361	  0.059791	
  0.023916	  0.035376	  0.927753	  0.012955	
  0.013951	  0.939711	  0.010962	  0.035376	
  0.006976	  0.026906	  0.962631	  0.003488	
  0.017937	  0.039860	  0.929248	  0.012955	
  0.013453	  0.015944	  0.956153	  0.014449	
  0.924265	  0.011958	  0.048829	  0.014948	
  0.819631	  0.084704	  0.068261	  0.027404	
  0.231689	  0.322372	  0.322870	  0.123069	
  0.189836	  0.300947	  0.322870	  0.186348	

URL http://cisbp.ccbr.utoronto.ca/TFreport.php?versionNumber=2.00&searchTF=T174099_2.00

