MEME version 4

ALPHABET= ACGT

strands: + -

Background letter frequencies (from uniform background):
A 0.25000 C 0.25000 G 0.25000 T 0.25000 

MOTIF M00719_2.00 (fgenesh1_pm.chr_1_

letter-probability matrix: alength= 4 w= 8 nsites= 1 E= 0
  0.253340	  0.238587	  0.213734	  0.294339	
  0.238515	  0.217986	  0.263600	  0.279900	
  0.216235	  0.071978	  0.581939	  0.129848	
  0.114251	  0.501900	  0.244301	  0.139547	
  0.009576	  0.664640	  0.002269	  0.323515	
  0.203540	  0.004463	  0.777326	  0.014671	
  0.148179	  0.326497	  0.281018	  0.244306	
  0.239004	  0.346014	  0.225085	  0.189897	

URL http://cisbp.ccbr.utoronto.ca/TFreport.php?versionNumber=2.00&searchTF=T007239_2.00

MOTIF M00862_2.00 (gw1.8.497.1)_(Arabidopsis_thaliana)_(DBD_0.54)

letter-probability matrix: alength= 4 w= 8 nsites= 1 E= 0
  0.232051	  0.275051	  0.241521	  0.251378	
  0.242842	  0.265711	  0.230998	  0.260450	
  0.275202	  0.261780	  0.246536	  0.216482	
  0.055587	  0.755924	  0.058437	  0.130053	
  0.003975	  0.062181	  0.383772	  0.550072	
  0.005248	  0.107547	  0.000128	  0.887076	
  0.000091	  0.002171	  0.000086	  0.997651	
  0.278897	  0.242461	  0.202521	  0.276122	

URL http://cisbp.ccbr.utoronto.ca/TFreport.php?versionNumber=2.00&searchTF=T171555_2.00

MOTIF M00869_2.00 (gw1.19.139.1)_(Arabidopsis_thaliana)_(DBD_0.50)

letter-probability matrix: alength= 4 w= 9 nsites= 1 E= 0
  0.219602	  0.204755	  0.392217	  0.183427	
  0.380662	  0.190931	  0.215274	  0.213132	
  0.402559	  0.170348	  0.203943	  0.223150	
  0.213067	  0.255088	  0.296370	  0.235476	
  0.183535	  0.377060	  0.263066	  0.176338	
  0.120837	  0.030400	  0.102971	  0.745792	
  0.035867	  0.000594	  0.000756	  0.962783	
  0.000182	  0.997905	  0.000117	  0.001796	
  0.043384	  0.361440	  0.287176	  0.307999	

URL http://cisbp.ccbr.utoronto.ca/TFreport.php?versionNumber=2.00&searchTF=T242904_2.00

MOTIF M00873_2.00 (e_gw1.1.649.1)_(Arabidopsis_thaliana)_(DBD_0.83)

letter-probability matrix: alength= 4 w= 10 nsites= 1 E= 0
  0.226420	  0.226420	  0.320739	  0.226420	
  0.528872	  0.125806	  0.125806	  0.219517	
  0.999768	  0.000077	  0.000077	  0.000077	
  0.000077	  0.000077	  0.999768	  0.000077	
  0.999768	  0.000077	  0.000077	  0.000077	
  0.000077	  0.000077	  0.000077	  0.999768	
  0.402884	  0.201777	  0.000077	  0.395261	
  0.000077	  0.798068	  0.000077	  0.201777	
  0.023657	  0.023657	  0.724305	  0.228381	
  0.124272	  0.330831	  0.420625	  0.124272	

URL http://cisbp.ccbr.utoronto.ca/TFreport.php?versionNumber=2.00&searchTF=T284591_2.00

MOTIF M00982_2.00 (EuGene.1100010359)_(Arabidopsis_thaliana)_(DBD_0.58)

letter-probability matrix: alength= 4 w= 8 nsites= 1 E= 0
  0.250000	  0.261358	  0.204566	  0.284075	
  0.401527	  0.007950	  0.582572	  0.007950	
  0.000061	  0.000061	  0.993683	  0.006195	
  0.000061	  0.006195	  0.000061	  0.993683	
  0.006195	  0.993683	  0.000061	  0.000061	
  0.987549	  0.000061	  0.000061	  0.012328	
  0.886497	  0.000067	  0.100040	  0.013396	
  0.280691	  0.377148	  0.149158	  0.193002	

URL http://cisbp.ccbr.utoronto.ca/TFreport.php?versionNumber=2.00&searchTF=T355655_2.00

MOTIF M01046_2.00 (fgenesh1_pm.chr_4_

letter-probability matrix: alength= 4 w= 10 nsites= 1 E= 0
  0.309434	  0.020181	  0.604708	  0.065677	
  0.007062	  0.661645	  0.236212	  0.095081	
  0.207769	  0.559154	  0.109555	  0.123523	
  0.000000	  0.000019	  0.999924	  0.000057	
  0.118261	  0.438296	  0.273936	  0.169507	
  0.223297	  0.594964	  0.029035	  0.152704	
  0.353632	  0.152667	  0.336385	  0.157316	
  0.297425	  0.227048	  0.195422	  0.280104	
  0.311727	  0.245214	  0.192892	  0.250167	
  0.312073	  0.228889	  0.193106	  0.265931	

URL http://cisbp.ccbr.utoronto.ca/TFreport.php?versionNumber=2.00&searchTF=T007240_2.00

MOTIF M01069_2.00 (gw1.6.1363.1)_(Arabidopsis_thaliana)_(DBD_0.78)

letter-probability matrix: alength= 4 w= 10 nsites= 1 E= 0
  0.324154	  0.200581	  0.215125	  0.260140	
  0.461198	  0.123202	  0.174833	  0.240767	
  0.601582	  0.127685	  0.117868	  0.152866	
  0.576689	  0.110753	  0.201805	  0.110753	
  0.235678	  0.034208	  0.126782	  0.603332	
  0.969770	  0.000109	  0.013559	  0.016561	
  0.024780	  0.021328	  0.009975	  0.943917	
  0.054857	  0.824459	  0.023682	  0.097002	
  0.201171	  0.231402	  0.158247	  0.409180	
  0.259970	  0.235230	  0.244830	  0.259970	

URL http://cisbp.ccbr.utoronto.ca/TFreport.php?versionNumber=2.00&searchTF=T285125_2.00

MOTIF M01070_2.00 (EuGene.1300010252)_(Arabidopsis_thaliana)_(DBD_0.72)

letter-probability matrix: alength= 4 w= 8 nsites= 1 E= 0
  0.478976	  0.104288	  0.000208	  0.416528	
  0.411670	  0.014844	  0.529248	  0.044239	
  0.460416	  0.539321	  0.000132	  0.000132	
  0.000130	  0.999611	  0.000130	  0.000130	
  0.000130	  0.973650	  0.000130	  0.026090	
  0.026090	  0.000130	  0.000130	  0.973650	
  0.999611	  0.000130	  0.000130	  0.000130	
  0.403728	  0.000192	  0.595888	  0.000192	

URL http://cisbp.ccbr.utoronto.ca/TFreport.php?versionNumber=2.00&searchTF=T284857_2.00

MOTIF M01074_2.00 (EuGene.0400010070)_(Arabidopsis_thaliana)_(DBD_0.70)

letter-probability matrix: alength= 4 w= 10 nsites= 1 E= 0
  0.299179	  0.210828	  0.240097	  0.249896	
  0.364170	  0.180841	  0.205947	  0.249042	
  0.482339	  0.188415	  0.163800	  0.165446	
  0.572881	  0.083153	  0.228304	  0.115663	
  0.290816	  0.033875	  0.106985	  0.568323	
  0.916501	  0.021989	  0.026326	  0.035183	
  0.063251	  0.021696	  0.028706	  0.886347	
  0.015059	  0.890653	  0.049499	  0.044789	
  0.202988	  0.217707	  0.158088	  0.421217	
  0.265880	  0.219872	  0.242996	  0.271251	

URL http://cisbp.ccbr.utoronto.ca/TFreport.php?versionNumber=2.00&searchTF=T284854_2.00

MOTIF M01078_2.00 (gw1.6.1691.1)_(Arabidopsis_thaliana)_(DBD_0.85)

letter-probability matrix: alength= 4 w= 10 nsites= 1 E= 0
  0.194581	  0.387940	  0.244900	  0.172578	
  0.116234	  0.224888	  0.028951	  0.629927	
  0.131798	  0.102644	  0.092877	  0.672681	
  0.961631	  0.003891	  0.014420	  0.020058	
  0.017926	  0.036099	  0.014973	  0.931002	
  0.023071	  0.933172	  0.015008	  0.028749	
  0.043208	  0.636520	  0.069132	  0.251141	
  0.412024	  0.101604	  0.281767	  0.204605	
  0.245250	  0.233289	  0.221912	  0.299549	
  0.368215	  0.162173	  0.158962	  0.310650	

URL http://cisbp.ccbr.utoronto.ca/TFreport.php?versionNumber=2.00&searchTF=T285128_2.00

MOTIF M01087_2.00 (e_gw1.9.884.1)_(Arabidopsis_thaliana)_(DBD_0.69)

letter-probability matrix: alength= 4 w= 10 nsites= 1 E= 0
  0.363763	  0.193737	  0.193737	  0.248763	
  0.435854	  0.149502	  0.175442	  0.239202	
  0.435354	  0.080331	  0.180578	  0.303737	
  0.104843	  0.081652	  0.061711	  0.751794	
  0.060645	  0.051679	  0.046295	  0.841381	
  0.003122	  0.533049	  0.072865	  0.390963	
  0.758381	  0.000142	  0.200574	  0.040902	
  0.899183	  0.023138	  0.031547	  0.046131	
  0.830968	  0.038574	  0.063599	  0.066859	
  0.293712	  0.255341	  0.066195	  0.384752	

URL http://cisbp.ccbr.utoronto.ca/TFreport.php?versionNumber=2.00&searchTF=T345966_2.00

MOTIF M01220_2.00 (gw1.4.1217.1)_(Cannabis_sativa)_(DBD_0.67)

letter-probability matrix: alength= 4 w= 7 nsites= 1 E= 0
  0.067389	  0.812792	  0.073735	  0.046084	
  0.050344	  0.000241	  0.329931	  0.619483	
  0.068175	  0.000123	  0.040939	  0.890763	
  0.077471	  0.010590	  0.057968	  0.853971	
  0.327466	  0.135827	  0.085745	  0.450962	
  0.237023	  0.244241	  0.175591	  0.343146	
  0.230791	  0.245062	  0.245062	  0.279084	

URL http://cisbp.ccbr.utoronto.ca/TFreport.php?versionNumber=2.00&searchTF=T171551_2.00

MOTIF M01288_2.00 (e_gw1.9.523.1)_(Ostreococcus_tauri)_(DBD_0.89)

letter-probability matrix: alength= 4 w= 10 nsites= 1 E= 0
  0.938238	  0.004455	  0.001383	  0.055925	
  0.896547	  0.036182	  0.000013	  0.067259	
  0.032112	  0.915275	  0.000718	  0.051895	
  0.081428	  0.056810	  0.780333	  0.081428	
  0.120891	  0.051156	  0.695678	  0.132275	
  0.287112	  0.196345	  0.088223	  0.428320	
  0.339455	  0.277922	  0.084550	  0.298074	
  0.458872	  0.184707	  0.112030	  0.244391	
  0.239744	  0.298740	  0.141115	  0.320401	
  0.225854	  0.117906	  0.223607	  0.432633	

URL http://cisbp.ccbr.utoronto.ca/TFreport.php?versionNumber=2.00&searchTF=T284655_2.00

MOTIF M01319_2.00 (e_gw1.19.20.1)_(Arabidopsis_thaliana)_(DBD_0.72)

letter-probability matrix: alength= 4 w= 8 nsites= 1 E= 0
  0.158993	  0.167145	  0.151239	  0.522623	
  0.178907	  0.147949	  0.124819	  0.548325	
  0.096781	  0.412588	  0.090238	  0.400394	
  0.640051	  0.041744	  0.317840	  0.000365	
  0.843350	  0.025981	  0.034377	  0.096292	
  0.746360	  0.041067	  0.080255	  0.132318	
  0.306449	  0.236288	  0.043600	  0.413663	
  0.253512	  0.201424	  0.199420	  0.345645	

URL http://cisbp.ccbr.utoronto.ca/TFreport.php?versionNumber=2.00&searchTF=T345960_2.00

MOTIF M01567_2.00 (EuGene.0800010331)_(Saccharomyces_cerevisiae)_(DBD_0.78)

letter-probability matrix: alength= 4 w= 7 nsites= 1 E= 0
  0.315311	  0.189343	  0.207174	  0.288172	
  0.345705	  0.141966	  0.211788	  0.300541	
  0.271982	  0.110580	  0.155359	  0.462079	
  0.583542	  0.000869	  0.110954	  0.304636	
  0.219565	  0.006434	  0.188981	  0.585020	
  0.934996	  0.000354	  0.051964	  0.012687	
  0.422777	  0.000471	  0.095282	  0.481470	

URL http://cisbp.ccbr.utoronto.ca/TFreport.php?versionNumber=2.00&searchTF=T343125_2.00

MOTIF M01769_2.00 (fgenesh1_pg.chr_20_

letter-probability matrix: alength= 4 w= 10 nsites= 1 E= 0
  0.235244	  0.176025	  0.403681	  0.185050	
  0.355116	  0.268391	  0.299599	  0.076895	
  0.032899	  0.947149	  0.005020	  0.014931	
  0.876516	  0.013276	  0.085281	  0.024927	
  0.009005	  0.923136	  0.035794	  0.032065	
  0.344530	  0.006768	  0.634085	  0.014617	
  0.101426	  0.572107	  0.056223	  0.270244	
  0.076784	  0.038130	  0.765862	  0.119224	
  0.097423	  0.560628	  0.079763	  0.262187	
  0.173289	  0.401400	  0.161573	  0.263738	

URL http://cisbp.ccbr.utoronto.ca/TFreport.php?versionNumber=2.00&searchTF=T048497_2.00

MOTIF M02018_2.00 (e_gw1.3.601.1)_(Ostreococcus_tauri)_(DBD_0.89)

letter-probability matrix: alength= 4 w= 8 nsites= 1 E= 0
  0.278095	  0.275328	  0.199929	  0.246648	
  0.251817	  0.249311	  0.223341	  0.275531	
  0.340194	  0.242140	  0.170633	  0.247032	
  0.055050	  0.124991	  0.644352	  0.175606	
  0.961705	  0.000618	  0.001490	  0.036187	
  0.097122	  0.071950	  0.029843	  0.801085	
  0.119255	  0.665982	  0.061637	  0.153126	
  0.256866	  0.163785	  0.283881	  0.295467	

URL http://cisbp.ccbr.utoronto.ca/TFreport.php?versionNumber=2.00&searchTF=T196084_2.00

MOTIF M02037_2.00 (fgenesh1_pm.chr_4_

letter-probability matrix: alength= 4 w= 10 nsites= 1 E= 0
  0.268741	  0.205152	  0.240748	  0.285359	
  0.218201	  0.201425	  0.285835	  0.294540	
  0.197705	  0.139320	  0.074947	  0.588028	
  0.079458	  0.040659	  0.776832	  0.103051	
  0.916758	  0.000074	  0.000002	  0.083166	
  0.063994	  0.811419	  0.004432	  0.120155	
  0.417885	  0.131001	  0.300427	  0.150687	
  0.145466	  0.134282	  0.379913	  0.340339	
  0.152994	  0.340493	  0.308091	  0.198422	
  0.223635	  0.221410	  0.167338	  0.387617	

URL http://cisbp.ccbr.utoronto.ca/TFreport.php?versionNumber=2.00&searchTF=T227489_2.00

MOTIF M02296_2.00 (gw1.12.455.1)_(Arabidopsis_thaliana)_(DBD_0.70)

letter-probability matrix: alength= 4 w= 10 nsites= 1 E= 0
  0.371858	  0.181003	  0.190283	  0.256855	
  0.609459	  0.091156	  0.156424	  0.142961	
  0.042918	  0.004218	  0.897204	  0.055661	
  0.977189	  0.000806	  0.000790	  0.021214	
  0.034212	  0.000282	  0.000065	  0.965441	
  0.320056	  0.234744	  0.021726	  0.423475	
  0.046766	  0.564058	  0.082695	  0.306481	
  0.098809	  0.138821	  0.465533	  0.296837	
  0.192166	  0.343216	  0.292469	  0.172149	
  0.218283	  0.207637	  0.168307	  0.405772	

URL http://cisbp.ccbr.utoronto.ca/TFreport.php?versionNumber=2.00&searchTF=T285054_2.00

MOTIF M02362_2.00 (gw1.12.313.1)_(Ostreococcus_tauri)_(DBD_0.87)

letter-probability matrix: alength= 4 w= 12 nsites= 1 E= 0
  0.150757	  0.150757	  0.547730	  0.150757	
  0.528127	  0.182432	  0.194909	  0.094532	
  0.873406	  0.042198	  0.042198	  0.042198	
  0.021018	  0.021018	  0.021018	  0.936947	
  0.999445	  0.000185	  0.000185	  0.000185	
  0.000185	  0.000185	  0.000185	  0.999445	
  0.000185	  0.089104	  0.171764	  0.738947	
  0.084905	  0.914724	  0.000185	  0.000185	
  0.184149	  0.616994	  0.099429	  0.099429	
  0.238983	  0.258799	  0.261844	  0.240373	
  0.292708	  0.291318	  0.207987	  0.207987	
  0.229167	  0.229167	  0.312498	  0.229167	

URL http://cisbp.ccbr.utoronto.ca/TFreport.php?versionNumber=2.00&searchTF=T285052_2.00

MOTIF M02363_2.00 (gw1.17.616.1)_(Ostreococcus_tauri)_(DBD_0.70)

letter-probability matrix: alength= 4 w= 8 nsites= 1 E= 0
  0.125208	  0.125208	  0.624376	  0.125208	
  0.000312	  0.874220	  0.125156	  0.000312	
  0.000270	  0.999190	  0.000270	  0.000270	
  0.000270	  0.000270	  0.999190	  0.000270	
  0.000270	  0.999190	  0.000270	  0.000270	
  0.000270	  0.000270	  0.999190	  0.000270	
  0.000303	  0.121368	  0.878027	  0.000303	
  0.083611	  0.042013	  0.790765	  0.083611	

URL http://cisbp.ccbr.utoronto.ca/TFreport.php?versionNumber=2.00&searchTF=T285067_2.00

MOTIF M02364_2.00 (fgenesh1_pm.chr_3_

letter-probability matrix: alength= 4 w= 9 nsites= 1 E= 0
  0.296166	  0.221610	  0.170873	  0.311351	
  0.443491	  0.074789	  0.114971	  0.366749	
  0.558136	  0.026698	  0.258424	  0.156742	
  0.466160	  0.510060	  0.000338	  0.023442	
  0.031326	  0.967229	  0.000400	  0.001045	
  0.077813	  0.883869	  0.037876	  0.000442	
  0.006183	  0.287663	  0.026359	  0.679795	
  0.508974	  0.176337	  0.140106	  0.174583	
  0.273515	  0.210894	  0.334072	  0.181518	

URL http://cisbp.ccbr.utoronto.ca/TFreport.php?versionNumber=2.00&searchTF=T284926_2.00

MOTIF M02365_2.00 (e_gw1.6.1578.1)_(Ostreococcus_tauri)_(DBD_0.81)

letter-probability matrix: alength= 4 w= 10 nsites= 1 E= 0
  0.311576	  0.194736	  0.262866	  0.230822	
  0.179847	  0.369484	  0.192888	  0.257781	
  0.173347	  0.405572	  0.245992	  0.175090	
  0.146670	  0.237030	  0.056159	  0.560140	
  0.167270	  0.125162	  0.117873	  0.589696	
  0.929511	  0.019004	  0.017543	  0.033942	
  0.033044	  0.093490	  0.046426	  0.827040	
  0.033356	  0.886463	  0.032370	  0.047810	
  0.114616	  0.442122	  0.125410	  0.317852	
  0.284231	  0.198301	  0.247099	  0.270369	

URL http://cisbp.ccbr.utoronto.ca/TFreport.php?versionNumber=2.00&searchTF=T284639_2.00

MOTIF M02490_2.00 (gw1.6.1665.1)_(Neurospora_crassa)_(DBD_0.34)

letter-probability matrix: alength= 4 w= 10 nsites= 1 E= 0
  0.329130	  0.229626	  0.220622	  0.220622	
  0.346994	  0.223477	  0.251969	  0.177560	
  0.448098	  0.134965	  0.110500	  0.306437	
  0.335755	  0.153912	  0.139266	  0.371067	
  0.248453	  0.220358	  0.178619	  0.352571	
  0.233539	  0.293933	  0.209213	  0.263315	
  0.195880	  0.356917	  0.275201	  0.172001	
  0.140053	  0.396240	  0.262965	  0.200742	
  0.596865	  0.017317	  0.262878	  0.122939	
  0.143083	  0.219956	  0.147441	  0.489520	

URL http://cisbp.ccbr.utoronto.ca/TFreport.php?versionNumber=2.00&searchTF=T334255_2.00

MOTIF M02569_2.00 (fgenesh1_pg.chr_7_

letter-probability matrix: alength= 4 w= 13 nsites= 1 E= 0
  0.429522	  0.159620	  0.159620	  0.251238	
  0.157463	  0.288250	  0.069671	  0.484616	
  0.287822	  0.021355	  0.669467	  0.021355	
  0.109148	  0.021355	  0.762150	  0.107346	
  0.107346	  0.021355	  0.021355	  0.849943	
  0.088026	  0.827019	  0.000233	  0.084722	
  0.911508	  0.000233	  0.000233	  0.088026	
  0.999301	  0.000233	  0.000233	  0.000233	
  0.090613	  0.728161	  0.090613	  0.090613	
  0.265051	  0.180562	  0.373824	  0.180562	
  0.228878	  0.228878	  0.313367	  0.228878	
  0.228878	  0.228878	  0.228878	  0.313367	
  0.313367	  0.228878	  0.228878	  0.228878	

URL http://cisbp.ccbr.utoronto.ca/TFreport.php?versionNumber=2.00&searchTF=T355656_2.00

MOTIF M02698_2.00 (e_gw1.5.42.1)_(Arabidopsis_thaliana)_(DBD_0.95)

letter-probability matrix: alength= 4 w= 11 nsites= 1 E= 0
  0.140000	  0.450000	  0.230000	  0.180000	
  0.160000	  0.270000	  0.550000	  0.020000	
  0.000000	  0.919192	  0.040404	  0.040404	
  0.000000	  0.050000	  0.930000	  0.020000	
  0.040404	  0.939394	  0.000000	  0.020202	
  0.040404	  0.020202	  0.020202	  0.919192	
  0.080808	  0.000000	  0.858586	  0.060606	
  0.960000	  0.000000	  0.020000	  0.020000	
  0.040000	  0.040000	  0.920000	  0.000000	
  0.020000	  0.550000	  0.260000	  0.170000	
  0.151515	  0.323232	  0.242424	  0.282828	

URL http://cisbp.ccbr.utoronto.ca/TFreport.php?versionNumber=2.00&searchTF=T284632_2.00

MOTIF M04705_2.00 (gw1.8.144.1)_(Homo_sapiens)_(DBD_0.65)

letter-probability matrix: alength= 4 w= 14 nsites= 1 E= 0
  0.330365	  0.000000	  0.000000	  0.669635	
  0.053965	  0.000000	  0.000000	  0.946035	
  0.000000	  0.000000	  0.000000	  1.000000	
  0.000000	  0.000000	  0.000000	  1.000000	
  0.000000	  0.000000	  0.999080	  0.000920	
  0.000000	  0.000000	  0.999579	  0.000421	
  0.000543	  0.996399	  0.003057	  0.000000	
  0.000000	  0.000924	  0.998369	  0.000707	
  0.000014	  0.000000	  0.999007	  0.000979	
  0.000000	  0.000000	  1.000000	  0.000000	
  1.000000	  0.000000	  0.000000	  0.000000	
  1.000000	  0.000000	  0.000000	  0.000000	
  0.952164	  0.022052	  0.000000	  0.025783	
  0.334262	  0.148280	  0.181890	  0.335568	

URL http://cisbp.ccbr.utoronto.ca/TFreport.php?versionNumber=2.00&searchTF=T173857_2.00

MOTIF M07979_2.00 (gw1.1.1011.1)_(Homo_sapiens)_(DBD_0.81)

letter-probability matrix: alength= 4 w= 15 nsites= 1 E= 0
  0.310573	  0.154185	  0.306167	  0.229075	
  0.310573	  0.105727	  0.270925	  0.312775	
  0.160793	  0.101322	  0.385463	  0.352423	
  0.149780	  0.640969	  0.057269	  0.151982	
  0.000000	  0.506608	  0.000000	  0.493392	
  0.711454	  0.129956	  0.024229	  0.134361	
  0.704846	  0.019824	  0.114537	  0.160793	
  0.938326	  0.000000	  0.044053	  0.017621	
  0.905286	  0.004405	  0.002203	  0.088106	
  0.925110	  0.000000	  0.000000	  0.074890	
  0.033040	  0.000000	  0.000000	  0.966960	
  0.958150	  0.000000	  0.041850	  0.000000	
  0.209251	  0.052863	  0.702644	  0.035242	
  0.416300	  0.354626	  0.090308	  0.138767	
  0.387665	  0.262115	  0.070485	  0.279736	

URL http://cisbp.ccbr.utoronto.ca/TFreport.php?versionNumber=2.00&searchTF=T257365_2.00

MOTIF M08108_2.00 (fgenesh1_pm.chr_10_

letter-probability matrix: alength= 4 w= 11 nsites= 1 E= 0
  0.204783	  0.244644	  0.387145	  0.163428	
  0.131041	  0.340807	  0.468361	  0.059791	
  0.023916	  0.035376	  0.927753	  0.012955	
  0.013951	  0.939711	  0.010962	  0.035376	
  0.006976	  0.026906	  0.962631	  0.003488	
  0.017937	  0.039860	  0.929248	  0.012955	
  0.013453	  0.015944	  0.956153	  0.014449	
  0.924265	  0.011958	  0.048829	  0.014948	
  0.819631	  0.084704	  0.068261	  0.027404	
  0.231689	  0.322372	  0.322870	  0.123069	
  0.189836	  0.300947	  0.322870	  0.186348	

URL http://cisbp.ccbr.utoronto.ca/TFreport.php?versionNumber=2.00&searchTF=T173840_2.00

