MEME version 4

ALPHABET= ACGT

strands: + -

Background letter frequencies (from uniform background):
A 0.25000 C 0.25000 G 0.25000 T 0.25000 

MOTIF M00060_2.00 (GSPATT00026205001)_(Saccharomyces_cerevisiae)_(DBD_0.43)

letter-probability matrix: alength= 4 w= 9 nsites= 1 E= 0
  0.320154	  0.181055	  0.206191	  0.292599	
  0.231700	  0.238756	  0.197442	  0.332102	
  0.223589	  0.242212	  0.287095	  0.247105	
  0.161512	  0.025143	  0.029212	  0.784133	
  0.138264	  0.051376	  0.075881	  0.734480	
  0.092315	  0.709959	  0.122145	  0.075581	
  0.148989	  0.381409	  0.144586	  0.325016	
  0.473500	  0.149928	  0.202381	  0.174191	
  0.182247	  0.285820	  0.153755	  0.378177	

URL http://cisbp.ccbr.utoronto.ca/TFreport.php?versionNumber=2.00&searchTF=T240855_2.00

MOTIF M00154_2.00 (GSPATT00021123001)_(Mus_musculus)_(DBD_0.63)

letter-probability matrix: alength= 4 w= 10 nsites= 1 E= 0
  0.323791	  0.157606	  0.184952	  0.333651	
  0.356499	  0.123511	  0.133798	  0.386191	
  0.252758	  0.144378	  0.247753	  0.355112	
  0.126742	  0.200769	  0.545747	  0.126742	
  0.023207	  0.074773	  0.901856	  0.000164	
  0.069741	  0.911218	  0.000224	  0.018817	
  0.000176	  0.000025	  0.982509	  0.017290	
  0.011409	  0.610578	  0.359389	  0.018623	
  0.108464	  0.261496	  0.386224	  0.243817	
  0.250797	  0.271685	  0.168114	  0.309403	

URL http://cisbp.ccbr.utoronto.ca/TFreport.php?versionNumber=2.00&searchTF=T173185_2.00

MOTIF M00869_2.00 (GSPATT00016151001)_(Arabidopsis_thaliana)_(DBD_0.49)

letter-probability matrix: alength= 4 w= 9 nsites= 1 E= 0
  0.219602	  0.204755	  0.392217	  0.183427	
  0.380662	  0.190931	  0.215274	  0.213132	
  0.402559	  0.170348	  0.203943	  0.223150	
  0.213067	  0.255088	  0.296370	  0.235476	
  0.183535	  0.377060	  0.263066	  0.176338	
  0.120837	  0.030400	  0.102971	  0.745792	
  0.035867	  0.000594	  0.000756	  0.962783	
  0.000182	  0.997905	  0.000117	  0.001796	
  0.043384	  0.361440	  0.287176	  0.307999	

URL http://cisbp.ccbr.utoronto.ca/TFreport.php?versionNumber=2.00&searchTF=T240836_2.00

MOTIF M01087_2.00 (GSPATT00001275001)_(Arabidopsis_thaliana)_(DBD_0.60)

letter-probability matrix: alength= 4 w= 10 nsites= 1 E= 0
  0.363763	  0.193737	  0.193737	  0.248763	
  0.435854	  0.149502	  0.175442	  0.239202	
  0.435354	  0.080331	  0.180578	  0.303737	
  0.104843	  0.081652	  0.061711	  0.751794	
  0.060645	  0.051679	  0.046295	  0.841381	
  0.003122	  0.533049	  0.072865	  0.390963	
  0.758381	  0.000142	  0.200574	  0.040902	
  0.899183	  0.023138	  0.031547	  0.046131	
  0.830968	  0.038574	  0.063599	  0.066859	
  0.293712	  0.255341	  0.066195	  0.384752	

URL http://cisbp.ccbr.utoronto.ca/TFreport.php?versionNumber=2.00&searchTF=T345438_2.00

MOTIF M01319_2.00 (GSPATT00001849001)_(Arabidopsis_thaliana)_(DBD_0.47)

letter-probability matrix: alength= 4 w= 8 nsites= 1 E= 0
  0.158993	  0.167145	  0.151239	  0.522623	
  0.178907	  0.147949	  0.124819	  0.548325	
  0.096781	  0.412588	  0.090238	  0.400394	
  0.640051	  0.041744	  0.317840	  0.000365	
  0.843350	  0.025981	  0.034377	  0.096292	
  0.746360	  0.041067	  0.080255	  0.132318	
  0.306449	  0.236288	  0.043600	  0.413663	
  0.253512	  0.201424	  0.199420	  0.345645	

URL http://cisbp.ccbr.utoronto.ca/TFreport.php?versionNumber=2.00&searchTF=T345439_2.00

MOTIF M01320_2.00 (GSPATT00001914001)_(Nematostella_vectensis)_(DBD_0.54)

letter-probability matrix: alength= 4 w= 9 nsites= 1 E= 0
  0.290250	  0.249821	  0.257429	  0.202501	
  0.316363	  0.209954	  0.261619	  0.212064	
  0.184777	  0.163883	  0.214681	  0.436659	
  0.199513	  0.131089	  0.211850	  0.457547	
  0.078215	  0.487582	  0.126401	  0.307802	
  0.531314	  0.037915	  0.366997	  0.063774	
  0.614935	  0.062272	  0.118098	  0.204694	
  0.633081	  0.077525	  0.157685	  0.131709	
  0.256334	  0.291921	  0.153928	  0.297818	

URL http://cisbp.ccbr.utoronto.ca/TFreport.php?versionNumber=2.00&searchTF=T345440_2.00

MOTIF M01321_2.00 (GSPATT00005232001)_(Ciona_intestinalis)_(DBD_0.46)

letter-probability matrix: alength= 4 w= 9 nsites= 1 E= 0
  0.376035	  0.194354	  0.212657	  0.216953	
  0.454381	  0.107656	  0.216792	  0.221171	
  0.137399	  0.086737	  0.067551	  0.708313	
  0.109833	  0.055643	  0.046944	  0.787579	
  0.012137	  0.537147	  0.052787	  0.397928	
  0.713480	  0.021119	  0.242294	  0.023107	
  0.855693	  0.015362	  0.033179	  0.095766	
  0.786029	  0.054981	  0.101189	  0.057800	
  0.279467	  0.282276	  0.129397	  0.308859	

URL http://cisbp.ccbr.utoronto.ca/TFreport.php?versionNumber=2.00&searchTF=T345446_2.00

MOTIF M01322_2.00 (GSPATT00029792001)_(Cannabis_sativa)_(DBD_0.49)

letter-probability matrix: alength= 4 w= 9 nsites= 1 E= 0
  0.340772	  0.134453	  0.240138	  0.284637	
  0.414312	  0.058946	  0.170140	  0.356602	
  0.057448	  0.057448	  0.030292	  0.854812	
  0.061767	  0.035994	  0.045303	  0.856936	
  0.024980	  0.606720	  0.000307	  0.367994	
  0.814779	  0.017689	  0.085023	  0.082510	
  0.895954	  0.014701	  0.032069	  0.057276	
  0.883237	  0.025371	  0.051604	  0.039789	
  0.303643	  0.246128	  0.075630	  0.374598	

URL http://cisbp.ccbr.utoronto.ca/TFreport.php?versionNumber=2.00&searchTF=T345488_2.00

MOTIF M01665_2.00 GSPATT00004674001

letter-probability matrix: alength= 4 w= 8 nsites= 1 E= 0
  0.277507	  0.238853	  0.176947	  0.306693	
  0.345645	  0.199420	  0.253512	  0.201424	
  0.787788	  0.002827	  0.110967	  0.098419	
  0.173718	  0.014991	  0.063271	  0.748021	
  0.125278	  0.208624	  0.104641	  0.561457	
  0.543908	  0.151227	  0.123814	  0.181051	
  0.488924	  0.187205	  0.178075	  0.145796	
  0.378251	  0.127174	  0.271934	  0.222641	

URL http://cisbp.ccbr.utoronto.ca/TFreport.php?versionNumber=2.00&searchTF=T015032_2.00

MOTIF M01824_2.00 GSPATT00028385001

letter-probability matrix: alength= 4 w= 8 nsites= 1 E= 0
  0.114587	  0.144219	  0.088352	  0.652841	
  0.194335	  0.079011	  0.507543	  0.219112	
  0.586297	  0.100869	  0.113730	  0.199104	
  0.134016	  0.560012	  0.038782	  0.267190	
  0.204265	  0.098437	  0.572160	  0.125138	
  0.196882	  0.209057	  0.048068	  0.545993	
  0.393358	  0.229228	  0.215879	  0.161535	
  0.295263	  0.192071	  0.234597	  0.278069	

URL http://cisbp.ccbr.utoronto.ca/TFreport.php?versionNumber=2.00&searchTF=T063407_2.00

MOTIF M01965_2.00 GSPATT00020286001

letter-probability matrix: alength= 4 w= 9 nsites= 1 E= 0
  0.293583	  0.156360	  0.208963	  0.341094	
  0.174137	  0.132933	  0.273102	  0.419828	
  0.122080	  0.240971	  0.552624	  0.084325	
  0.019346	  0.115870	  0.864773	  0.000012	
  0.000133	  0.985790	  0.000015	  0.014062	
  0.000867	  0.000013	  0.999041	  0.000079	
  0.012336	  0.647113	  0.331134	  0.009417	
  0.016731	  0.280692	  0.532328	  0.170249	
  0.129939	  0.363967	  0.239143	  0.266951	

URL http://cisbp.ccbr.utoronto.ca/TFreport.php?versionNumber=2.00&searchTF=T173184_2.00

MOTIF M02324_2.00 GSPATT00011874001

letter-probability matrix: alength= 4 w= 10 nsites= 1 E= 0
  0.206751	  0.206751	  0.206751	  0.379747	
  0.453395	  0.107591	  0.245974	  0.193041	
  0.085802	  0.000161	  0.913876	  0.000161	
  0.085940	  0.000161	  0.913738	  0.000161	
  0.913738	  0.000161	  0.000161	  0.085940	
  0.999516	  0.000161	  0.000161	  0.000161	
  0.000161	  0.999516	  0.000161	  0.000161	
  0.000161	  0.176573	  0.000161	  0.823104	
  0.340610	  0.043410	  0.572569	  0.043410	
  0.354321	  0.258268	  0.142571	  0.244841	

URL http://cisbp.ccbr.utoronto.ca/TFreport.php?versionNumber=2.00&searchTF=T272805_2.00

MOTIF M02325_2.00 GSPATT00018082001

letter-probability matrix: alength= 4 w= 10 nsites= 1 E= 0
  0.284109	  0.204253	  0.259656	  0.251982	
  0.235657	  0.273794	  0.245274	  0.245274	
  0.184473	  0.295156	  0.210083	  0.310289	
  0.301222	  0.109711	  0.511756	  0.077312	
  0.211570	  0.040632	  0.155176	  0.592622	
  0.979973	  0.000949	  0.000949	  0.018129	
  0.037430	  0.023394	  0.002369	  0.936807	
  0.015744	  0.885780	  0.048253	  0.050223	
  0.187731	  0.203367	  0.044926	  0.563976	
  0.205831	  0.111839	  0.139359	  0.542971	

URL http://cisbp.ccbr.utoronto.ca/TFreport.php?versionNumber=2.00&searchTF=T272866_2.00

MOTIF M02335_2.00 (GSPATT00026886001)_(Tetrahymena_thermophila)_(DBD_0.78)

letter-probability matrix: alength= 4 w= 9 nsites= 1 E= 0
  0.198765	  0.279254	  0.321219	  0.200762	
  0.170040	  0.426680	  0.195593	  0.207687	
  0.288896	  0.053307	  0.636553	  0.021244	
  0.220815	  0.058401	  0.289260	  0.431525	
  0.965747	  0.002000	  0.026653	  0.005601	
  0.001641	  0.088681	  0.033955	  0.875723	
  0.000052	  0.999462	  0.000051	  0.000435	
  0.094176	  0.480665	  0.069073	  0.356085	
  0.261953	  0.162092	  0.218802	  0.357153	

URL http://cisbp.ccbr.utoronto.ca/TFreport.php?versionNumber=2.00&searchTF=T272951_2.00

MOTIF M02530_2.00 GSPATT00010696001

letter-probability matrix: alength= 4 w= 8 nsites= 1 E= 0
  0.209734	  0.222703	  0.218294	  0.349269	
  0.170043	  0.218340	  0.209778	  0.401839	
  0.118837	  0.418950	  0.132655	  0.329558	
  0.653952	  0.029460	  0.279509	  0.037078	
  0.809150	  0.031062	  0.060702	  0.099086	
  0.707012	  0.055205	  0.089215	  0.148569	
  0.266361	  0.231563	  0.084340	  0.417737	
  0.255167	  0.240308	  0.211013	  0.293512	

URL http://cisbp.ccbr.utoronto.ca/TFreport.php?versionNumber=2.00&searchTF=T345453_2.00

MOTIF M02698_2.00 (GSPATT00020891001)_(Arabidopsis_thaliana)_(DBD_0.86)

letter-probability matrix: alength= 4 w= 11 nsites= 1 E= 0
  0.140000	  0.450000	  0.230000	  0.180000	
  0.160000	  0.270000	  0.550000	  0.020000	
  0.000000	  0.919192	  0.040404	  0.040404	
  0.000000	  0.050000	  0.930000	  0.020000	
  0.040404	  0.939394	  0.000000	  0.020202	
  0.040404	  0.020202	  0.020202	  0.919192	
  0.080808	  0.000000	  0.858586	  0.060606	
  0.960000	  0.000000	  0.020000	  0.020000	
  0.040000	  0.040000	  0.920000	  0.000000	
  0.020000	  0.550000	  0.260000	  0.170000	
  0.151515	  0.323232	  0.242424	  0.282828	

URL http://cisbp.ccbr.utoronto.ca/TFreport.php?versionNumber=2.00&searchTF=T272887_2.00

MOTIF M04705_2.00 (GSPATT00001226001)_(Homo_sapiens)_(DBD_0.56)

letter-probability matrix: alength= 4 w= 14 nsites= 1 E= 0
  0.330365	  0.000000	  0.000000	  0.669635	
  0.053965	  0.000000	  0.000000	  0.946035	
  0.000000	  0.000000	  0.000000	  1.000000	
  0.000000	  0.000000	  0.000000	  1.000000	
  0.000000	  0.000000	  0.999080	  0.000920	
  0.000000	  0.000000	  0.999579	  0.000421	
  0.000543	  0.996399	  0.003057	  0.000000	
  0.000000	  0.000924	  0.998369	  0.000707	
  0.000014	  0.000000	  0.999007	  0.000979	
  0.000000	  0.000000	  1.000000	  0.000000	
  1.000000	  0.000000	  0.000000	  0.000000	
  1.000000	  0.000000	  0.000000	  0.000000	
  0.952164	  0.022052	  0.000000	  0.025783	
  0.334262	  0.148280	  0.181890	  0.335568	

URL http://cisbp.ccbr.utoronto.ca/TFreport.php?versionNumber=2.00&searchTF=T173174_2.00

MOTIF M06937_2.00 (GSPATT00023954001)_(Arabidopsis_thaliana)_(DBD_0.46)

letter-probability matrix: alength= 4 w= 15 nsites= 1 E= 0
  0.440000	  0.110000	  0.330000	  0.120000	
  0.220000	  0.080000	  0.610000	  0.090000	
  0.740000	  0.030000	  0.120000	  0.110000	
  0.810000	  0.060000	  0.040000	  0.090000	
  0.190000	  0.180000	  0.490000	  0.140000	
  0.310000	  0.530000	  0.000000	  0.160000	
  0.170000	  0.090000	  0.090000	  0.650000	
  0.010000	  0.040000	  0.060000	  0.890000	
  0.000000	  0.930000	  0.000000	  0.070000	
  0.000000	  0.080000	  0.050000	  0.870000	
  0.930000	  0.020000	  0.050000	  0.000000	
  0.000000	  0.020000	  0.980000	  0.000000	
  0.880000	  0.020000	  0.090000	  0.010000	
  0.850000	  0.080000	  0.060000	  0.010000	
  0.220000	  0.240000	  0.420000	  0.120000	

URL http://cisbp.ccbr.utoronto.ca/TFreport.php?versionNumber=2.00&searchTF=T240850_2.00

MOTIF M06947_2.00 (GSPATT00026018001)_(Arabidopsis_thaliana)_(DBD_0.46)

letter-probability matrix: alength= 4 w= 19 nsites= 1 E= 0
  0.227045	  0.200334	  0.140234	  0.432387	
  0.237062	  0.315526	  0.198664	  0.248748	
  0.285476	  0.203673	  0.171953	  0.338898	
  0.540902	  0.093489	  0.235392	  0.130217	
  0.153589	  0.071786	  0.689483	  0.085142	
  0.796328	  0.075125	  0.078464	  0.050083	
  0.804674	  0.028381	  0.045075	  0.121870	
  0.121870	  0.188648	  0.482471	  0.207012	
  0.106845	  0.575960	  0.185309	  0.131886	
  0.096828	  0.018364	  0.016694	  0.868114	
  0.008347	  0.005008	  0.000000	  0.986645	
  0.003339	  0.988314	  0.000000	  0.008347	
  0.005008	  0.073456	  0.028381	  0.893155	
  0.896494	  0.006678	  0.090150	  0.006678	
  0.010017	  0.008347	  0.969950	  0.011686	
  0.984975	  0.000000	  0.008347	  0.006678	
  0.853089	  0.035058	  0.028381	  0.083472	
  0.195326	  0.135225	  0.542571	  0.126878	
  0.330551	  0.375626	  0.160267	  0.133556	

URL http://cisbp.ccbr.utoronto.ca/TFreport.php?versionNumber=2.00&searchTF=T240852_2.00

MOTIF M08108_2.00 (GSPATT00007324001)_(Homo_sapiens)_(DBD_0.45)

letter-probability matrix: alength= 4 w= 11 nsites= 1 E= 0
  0.204783	  0.244644	  0.387145	  0.163428	
  0.131041	  0.340807	  0.468361	  0.059791	
  0.023916	  0.035376	  0.927753	  0.012955	
  0.013951	  0.939711	  0.010962	  0.035376	
  0.006976	  0.026906	  0.962631	  0.003488	
  0.017937	  0.039860	  0.929248	  0.012955	
  0.013453	  0.015944	  0.956153	  0.014449	
  0.924265	  0.011958	  0.048829	  0.014948	
  0.819631	  0.084704	  0.068261	  0.027404	
  0.231689	  0.322372	  0.322870	  0.123069	
  0.189836	  0.300947	  0.322870	  0.186348	

URL http://cisbp.ccbr.utoronto.ca/TFreport.php?versionNumber=2.00&searchTF=T173178_2.00

