MEME version 4

ALPHABET= ACGT

strands: + -

Background letter frequencies (from uniform background):
A 0.25000 C 0.25000 G 0.25000 T 0.25000 

MOTIF M00536_2.00 Dobox5_CONSTRUCT

letter-probability matrix: alength= 4 w= 9 nsites= 1 E= 0
  0.212647	  0.273045	  0.170654	  0.343654	
  0.185437	  0.042212	  0.035259	  0.737092	
  0.762593	  0.028410	  0.111802	  0.097196	
  0.934207	  0.021321	  0.026303	  0.018169	
  0.053696	  0.031923	  0.233536	  0.680845	
  0.117060	  0.680405	  0.073163	  0.129372	
  0.080827	  0.579586	  0.096768	  0.242819	
  0.201334	  0.335280	  0.224745	  0.238642	
  0.229466	  0.280271	  0.218275	  0.271988	

URL http://cisbp.ccbr.utoronto.ca/TFreport.php?versionNumber=2.00&searchTF=T226923_2.00

MOTIF M00537_2.00 Hmx3_CONSTRUCT

letter-probability matrix: alength= 4 w= 9 nsites= 1 E= 0
  0.229533	  0.205624	  0.178761	  0.386082	
  0.232227	  0.177278	  0.108605	  0.481890	
  0.566605	  0.046047	  0.204315	  0.183032	
  0.810061	  0.045473	  0.063251	  0.081216	
  0.166118	  0.100756	  0.263143	  0.469984	
  0.104664	  0.320779	  0.050945	  0.523612	
  0.189773	  0.077156	  0.599340	  0.133731	
  0.214583	  0.286774	  0.251815	  0.246829	
  0.193770	  0.289071	  0.197685	  0.319473	

URL http://cisbp.ccbr.utoronto.ca/TFreport.php?versionNumber=2.00&searchTF=T226925_2.00

MOTIF M00538_2.00 Hoxd12_CONSTRUCT

letter-probability matrix: alength= 4 w= 10 nsites= 1 E= 0
  0.265831	  0.178192	  0.211212	  0.344765	
  0.193737	  0.108473	  0.127295	  0.570495	
  0.162686	  0.077620	  0.086645	  0.673050	
  0.297385	  0.085202	  0.127107	  0.490305	
  0.677597	  0.073593	  0.112006	  0.136804	
  0.076497	  0.375124	  0.121177	  0.427202	
  0.139819	  0.152986	  0.380067	  0.327127	
  0.471111	  0.108320	  0.280085	  0.140484	
  0.122190	  0.367080	  0.238789	  0.271940	
  0.231072	  0.293750	  0.219803	  0.255374	

URL http://cisbp.ccbr.utoronto.ca/TFreport.php?versionNumber=2.00&searchTF=T226926_2.00

MOTIF M00539_2.00 Lhx6_CONSTRUCT

letter-probability matrix: alength= 4 w= 9 nsites= 1 E= 0
  0.246774	  0.267327	  0.283858	  0.202041	
  0.198827	  0.321320	  0.171132	  0.308721	
  0.104224	  0.049232	  0.044995	  0.801549	
  0.406515	  0.072069	  0.486686	  0.034731	
  0.945640	  0.000365	  0.032197	  0.021799	
  0.021297	  0.030832	  0.060252	  0.887619	
  0.070618	  0.063898	  0.154051	  0.711434	
  0.432590	  0.052973	  0.395357	  0.119079	
  0.212670	  0.301794	  0.298791	  0.186745	

URL http://cisbp.ccbr.utoronto.ca/TFreport.php?versionNumber=2.00&searchTF=T226929_2.00

MOTIF M00649_2.00 C55C2.1_CONSTRUCT

letter-probability matrix: alength= 4 w= 9 nsites= 1 E= 0
  0.267836	  0.287257	  0.157650	  0.287257	
  0.202870	  0.396456	  0.106972	  0.293702	
  0.119236	  0.459946	  0.036639	  0.384179	
  0.458684	  0.016749	  0.360813	  0.163753	
  0.223303	  0.371865	  0.123783	  0.281049	
  0.240921	  0.309349	  0.124520	  0.325210	
  0.265437	  0.279046	  0.156238	  0.299279	
  0.238733	  0.303488	  0.163260	  0.294519	
  0.285522	  0.359358	  0.159863	  0.195257	

URL http://cisbp.ccbr.utoronto.ca/TFreport.php?versionNumber=2.00&searchTF=T137733_2.00

MOTIF M00939_2.00 ZFA107_CONSTRUCT

letter-probability matrix: alength= 4 w= 8 nsites= 1 E= 0
  0.073171	  0.756098	  0.170732	  0.000000	
  0.362069	  0.396552	  0.000000	  0.241379	
  0.863636	  0.000000	  0.121212	  0.015152	
  0.000000	  1.000000	  0.000000	  0.000000	
  0.075758	  0.924242	  0.000000	  0.000000	
  0.000000	  0.000000	  0.015152	  0.984848	
  0.000000	  1.000000	  0.000000	  0.000000	
  0.452381	  0.309524	  0.119048	  0.119048	

URL http://cisbp.ccbr.utoronto.ca/TFreport.php?versionNumber=2.00&searchTF=T137736_2.00

MOTIF M00940_2.00 ZFA10_CONSTRUCT

letter-probability matrix: alength= 4 w= 8 nsites= 1 E= 0
  0.000000	  1.000000	  0.000000	  0.000000	
  0.000000	  0.000000	  0.925926	  0.074074	
  0.000000	  0.933333	  0.000000	  0.066667	
  0.000000	  0.000000	  0.000000	  1.000000	
  0.000000	  1.000000	  0.000000	  0.000000	
  0.000000	  1.000000	  0.000000	  0.000000	
  0.115385	  0.230769	  0.384615	  0.269231	
  0.000000	  0.944444	  0.000000	  0.055556	

URL http://cisbp.ccbr.utoronto.ca/TFreport.php?versionNumber=2.00&searchTF=T137737_2.00

MOTIF M00941_2.00 ZFA145_CONSTRUCT

letter-probability matrix: alength= 4 w= 8 nsites= 1 E= 0
  0.000000	  0.868852	  0.098361	  0.032787	
  0.024390	  0.804878	  0.000000	  0.170732	
  0.424242	  0.161616	  0.171717	  0.242424	
  0.074766	  0.046729	  0.000000	  0.878505	
  0.000000	  0.053571	  0.000000	  0.946429	
  0.000000	  0.990991	  0.000000	  0.009009	
  0.000000	  0.945946	  0.054054	  0.000000	
  0.464286	  0.130952	  0.357143	  0.047619	

URL http://cisbp.ccbr.utoronto.ca/TFreport.php?versionNumber=2.00&searchTF=T137738_2.00

MOTIF M00942_2.00 ZFA152_CONSTRUCT

letter-probability matrix: alength= 4 w= 8 nsites= 1 E= 0
  0.127907	  0.418605	  0.337209	  0.116279	
  0.157480	  0.606299	  0.000000	  0.236220	
  0.911392	  0.000000	  0.088608	  0.000000	
  0.000000	  1.000000	  0.000000	  0.000000	
  0.018634	  0.981366	  0.000000	  0.000000	
  0.377358	  0.012579	  0.610063	  0.000000	
  0.000000	  1.000000	  0.000000	  0.000000	
  0.771930	  0.105263	  0.061404	  0.061404	

URL http://cisbp.ccbr.utoronto.ca/TFreport.php?versionNumber=2.00&searchTF=T137739_2.00

MOTIF M00943_2.00 ZFA15_CONSTRUCT

letter-probability matrix: alength= 4 w= 8 nsites= 1 E= 0
  0.148649	  0.635135	  0.054054	  0.162162	
  0.076190	  0.857143	  0.057143	  0.009524	
  0.008264	  0.975207	  0.008264	  0.008264	
  0.008264	  0.024793	  0.950413	  0.016529	
  0.000000	  1.000000	  0.000000	  0.000000	
  0.165289	  0.057851	  0.049587	  0.727273	
  0.000000	  0.000000	  0.905660	  0.094340	
  0.036585	  0.743902	  0.109756	  0.109756	

URL http://cisbp.ccbr.utoronto.ca/TFreport.php?versionNumber=2.00&searchTF=T137740_2.00

MOTIF M00944_2.00 ZFA160_CONSTRUCT

letter-probability matrix: alength= 4 w= 9 nsites= 1 E= 0
  0.095238	  0.190476	  0.142857	  0.571429	
  0.000000	  0.594595	  0.000000	  0.405405	
  0.000000	  0.000000	  1.000000	  0.000000	
  0.000000	  1.000000	  0.000000	  0.000000	
  0.000000	  0.000000	  0.000000	  1.000000	
  0.976190	  0.000000	  0.023810	  0.000000	
  0.000000	  0.125000	  0.100000	  0.775000	
  0.657143	  0.028571	  0.314286	  0.000000	
  0.476190	  0.000000	  0.333333	  0.190476	

URL http://cisbp.ccbr.utoronto.ca/TFreport.php?versionNumber=2.00&searchTF=T137741_2.00

MOTIF M00945_2.00 ZFA169_CONSTRUCT

letter-probability matrix: alength= 4 w= 8 nsites= 1 E= 0
  0.168224	  0.542056	  0.018692	  0.271028	
  0.857143	  0.007143	  0.121429	  0.014286	
  0.006623	  0.986755	  0.000000	  0.006623	
  0.019868	  0.973510	  0.000000	  0.006623	
  0.350993	  0.039735	  0.596026	  0.013245	
  0.000000	  1.000000	  0.000000	  0.000000	
  0.688000	  0.160000	  0.032000	  0.120000	
  0.122222	  0.677778	  0.122222	  0.077778	

URL http://cisbp.ccbr.utoronto.ca/TFreport.php?versionNumber=2.00&searchTF=T137742_2.00

MOTIF M00946_2.00 ZFA17_CONSTRUCT

letter-probability matrix: alength= 4 w= 8 nsites= 1 E= 0
  0.250000	  0.000000	  0.000000	  0.750000	
  0.000000	  0.916667	  0.000000	  0.083333	
  0.000000	  1.000000	  0.000000	  0.000000	
  0.000000	  1.000000	  0.000000	  0.000000	
  0.000000	  0.000000	  1.000000	  0.000000	
  0.000000	  1.000000	  0.000000	  0.000000	
  0.333333	  0.000000	  0.000000	  0.666667	
  0.000000	  0.888889	  0.000000	  0.111111	

URL http://cisbp.ccbr.utoronto.ca/TFreport.php?versionNumber=2.00&searchTF=T137743_2.00

MOTIF M00947_2.00 ZFA188_CONSTRUCT

letter-probability matrix: alength= 4 w= 8 nsites= 1 E= 0
  0.285714	  0.000000	  0.666667	  0.047619	
  0.171875	  0.703125	  0.125000	  0.000000	
  0.000000	  0.000000	  0.295775	  0.704225	
  0.000000	  0.014085	  0.042254	  0.943662	
  0.802817	  0.056338	  0.112676	  0.028169	
  0.549296	  0.323944	  0.126761	  0.000000	
  0.000000	  0.267606	  0.000000	  0.732394	
  0.000000	  0.969231	  0.000000	  0.030769	

URL http://cisbp.ccbr.utoronto.ca/TFreport.php?versionNumber=2.00&searchTF=T137744_2.00

MOTIF M00948_2.00 ZFA1_CONSTRUCT

letter-probability matrix: alength= 4 w= 8 nsites= 1 E= 0
  0.000000	  0.000000	  1.000000	  0.000000	
  0.000000	  0.600000	  0.200000	  0.200000	
  0.800000	  0.000000	  0.000000	  0.200000	
  0.200000	  0.200000	  0.600000	  0.000000	
  0.000000	  1.000000	  0.000000	  0.000000	
  1.000000	  0.000000	  0.000000	  0.000000	
  0.000000	  0.800000	  0.000000	  0.200000	
  0.000000	  0.800000	  0.000000	  0.200000	

URL http://cisbp.ccbr.utoronto.ca/TFreport.php?versionNumber=2.00&searchTF=T137745_2.00

MOTIF M00949_2.00 ZFA24_CONSTRUCT

letter-probability matrix: alength= 4 w= 8 nsites= 1 E= 0
  0.126582	  0.177215	  0.113924	  0.582278	
  0.091837	  0.857143	  0.020408	  0.030612	
  0.000000	  0.145455	  0.000000	  0.854545	
  0.000000	  0.136364	  0.000000	  0.863636	
  0.000000	  0.954545	  0.000000	  0.045455	
  0.046729	  0.056075	  0.028037	  0.869159	
  0.010417	  0.854167	  0.010417	  0.125000	
  0.042254	  0.774648	  0.028169	  0.154930	

URL http://cisbp.ccbr.utoronto.ca/TFreport.php?versionNumber=2.00&searchTF=T137746_2.00

MOTIF M00950_2.00 ZFA2_CONSTRUCT

letter-probability matrix: alength= 4 w= 8 nsites= 1 E= 0
  0.400000	  0.000000	  0.600000	  0.000000	
  0.000000	  0.933333	  0.033333	  0.033333	
  1.000000	  0.000000	  0.000000	  0.000000	
  0.366667	  0.000000	  0.633333	  0.000000	
  0.000000	  0.966667	  0.033333	  0.000000	
  0.033333	  0.966667	  0.000000	  0.000000	
  0.000000	  1.000000	  0.000000	  0.000000	
  0.411765	  0.235294	  0.000000	  0.352941	

URL http://cisbp.ccbr.utoronto.ca/TFreport.php?versionNumber=2.00&searchTF=T137747_2.00

MOTIF M00951_2.00 ZFA3_CONSTRUCT

letter-probability matrix: alength= 4 w= 8 nsites= 1 E= 0
  0.000000	  0.000000	  1.000000	  0.000000	
  0.000000	  1.000000	  0.000000	  0.000000	
  0.000000	  0.000000	  0.000000	  1.000000	
  0.000000	  0.000000	  1.000000	  0.000000	
  0.000000	  1.000000	  0.000000	  0.000000	
  1.000000	  0.000000	  0.000000	  0.000000	
  0.000000	  0.500000	  0.000000	  0.500000	
  0.000000	  0.000000	  1.000000	  0.000000	

URL http://cisbp.ccbr.utoronto.ca/TFreport.php?versionNumber=2.00&searchTF=T137748_2.00

MOTIF M00952_2.00 ZFA41_CONSTRUCT

letter-probability matrix: alength= 4 w= 8 nsites= 1 E= 0
  0.136986	  0.095890	  0.493151	  0.273973	
  0.000000	  0.000000	  1.000000	  0.000000	
  0.982609	  0.008696	  0.008696	  0.000000	
  0.043478	  0.008696	  0.026087	  0.921739	
  0.008696	  0.017391	  0.973913	  0.000000	
  0.017391	  0.539130	  0.000000	  0.443478	
  0.216495	  0.041237	  0.164948	  0.577320	
  0.070423	  0.830986	  0.042254	  0.056338	

URL http://cisbp.ccbr.utoronto.ca/TFreport.php?versionNumber=2.00&searchTF=T137749_2.00

MOTIF M00953_2.00 ZFA45_CONSTRUCT

letter-probability matrix: alength= 4 w= 8 nsites= 1 E= 0
  0.437500	  0.162500	  0.037500	  0.362500	
  0.062500	  0.000000	  0.357143	  0.580357	
  0.014493	  0.978261	  0.000000	  0.007246	
  0.000000	  0.007246	  0.007246	  0.985507	
  0.949275	  0.036232	  0.014493	  0.000000	
  0.000000	  0.298507	  0.126866	  0.574627	
  0.873950	  0.050420	  0.042017	  0.033613	
  0.010417	  0.041667	  0.031250	  0.916667	

URL http://cisbp.ccbr.utoronto.ca/TFreport.php?versionNumber=2.00&searchTF=T137750_2.00

MOTIF M00954_2.00 ZFA4_CONSTRUCT

letter-probability matrix: alength= 4 w= 8 nsites= 1 E= 0
  0.000000	  0.500000	  0.500000	  0.000000	
  0.333333	  0.000000	  0.000000	  0.666667	
  0.666667	  0.000000	  0.000000	  0.333333	
  0.000000	  1.000000	  0.000000	  0.000000	
  0.000000	  1.000000	  0.000000	  0.000000	
  0.000000	  1.000000	  0.000000	  0.000000	
  0.000000	  0.000000	  0.000000	  1.000000	
  1.000000	  0.000000	  0.000000	  0.000000	

URL http://cisbp.ccbr.utoronto.ca/TFreport.php?versionNumber=2.00&searchTF=T137751_2.00

MOTIF M00955_2.00 ZFA57_CONSTRUCT

letter-probability matrix: alength= 4 w= 9 nsites= 1 E= 0
  1.000000	  0.000000	  0.000000	  0.000000	
  0.000000	  1.000000	  0.000000	  0.000000	
  0.000000	  0.000000	  1.000000	  0.000000	
  0.000000	  0.000000	  0.000000	  1.000000	
  0.000000	  1.000000	  0.000000	  0.000000	
  0.000000	  1.000000	  0.000000	  0.000000	
  0.000000	  0.000000	  0.000000	  1.000000	
  0.000000	  1.000000	  0.000000	  0.000000	
  0.000000	  0.000000	  0.000000	  1.000000	

URL http://cisbp.ccbr.utoronto.ca/TFreport.php?versionNumber=2.00&searchTF=T137752_2.00

MOTIF M00956_2.00 ZFA5_CONSTRUCT

letter-probability matrix: alength= 4 w= 8 nsites= 1 E= 0
  0.400000	  0.000000	  0.000000	  0.600000	
  0.000000	  0.928571	  0.000000	  0.071429	
  0.000000	  1.000000	  0.000000	  0.000000	
  0.000000	  1.000000	  0.000000	  0.000000	
  0.000000	  0.000000	  1.000000	  0.000000	
  0.000000	  1.000000	  0.000000	  0.000000	
  0.333333	  0.000000	  0.066667	  0.600000	
  0.000000	  0.818182	  0.000000	  0.181818	

URL http://cisbp.ccbr.utoronto.ca/TFreport.php?versionNumber=2.00&searchTF=T137753_2.00

MOTIF M00957_2.00 ZFA61_CONSTRUCT

letter-probability matrix: alength= 4 w= 8 nsites= 1 E= 0
  1.000000	  0.000000	  0.000000	  0.000000	
  0.000000	  0.000000	  0.000000	  1.000000	
  0.000000	  0.000000	  1.000000	  0.000000	
  1.000000	  0.000000	  0.000000	  0.000000	
  0.000000	  0.000000	  0.000000	  1.000000	
  0.000000	  1.000000	  0.000000	  0.000000	
  1.000000	  0.000000	  0.000000	  0.000000	
  0.000000	  0.000000	  0.000000	  1.000000	

URL http://cisbp.ccbr.utoronto.ca/TFreport.php?versionNumber=2.00&searchTF=T137754_2.00

MOTIF M00958_2.00 ZFA75_CONSTRUCT

letter-probability matrix: alength= 4 w= 9 nsites= 1 E= 0
  0.150000	  0.525000	  0.075000	  0.250000	
  0.000000	  0.193548	  0.790323	  0.016129	
  0.000000	  0.000000	  1.000000	  0.000000	
  0.000000	  0.787500	  0.075000	  0.137500	
  1.000000	  0.000000	  0.000000	  0.000000	
  0.000000	  0.000000	  0.000000	  1.000000	
  0.000000	  1.000000	  0.000000	  0.000000	
  0.262295	  0.459016	  0.098361	  0.180328	
  0.150000	  0.350000	  0.150000	  0.350000	

URL http://cisbp.ccbr.utoronto.ca/TFreport.php?versionNumber=2.00&searchTF=T137755_2.00

MOTIF M00959_2.00 ZFA7_CONSTRUCT

letter-probability matrix: alength= 4 w= 8 nsites= 1 E= 0
  0.148148	  0.240741	  0.444444	  0.166667	
  0.039474	  0.736842	  0.131579	  0.092105	
  0.000000	  0.990196	  0.009804	  0.000000	
  0.000000	  0.990291	  0.000000	  0.009709	
  0.000000	  0.058252	  0.000000	  0.941748	
  0.000000	  0.970874	  0.000000	  0.029126	
  0.000000	  0.980000	  0.000000	  0.020000	
  0.217949	  0.461538	  0.141026	  0.179487	

URL http://cisbp.ccbr.utoronto.ca/TFreport.php?versionNumber=2.00&searchTF=T137756_2.00

MOTIF M00960_2.00 ZFA8_CONSTRUCT

letter-probability matrix: alength= 4 w= 8 nsites= 1 E= 0
  0.117647	  0.308824	  0.014706	  0.558824	
  0.252427	  0.019417	  0.708738	  0.019417	
  0.000000	  0.975610	  0.008130	  0.016260	
  0.951220	  0.040650	  0.000000	  0.008130	
  0.000000	  0.016260	  0.056911	  0.926829	
  0.016260	  0.983740	  0.000000	  0.000000	
  0.351852	  0.388889	  0.092593	  0.166667	
  0.011364	  0.715909	  0.011364	  0.261364	

URL http://cisbp.ccbr.utoronto.ca/TFreport.php?versionNumber=2.00&searchTF=T137757_2.00

MOTIF M00961_2.00 ZFA93_CONSTRUCT

letter-probability matrix: alength= 4 w= 8 nsites= 1 E= 0
  0.578947	  0.052632	  0.210526	  0.157895	
  0.000000	  1.000000	  0.000000	  0.000000	
  0.000000	  1.000000	  0.000000	  0.000000	
  0.000000	  0.000000	  1.000000	  0.000000	
  0.000000	  1.000000	  0.000000	  0.000000	
  0.269231	  0.038462	  0.000000	  0.692308	
  0.000000	  0.000000	  0.000000	  1.000000	
  0.000000	  0.882353	  0.058824	  0.058824	

URL http://cisbp.ccbr.utoronto.ca/TFreport.php?versionNumber=2.00&searchTF=T137758_2.00

MOTIF M01102_2.00 estExt_fgenesh2_pg.C_10694_CONSTRUCT

letter-probability matrix: alength= 4 w= 8 nsites= 1 E= 0
  0.520400	  0.150739	  0.150739	  0.178122	
  0.168349	  0.386085	  0.237629	  0.207937	
  0.828862	  0.000085	  0.162423	  0.008630	
  0.000085	  0.999744	  0.000085	  0.000085	
  0.000085	  0.000085	  0.982656	  0.017174	
  0.008630	  0.957023	  0.000085	  0.034262	
  0.008630	  0.017174	  0.965567	  0.008630	
  0.562344	  0.150050	  0.000125	  0.287481	

URL http://cisbp.ccbr.utoronto.ca/TFreport.php?versionNumber=2.00&searchTF=T013892_2.00

MOTIF M01130_2.00 ENSTNIG00000009360_CONSTRUCT

letter-probability matrix: alength= 4 w= 9 nsites= 1 E= 0
  0.323802	  0.225909	  0.126486	  0.323802	
  0.268512	  0.030966	  0.653861	  0.046660	
  0.122700	  0.104558	  0.699062	  0.073681	
  0.572906	  0.105712	  0.006964	  0.314418	
  0.974058	  0.004227	  0.007253	  0.014461	
  0.007365	  0.069180	  0.001306	  0.922150	
  0.018836	  0.124685	  0.510703	  0.345775	
  0.078616	  0.393300	  0.071135	  0.456950	
  0.253475	  0.241113	  0.291565	  0.213848	

URL http://cisbp.ccbr.utoronto.ca/TFreport.php?versionNumber=2.00&searchTF=T055766_2.00

MOTIF M01131_2.00 ENSXETG00000008236_CONSTRUCT

letter-probability matrix: alength= 4 w= 8 nsites= 1 E= 0
  0.495098	  0.004902	  0.004902	  0.495098	
  0.661184	  0.003289	  0.003289	  0.332237	
  0.990132	  0.003289	  0.003289	  0.003289	
  0.003289	  0.003289	  0.990132	  0.003289	
  0.003289	  0.990132	  0.003289	  0.003289	
  0.003289	  0.990132	  0.003289	  0.003289	
  0.003289	  0.003289	  0.990132	  0.003289	
  0.990132	  0.003289	  0.003289	  0.003289	

URL http://cisbp.ccbr.utoronto.ca/TFreport.php?versionNumber=2.00&searchTF=T055767_2.00

MOTIF M01189_2.00 estExt_fgenesh1_kg.C_10393_CONSTRUCT

letter-probability matrix: alength= 4 w= 9 nsites= 1 E= 0
  0.221524	  0.148492	  0.257374	  0.372610	
  0.444537	  0.056658	  0.462679	  0.036127	
  0.010442	  0.968587	  0.003407	  0.017564	
  0.006337	  0.011205	  0.003656	  0.978803	
  0.063056	  0.007722	  0.928917	  0.000305	
  0.000714	  0.966397	  0.001276	  0.031613	
  0.002561	  0.000123	  0.992787	  0.004529	
  0.049221	  0.371045	  0.490940	  0.088794	
  0.473806	  0.164153	  0.194571	  0.167469	

URL http://cisbp.ccbr.utoronto.ca/TFreport.php?versionNumber=2.00&searchTF=T137734_2.00

MOTIF M01234_2.00 1600010210_CONSTRUCT

letter-probability matrix: alength= 4 w= 10 nsites= 1 E= 0
  0.399645	  0.200118	  0.200118	  0.200118	
  0.199715	  0.103909	  0.592466	  0.103909	
  0.000089	  0.000089	  0.999733	  0.000089	
  0.000089	  0.000089	  0.999733	  0.000089	
  0.000089	  0.000089	  0.000089	  0.999733	
  0.000089	  0.999733	  0.000089	  0.000089	
  0.000089	  0.999733	  0.000089	  0.000089	
  0.362450	  0.000089	  0.637372	  0.000089	
  0.049971	  0.775957	  0.049971	  0.124101	
  0.358078	  0.146180	  0.349563	  0.146180	

URL http://cisbp.ccbr.utoronto.ca/TFreport.php?versionNumber=2.00&searchTF=T195982_2.00

MOTIF M01261_2.00 PK27404.1_CONSTRUCT

letter-probability matrix: alength= 4 w= 10 nsites= 1 E= 0
  0.297978	  0.188108	  0.310138	  0.203775	
  0.287131	  0.167325	  0.347213	  0.198331	
  0.147681	  0.026979	  0.792389	  0.032952	
  0.069544	  0.002368	  0.838792	  0.089296	
  0.016430	  0.010904	  0.010581	  0.962085	
  0.744422	  0.021815	  0.097769	  0.135994	
  0.953743	  0.004222	  0.036613	  0.005422	
  0.675925	  0.099095	  0.054931	  0.170048	
  0.407473	  0.086485	  0.037337	  0.468705	
  0.313327	  0.223017	  0.140787	  0.322869	

URL http://cisbp.ccbr.utoronto.ca/TFreport.php?versionNumber=2.00&searchTF=T250434_2.00

MOTIF M01294_2.00 ENSXETG00000015341_CONSTRUCT

letter-probability matrix: alength= 4 w= 8 nsites= 1 E= 0
  0.711648	  0.001420	  0.001420	  0.285511	
  0.897410	  0.000996	  0.100598	  0.000996	
  0.000996	  0.000996	  0.997012	  0.000996	
  0.997012	  0.000996	  0.000996	  0.000996	
  0.000996	  0.997012	  0.000996	  0.000996	
  0.000996	  0.000996	  0.997012	  0.000996	
  0.000996	  0.997012	  0.000996	  0.000996	
  0.853693	  0.001420	  0.143466	  0.001420	

URL http://cisbp.ccbr.utoronto.ca/TFreport.php?versionNumber=2.00&searchTF=T300918_2.00

MOTIF M01299_2.00 CBG23697_CONSTRUCT

letter-probability matrix: alength= 4 w= 11 nsites= 1 E= 0
  0.337937	  0.220688	  0.220688	  0.220688	
  0.314631	  0.227866	  0.214597	  0.242906	
  0.070950	  0.070950	  0.070950	  0.787149	
  0.000111	  0.000111	  0.385948	  0.613830	
  0.000111	  0.094188	  0.000111	  0.905591	
  0.000111	  0.000111	  0.999667	  0.000111	
  0.000111	  0.000111	  0.000111	  0.999667	
  0.000111	  0.000111	  0.999667	  0.000111	
  0.125012	  0.029423	  0.029423	  0.816141	
  0.124454	  0.411321	  0.124454	  0.339770	
  0.179161	  0.370211	  0.271468	  0.179161	

URL http://cisbp.ccbr.utoronto.ca/TFreport.php?versionNumber=2.00&searchTF=T306948_2.00

MOTIF M01300_2.00 CBG26996_CONSTRUCT

letter-probability matrix: alength= 4 w= 10 nsites= 1 E= 0
  0.265124	  0.252194	  0.252194	  0.230488	
  0.341127	  0.145803	  0.255253	  0.257818	
  0.354801	  0.144251	  0.235464	  0.265484	
  0.160453	  0.197948	  0.173817	  0.467782	
  0.079859	  0.100511	  0.038872	  0.780758	
  0.125237	  0.088253	  0.678718	  0.107792	
  0.374944	  0.035050	  0.526776	  0.063230	
  0.279398	  0.049533	  0.036695	  0.634374	
  0.421936	  0.342015	  0.130955	  0.105094	
  0.361667	  0.265263	  0.133050	  0.240020	

URL http://cisbp.ccbr.utoronto.ca/TFreport.php?versionNumber=2.00&searchTF=T306949_2.00

MOTIF M01323_2.00 ENSTNIG00000008857_CONSTRUCT

letter-probability matrix: alength= 4 w= 9 nsites= 1 E= 0
  0.299991	  0.240748	  0.137518	  0.321743	
  0.282144	  0.027727	  0.640607	  0.049522	
  0.132958	  0.097517	  0.678600	  0.090925	
  0.544883	  0.122802	  0.011595	  0.320721	
  0.948989	  0.008984	  0.018091	  0.023936	
  0.009704	  0.085845	  0.004317	  0.900134	
  0.017158	  0.120602	  0.514139	  0.348101	
  0.077599	  0.400037	  0.066790	  0.455574	
  0.256671	  0.244153	  0.295242	  0.203934	

URL http://cisbp.ccbr.utoronto.ca/TFreport.php?versionNumber=2.00&searchTF=T347001_2.00

MOTIF M01668_2.00 e_gw.4.260.1_CONSTRUCT

letter-probability matrix: alength= 4 w= 10 nsites= 1 E= 0
  0.195875	  0.298099	  0.187239	  0.318787	
  0.261670	  0.174076	  0.325016	  0.239238	
  0.300651	  0.328481	  0.196451	  0.174417	
  0.307728	  0.102218	  0.276762	  0.313293	
  0.784245	  0.025072	  0.050150	  0.140532	
  0.140532	  0.050150	  0.025072	  0.784245	
  0.313293	  0.276762	  0.102218	  0.307728	
  0.174417	  0.196451	  0.328481	  0.300651	
  0.239238	  0.325016	  0.174076	  0.261670	
  0.318787	  0.187239	  0.298099	  0.195875	

URL http://cisbp.ccbr.utoronto.ca/TFreport.php?versionNumber=2.00&searchTF=T015942_2.00

MOTIF M01919_2.00 BAD93120.1_CONSTRUCT

letter-probability matrix: alength= 4 w= 7 nsites= 1 E= 0
  0.240571	  0.247897	  0.242988	  0.268544	
  0.231338	  0.263454	  0.205178	  0.300029	
  0.339485	  0.227563	  0.214311	  0.218641	
  0.123203	  0.315398	  0.377600	  0.183798	
  0.000638	  0.982581	  0.000001	  0.016780	
  0.022751	  0.000029	  0.977099	  0.000122	
  0.165154	  0.132540	  0.453448	  0.248858	

URL http://cisbp.ccbr.utoronto.ca/TFreport.php?versionNumber=2.00&searchTF=T168651_2.00

MOTIF M01920_2.00 ENSMGAG00000004157_CONSTRUCT

letter-probability matrix: alength= 4 w= 10 nsites= 1 E= 0
  0.305657	  0.233332	  0.213250	  0.247761	
  0.290611	  0.226328	  0.240323	  0.242738	
  0.276155	  0.181447	  0.327328	  0.215070	
  0.182625	  0.241636	  0.207978	  0.367761	
  0.268989	  0.014220	  0.716709	  0.000082	
  0.334160	  0.442137	  0.219559	  0.004144	
  0.182394	  0.000115	  0.817433	  0.000058	
  0.088191	  0.181183	  0.383564	  0.347063	
  0.291871	  0.166719	  0.335732	  0.205678	
  0.313634	  0.212348	  0.283788	  0.190229	

URL http://cisbp.ccbr.utoronto.ca/TFreport.php?versionNumber=2.00&searchTF=T168652_2.00

MOTIF M01936_2.00 CJA05633_CONSTRUCT

letter-probability matrix: alength= 4 w= 7 nsites= 1 E= 0
  0.398030	  0.152403	  0.205723	  0.243844	
  0.236727	  0.124825	  0.061986	  0.576462	
  0.113381	  0.079898	  0.672331	  0.134391	
  0.120105	  0.020663	  0.072123	  0.787109	
  0.230457	  0.060344	  0.113303	  0.595896	
  0.152532	  0.088888	  0.286395	  0.472186	
  0.215312	  0.425000	  0.179844	  0.179844	

URL http://cisbp.ccbr.utoronto.ca/TFreport.php?versionNumber=2.00&searchTF=T169492_2.00

MOTIF M02202_2.00 Q0UJ27_PHANO_CONSTRUCT

letter-probability matrix: alength= 4 w= 9 nsites= 1 E= 0
  0.183057	  0.192443	  0.244642	  0.379858	
  0.089850	  0.307399	  0.064596	  0.538155	
  0.688220	  0.122011	  0.079369	  0.110400	
  0.818578	  0.107508	  0.072789	  0.001125	
  0.000245	  0.070414	  0.000078	  0.929263	
  0.397696	  0.161691	  0.077145	  0.363467	
  0.315946	  0.109461	  0.074111	  0.500481	
  0.450724	  0.183251	  0.232957	  0.133067	
  0.247417	  0.223872	  0.204604	  0.324107	

URL http://cisbp.ccbr.utoronto.ca/TFreport.php?versionNumber=2.00&searchTF=T226935_2.00

