MEME version 4

ALPHABET= ACGT

strands: + -

Background letter frequencies (from uniform background):
A 0.25000 C 0.25000 G 0.25000 T 0.25000 

MOTIF M00731_2.00 (Q40828_PETCR)_(Arabidopsis_thaliana)_(DBD_0.68)

letter-probability matrix: alength= 4 w= 10 nsites= 1 E= 0
  0.332551	  0.189956	  0.218502	  0.258991	
  0.391822	  0.090090	  0.437382	  0.080706	
  0.012012	  0.007141	  0.930653	  0.050194	
  0.015673	  0.000009	  0.000028	  0.984291	
  0.045872	  0.930629	  0.014237	  0.009261	
  0.882532	  0.062352	  0.018780	  0.036336	
  0.849114	  0.016514	  0.107146	  0.027227	
  0.219251	  0.578372	  0.059753	  0.142625	
  0.160546	  0.186528	  0.458785	  0.194140	
  0.228047	  0.284164	  0.273022	  0.214767	

URL http://cisbp.ccbr.utoronto.ca/TFreport.php?versionNumber=2.00&searchTF=T355388_2.00

MOTIF M01154_2.00 (CPRF2_PETCR)_(Cannabis_sativa)_(DBD_0.86)

letter-probability matrix: alength= 4 w= 10 nsites= 1 E= 0
  0.207637	  0.374574	  0.231780	  0.186008	
  0.174524	  0.296505	  0.159503	  0.369468	
  0.179985	  0.219834	  0.344769	  0.255411	
  0.560855	  0.106640	  0.181175	  0.151330	
  0.031341	  0.648673	  0.156793	  0.163192	
  0.116412	  0.109633	  0.711331	  0.062623	
  0.093377	  0.131189	  0.042804	  0.732630	
  0.167926	  0.048595	  0.667488	  0.115992	
  0.074228	  0.124853	  0.458123	  0.342797	
  0.268273	  0.358527	  0.215294	  0.157907	

URL http://cisbp.ccbr.utoronto.ca/TFreport.php?versionNumber=2.00&searchTF=T070482_2.00

MOTIF M01156_2.00 (CPRF1_PETCR)_(Cannabis_sativa)_(DBD_0.75)

letter-probability matrix: alength= 4 w= 10 nsites= 1 E= 0
  0.185651	  0.213549	  0.285393	  0.315408	
  0.133202	  0.183436	  0.404181	  0.279182	
  0.363231	  0.495238	  0.105113	  0.036417	
  0.029585	  0.834874	  0.000269	  0.135271	
  0.937984	  0.000034	  0.061789	  0.000193	
  0.088378	  0.602820	  0.187095	  0.121707	
  0.146644	  0.194029	  0.560040	  0.099286	
  0.162411	  0.177706	  0.146956	  0.512926	
  0.246395	  0.269599	  0.286270	  0.197736	
  0.293459	  0.147192	  0.337558	  0.221791	

URL http://cisbp.ccbr.utoronto.ca/TFreport.php?versionNumber=2.00&searchTF=T070481_2.00

MOTIF M02201_2.00 PRH_PETCR

letter-probability matrix: alength= 4 w= 8 nsites= 1 E= 0
  0.200397	  0.001984	  0.001984	  0.795635	
  0.498344	  0.001656	  0.001656	  0.498344	
  0.853693	  0.001420	  0.001420	  0.143466	
  0.001420	  0.001420	  0.001420	  0.995739	
  0.995739	  0.001420	  0.001420	  0.001420	
  0.001420	  0.001420	  0.001420	  0.995739	
  0.995739	  0.001420	  0.001420	  0.001420	
  0.002475	  0.002475	  0.002475	  0.992574	

URL http://cisbp.ccbr.utoronto.ca/TFreport.php?versionNumber=2.00&searchTF=T226934_2.00

