MEME version 4

ALPHABET= ACGT

strands: + -

Background letter frequencies (from uniform background):
A 0.25000 C 0.25000 G 0.25000 T 0.25000 

MOTIF M00845_2.00 (Q9XHD3_PETHY)_(Arabidopsis_thaliana)_(DBD_0.93)

letter-probability matrix: alength= 4 w= 8 nsites= 1 E= 0
  0.000831	  0.000831	  0.250000	  0.748339	
  0.614264	  0.154141	  0.230828	  0.000767	
  0.000712	  0.784188	  0.214387	  0.000712	
  0.000712	  0.000712	  0.855413	  0.143162	
  0.690951	  0.000767	  0.307515	  0.000767	
  0.000767	  0.000767	  0.921012	  0.077454	
  0.000767	  0.000767	  0.997699	  0.000767	
  0.272645	  0.000906	  0.182065	  0.544384	

URL http://cisbp.ccbr.utoronto.ca/TFreport.php?versionNumber=2.00&searchTF=T006669_2.00

MOTIF M00882_2.00 (Q2TCH0_PETHY)_(Arabidopsis_thaliana)_(DBD_0.77)

letter-probability matrix: alength= 4 w= 10 nsites= 1 E= 0
  0.149434	  0.294964	  0.275023	  0.280579	
  0.225904	  0.270456	  0.273174	  0.230467	
  0.165608	  0.340230	  0.167272	  0.326890	
  0.762395	  0.089699	  0.062581	  0.085325	
  0.309605	  0.623467	  0.065059	  0.001869	
  0.050240	  0.801767	  0.142141	  0.005852	
  0.286254	  0.122349	  0.137948	  0.453448	
  0.754695	  0.053320	  0.132464	  0.059520	
  0.388169	  0.534558	  0.005649	  0.071625	
  0.118059	  0.503298	  0.107898	  0.270746	

URL http://cisbp.ccbr.utoronto.ca/TFreport.php?versionNumber=2.00&searchTF=T283695_2.00

MOTIF M02697_2.00 (FBP24_PETHY)_(Antirrhinum_majus)_(DBD_0.81)

letter-probability matrix: alength= 4 w= 14 nsites= 1 E= 0
  0.366667	  0.466667	  0.033333	  0.133333	
  0.000000	  0.733333	  0.000000	  0.266667	
  0.800000	  0.000000	  0.133333	  0.066667	
  0.533333	  0.066667	  0.033333	  0.366667	
  0.766667	  0.000000	  0.000000	  0.233333	
  0.566667	  0.000000	  0.000000	  0.433333	
  0.800000	  0.033333	  0.000000	  0.166667	
  0.266667	  0.000000	  0.033333	  0.700000	
  0.466667	  0.033333	  0.500000	  0.000000	
  0.033333	  0.033333	  0.933333	  0.000000	
  0.466667	  0.166667	  0.033333	  0.333333	
  0.833333	  0.166667	  0.000000	  0.000000	
  0.700000	  0.066667	  0.100000	  0.133333	
  0.233333	  0.166667	  0.266667	  0.333333	

URL http://cisbp.ccbr.utoronto.ca/TFreport.php?versionNumber=2.00&searchTF=T257108_2.00

MOTIF M02704_2.00 myb.Ph3

letter-probability matrix: alength= 4 w= 9 nsites= 1 E= 0
  0.271429	  0.042857	  0.028571	  0.657143	
  0.914286	  0.014286	  0.028571	  0.042857	
  0.900000	  0.000000	  0.028571	  0.071429	
  0.057143	  0.885714	  0.042857	  0.014286	
  0.142857	  0.385714	  0.228571	  0.242857	
  0.142857	  0.028571	  0.757143	  0.071429	
  0.185714	  0.114286	  0.000000	  0.700000	
  0.042857	  0.242857	  0.014286	  0.700000	
  0.400000	  0.014286	  0.000000	  0.585714	

URL http://cisbp.ccbr.utoronto.ca/TFreport.php?versionNumber=2.00&searchTF=T283694_2.00

MOTIF M06986_2.00 (AGL9_PETHY)_(Arabidopsis_thaliana)_(DBD_0.96)

letter-probability matrix: alength= 4 w= 19 nsites= 1 E= 0
  0.172199	  0.016598	  0.010373	  0.800830	
  0.149378	  0.002075	  0.016598	  0.831949	
  0.414938	  0.016598	  0.139004	  0.429461	
  0.022822	  0.964730	  0.010373	  0.002075	
  0.002075	  0.817427	  0.000000	  0.180498	
  0.524896	  0.190871	  0.080913	  0.203320	
  0.719916	  0.016598	  0.087137	  0.176349	
  0.968880	  0.000000	  0.004149	  0.026971	
  0.875519	  0.000000	  0.000000	  0.124481	
  0.798755	  0.037344	  0.047718	  0.116183	
  0.427386	  0.101660	  0.070539	  0.400415	
  0.265560	  0.000000	  0.732365	  0.002075	
  0.000000	  0.000000	  1.000000	  0.000000	
  0.612033	  0.147303	  0.026971	  0.213693	
  0.914938	  0.008299	  0.006224	  0.070539	
  0.896266	  0.008299	  0.018672	  0.076763	
  0.512448	  0.126556	  0.234440	  0.126556	
  0.531120	  0.056017	  0.095436	  0.317427	
  0.491701	  0.085062	  0.053942	  0.369295	

URL http://cisbp.ccbr.utoronto.ca/TFreport.php?versionNumber=2.00&searchTF=T257103_2.00

MOTIF M08148_2.00 (MADS2_PETHY)_(Arabidopsis_thaliana)_(DBD_0.75)

letter-probability matrix: alength= 4 w= 14 nsites= 1 E= 0
  0.279570	  0.600358	  0.086022	  0.034050	
  0.102151	  0.706093	  0.078853	  0.112903	
  0.639785	  0.141577	  0.120072	  0.098566	
  0.802867	  0.021505	  0.148746	  0.026882	
  0.987455	  0.001792	  0.007168	  0.003584	
  0.892473	  0.000000	  0.021505	  0.086022	
  0.539427	  0.014337	  0.437276	  0.008961	
  0.559140	  0.025090	  0.123656	  0.292115	
  0.413978	  0.000000	  0.586022	  0.000000	
  0.012545	  0.010753	  0.976703	  0.000000	
  0.799283	  0.096774	  0.012545	  0.091398	
  0.887097	  0.012545	  0.043011	  0.057348	
  0.817204	  0.046595	  0.107527	  0.028674	
  0.458781	  0.103943	  0.356631	  0.080645	

URL http://cisbp.ccbr.utoronto.ca/TFreport.php?versionNumber=2.00&searchTF=T257109_2.00

