MEME version 4

ALPHABET= ACGT

strands: + -

Background letter frequencies (from uniform background):
A 0.25000 C 0.25000 G 0.25000 T 0.25000 

MOTIF M00060_2.00 (Phatr3_J34415)_(Saccharomyces_cerevisiae)_(DBD_0.34)

letter-probability matrix: alength= 4 w= 9 nsites= 1 E= 0
  0.320154	  0.181055	  0.206191	  0.292599	
  0.231700	  0.238756	  0.197442	  0.332102	
  0.223589	  0.242212	  0.287095	  0.247105	
  0.161512	  0.025143	  0.029212	  0.784133	
  0.138264	  0.051376	  0.075881	  0.734480	
  0.092315	  0.709959	  0.122145	  0.075581	
  0.148989	  0.381409	  0.144586	  0.325016	
  0.473500	  0.149928	  0.202381	  0.174191	
  0.182247	  0.285820	  0.153755	  0.378177	

URL http://cisbp.ccbr.utoronto.ca/TFreport.php?versionNumber=2.00&searchTF=T241685_2.00

MOTIF M00153_2.00 (Phatr3_EG02017)_(Mus_musculus)_(DBD_0.60)

letter-probability matrix: alength= 4 w= 10 nsites= 1 E= 0
  0.328844	  0.158473	  0.193559	  0.319125	
  0.340062	  0.138259	  0.138259	  0.383419	
  0.250781	  0.152106	  0.248285	  0.348828	
  0.146662	  0.212328	  0.477294	  0.163716	
  0.049148	  0.109382	  0.841214	  0.000255	
  0.098666	  0.881603	  0.000009	  0.019722	
  0.001228	  0.000013	  0.977948	  0.020810	
  0.022581	  0.624590	  0.326064	  0.026765	
  0.135566	  0.284138	  0.361210	  0.219085	
  0.234821	  0.292605	  0.182879	  0.289694	

URL http://cisbp.ccbr.utoronto.ca/TFreport.php?versionNumber=2.00&searchTF=T173403_2.00

MOTIF M01087_2.00 (Phatr3_J32462)_(Arabidopsis_thaliana)_(DBD_0.32)

letter-probability matrix: alength= 4 w= 10 nsites= 1 E= 0
  0.363763	  0.193737	  0.193737	  0.248763	
  0.435854	  0.149502	  0.175442	  0.239202	
  0.435354	  0.080331	  0.180578	  0.303737	
  0.104843	  0.081652	  0.061711	  0.751794	
  0.060645	  0.051679	  0.046295	  0.841381	
  0.003122	  0.533049	  0.072865	  0.390963	
  0.758381	  0.000142	  0.200574	  0.040902	
  0.899183	  0.023138	  0.031547	  0.046131	
  0.830968	  0.038574	  0.063599	  0.066859	
  0.293712	  0.255341	  0.066195	  0.384752	

URL http://cisbp.ccbr.utoronto.ca/TFreport.php?versionNumber=2.00&searchTF=T345709_2.00

MOTIF M01319_2.00 (Phatr3_EG00594)_(Arabidopsis_thaliana)_(DBD_0.27)

letter-probability matrix: alength= 4 w= 8 nsites= 1 E= 0
  0.158993	  0.167145	  0.151239	  0.522623	
  0.178907	  0.147949	  0.124819	  0.548325	
  0.096781	  0.412588	  0.090238	  0.400394	
  0.640051	  0.041744	  0.317840	  0.000365	
  0.843350	  0.025981	  0.034377	  0.096292	
  0.746360	  0.041067	  0.080255	  0.132318	
  0.306449	  0.236288	  0.043600	  0.413663	
  0.253512	  0.201424	  0.199420	  0.345645	

URL http://cisbp.ccbr.utoronto.ca/TFreport.php?versionNumber=2.00&searchTF=T345708_2.00

MOTIF M01321_2.00 (Phatr3_Jdraft1374)_(Ciona_intestinalis)_(DBD_0.28)

letter-probability matrix: alength= 4 w= 9 nsites= 1 E= 0
  0.376035	  0.194354	  0.212657	  0.216953	
  0.454381	  0.107656	  0.216792	  0.221171	
  0.137399	  0.086737	  0.067551	  0.708313	
  0.109833	  0.055643	  0.046944	  0.787579	
  0.012137	  0.537147	  0.052787	  0.397928	
  0.713480	  0.021119	  0.242294	  0.023107	
  0.855693	  0.015362	  0.033179	  0.095766	
  0.786029	  0.054981	  0.101189	  0.057800	
  0.279467	  0.282276	  0.129397	  0.308859	

URL http://cisbp.ccbr.utoronto.ca/TFreport.php?versionNumber=2.00&searchTF=T345713_2.00

MOTIF M02334_2.00 (Phatr3_EG01922)_(Thalassiosira_pseudonana)_(DBD_0.98)

letter-probability matrix: alength= 4 w= 9 nsites= 1 E= 0
  0.277740	  0.191844	  0.374910	  0.155506	
  0.209479	  0.152113	  0.271679	  0.366729	
  0.963850	  0.003710	  0.016625	  0.015815	
  0.063068	  0.150538	  0.144635	  0.641759	
  0.106127	  0.674951	  0.082652	  0.136270	
  0.175904	  0.357787	  0.119097	  0.347213	
  0.310046	  0.118714	  0.231996	  0.339244	
  0.294050	  0.213524	  0.229006	  0.263420	
  0.281718	  0.240064	  0.249861	  0.228356	

URL http://cisbp.ccbr.utoronto.ca/TFreport.php?versionNumber=2.00&searchTF=T277806_2.00

MOTIF M02490_2.00 (Phatr3_J11888)_(Neurospora_crassa)_(DBD_0.36)

letter-probability matrix: alength= 4 w= 10 nsites= 1 E= 0
  0.329130	  0.229626	  0.220622	  0.220622	
  0.346994	  0.223477	  0.251969	  0.177560	
  0.448098	  0.134965	  0.110500	  0.306437	
  0.335755	  0.153912	  0.139266	  0.371067	
  0.248453	  0.220358	  0.178619	  0.352571	
  0.233539	  0.293933	  0.209213	  0.263315	
  0.195880	  0.356917	  0.275201	  0.172001	
  0.140053	  0.396240	  0.262965	  0.200742	
  0.596865	  0.017317	  0.262878	  0.122939	
  0.143083	  0.219956	  0.147441	  0.489520	

URL http://cisbp.ccbr.utoronto.ca/TFreport.php?versionNumber=2.00&searchTF=T331904_2.00

MOTIF M02698_2.00 (Phatr3_J13192)_(Arabidopsis_thaliana)_(DBD_0.77)

letter-probability matrix: alength= 4 w= 11 nsites= 1 E= 0
  0.140000	  0.450000	  0.230000	  0.180000	
  0.160000	  0.270000	  0.550000	  0.020000	
  0.000000	  0.919192	  0.040404	  0.040404	
  0.000000	  0.050000	  0.930000	  0.020000	
  0.040404	  0.939394	  0.000000	  0.020202	
  0.040404	  0.020202	  0.020202	  0.919192	
  0.080808	  0.000000	  0.858586	  0.060606	
  0.960000	  0.000000	  0.020000	  0.020000	
  0.040000	  0.040000	  0.920000	  0.000000	
  0.020000	  0.550000	  0.260000	  0.170000	
  0.151515	  0.323232	  0.242424	  0.282828	

URL http://cisbp.ccbr.utoronto.ca/TFreport.php?versionNumber=2.00&searchTF=T277809_2.00

MOTIF M04705_2.00 (DEL)_(Homo_sapiens)_(DBD_0.46)

letter-probability matrix: alength= 4 w= 14 nsites= 1 E= 0
  0.330365	  0.000000	  0.000000	  0.669635	
  0.053965	  0.000000	  0.000000	  0.946035	
  0.000000	  0.000000	  0.000000	  1.000000	
  0.000000	  0.000000	  0.000000	  1.000000	
  0.000000	  0.000000	  0.999080	  0.000920	
  0.000000	  0.000000	  0.999579	  0.000421	
  0.000543	  0.996399	  0.003057	  0.000000	
  0.000000	  0.000924	  0.998369	  0.000707	
  0.000014	  0.000000	  0.999007	  0.000979	
  0.000000	  0.000000	  1.000000	  0.000000	
  1.000000	  0.000000	  0.000000	  0.000000	
  1.000000	  0.000000	  0.000000	  0.000000	
  0.952164	  0.022052	  0.000000	  0.025783	
  0.334262	  0.148280	  0.181890	  0.335568	

URL http://cisbp.ccbr.utoronto.ca/TFreport.php?versionNumber=2.00&searchTF=T173406_2.00

MOTIF M06941_2.00 (Phatr3_J45559)_(Arabidopsis_thaliana)_(DBD_0.33)

letter-probability matrix: alength= 4 w= 13 nsites= 1 E= 0
  0.618729	  0.095318	  0.239130	  0.046823	
  0.000000	  0.000000	  1.000000	  0.000000	
  0.984950	  0.000000	  0.001672	  0.013378	
  0.943144	  0.003344	  0.000000	  0.053512	
  0.088629	  0.224080	  0.556856	  0.130435	
  0.290970	  0.361204	  0.167224	  0.180602	
  0.098662	  0.046823	  0.010033	  0.844482	
  0.013378	  0.000000	  0.001672	  0.984950	
  0.000000	  0.998328	  0.001672	  0.000000	
  0.008361	  0.105351	  0.045151	  0.841137	
  0.814381	  0.026756	  0.158863	  0.000000	
  0.000000	  0.000000	  1.000000	  0.000000	
  0.981606	  0.003344	  0.000000	  0.015050	

URL http://cisbp.ccbr.utoronto.ca/TFreport.php?versionNumber=2.00&searchTF=T241716_2.00

MOTIF M08108_2.00 (DP1)_(Homo_sapiens)_(DBD_0.69)

letter-probability matrix: alength= 4 w= 11 nsites= 1 E= 0
  0.204783	  0.244644	  0.387145	  0.163428	
  0.131041	  0.340807	  0.468361	  0.059791	
  0.023916	  0.035376	  0.927753	  0.012955	
  0.013951	  0.939711	  0.010962	  0.035376	
  0.006976	  0.026906	  0.962631	  0.003488	
  0.017937	  0.039860	  0.929248	  0.012955	
  0.013453	  0.015944	  0.956153	  0.014449	
  0.924265	  0.011958	  0.048829	  0.014948	
  0.819631	  0.084704	  0.068261	  0.027404	
  0.231689	  0.322372	  0.322870	  0.123069	
  0.189836	  0.300947	  0.322870	  0.186348	

URL http://cisbp.ccbr.utoronto.ca/TFreport.php?versionNumber=2.00&searchTF=T173404_2.00

MOTIF M08452_2.00 (Phatr3_J39335)_(Saccharomyces_cerevisiae)_(DBD_0.71)

letter-probability matrix: alength= 4 w= 5 nsites= 1 E= 0
  0.000000	  0.000000	  0.000000	  1.000000	
  0.000000	  0.000000	  0.010160	  0.989840	
  0.005578	  0.000000	  0.994422	  0.000000	
  0.000000	  0.000000	  0.998223	  0.001777	
  0.158006	  0.378979	  0.030665	  0.432350	

URL http://cisbp.ccbr.utoronto.ca/TFreport.php?versionNumber=2.00&searchTF=T160314_2.00

