MEME version 4

ALPHABET= ACGT

strands: + -

Background letter frequencies (from uniform background):
A 0.25000 C 0.25000 G 0.25000 T 0.25000 

MOTIF M00013_2.00 (estExt_fgeneshPB_pg.C_10616)_(Saccharomyces_cerevisiae)_(DBD_0.48)

letter-probability matrix: alength= 4 w= 10 nsites= 1 E= 0
  0.286730	  0.276761	  0.218254	  0.218254	
  0.465755	  0.158579	  0.158579	  0.217086	
  0.000052	  0.000052	  0.000052	  0.999845	
  0.000052	  0.000052	  0.121061	  0.878836	
  0.941338	  0.000052	  0.000052	  0.058559	
  0.000052	  0.999845	  0.000052	  0.000052	
  0.050927	  0.000052	  0.525333	  0.423689	
  0.365182	  0.000052	  0.000052	  0.634715	
  0.904608	  0.031797	  0.031797	  0.031797	
  0.525751	  0.091472	  0.215662	  0.167115	

URL http://cisbp.ccbr.utoronto.ca/TFreport.php?versionNumber=2.00&searchTF=T070911_2.00

MOTIF M00044_2.00 (estExt_fgeneshPB_pg.C_260036)_(Saccharomyces_cerevisiae)_(DBD_0.56)

letter-probability matrix: alength= 4 w= 9 nsites= 1 E= 0
  0.242573	  0.257573	  0.299257	  0.200598	
  0.388668	  0.112474	  0.408595	  0.090263	
  0.193539	  0.116219	  0.097074	  0.593168	
  0.567331	  0.240073	  0.014746	  0.177850	
  0.726254	  0.177310	  0.022151	  0.074284	
  0.882730	  0.014629	  0.037078	  0.065563	
  0.080166	  0.688212	  0.049605	  0.182017	
  0.871825	  0.040471	  0.036255	  0.051449	
  0.497502	  0.159111	  0.141118	  0.202269	

URL http://cisbp.ccbr.utoronto.ca/TFreport.php?versionNumber=2.00&searchTF=T189299_2.00

MOTIF M00051_2.00 (e_gw1.18.203.1)_(Saccharomyces_cerevisiae)_(DBD_0.63)

letter-probability matrix: alength= 4 w= 8 nsites= 1 E= 0
  0.270248	  0.432235	  0.000270	  0.297246	
  0.000196	  0.000196	  0.999412	  0.000196	
  0.999424	  0.000192	  0.000192	  0.000192	
  0.000192	  0.000192	  0.000192	  0.999424	
  0.980208	  0.000192	  0.019408	  0.000192	
  0.940635	  0.000196	  0.000196	  0.058973	
  0.022934	  0.113760	  0.840372	  0.022934	
  0.344697	  0.241391	  0.241391	  0.172521	

URL http://cisbp.ccbr.utoronto.ca/TFreport.php?versionNumber=2.00&searchTF=T196074_2.00

MOTIF M00058_2.00 (fgeneshPB_pg.5__518)_(Saccharomyces_cerevisiae)_(DBD_0.44)

letter-probability matrix: alength= 4 w= 8 nsites= 1 E= 0
  0.565080	  0.141352	  0.108757	  0.184811	
  0.061126	  0.068758	  0.015339	  0.854777	
  0.248276	  0.096594	  0.000069	  0.655061	
  0.894567	  0.000066	  0.000066	  0.105301	
  0.966917	  0.000066	  0.000066	  0.032952	
  0.078992	  0.006643	  0.013220	  0.901144	
  0.048001	  0.000068	  0.034306	  0.917625	
  0.654724	  0.008935	  0.177017	  0.159324	

URL http://cisbp.ccbr.utoronto.ca/TFreport.php?versionNumber=2.00&searchTF=T227593_2.00

MOTIF M00060_2.00 (e_gw1.6.465.1)_(Saccharomyces_cerevisiae)_(DBD_0.55)

letter-probability matrix: alength= 4 w= 9 nsites= 1 E= 0
  0.320154	  0.181055	  0.206191	  0.292599	
  0.231700	  0.238756	  0.197442	  0.332102	
  0.223589	  0.242212	  0.287095	  0.247105	
  0.161512	  0.025143	  0.029212	  0.784133	
  0.138264	  0.051376	  0.075881	  0.734480	
  0.092315	  0.709959	  0.122145	  0.075581	
  0.148989	  0.381409	  0.144586	  0.325016	
  0.473500	  0.149928	  0.202381	  0.174191	
  0.182247	  0.285820	  0.153755	  0.378177	

URL http://cisbp.ccbr.utoronto.ca/TFreport.php?versionNumber=2.00&searchTF=T242793_2.00

MOTIF M00070_2.00 (fgeneshPB_pg.4__59)_(Saccharomyces_cerevisiae)_(DBD_0.33)

letter-probability matrix: alength= 4 w= 11 nsites= 1 E= 0
  0.268573	  0.272224	  0.178881	  0.280322	
  0.509793	  0.098806	  0.292595	  0.098806	
  0.848016	  0.050661	  0.050661	  0.050661	
  0.999893	  0.000036	  0.000036	  0.000036	
  0.000036	  0.903786	  0.000036	  0.096142	
  0.903786	  0.000036	  0.000036	  0.096142	
  0.999893	  0.000036	  0.000036	  0.000036	
  0.000036	  0.000036	  0.000036	  0.999893	
  0.591260	  0.071155	  0.071155	  0.266431	
  0.345743	  0.151230	  0.257625	  0.245401	
  0.199374	  0.199374	  0.199374	  0.401877	

URL http://cisbp.ccbr.utoronto.ca/TFreport.php?versionNumber=2.00&searchTF=T334215_2.00

MOTIF M00088_2.00 (estExt_fgeneshPB_pg.C_220170)_(Saccharomyces_cerevisiae)_(DBD_0.56)

letter-probability matrix: alength= 4 w= 7 nsites= 1 E= 0
  0.004409	  0.910218	  0.041833	  0.043540	
  0.000848	  0.116208	  0.876017	  0.006927	
  0.000117	  0.005158	  0.992847	  0.001879	
  0.537121	  0.127259	  0.241344	  0.094276	
  0.460766	  0.088490	  0.138780	  0.311965	
  0.318860	  0.236217	  0.222461	  0.222461	
  0.279083	  0.235452	  0.235452	  0.250012	

URL http://cisbp.ccbr.utoronto.ca/TFreport.php?versionNumber=2.00&searchTF=T389776_2.00

MOTIF M00153_2.00 (fgeneshPB_pg.7__63)_(Mus_musculus)_(DBD_0.72)

letter-probability matrix: alength= 4 w= 10 nsites= 1 E= 0
  0.328844	  0.158473	  0.193559	  0.319125	
  0.340062	  0.138259	  0.138259	  0.383419	
  0.250781	  0.152106	  0.248285	  0.348828	
  0.146662	  0.212328	  0.477294	  0.163716	
  0.049148	  0.109382	  0.841214	  0.000255	
  0.098666	  0.881603	  0.000009	  0.019722	
  0.001228	  0.000013	  0.977948	  0.020810	
  0.022581	  0.624590	  0.326064	  0.026765	
  0.135566	  0.284138	  0.361210	  0.219085	
  0.234821	  0.292605	  0.182879	  0.289694	

URL http://cisbp.ccbr.utoronto.ca/TFreport.php?versionNumber=2.00&searchTF=T173854_2.00

MOTIF M00160_2.00 (estExt_fgeneshPB_pg.C_490005)_(Mus_musculus)_(DBD_0.63)

letter-probability matrix: alength= 4 w= 10 nsites= 1 E= 0
  0.272342	  0.213287	  0.238265	  0.276106	
  0.383328	  0.071216	  0.521888	  0.023568	
  0.117428	  0.105265	  0.021002	  0.756305	
  0.834939	  0.152266	  0.000007	  0.012788	
  0.908292	  0.059096	  0.002967	  0.029645	
  0.977393	  0.014489	  0.001628	  0.006490	
  0.001282	  0.843632	  0.000001	  0.155085	
  0.965165	  0.012083	  0.006831	  0.015922	
  0.479654	  0.164189	  0.114694	  0.241463	
  0.417043	  0.185221	  0.142285	  0.255451	

URL http://cisbp.ccbr.utoronto.ca/TFreport.php?versionNumber=2.00&searchTF=T189302_2.00

MOTIF M00163_2.00 (estExt_fgeneshPB_pg.C_170198)_(Mus_musculus)_(DBD_0.63)

letter-probability matrix: alength= 4 w= 8 nsites= 1 E= 0
  0.309467	  0.142959	  0.547336	  0.000238	
  0.295052	  0.000164	  0.000164	  0.704620	
  0.619510	  0.295749	  0.000141	  0.084600	
  0.888534	  0.069545	  0.000139	  0.041782	
  0.999584	  0.000139	  0.000139	  0.000139	
  0.000139	  0.957940	  0.000139	  0.041782	
  0.999572	  0.000143	  0.000143	  0.000143	
  0.660068	  0.132164	  0.056750	  0.151018	

URL http://cisbp.ccbr.utoronto.ca/TFreport.php?versionNumber=2.00&searchTF=T189297_2.00

MOTIF M00164_2.00 (e_gw1.29.75.1)_(Mus_musculus)_(DBD_0.60)

letter-probability matrix: alength= 4 w= 10 nsites= 1 E= 0
  0.366283	  0.166235	  0.164581	  0.302901	
  0.345139	  0.171391	  0.195185	  0.288285	
  0.267836	  0.181340	  0.196443	  0.354381	
  0.346821	  0.108724	  0.419393	  0.125062	
  0.146969	  0.100507	  0.031824	  0.720700	
  0.700016	  0.254959	  0.000720	  0.044305	
  0.906192	  0.053477	  0.000316	  0.040015	
  0.934400	  0.000771	  0.023568	  0.041260	
  0.033048	  0.600627	  0.033381	  0.332944	
  0.853101	  0.047889	  0.045553	  0.053457	

URL http://cisbp.ccbr.utoronto.ca/TFreport.php?versionNumber=2.00&searchTF=T189252_2.00

MOTIF M00203_2.00 (fgeneshPB_pg.2__1074)_(Mus_musculus)_(DBD_0.35)

letter-probability matrix: alength= 4 w= 8 nsites= 1 E= 0
  0.711397	  0.062629	  0.074981	  0.150993	
  0.013623	  0.102692	  0.036662	  0.847024	
  0.035706	  0.005341	  0.000489	  0.958464	
  0.163603	  0.110768	  0.676843	  0.048786	
  0.083974	  0.035892	  0.034141	  0.845992	
  0.117419	  0.271985	  0.139177	  0.471419	
  0.223078	  0.342928	  0.166921	  0.267073	
  0.215726	  0.282593	  0.176621	  0.325060	

URL http://cisbp.ccbr.utoronto.ca/TFreport.php?versionNumber=2.00&searchTF=T334211_2.00

MOTIF M00399_2.00 (e_gw1.4.537.1)_(Mus_musculus)_(DBD_0.51)

letter-probability matrix: alength= 4 w= 8 nsites= 1 E= 0
  0.145807	  0.166050	  0.102749	  0.585395	
  0.047416	  0.026548	  0.887984	  0.038052	
  0.795904	  0.000436	  0.143952	  0.059709	
  0.041428	  0.910466	  0.001396	  0.046710	
  0.672067	  0.019113	  0.247239	  0.061581	
  0.160336	  0.171961	  0.418748	  0.248954	
  0.200186	  0.289816	  0.301643	  0.208355	
  0.204146	  0.262129	  0.190345	  0.343380	

URL http://cisbp.ccbr.utoronto.ca/TFreport.php?versionNumber=2.00&searchTF=T227262_2.00

MOTIF M00417_2.00 (estExt_fgeneshPB_pg.C_40740)_(Mus_musculus)_(DBD_0.49)

letter-probability matrix: alength= 4 w= 8 nsites= 1 E= 0
  0.281218	  0.216834	  0.307701	  0.194247	
  0.129122	  0.376440	  0.129122	  0.365315	
  0.165282	  0.184501	  0.049782	  0.600435	
  0.689510	  0.110607	  0.091467	  0.108417	
  0.925332	  0.042528	  0.028507	  0.003633	
  0.103670	  0.106828	  0.082370	  0.707132	
  0.155855	  0.155855	  0.181078	  0.507211	
  0.479837	  0.103902	  0.258126	  0.158135	

URL http://cisbp.ccbr.utoronto.ca/TFreport.php?versionNumber=2.00&searchTF=T227418_2.00

MOTIF M00439_2.00 (gw1.4.493.1)_(Mus_musculus)_(DBD_0.45)

letter-probability matrix: alength= 4 w= 8 nsites= 1 E= 0
  0.222888	  0.280526	  0.201677	  0.294909	
  0.135819	  0.056902	  0.017838	  0.789441	
  0.749166	  0.066617	  0.112052	  0.072165	
  0.950512	  0.000309	  0.023975	  0.025204	
  0.033254	  0.061201	  0.073271	  0.832275	
  0.170087	  0.110643	  0.160182	  0.559089	
  0.345558	  0.104080	  0.393532	  0.156830	
  0.274902	  0.209855	  0.329118	  0.186125	

URL http://cisbp.ccbr.utoronto.ca/TFreport.php?versionNumber=2.00&searchTF=T227628_2.00

MOTIF M00468_2.00 (gw1.4.539.1)_(Mus_musculus)_(DBD_0.61)

letter-probability matrix: alength= 4 w= 10 nsites= 1 E= 0
  0.273727	  0.219671	  0.235599	  0.271003	
  0.251042	  0.222654	  0.246071	  0.280233	
  0.174794	  0.193177	  0.137498	  0.494531	
  0.074726	  0.046704	  0.815526	  0.063044	
  0.715968	  0.000627	  0.187473	  0.095932	
  0.054401	  0.876887	  0.000243	  0.068469	
  0.623674	  0.022774	  0.283051	  0.070501	
  0.161831	  0.182463	  0.414283	  0.241423	
  0.204355	  0.287109	  0.314147	  0.194389	
  0.205527	  0.274673	  0.197469	  0.322331	

URL http://cisbp.ccbr.utoronto.ca/TFreport.php?versionNumber=2.00&searchTF=T227631_2.00

MOTIF M00500_2.00 (gw1.4.542.1)_(Mus_musculus)_(DBD_0.59)

letter-probability matrix: alength= 4 w= 10 nsites= 1 E= 0
  0.292727	  0.196221	  0.221238	  0.289814	
  0.274190	  0.201104	  0.209311	  0.315394	
  0.078501	  0.055875	  0.025871	  0.839754	
  0.017185	  0.000729	  0.976535	  0.005551	
  0.934510	  0.003975	  0.025280	  0.036235	
  0.024667	  0.939629	  0.010029	  0.025674	
  0.814023	  0.004315	  0.156333	  0.025330	
  0.164624	  0.144556	  0.475167	  0.215652	
  0.201750	  0.322799	  0.269625	  0.205826	
  0.223880	  0.237723	  0.190778	  0.347619	

URL http://cisbp.ccbr.utoronto.ca/TFreport.php?versionNumber=2.00&searchTF=T227632_2.00

MOTIF M00521_2.00 (gw1.15.179.1)_(Mus_musculus)_(DBD_0.56)

letter-probability matrix: alength= 4 w= 10 nsites= 1 E= 0
  0.288498	  0.195329	  0.236202	  0.279971	
  0.262688	  0.217232	  0.208714	  0.311365	
  0.103657	  0.077563	  0.037378	  0.781402	
  0.010538	  0.001868	  0.987333	  0.000261	
  0.907737	  0.003939	  0.058030	  0.030294	
  0.040867	  0.916283	  0.003976	  0.038874	
  0.789137	  0.002614	  0.170876	  0.037373	
  0.131845	  0.141405	  0.524071	  0.202680	
  0.191490	  0.309462	  0.309462	  0.189585	
  0.190909	  0.245132	  0.187129	  0.376831	

URL http://cisbp.ccbr.utoronto.ca/TFreport.php?versionNumber=2.00&searchTF=T227610_2.00

MOTIF M00790_2.00 (estExt_fgeneshPB_pg.C_20572)_(Mus_musculus)_(DBD_0.64)

letter-probability matrix: alength= 4 w= 9 nsites= 1 E= 0
  0.337606	  0.151696	  0.424910	  0.085788	
  0.214462	  0.151129	  0.074301	  0.560108	
  0.593218	  0.291652	  0.036436	  0.078694	
  0.697590	  0.152571	  0.033369	  0.116470	
  0.810620	  0.060208	  0.065878	  0.063295	
  0.020715	  0.679160	  0.040079	  0.260046	
  0.798255	  0.049523	  0.065525	  0.086698	
  0.354392	  0.210693	  0.192559	  0.242355	
  0.307967	  0.221405	  0.177681	  0.292947	

URL http://cisbp.ccbr.utoronto.ca/TFreport.php?versionNumber=2.00&searchTF=T189298_2.00

MOTIF M00829_2.00 (gw1.41.85.1)_(Mus_musculus)_(DBD_0.33)

letter-probability matrix: alength= 4 w= 8 nsites= 1 E= 0
  0.260870	  0.173913	  0.130435	  0.434783	
  0.806452	  0.032258	  0.032258	  0.129032	
  0.914286	  0.028571	  0.028571	  0.028571	
  0.028571	  0.885714	  0.028571	  0.057143	
  0.914286	  0.028571	  0.028571	  0.028571	
  0.914286	  0.028571	  0.028571	  0.028571	
  0.028571	  0.028571	  0.028571	  0.914286	
  0.320000	  0.120000	  0.360000	  0.200000	

URL http://cisbp.ccbr.utoronto.ca/TFreport.php?versionNumber=2.00&searchTF=T334253_2.00

MOTIF M00869_2.00 (gw1.54.53.1)_(Arabidopsis_thaliana)_(DBD_0.58)

letter-probability matrix: alength= 4 w= 9 nsites= 1 E= 0
  0.219602	  0.204755	  0.392217	  0.183427	
  0.380662	  0.190931	  0.215274	  0.213132	
  0.402559	  0.170348	  0.203943	  0.223150	
  0.213067	  0.255088	  0.296370	  0.235476	
  0.183535	  0.377060	  0.263066	  0.176338	
  0.120837	  0.030400	  0.102971	  0.745792	
  0.035867	  0.000594	  0.000756	  0.962783	
  0.000182	  0.997905	  0.000117	  0.001796	
  0.043384	  0.361440	  0.287176	  0.307999	

URL http://cisbp.ccbr.utoronto.ca/TFreport.php?versionNumber=2.00&searchTF=T242925_2.00

MOTIF M01102_2.00 (e_gw1.24.146.1)_(PBM_CONSTRUCTS)_(DBD_0.70)

letter-probability matrix: alength= 4 w= 8 nsites= 1 E= 0
  0.520400	  0.150739	  0.150739	  0.178122	
  0.168349	  0.386085	  0.237629	  0.207937	
  0.828862	  0.000085	  0.162423	  0.008630	
  0.000085	  0.999744	  0.000085	  0.000085	
  0.000085	  0.000085	  0.982656	  0.017174	
  0.008630	  0.957023	  0.000085	  0.034262	
  0.008630	  0.017174	  0.965567	  0.008630	
  0.562344	  0.150050	  0.000125	  0.287481	

URL http://cisbp.ccbr.utoronto.ca/TFreport.php?versionNumber=2.00&searchTF=T013898_2.00

MOTIF M01103_2.00 (estExt_fgeneshPB_pg.C_140210)_(Monodelphis_domestica)_(DBD_0.61)

letter-probability matrix: alength= 4 w= 12 nsites= 1 E= 0
  0.315605	  0.228132	  0.228132	  0.228132	
  0.315605	  0.228132	  0.228132	  0.228132	
  0.371355	  0.180390	  0.180390	  0.267864	
  0.700798	  0.099734	  0.099734	  0.099734	
  0.333823	  0.000098	  0.000098	  0.665982	
  0.806854	  0.000098	  0.000098	  0.192951	
  0.177789	  0.000098	  0.000098	  0.822016	
  0.431780	  0.000098	  0.000098	  0.568025	
  0.934102	  0.021966	  0.021966	  0.021966	
  0.934102	  0.021966	  0.021966	  0.021966	
  0.069707	  0.069707	  0.069707	  0.790879	
  0.324794	  0.150363	  0.150363	  0.374480	

URL http://cisbp.ccbr.utoronto.ca/TFreport.php?versionNumber=2.00&searchTF=T017952_2.00

MOTIF M01116_2.00 (gw1.28.77.1)_(Neurospora_crassa)_(DBD_0.80)

letter-probability matrix: alength= 4 w= 9 nsites= 1 E= 0
  0.205969	  0.329549	  0.234563	  0.229919	
  0.099121	  0.747209	  0.074914	  0.078755	
  0.515605	  0.238732	  0.140519	  0.105145	
  0.048574	  0.775174	  0.033218	  0.143035	
  0.095708	  0.119260	  0.781571	  0.003460	
  0.013930	  0.001606	  0.036747	  0.947716	
  0.000984	  0.004545	  0.976584	  0.017887	
  0.493454	  0.273535	  0.122907	  0.110104	
  0.129898	  0.406160	  0.186186	  0.277757	

URL http://cisbp.ccbr.utoronto.ca/TFreport.php?versionNumber=2.00&searchTF=T048669_2.00

MOTIF M01137_2.00 (estExt_fgeneshPB_pg.C_250139)_(Aspergillus_nidulans)_(DBD_0.50)

letter-probability matrix: alength= 4 w= 10 nsites= 1 E= 0
  0.082192	  0.159024	  0.560627	  0.198156	
  0.399052	  0.492301	  0.065306	  0.043341	
  0.000135	  0.000379	  0.036950	  0.962536	
  0.006288	  0.063346	  0.323312	  0.607054	
  0.936896	  0.000420	  0.054739	  0.007945	
  0.032096	  0.543875	  0.256908	  0.167121	
  0.203011	  0.121907	  0.293906	  0.381176	
  0.429329	  0.154814	  0.042616	  0.373241	
  0.724723	  0.092369	  0.090540	  0.092369	
  0.385035	  0.115970	  0.205067	  0.293928	

URL http://cisbp.ccbr.utoronto.ca/TFreport.php?versionNumber=2.00&searchTF=T070918_2.00

MOTIF M01147_2.00 (estExt_fgeneshPB_pg.C_340044)_(Neurospora_crassa)_(DBD_0.53)

letter-probability matrix: alength= 4 w= 10 nsites= 1 E= 0
  0.256344	  0.201648	  0.261523	  0.280485	
  0.466416	  0.147685	  0.263770	  0.122129	
  0.056276	  0.045162	  0.000477	  0.898085	
  0.076513	  0.037995	  0.643848	  0.241643	
  0.796372	  0.031502	  0.085633	  0.086493	
  0.072044	  0.711432	  0.042832	  0.173691	
  0.178754	  0.047276	  0.689532	  0.084438	
  0.163925	  0.196254	  0.078997	  0.560825	
  0.373050	  0.284779	  0.165954	  0.176216	
  0.318316	  0.178225	  0.258022	  0.245438	

URL http://cisbp.ccbr.utoronto.ca/TFreport.php?versionNumber=2.00&searchTF=T070921_2.00

MOTIF M01166_2.00 (fgeneshPB_pg.3__44)_(Rhizopus_oryzae)_(DBD_0.87)

letter-probability matrix: alength= 4 w= 9 nsites= 1 E= 0
  0.230316	  0.216903	  0.212608	  0.340172	
  0.134004	  0.677133	  0.040767	  0.148097	
  0.009892	  0.019921	  0.964648	  0.005539	
  0.003199	  0.995097	  0.000429	  0.001275	
  0.001592	  0.997513	  0.000865	  0.000029	
  0.789084	  0.055195	  0.084849	  0.070872	
  0.006003	  0.955482	  0.007259	  0.031256	
  0.223942	  0.420476	  0.090142	  0.265440	
  0.247333	  0.311293	  0.230611	  0.210763	

URL http://cisbp.ccbr.utoronto.ca/TFreport.php?versionNumber=2.00&searchTF=T139975_2.00

MOTIF M01193_2.00 (estExt_fgeneshPB_pg.C_130275)_(Neurospora_crassa)_(DBD_0.74)

letter-probability matrix: alength= 4 w= 10 nsites= 1 E= 0
  0.171974	  0.307153	  0.259134	  0.261738	
  0.176120	  0.141339	  0.539781	  0.142760	
  0.201468	  0.325587	  0.241201	  0.231743	
  0.242179	  0.354135	  0.186733	  0.216953	
  0.187486	  0.174811	  0.494579	  0.143123	
  0.781029	  0.071565	  0.138464	  0.008941	
  0.008899	  0.010236	  0.050195	  0.930671	
  0.046751	  0.849653	  0.086906	  0.016690	
  0.257316	  0.290123	  0.290123	  0.162439	
  0.191340	  0.312327	  0.250648	  0.245685	

URL http://cisbp.ccbr.utoronto.ca/TFreport.php?versionNumber=2.00&searchTF=T138831_2.00

MOTIF M01198_2.00 (gw1.19.166.1)_(Neurospora_crassa)_(DBD_0.65)

letter-probability matrix: alength= 4 w= 8 nsites= 1 E= 0
  0.008032	  0.985829	  0.000534	  0.005604	
  0.000361	  0.758996	  0.000317	  0.240326	
  0.065429	  0.872155	  0.039290	  0.023126	
  0.000001	  0.999660	  0.000134	  0.000205	
  0.499172	  0.000032	  0.489288	  0.011507	
  0.139979	  0.376715	  0.252520	  0.230786	
  0.284498	  0.230610	  0.244870	  0.240021	
  0.280918	  0.298289	  0.261926	  0.158866	

URL http://cisbp.ccbr.utoronto.ca/TFreport.php?versionNumber=2.00&searchTF=T140047_2.00

MOTIF M01225_2.00 (fgeneshPB_pg.16__231)_(Physcomitrella_patens)_(DBD_0.71)

letter-probability matrix: alength= 4 w= 10 nsites= 1 E= 0
  0.190589	  0.347275	  0.407531	  0.054605	
  0.053131	  0.125558	  0.759581	  0.061730	
  0.006389	  0.948224	  0.000029	  0.045358	
  0.045581	  0.000042	  0.924726	  0.029651	
  0.016651	  0.814394	  0.092060	  0.076895	
  0.118839	  0.496592	  0.220913	  0.163656	
  0.407444	  0.259798	  0.072960	  0.259798	
  0.440817	  0.140982	  0.104442	  0.313760	
  0.395676	  0.129101	  0.157685	  0.317538	
  0.315183	  0.176470	  0.156515	  0.351832	

URL http://cisbp.ccbr.utoronto.ca/TFreport.php?versionNumber=2.00&searchTF=T173852_2.00

MOTIF M01235_2.00 (estExt_fgeneshPB_pg.C_70124)_(Neurospora_crassa)_(DBD_0.89)

letter-probability matrix: alength= 4 w= 11 nsites= 1 E= 0
  0.224507	  0.326478	  0.224507	  0.224507	
  0.203126	  0.299039	  0.391867	  0.105967	
  0.225223	  0.724938	  0.024920	  0.024920	
  0.000216	  0.000216	  0.999351	  0.000216	
  0.999351	  0.000216	  0.000216	  0.000216	
  0.000216	  0.000216	  0.000216	  0.999351	
  0.000216	  0.999351	  0.000216	  0.000216	
  0.000216	  0.000216	  0.897514	  0.102053	
  0.347248	  0.117812	  0.509230	  0.025709	
  0.144249	  0.144249	  0.144249	  0.567252	
  0.225297	  0.324110	  0.225297	  0.225297	

URL http://cisbp.ccbr.utoronto.ca/TFreport.php?versionNumber=2.00&searchTF=T196162_2.00

MOTIF M01237_2.00 (estExt_fgeneshPB_pg.C_40297)_(Neurospora_crassa)_(DBD_0.81)

letter-probability matrix: alength= 4 w= 8 nsites= 1 E= 0
  0.227143	  0.251032	  0.238789	  0.283037	
  0.422687	  0.229667	  0.067130	  0.280516	
  0.086439	  0.059112	  0.811951	  0.042497	
  0.921225	  0.000266	  0.017214	  0.061295	
  0.095561	  0.028212	  0.030869	  0.845358	
  0.509100	  0.209065	  0.076911	  0.204925	
  0.563117	  0.107070	  0.130776	  0.199036	
  0.224323	  0.222091	  0.373563	  0.180023	

URL http://cisbp.ccbr.utoronto.ca/TFreport.php?versionNumber=2.00&searchTF=T196159_2.00

MOTIF M01434_2.00 (gw1.15.181.1)_(Rhizopus_oryzae)_(DBD_0.91)

letter-probability matrix: alength= 4 w= 10 nsites= 1 E= 0
  0.284183	  0.210528	  0.310946	  0.194342	
  0.216915	  0.214756	  0.287006	  0.281323	
  0.089040	  0.039610	  0.811664	  0.059685	
  0.997284	  0.000580	  0.000211	  0.001925	
  0.021064	  0.005975	  0.040754	  0.932207	
  0.109307	  0.592388	  0.105021	  0.193284	
  0.184746	  0.131497	  0.391107	  0.292651	
  0.281044	  0.181003	  0.316876	  0.221077	
  0.125394	  0.693296	  0.026615	  0.154695	
  0.332338	  0.201573	  0.297720	  0.168368	

URL http://cisbp.ccbr.utoronto.ca/TFreport.php?versionNumber=2.00&searchTF=T140039_2.00

MOTIF M01442_2.00 (e_gw1.2.922.1)_(Rhizopus_oryzae)_(DBD_0.91)

letter-probability matrix: alength= 4 w= 10 nsites= 1 E= 0
  0.405205	  0.191405	  0.155150	  0.248239	
  0.012796	  0.971781	  0.003252	  0.012172	
  0.001748	  0.896649	  0.000244	  0.101359	
  0.003474	  0.987573	  0.007809	  0.001145	
  0.007101	  0.992574	  0.000046	  0.000278	
  0.507195	  0.000100	  0.468200	  0.024505	
  0.034159	  0.692999	  0.169191	  0.103651	
  0.533442	  0.115509	  0.198215	  0.152834	
  0.248537	  0.246064	  0.141967	  0.363432	
  0.249168	  0.197972	  0.162086	  0.390773	

URL http://cisbp.ccbr.utoronto.ca/TFreport.php?versionNumber=2.00&searchTF=T138030_2.00

MOTIF M01558_2.00 (e_gw1.1.687.1)_(Saccharomyces_cerevisiae)_(DBD_0.85)

letter-probability matrix: alength= 4 w= 10 nsites= 1 E= 0
  0.112022	  0.583295	  0.081344	  0.223339	
  0.214189	  0.229719	  0.346145	  0.209947	
  0.417547	  0.152079	  0.229155	  0.201220	
  0.584466	  0.060382	  0.129114	  0.226037	
  0.385008	  0.091219	  0.093997	  0.429776	
  0.301324	  0.230024	  0.179143	  0.289509	
  0.257339	  0.273252	  0.284403	  0.185007	
  0.278132	  0.034747	  0.644255	  0.042867	
  0.109929	  0.000794	  0.742363	  0.146913	
  0.392464	  0.185387	  0.181716	  0.240434	

URL http://cisbp.ccbr.utoronto.ca/TFreport.php?versionNumber=2.00&searchTF=T257304_2.00

MOTIF M01565_2.00 (estExt_fgeneshPB_pg.C_360007)_(Saccharomyces_cerevisiae)_(DBD_0.60)

letter-probability matrix: alength= 4 w= 10 nsites= 1 E= 0
  0.275621	  0.196179	  0.184754	  0.343445	
  0.239066	  0.197698	  0.157078	  0.406158	
  0.351405	  0.065493	  0.118148	  0.464954	
  0.275882	  0.145470	  0.109944	  0.468704	
  0.465587	  0.103886	  0.064283	  0.366244	
  0.343551	  0.084719	  0.502369	  0.069362	
  0.039893	  0.339069	  0.050714	  0.570324	
  0.299986	  0.072511	  0.434301	  0.193202	
  0.212492	  0.210378	  0.364638	  0.212492	
  0.183038	  0.221338	  0.419764	  0.175861	

URL http://cisbp.ccbr.utoronto.ca/TFreport.php?versionNumber=2.00&searchTF=T334058_2.00

MOTIF M01566_2.00 (estExt_Genewise1.C_20300)_(Saccharomyces_cerevisiae)_(DBD_0.63)

letter-probability matrix: alength= 4 w= 8 nsites= 1 E= 0
  0.270726	  0.299198	  0.159350	  0.270726	
  0.171103	  0.404343	  0.058690	  0.365865	
  0.701225	  0.048078	  0.204963	  0.045733	
  0.053179	  0.447494	  0.090348	  0.408979	
  0.407307	  0.049381	  0.055677	  0.487635	
  0.525518	  0.097943	  0.128302	  0.248237	
  0.510778	  0.094249	  0.117441	  0.277532	
  0.343791	  0.175921	  0.275898	  0.204391	

URL http://cisbp.ccbr.utoronto.ca/TFreport.php?versionNumber=2.00&searchTF=T334064_2.00

MOTIF M01567_2.00 (fgeneshPB_pg.1__1085)_(Saccharomyces_cerevisiae)_(DBD_0.92)

letter-probability matrix: alength= 4 w= 7 nsites= 1 E= 0
  0.315311	  0.189343	  0.207174	  0.288172	
  0.345705	  0.141966	  0.211788	  0.300541	
  0.271982	  0.110580	  0.155359	  0.462079	
  0.583542	  0.000869	  0.110954	  0.304636	
  0.219565	  0.006434	  0.188981	  0.585020	
  0.934996	  0.000354	  0.051964	  0.012687	
  0.422777	  0.000471	  0.095282	  0.481470	

URL http://cisbp.ccbr.utoronto.ca/TFreport.php?versionNumber=2.00&searchTF=T343127_2.00

MOTIF M01835_2.00 (estExt_fgeneshPB_pg.C_60206)_(Neurospora_crassa)_(DBD_0.59)

letter-probability matrix: alength= 4 w= 11 nsites= 1 E= 0
  0.227977	  0.227977	  0.316068	  0.227977	
  0.575603	  0.108023	  0.208350	  0.108023	
  0.833557	  0.055481	  0.055481	  0.055481	
  0.000201	  0.000201	  0.089004	  0.910593	
  0.188309	  0.089004	  0.722485	  0.000201	
  0.906520	  0.000201	  0.000201	  0.093078	
  0.183108	  0.539578	  0.089004	  0.188309	
  0.277113	  0.000201	  0.539578	  0.183108	
  0.393952	  0.022224	  0.022224	  0.561601	
  0.236961	  0.363298	  0.257563	  0.142178	
  0.415840	  0.194720	  0.194720	  0.194720	

URL http://cisbp.ccbr.utoronto.ca/TFreport.php?versionNumber=2.00&searchTF=T070925_2.00

MOTIF M01870_2.00 (gw1.66.31.1)_(Neurospora_crassa)_(DBD_0.78)

letter-probability matrix: alength= 4 w= 10 nsites= 1 E= 0
  0.273237	  0.176936	  0.187738	  0.362089	
  0.431108	  0.211968	  0.249341	  0.107583	
  0.044023	  0.904357	  0.000665	  0.050954	
  0.004780	  0.920178	  0.000000	  0.075042	
  0.007516	  0.991760	  0.000000	  0.000725	
  0.032373	  0.942469	  0.006180	  0.018978	
  0.001128	  0.018184	  0.021864	  0.958824	
  0.091522	  0.039079	  0.526572	  0.342827	
  0.502575	  0.085487	  0.262156	  0.149782	
  0.279715	  0.278493	  0.205221	  0.236571	

URL http://cisbp.ccbr.utoronto.ca/TFreport.php?versionNumber=2.00&searchTF=T140103_2.00

MOTIF M02016_2.00 (estExt_fgeneshPB_pg.C_100077)_(Neurospora_crassa)_(DBD_0.86)

letter-probability matrix: alength= 4 w= 9 nsites= 1 E= 0
  0.238290	  0.282447	  0.248015	  0.231248	
  0.249185	  0.272652	  0.259355	  0.218808	
  0.236587	  0.439798	  0.109543	  0.214073	
  0.059758	  0.068055	  0.757717	  0.114470	
  0.902683	  0.000129	  0.000123	  0.097064	
  0.048477	  0.051992	  0.000705	  0.898826	
  0.141843	  0.359503	  0.271706	  0.226948	
  0.208434	  0.289925	  0.254582	  0.247058	
  0.248381	  0.255945	  0.266390	  0.229284	

URL http://cisbp.ccbr.utoronto.ca/TFreport.php?versionNumber=2.00&searchTF=T196150_2.00

MOTIF M02055_2.00 (e_gw1.10.235.1)_(Encephalitozoon_cuniculi)_(DBD_0.60)

letter-probability matrix: alength= 4 w= 9 nsites= 1 E= 0
  0.259454	  0.234764	  0.210309	  0.295473	
  0.174519	  0.228614	  0.282036	  0.314831	
  0.058202	  0.248121	  0.089471	  0.604206	
  0.740913	  0.151091	  0.033713	  0.074283	
  0.897687	  0.051926	  0.014877	  0.035510	
  0.000090	  0.021879	  0.000025	  0.978006	
  0.271104	  0.088456	  0.049033	  0.591406	
  0.383479	  0.034788	  0.026557	  0.555176	
  0.666246	  0.107949	  0.156282	  0.069523	

URL http://cisbp.ccbr.utoronto.ca/TFreport.php?versionNumber=2.00&searchTF=T227241_2.00

MOTIF M02066_2.00 (gw1.16.189.1)_(Cryptococcus_neoformans)_(DBD_0.53)

letter-probability matrix: alength= 4 w= 9 nsites= 1 E= 0
  0.369225	  0.133141	  0.242598	  0.255036	
  0.024933	  0.046349	  0.060715	  0.868003	
  0.000003	  0.003807	  0.026755	  0.969436	
  0.912917	  0.043235	  0.041540	  0.002309	
  0.982717	  0.001897	  0.013878	  0.001507	
  0.067783	  0.009741	  0.000695	  0.921781	
  0.282432	  0.143085	  0.028035	  0.546448	
  0.352017	  0.124422	  0.153497	  0.370065	
  0.373390	  0.226472	  0.221988	  0.178150	

URL http://cisbp.ccbr.utoronto.ca/TFreport.php?versionNumber=2.00&searchTF=T227613_2.00

MOTIF M02143_2.00 (fgeneshPB_pg.18__155)_(Nematostella_vectensis)_(DBD_0.40)

letter-probability matrix: alength= 4 w= 8 nsites= 1 E= 0
  0.197481	  0.283055	  0.203495	  0.315968	
  0.159614	  0.085009	  0.054204	  0.701174	
  0.623566	  0.079476	  0.133681	  0.163278	
  0.868297	  0.028404	  0.061346	  0.041952	
  0.031540	  0.074534	  0.072331	  0.821596	
  0.168804	  0.101366	  0.116599	  0.613230	
  0.357886	  0.081468	  0.441516	  0.119130	
  0.262360	  0.221344	  0.336877	  0.179418	

URL http://cisbp.ccbr.utoronto.ca/TFreport.php?versionNumber=2.00&searchTF=T227588_2.00

MOTIF M02183_2.00 (fgeneshPB_pg.4__239)_(Caenorhabditis_elegans)_(DBD_0.35)

letter-probability matrix: alength= 4 w= 8 nsites= 1 E= 0
  0.091486	  0.000906	  0.906703	  0.000906	
  0.000767	  0.307515	  0.000767	  0.690951	
  0.921012	  0.077454	  0.000767	  0.000767	
  0.997699	  0.000767	  0.000767	  0.000767	
  0.000767	  0.000767	  0.000767	  0.997699	
  0.537577	  0.000767	  0.000767	  0.460890	
  0.997508	  0.000831	  0.000831	  0.000831	
  0.886062	  0.111726	  0.001106	  0.001106	

URL http://cisbp.ccbr.utoronto.ca/TFreport.php?versionNumber=2.00&searchTF=T227590_2.00

MOTIF M02283_2.00 (fgeneshPB_pg.42__110)_(Dictyostelium_discoideum)_(DBD_0.72)

letter-probability matrix: alength= 4 w= 10 nsites= 1 E= 0
  0.233777	  0.598464	  0.083460	  0.084299	
  0.030948	  0.562453	  0.044359	  0.362240	
  0.506429	  0.042836	  0.155615	  0.295120	
  0.524310	  0.062308	  0.043907	  0.369475	
  0.657133	  0.044163	  0.042009	  0.256695	
  0.290800	  0.112464	  0.066862	  0.529873	
  0.281986	  0.340992	  0.131875	  0.245147	
  0.228299	  0.247314	  0.296088	  0.228299	
  0.301159	  0.033037	  0.594451	  0.071353	
  0.207356	  0.056511	  0.520315	  0.215818	

URL http://cisbp.ccbr.utoronto.ca/TFreport.php?versionNumber=2.00&searchTF=T257363_2.00

MOTIF M02489_2.00 (fgeneshPB_pg.2__774)_(Neurospora_crassa)_(DBD_0.30)

letter-probability matrix: alength= 4 w= 13 nsites= 1 E= 0
  0.314560	  0.228480	  0.228480	  0.228480	
  0.314560	  0.228480	  0.228480	  0.228480	
  0.228480	  0.228480	  0.228480	  0.314560	
  0.179751	  0.179751	  0.352587	  0.287911	
  0.106308	  0.106308	  0.106308	  0.681075	
  0.999343	  0.000219	  0.000219	  0.000219	
  0.000219	  0.000219	  0.000219	  0.999343	
  0.000219	  0.000219	  0.000219	  0.999343	
  0.439343	  0.021739	  0.517180	  0.021739	
  0.230293	  0.021739	  0.021739	  0.726229	
  0.230788	  0.021739	  0.021739	  0.725734	
  0.788596	  0.070468	  0.070468	  0.070468	
  0.244188	  0.143911	  0.143911	  0.467991	

URL http://cisbp.ccbr.utoronto.ca/TFreport.php?versionNumber=2.00&searchTF=T334212_2.00

MOTIF M02490_2.00 (gw1.72.30.1)_(Neurospora_crassa)_(DBD_0.47)

letter-probability matrix: alength= 4 w= 10 nsites= 1 E= 0
  0.329130	  0.229626	  0.220622	  0.220622	
  0.346994	  0.223477	  0.251969	  0.177560	
  0.448098	  0.134965	  0.110500	  0.306437	
  0.335755	  0.153912	  0.139266	  0.371067	
  0.248453	  0.220358	  0.178619	  0.352571	
  0.233539	  0.293933	  0.209213	  0.263315	
  0.195880	  0.356917	  0.275201	  0.172001	
  0.140053	  0.396240	  0.262965	  0.200742	
  0.596865	  0.017317	  0.262878	  0.122939	
  0.143083	  0.219956	  0.147441	  0.489520	

URL http://cisbp.ccbr.utoronto.ca/TFreport.php?versionNumber=2.00&searchTF=T334260_2.00

MOTIF M02581_2.00 (fgeneshPB_pg.22__185)_(Puccinia_graminis)_(DBD_0.80)

letter-probability matrix: alength= 4 w= 8 nsites= 1 E= 0
  0.427557	  0.001420	  0.001420	  0.569602	
  0.000996	  0.000996	  0.000996	  0.997012	
  0.000906	  0.997283	  0.000906	  0.000906	
  0.000906	  0.091486	  0.906703	  0.000906	
  0.000906	  0.000906	  0.997283	  0.000906	
  0.363225	  0.000906	  0.634964	  0.000906	
  0.997283	  0.000906	  0.000906	  0.000906	
  0.125622	  0.125622	  0.125622	  0.623134	

URL http://cisbp.ccbr.utoronto.ca/TFreport.php?versionNumber=2.00&searchTF=T390447_2.00

MOTIF M02698_2.00 (estExt_fgeneshPB_pm.C_510007)_(Arabidopsis_thaliana)_(DBD_0.91)

letter-probability matrix: alength= 4 w= 11 nsites= 1 E= 0
  0.140000	  0.450000	  0.230000	  0.180000	
  0.160000	  0.270000	  0.550000	  0.020000	
  0.000000	  0.919192	  0.040404	  0.040404	
  0.000000	  0.050000	  0.930000	  0.020000	
  0.040404	  0.939394	  0.000000	  0.020202	
  0.040404	  0.020202	  0.020202	  0.919192	
  0.080808	  0.000000	  0.858586	  0.060606	
  0.960000	  0.000000	  0.020000	  0.020000	
  0.040000	  0.040000	  0.920000	  0.000000	
  0.020000	  0.550000	  0.260000	  0.170000	
  0.151515	  0.323232	  0.242424	  0.282828	

URL http://cisbp.ccbr.utoronto.ca/TFreport.php?versionNumber=2.00&searchTF=T284791_2.00

MOTIF M03761_2.00 (e_gw1.20.160.1)_(Drosophila_melanogaster)_(DBD_0.69)

letter-probability matrix: alength= 4 w= 8 nsites= 1 E= 0
  0.223431	  0.206679	  0.466469	  0.103420	
  0.308898	  0.477701	  0.025315	  0.188086	
  0.000000	  0.000000	  1.000000	  0.000000	
  0.999515	  0.000485	  0.000000	  0.000000	
  0.000000	  0.000000	  0.000000	  1.000000	
  0.999946	  0.000054	  0.000000	  0.000000	
  1.000000	  0.000000	  0.000000	  0.000000	
  0.024249	  0.421465	  0.504790	  0.049496	

URL http://cisbp.ccbr.utoronto.ca/TFreport.php?versionNumber=2.00&searchTF=T196078_2.00

MOTIF M05555_2.00 (estExt_fgeneshPB_pg.C_10863)_(Homo_sapiens)_(DBD_0.77)

letter-probability matrix: alength= 4 w= 10 nsites= 1 E= 0
  0.035449	  0.964551	  0.000000	  0.000000	
  0.000000	  0.617094	  0.000000	  0.382906	
  0.627368	  0.086316	  0.092632	  0.193684	
  0.537897	  0.046455	  0.000000	  0.415648	
  0.811936	  0.004164	  0.000000	  0.183900	
  0.225743	  0.001980	  0.000000	  0.772277	
  0.399187	  0.039837	  0.008943	  0.552033	
  0.283482	  0.055060	  0.073661	  0.587798	
  0.044118	  0.000000	  0.955882	  0.000000	
  0.000000	  0.000000	  0.975000	  0.025000	

URL http://cisbp.ccbr.utoronto.ca/TFreport.php?versionNumber=2.00&searchTF=T257337_2.00

MOTIF M07979_2.00 (fgeneshPB_pg.6__462)_(Homo_sapiens)_(DBD_0.71)

letter-probability matrix: alength= 4 w= 15 nsites= 1 E= 0
  0.310573	  0.154185	  0.306167	  0.229075	
  0.310573	  0.105727	  0.270925	  0.312775	
  0.160793	  0.101322	  0.385463	  0.352423	
  0.149780	  0.640969	  0.057269	  0.151982	
  0.000000	  0.506608	  0.000000	  0.493392	
  0.711454	  0.129956	  0.024229	  0.134361	
  0.704846	  0.019824	  0.114537	  0.160793	
  0.938326	  0.000000	  0.044053	  0.017621	
  0.905286	  0.004405	  0.002203	  0.088106	
  0.925110	  0.000000	  0.000000	  0.074890	
  0.033040	  0.000000	  0.000000	  0.966960	
  0.958150	  0.000000	  0.041850	  0.000000	
  0.209251	  0.052863	  0.702644	  0.035242	
  0.416300	  0.354626	  0.090308	  0.138767	
  0.387665	  0.262115	  0.070485	  0.279736	

URL http://cisbp.ccbr.utoronto.ca/TFreport.php?versionNumber=2.00&searchTF=T257364_2.00

MOTIF M08108_2.00 (estExt_fgeneshPB_pg.C_70158)_(Homo_sapiens)_(DBD_0.77)

letter-probability matrix: alength= 4 w= 11 nsites= 1 E= 0
  0.204783	  0.244644	  0.387145	  0.163428	
  0.131041	  0.340807	  0.468361	  0.059791	
  0.023916	  0.035376	  0.927753	  0.012955	
  0.013951	  0.939711	  0.010962	  0.035376	
  0.006976	  0.026906	  0.962631	  0.003488	
  0.017937	  0.039860	  0.929248	  0.012955	
  0.013453	  0.015944	  0.956153	  0.014449	
  0.924265	  0.011958	  0.048829	  0.014948	
  0.819631	  0.084704	  0.068261	  0.027404	
  0.231689	  0.322372	  0.322870	  0.123069	
  0.189836	  0.300947	  0.322870	  0.186348	

URL http://cisbp.ccbr.utoronto.ca/TFreport.php?versionNumber=2.00&searchTF=T173828_2.00

MOTIF M08452_2.00 (estExt_fgeneshPB_pg.C_250119)_(Saccharomyces_cerevisiae)_(DBD_0.79)

letter-probability matrix: alength= 4 w= 5 nsites= 1 E= 0
  0.000000	  0.000000	  0.000000	  1.000000	
  0.000000	  0.000000	  0.010160	  0.989840	
  0.005578	  0.000000	  0.994422	  0.000000	
  0.000000	  0.000000	  0.998223	  0.001777	
  0.158006	  0.378979	  0.030665	  0.432350	

URL http://cisbp.ccbr.utoronto.ca/TFreport.php?versionNumber=2.00&searchTF=T160596_2.00

