MEME version 4

ALPHABET= ACGT

strands: + -

Background letter frequencies (from uniform background):
A 0.25000 C 0.25000 G 0.25000 T 0.25000 

MOTIF M00008_2.00 (Q7DLU9_PEA)_(Saccharomyces_cerevisiae)_(DBD_0.54)

letter-probability matrix: alength= 4 w= 7 nsites= 1 E= 0
  0.282959	  0.248465	  0.245993	  0.222583	
  0.316659	  0.184532	  0.236944	  0.261864	
  0.377778	  0.112652	  0.209413	  0.300157	
  0.616393	  0.068985	  0.111484	  0.203138	
  0.675764	  0.042770	  0.063171	  0.218294	
  0.326032	  0.133887	  0.082023	  0.458058	
  0.321153	  0.137266	  0.112384	  0.429198	

URL http://cisbp.ccbr.utoronto.ca/TFreport.php?versionNumber=2.00&searchTF=T017928_2.00

MOTIF M02720_2.00 HMG-1

letter-probability matrix: alength= 4 w= 9 nsites= 1 E= 0
  0.000000	  0.384615	  0.615385	  0.000000	
  0.000000	  0.000000	  0.230769	  0.769231	
  0.000000	  0.307692	  0.000000	  0.692308	
  0.000000	  0.153846	  0.769231	  0.076923	
  0.000000	  0.076923	  0.000000	  0.923077	
  0.461538	  0.076923	  0.230769	  0.230769	
  0.230769	  0.384615	  0.000000	  0.384615	
  0.000000	  0.076923	  0.153846	  0.769231	
  0.000000	  0.615385	  0.076923	  0.307692	

URL http://cisbp.ccbr.utoronto.ca/TFreport.php?versionNumber=2.00&searchTF=T333879_2.00

MOTIF M02725_2.00 PEND

letter-probability matrix: alength= 4 w= 10 nsites= 1 E= 0
  0.500000	  0.333333	  0.119048	  0.047619	
  0.833333	  0.000000	  0.071429	  0.095238	
  0.023810	  0.047619	  0.166667	  0.761905	
  0.928571	  0.023810	  0.000000	  0.047619	
  0.904762	  0.047619	  0.047619	  0.000000	
  0.095238	  0.047619	  0.785714	  0.071429	
  0.809524	  0.095238	  0.000000	  0.095238	
  0.928571	  0.047619	  0.000000	  0.023810	
  0.238095	  0.166667	  0.452381	  0.142857	
  0.047619	  0.190476	  0.047619	  0.714286	

URL http://cisbp.ccbr.utoronto.ca/TFreport.php?versionNumber=2.00&searchTF=T350382_2.00

