MEME version 4

ALPHABET= ACGT

strands: + -

Background letter frequencies (from uniform background):
A 0.25000 C 0.25000 G 0.25000 T 0.25000 

MOTIF M00051_2.00 (V499_06339)_(Saccharomyces_cerevisiae)_(DBD_0.83)

letter-probability matrix: alength= 4 w= 8 nsites= 1 E= 0
  0.270248	  0.432235	  0.000270	  0.297246	
  0.000196	  0.000196	  0.999412	  0.000196	
  0.999424	  0.000192	  0.000192	  0.000192	
  0.000192	  0.000192	  0.000192	  0.999424	
  0.980208	  0.000192	  0.019408	  0.000192	
  0.940635	  0.000196	  0.000196	  0.058973	
  0.022934	  0.113760	  0.840372	  0.022934	
  0.344697	  0.241391	  0.241391	  0.172521	

URL http://cisbp.ccbr.utoronto.ca/TFreport.php?versionNumber=2.00&searchTF=T195619_2.00

MOTIF M00058_2.00 (V499_00333)_(Saccharomyces_cerevisiae)_(DBD_0.49)

letter-probability matrix: alength= 4 w= 8 nsites= 1 E= 0
  0.565080	  0.141352	  0.108757	  0.184811	
  0.061126	  0.068758	  0.015339	  0.854777	
  0.248276	  0.096594	  0.000069	  0.655061	
  0.894567	  0.000066	  0.000066	  0.105301	
  0.966917	  0.000066	  0.000066	  0.032952	
  0.078992	  0.006643	  0.013220	  0.901144	
  0.048001	  0.000068	  0.034306	  0.917625	
  0.654724	  0.008935	  0.177017	  0.159324	

URL http://cisbp.ccbr.utoronto.ca/TFreport.php?versionNumber=2.00&searchTF=T224448_2.00

MOTIF M00060_2.00 (V499_02686)_(Saccharomyces_cerevisiae)_(DBD_0.44)

letter-probability matrix: alength= 4 w= 9 nsites= 1 E= 0
  0.320154	  0.181055	  0.206191	  0.292599	
  0.231700	  0.238756	  0.197442	  0.332102	
  0.223589	  0.242212	  0.287095	  0.247105	
  0.161512	  0.025143	  0.029212	  0.784133	
  0.138264	  0.051376	  0.075881	  0.734480	
  0.092315	  0.709959	  0.122145	  0.075581	
  0.148989	  0.381409	  0.144586	  0.325016	
  0.473500	  0.149928	  0.202381	  0.174191	
  0.182247	  0.285820	  0.153755	  0.378177	

URL http://cisbp.ccbr.utoronto.ca/TFreport.php?versionNumber=2.00&searchTF=T242425_2.00

MOTIF M00061_2.00 (V499_02747)_(Saccharomyces_cerevisiae)_(DBD_0.61)

letter-probability matrix: alength= 4 w= 8 nsites= 1 E= 0
  0.726984	  0.045578	  0.075863	  0.151575	
  0.056906	  0.193208	  0.068264	  0.681622	
  0.064288	  0.064288	  0.871332	  0.000092	
  0.000090	  0.000090	  0.999730	  0.000090	
  0.000090	  0.972713	  0.027107	  0.000090	
  0.000090	  0.963707	  0.009096	  0.027107	
  0.586810	  0.119622	  0.293459	  0.000109	
  0.142918	  0.057253	  0.742576	  0.057253	

URL http://cisbp.ccbr.utoronto.ca/TFreport.php?versionNumber=2.00&searchTF=T242426_2.00

MOTIF M00066_2.00 (V499_05779)_(Saccharomyces_cerevisiae)_(DBD_0.47)

letter-probability matrix: alength= 4 w= 10 nsites= 1 E= 0
  0.228304	  0.228304	  0.228304	  0.315088	
  0.119950	  0.353086	  0.407015	  0.119950	
  0.000130	  0.000130	  0.999610	  0.000130	
  0.000130	  0.000130	  0.000130	  0.999610	
  0.000130	  0.000130	  0.000130	  0.999610	
  0.086914	  0.000130	  0.912826	  0.000130	
  0.000130	  0.999610	  0.000130	  0.000130	
  0.000130	  0.437251	  0.000130	  0.562489	
  0.934522	  0.021826	  0.021826	  0.021826	
  0.130180	  0.304898	  0.261306	  0.303616	

URL http://cisbp.ccbr.utoronto.ca/TFreport.php?versionNumber=2.00&searchTF=T318846_2.00

MOTIF M00070_2.00 (V499_06181)_(Saccharomyces_cerevisiae)_(DBD_0.51)

letter-probability matrix: alength= 4 w= 11 nsites= 1 E= 0
  0.268573	  0.272224	  0.178881	  0.280322	
  0.509793	  0.098806	  0.292595	  0.098806	
  0.848016	  0.050661	  0.050661	  0.050661	
  0.999893	  0.000036	  0.000036	  0.000036	
  0.000036	  0.903786	  0.000036	  0.096142	
  0.903786	  0.000036	  0.000036	  0.096142	
  0.999893	  0.000036	  0.000036	  0.000036	
  0.000036	  0.000036	  0.000036	  0.999893	
  0.591260	  0.071155	  0.071155	  0.266431	
  0.345743	  0.151230	  0.257625	  0.245401	
  0.199374	  0.199374	  0.199374	  0.401877	

URL http://cisbp.ccbr.utoronto.ca/TFreport.php?versionNumber=2.00&searchTF=T333173_2.00

MOTIF M00102_2.00 (V499_01314)_(Saccharomyces_cerevisiae)_(DBD_0.46)

letter-probability matrix: alength= 4 w= 9 nsites= 1 E= 0
  0.230826	  0.235489	  0.240247	  0.293438	
  0.234897	  0.237257	  0.278424	  0.249422	
  0.263068	  0.265712	  0.202839	  0.268382	
  0.094644	  0.692371	  0.066031	  0.146954	
  0.000084	  0.999903	  0.000001	  0.000012	
  0.000730	  0.068439	  0.930712	  0.000118	
  0.001227	  0.000063	  0.986717	  0.011994	
  0.700294	  0.116921	  0.159413	  0.023371	
  0.335031	  0.152052	  0.297146	  0.215772	

URL http://cisbp.ccbr.utoronto.ca/TFreport.php?versionNumber=2.00&searchTF=T386976_2.00

MOTIF M00407_2.00 (V499_08977)_(Mus_musculus)_(DBD_0.55)

letter-probability matrix: alength= 4 w= 9 nsites= 1 E= 0
  0.295464	  0.173911	  0.204087	  0.326538	
  0.083726	  0.082068	  0.055565	  0.778641	
  0.003120	  0.034053	  0.960935	  0.001893	
  0.873497	  0.000758	  0.057541	  0.068204	
  0.019591	  0.939245	  0.007207	  0.033956	
  0.851816	  0.012030	  0.105359	  0.030796	
  0.150397	  0.123135	  0.540925	  0.185542	
  0.147020	  0.354449	  0.343974	  0.154557	
  0.187865	  0.236447	  0.144854	  0.430834	

URL http://cisbp.ccbr.utoronto.ca/TFreport.php?versionNumber=2.00&searchTF=T224452_2.00

MOTIF M00790_2.00 (V499_00193)_(Mus_musculus)_(DBD_0.57)

letter-probability matrix: alength= 4 w= 9 nsites= 1 E= 0
  0.337606	  0.151696	  0.424910	  0.085788	
  0.214462	  0.151129	  0.074301	  0.560108	
  0.593218	  0.291652	  0.036436	  0.078694	
  0.697590	  0.152571	  0.033369	  0.116470	
  0.810620	  0.060208	  0.065878	  0.063295	
  0.020715	  0.679160	  0.040079	  0.260046	
  0.798255	  0.049523	  0.065525	  0.086698	
  0.354392	  0.210693	  0.192559	  0.242355	
  0.307967	  0.221405	  0.177681	  0.292947	

URL http://cisbp.ccbr.utoronto.ca/TFreport.php?versionNumber=2.00&searchTF=T188763_2.00

MOTIF M01102_2.00 (V499_03527)_(PBM_CONSTRUCTS)_(DBD_0.61)

letter-probability matrix: alength= 4 w= 8 nsites= 1 E= 0
  0.520400	  0.150739	  0.150739	  0.178122	
  0.168349	  0.386085	  0.237629	  0.207937	
  0.828862	  0.000085	  0.162423	  0.008630	
  0.000085	  0.999744	  0.000085	  0.000085	
  0.000085	  0.000085	  0.982656	  0.017174	
  0.008630	  0.957023	  0.000085	  0.034262	
  0.008630	  0.017174	  0.965567	  0.008630	
  0.562344	  0.150050	  0.000125	  0.287481	

URL http://cisbp.ccbr.utoronto.ca/TFreport.php?versionNumber=2.00&searchTF=T012431_2.00

MOTIF M01104_2.00 (V499_05990)_(Fusarium_graminearum)_(DBD_0.50)

letter-probability matrix: alength= 4 w= 10 nsites= 1 E= 0
  0.275242	  0.208023	  0.170315	  0.346420	
  0.354896	  0.194771	  0.226292	  0.224040	
  0.393688	  0.199449	  0.175135	  0.231727	
  0.446255	  0.101584	  0.226080	  0.226080	
  0.369831	  0.085888	  0.123106	  0.421174	
  0.504457	  0.044857	  0.076975	  0.373711	
  0.796844	  0.000336	  0.000336	  0.202484	
  0.605595	  0.000062	  0.000397	  0.393945	
  0.296896	  0.000116	  0.028887	  0.674102	
  0.306380	  0.261080	  0.107214	  0.325326	

URL http://cisbp.ccbr.utoronto.ca/TFreport.php?versionNumber=2.00&searchTF=T017869_2.00

MOTIF M01106_2.00 (V499_01073)_(Trichomonas_vaginalis)_(DBD_0.54)

letter-probability matrix: alength= 4 w= 8 nsites= 1 E= 0
  0.483861	  0.092001	  0.215250	  0.208888	
  0.550968	  0.140005	  0.167616	  0.141412	
  0.561595	  0.058603	  0.114524	  0.265279	
  0.513647	  0.040106	  0.069515	  0.376733	
  0.597236	  0.037424	  0.030948	  0.334392	
  0.763937	  0.036910	  0.033733	  0.165420	
  0.582011	  0.007741	  0.027840	  0.382408	
  0.380653	  0.020326	  0.002038	  0.596983	

URL http://cisbp.ccbr.utoronto.ca/TFreport.php?versionNumber=2.00&searchTF=T017868_2.00

MOTIF M01112_2.00 (V499_08351)_(Aspergillus_nidulans)_(DBD_0.89)

letter-probability matrix: alength= 4 w= 10 nsites= 1 E= 0
  0.122112	  0.224738	  0.209544	  0.443606	
  0.018496	  0.970245	  0.005461	  0.005798	
  0.745660	  0.085993	  0.077036	  0.091311	
  0.007546	  0.773578	  0.056319	  0.162557	
  0.141821	  0.067665	  0.784125	  0.006389	
  0.016308	  0.011724	  0.045226	  0.926741	
  0.001098	  0.003467	  0.985529	  0.009906	
  0.829137	  0.075218	  0.044718	  0.050927	
  0.020220	  0.576333	  0.043237	  0.360210	
  0.211790	  0.401656	  0.147761	  0.238793	

URL http://cisbp.ccbr.utoronto.ca/TFreport.php?versionNumber=2.00&searchTF=T046094_2.00

MOTIF M01115_2.00 (V499_01623)_(Neurospora_crassa)_(DBD_0.94)

letter-probability matrix: alength= 4 w= 10 nsites= 1 E= 0
  0.401900	  0.132450	  0.201583	  0.264067	
  0.232202	  0.199858	  0.114161	  0.453778	
  0.047953	  0.533909	  0.070826	  0.347312	
  0.589023	  0.001713	  0.237096	  0.172167	
  0.140856	  0.436041	  0.139454	  0.283649	
  0.219952	  0.173021	  0.359032	  0.247995	
  0.172499	  0.317472	  0.192557	  0.317472	
  0.161212	  0.287930	  0.285065	  0.265793	
  0.506352	  0.195827	  0.122392	  0.175429	
  0.203641	  0.291885	  0.197623	  0.306850	

URL http://cisbp.ccbr.utoronto.ca/TFreport.php?versionNumber=2.00&searchTF=T046087_2.00

MOTIF M01116_2.00 (V499_06662)_(Neurospora_crassa)_(DBD_0.98)

letter-probability matrix: alength= 4 w= 9 nsites= 1 E= 0
  0.205969	  0.329549	  0.234563	  0.229919	
  0.099121	  0.747209	  0.074914	  0.078755	
  0.515605	  0.238732	  0.140519	  0.105145	
  0.048574	  0.775174	  0.033218	  0.143035	
  0.095708	  0.119260	  0.781571	  0.003460	
  0.013930	  0.001606	  0.036747	  0.947716	
  0.000984	  0.004545	  0.976584	  0.017887	
  0.493454	  0.273535	  0.122907	  0.110104	
  0.129898	  0.406160	  0.186186	  0.277757	

URL http://cisbp.ccbr.utoronto.ca/TFreport.php?versionNumber=2.00&searchTF=T046093_2.00

MOTIF M01137_2.00 (V499_08520)_(Aspergillus_nidulans)_(DBD_0.65)

letter-probability matrix: alength= 4 w= 10 nsites= 1 E= 0
  0.082192	  0.159024	  0.560627	  0.198156	
  0.399052	  0.492301	  0.065306	  0.043341	
  0.000135	  0.000379	  0.036950	  0.962536	
  0.006288	  0.063346	  0.323312	  0.607054	
  0.936896	  0.000420	  0.054739	  0.007945	
  0.032096	  0.543875	  0.256908	  0.167121	
  0.203011	  0.121907	  0.293906	  0.381176	
  0.429329	  0.154814	  0.042616	  0.373241	
  0.724723	  0.092369	  0.090540	  0.092369	
  0.385035	  0.115970	  0.205067	  0.293928	

URL http://cisbp.ccbr.utoronto.ca/TFreport.php?versionNumber=2.00&searchTF=T069222_2.00

MOTIF M01147_2.00 (V499_05475)_(Neurospora_crassa)_(DBD_0.83)

letter-probability matrix: alength= 4 w= 10 nsites= 1 E= 0
  0.256344	  0.201648	  0.261523	  0.280485	
  0.466416	  0.147685	  0.263770	  0.122129	
  0.056276	  0.045162	  0.000477	  0.898085	
  0.076513	  0.037995	  0.643848	  0.241643	
  0.796372	  0.031502	  0.085633	  0.086493	
  0.072044	  0.711432	  0.042832	  0.173691	
  0.178754	  0.047276	  0.689532	  0.084438	
  0.163925	  0.196254	  0.078997	  0.560825	
  0.373050	  0.284779	  0.165954	  0.176216	
  0.318316	  0.178225	  0.258022	  0.245438	

URL http://cisbp.ccbr.utoronto.ca/TFreport.php?versionNumber=2.00&searchTF=T069210_2.00

MOTIF M01151_2.00 (V499_07415)_(Neurospora_crassa)_(DBD_0.69)

letter-probability matrix: alength= 4 w= 8 nsites= 1 E= 0
  0.897410	  0.000996	  0.000996	  0.100598	
  0.071937	  0.214387	  0.570513	  0.143162	
  0.000712	  0.000712	  0.000712	  0.997863	
  0.855413	  0.000712	  0.071937	  0.071937	
  0.926638	  0.000712	  0.071937	  0.000712	
  0.000712	  0.000712	  0.000712	  0.997863	
  0.091486	  0.906703	  0.000906	  0.000906	
  0.996269	  0.001244	  0.001244	  0.001244	

URL http://cisbp.ccbr.utoronto.ca/TFreport.php?versionNumber=2.00&searchTF=T069217_2.00

MOTIF M01178_2.00 (V499_08165)_(Histoplasma_capsulatum)_(DBD_0.79)

letter-probability matrix: alength= 4 w= 10 nsites= 1 E= 0
  0.416285	  0.183345	  0.380456	  0.019913	
  0.664279	  0.131460	  0.026808	  0.177452	
  0.000106	  0.000010	  0.010353	  0.989531	
  0.000620	  0.973878	  0.000190	  0.025312	
  0.016845	  0.966850	  0.016184	  0.000121	
  0.104347	  0.160408	  0.116480	  0.618764	
  0.257094	  0.157503	  0.216902	  0.368501	
  0.148690	  0.446689	  0.164328	  0.240294	
  0.250703	  0.271583	  0.266205	  0.211509	
  0.284612	  0.223884	  0.265370	  0.226134	

URL http://cisbp.ccbr.utoronto.ca/TFreport.php?versionNumber=2.00&searchTF=T131249_2.00

MOTIF M01192_2.00 (V499_00366)_(Neurospora_crassa)_(DBD_0.89)

letter-probability matrix: alength= 4 w= 8 nsites= 1 E= 0
  0.238098	  0.442125	  0.231298	  0.088479	
  0.005803	  0.971099	  0.005803	  0.017295	
  0.000055	  0.933916	  0.000055	  0.065975	
  0.000055	  0.988849	  0.000055	  0.011042	
  0.005548	  0.884476	  0.000055	  0.109921	
  0.022150	  0.016626	  0.011103	  0.950122	
  0.246270	  0.000075	  0.447702	  0.305953	
  0.547243	  0.042193	  0.147412	  0.263152	

URL http://cisbp.ccbr.utoronto.ca/TFreport.php?versionNumber=2.00&searchTF=T131222_2.00

MOTIF M01193_2.00 (V499_00218)_(Neurospora_crassa)_(DBD_0.95)

letter-probability matrix: alength= 4 w= 10 nsites= 1 E= 0
  0.171974	  0.307153	  0.259134	  0.261738	
  0.176120	  0.141339	  0.539781	  0.142760	
  0.201468	  0.325587	  0.241201	  0.231743	
  0.242179	  0.354135	  0.186733	  0.216953	
  0.187486	  0.174811	  0.494579	  0.143123	
  0.781029	  0.071565	  0.138464	  0.008941	
  0.008899	  0.010236	  0.050195	  0.930671	
  0.046751	  0.849653	  0.086906	  0.016690	
  0.257316	  0.290123	  0.290123	  0.162439	
  0.191340	  0.312327	  0.250648	  0.245685	

URL http://cisbp.ccbr.utoronto.ca/TFreport.php?versionNumber=2.00&searchTF=T131220_2.00

MOTIF M01197_2.00 (V499_09268)_(Neurospora_crassa)_(DBD_0.87)

letter-probability matrix: alength= 4 w= 10 nsites= 1 E= 0
  0.241450	  0.165118	  0.243876	  0.349555	
  0.110135	  0.208870	  0.433421	  0.247574	
  0.659888	  0.250152	  0.014615	  0.075344	
  0.038265	  0.013798	  0.920151	  0.027786	
  0.001083	  0.992144	  0.000154	  0.006618	
  0.003632	  0.992121	  0.004014	  0.000232	
  0.006058	  0.080756	  0.561960	  0.351226	
  0.012396	  0.960449	  0.000382	  0.026773	
  0.538639	  0.175747	  0.152787	  0.132827	
  0.262424	  0.254668	  0.162383	  0.320525	

URL http://cisbp.ccbr.utoronto.ca/TFreport.php?versionNumber=2.00&searchTF=T131258_2.00

MOTIF M01198_2.00 (V499_04377)_(Neurospora_crassa)_(DBD_0.96)

letter-probability matrix: alength= 4 w= 8 nsites= 1 E= 0
  0.008032	  0.985829	  0.000534	  0.005604	
  0.000361	  0.758996	  0.000317	  0.240326	
  0.065429	  0.872155	  0.039290	  0.023126	
  0.000001	  0.999660	  0.000134	  0.000205	
  0.499172	  0.000032	  0.489288	  0.011507	
  0.139979	  0.376715	  0.252520	  0.230786	
  0.284498	  0.230610	  0.244870	  0.240021	
  0.280918	  0.298289	  0.261926	  0.158866	

URL http://cisbp.ccbr.utoronto.ca/TFreport.php?versionNumber=2.00&searchTF=T131238_2.00

MOTIF M01235_2.00 (V499_02833)_(Neurospora_crassa)_(DBD_0.89)

letter-probability matrix: alength= 4 w= 11 nsites= 1 E= 0
  0.224507	  0.326478	  0.224507	  0.224507	
  0.203126	  0.299039	  0.391867	  0.105967	
  0.225223	  0.724938	  0.024920	  0.024920	
  0.000216	  0.000216	  0.999351	  0.000216	
  0.999351	  0.000216	  0.000216	  0.000216	
  0.000216	  0.000216	  0.000216	  0.999351	
  0.000216	  0.999351	  0.000216	  0.000216	
  0.000216	  0.000216	  0.897514	  0.102053	
  0.347248	  0.117812	  0.509230	  0.025709	
  0.144249	  0.144249	  0.144249	  0.567252	
  0.225297	  0.324110	  0.225297	  0.225297	

URL http://cisbp.ccbr.utoronto.ca/TFreport.php?versionNumber=2.00&searchTF=T195617_2.00

MOTIF M01237_2.00 (V499_07163)_(Neurospora_crassa)_(DBD_0.94)

letter-probability matrix: alength= 4 w= 8 nsites= 1 E= 0
  0.227143	  0.251032	  0.238789	  0.283037	
  0.422687	  0.229667	  0.067130	  0.280516	
  0.086439	  0.059112	  0.811951	  0.042497	
  0.921225	  0.000266	  0.017214	  0.061295	
  0.095561	  0.028212	  0.030869	  0.845358	
  0.509100	  0.209065	  0.076911	  0.204925	
  0.563117	  0.107070	  0.130776	  0.199036	
  0.224323	  0.222091	  0.373563	  0.180023	

URL http://cisbp.ccbr.utoronto.ca/TFreport.php?versionNumber=2.00&searchTF=T195620_2.00

MOTIF M01274_2.00 (V499_03771)_(Neurospora_crassa)_(DBD_0.88)

letter-probability matrix: alength= 4 w= 10 nsites= 1 E= 0
  0.240853	  0.318680	  0.243274	  0.197194	
  0.220423	  0.229419	  0.115071	  0.435088	
  0.425781	  0.183814	  0.285409	  0.104996	
  0.344735	  0.252845	  0.061116	  0.341305	
  0.000991	  0.001478	  0.004621	  0.992910	
  0.996324	  0.001369	  0.002126	  0.000182	
  0.130163	  0.047408	  0.019083	  0.803347	
  0.611750	  0.074167	  0.102138	  0.211944	
  0.240340	  0.162724	  0.429257	  0.167680	
  0.217449	  0.293526	  0.317973	  0.171052	

URL http://cisbp.ccbr.utoronto.ca/TFreport.php?versionNumber=2.00&searchTF=T281801_2.00

MOTIF M01349_2.00 (V499_02683)_(Aspergillus_nidulans)_(DBD_0.49)

letter-probability matrix: alength= 4 w= 9 nsites= 1 E= 0
  0.156376	  0.474500	  0.111304	  0.257820	
  0.089075	  0.182998	  0.138307	  0.589619	
  0.035283	  0.919116	  0.000296	  0.045305	
  0.012790	  0.067944	  0.905684	  0.013581	
  0.054850	  0.153640	  0.695485	  0.096025	
  0.246459	  0.269670	  0.310194	  0.173677	
  0.364180	  0.001800	  0.068556	  0.565465	
  0.611369	  0.089631	  0.132383	  0.166617	
  0.318988	  0.184040	  0.205440	  0.291533	

URL http://cisbp.ccbr.utoronto.ca/TFreport.php?versionNumber=2.00&searchTF=T387011_2.00

MOTIF M01378_2.00 (V499_00565)_(Aspergillus_nidulans)_(DBD_0.71)

letter-probability matrix: alength= 4 w= 8 nsites= 1 E= 0
  0.221998	  0.231058	  0.337873	  0.209070	
  0.222786	  0.322535	  0.187957	  0.266723	
  0.187996	  0.032669	  0.739830	  0.039505	
  0.000803	  0.993103	  0.000099	  0.005994	
  0.014050	  0.000207	  0.984963	  0.000781	
  0.006205	  0.016369	  0.968168	  0.009257	
  0.923254	  0.012780	  0.022374	  0.041592	
  0.869885	  0.028742	  0.065915	  0.035458	

URL http://cisbp.ccbr.utoronto.ca/TFreport.php?versionNumber=2.00&searchTF=T386962_2.00

MOTIF M01390_2.00 (V499_01659)_(Aspergillus_nidulans)_(DBD_0.46)

letter-probability matrix: alength= 4 w= 8 nsites= 1 E= 0
  0.190589	  0.380703	  0.380703	  0.048004	
  0.000277	  0.000277	  0.000277	  0.999168	
  0.000277	  0.999168	  0.000277	  0.000277	
  0.000277	  0.000277	  0.999168	  0.000277	
  0.000277	  0.139012	  0.860433	  0.000277	
  0.000277	  0.721698	  0.028024	  0.250000	
  0.200057	  0.000285	  0.000285	  0.799372	
  0.922043	  0.038786	  0.038786	  0.000384	

URL http://cisbp.ccbr.utoronto.ca/TFreport.php?versionNumber=2.00&searchTF=T386988_2.00

MOTIF M01420_2.00 (V499_06303)_(Neurospora_crassa)_(DBD_0.92)

letter-probability matrix: alength= 4 w= 11 nsites= 1 E= 0
  0.246046	  0.255232	  0.244001	  0.254721	
  0.197461	  0.506031	  0.100161	  0.196348	
  0.121770	  0.121877	  0.633470	  0.122883	
  0.599356	  0.096427	  0.105102	  0.199115	
  0.000240	  0.504786	  0.000240	  0.494735	
  0.000240	  0.999281	  0.000240	  0.000240	
  0.000240	  0.096427	  0.903094	  0.000240	
  0.105102	  0.000240	  0.894419	  0.000240	
  0.400629	  0.197681	  0.100381	  0.301309	
  0.249515	  0.252660	  0.347746	  0.150079	
  0.224657	  0.224657	  0.224657	  0.326030	

URL http://cisbp.ccbr.utoronto.ca/TFreport.php?versionNumber=2.00&searchTF=T387083_2.00

MOTIF M01422_2.00 (V499_00022)_(Neurospora_crassa)_(DBD_0.49)

letter-probability matrix: alength= 4 w= 10 nsites= 1 E= 0
  0.232604	  0.262260	  0.320325	  0.184811	
  0.142412	  0.454286	  0.186555	  0.216746	
  0.099948	  0.089537	  0.100952	  0.709563	
  0.006856	  0.987460	  0.004689	  0.000995	
  0.012343	  0.049062	  0.937370	  0.001225	
  0.016865	  0.005785	  0.920794	  0.056556	
  0.386984	  0.278212	  0.198023	  0.136781	
  0.169255	  0.188936	  0.450974	  0.190835	
  0.317482	  0.185012	  0.221500	  0.276006	
  0.312522	  0.146156	  0.084325	  0.456997	

URL http://cisbp.ccbr.utoronto.ca/TFreport.php?versionNumber=2.00&searchTF=T386949_2.00

MOTIF M01428_2.00 (V499_05963)_(Neurospora_crassa)_(DBD_0.85)

letter-probability matrix: alength= 4 w= 9 nsites= 1 E= 0
  0.277180	  0.125797	  0.101969	  0.495054	
  0.297132	  0.250680	  0.133510	  0.318677	
  0.211741	  0.203439	  0.328772	  0.256048	
  0.124636	  0.345640	  0.381992	  0.147732	
  0.201066	  0.183760	  0.438619	  0.176555	
  0.000248	  0.999628	  0.000096	  0.000028	
  0.000265	  0.976256	  0.023423	  0.000056	
  0.000076	  0.000046	  0.999845	  0.000033	
  0.507847	  0.122754	  0.214902	  0.154498	

URL http://cisbp.ccbr.utoronto.ca/TFreport.php?versionNumber=2.00&searchTF=T387076_2.00

MOTIF M01430_2.00 (V499_08062)_(Neurospora_crassa)_(DBD_0.90)

letter-probability matrix: alength= 4 w= 10 nsites= 1 E= 0
  0.210147	  0.310819	  0.204562	  0.274472	
  0.011851	  0.070129	  0.011851	  0.906168	
  0.000012	  0.999964	  0.000012	  0.000012	
  0.000012	  0.884310	  0.000012	  0.115666	
  0.000012	  0.115666	  0.884310	  0.000012	
  0.000012	  0.999964	  0.000012	  0.000012	
  0.000012	  0.000012	  0.999964	  0.000012	
  0.000012	  0.000012	  0.999964	  0.000012	
  0.388247	  0.181144	  0.320143	  0.110467	
  0.238161	  0.238161	  0.285518	  0.238161	

URL http://cisbp.ccbr.utoronto.ca/TFreport.php?versionNumber=2.00&searchTF=T387104_2.00

MOTIF M01447_2.00 (V499_06515)_(Histoplasma_capsulatum)_(DBD_0.98)

letter-probability matrix: alength= 4 w= 9 nsites= 1 E= 0
  0.206440	  0.219205	  0.194417	  0.379938	
  0.329746	  0.175620	  0.313665	  0.180969	
  0.027591	  0.802292	  0.067862	  0.102255	
  0.028927	  0.902134	  0.014080	  0.054859	
  0.003857	  0.992123	  0.003896	  0.000125	
  0.003073	  0.994949	  0.001921	  0.000057	
  0.000483	  0.013239	  0.000758	  0.985519	
  0.082078	  0.078859	  0.537896	  0.301167	
  0.408119	  0.104748	  0.344316	  0.142816	

URL http://cisbp.ccbr.utoronto.ca/TFreport.php?versionNumber=2.00&searchTF=T131247_2.00

MOTIF M01448_2.00 (V499_01136)_(Histoplasma_capsulatum)_(DBD_0.91)

letter-probability matrix: alength= 4 w= 10 nsites= 1 E= 0
  0.199492	  0.067072	  0.668993	  0.064443	
  0.146539	  0.259120	  0.082871	  0.511470	
  0.121144	  0.778198	  0.044566	  0.056091	
  0.172916	  0.615729	  0.036701	  0.174654	
  0.154373	  0.033763	  0.720086	  0.091778	
  0.216730	  0.046930	  0.051865	  0.684475	
  0.010124	  0.014082	  0.948547	  0.027247	
  0.029134	  0.881758	  0.023616	  0.065491	
  0.232021	  0.078793	  0.501112	  0.188073	
  0.095693	  0.391955	  0.194639	  0.317713	

URL http://cisbp.ccbr.utoronto.ca/TFreport.php?versionNumber=2.00&searchTF=T131223_2.00

MOTIF M01557_2.00 (V499_02013)_(Saccharomyces_cerevisiae)_(DBD_0.77)

letter-probability matrix: alength= 4 w= 8 nsites= 1 E= 0
  0.009615	  0.009615	  0.009615	  0.971154	
  0.009615	  0.009615	  0.009615	  0.971154	
  0.971154	  0.009615	  0.009615	  0.009615	
  0.971154	  0.009615	  0.009615	  0.009615	
  0.009615	  0.009615	  0.009615	  0.971154	
  0.971154	  0.009615	  0.009615	  0.009615	
  0.971154	  0.009615	  0.009615	  0.009615	
  0.971154	  0.009615	  0.009615	  0.009615	

URL http://cisbp.ccbr.utoronto.ca/TFreport.php?versionNumber=2.00&searchTF=T256738_2.00

MOTIF M01558_2.00 (V499_08986)_(Saccharomyces_cerevisiae)_(DBD_0.88)

letter-probability matrix: alength= 4 w= 10 nsites= 1 E= 0
  0.112022	  0.583295	  0.081344	  0.223339	
  0.214189	  0.229719	  0.346145	  0.209947	
  0.417547	  0.152079	  0.229155	  0.201220	
  0.584466	  0.060382	  0.129114	  0.226037	
  0.385008	  0.091219	  0.093997	  0.429776	
  0.301324	  0.230024	  0.179143	  0.289509	
  0.257339	  0.273252	  0.284403	  0.185007	
  0.278132	  0.034747	  0.644255	  0.042867	
  0.109929	  0.000794	  0.742363	  0.146913	
  0.392464	  0.185387	  0.181716	  0.240434	

URL http://cisbp.ccbr.utoronto.ca/TFreport.php?versionNumber=2.00&searchTF=T256739_2.00

MOTIF M01566_2.00 (V499_06692)_(Saccharomyces_cerevisiae)_(DBD_0.71)

letter-probability matrix: alength= 4 w= 8 nsites= 1 E= 0
  0.270726	  0.299198	  0.159350	  0.270726	
  0.171103	  0.404343	  0.058690	  0.365865	
  0.701225	  0.048078	  0.204963	  0.045733	
  0.053179	  0.447494	  0.090348	  0.408979	
  0.407307	  0.049381	  0.055677	  0.487635	
  0.525518	  0.097943	  0.128302	  0.248237	
  0.510778	  0.094249	  0.117441	  0.277532	
  0.343791	  0.175921	  0.275898	  0.204391	

URL http://cisbp.ccbr.utoronto.ca/TFreport.php?versionNumber=2.00&searchTF=T333176_2.00

MOTIF M01567_2.00 (V499_02736)_(Saccharomyces_cerevisiae)_(DBD_0.92)

letter-probability matrix: alength= 4 w= 7 nsites= 1 E= 0
  0.315311	  0.189343	  0.207174	  0.288172	
  0.345705	  0.141966	  0.211788	  0.300541	
  0.271982	  0.110580	  0.155359	  0.462079	
  0.583542	  0.000869	  0.110954	  0.304636	
  0.219565	  0.006434	  0.188981	  0.585020	
  0.934996	  0.000354	  0.051964	  0.012687	
  0.422777	  0.000471	  0.095282	  0.481470	

URL http://cisbp.ccbr.utoronto.ca/TFreport.php?versionNumber=2.00&searchTF=T342989_2.00

MOTIF M01649_2.00 (V499_03945)_(Aspergillus_nidulans)_(DBD_0.85)

letter-probability matrix: alength= 4 w= 10 nsites= 1 E= 0
  0.159319	  0.403796	  0.210800	  0.226085	
  0.259571	  0.353906	  0.194228	  0.192295	
  0.061610	  0.194576	  0.000720	  0.743094	
  0.155603	  0.015916	  0.740485	  0.087997	
  0.004192	  0.882855	  0.003755	  0.109198	
  0.810654	  0.030810	  0.087168	  0.071367	
  0.035236	  0.068175	  0.299490	  0.597098	
  0.343722	  0.179439	  0.326959	  0.149880	
  0.293030	  0.206495	  0.131667	  0.368808	
  0.327019	  0.212729	  0.249640	  0.210612	

URL http://cisbp.ccbr.utoronto.ca/TFreport.php?versionNumber=2.00&searchTF=T012432_2.00

MOTIF M01764_2.00 (V499_06127)_(Neurospora_crassa)_(DBD_0.90)

letter-probability matrix: alength= 4 w= 8 nsites= 1 E= 0
  0.155399	  0.605464	  0.085285	  0.153853	
  0.482785	  0.126415	  0.223536	  0.167264	
  0.050807	  0.711963	  0.000239	  0.236992	
  0.136010	  0.078471	  0.782682	  0.002837	
  0.112390	  0.135908	  0.000270	  0.751431	
  0.016247	  0.030505	  0.878218	  0.075030	
  0.336463	  0.336463	  0.136796	  0.190278	
  0.171491	  0.348812	  0.205312	  0.274385	

URL http://cisbp.ccbr.utoronto.ca/TFreport.php?versionNumber=2.00&searchTF=T046092_2.00

MOTIF M01791_2.00 (V499_07882)_(Aspergillus_nidulans)_(DBD_0.77)

letter-probability matrix: alength= 4 w= 9 nsites= 1 E= 0
  0.248440	  0.175072	  0.312686	  0.263802	
  0.348841	  0.201264	  0.236185	  0.213709	
  0.250961	  0.137730	  0.144792	  0.466518	
  0.192616	  0.159285	  0.330530	  0.317569	
  0.547798	  0.306711	  0.100074	  0.045418	
  0.083480	  0.792037	  0.004829	  0.119654	
  0.161924	  0.013834	  0.778312	  0.045930	
  0.238359	  0.306059	  0.081759	  0.373822	
  0.313093	  0.147894	  0.356559	  0.182454	

URL http://cisbp.ccbr.utoronto.ca/TFreport.php?versionNumber=2.00&searchTF=T069220_2.00

MOTIF M01833_2.00 (V499_01554)_(Neurospora_crassa)_(DBD_0.87)

letter-probability matrix: alength= 4 w= 8 nsites= 1 E= 0
  0.071937	  0.071937	  0.071937	  0.784188	
  0.945903	  0.000525	  0.053046	  0.000525	
  0.053046	  0.893382	  0.000525	  0.053046	
  0.000525	  0.053046	  0.945903	  0.000525	
  0.000525	  0.000525	  0.000525	  0.998424	
  0.893382	  0.053046	  0.000525	  0.053046	
  0.998424	  0.000525	  0.000525	  0.000525	
  0.077454	  0.154141	  0.077454	  0.690951	

URL http://cisbp.ccbr.utoronto.ca/TFreport.php?versionNumber=2.00&searchTF=T069199_2.00

MOTIF M01835_2.00 (V499_06269)_(Neurospora_crassa)_(DBD_0.84)

letter-probability matrix: alength= 4 w= 11 nsites= 1 E= 0
  0.227977	  0.227977	  0.316068	  0.227977	
  0.575603	  0.108023	  0.208350	  0.108023	
  0.833557	  0.055481	  0.055481	  0.055481	
  0.000201	  0.000201	  0.089004	  0.910593	
  0.188309	  0.089004	  0.722485	  0.000201	
  0.906520	  0.000201	  0.000201	  0.093078	
  0.183108	  0.539578	  0.089004	  0.188309	
  0.277113	  0.000201	  0.539578	  0.183108	
  0.393952	  0.022224	  0.022224	  0.561601	
  0.236961	  0.363298	  0.257563	  0.142178	
  0.415840	  0.194720	  0.194720	  0.194720	

URL http://cisbp.ccbr.utoronto.ca/TFreport.php?versionNumber=2.00&searchTF=T069213_2.00

MOTIF M01875_2.00 (V499_09111)_(Neurospora_crassa)_(DBD_0.96)

letter-probability matrix: alength= 4 w= 10 nsites= 1 E= 0
  0.228420	  0.351141	  0.177894	  0.242545	
  0.217337	  0.230776	  0.167578	  0.384309	
  0.291251	  0.274290	  0.306184	  0.128276	
  0.407416	  0.487765	  0.020902	  0.083917	
  0.011307	  0.002171	  0.977890	  0.008631	
  0.003258	  0.993412	  0.000230	  0.003099	
  0.006106	  0.991595	  0.001681	  0.000618	
  0.794394	  0.076522	  0.038382	  0.090702	
  0.006716	  0.948091	  0.008797	  0.036396	
  0.558969	  0.132435	  0.173485	  0.135111	

URL http://cisbp.ccbr.utoronto.ca/TFreport.php?versionNumber=2.00&searchTF=T131256_2.00

MOTIF M01876_2.00 (V499_06270)_(Neurospora_crassa)_(DBD_0.89)

letter-probability matrix: alength= 4 w= 10 nsites= 1 E= 0
  0.265928	  0.228887	  0.211289	  0.293896	
  0.267198	  0.188291	  0.379172	  0.165338	
  0.206530	  0.090962	  0.483207	  0.219301	
  0.631133	  0.066521	  0.088016	  0.214330	
  0.002492	  0.956504	  0.000015	  0.040988	
  0.006556	  0.992606	  0.000082	  0.000756	
  0.027586	  0.950807	  0.001170	  0.020436	
  0.018282	  0.306716	  0.025685	  0.649317	
  0.207707	  0.082775	  0.345892	  0.363626	
  0.364432	  0.162121	  0.275432	  0.198015	

URL http://cisbp.ccbr.utoronto.ca/TFreport.php?versionNumber=2.00&searchTF=T131245_2.00

MOTIF M01884_2.00 (V499_02646)_(Neurospora_crassa)_(DBD_0.91)

letter-probability matrix: alength= 4 w= 8 nsites= 1 E= 0
  0.254177	  0.375415	  0.138107	  0.232300	
  0.185433	  0.524632	  0.100755	  0.189179	
  0.064260	  0.856568	  0.018046	  0.061126	
  0.076127	  0.918184	  0.000871	  0.004818	
  0.000035	  0.999903	  0.000001	  0.000061	
  0.544526	  0.061554	  0.372380	  0.021540	
  0.101074	  0.703347	  0.000022	  0.195557	
  0.211246	  0.200943	  0.344820	  0.242991	

URL http://cisbp.ccbr.utoronto.ca/TFreport.php?versionNumber=2.00&searchTF=T131234_2.00

MOTIF M01889_2.00 (V499_09093)_(Neurospora_crassa)_(DBD_0.85)

letter-probability matrix: alength= 4 w= 10 nsites= 1 E= 0
  0.124153	  0.602759	  0.078376	  0.194711	
  0.095496	  0.644891	  0.109846	  0.149767	
  0.507539	  0.310932	  0.065995	  0.115535	
  0.176187	  0.018021	  0.805566	  0.000226	
  0.001317	  0.997902	  0.000020	  0.000760	
  0.033539	  0.927699	  0.032875	  0.005887	
  0.461789	  0.250913	  0.081868	  0.205430	
  0.073267	  0.688221	  0.056493	  0.182019	
  0.218753	  0.398594	  0.170365	  0.212288	
  0.195323	  0.322034	  0.173236	  0.309407	

URL http://cisbp.ccbr.utoronto.ca/TFreport.php?versionNumber=2.00&searchTF=T131255_2.00

MOTIF M01890_2.00 (V499_02401)_(Neurospora_crassa)_(DBD_0.91)

letter-probability matrix: alength= 4 w= 9 nsites= 1 E= 0
  0.139493	  0.644202	  0.059028	  0.157278	
  0.296341	  0.087489	  0.081574	  0.534596	
  0.231240	  0.296918	  0.315279	  0.156563	
  0.456611	  0.443116	  0.004322	  0.095950	
  0.013386	  0.000000	  0.986535	  0.000079	
  0.000000	  0.999883	  0.000000	  0.000117	
  0.184719	  0.811461	  0.000402	  0.003417	
  0.462362	  0.136503	  0.094288	  0.306847	
  0.079462	  0.599012	  0.057701	  0.263824	

URL http://cisbp.ccbr.utoronto.ca/TFreport.php?versionNumber=2.00&searchTF=T131232_2.00

MOTIF M02016_2.00 (V499_02495)_(Neurospora_crassa)_(DBD_0.94)

letter-probability matrix: alength= 4 w= 9 nsites= 1 E= 0
  0.238290	  0.282447	  0.248015	  0.231248	
  0.249185	  0.272652	  0.259355	  0.218808	
  0.236587	  0.439798	  0.109543	  0.214073	
  0.059758	  0.068055	  0.757717	  0.114470	
  0.902683	  0.000129	  0.000123	  0.097064	
  0.048477	  0.051992	  0.000705	  0.898826	
  0.141843	  0.359503	  0.271706	  0.226948	
  0.208434	  0.289925	  0.254582	  0.247058	
  0.248381	  0.255945	  0.266390	  0.229284	

URL http://cisbp.ccbr.utoronto.ca/TFreport.php?versionNumber=2.00&searchTF=T195616_2.00

MOTIF M02173_2.00 (V499_08137)_(Schizosaccharomyces_pombe)_(DBD_0.58)

letter-probability matrix: alength= 4 w= 11 nsites= 1 E= 0
  0.291911	  0.205044	  0.205044	  0.298001	
  0.423607	  0.123593	  0.123593	  0.329207	
  0.119949	  0.021510	  0.021510	  0.837032	
  0.098473	  0.000034	  0.000034	  0.901459	
  0.901459	  0.000034	  0.000034	  0.098473	
  0.999898	  0.000034	  0.000034	  0.000034	
  0.000034	  0.000034	  0.000034	  0.999898	
  0.183341	  0.000034	  0.000034	  0.816591	
  0.774680	  0.044990	  0.044990	  0.135340	
  0.240103	  0.306771	  0.236335	  0.216791	
  0.314427	  0.228524	  0.228524	  0.228524	

URL http://cisbp.ccbr.utoronto.ca/TFreport.php?versionNumber=2.00&searchTF=T224451_2.00

MOTIF M02202_2.00 (V499_04418)_(PBM_CONSTRUCTS)_(DBD_0.90)

letter-probability matrix: alength= 4 w= 9 nsites= 1 E= 0
  0.183057	  0.192443	  0.244642	  0.379858	
  0.089850	  0.307399	  0.064596	  0.538155	
  0.688220	  0.122011	  0.079369	  0.110400	
  0.818578	  0.107508	  0.072789	  0.001125	
  0.000245	  0.070414	  0.000078	  0.929263	
  0.397696	  0.161691	  0.077145	  0.363467	
  0.315946	  0.109461	  0.074111	  0.500481	
  0.450724	  0.183251	  0.232957	  0.133067	
  0.247417	  0.223872	  0.204604	  0.324107	

URL http://cisbp.ccbr.utoronto.ca/TFreport.php?versionNumber=2.00&searchTF=T224449_2.00

MOTIF M02223_2.00 (V499_07400)_(Neurospora_crassa)_(DBD_0.74)

letter-probability matrix: alength= 4 w= 9 nsites= 1 E= 0
  0.265408	  0.217298	  0.162596	  0.354698	
  0.336337	  0.132703	  0.197970	  0.332990	
  0.204259	  0.198222	  0.069365	  0.528154	
  0.832928	  0.038281	  0.105104	  0.023687	
  0.054677	  0.202641	  0.139971	  0.602711	
  0.130133	  0.218887	  0.158944	  0.492037	
  0.180386	  0.122132	  0.525894	  0.171589	
  0.304406	  0.190254	  0.343216	  0.162124	
  0.238270	  0.309020	  0.164581	  0.288128	

URL http://cisbp.ccbr.utoronto.ca/TFreport.php?versionNumber=2.00&searchTF=T224450_2.00

MOTIF M02345_2.00 (V499_08943)_(Neurospora_crassa)_(DBD_0.81)

letter-probability matrix: alength= 4 w= 8 nsites= 1 E= 0
  0.640274	  0.022574	  0.067498	  0.269654	
  0.381311	  0.000085	  0.618519	  0.000085	
  0.008276	  0.991560	  0.000082	  0.000082	
  0.000082	  0.999754	  0.000082	  0.000082	
  0.000082	  0.999754	  0.000082	  0.000082	
  0.000083	  0.016606	  0.000083	  0.983229	
  0.782377	  0.043568	  0.163081	  0.010973	
  0.365006	  0.174651	  0.285692	  0.174651	

URL http://cisbp.ccbr.utoronto.ca/TFreport.php?versionNumber=2.00&searchTF=T281808_2.00

MOTIF M02490_2.00 (V499_08602)_(Neurospora_crassa)_(DBD_0.85)

letter-probability matrix: alength= 4 w= 10 nsites= 1 E= 0
  0.329130	  0.229626	  0.220622	  0.220622	
  0.346994	  0.223477	  0.251969	  0.177560	
  0.448098	  0.134965	  0.110500	  0.306437	
  0.335755	  0.153912	  0.139266	  0.371067	
  0.248453	  0.220358	  0.178619	  0.352571	
  0.233539	  0.293933	  0.209213	  0.263315	
  0.195880	  0.356917	  0.275201	  0.172001	
  0.140053	  0.396240	  0.262965	  0.200742	
  0.596865	  0.017317	  0.262878	  0.122939	
  0.143083	  0.219956	  0.147441	  0.489520	

URL http://cisbp.ccbr.utoronto.ca/TFreport.php?versionNumber=2.00&searchTF=T333178_2.00

MOTIF M02491_2.00 (V499_02697)_(Neurospora_crassa)_(DBD_0.65)

letter-probability matrix: alength= 4 w= 8 nsites= 1 E= 0
  0.001106	  0.222345	  0.001106	  0.775442	
  0.071937	  0.926638	  0.000712	  0.000712	
  0.071937	  0.000712	  0.000712	  0.926638	
  0.000712	  0.000712	  0.000712	  0.997863	
  0.000712	  0.000712	  0.000712	  0.997863	
  0.000712	  0.000712	  0.997863	  0.000712	
  0.000712	  0.000712	  0.000712	  0.997863	
  0.001106	  0.332965	  0.001106	  0.664823	

URL http://cisbp.ccbr.utoronto.ca/TFreport.php?versionNumber=2.00&searchTF=T333172_2.00

MOTIF M02576_2.00 (V499_02322)_(Fusarium_graminearum)_(DBD_0.69)

letter-probability matrix: alength= 4 w= 10 nsites= 1 E= 0
  0.222935	  0.259013	  0.256436	  0.261616	
  0.217909	  0.312335	  0.211468	  0.258288	
  0.172418	  0.188655	  0.214846	  0.424080	
  0.000154	  0.999762	  0.000015	  0.000070	
  0.000260	  0.062954	  0.936738	  0.000048	
  0.005760	  0.033145	  0.916800	  0.044296	
  0.190359	  0.364641	  0.212494	  0.232505	
  0.366384	  0.148961	  0.136140	  0.348515	
  0.315085	  0.222037	  0.166142	  0.296736	
  0.351393	  0.154764	  0.185287	  0.308556	

URL http://cisbp.ccbr.utoronto.ca/TFreport.php?versionNumber=2.00&searchTF=T386999_2.00

MOTIF M02578_2.00 (V499_03042)_(Histoplasma_capsulatum)_(DBD_0.82)

letter-probability matrix: alength= 4 w= 12 nsites= 1 E= 0
  0.205760	  0.382721	  0.205760	  0.205760	
  0.180695	  0.457914	  0.180695	  0.180695	
  0.238921	  0.138615	  0.575977	  0.046486	
  0.758992	  0.025490	  0.097900	  0.117619	
  0.000092	  0.092221	  0.000092	  0.907595	
  0.000092	  0.999724	  0.000092	  0.000092	
  0.000092	  0.000092	  0.999724	  0.000092	
  0.000092	  0.000092	  0.999724	  0.000092	
  0.411208	  0.145923	  0.398536	  0.044332	
  0.149726	  0.170988	  0.609890	  0.069397	
  0.203606	  0.203606	  0.305197	  0.287592	
  0.326193	  0.224602	  0.224602	  0.224602	

URL http://cisbp.ccbr.utoronto.ca/TFreport.php?versionNumber=2.00&searchTF=T387021_2.00

MOTIF M02579_2.00 (V499_05047)_(Histoplasma_capsulatum)_(DBD_0.80)

letter-probability matrix: alength= 4 w= 10 nsites= 1 E= 0
  0.227355	  0.239012	  0.264149	  0.269485	
  0.248966	  0.246488	  0.232134	  0.272412	
  0.280790	  0.170308	  0.342958	  0.205945	
  0.000313	  0.981346	  0.000186	  0.018155	
  0.000017	  0.000051	  0.999832	  0.000100	
  0.001544	  0.000001	  0.996570	  0.001886	
  0.272508	  0.210117	  0.356975	  0.160399	
  0.388034	  0.183294	  0.077563	  0.351108	
  0.314532	  0.223875	  0.237718	  0.223875	
  0.270900	  0.252586	  0.265536	  0.210977	

URL http://cisbp.ccbr.utoronto.ca/TFreport.php?versionNumber=2.00&searchTF=T387058_2.00

MOTIF M02588_2.00 (V499_03435)_(Neurospora_crassa)_(DBD_0.95)

letter-probability matrix: alength= 4 w= 7 nsites= 1 E= 0
  0.255487	  0.235845	  0.217712	  0.290956	
  0.279181	  0.219611	  0.204764	  0.296444	
  0.260708	  0.255546	  0.240664	  0.243083	
  0.078304	  0.217152	  0.572835	  0.131709	
  0.000009	  0.909640	  0.000060	  0.090292	
  0.006687	  0.000533	  0.992488	  0.000292	
  0.188275	  0.423224	  0.184546	  0.203955	

URL http://cisbp.ccbr.utoronto.ca/TFreport.php?versionNumber=2.00&searchTF=T387030_2.00

MOTIF M02589_2.00 (V499_06325)_(Neurospora_crassa)_(DBD_0.90)

letter-probability matrix: alength= 4 w= 10 nsites= 1 E= 0
  0.221174	  0.295582	  0.210387	  0.272857	
  0.171325	  0.341573	  0.124407	  0.362695	
  0.011262	  0.964336	  0.008260	  0.016142	
  0.000764	  0.005876	  0.993184	  0.000176	
  0.005625	  0.000165	  0.989604	  0.004606	
  0.038326	  0.564599	  0.122256	  0.274820	
  0.834032	  0.006211	  0.011897	  0.147861	
  0.259710	  0.225781	  0.230342	  0.284168	
  0.254937	  0.133089	  0.098595	  0.513380	
  0.153953	  0.186167	  0.188038	  0.471842	

URL http://cisbp.ccbr.utoronto.ca/TFreport.php?versionNumber=2.00&searchTF=T387084_2.00

MOTIF M02597_2.00 (V499_02224)_(Neurospora_crassa)_(DBD_0.88)

letter-probability matrix: alength= 4 w= 8 nsites= 1 E= 0
  0.204129	  0.281112	  0.272804	  0.241955	
  0.250805	  0.291394	  0.209490	  0.248310	
  0.203353	  0.282857	  0.164835	  0.348955	
  0.000091	  0.999864	  0.000022	  0.000023	
  0.000054	  0.000378	  0.999555	  0.000012	
  0.002045	  0.000452	  0.997421	  0.000083	
  0.380391	  0.210861	  0.284633	  0.124114	
  0.227097	  0.216021	  0.393616	  0.163265	

URL http://cisbp.ccbr.utoronto.ca/TFreport.php?versionNumber=2.00&searchTF=T386998_2.00

MOTIF M02602_2.00 (V499_09136)_(Neurospora_crassa)_(DBD_0.92)

letter-probability matrix: alength= 4 w= 10 nsites= 1 E= 0
  0.285237	  0.235879	  0.215577	  0.263307	
  0.180738	  0.190004	  0.152482	  0.476776	
  0.042918	  0.952688	  0.000048	  0.004346	
  0.000244	  0.056188	  0.942656	  0.000913	
  0.100990	  0.074815	  0.716960	  0.107235	
  0.394715	  0.090755	  0.419122	  0.095408	
  0.458114	  0.106391	  0.168531	  0.266965	
  0.305649	  0.213244	  0.215387	  0.265719	
  0.265525	  0.226265	  0.226265	  0.281944	
  0.280443	  0.205690	  0.238978	  0.274890	

URL http://cisbp.ccbr.utoronto.ca/TFreport.php?versionNumber=2.00&searchTF=T387122_2.00

MOTIF M02606_2.00 (V499_02600)_(Neurospora_crassa)_(DBD_0.65)

letter-probability matrix: alength= 4 w= 10 nsites= 1 E= 0
  0.265673	  0.260413	  0.228667	  0.245247	
  0.234009	  0.280160	  0.153755	  0.332075	
  0.051850	  0.887455	  0.014708	  0.045987	
  0.000227	  0.154190	  0.835627	  0.009956	
