MEME version 4

ALPHABET= ACGT

strands: + -

Background letter frequencies (from uniform background):
A 0.25000 C 0.25000 G 0.25000 T 0.25000 

MOTIF M00003_2.00 (PAN0_017d5498)_(Saccharomyces_cerevisiae)_(DBD_0.42)

letter-probability matrix: alength= 4 w= 8 nsites= 1 E= 0
  0.253967	  0.166693	  0.563393	  0.015947	
  0.759883	  0.000057	  0.108604	  0.131456	
  0.000047	  0.995142	  0.004763	  0.000047	
  0.080221	  0.000047	  0.919685	  0.000047	
  0.000047	  0.971562	  0.000047	  0.028344	
  0.000047	  0.004786	  0.995119	  0.000047	
  0.214697	  0.158213	  0.022650	  0.604440	
  0.467090	  0.029262	  0.270067	  0.233581	

URL http://cisbp.ccbr.utoronto.ca/TFreport.php?versionNumber=2.00&searchTF=T012166_2.00

MOTIF M00052_2.00 (PAN0_024c6119)_(Saccharomyces_cerevisiae)_(DBD_0.74)

letter-probability matrix: alength= 4 w= 10 nsites= 1 E= 0
  0.275281	  0.242608	  0.224974	  0.257137	
  0.241344	  0.282465	  0.204031	  0.272159	
  0.196189	  0.245027	  0.396334	  0.162450	
  0.410715	  0.155415	  0.184636	  0.249234	
  0.106170	  0.067699	  0.065591	  0.760540	
  0.760540	  0.065591	  0.067699	  0.106170	
  0.249234	  0.184636	  0.155415	  0.410715	
  0.162450	  0.396334	  0.245027	  0.196189	
  0.272159	  0.204031	  0.282465	  0.241344	
  0.257137	  0.224974	  0.242608	  0.275281	

URL http://cisbp.ccbr.utoronto.ca/TFreport.php?versionNumber=2.00&searchTF=T194621_2.00

MOTIF M00060_2.00 (PAN0_006c2853)_(Saccharomyces_cerevisiae)_(DBD_0.47)

letter-probability matrix: alength= 4 w= 9 nsites= 1 E= 0
  0.320154	  0.181055	  0.206191	  0.292599	
  0.231700	  0.238756	  0.197442	  0.332102	
  0.223589	  0.242212	  0.287095	  0.247105	
  0.161512	  0.025143	  0.029212	  0.784133	
  0.138264	  0.051376	  0.075881	  0.734480	
  0.092315	  0.709959	  0.122145	  0.075581	
  0.148989	  0.381409	  0.144586	  0.325016	
  0.473500	  0.149928	  0.202381	  0.174191	
  0.182247	  0.285820	  0.153755	  0.378177	

URL http://cisbp.ccbr.utoronto.ca/TFreport.php?versionNumber=2.00&searchTF=T241594_2.00

MOTIF M00751_2.00 (PAN0_004d2160)_(Mus_musculus)_(DBD_0.15)

letter-probability matrix: alength= 4 w= 10 nsites= 1 E= 0
  0.237374	  0.264976	  0.264976	  0.232674	
  0.254916	  0.278923	  0.226090	  0.240071	
  0.234840	  0.237201	  0.304572	  0.223387	
  0.201961	  0.286597	  0.267221	  0.244221	
  0.601325	  0.000225	  0.320261	  0.078189	
  0.466521	  0.184067	  0.000331	  0.349080	
  0.391854	  0.070168	  0.064129	  0.473849	
  0.435120	  0.083565	  0.075612	  0.405703	
  0.376315	  0.160843	  0.160843	  0.302000	
  0.303804	  0.236603	  0.161804	  0.297789	

URL http://cisbp.ccbr.utoronto.ca/TFreport.php?versionNumber=2.00&searchTF=T017705_2.00

MOTIF M00889_2.00 (PAN0_018d5604)_(Arabidopsis_thaliana)_(DBD_0.31)

letter-probability matrix: alength= 4 w= 12 nsites= 1 E= 0
  0.304734	  0.198088	  0.299091	  0.198088	
  0.764758	  0.078414	  0.078414	  0.078414	
  0.146666	  0.050698	  0.050698	  0.751939	
  0.625315	  0.121356	  0.227065	  0.026263	
  0.903017	  0.096306	  0.000338	  0.000338	
  0.094494	  0.000338	  0.096306	  0.808861	
  0.095431	  0.000338	  0.000338	  0.903893	
  0.904830	  0.094494	  0.000338	  0.000338	
  0.347844	  0.052250	  0.152763	  0.447143	
  0.282790	  0.275625	  0.171924	  0.269661	
  0.199641	  0.297377	  0.303342	  0.199641	
  0.327776	  0.224075	  0.224075	  0.224075	

URL http://cisbp.ccbr.utoronto.ca/TFreport.php?versionNumber=2.00&searchTF=T331756_2.00

MOTIF M01037_2.00 (PAN0_008d3647)_(Candida_albicans)_(DBD_0.78)

letter-probability matrix: alength= 4 w= 8 nsites= 1 E= 0
  0.193022	  0.543654	  0.228086	  0.035238	
  0.000143	  0.899629	  0.000143	  0.100086	
  0.071531	  0.913906	  0.014420	  0.000143	
  0.000143	  0.999572	  0.000143	  0.000143	
  0.000143	  0.856796	  0.000143	  0.142918	
  0.000143	  0.014420	  0.014420	  0.971017	
  0.048517	  0.032398	  0.612669	  0.306415	
  0.522480	  0.045640	  0.204587	  0.227293	

URL http://cisbp.ccbr.utoronto.ca/TFreport.php?versionNumber=2.00&searchTF=T125368_2.00

MOTIF M01102_2.00 (PAN0_019d5818)_(PBM_CONSTRUCTS)_(DBD_0.68)

letter-probability matrix: alength= 4 w= 8 nsites= 1 E= 0
  0.520400	  0.150739	  0.150739	  0.178122	
  0.168349	  0.386085	  0.237629	  0.207937	
  0.828862	  0.000085	  0.162423	  0.008630	
  0.000085	  0.999744	  0.000085	  0.000085	
  0.000085	  0.000085	  0.982656	  0.017174	
  0.008630	  0.957023	  0.000085	  0.034262	
  0.008630	  0.017174	  0.965567	  0.008630	
  0.562344	  0.150050	  0.000125	  0.287481	

URL http://cisbp.ccbr.utoronto.ca/TFreport.php?versionNumber=2.00&searchTF=T012167_2.00

MOTIF M01104_2.00 (PAN0_009c3679)_(Fusarium_graminearum)_(DBD_0.24)

letter-probability matrix: alength= 4 w= 10 nsites= 1 E= 0
  0.275242	  0.208023	  0.170315	  0.346420	
  0.354896	  0.194771	  0.226292	  0.224040	
  0.393688	  0.199449	  0.175135	  0.231727	
  0.446255	  0.101584	  0.226080	  0.226080	
  0.369831	  0.085888	  0.123106	  0.421174	
  0.504457	  0.044857	  0.076975	  0.373711	
  0.796844	  0.000336	  0.000336	  0.202484	
  0.605595	  0.000062	  0.000397	  0.393945	
  0.296896	  0.000116	  0.028887	  0.674102	
  0.306380	  0.261080	  0.107214	  0.325326	

URL http://cisbp.ccbr.utoronto.ca/TFreport.php?versionNumber=2.00&searchTF=T017706_2.00

MOTIF M01105_2.00 (PAN0_009d3736)_(Fusarium_graminearum)_(DBD_0.50)

letter-probability matrix: alength= 4 w= 9 nsites= 1 E= 0
  0.374340	  0.173324	  0.185892	  0.266444	
  0.331918	  0.236250	  0.215916	  0.215916	
  0.367239	  0.211878	  0.193642	  0.227241	
  0.398201	  0.106374	  0.253904	  0.241521	
  0.306146	  0.173133	  0.150515	  0.370206	
  0.572249	  0.002137	  0.149841	  0.275772	
  0.602371	  0.092840	  0.044740	  0.260050	
  0.505970	  0.048254	  0.059530	  0.386247	
  0.331768	  0.096009	  0.106106	  0.466117	

URL http://cisbp.ccbr.utoronto.ca/TFreport.php?versionNumber=2.00&searchTF=T017707_2.00

MOTIF M01147_2.00 (PAN0_139d6799)_(Neurospora_crassa)_(DBD_0.59)

letter-probability matrix: alength= 4 w= 10 nsites= 1 E= 0
  0.256344	  0.201648	  0.261523	  0.280485	
  0.466416	  0.147685	  0.263770	  0.122129	
  0.056276	  0.045162	  0.000477	  0.898085	
  0.076513	  0.037995	  0.643848	  0.241643	
  0.796372	  0.031502	  0.085633	  0.086493	
  0.072044	  0.711432	  0.042832	  0.173691	
  0.178754	  0.047276	  0.689532	  0.084438	
  0.163925	  0.196254	  0.078997	  0.560825	
  0.373050	  0.284779	  0.165954	  0.176216	
  0.318316	  0.178225	  0.258022	  0.245438	

URL http://cisbp.ccbr.utoronto.ca/TFreport.php?versionNumber=2.00&searchTF=T066295_2.00

MOTIF M01198_2.00 (PAN0_051c6441)_(Neurospora_crassa)_(DBD_0.83)

letter-probability matrix: alength= 4 w= 8 nsites= 1 E= 0
  0.008032	  0.985829	  0.000534	  0.005604	
  0.000361	  0.758996	  0.000317	  0.240326	
  0.065429	  0.872155	  0.039290	  0.023126	
  0.000001	  0.999660	  0.000134	  0.000205	
  0.499172	  0.000032	  0.489288	  0.011507	
  0.139979	  0.376715	  0.252520	  0.230786	
  0.284498	  0.230610	  0.244870	  0.240021	
  0.280918	  0.298289	  0.261926	  0.158866	

URL http://cisbp.ccbr.utoronto.ca/TFreport.php?versionNumber=2.00&searchTF=T125375_2.00

MOTIF M01235_2.00 (PAN0_015c5180)_(Neurospora_crassa)_(DBD_0.81)

letter-probability matrix: alength= 4 w= 11 nsites= 1 E= 0
  0.224507	  0.326478	  0.224507	  0.224507	
  0.203126	  0.299039	  0.391867	  0.105967	
  0.225223	  0.724938	  0.024920	  0.024920	
  0.000216	  0.000216	  0.999351	  0.000216	
  0.999351	  0.000216	  0.000216	  0.000216	
  0.000216	  0.000216	  0.000216	  0.999351	
  0.000216	  0.999351	  0.000216	  0.000216	
  0.000216	  0.000216	  0.897514	  0.102053	
  0.347248	  0.117812	  0.509230	  0.025709	
  0.144249	  0.144249	  0.144249	  0.567252	
  0.225297	  0.324110	  0.225297	  0.225297	

URL http://cisbp.ccbr.utoronto.ca/TFreport.php?versionNumber=2.00&searchTF=T194618_2.00

MOTIF M01565_2.00 (PAN0_004d2231)_(Saccharomyces_cerevisiae)_(DBD_0.51)

letter-probability matrix: alength= 4 w= 10 nsites= 1 E= 0
  0.275621	  0.196179	  0.184754	  0.343445	
  0.239066	  0.197698	  0.157078	  0.406158	
  0.351405	  0.065493	  0.118148	  0.464954	
  0.275882	  0.145470	  0.109944	  0.468704	
  0.465587	  0.103886	  0.064283	  0.366244	
  0.343551	  0.084719	  0.502369	  0.069362	
  0.039893	  0.339069	  0.050714	  0.570324	
  0.299986	  0.072511	  0.434301	  0.193202	
  0.212492	  0.210378	  0.364638	  0.212492	
  0.183038	  0.221338	  0.419764	  0.175861	

URL http://cisbp.ccbr.utoronto.ca/TFreport.php?versionNumber=2.00&searchTF=T331752_2.00

MOTIF M01567_2.00 (PAN0_004d2209)_(Saccharomyces_cerevisiae)_(DBD_0.90)

letter-probability matrix: alength= 4 w= 7 nsites= 1 E= 0
  0.315311	  0.189343	  0.207174	  0.288172	
  0.345705	  0.141966	  0.211788	  0.300541	
  0.271982	  0.110580	  0.155359	  0.462079	
  0.583542	  0.000869	  0.110954	  0.304636	
  0.219565	  0.006434	  0.188981	  0.585020	
  0.934996	  0.000354	  0.051964	  0.012687	
  0.422777	  0.000471	  0.095282	  0.481470	

URL http://cisbp.ccbr.utoronto.ca/TFreport.php?versionNumber=2.00&searchTF=T342788_2.00

MOTIF M02016_2.00 (PAN0_005d2634)_(Neurospora_crassa)_(DBD_0.86)

letter-probability matrix: alength= 4 w= 9 nsites= 1 E= 0
  0.238290	  0.282447	  0.248015	  0.231248	
  0.249185	  0.272652	  0.259355	  0.218808	
  0.236587	  0.439798	  0.109543	  0.214073	
  0.059758	  0.068055	  0.757717	  0.114470	
  0.902683	  0.000129	  0.000123	  0.097064	
  0.048477	  0.051992	  0.000705	  0.898826	
  0.141843	  0.359503	  0.271706	  0.226948	
  0.208434	  0.289925	  0.254582	  0.247058	
  0.248381	  0.255945	  0.266390	  0.229284	

URL http://cisbp.ccbr.utoronto.ca/TFreport.php?versionNumber=2.00&searchTF=T194615_2.00

MOTIF M02698_2.00 (PAN0_012d4518)_(Arabidopsis_thaliana)_(DBD_0.88)

letter-probability matrix: alength= 4 w= 11 nsites= 1 E= 0
  0.140000	  0.450000	  0.230000	  0.180000	
  0.160000	  0.270000	  0.550000	  0.020000	
  0.000000	  0.919192	  0.040404	  0.040404	
  0.000000	  0.050000	  0.930000	  0.020000	
  0.040404	  0.939394	  0.000000	  0.020202	
  0.040404	  0.020202	  0.020202	  0.919192	
  0.080808	  0.000000	  0.858586	  0.060606	
  0.960000	  0.000000	  0.020000	  0.020000	
  0.040000	  0.040000	  0.920000	  0.000000	
  0.020000	  0.550000	  0.260000	  0.170000	
  0.151515	  0.323232	  0.242424	  0.282828	

URL http://cisbp.ccbr.utoronto.ca/TFreport.php?versionNumber=2.00&searchTF=T277376_2.00

MOTIF M03325_2.00 (PAN0_004d2310)_(Homo_sapiens)_(DBD_0.44)

letter-probability matrix: alength= 4 w= 13 nsites= 1 E= 0
  0.020328	  0.009544	  0.960775	  0.009353	
  0.949448	  0.012827	  0.007545	  0.030180	
  0.835297	  0.031862	  0.023565	  0.109276	
  0.190722	  0.330287	  0.220522	  0.258468	
  0.282209	  0.216946	  0.366147	  0.134698	
  0.132278	  0.029511	  0.033109	  0.805102	
  0.071022	  0.004158	  0.070598	  0.854221	
  0.000793	  0.997721	  0.001189	  0.000297	
  0.001746	  0.253412	  0.212253	  0.532589	
  0.568436	  0.183625	  0.244438	  0.003501	
  0.006769	  0.010733	  0.973409	  0.009089	
  0.848033	  0.082975	  0.007666	  0.061326	
  0.712607	  0.078998	  0.072627	  0.135768	

URL http://cisbp.ccbr.utoronto.ca/TFreport.php?versionNumber=2.00&searchTF=T241593_2.00

