MEME version 4

ALPHABET= ACGT

strands: + -

Background letter frequencies (from uniform background):
A 0.25000 C 0.25000 G 0.25000 T 0.25000 

MOTIF M01087_2.00 (PYU1_G000126)_(Arabidopsis_thaliana)_(DBD_0.67)

letter-probability matrix: alength= 4 w= 10 nsites= 1 E= 0
  0.363763	  0.193737	  0.193737	  0.248763	
  0.435854	  0.149502	  0.175442	  0.239202	
  0.435354	  0.080331	  0.180578	  0.303737	
  0.104843	  0.081652	  0.061711	  0.751794	
  0.060645	  0.051679	  0.046295	  0.841381	
  0.003122	  0.533049	  0.072865	  0.390963	
  0.758381	  0.000142	  0.200574	  0.040902	
  0.899183	  0.023138	  0.031547	  0.046131	
  0.830968	  0.038574	  0.063599	  0.066859	
  0.293712	  0.255341	  0.066195	  0.384752	

URL http://cisbp.ccbr.utoronto.ca/TFreport.php?versionNumber=2.00&searchTF=T345756_2.00

MOTIF M01225_2.00 (PYU1_G011913)_(Physcomitrella_patens)_(DBD_0.48)

letter-probability matrix: alength= 4 w= 10 nsites= 1 E= 0
  0.190589	  0.347275	  0.407531	  0.054605	
  0.053131	  0.125558	  0.759581	  0.061730	
  0.006389	  0.948224	  0.000029	  0.045358	
  0.045581	  0.000042	  0.924726	  0.029651	
  0.016651	  0.814394	  0.092060	  0.076895	
  0.118839	  0.496592	  0.220913	  0.163656	
  0.407444	  0.259798	  0.072960	  0.259798	
  0.440817	  0.140982	  0.104442	  0.313760	
  0.395676	  0.129101	  0.157685	  0.317538	
  0.315183	  0.176470	  0.156515	  0.351832	

URL http://cisbp.ccbr.utoronto.ca/TFreport.php?versionNumber=2.00&searchTF=T173444_2.00

MOTIF M01321_2.00 (PYU1_G002124)_(Ciona_intestinalis)_(DBD_0.59)

letter-probability matrix: alength= 4 w= 9 nsites= 1 E= 0
  0.376035	  0.194354	  0.212657	  0.216953	
  0.454381	  0.107656	  0.216792	  0.221171	
  0.137399	  0.086737	  0.067551	  0.708313	
  0.109833	  0.055643	  0.046944	  0.787579	
  0.012137	  0.537147	  0.052787	  0.397928	
  0.713480	  0.021119	  0.242294	  0.023107	
  0.855693	  0.015362	  0.033179	  0.095766	
  0.786029	  0.054981	  0.101189	  0.057800	
  0.279467	  0.282276	  0.129397	  0.308859	

URL http://cisbp.ccbr.utoronto.ca/TFreport.php?versionNumber=2.00&searchTF=T345757_2.00

MOTIF M02158_2.00 (PYU1_G003772)_(Phytophthora_ramorum)_(DBD_0.96)

letter-probability matrix: alength= 4 w= 10 nsites= 1 E= 0
  0.275971	  0.165719	  0.200396	  0.357915	
  0.128038	  0.113559	  0.057531	  0.700872	
  0.027895	  0.061464	  0.861314	  0.049326	
  0.879747	  0.026566	  0.052438	  0.041249	
  0.132476	  0.342545	  0.098141	  0.426838	
  0.362000	  0.122934	  0.233141	  0.281926	
  0.249547	  0.252055	  0.228068	  0.270331	
  0.211545	  0.201228	  0.452341	  0.134887	
  0.118644	  0.495776	  0.220550	  0.165030	
  0.336683	  0.175764	  0.227953	  0.259600	

URL http://cisbp.ccbr.utoronto.ca/TFreport.php?versionNumber=2.00&searchTF=T222821_2.00

MOTIF M02249_2.00 (PYU1_G006823)_(Neurospora_crassa)_(DBD_0.33)

letter-probability matrix: alength= 4 w= 10 nsites= 1 E= 0
  0.283600	  0.227595	  0.232192	  0.256612	
  0.230392	  0.212679	  0.304839	  0.252089	
  0.293438	  0.240247	  0.235489	  0.230826	
  0.116548	  0.031134	  0.065255	  0.787062	
  0.076460	  0.000184	  0.028411	  0.894946	
  0.057969	  0.862560	  0.029076	  0.050396	
  0.020561	  0.408869	  0.193136	  0.377434	
  0.547873	  0.105219	  0.207689	  0.139218	
  0.169023	  0.290044	  0.145479	  0.395454	
  0.259381	  0.227762	  0.298359	  0.214498	

URL http://cisbp.ccbr.utoronto.ca/TFreport.php?versionNumber=2.00&searchTF=T241947_2.00

MOTIF M02331_2.00 (PYU1_G004134)_(Phytophthora_ramorum)_(DBD_0.94)

letter-probability matrix: alength= 4 w= 9 nsites= 1 E= 0
  0.232598	  0.188540	  0.264889	  0.313974	
  0.179667	  0.412033	  0.064142	  0.344159	
  0.850592	  0.002046	  0.051210	  0.096152	
  0.067551	  0.530002	  0.054211	  0.348236	
  0.116387	  0.704098	  0.091553	  0.087963	
  0.096786	  0.545937	  0.063593	  0.293684	
  0.473798	  0.139879	  0.162517	  0.223806	
  0.261815	  0.244115	  0.195907	  0.298163	
  0.260078	  0.284570	  0.147081	  0.308271	

URL http://cisbp.ccbr.utoronto.ca/TFreport.php?versionNumber=2.00&searchTF=T278973_2.00

MOTIF M02332_2.00 (PYU1_G009485)_(Phytophthora_ramorum)_(DBD_0.94)

letter-probability matrix: alength= 4 w= 10 nsites= 1 E= 0
  0.387714	  0.173881	  0.264524	  0.173881	
  0.350779	  0.046076	  0.367057	  0.236088	
  0.694687	  0.000161	  0.304990	  0.000161	
  0.000161	  0.000161	  0.694687	  0.304990	
  0.000161	  0.104586	  0.000161	  0.895091	
  0.000161	  0.999516	  0.000161	  0.000161	
  0.999516	  0.000161	  0.000161	  0.000161	
  0.000161	  0.000161	  0.999516	  0.000161	
  0.076281	  0.076281	  0.076281	  0.771158	
  0.204086	  0.204086	  0.293150	  0.298679	

URL http://cisbp.ccbr.utoronto.ca/TFreport.php?versionNumber=2.00&searchTF=T279002_2.00

MOTIF M02333_2.00 (PYU1_G002833)_(Phytophthora_ramorum)_(DBD_0.70)

letter-probability matrix: alength= 4 w= 10 nsites= 1 E= 0
  0.264512	  0.197925	  0.280869	  0.256695	
  0.125183	  0.219155	  0.196327	  0.459335	
  0.109125	  0.091148	  0.700987	  0.098740	
  0.255287	  0.117025	  0.048057	  0.579630	
  0.998698	  0.000083	  0.000171	  0.001048	
  0.023216	  0.623179	  0.173267	  0.180338	
  0.052385	  0.870108	  0.042040	  0.035468	
  0.058169	  0.540964	  0.027204	  0.373663	
  0.646963	  0.035956	  0.101727	  0.215355	
  0.260903	  0.211484	  0.164704	  0.362908	

URL http://cisbp.ccbr.utoronto.ca/TFreport.php?versionNumber=2.00&searchTF=T278954_2.00

MOTIF M02698_2.00 (PYU1_G012024)_(Arabidopsis_thaliana)_(DBD_0.86)

letter-probability matrix: alength= 4 w= 11 nsites= 1 E= 0
  0.140000	  0.450000	  0.230000	  0.180000	
  0.160000	  0.270000	  0.550000	  0.020000	
  0.000000	  0.919192	  0.040404	  0.040404	
  0.000000	  0.050000	  0.930000	  0.020000	
  0.040404	  0.939394	  0.000000	  0.020202	
  0.040404	  0.020202	  0.020202	  0.919192	
  0.080808	  0.000000	  0.858586	  0.060606	
  0.960000	  0.000000	  0.020000	  0.020000	
  0.040000	  0.040000	  0.920000	  0.000000	
  0.020000	  0.550000	  0.260000	  0.170000	
  0.151515	  0.323232	  0.242424	  0.282828	

URL http://cisbp.ccbr.utoronto.ca/TFreport.php?versionNumber=2.00&searchTF=T279004_2.00

MOTIF M04705_2.00 (PYU1_G013070)_(Homo_sapiens)_(DBD_0.60)

letter-probability matrix: alength= 4 w= 14 nsites= 1 E= 0
  0.330365	  0.000000	  0.000000	  0.669635	
  0.053965	  0.000000	  0.000000	  0.946035	
  0.000000	  0.000000	  0.000000	  1.000000	
  0.000000	  0.000000	  0.000000	  1.000000	
  0.000000	  0.000000	  0.999080	  0.000920	
  0.000000	  0.000000	  0.999579	  0.000421	
  0.000543	  0.996399	  0.003057	  0.000000	
  0.000000	  0.000924	  0.998369	  0.000707	
  0.000014	  0.000000	  0.999007	  0.000979	
  0.000000	  0.000000	  1.000000	  0.000000	
  1.000000	  0.000000	  0.000000	  0.000000	
  1.000000	  0.000000	  0.000000	  0.000000	
  0.952164	  0.022052	  0.000000	  0.025783	
  0.334262	  0.148280	  0.181890	  0.335568	

URL http://cisbp.ccbr.utoronto.ca/TFreport.php?versionNumber=2.00&searchTF=T173445_2.00

MOTIF M07979_2.00 (PYU1_G010594)_(Homo_sapiens)_(DBD_0.73)

letter-probability matrix: alength= 4 w= 15 nsites= 1 E= 0
  0.310573	  0.154185	  0.306167	  0.229075	
  0.310573	  0.105727	  0.270925	  0.312775	
  0.160793	  0.101322	  0.385463	  0.352423	
  0.149780	  0.640969	  0.057269	  0.151982	
  0.000000	  0.506608	  0.000000	  0.493392	
  0.711454	  0.129956	  0.024229	  0.134361	
  0.704846	  0.019824	  0.114537	  0.160793	
  0.938326	  0.000000	  0.044053	  0.017621	
  0.905286	  0.004405	  0.002203	  0.088106	
  0.925110	  0.000000	  0.000000	  0.074890	
  0.033040	  0.000000	  0.000000	  0.966960	
  0.958150	  0.000000	  0.041850	  0.000000	
  0.209251	  0.052863	  0.702644	  0.035242	
  0.416300	  0.354626	  0.090308	  0.138767	
  0.387665	  0.262115	  0.070485	  0.279736	

URL http://cisbp.ccbr.utoronto.ca/TFreport.php?versionNumber=2.00&searchTF=T256005_2.00

MOTIF M08108_2.00 (PYU1_G008643)_(Homo_sapiens)_(DBD_0.79)

letter-probability matrix: alength= 4 w= 11 nsites= 1 E= 0
  0.204783	  0.244644	  0.387145	  0.163428	
  0.131041	  0.340807	  0.468361	  0.059791	
  0.023916	  0.035376	  0.927753	  0.012955	
  0.013951	  0.939711	  0.010962	  0.035376	
  0.006976	  0.026906	  0.962631	  0.003488	
  0.017937	  0.039860	  0.929248	  0.012955	
  0.013453	  0.015944	  0.956153	  0.014449	
  0.924265	  0.011958	  0.048829	  0.014948	
  0.819631	  0.084704	  0.068261	  0.027404	
  0.231689	  0.322372	  0.322870	  0.123069	
  0.189836	  0.300947	  0.322870	  0.186348	

URL http://cisbp.ccbr.utoronto.ca/TFreport.php?versionNumber=2.00&searchTF=T173443_2.00

MOTIF M08452_2.00 (PYU1_G008666)_(Saccharomyces_cerevisiae)_(DBD_0.73)

letter-probability matrix: alength= 4 w= 5 nsites= 1 E= 0
  0.000000	  0.000000	  0.000000	  1.000000	
  0.000000	  0.000000	  0.010160	  0.989840	
  0.005578	  0.000000	  0.994422	  0.000000	
  0.000000	  0.000000	  0.998223	  0.001777	
  0.158006	  0.378979	  0.030665	  0.432350	

URL http://cisbp.ccbr.utoronto.ca/TFreport.php?versionNumber=2.00&searchTF=T160367_2.00

