MEME version 4

ALPHABET= ACGT

strands: + -

Background letter frequencies (from uniform background):
A 0.25000 C 0.25000 G 0.25000 T 0.25000 

MOTIF M01087_2.00 (maker-piw_contig_124-fgenesh-gene-0.2)_(Arabidopsis_thaliana)_(DBD_0.67)

letter-probability matrix: alength= 4 w= 10 nsites= 1 E= 0
  0.363763	  0.193737	  0.193737	  0.248763	
  0.435854	  0.149502	  0.175442	  0.239202	
  0.435354	  0.080331	  0.180578	  0.303737	
  0.104843	  0.081652	  0.061711	  0.751794	
  0.060645	  0.051679	  0.046295	  0.841381	
  0.003122	  0.533049	  0.072865	  0.390963	
  0.758381	  0.000142	  0.200574	  0.040902	
  0.899183	  0.023138	  0.031547	  0.046131	
  0.830968	  0.038574	  0.063599	  0.066859	
  0.293712	  0.255341	  0.066195	  0.384752	

URL http://cisbp.ccbr.utoronto.ca/TFreport.php?versionNumber=2.00&searchTF=T345545_2.00

MOTIF M01106_2.00 (maker-piw_contig_1261-fgenesh-gene-0.1)_(Trichomonas_vaginalis)_(DBD_0.61)

letter-probability matrix: alength= 4 w= 8 nsites= 1 E= 0
  0.483861	  0.092001	  0.215250	  0.208888	
  0.550968	  0.140005	  0.167616	  0.141412	
  0.561595	  0.058603	  0.114524	  0.265279	
  0.513647	  0.040106	  0.069515	  0.376733	
  0.597236	  0.037424	  0.030948	  0.334392	
  0.763937	  0.036910	  0.033733	  0.165420	
  0.582011	  0.007741	  0.027840	  0.382408	
  0.380653	  0.020326	  0.002038	  0.596983	

URL http://cisbp.ccbr.utoronto.ca/TFreport.php?versionNumber=2.00&searchTF=T017586_2.00

MOTIF M01183_2.00 (maker-piw_contig_2368-snap-gene-0.2)_(Phytophthora_ramorum)_(DBD_0.83)

letter-probability matrix: alength= 4 w= 10 nsites= 1 E= 0
  0.145340	  0.527989	  0.107670	  0.219001	
  0.172670	  0.109003	  0.652871	  0.065456	
  0.179912	  0.556946	  0.038957	  0.224184	
  0.041581	  0.923009	  0.013703	  0.021707	
  0.127040	  0.027785	  0.510049	  0.335126	
  0.049853	  0.232544	  0.059685	  0.657918	
  0.000026	  0.999837	  0.000023	  0.000114	
  0.020944	  0.002696	  0.899510	  0.076850	
  0.039898	  0.053321	  0.834082	  0.072699	
  0.682255	  0.189692	  0.076356	  0.051697	

URL http://cisbp.ccbr.utoronto.ca/TFreport.php?versionNumber=2.00&searchTF=T122597_2.00

MOTIF M01225_2.00 (maker-piw_contig_136-snap-gene-0.25)_(Physcomitrella_patens)_(DBD_0.77)

letter-probability matrix: alength= 4 w= 10 nsites= 1 E= 0
  0.190589	  0.347275	  0.407531	  0.054605	
  0.053131	  0.125558	  0.759581	  0.061730	
  0.006389	  0.948224	  0.000029	  0.045358	
  0.045581	  0.000042	  0.924726	  0.029651	
  0.016651	  0.814394	  0.092060	  0.076895	
  0.118839	  0.496592	  0.220913	  0.163656	
  0.407444	  0.259798	  0.072960	  0.259798	
  0.440817	  0.140982	  0.104442	  0.313760	
  0.395676	  0.129101	  0.157685	  0.317538	
  0.315183	  0.176470	  0.156515	  0.351832	

URL http://cisbp.ccbr.utoronto.ca/TFreport.php?versionNumber=2.00&searchTF=T173255_2.00

MOTIF M01321_2.00 (maker-piw_contig_3937-snap-gene-0.1)_(Ciona_intestinalis)_(DBD_0.34)

letter-probability matrix: alength= 4 w= 9 nsites= 1 E= 0
  0.376035	  0.194354	  0.212657	  0.216953	
  0.454381	  0.107656	  0.216792	  0.221171	
  0.137399	  0.086737	  0.067551	  0.708313	
  0.109833	  0.055643	  0.046944	  0.787579	
  0.012137	  0.537147	  0.052787	  0.397928	
  0.713480	  0.021119	  0.242294	  0.023107	
  0.855693	  0.015362	  0.033179	  0.095766	
  0.786029	  0.054981	  0.101189	  0.057800	
  0.279467	  0.282276	  0.129397	  0.308859	

URL http://cisbp.ccbr.utoronto.ca/TFreport.php?versionNumber=2.00&searchTF=T345547_2.00

MOTIF M02331_2.00 (maker-piw_contig_2979-fgenesh-gene-0.0)_(Phytophthora_ramorum)_(DBD_0.79)

letter-probability matrix: alength= 4 w= 9 nsites= 1 E= 0
  0.232598	  0.188540	  0.264889	  0.313974	
  0.179667	  0.412033	  0.064142	  0.344159	
  0.850592	  0.002046	  0.051210	  0.096152	
  0.067551	  0.530002	  0.054211	  0.348236	
  0.116387	  0.704098	  0.091553	  0.087963	
  0.096786	  0.545937	  0.063593	  0.293684	
  0.473798	  0.139879	  0.162517	  0.223806	
  0.261815	  0.244115	  0.195907	  0.298163	
  0.260078	  0.284570	  0.147081	  0.308271	

URL http://cisbp.ccbr.utoronto.ca/TFreport.php?versionNumber=2.00&searchTF=T274186_2.00

MOTIF M02332_2.00 (fgenesh-piw_contig_33-abinit-gene-0.101)_(Phytophthora_ramorum)_(DBD_0.73)

letter-probability matrix: alength= 4 w= 10 nsites= 1 E= 0
  0.387714	  0.173881	  0.264524	  0.173881	
  0.350779	  0.046076	  0.367057	  0.236088	
  0.694687	  0.000161	  0.304990	  0.000161	
  0.000161	  0.000161	  0.694687	  0.304990	
  0.000161	  0.104586	  0.000161	  0.895091	
  0.000161	  0.999516	  0.000161	  0.000161	
  0.999516	  0.000161	  0.000161	  0.000161	
  0.000161	  0.000161	  0.999516	  0.000161	
  0.076281	  0.076281	  0.076281	  0.771158	
  0.204086	  0.204086	  0.293150	  0.298679	

URL http://cisbp.ccbr.utoronto.ca/TFreport.php?versionNumber=2.00&searchTF=T270879_2.00

MOTIF M02333_2.00 (maker-piw_contig_50-fgenesh-gene-0.1)_(Phytophthora_ramorum)_(DBD_0.74)

letter-probability matrix: alength= 4 w= 10 nsites= 1 E= 0
  0.264512	  0.197925	  0.280869	  0.256695	
  0.125183	  0.219155	  0.196327	  0.459335	
  0.109125	  0.091148	  0.700987	  0.098740	
  0.255287	  0.117025	  0.048057	  0.579630	
  0.998698	  0.000083	  0.000171	  0.001048	
  0.023216	  0.623179	  0.173267	  0.180338	
  0.052385	  0.870108	  0.042040	  0.035468	
  0.058169	  0.540964	  0.027204	  0.373663	
  0.646963	  0.035956	  0.101727	  0.215355	
  0.260903	  0.211484	  0.164704	  0.362908	

URL http://cisbp.ccbr.utoronto.ca/TFreport.php?versionNumber=2.00&searchTF=T274200_2.00

MOTIF M02698_2.00 (maker-piw_contig_737-snap-gene-0.12)_(Arabidopsis_thaliana)_(DBD_0.85)

letter-probability matrix: alength= 4 w= 11 nsites= 1 E= 0
  0.140000	  0.450000	  0.230000	  0.180000	
  0.160000	  0.270000	  0.550000	  0.020000	
  0.000000	  0.919192	  0.040404	  0.040404	
  0.000000	  0.050000	  0.930000	  0.020000	
  0.040404	  0.939394	  0.000000	  0.020202	
  0.040404	  0.020202	  0.020202	  0.919192	
  0.080808	  0.000000	  0.858586	  0.060606	
  0.960000	  0.000000	  0.020000	  0.020000	
  0.040000	  0.040000	  0.920000	  0.000000	
  0.020000	  0.550000	  0.260000	  0.170000	
  0.151515	  0.323232	  0.242424	  0.282828	

URL http://cisbp.ccbr.utoronto.ca/TFreport.php?versionNumber=2.00&searchTF=T274214_2.00

MOTIF M04705_2.00 (maker-piw_contig_1993-fgenesh-gene-0.1)_(Homo_sapiens)_(DBD_0.59)

letter-probability matrix: alength= 4 w= 14 nsites= 1 E= 0
  0.330365	  0.000000	  0.000000	  0.669635	
  0.053965	  0.000000	  0.000000	  0.946035	
  0.000000	  0.000000	  0.000000	  1.000000	
  0.000000	  0.000000	  0.000000	  1.000000	
  0.000000	  0.000000	  0.999080	  0.000920	
  0.000000	  0.000000	  0.999579	  0.000421	
  0.000543	  0.996399	  0.003057	  0.000000	
  0.000000	  0.000924	  0.998369	  0.000707	
  0.000014	  0.000000	  0.999007	  0.000979	
  0.000000	  0.000000	  1.000000	  0.000000	
  1.000000	  0.000000	  0.000000	  0.000000	
  1.000000	  0.000000	  0.000000	  0.000000	
  0.952164	  0.022052	  0.000000	  0.025783	
  0.334262	  0.148280	  0.181890	  0.335568	

URL http://cisbp.ccbr.utoronto.ca/TFreport.php?versionNumber=2.00&searchTF=T173257_2.00

MOTIF M07979_2.00 (maker-piw_contig_232-snap-gene-0.15)_(Homo_sapiens)_(DBD_0.73)

letter-probability matrix: alength= 4 w= 15 nsites= 1 E= 0
  0.310573	  0.154185	  0.306167	  0.229075	
  0.310573	  0.105727	  0.270925	  0.312775	
  0.160793	  0.101322	  0.385463	  0.352423	
  0.149780	  0.640969	  0.057269	  0.151982	
  0.000000	  0.506608	  0.000000	  0.493392	
  0.711454	  0.129956	  0.024229	  0.134361	
  0.704846	  0.019824	  0.114537	  0.160793	
  0.938326	  0.000000	  0.044053	  0.017621	
  0.905286	  0.004405	  0.002203	  0.088106	
  0.925110	  0.000000	  0.000000	  0.074890	
  0.033040	  0.000000	  0.000000	  0.966960	
  0.958150	  0.000000	  0.041850	  0.000000	
  0.209251	  0.052863	  0.702644	  0.035242	
  0.416300	  0.354626	  0.090308	  0.138767	
  0.387665	  0.262115	  0.070485	  0.279736	

URL http://cisbp.ccbr.utoronto.ca/TFreport.php?versionNumber=2.00&searchTF=T254625_2.00

MOTIF M08108_2.00 (maker-piw_contig_141-snap-gene-0.22)_(Homo_sapiens)_(DBD_0.81)

letter-probability matrix: alength= 4 w= 11 nsites= 1 E= 0
  0.204783	  0.244644	  0.387145	  0.163428	
  0.131041	  0.340807	  0.468361	  0.059791	
  0.023916	  0.035376	  0.927753	  0.012955	
  0.013951	  0.939711	  0.010962	  0.035376	
  0.006976	  0.026906	  0.962631	  0.003488	
  0.017937	  0.039860	  0.929248	  0.012955	
  0.013453	  0.015944	  0.956153	  0.014449	
  0.924265	  0.011958	  0.048829	  0.014948	
  0.819631	  0.084704	  0.068261	  0.027404	
  0.231689	  0.322372	  0.322870	  0.123069	
  0.189836	  0.300947	  0.322870	  0.186348	

URL http://cisbp.ccbr.utoronto.ca/TFreport.php?versionNumber=2.00&searchTF=T173256_2.00

MOTIF M08452_2.00 (maker-piw_contig_15-fgenesh-gene-0.1)_(Saccharomyces_cerevisiae)_(DBD_0.75)

letter-probability matrix: alength= 4 w= 5 nsites= 1 E= 0
  0.000000	  0.000000	  0.000000	  1.000000	
  0.000000	  0.000000	  0.010160	  0.989840	
  0.005578	  0.000000	  0.994422	  0.000000	
  0.000000	  0.000000	  0.998223	  0.001777	
  0.158006	  0.378979	  0.030665	  0.432350	

URL http://cisbp.ccbr.utoronto.ca/TFreport.php?versionNumber=2.00&searchTF=T160127_2.00

