MEME version 4

ALPHABET= ACGT

strands: + -

Background letter frequencies (from uniform background):
A 0.25000 C 0.25000 G 0.25000 T 0.25000 

MOTIF M00115_2.00 (RSKR_0000557500)_(Mus_musculus)_(DBD_0.72)

letter-probability matrix: alength= 4 w= 9 nsites= 1 E= 0
  0.246578	  0.267115	  0.232219	  0.254088	
  0.378326	  0.089636	  0.246105	  0.285933	
  0.932211	  0.020037	  0.024473	  0.023279	
  0.109459	  0.057143	  0.094212	  0.739186	
  0.198441	  0.333784	  0.113351	  0.354424	
  0.708755	  0.056459	  0.138866	  0.095920	
  0.607308	  0.100387	  0.141039	  0.151265	
  0.519306	  0.108039	  0.187259	  0.185396	
  0.347377	  0.202433	  0.185010	  0.265180	

URL http://cisbp.ccbr.utoronto.ca/TFreport.php?versionNumber=2.00&searchTF=T016670_2.00

MOTIF M00133_2.00 (RSKR_0000732400)_(Mus_musculus)_(DBD_0.77)

letter-probability matrix: alength= 4 w= 10 nsites= 1 E= 0
  0.210214	  0.458577	  0.118882	  0.212327	
  0.423407	  0.501866	  0.028741	  0.045986	
  0.029760	  0.909753	  0.024858	  0.035629	
  0.156909	  0.014093	  0.668920	  0.160079	
  0.000767	  0.987545	  0.000039	  0.011649	
  0.000264	  0.999670	  0.000030	  0.000036	
  0.000434	  0.833039	  0.000013	  0.166514	
  0.296789	  0.562855	  0.013504	  0.126852	
  0.102020	  0.541945	  0.119721	  0.236315	
  0.207575	  0.297523	  0.149230	  0.345672	

URL http://cisbp.ccbr.utoronto.ca/TFreport.php?versionNumber=2.00&searchTF=T155907_2.00

MOTIF M00134_2.00 (RSKR_0000666600)_(Mus_musculus)_(DBD_0.79)

letter-probability matrix: alength= 4 w= 10 nsites= 1 E= 0
  0.234441	  0.180766	  0.414554	  0.170239	
  0.219242	  0.497789	  0.115605	  0.167365	
  0.177318	  0.538047	  0.076550	  0.208085	
  0.515538	  0.352557	  0.089587	  0.042318	
  0.009895	  0.974574	  0.000320	  0.015211	
  0.228736	  0.010304	  0.660217	  0.100743	
  0.000089	  0.999596	  0.000241	  0.000074	
  0.000191	  0.999363	  0.000173	  0.000272	
  0.001121	  0.823801	  0.000229	  0.174850	
  0.342124	  0.258571	  0.077105	  0.322200	

URL http://cisbp.ccbr.utoronto.ca/TFreport.php?versionNumber=2.00&searchTF=T155900_2.00

MOTIF M00158_2.00 (RSKR_0000755000)_(Mus_musculus)_(DBD_0.62)

letter-probability matrix: alength= 4 w= 10 nsites= 1 E= 0
  0.497929	  0.096588	  0.145541	  0.259942	
  0.239502	  0.275493	  0.259450	  0.225555	
  0.238666	  0.401443	  0.297397	  0.062494	
  0.339402	  0.554011	  0.093427	  0.013160	
  0.009336	  0.001239	  0.986255	  0.003171	
  0.006697	  0.003195	  0.983988	  0.006120	
  0.979497	  0.004380	  0.005458	  0.010666	
  0.868199	  0.019815	  0.004602	  0.107385	
  0.352316	  0.096017	  0.530876	  0.020791	
  0.123743	  0.244253	  0.082947	  0.549058	

URL http://cisbp.ccbr.utoronto.ca/TFreport.php?versionNumber=2.00&searchTF=T178713_2.00

MOTIF M00159_2.00 (RSKR_0000577300)_(Mus_musculus)_(DBD_0.62)

letter-probability matrix: alength= 4 w= 10 nsites= 1 E= 0
  0.401213	  0.134894	  0.189519	  0.274374	
  0.288005	  0.299758	  0.235798	  0.176439	
  0.207310	  0.504826	  0.205247	  0.082617	
  0.276376	  0.615087	  0.084925	  0.023612	
  0.001256	  0.018138	  0.980434	  0.000172	
  0.005077	  0.055966	  0.893136	  0.045821	
  0.810468	  0.028435	  0.076525	  0.084573	
  0.293995	  0.181919	  0.067597	  0.456488	
  0.285185	  0.231166	  0.308937	  0.174712	
  0.171414	  0.277017	  0.125723	  0.425847	

URL http://cisbp.ccbr.utoronto.ca/TFreport.php?versionNumber=2.00&searchTF=T178711_2.00

MOTIF M00162_2.00 (RSKR_0000508000)_(Mus_musculus)_(DBD_0.78)

letter-probability matrix: alength= 4 w= 8 nsites= 1 E= 0
  0.160144	  0.000399	  0.839058	  0.000399	
  0.000322	  0.032539	  0.000322	  0.966817	
  0.878027	  0.121368	  0.000303	  0.000303	
  0.968826	  0.030569	  0.000303	  0.000303	
  0.999092	  0.000303	  0.000303	  0.000303	
  0.000303	  0.635896	  0.000303	  0.363499	
  0.999092	  0.000303	  0.000303	  0.000303	
  0.630777	  0.105567	  0.105567	  0.158088	

URL http://cisbp.ccbr.utoronto.ca/TFreport.php?versionNumber=2.00&searchTF=T190981_2.00

MOTIF M00166_2.00 (RSKR_0000079300)_(Mus_musculus)_(DBD_0.85)

letter-probability matrix: alength= 4 w= 10 nsites= 1 E= 0
  0.268595	  0.233506	  0.226604	  0.271295	
  0.274182	  0.235991	  0.229016	  0.260810	
  0.228672	  0.255262	  0.268349	  0.247717	
  0.424078	  0.237440	  0.065360	  0.273121	
  0.073859	  0.028851	  0.873191	  0.024099	
  0.941711	  0.009657	  0.001747	  0.046885	
  0.062764	  0.030247	  0.036212	  0.870777	
  0.486794	  0.180881	  0.095377	  0.236948	
  0.453949	  0.132686	  0.190183	  0.223182	
  0.227316	  0.258874	  0.316190	  0.197619	

URL http://cisbp.ccbr.utoronto.ca/TFreport.php?versionNumber=2.00&searchTF=T197755_2.00

MOTIF M00170_2.00 (RSKR_0000979300)_(Mus_musculus)_(DBD_0.51)

letter-probability matrix: alength= 4 w= 10 nsites= 1 E= 0
  0.209374	  0.233720	  0.159832	  0.397074	
  0.163450	  0.121087	  0.144967	  0.570496	
  0.767485	  0.012467	  0.178238	  0.041809	
  0.971535	  0.004091	  0.015625	  0.008748	
  0.011394	  0.002492	  0.856692	  0.129422	
  0.130487	  0.022903	  0.095706	  0.750904	
  0.343268	  0.018147	  0.613089	  0.025496	
  0.097817	  0.321534	  0.373569	  0.207080	
  0.177217	  0.319698	  0.207966	  0.295118	
  0.190838	  0.262808	  0.198626	  0.347729	

URL http://cisbp.ccbr.utoronto.ca/TFreport.php?versionNumber=2.00&searchTF=T235872_2.00

MOTIF M00181_2.00 (RSKR_0000357100)_(Mus_musculus)_(DBD_0.56)

letter-probability matrix: alength= 4 w= 10 nsites= 1 E= 0
  0.325203	  0.229167	  0.176700	  0.268930	
  0.302762	  0.119456	  0.489286	  0.088495	
  0.447338	  0.000344	  0.551871	  0.000446	
  0.041805	  0.000161	  0.956243	  0.001791	
  0.023582	  0.000259	  0.765452	  0.210707	
  0.048615	  0.000240	  0.085109	  0.866036	
  0.081116	  0.682577	  0.097113	  0.139195	
  0.814947	  0.000279	  0.169546	  0.015228	
  0.270941	  0.314788	  0.148695	  0.265576	
  0.251452	  0.223018	  0.319658	  0.205872	

URL http://cisbp.ccbr.utoronto.ca/TFreport.php?versionNumber=2.00&searchTF=T310093_2.00

MOTIF M00184_2.00 (RSKR_0000201000)_(Mus_musculus)_(DBD_0.64)

letter-probability matrix: alength= 4 w= 8 nsites= 1 E= 0
  0.343561	  0.117844	  0.441142	  0.097453	
  0.519548	  0.010104	  0.465429	  0.004918	
  0.005640	  0.000372	  0.972451	  0.021538	
  0.014119	  0.000182	  0.941551	  0.044147	
  0.004880	  0.014806	  0.031660	  0.948655	
  0.004689	  0.893593	  0.028368	  0.073351	
  0.851749	  0.010668	  0.121182	  0.016400	
  0.304843	  0.304843	  0.152902	  0.237412	

URL http://cisbp.ccbr.utoronto.ca/TFreport.php?versionNumber=2.00&searchTF=T310078_2.00

MOTIF M00185_2.00 (RSKR_0000721000)_(Mus_musculus)_(DBD_0.60)

letter-probability matrix: alength= 4 w= 8 nsites= 1 E= 0
  0.347647	  0.151591	  0.347647	  0.153115	
  0.564155	  0.084380	  0.332064	  0.019401	
  0.004317	  0.000046	  0.955885	  0.039751	
  0.004651	  0.000012	  0.818173	  0.177164	
  0.050818	  0.035811	  0.069287	  0.844084	
  0.018541	  0.854042	  0.045150	  0.082268	
  0.872278	  0.006056	  0.104701	  0.016964	
  0.268794	  0.328306	  0.178385	  0.224515	

URL http://cisbp.ccbr.utoronto.ca/TFreport.php?versionNumber=2.00&searchTF=T310111_2.00

MOTIF M00193_2.00 (RSKR_0000645000)_(Mus_musculus)_(DBD_0.42)

letter-probability matrix: alength= 4 w= 9 nsites= 1 E= 0
  0.181253	  0.200316	  0.105625	  0.512805	
  0.193981	  0.157238	  0.162027	  0.486755	
  0.165856	  0.190780	  0.108975	  0.534388	
  0.214521	  0.234724	  0.386994	  0.163761	
  0.366461	  0.201118	  0.166316	  0.266105	
  0.245754	  0.197223	  0.159866	  0.397157	
  0.204582	  0.302164	  0.324073	  0.169181	
  0.226849	  0.220145	  0.217954	  0.335052	
  0.257350	  0.221503	  0.242363	  0.278784	

URL http://cisbp.ccbr.utoronto.ca/TFreport.php?versionNumber=2.00&searchTF=T336871_2.00

MOTIF M00195_2.00 (RSKR_0000077800)_(Mus_musculus)_(DBD_0.75)

letter-probability matrix: alength= 4 w= 10 nsites= 1 E= 0
  0.279067	  0.181426	  0.181426	  0.358081	
  0.289551	  0.189085	  0.212315	  0.309049	
  0.000105	  0.000105	  0.000105	  0.999685	
  0.000105	  0.000105	  0.999685	  0.000105	
  0.000105	  0.999685	  0.000105	  0.000105	
  0.000105	  0.000105	  0.000105	  0.999685	
  0.000105	  0.000105	  0.999685	  0.000105	
  0.999685	  0.000105	  0.000105	  0.000105	
  0.068679	  0.613130	  0.162332	  0.155859	
  0.241038	  0.147190	  0.147190	  0.464583	

URL http://cisbp.ccbr.utoronto.ca/TFreport.php?versionNumber=2.00&searchTF=T336851_2.00

MOTIF M00205_2.00 (RSKR_0000922300)_(Mus_musculus)_(DBD_0.72)

letter-probability matrix: alength= 4 w= 10 nsites= 1 E= 0
  0.219705	  0.348028	  0.091130	  0.341137	
  0.588175	  0.037227	  0.070600	  0.303999	
  0.000309	  0.035044	  0.051760	  0.912887	
  0.025252	  0.020469	  0.001972	  0.952308	
  0.158336	  0.116131	  0.702551	  0.022982	
  0.113178	  0.038052	  0.029048	  0.819721	
  0.109991	  0.293067	  0.164088	  0.432854	
  0.218075	  0.312573	  0.156779	  0.312573	
  0.195622	  0.256257	  0.205651	  0.342469	
  0.219142	  0.249565	  0.247082	  0.284212	

URL http://cisbp.ccbr.utoronto.ca/TFreport.php?versionNumber=2.00&searchTF=T336875_2.00

MOTIF M00208_2.00 (RSKR_0000556800)_(Mus_musculus)_(DBD_0.90)

letter-probability matrix: alength= 4 w= 9 nsites= 1 E= 0
  0.610507	  0.080181	  0.080181	  0.229130	
  0.027959	  0.087421	  0.055188	  0.829432	
  0.077434	  0.030859	  0.020893	  0.870814	
  0.237747	  0.206688	  0.478765	  0.076800	
  0.240465	  0.078459	  0.077678	  0.603397	
  0.222149	  0.224382	  0.205070	  0.348399	
  0.230661	  0.273404	  0.181445	  0.314490	
  0.236240	  0.248352	  0.218077	  0.297331	
  0.240132	  0.254981	  0.252444	  0.252444	

URL http://cisbp.ccbr.utoronto.ca/TFreport.php?versionNumber=2.00&searchTF=T336864_2.00

MOTIF M00209_2.00 (RSKR_0000468700)_(Mus_musculus)_(DBD_0.54)

letter-probability matrix: alength= 4 w= 8 nsites= 1 E= 0
  0.298569	  0.212512	  0.246904	  0.242015	
  0.319250	  0.175208	  0.266660	  0.238883	
  0.357639	  0.192390	  0.237347	  0.212624	
  0.679599	  0.055230	  0.056345	  0.208826	
  0.056853	  0.555835	  0.186881	  0.200431	
  0.931608	  0.011904	  0.000958	  0.055529	
  0.869014	  0.026242	  0.081236	  0.023508	
  0.183811	  0.059974	  0.047177	  0.709038	

URL http://cisbp.ccbr.utoronto.ca/TFreport.php?versionNumber=2.00&searchTF=T336861_2.00

MOTIF M00214_2.00 (RSKR_0000175300)_(Mus_musculus)_(DBD_0.58)

letter-probability matrix: alength= 4 w= 10 nsites= 1 E= 0
  0.271418	  0.222218	  0.260775	  0.245589	
  0.276412	  0.204771	  0.245155	  0.273662	
  0.272770	  0.221103	  0.251798	  0.254329	
  0.267470	  0.208305	  0.298570	  0.225655	
  0.409172	  0.169718	  0.217922	  0.203189	
  0.328851	  0.083563	  0.116234	  0.471352	
  0.122925	  0.296360	  0.442117	  0.138598	
  0.861430	  0.012662	  0.082154	  0.043754	
  0.852026	  0.047352	  0.093468	  0.007154	
  0.231452	  0.044450	  0.088621	  0.635476	

URL http://cisbp.ccbr.utoronto.ca/TFreport.php?versionNumber=2.00&searchTF=T336855_2.00

MOTIF M00216_2.00 (RSKR_0000436900)_(Mus_musculus)_(DBD_0.83)

letter-probability matrix: alength= 4 w= 7 nsites= 1 E= 0
  0.317192	  0.188577	  0.170632	  0.323600	
  0.377028	  0.110202	  0.112429	  0.400342	
  0.238466	  0.123251	  0.123251	  0.515031	
  0.532428	  0.000769	  0.095340	  0.371463	
  0.290314	  0.000533	  0.069475	  0.639678	
  0.715780	  0.078521	  0.191210	  0.014489	
  0.289234	  0.119969	  0.104296	  0.486500	

URL http://cisbp.ccbr.utoronto.ca/TFreport.php?versionNumber=2.00&searchTF=T343589_2.00

MOTIF M00274_2.00 (RSKR_0000992600)_(Homo_sapiens)_(DBD_0.58)

letter-probability matrix: alength= 4 w= 10 nsites= 1 E= 0
  0.274409	  0.271999	  0.277772	  0.175819	
  0.197602	  0.602344	  0.100027	  0.100027	
  0.000118	  0.000118	  0.000118	  0.999646	
  0.999646	  0.000118	  0.000118	  0.000118	
  0.999646	  0.000118	  0.000118	  0.000118	
  0.000118	  0.000118	  0.000118	  0.999646	
  0.000118	  0.999646	  0.000118	  0.000118	
  0.000118	  0.999646	  0.000118	  0.000118	
  0.074299	  0.382765	  0.468638	  0.074299	
  0.343631	  0.257011	  0.249267	  0.150091	

URL http://cisbp.ccbr.utoronto.ca/TFreport.php?versionNumber=2.00&searchTF=T235874_2.00

MOTIF M00277_2.00 (RSKR_0000775000)_(Homo_sapiens)_(DBD_0.60)

letter-probability matrix: alength= 4 w= 10 nsites= 1 E= 0
  0.267704	  0.210584	  0.225853	  0.295859	
  0.244975	  0.169212	  0.212971	  0.372842	
  0.173000	  0.119497	  0.138836	  0.568666	
  0.176004	  0.106752	  0.534058	  0.183187	
  0.635044	  0.095937	  0.109256	  0.159763	
  0.138689	  0.404331	  0.091125	  0.365854	
  0.297755	  0.100110	  0.414167	  0.187968	
  0.270884	  0.188989	  0.228535	  0.311591	
  0.267206	  0.197951	  0.346547	  0.188297	
  0.224508	  0.274215	  0.195178	  0.306100	

URL http://cisbp.ccbr.utoronto.ca/TFreport.php?versionNumber=2.00&searchTF=T235855_2.00

MOTIF M00287_2.00 (RSKR_0000047500)_(Homo_sapiens)_(DBD_0.72)

letter-probability matrix: alength= 4 w= 10 nsites= 1 E= 0
  0.276533	  0.274138	  0.272562	  0.176767	
  0.096569	  0.200738	  0.096569	  0.606124	
  0.000039	  0.000039	  0.000039	  0.999883	
  0.999883	  0.000039	  0.000039	  0.000039	
  0.999883	  0.000039	  0.000039	  0.000039	
  0.000039	  0.000039	  0.000039	  0.999883	
  0.000039	  0.000039	  0.000039	  0.999883	
  0.999883	  0.000039	  0.000039	  0.000039	
  0.187323	  0.073272	  0.666133	  0.073272	
  0.248701	  0.250739	  0.247869	  0.252690	

URL http://cisbp.ccbr.utoronto.ca/TFreport.php?versionNumber=2.00&searchTF=T235826_2.00

MOTIF M00319_2.00 (RSKR_0001139600)_(Homo_sapiens)_(DBD_0.65)

letter-probability matrix: alength= 4 w= 8 nsites= 1 E= 0
  0.188828	  0.042016	  0.188828	  0.580327	
  0.049768	  0.105004	  0.000055	  0.845172	
  0.944304	  0.020248	  0.020248	  0.015199	
  0.989750	  0.005100	  0.000050	  0.005100	
  0.005100	  0.000050	  0.000050	  0.994799	
  0.036503	  0.020881	  0.046917	  0.895699	
  0.648166	  0.027648	  0.234487	  0.089699	
  0.057766	  0.134660	  0.624856	  0.182718	

URL http://cisbp.ccbr.utoronto.ca/TFreport.php?versionNumber=2.00&searchTF=T235885_2.00

MOTIF M00340_2.00 (RSKR_0000862000)_(Homo_sapiens)_(DBD_0.86)

letter-probability matrix: alength= 4 w= 7 nsites= 1 E= 0
  0.273276	  0.225988	  0.267865	  0.232871	
  0.328022	  0.202975	  0.273987	  0.195016	
  0.273207	  0.214912	  0.194460	  0.317421	
  0.138621	  0.192818	  0.276371	  0.392190	
  0.164365	  0.305543	  0.245204	  0.284887	
  0.456300	  0.117114	  0.315182	  0.111403	
  0.138711	  0.344604	  0.204874	  0.311811	

URL http://cisbp.ccbr.utoronto.ca/TFreport.php?versionNumber=2.00&searchTF=T237884_2.00

MOTIF M00373_2.00 (RSKR_0000698500)_(Homo_sapiens)_(DBD_0.76)

letter-probability matrix: alength= 4 w= 10 nsites= 1 E= 0
  0.411914	  0.258114	  0.164986	  0.164986	
  0.583368	  0.042923	  0.330786	  0.042923	
  0.999612	  0.000129	  0.000129	  0.000129	
  0.000129	  0.000129	  0.999612	  0.000129	
  0.839516	  0.000129	  0.160225	  0.000129	
  0.000129	  0.000129	  0.000129	  0.999612	
  0.000129	  0.999612	  0.000129	  0.000129	
  0.999612	  0.000129	  0.000129	  0.000129	
  0.477760	  0.351954	  0.085143	  0.085143	
  0.207207	  0.207207	  0.288317	  0.297270	

URL http://cisbp.ccbr.utoronto.ca/TFreport.php?versionNumber=2.00&searchTF=T310110_2.00

MOTIF M00376_2.00 (RSKR_0001068600)_(Caenorhabditis_elegans)_(DBD_0.79)

letter-probability matrix: alength= 4 w= 10 nsites= 1 E= 0
  0.214617	  0.090818	  0.075102	  0.619463	
  0.069859	  0.360136	  0.209869	  0.360136	
  0.722064	  0.000065	  0.260373	  0.017498	
  0.991898	  0.000023	  0.004261	  0.003818	
  0.000309	  0.000156	  0.977664	  0.021871	
  0.127581	  0.009014	  0.083827	  0.779578	
  0.331797	  0.010325	  0.629247	  0.028632	
  0.038565	  0.396364	  0.362249	  0.202823	
  0.184394	  0.295029	  0.197764	  0.322813	
  0.196154	  0.281154	  0.168832	  0.353860	

URL http://cisbp.ccbr.utoronto.ca/TFreport.php?versionNumber=2.00&searchTF=T235881_2.00

MOTIF M00380_2.00 (RSKR_0000332000)_(Mus_musculus)_(DBD_0.74)

letter-probability matrix: alength= 4 w= 8 nsites= 1 E= 0
  0.197712	  0.294951	  0.128613	  0.378724	
  0.094122	  0.079407	  0.010325	  0.816145	
  0.890434	  0.022015	  0.083238	  0.004313	
  0.994089	  0.000151	  0.000109	  0.005651	
  0.011500	  0.089327	  0.025850	  0.873323	
  0.128510	  0.058910	  0.253662	  0.558919	
  0.589184	  0.038044	  0.310672	  0.062100	
  0.188759	  0.223737	  0.420090	  0.167414	

URL http://cisbp.ccbr.utoronto.ca/TFreport.php?versionNumber=2.00&searchTF=T235835_2.00

MOTIF M00385_2.00 (RSKR_0001149900)_(Mus_musculus)_(DBD_0.75)

letter-probability matrix: alength= 4 w= 8 nsites= 1 E= 0
  0.255055	  0.187069	  0.145689	  0.412187	
  0.156259	  0.305367	  0.217351	  0.321023	
  0.515678	  0.042755	  0.332115	  0.109452	
  0.874267	  0.000203	  0.046219	  0.079312	
  0.114396	  0.028210	  0.706034	  0.151360	
  0.240421	  0.043484	  0.196840	  0.519254	
  0.348669	  0.028336	  0.499757	  0.123239	
  0.135811	  0.293320	  0.330718	  0.240150	

URL http://cisbp.ccbr.utoronto.ca/TFreport.php?versionNumber=2.00&searchTF=T235888_2.00

MOTIF M00388_2.00 (RSKR_0000949500)_(Mus_musculus)_(DBD_0.67)

letter-probability matrix: alength= 4 w= 10 nsites= 1 E= 0
  0.247073	  0.284202	  0.206373	  0.262352	
  0.149870	  0.075171	  0.040036	  0.734924	
  0.706549	  0.090958	  0.126519	  0.075974	
  0.851645	  0.008910	  0.044131	  0.095313	
  0.070692	  0.091682	  0.096383	  0.741243	
  0.120799	  0.217919	  0.226813	  0.434469	
  0.367812	  0.088905	  0.402450	  0.140833	
  0.215590	  0.296895	  0.274069	  0.213445	
  0.220651	  0.269503	  0.211999	  0.297847	
  0.238452	  0.238452	  0.243269	  0.279826	

URL http://cisbp.ccbr.utoronto.ca/TFreport.php?versionNumber=2.00&searchTF=T235868_2.00

MOTIF M00405_2.00 (RSKR_0000900000)_(Mus_musculus)_(DBD_0.90)

letter-probability matrix: alength= 4 w= 9 nsites= 1 E= 0
  0.166699	  0.079535	  0.057179	  0.696587	
  0.658460	  0.072959	  0.164006	  0.104575	
  0.860814	  0.014554	  0.044163	  0.080469	
  0.057497	  0.058075	  0.037402	  0.847026	
  0.146493	  0.115235	  0.184376	  0.553896	
  0.427710	  0.071410	  0.368133	  0.132747	
  0.333758	  0.210696	  0.276004	  0.179543	
  0.279203	  0.233210	  0.202743	  0.284843	
  0.269584	  0.207863	  0.189973	  0.332580	

URL http://cisbp.ccbr.utoronto.ca/TFreport.php?versionNumber=2.00&searchTF=T235862_2.00

MOTIF M00411_2.00 (RSKR_0000905500)_(Mus_musculus)_(DBD_0.63)

letter-probability matrix: alength= 4 w= 9 nsites= 1 E= 0
  0.240681	  0.253021	  0.279632	  0.226665	
  0.227219	  0.312909	  0.182347	  0.277525	
  0.152629	  0.043729	  0.032395	  0.771247	
  0.781271	  0.024069	  0.108954	  0.085706	
  0.946629	  0.020346	  0.018971	  0.014054	
  0.079369	  0.043125	  0.124475	  0.753031	
  0.124675	  0.611374	  0.090532	  0.173419	
  0.108349	  0.531316	  0.137739	  0.222596	
  0.186346	  0.310320	  0.277995	  0.225339	

URL http://cisbp.ccbr.utoronto.ca/TFreport.php?versionNumber=2.00&searchTF=T235864_2.00

MOTIF M00416_2.00 (RSKR_0000632700)_(Mus_musculus)_(DBD_0.82)

letter-probability matrix: alength= 4 w= 8 nsites= 1 E= 0
  0.262564	  0.254804	  0.249759	  0.232873	
  0.275648	  0.244478	  0.251924	  0.227950	
  0.207360	  0.229168	  0.266256	  0.297216	
  0.311690	  0.111276	  0.242744	  0.334290	
  0.708550	  0.043957	  0.124365	  0.123128	
  0.169491	  0.597527	  0.115908	  0.117073	
  0.675885	  0.093319	  0.088768	  0.142028	
  0.337236	  0.221580	  0.120396	  0.320789	

URL http://cisbp.ccbr.utoronto.ca/TFreport.php?versionNumber=2.00&searchTF=T235850_2.00

MOTIF M00425_2.00 (RSKR_0000334300)_(Mus_musculus)_(DBD_0.76)

letter-probability matrix: alength= 4 w= 8 nsites= 1 E= 0
  0.177918	  0.245015	  0.196630	  0.380437	
  0.185511	  0.128139	  0.489368	  0.196982	
  0.844182	  0.107594	  0.012408	  0.035815	
  0.079962	  0.206759	  0.066790	  0.646488	
  0.600471	  0.307266	  0.010998	  0.081265	
  0.102580	  0.523557	  0.126551	  0.247311	
  0.201123	  0.352101	  0.245653	  0.201123	
  0.225861	  0.295869	  0.223613	  0.254657	

URL http://cisbp.ccbr.utoronto.ca/TFreport.php?versionNumber=2.00&searchTF=T235836_2.00

MOTIF M00426_2.00 (RSKR_0000962500)_(Mus_musculus)_(DBD_0.84)

letter-probability matrix: alength= 4 w= 9 nsites= 1 E= 0
  0.269860	  0.244180	  0.310413	  0.175547	
  0.222956	  0.322782	  0.189991	  0.264271	
  0.095770	  0.046616	  0.010402	  0.847212	
  0.799391	  0.056478	  0.097891	  0.046240	
  0.967307	  0.000597	  0.022077	  0.010019	
  0.039713	  0.048993	  0.055795	  0.855498	
  0.112128	  0.104548	  0.131584	  0.651740	
  0.377268	  0.097803	  0.400597	  0.124332	
  0.274391	  0.207380	  0.363054	  0.155175	

URL http://cisbp.ccbr.utoronto.ca/TFreport.php?versionNumber=2.00&searchTF=T235871_2.00

MOTIF M00427_2.00 (RSKR_0001046900)_(Mus_musculus)_(DBD_0.63)

letter-probability matrix: alength= 4 w= 9 nsites= 1 E= 0
  0.168479	  0.163500	  0.146469	  0.521553	
  0.211125	  0.111324	  0.092061	  0.585490	
  0.332803	  0.037621	  0.152559	  0.477017	
  0.833329	  0.023463	  0.043182	  0.100026	
  0.015491	  0.177732	  0.064089	  0.742688	
  0.151377	  0.075927	  0.326939	  0.445757	
  0.427605	  0.074307	  0.394730	  0.103358	
  0.140060	  0.392316	  0.217472	  0.250152	
  0.235202	  0.305040	  0.214958	  0.244800	

URL http://cisbp.ccbr.utoronto.ca/TFreport.php?versionNumber=2.00&searchTF=T235880_2.00

MOTIF M00429_2.00 (RSKR_0000854100)_(Mus_musculus)_(DBD_0.84)

letter-probability matrix: alength= 4 w= 8 nsites= 1 E= 0
  0.140569	  0.125927	  0.071215	  0.662289	
  0.658857	  0.073737	  0.131697	  0.135708	
  0.889545	  0.000632	  0.054637	  0.055186	
  0.047090	  0.041349	  0.089305	  0.822257	
  0.122003	  0.124468	  0.143172	  0.610358	
  0.318933	  0.072601	  0.443625	  0.164841	
  0.234350	  0.253868	  0.310075	  0.201707	
  0.229553	  0.266702	  0.220552	  0.283194	

URL http://cisbp.ccbr.utoronto.ca/TFreport.php?versionNumber=2.00&searchTF=T235859_2.00

MOTIF M00430_2.00 (RSKR_0000148400)_(Mus_musculus)_(DBD_0.68)

letter-probability matrix: alength= 4 w= 7 nsites= 1 E= 0
  0.143815	  0.343274	  0.223303	  0.289608	
  0.074562	  0.321060	  0.036658	  0.567720	
  0.673560	  0.162809	  0.098749	  0.064882	
  0.883750	  0.060593	  0.022069	  0.033588	
  0.044040	  0.070464	  0.000928	  0.884568	
  0.163964	  0.310956	  0.088204	  0.436876	
  0.481574	  0.126098	  0.155564	  0.236763	

URL http://cisbp.ccbr.utoronto.ca/TFreport.php?versionNumber=2.00&searchTF=T235831_2.00

MOTIF M00432_2.00 (RSKR_0000511100)_(Mus_musculus)_(DBD_0.70)

letter-probability matrix: alength= 4 w= 8 nsites= 1 E= 0
  0.233021	  0.233021	  0.237729	  0.296228	
  0.299569	  0.128040	  0.147281	  0.425109	
  0.394212	  0.088845	  0.184360	  0.332583	
  0.791037	  0.010521	  0.120704	  0.077738	
  0.125342	  0.030909	  0.107883	  0.735866	
  0.111249	  0.116952	  0.215243	  0.556556	
  0.502249	  0.069345	  0.330001	  0.098405	
  0.304872	  0.239820	  0.275859	  0.179449	

URL http://cisbp.ccbr.utoronto.ca/TFreport.php?versionNumber=2.00&searchTF=T235846_2.00

MOTIF M00433_2.00 (RSKR_0000507300)_(Mus_musculus)_(DBD_0.75)

letter-probability matrix: alength= 4 w= 9 nsites= 1 E= 0
  0.239869	  0.317378	  0.190584	  0.252168	
  0.133763	  0.050707	  0.022333	  0.793196	
  0.850989	  0.020830	  0.051749	  0.076432	
  0.959274	  0.011777	  0.004509	  0.024439	
  0.324957	  0.077765	  0.136141	  0.461136	
  0.139125	  0.306548	  0.136371	  0.417956	
  0.193728	  0.061958	  0.611831	  0.132483	
  0.201560	  0.269370	  0.319285	  0.209785	
  0.174474	  0.290550	  0.187125	  0.347851	

URL http://cisbp.ccbr.utoronto.ca/TFreport.php?versionNumber=2.00&searchTF=T235845_2.00

MOTIF M00434_2.00 (RSKR_0000065300)_(Mus_musculus)_(DBD_0.53)

letter-probability matrix: alength= 4 w= 8 nsites= 1 E= 0
  0.181066	  0.320174	  0.134137	  0.364623	
  0.077756	  0.030374	  0.026143	  0.865728	
  0.451520	  0.051553	  0.474670	  0.022256	
  0.972804	  0.002535	  0.014882	  0.009778	
  0.013067	  0.018176	  0.024782	  0.943975	
  0.042824	  0.039929	  0.115250	  0.801997	
  0.521680	  0.031095	  0.367622	  0.079603	
  0.194449	  0.311118	  0.327069	  0.167364	

URL http://cisbp.ccbr.utoronto.ca/TFreport.php?versionNumber=2.00&searchTF=T235827_2.00

MOTIF M00460_2.00 (RSKR_0000751200)_(Mus_musculus)_(DBD_0.61)

letter-probability matrix: alength= 4 w= 9 nsites= 1 E= 0
  0.245921	  0.297380	  0.182183	  0.274516	
  0.148145	  0.057294	  0.053420	  0.741141	
  0.826195	  0.029278	  0.049246	  0.095281	
  0.911651	  0.016367	  0.020806	  0.051175	
  0.341059	  0.073851	  0.129290	  0.455800	
  0.145727	  0.296408	  0.137241	  0.420623	
  0.217704	  0.062373	  0.591781	  0.128142	
  0.218605	  0.261718	  0.292150	  0.227527	
  0.175236	  0.274825	  0.175236	  0.374703	

URL http://cisbp.ccbr.utoronto.ca/TFreport.php?versionNumber=2.00&searchTF=T235851_2.00

MOTIF M00461_2.00 (RSKR_0000416900)_(Mus_musculus)_(DBD_0.57)

letter-probability matrix: alength= 4 w= 9 nsites= 1 E= 0
  0.294249	  0.222388	  0.222388	  0.260975	
  0.183480	  0.221873	  0.178057	  0.416591	
  0.075940	  0.132946	  0.517984	  0.273129	
  0.948766	  0.047711	  0.002423	  0.001100	
  0.114207	  0.261913	  0.146644	  0.477236	
  0.526111	  0.349154	  0.000085	  0.124650	
  0.145740	  0.556586	  0.082419	  0.215255	
  0.169751	  0.417520	  0.211523	  0.201207	
  0.257435	  0.267941	  0.217189	  0.257435	

URL http://cisbp.ccbr.utoronto.ca/TFreport.php?versionNumber=2.00&searchTF=T235842_2.00

MOTIF M00471_2.00 (RSKR_0001131900)_(Mus_musculus)_(DBD_0.70)

letter-probability matrix: alength= 4 w= 8 nsites= 1 E= 0
  0.244872	  0.260014	  0.144133	  0.350982	
  0.077444	  0.034798	  0.008081	  0.879677	
  0.867505	  0.035010	  0.060680	  0.036805	
  0.982723	  0.000589	  0.009586	  0.007102	
  0.016319	  0.031259	  0.025086	  0.927336	
  0.092665	  0.083846	  0.096446	  0.727043	
  0.388672	  0.095845	  0.384805	  0.130678	
  0.289713	  0.198123	  0.368297	  0.143867	

URL http://cisbp.ccbr.utoronto.ca/TFreport.php?versionNumber=2.00&searchTF=T235884_2.00

MOTIF M00476_2.00 (RSKR_0000928000)_(Mus_musculus)_(DBD_0.58)

letter-probability matrix: alength= 4 w= 9 nsites= 1 E= 0
  0.219817	  0.202917	  0.222026	  0.355240	
  0.214850	  0.129017	  0.132946	  0.523188	
  0.513373	  0.061621	  0.131763	  0.293243	
  0.787783	  0.015788	  0.077418	  0.119012	
  0.061583	  0.194490	  0.104625	  0.639303	
  0.168088	  0.140399	  0.363030	  0.328483	
  0.320844	  0.119218	  0.380298	  0.179640	
  0.183628	  0.344782	  0.238153	  0.233437	
  0.224687	  0.297291	  0.224687	  0.253334	

URL http://cisbp.ccbr.utoronto.ca/TFreport.php?versionNumber=2.00&searchTF=T235867_2.00

MOTIF M00479_2.00 (RSKR_0000353400)_(Mus_musculus)_(DBD_0.82)

letter-probability matrix: alength= 4 w= 9 nsites= 1 E= 0
  0.215070	  0.276155	  0.181447	  0.327328	
  0.172619	  0.092859	  0.055207	  0.679315	
  0.727186	  0.051893	  0.126366	  0.094555	
  0.872145	  0.025815	  0.020511	  0.081529	
  0.049444	  0.150030	  0.086560	  0.713966	
  0.136238	  0.143223	  0.385447	  0.335092	
  0.420940	  0.087575	  0.341207	  0.150278	
  0.234385	  0.280610	  0.220736	  0.264269	
  0.230172	  0.281132	  0.210361	  0.278335	

URL http://cisbp.ccbr.utoronto.ca/TFreport.php?versionNumber=2.00&searchTF=T235840_2.00

MOTIF M00483_2.00 (RSKR_0000467100)_(Mus_musculus)_(DBD_0.86)

letter-probability matrix: alength= 4 w= 7 nsites= 1 E= 0
  0.247356	  0.242458	  0.265291	  0.244895	
  0.187686	  0.245862	  0.203318	  0.363134	
  0.206531	  0.145540	  0.437226	  0.210703	
  0.818609	  0.111900	  0.033704	  0.035788	
  0.126658	  0.170970	  0.099632	  0.602740	
  0.539508	  0.337193	  0.043409	  0.079890	
  0.146793	  0.419484	  0.179294	  0.254430	

URL http://cisbp.ccbr.utoronto.ca/TFreport.php?versionNumber=2.00&searchTF=T235843_2.00

MOTIF M00484_2.00 (RSKR_0000954700)_(Mus_musculus)_(DBD_0.79)

letter-probability matrix: alength= 4 w= 8 nsites= 1 E= 0
  0.260569	  0.255410	  0.285108	  0.198913	
  0.177845	  0.320830	  0.230652	  0.270673	
  0.114497	  0.403649	  0.048938	  0.432917	
  0.580843	  0.152091	  0.107177	  0.159889	
  0.790662	  0.111371	  0.053137	  0.044830	
  0.121087	  0.104221	  0.012262	  0.762430	
  0.136206	  0.248183	  0.120804	  0.494807	
  0.509367	  0.130735	  0.162905	  0.196993	

URL http://cisbp.ccbr.utoronto.ca/TFreport.php?versionNumber=2.00&searchTF=T235869_2.00

MOTIF M00487_2.00 (RSKR_0000220300)_(Mus_musculus)_(DBD_0.77)

letter-probability matrix: alength= 4 w= 8 nsites= 1 E= 0
  0.245580	  0.266033	  0.173057	  0.315330	
  0.119000	  0.042484	  0.026819	  0.811696	
  0.775973	  0.070395	  0.099895	  0.053738	
  0.952272	  0.000511	  0.019863	  0.027354	
  0.039124	  0.063862	  0.062598	  0.834416	
  0.140547	  0.106223	  0.141959	  0.611271	
  0.355145	  0.111333	  0.377106	  0.156417	
  0.288606	  0.209571	  0.335312	  0.166511	

URL http://cisbp.ccbr.utoronto.ca/TFreport.php?versionNumber=2.00&searchTF=T235834_2.00

MOTIF M00492_2.00 (RSKR_0000353300)_(Mus_musculus)_(DBD_0.71)

letter-probability matrix: alength= 4 w= 8 nsites= 1 E= 0
  0.183774	  0.159765	  0.141699	  0.514762	
  0.545910	  0.082472	  0.265723	  0.105896	
  0.785895	  0.001415	  0.085355	  0.127335	
  0.099932	  0.061836	  0.107178	  0.731054	
  0.138710	  0.233315	  0.265705	  0.362269	
  0.382301	  0.074159	  0.378497	  0.165043	
  0.254540	  0.267591	  0.320364	  0.157505	
  0.209768	  0.283158	  0.229523	  0.277551	

URL http://cisbp.ccbr.utoronto.ca/TFreport.php?versionNumber=2.00&searchTF=T235839_2.00

MOTIF M00495_2.00 (RSKR_0000378800)_(Mus_musculus)_(DBD_0.70)

letter-probability matrix: alength= 4 w= 9 nsites= 1 E= 0
  0.184447	  0.364076	  0.184447	  0.267030	
  0.116544	  0.046445	  0.001308	  0.835703	
  0.822965	  0.097799	  0.078485	  0.000750	
  0.891592	  0.011056	  0.021179	  0.076173	
  0.116988	  0.045699	  0.100693	  0.736620	
  0.189372	  0.123188	  0.282510	  0.404930	
  0.430266	  0.105047	  0.303203	  0.161484	
  0.227412	  0.274998	  0.297901	  0.199689	
  0.184723	  0.307617	  0.234829	  0.272832	

URL http://cisbp.ccbr.utoronto.ca/TFreport.php?versionNumber=2.00&searchTF=T235841_2.00

MOTIF M00501_2.00 (RSKR_0000338900)_(Mus_musculus)_(DBD_0.47)

letter-probability matrix: alength= 4 w= 7 nsites= 1 E= 0
  0.226066	  0.281695	  0.221589	  0.270650	
  0.146677	  0.148151	  0.067238	  0.637934	
  0.618779	  0.056134	  0.149568	  0.175519	
  0.877477	  0.000256	  0.058385	  0.063883	
  0.113953	  0.010652	  0.066406	  0.808989	
  0.155387	  0.136445	  0.149295	  0.558873	
  0.312201	  0.086803	  0.417233	  0.183763	

URL http://cisbp.ccbr.utoronto.ca/TFreport.php?versionNumber=2.00&searchTF=T235837_2.00

MOTIF M00513_2.00 (RSKR_0000629700)_(Mus_musculus)_(DBD_0.91)

letter-probability matrix: alength= 4 w= 9 nsites= 1 E= 0
  0.266112	  0.222276	  0.229045	  0.282568	
  0.237101	  0.188385	  0.227804	  0.346709	
  0.168681	  0.122488	  0.165341	  0.543490	
  0.135910	  0.075339	  0.627657	  0.161095	
  0.670614	  0.096370	  0.100303	  0.132714	
  0.153825	  0.312879	  0.143425	  0.389871	
  0.261540	  0.143536	  0.378641	  0.216283	
  0.251042	  0.207601	  0.277444	  0.263913	
  0.263023	  0.226386	  0.344550	  0.166042	

URL http://cisbp.ccbr.utoronto.ca/TFreport.php?versionNumber=2.00&searchTF=T235849_2.00

MOTIF M00516_2.00 (RSKR_0000186200)_(Mus_musculus)_(DBD_0.84)

letter-probability matrix: alength= 4 w= 9 nsites= 1 E= 0
  0.266806	  0.229642	  0.205721	  0.297830	
  0.116229	  0.082729	  0.031676	  0.769366	
  0.886269	  0.000274	  0.097224	  0.016233	
  0.956010	  0.016164	  0.000365	  0.027461	
  0.057873	  0.196026	  0.082125	  0.663976	
  0.104695	  0.230685	  0.333971	  0.330648	
  0.326888	  0.077449	  0.441252	  0.154411	
  0.189730	  0.271946	  0.338866	  0.199458	
  0.170012	  0.319216	  0.175189	  0.335583	

URL http://cisbp.ccbr.utoronto.ca/TFreport.php?versionNumber=2.00&searchTF=T235832_2.00

MOTIF M00524_2.00 (RSKR_0000754000)_(Mus_musculus)_(DBD_0.86)

letter-probability matrix: alength= 4 w= 10 nsites= 1 E= 0
  0.221818	  0.204764	  0.161073	  0.412344	
  0.207435	  0.166471	  0.084337	  0.541758	
  0.621586	  0.036682	  0.185355	  0.156378	
  0.910510	  0.013383	  0.034261	  0.041846	
  0.138801	  0.083349	  0.268550	  0.509300	
  0.088820	  0.300850	  0.045450	  0.564880	
  0.170729	  0.062808	  0.652021	  0.114443	
  0.204093	  0.304470	  0.254315	  0.237122	
  0.175698	  0.304530	  0.186563	  0.333209	
  0.196959	  0.273964	  0.238173	  0.290905	

URL http://cisbp.ccbr.utoronto.ca/TFreport.php?versionNumber=2.00&searchTF=T235852_2.00

MOTIF M00526_2.00 (RSKR_0000857100)_(Mus_musculus)_(DBD_0.67)

letter-probability matrix: alength= 4 w= 8 nsites= 1 E= 0
  0.732048	  0.000665	  0.000665	  0.266622	
  0.050399	  0.000499	  0.000499	  0.948603	
  0.000499	  0.100299	  0.000499	  0.898703	
  0.898703	  0.000499	  0.000499	  0.100299	
  0.948603	  0.000499	  0.000499	  0.050399	
  0.399701	  0.000499	  0.000499	  0.599301	
  0.210609	  0.000525	  0.000525	  0.788340	
  0.732048	  0.000665	  0.200133	  0.067154	

URL http://cisbp.ccbr.utoronto.ca/TFreport.php?versionNumber=2.00&searchTF=T235860_2.00

MOTIF M00554_2.00 (RSKR_0000904600)_(Drosophila_melanogaster)_(DBD_0.74)

letter-probability matrix: alength= 4 w= 10 nsites= 1 E= 0
  0.251496	  0.177226	  0.199822	  0.371455	
  0.148997	  0.073254	  0.136173	  0.641576	
  0.122081	  0.052704	  0.056525	  0.768690	
  0.381649	  0.037883	  0.070422	  0.510046	
  0.882245	  0.000299	  0.060489	  0.056967	
  0.048121	  0.268735	  0.096905	  0.586239	
  0.165526	  0.087281	  0.407129	  0.340063	
  0.403411	  0.084771	  0.354234	  0.157584	
  0.125944	  0.405791	  0.231791	  0.236474	
  0.189990	  0.335953	  0.201738	  0.272318	

URL http://cisbp.ccbr.utoronto.ca/TFreport.php?versionNumber=2.00&searchTF=T235863_2.00

MOTIF M00559_2.00 (RSKR_0000548600)_(Drosophila_melanogaster)_(DBD_0.65)

letter-probability matrix: alength= 4 w= 11 nsites= 1 E= 0
  0.178082	  0.365928	  0.178082	  0.277909	
  0.199231	  0.098875	  0.098875	  0.603018	
  0.026064	  0.331412	  0.026064	  0.616459	
  0.999569	  0.000144	  0.000144	  0.000144	
  0.999569	  0.000144	  0.000144	  0.000144	
  0.000144	  0.000144	  0.999569	  0.000144	
  0.000144	  0.000144	  0.000144	  0.999569	
  0.103827	  0.000144	  0.895886	  0.000144	
  0.072062	  0.175745	  0.680131	  0.072062	
  0.247437	  0.248030	  0.151268	  0.353265	
  0.224079	  0.224079	  0.224079	  0.327762	

URL http://cisbp.ccbr.utoronto.ca/TFreport.php?versionNumber=2.00&searchTF=T235847_2.00

MOTIF M00587_2.00 (RSKR_0000579600)_(Caenorhabditis_elegans)_(DBD_0.80)

letter-probability matrix: alength= 4 w= 8 nsites= 1 E= 0
  0.074832	  0.102859	  0.037463	  0.784847	
  0.000066	  0.999803	  0.000066	  0.000066	
  0.000066	  0.026375	  0.973494	  0.000066	
  0.592015	  0.032952	  0.374967	  0.000066	
  0.000066	  0.000066	  0.999803	  0.000066	
  0.993225	  0.000066	  0.006643	  0.000066	
  0.140532	  0.280981	  0.363599	  0.214888	
  0.092027	  0.402229	  0.034582	  0.471163	

URL http://cisbp.ccbr.utoronto.ca/TFreport.php?versionNumber=2.00&searchTF=T029654_2.00

MOTIF M00615_2.00 (RSKR_0000546600)_(Caenorhabditis_elegans)_(DBD_0.78)

letter-probability matrix: alength= 4 w= 10 nsites= 1 E= 0
  0.194145	  0.371892	  0.184676	  0.249287	
  0.053905	  0.142199	  0.092502	  0.711394	
  0.999361	  0.000033	  0.000001	  0.000605	
  0.001640	  0.929810	  0.000856	  0.067693	
  0.341787	  0.499789	  0.064340	  0.094084	
  0.107662	  0.000537	  0.888023	  0.003777	
  0.051787	  0.006032	  0.010352	  0.931828	
  0.824022	  0.055935	  0.053742	  0.066300	
  0.285208	  0.226607	  0.125615	  0.362570	
  0.182831	  0.316893	  0.163787	  0.336489	

URL http://cisbp.ccbr.utoronto.ca/TFreport.php?versionNumber=2.00&searchTF=T155895_2.00

MOTIF M00616_2.00 (RSKR_0000680500)_(Caenorhabditis_elegans)_(DBD_0.93)

letter-probability matrix: alength= 4 w= 10 nsites= 1 E= 0
  0.324441	  0.053630	  0.503762	  0.118168	
  0.063423	  0.734966	  0.001310	  0.200302	
  0.272717	  0.216683	  0.310578	  0.200023	
  0.109808	  0.326600	  0.262102	  0.301490	
  0.409532	  0.133622	  0.055424	  0.401422	
  0.114193	  0.029901	  0.107543	  0.748363	
  0.165220	  0.669999	  0.051794	  0.112987	
  0.300863	  0.360199	  0.161848	  0.177090	
  0.219733	  0.279336	  0.145826	  0.355105	
  0.226599	  0.240611	  0.162908	  0.369882	

URL http://cisbp.ccbr.utoronto.ca/TFreport.php?versionNumber=2.00&searchTF=T155902_2.00

MOTIF M00620_2.00 (RSKR_0001095800)_(Caenorhabditis_elegans)_(DBD_0.91)

letter-probability matrix: alength= 4 w= 10 nsites= 1 E= 0
  0.191185	  0.299838	  0.187399	  0.321578	
  0.434373	  0.011634	  0.338290	  0.215703	
  0.072394	  0.118170	  0.556755	  0.252680	
  0.038220	  0.058169	  0.002755	  0.900857	
  0.004021	  0.003566	  0.721592	  0.270821	
  0.004412	  0.007060	  0.001776	  0.986752	
  0.942731	  0.006289	  0.023076	  0.027904	
  0.839473	  0.104875	  0.025605	  0.030047	
  0.329916	  0.186576	  0.080547	  0.402961	
  0.389696	  0.175101	  0.282977	  0.152226	

URL http://cisbp.ccbr.utoronto.ca/TFreport.php?versionNumber=2.00&searchTF=T155928_2.00

MOTIF M00621_2.00 (RSKR_0001155900)_(Caenorhabditis_elegans)_(DBD_0.76)

letter-probability matrix: alength= 4 w= 10 nsites= 1 E= 0
  0.158491	  0.717447	  0.094226	  0.029836	
  0.334191	  0.529383	  0.084920	  0.051507	
  0.130169	  0.497121	  0.000733	  0.371977	
  0.210344	  0.110913	  0.670984	  0.007758	
  0.034127	  0.665199	  0.169032	  0.131642	
  0.154948	  0.185507	  0.134706	  0.524839	
  0.101157	  0.052809	  0.834368	  0.011666	
  0.183876	  0.263555	  0.207320	  0.345248	
  0.044287	  0.172549	  0.578641	  0.204523	
  0.411663	  0.340428	  0.091854	  0.156054	

URL http://cisbp.ccbr.utoronto.ca/TFreport.php?versionNumber=2.00&searchTF=T155932_2.00

MOTIF M00622_2.00 (RSKR_0000852700)_(Caenorhabditis_elegans)_(DBD_0.88)

letter-probability matrix: alength= 4 w= 8 nsites= 1 E= 0
  0.042013	  0.915557	  0.000416	  0.042013	
  0.133489	  0.233356	  0.566245	  0.066911	
  0.000303	  0.999092	  0.000303	  0.000303	
  0.000303	  0.999092	  0.000303	  0.000303	
  0.000303	  0.968826	  0.000303	  0.030569	
  0.575363	  0.333232	  0.091102	  0.000303	
  0.000303	  0.999092	  0.000303	  0.000303	
  0.166805	  0.083611	  0.665973	  0.083611	

URL http://cisbp.ccbr.utoronto.ca/TFreport.php?versionNumber=2.00&searchTF=T155919_2.00

MOTIF M00632_2.00 (RSKR_0000732300)_(Caenorhabditis_elegans)_(DBD_0.74)

letter-probability matrix: alength= 4 w= 10 nsites= 1 E= 0
  0.310430	  0.229857	  0.229857	  0.229857	
  0.141167	  0.374062	  0.141167	  0.343604	
  0.570189	  0.429360	  0.000225	  0.000225	
  0.000225	  0.999324	  0.000225	  0.000225	
  0.085811	  0.000225	  0.913738	  0.000225	
  0.000225	  0.999324	  0.000225	  0.000225	
  0.000225	  0.999324	  0.000225	  0.000225	
  0.000225	  0.999324	  0.000225	  0.000225	
  0.217940	  0.667367	  0.020369	  0.094324	
  0.109058	  0.359751	  0.109058	  0.422132	

URL http://cisbp.ccbr.utoronto.ca/TFreport.php?versionNumber=2.00&searchTF=T155906_2.00

MOTIF M00638_2.00 (RSKR_0000808100)_(Caenorhabditis_elegans)_(DBD_0.84)

letter-probability matrix: alength= 4 w= 10 nsites= 1 E= 0
  0.210067	  0.246516	  0.190077	  0.353339	
  0.208071	  0.223158	  0.264511	  0.304260	
  0.273165	  0.099492	  0.172444	  0.454899	
  0.377830	  0.255813	  0.134888	  0.231469	
  0.223435	  0.756818	  0.000076	  0.019671	
  0.002609	  0.971445	  0.014714	  0.011232	
  0.010416	  0.002468	  0.001382	  0.985734	
  0.008187	  0.965392	  0.000305	  0.026116	
  0.575778	  0.180498	  0.152280	  0.091444	
  0.290872	  0.279467	  0.181796	  0.247865	

URL http://cisbp.ccbr.utoronto.ca/TFreport.php?versionNumber=2.00&searchTF=T155914_2.00

MOTIF M00641_2.00 (RSKR_0000889800)_(Caenorhabditis_elegans)_(DBD_0.93)

letter-probability matrix: alength= 4 w= 10 nsites= 1 E= 0
  0.423533	  0.155809	  0.281078	  0.139579	
  0.237052	  0.254240	  0.246726	  0.261983	
  0.030814	  0.031436	  0.032719	  0.905030	
  0.022675	  0.003426	  0.973874	  0.000025	
  0.814440	  0.000029	  0.035251	  0.150280	
  0.015413	  0.958364	  0.007208	  0.019015	
