MEME version 4

ALPHABET= ACGT

strands: + -

Background letter frequencies (from uniform background):
A 0.25000 C 0.25000 G 0.25000 T 0.25000 

MOTIF M00051_2.00 (GLOINDRAFT_43868)_(Saccharomyces_cerevisiae)_(DBD_0.69)

letter-probability matrix: alength= 4 w= 8 nsites= 1 E= 0
  0.270248	  0.432235	  0.000270	  0.297246	
  0.000196	  0.000196	  0.999412	  0.000196	
  0.999424	  0.000192	  0.000192	  0.000192	
  0.000192	  0.000192	  0.000192	  0.999424	
  0.980208	  0.000192	  0.019408	  0.000192	
  0.940635	  0.000196	  0.000196	  0.058973	
  0.022934	  0.113760	  0.840372	  0.022934	
  0.344697	  0.241391	  0.241391	  0.172521	

URL http://cisbp.ccbr.utoronto.ca/TFreport.php?versionNumber=2.00&searchTF=T193426_2.00

MOTIF M00060_2.00 (GLOINDRAFT_240353)_(Saccharomyces_cerevisiae)_(DBD_0.47)

letter-probability matrix: alength= 4 w= 9 nsites= 1 E= 0
  0.320154	  0.181055	  0.206191	  0.292599	
  0.231700	  0.238756	  0.197442	  0.332102	
  0.223589	  0.242212	  0.287095	  0.247105	
  0.161512	  0.025143	  0.029212	  0.784133	
  0.138264	  0.051376	  0.075881	  0.734480	
  0.092315	  0.709959	  0.122145	  0.075581	
  0.148989	  0.381409	  0.144586	  0.325016	
  0.473500	  0.149928	  0.202381	  0.174191	
  0.182247	  0.285820	  0.153755	  0.378177	

URL http://cisbp.ccbr.utoronto.ca/TFreport.php?versionNumber=2.00&searchTF=T240664_2.00

MOTIF M00061_2.00 (GLOINDRAFT_14063)_(Saccharomyces_cerevisiae)_(DBD_0.64)

letter-probability matrix: alength= 4 w= 8 nsites= 1 E= 0
  0.726984	  0.045578	  0.075863	  0.151575	
  0.056906	  0.193208	  0.068264	  0.681622	
  0.064288	  0.064288	  0.871332	  0.000092	
  0.000090	  0.000090	  0.999730	  0.000090	
  0.000090	  0.972713	  0.027107	  0.000090	
  0.000090	  0.963707	  0.009096	  0.027107	
  0.586810	  0.119622	  0.293459	  0.000109	
  0.142918	  0.057253	  0.742576	  0.057253	

URL http://cisbp.ccbr.utoronto.ca/TFreport.php?versionNumber=2.00&searchTF=T240662_2.00

MOTIF M00070_2.00 (GLOINDRAFT_204670)_(Saccharomyces_cerevisiae)_(DBD_0.36)

letter-probability matrix: alength= 4 w= 11 nsites= 1 E= 0
  0.268573	  0.272224	  0.178881	  0.280322	
  0.509793	  0.098806	  0.292595	  0.098806	
  0.848016	  0.050661	  0.050661	  0.050661	
  0.999893	  0.000036	  0.000036	  0.000036	
  0.000036	  0.903786	  0.000036	  0.096142	
  0.903786	  0.000036	  0.000036	  0.096142	
  0.999893	  0.000036	  0.000036	  0.000036	
  0.000036	  0.000036	  0.000036	  0.999893	
  0.591260	  0.071155	  0.071155	  0.266431	
  0.345743	  0.151230	  0.257625	  0.245401	
  0.199374	  0.199374	  0.199374	  0.401877	

URL http://cisbp.ccbr.utoronto.ca/TFreport.php?versionNumber=2.00&searchTF=T330054_2.00

MOTIF M00160_2.00 (GLOINDRAFT_349666)_(Mus_musculus)_(DBD_0.57)

letter-probability matrix: alength= 4 w= 10 nsites= 1 E= 0
  0.272342	  0.213287	  0.238265	  0.276106	
  0.383328	  0.071216	  0.521888	  0.023568	
  0.117428	  0.105265	  0.021002	  0.756305	
  0.834939	  0.152266	  0.000007	  0.012788	
  0.908292	  0.059096	  0.002967	  0.029645	
  0.977393	  0.014489	  0.001628	  0.006490	
  0.001282	  0.843632	  0.000001	  0.155085	
  0.965165	  0.012083	  0.006831	  0.015922	
  0.479654	  0.164189	  0.114694	  0.241463	
  0.417043	  0.185221	  0.142285	  0.255451	

URL http://cisbp.ccbr.utoronto.ca/TFreport.php?versionNumber=2.00&searchTF=T187680_2.00

MOTIF M00178_2.00 (GLOINDRAFT_82941)_(Mus_musculus)_(DBD_0.83)

letter-probability matrix: alength= 4 w= 10 nsites= 1 E= 0
  0.212984	  0.416099	  0.142972	  0.227946	
  0.201998	  0.401559	  0.182516	  0.213926	
  0.432247	  0.083239	  0.179282	  0.305232	
  0.394149	  0.098816	  0.146383	  0.360652	
  0.532912	  0.075998	  0.118189	  0.272901	
  0.272901	  0.118189	  0.075998	  0.532912	
  0.360652	  0.146383	  0.098816	  0.394149	
  0.305232	  0.179282	  0.083239	  0.432247	
  0.213926	  0.182516	  0.401559	  0.201998	
  0.227946	  0.142972	  0.416099	  0.212984	

URL http://cisbp.ccbr.utoronto.ca/TFreport.php?versionNumber=2.00&searchTF=T254075_2.00

MOTIF M00399_2.00 (GLOINDRAFT_34295)_(Mus_musculus)_(DBD_0.53)

letter-probability matrix: alength= 4 w= 8 nsites= 1 E= 0
  0.145807	  0.166050	  0.102749	  0.585395	
  0.047416	  0.026548	  0.887984	  0.038052	
  0.795904	  0.000436	  0.143952	  0.059709	
  0.041428	  0.910466	  0.001396	  0.046710	
  0.672067	  0.019113	  0.247239	  0.061581	
  0.160336	  0.171961	  0.418748	  0.248954	
  0.200186	  0.289816	  0.301643	  0.208355	
  0.204146	  0.262129	  0.190345	  0.343380	

URL http://cisbp.ccbr.utoronto.ca/TFreport.php?versionNumber=2.00&searchTF=T218676_2.00

MOTIF M00424_2.00 (GLOINDRAFT_4254)_(Mus_musculus)_(DBD_0.42)

letter-probability matrix: alength= 4 w= 8 nsites= 1 E= 0
  0.304614	  0.223418	  0.292670	  0.179297	
  0.117074	  0.396553	  0.109159	  0.377213	
  0.077200	  0.160196	  0.022792	  0.739813	
  0.820659	  0.043821	  0.081460	  0.054061	
  0.990441	  0.001375	  0.006877	  0.001308	
  0.026666	  0.029767	  0.015232	  0.928335	
  0.152387	  0.122294	  0.075673	  0.649645	
  0.599625	  0.071258	  0.189863	  0.139255	

URL http://cisbp.ccbr.utoronto.ca/TFreport.php?versionNumber=2.00&searchTF=T218680_2.00

MOTIF M00426_2.00 (GLOINDRAFT_59306)_(Mus_musculus)_(DBD_0.46)

letter-probability matrix: alength= 4 w= 9 nsites= 1 E= 0
  0.269860	  0.244180	  0.310413	  0.175547	
  0.222956	  0.322782	  0.189991	  0.264271	
  0.095770	  0.046616	  0.010402	  0.847212	
  0.799391	  0.056478	  0.097891	  0.046240	
  0.967307	  0.000597	  0.022077	  0.010019	
  0.039713	  0.048993	  0.055795	  0.855498	
  0.112128	  0.104548	  0.131584	  0.651740	
  0.377268	  0.097803	  0.400597	  0.124332	
  0.274391	  0.207380	  0.363054	  0.155175	

URL http://cisbp.ccbr.utoronto.ca/TFreport.php?versionNumber=2.00&searchTF=T218682_2.00

MOTIF M00790_2.00 (GLOINDRAFT_82873)_(Mus_musculus)_(DBD_0.73)

letter-probability matrix: alength= 4 w= 9 nsites= 1 E= 0
  0.337606	  0.151696	  0.424910	  0.085788	
  0.214462	  0.151129	  0.074301	  0.560108	
  0.593218	  0.291652	  0.036436	  0.078694	
  0.697590	  0.152571	  0.033369	  0.116470	
  0.810620	  0.060208	  0.065878	  0.063295	
  0.020715	  0.679160	  0.040079	  0.260046	
  0.798255	  0.049523	  0.065525	  0.086698	
  0.354392	  0.210693	  0.192559	  0.242355	
  0.307967	  0.221405	  0.177681	  0.292947	

URL http://cisbp.ccbr.utoronto.ca/TFreport.php?versionNumber=2.00&searchTF=T187683_2.00

MOTIF M00827_2.00 (GLOINDRAFT_75094)_(Mus_musculus)_(DBD_0.33)

letter-probability matrix: alength= 4 w= 8 nsites= 1 E= 0
  0.584055	  0.091835	  0.131630	  0.192480	
  0.157111	  0.124830	  0.129925	  0.588134	
  0.109512	  0.081129	  0.077172	  0.732187	
  0.219436	  0.167513	  0.556164	  0.056887	
  0.249535	  0.139714	  0.113250	  0.497501	
  0.257637	  0.194718	  0.206758	  0.340887	
  0.286961	  0.237305	  0.182975	  0.292758	
  0.263628	  0.205314	  0.233817	  0.297240	

URL http://cisbp.ccbr.utoronto.ca/TFreport.php?versionNumber=2.00&searchTF=T330200_2.00

MOTIF M00868_2.00 (GLOINDRAFT_75775)_(Arabidopsis_thaliana)_(DBD_0.53)

letter-probability matrix: alength= 4 w= 8 nsites= 1 E= 0
  0.177920	  0.293341	  0.252481	  0.276258	
  0.173522	  0.071974	  0.211940	  0.542563	
  0.065209	  0.114160	  0.143681	  0.676950	
  0.007834	  0.861280	  0.121319	  0.009568	
  0.034538	  0.273704	  0.314834	  0.376925	
  0.364815	  0.181162	  0.219070	  0.234954	
  0.243044	  0.211292	  0.282377	  0.263287	
  0.295233	  0.208047	  0.264480	  0.232239	

URL http://cisbp.ccbr.utoronto.ca/TFreport.php?versionNumber=2.00&searchTF=T240666_2.00

MOTIF M00889_2.00 (GLOINDRAFT_334763)_(Arabidopsis_thaliana)_(DBD_0.35)

letter-probability matrix: alength= 4 w= 12 nsites= 1 E= 0
  0.304734	  0.198088	  0.299091	  0.198088	
  0.764758	  0.078414	  0.078414	  0.078414	
  0.146666	  0.050698	  0.050698	  0.751939	
  0.625315	  0.121356	  0.227065	  0.026263	
  0.903017	  0.096306	  0.000338	  0.000338	
  0.094494	  0.000338	  0.096306	  0.808861	
  0.095431	  0.000338	  0.000338	  0.903893	
  0.904830	  0.094494	  0.000338	  0.000338	
  0.347844	  0.052250	  0.152763	  0.447143	
  0.282790	  0.275625	  0.171924	  0.269661	
  0.199641	  0.297377	  0.303342	  0.199641	
  0.327776	  0.224075	  0.224075	  0.224075	

URL http://cisbp.ccbr.utoronto.ca/TFreport.php?versionNumber=2.00&searchTF=T330111_2.00

MOTIF M00890_2.00 (GLOINDRAFT_347422)_(Arabidopsis_thaliana)_(DBD_0.45)

letter-probability matrix: alength= 4 w= 8 nsites= 1 E= 0
  0.795635	  0.001984	  0.001984	  0.200397	
  0.996681	  0.001106	  0.001106	  0.001106	
  0.001106	  0.001106	  0.001106	  0.996681	
  0.664823	  0.111726	  0.111726	  0.111726	
  0.775442	  0.001106	  0.001106	  0.222345	
  0.111726	  0.001106	  0.001106	  0.886062	
  0.554204	  0.111726	  0.001106	  0.332965	
  0.996269	  0.001244	  0.001244	  0.001244	

URL http://cisbp.ccbr.utoronto.ca/TFreport.php?versionNumber=2.00&searchTF=T330143_2.00

MOTIF M01039_2.00 (GLOINDRAFT_82623)_(Kluyveromyces_lactis)_(DBD_0.67)

letter-probability matrix: alength= 4 w= 7 nsites= 1 E= 0
  0.192097	  0.704860	  0.062677	  0.040366	
  0.002261	  0.724822	  0.000883	  0.272034	
  0.000462	  0.991049	  0.000084	  0.008404	
  0.003903	  0.993958	  0.002079	  0.000061	
  0.016196	  0.461628	  0.096040	  0.426136	
  0.068363	  0.100971	  0.113844	  0.716823	
  0.379896	  0.088226	  0.354213	  0.177665	

URL http://cisbp.ccbr.utoronto.ca/TFreport.php?versionNumber=2.00&searchTF=T118211_2.00

MOTIF M01102_2.00 (GLOINDRAFT_70185)_(PBM_CONSTRUCTS)_(DBD_0.63)

letter-probability matrix: alength= 4 w= 8 nsites= 1 E= 0
  0.520400	  0.150739	  0.150739	  0.178122	
  0.168349	  0.386085	  0.237629	  0.207937	
  0.828862	  0.000085	  0.162423	  0.008630	
  0.000085	  0.999744	  0.000085	  0.000085	
  0.000085	  0.000085	  0.982656	  0.017174	
  0.008630	  0.957023	  0.000085	  0.034262	
  0.008630	  0.017174	  0.965567	  0.008630	
  0.562344	  0.150050	  0.000125	  0.287481	

URL http://cisbp.ccbr.utoronto.ca/TFreport.php?versionNumber=2.00&searchTF=T011941_2.00

MOTIF M01104_2.00 (GLOINDRAFT_87623)_(Fusarium_graminearum)_(DBD_0.30)

letter-probability matrix: alength= 4 w= 10 nsites= 1 E= 0
  0.275242	  0.208023	  0.170315	  0.346420	
  0.354896	  0.194771	  0.226292	  0.224040	
  0.393688	  0.199449	  0.175135	  0.231727	
  0.446255	  0.101584	  0.226080	  0.226080	
  0.369831	  0.085888	  0.123106	  0.421174	
  0.504457	  0.044857	  0.076975	  0.373711	
  0.796844	  0.000336	  0.000336	  0.202484	
  0.605595	  0.000062	  0.000397	  0.393945	
  0.296896	  0.000116	  0.028887	  0.674102	
  0.306380	  0.261080	  0.107214	  0.325326	

URL http://cisbp.ccbr.utoronto.ca/TFreport.php?versionNumber=2.00&searchTF=T017501_2.00

MOTIF M01137_2.00 (GLOINDRAFT_44500)_(Aspergillus_nidulans)_(DBD_0.46)

letter-probability matrix: alength= 4 w= 10 nsites= 1 E= 0
  0.082192	  0.159024	  0.560627	  0.198156	
  0.399052	  0.492301	  0.065306	  0.043341	
  0.000135	  0.000379	  0.036950	  0.962536	
  0.006288	  0.063346	  0.323312	  0.607054	
  0.936896	  0.000420	  0.054739	  0.007945	
  0.032096	  0.543875	  0.256908	  0.167121	
  0.203011	  0.121907	  0.293906	  0.381176	
  0.429329	  0.154814	  0.042616	  0.373241	
  0.724723	  0.092369	  0.090540	  0.092369	
  0.385035	  0.115970	  0.205067	  0.293928	

URL http://cisbp.ccbr.utoronto.ca/TFreport.php?versionNumber=2.00&searchTF=T062821_2.00

MOTIF M01147_2.00 (GLOINDRAFT_28660)_(Neurospora_crassa)_(DBD_0.70)

letter-probability matrix: alength= 4 w= 10 nsites= 1 E= 0
  0.256344	  0.201648	  0.261523	  0.280485	
  0.466416	  0.147685	  0.263770	  0.122129	
  0.056276	  0.045162	  0.000477	  0.898085	
  0.076513	  0.037995	  0.643848	  0.241643	
  0.796372	  0.031502	  0.085633	  0.086493	
  0.072044	  0.711432	  0.042832	  0.173691	
  0.178754	  0.047276	  0.689532	  0.084438	
  0.163925	  0.196254	  0.078997	  0.560825	
  0.373050	  0.284779	  0.165954	  0.176216	
  0.318316	  0.178225	  0.258022	  0.245438	

URL http://cisbp.ccbr.utoronto.ca/TFreport.php?versionNumber=2.00&searchTF=T062802_2.00

MOTIF M01193_2.00 (GLOINDRAFT_335196)_(Neurospora_crassa)_(DBD_0.78)

letter-probability matrix: alength= 4 w= 10 nsites= 1 E= 0
  0.171974	  0.307153	  0.259134	  0.261738	
  0.176120	  0.141339	  0.539781	  0.142760	
  0.201468	  0.325587	  0.241201	  0.231743	
  0.242179	  0.354135	  0.186733	  0.216953	
  0.187486	  0.174811	  0.494579	  0.143123	
  0.781029	  0.071565	  0.138464	  0.008941	
  0.008899	  0.010236	  0.050195	  0.930671	
  0.046751	  0.849653	  0.086906	  0.016690	
  0.257316	  0.290123	  0.290123	  0.162439	
  0.191340	  0.312327	  0.250648	  0.245685	

URL http://cisbp.ccbr.utoronto.ca/TFreport.php?versionNumber=2.00&searchTF=T118163_2.00

MOTIF M01225_2.00 (GLOINDRAFT_4310)_(Physcomitrella_patens)_(DBD_0.77)

letter-probability matrix: alength= 4 w= 10 nsites= 1 E= 0
  0.190589	  0.347275	  0.407531	  0.054605	
  0.053131	  0.125558	  0.759581	  0.061730	
  0.006389	  0.948224	  0.000029	  0.045358	
  0.045581	  0.000042	  0.924726	  0.029651	
  0.016651	  0.814394	  0.092060	  0.076895	
  0.118839	  0.496592	  0.220913	  0.163656	
  0.407444	  0.259798	  0.072960	  0.259798	
  0.440817	  0.140982	  0.104442	  0.313760	
  0.395676	  0.129101	  0.157685	  0.317538	
  0.315183	  0.176470	  0.156515	  0.351832	

URL http://cisbp.ccbr.utoronto.ca/TFreport.php?versionNumber=2.00&searchTF=T173131_2.00

MOTIF M01235_2.00 (GLOINDRAFT_181922)_(Neurospora_crassa)_(DBD_0.81)

letter-probability matrix: alength= 4 w= 11 nsites= 1 E= 0
  0.224507	  0.326478	  0.224507	  0.224507	
  0.203126	  0.299039	  0.391867	  0.105967	
  0.225223	  0.724938	  0.024920	  0.024920	
  0.000216	  0.000216	  0.999351	  0.000216	
  0.999351	  0.000216	  0.000216	  0.000216	
  0.000216	  0.000216	  0.000216	  0.999351	
  0.000216	  0.999351	  0.000216	  0.000216	
  0.000216	  0.000216	  0.897514	  0.102053	
  0.347248	  0.117812	  0.509230	  0.025709	
  0.144249	  0.144249	  0.144249	  0.567252	
  0.225297	  0.324110	  0.225297	  0.225297	

URL http://cisbp.ccbr.utoronto.ca/TFreport.php?versionNumber=2.00&searchTF=T193409_2.00

MOTIF M01434_2.00 (GLOINDRAFT_221110)_(Rhizopus_oryzae)_(DBD_0.83)

letter-probability matrix: alength= 4 w= 10 nsites= 1 E= 0
  0.284183	  0.210528	  0.310946	  0.194342	
  0.216915	  0.214756	  0.287006	  0.281323	
  0.089040	  0.039610	  0.811664	  0.059685	
  0.997284	  0.000580	  0.000211	  0.001925	
  0.021064	  0.005975	  0.040754	  0.932207	
  0.109307	  0.592388	  0.105021	  0.193284	
  0.184746	  0.131497	  0.391107	  0.292651	
  0.281044	  0.181003	  0.316876	  0.221077	
  0.125394	  0.693296	  0.026615	  0.154695	
  0.332338	  0.201573	  0.297720	  0.168368	

URL http://cisbp.ccbr.utoronto.ca/TFreport.php?versionNumber=2.00&searchTF=T118152_2.00

MOTIF M01442_2.00 (GLOINDRAFT_334957)_(Rhizopus_oryzae)_(DBD_0.80)

letter-probability matrix: alength= 4 w= 10 nsites= 1 E= 0
  0.405205	  0.191405	  0.155150	  0.248239	
  0.012796	  0.971781	  0.003252	  0.012172	
  0.001748	  0.896649	  0.000244	  0.101359	
  0.003474	  0.987573	  0.007809	  0.001145	
  0.007101	  0.992574	  0.000046	  0.000278	
  0.507195	  0.000100	  0.468200	  0.024505	
  0.034159	  0.692999	  0.169191	  0.103651	
  0.533442	  0.115509	  0.198215	  0.152834	
  0.248537	  0.246064	  0.141967	  0.363432	
  0.249168	  0.197972	  0.162086	  0.390773	

URL http://cisbp.ccbr.utoronto.ca/TFreport.php?versionNumber=2.00&searchTF=T118162_2.00

MOTIF M01566_2.00 (GLOINDRAFT_339088)_(Saccharomyces_cerevisiae)_(DBD_0.56)

letter-probability matrix: alength= 4 w= 8 nsites= 1 E= 0
  0.270726	  0.299198	  0.159350	  0.270726	
  0.171103	  0.404343	  0.058690	  0.365865	
  0.701225	  0.048078	  0.204963	  0.045733	
  0.053179	  0.447494	  0.090348	  0.408979	
  0.407307	  0.049381	  0.055677	  0.487635	
  0.525518	  0.097943	  0.128302	  0.248237	
  0.510778	  0.094249	  0.117441	  0.277532	
  0.343791	  0.175921	  0.275898	  0.204391	

URL http://cisbp.ccbr.utoronto.ca/TFreport.php?versionNumber=2.00&searchTF=T330119_2.00

MOTIF M01567_2.00 (GLOINDRAFT_79885)_(Saccharomyces_cerevisiae)_(DBD_0.93)

letter-probability matrix: alength= 4 w= 7 nsites= 1 E= 0
  0.315311	  0.189343	  0.207174	  0.288172	
  0.345705	  0.141966	  0.211788	  0.300541	
  0.271982	  0.110580	  0.155359	  0.462079	
  0.583542	  0.000869	  0.110954	  0.304636	
  0.219565	  0.006434	  0.188981	  0.585020	
  0.934996	  0.000354	  0.051964	  0.012687	
  0.422777	  0.000471	  0.095282	  0.481470	

URL http://cisbp.ccbr.utoronto.ca/TFreport.php?versionNumber=2.00&searchTF=T342568_2.00

MOTIF M01834_2.00 (GLOINDRAFT_120758)_(Neurospora_crassa)_(DBD_0.55)

letter-probability matrix: alength= 4 w= 10 nsites= 1 E= 0
  0.138972	  0.117246	  0.552400	  0.191382	
  0.407664	  0.450538	  0.049921	  0.091876	
  0.018202	  0.000228	  0.064170	  0.917399	
  0.109798	  0.113142	  0.249297	  0.527762	
  0.898816	  0.005480	  0.085719	  0.009985	
  0.003372	  0.668907	  0.109469	  0.218251	
  0.178122	  0.123035	  0.455988	  0.242856	
  0.305077	  0.126541	  0.094686	  0.473696	
  0.502827	  0.177727	  0.146973	  0.172474	
  0.496385	  0.129976	  0.163588	  0.210051	

URL http://cisbp.ccbr.utoronto.ca/TFreport.php?versionNumber=2.00&searchTF=T062794_2.00

MOTIF M01835_2.00 (GLOINDRAFT_340074)_(Neurospora_crassa)_(DBD_0.65)

letter-probability matrix: alength= 4 w= 11 nsites= 1 E= 0
  0.227977	  0.227977	  0.316068	  0.227977	
  0.575603	  0.108023	  0.208350	  0.108023	
  0.833557	  0.055481	  0.055481	  0.055481	
  0.000201	  0.000201	  0.089004	  0.910593	
  0.188309	  0.089004	  0.722485	  0.000201	
  0.906520	  0.000201	  0.000201	  0.093078	
  0.183108	  0.539578	  0.089004	  0.188309	
  0.277113	  0.000201	  0.539578	  0.183108	
  0.393952	  0.022224	  0.022224	  0.561601	
  0.236961	  0.363298	  0.257563	  0.142178	
  0.415840	  0.194720	  0.194720	  0.194720	

URL http://cisbp.ccbr.utoronto.ca/TFreport.php?versionNumber=2.00&searchTF=T062811_2.00

MOTIF M02055_2.00 (GLOINDRAFT_43985)_(Encephalitozoon_cuniculi)_(DBD_0.62)

letter-probability matrix: alength= 4 w= 9 nsites= 1 E= 0
  0.259454	  0.234764	  0.210309	  0.295473	
  0.174519	  0.228614	  0.282036	  0.314831	
  0.058202	  0.248121	  0.089471	  0.604206	
  0.740913	  0.151091	  0.033713	  0.074283	
  0.897687	  0.051926	  0.014877	  0.035510	
  0.000090	  0.021879	  0.000025	  0.978006	
  0.271104	  0.088456	  0.049033	  0.591406	
  0.383479	  0.034788	  0.026557	  0.555176	
  0.666246	  0.107949	  0.156282	  0.069523	

URL http://cisbp.ccbr.utoronto.ca/TFreport.php?versionNumber=2.00&searchTF=T218681_2.00

MOTIF M02066_2.00 (GLOINDRAFT_346743)_(Cryptococcus_neoformans)_(DBD_0.55)

letter-probability matrix: alength= 4 w= 9 nsites= 1 E= 0
  0.369225	  0.133141	  0.242598	  0.255036	
  0.024933	  0.046349	  0.060715	  0.868003	
  0.000003	  0.003807	  0.026755	  0.969436	
  0.912917	  0.043235	  0.041540	  0.002309	
  0.982717	  0.001897	  0.013878	  0.001507	
  0.067783	  0.009741	  0.000695	  0.921781	
  0.282432	  0.143085	  0.028035	  0.546448	
  0.352017	  0.124422	  0.153497	  0.370065	
  0.373390	  0.226472	  0.221988	  0.178150	

URL http://cisbp.ccbr.utoronto.ca/TFreport.php?versionNumber=2.00&searchTF=T218677_2.00

MOTIF M02143_2.00 (GLOINDRAFT_21145)_(Nematostella_vectensis)_(DBD_0.53)

letter-probability matrix: alength= 4 w= 8 nsites= 1 E= 0
  0.197481	  0.283055	  0.203495	  0.315968	
  0.159614	  0.085009	  0.054204	  0.701174	
  0.623566	  0.079476	  0.133681	  0.163278	
  0.868297	  0.028404	  0.061346	  0.041952	
  0.031540	  0.074534	  0.072331	  0.821596	
  0.168804	  0.101366	  0.116599	  0.613230	
  0.357886	  0.081468	  0.441516	  0.119130	
  0.262360	  0.221344	  0.336877	  0.179418	

URL http://cisbp.ccbr.utoronto.ca/TFreport.php?versionNumber=2.00&searchTF=T218674_2.00

MOTIF M02485_2.00 (GLOINDRAFT_338425)_(Arabidopsis_thaliana)_(DBD_0.31)

letter-probability matrix: alength= 4 w= 10 nsites= 1 E= 0
  0.246206	  0.214041	  0.253704	  0.286050	
  0.223218	  0.225462	  0.123736	  0.427584	
  0.374373	  0.150694	  0.125870	  0.349063	
  0.424988	  0.133228	  0.213164	  0.228620	
  0.314246	  0.138404	  0.139795	  0.407555	
  0.001214	  0.456559	  0.032581	  0.509647	
  0.524312	  0.125473	  0.318011	  0.032204	
  0.266076	  0.207220	  0.195153	  0.331551	
  0.287074	  0.181225	  0.287074	  0.244628	
  0.289992	  0.232724	  0.235063	  0.242222	

URL http://cisbp.ccbr.utoronto.ca/TFreport.php?versionNumber=2.00&searchTF=T330118_2.00

MOTIF M02489_2.00 (GLOINDRAFT_45684)_(Neurospora_crassa)_(DBD_0.31)

letter-probability matrix: alength= 4 w= 13 nsites= 1 E= 0
  0.314560	  0.228480	  0.228480	  0.228480	
  0.314560	  0.228480	  0.228480	  0.228480	
  0.228480	  0.228480	  0.228480	  0.314560	
  0.179751	  0.179751	  0.352587	  0.287911	
  0.106308	  0.106308	  0.106308	  0.681075	
  0.999343	  0.000219	  0.000219	  0.000219	
  0.000219	  0.000219	  0.000219	  0.999343	
  0.000219	  0.000219	  0.000219	  0.999343	
  0.439343	  0.021739	  0.517180	  0.021739	
  0.230293	  0.021739	  0.021739	  0.726229	
  0.230788	  0.021739	  0.021739	  0.725734	
  0.788596	  0.070468	  0.070468	  0.070468	
  0.244188	  0.143911	  0.143911	  0.467991	

URL http://cisbp.ccbr.utoronto.ca/TFreport.php?versionNumber=2.00&searchTF=T330172_2.00

MOTIF M02491_2.00 (GLOINDRAFT_47695)_(Neurospora_crassa)_(DBD_0.31)

letter-probability matrix: alength= 4 w= 8 nsites= 1 E= 0
  0.001106	  0.222345	  0.001106	  0.775442	
  0.071937	  0.926638	  0.000712	  0.000712	
  0.071937	  0.000712	  0.000712	  0.926638	
  0.000712	  0.000712	  0.000712	  0.997863	
  0.000712	  0.000712	  0.000712	  0.997863	
  0.000712	  0.000712	  0.997863	  0.000712	
  0.000712	  0.000712	  0.000712	  0.997863	
  0.001106	  0.332965	  0.001106	  0.664823	

URL http://cisbp.ccbr.utoronto.ca/TFreport.php?versionNumber=2.00&searchTF=T330179_2.00

MOTIF M02581_2.00 (GLOINDRAFT_38994)_(Puccinia_graminis)_(DBD_0.82)

letter-probability matrix: alength= 4 w= 8 nsites= 1 E= 0
  0.427557	  0.001420	  0.001420	  0.569602	
  0.000996	  0.000996	  0.000996	  0.997012	
  0.000906	  0.997283	  0.000906	  0.000906	
  0.000906	  0.091486	  0.906703	  0.000906	
  0.000906	  0.000906	  0.997283	  0.000906	
  0.363225	  0.000906	  0.634964	  0.000906	
  0.997283	  0.000906	  0.000906	  0.000906	
  0.125622	  0.125622	  0.125622	  0.623134	

URL http://cisbp.ccbr.utoronto.ca/TFreport.php?versionNumber=2.00&searchTF=T369438_2.00

MOTIF M02698_2.00 (GLOINDRAFT_187386)_(Arabidopsis_thaliana)_(DBD_0.91)

letter-probability matrix: alength= 4 w= 11 nsites= 1 E= 0
  0.140000	  0.450000	  0.230000	  0.180000	
  0.160000	  0.270000	  0.550000	  0.020000	
  0.000000	  0.919192	  0.040404	  0.040404	
  0.000000	  0.050000	  0.930000	  0.020000	
  0.040404	  0.939394	  0.000000	  0.020202	
  0.040404	  0.020202	  0.020202	  0.919192	
  0.080808	  0.000000	  0.858586	  0.060606	
  0.960000	  0.000000	  0.020000	  0.020000	
  0.040000	  0.040000	  0.920000	  0.000000	
  0.020000	  0.550000	  0.260000	  0.170000	
  0.151515	  0.323232	  0.242424	  0.282828	

URL http://cisbp.ccbr.utoronto.ca/TFreport.php?versionNumber=2.00&searchTF=T271113_2.00

MOTIF M03761_2.00 (GLOINDRAFT_51505)_(Drosophila_melanogaster)_(DBD_0.63)

letter-probability matrix: alength= 4 w= 8 nsites= 1 E= 0
  0.223431	  0.206679	  0.466469	  0.103420	
  0.308898	  0.477701	  0.025315	  0.188086	
  0.000000	  0.000000	  1.000000	  0.000000	
  0.999515	  0.000485	  0.000000	  0.000000	
  0.000000	  0.000000	  0.000000	  1.000000	
  0.999946	  0.000054	  0.000000	  0.000000	
  1.000000	  0.000000	  0.000000	  0.000000	
  0.024249	  0.421465	  0.504790	  0.049496	

URL http://cisbp.ccbr.utoronto.ca/TFreport.php?versionNumber=2.00&searchTF=T193428_2.00

MOTIF M03974_2.00 (GLOINDRAFT_44046)_(Drosophila_melanogaster)_(DBD_0.32)

letter-probability matrix: alength= 4 w= 15 nsites= 1 E= 0
  0.442685	  0.262725	  0.183968	  0.110621	
  0.937982	  0.013531	  0.021049	  0.027438	
  0.000597	  0.993234	  0.000796	  0.005373	
  0.983642	  0.006898	  0.001577	  0.007883	
  0.913433	  0.058931	  0.022511	  0.005124	
  0.000998	  0.000998	  0.001796	  0.996208	
  0.415631	  0.053507	  0.164729	  0.366132	
  0.312024	  0.208617	  0.270741	  0.208617	
  0.022239	  0.917295	  0.015071	  0.045396	
  0.995611	  0.001995	  0.001396	  0.000997	
  0.007050	  0.001891	  0.132909	  0.858150	
  0.014361	  0.000776	  0.016301	  0.968562	
  0.001797	  0.000998	  0.996406	  0.000799	
  0.036142	  0.016164	  0.041228	  0.906466	
  0.126027	  0.191344	  0.268083	  0.414546	

URL http://cisbp.ccbr.utoronto.ca/TFreport.php?versionNumber=2.00&searchTF=T330169_2.00

MOTIF M07979_2.00 (GLOINDRAFT_42742)_(Homo_sapiens)_(DBD_0.88)

letter-probability matrix: alength= 4 w= 15 nsites= 1 E= 0
  0.310573	  0.154185	  0.306167	  0.229075	
  0.310573	  0.105727	  0.270925	  0.312775	
  0.160793	  0.101322	  0.385463	  0.352423	
  0.149780	  0.640969	  0.057269	  0.151982	
  0.000000	  0.506608	  0.000000	  0.493392	
  0.711454	  0.129956	  0.024229	  0.134361	
  0.704846	  0.019824	  0.114537	  0.160793	
  0.938326	  0.000000	  0.044053	  0.017621	
  0.905286	  0.004405	  0.002203	  0.088106	
  0.925110	  0.000000	  0.000000	  0.074890	
  0.033040	  0.000000	  0.000000	  0.966960	
  0.958150	  0.000000	  0.041850	  0.000000	
  0.209251	  0.052863	  0.702644	  0.035242	
  0.416300	  0.354626	  0.090308	  0.138767	
  0.387665	  0.262115	  0.070485	  0.279736	

URL http://cisbp.ccbr.utoronto.ca/TFreport.php?versionNumber=2.00&searchTF=T254074_2.00

MOTIF M08104_2.00 (GLOINDRAFT_349601)_(Homo_sapiens)_(DBD_0.82)

letter-probability matrix: alength= 4 w= 11 nsites= 1 E= 0
  0.147979	  0.183834	  0.283731	  0.384456	
  0.076684	  0.562280	  0.234404	  0.126632	
  0.007254	  0.101347	  0.044145	  0.847254	
  0.025907	  0.066114	  0.873575	  0.034404	
  0.962694	  0.002280	  0.027358	  0.007668	
  0.004767	  0.025699	  0.019482	  0.950052	
  0.019896	  0.003523	  0.006010	  0.970570	
  0.010984	  0.005803	  0.976788	  0.006425	
  0.023005	  0.007047	  0.965181	  0.004767	
  0.132435	  0.385078	  0.083731	  0.398756	
  0.073782	  0.376166	  0.156891	  0.393161	

URL http://cisbp.ccbr.utoronto.ca/TFreport.php?versionNumber=2.00&searchTF=T160003_2.00

MOTIF M08108_2.00 (GLOINDRAFT_340940)_(Homo_sapiens)_(DBD_0.73)

letter-probability matrix: alength= 4 w= 11 nsites= 1 E= 0
  0.204783	  0.244644	  0.387145	  0.163428	
  0.131041	  0.340807	  0.468361	  0.059791	
  0.023916	  0.035376	  0.927753	  0.012955	
  0.013951	  0.939711	  0.010962	  0.035376	
  0.006976	  0.026906	  0.962631	  0.003488	
  0.017937	  0.039860	  0.929248	  0.012955	
  0.013453	  0.015944	  0.956153	  0.014449	
  0.924265	  0.011958	  0.048829	  0.014948	
  0.819631	  0.084704	  0.068261	  0.027404	
  0.231689	  0.322372	  0.322870	  0.123069	
  0.189836	  0.300947	  0.322870	  0.186348	

URL http://cisbp.ccbr.utoronto.ca/TFreport.php?versionNumber=2.00&searchTF=T173130_2.00

