MEME version 4

ALPHABET= ACGT

strands: + -

Background letter frequencies (from uniform background):
A 0.25000 C 0.25000 G 0.25000 T 0.25000 

MOTIF M00002_2.00 (24741_YPL202C)_(Saccharomyces_cerevisiae)_(DBD_0.85)

letter-probability matrix: alength= 4 w= 10 nsites= 1 E= 0
  0.259794	  0.221382	  0.320502	  0.198322	
  0.253449	  0.005448	  0.635977	  0.105126	
  0.040030	  0.017455	  0.788102	  0.154413	
  0.016715	  0.000466	  0.949827	  0.032992	
  0.013129	  0.090454	  0.046751	  0.849665	
  0.040501	  0.028257	  0.863795	  0.067447	
  0.145420	  0.314073	  0.160714	  0.379793	
  0.270268	  0.242116	  0.281298	  0.206317	
  0.286005	  0.201544	  0.253663	  0.258788	
  0.312355	  0.191357	  0.199166	  0.297121	

URL http://cisbp.ccbr.utoronto.ca/TFreport.php?versionNumber=2.00&searchTF=T000284_2.00

MOTIF M00003_2.00 (3778_Multiple)_(Saccharomyces_cerevisiae)_(DBD_0.96)

letter-probability matrix: alength= 4 w= 8 nsites= 1 E= 0
  0.253967	  0.166693	  0.563393	  0.015947	
  0.759883	  0.000057	  0.108604	  0.131456	
  0.000047	  0.995142	  0.004763	  0.000047	
  0.080221	  0.000047	  0.919685	  0.000047	
  0.000047	  0.971562	  0.000047	  0.028344	
  0.000047	  0.004786	  0.995119	  0.000047	
  0.214697	  0.158213	  0.022650	  0.604440	
  0.467090	  0.029262	  0.270067	  0.233581	

URL http://cisbp.ccbr.utoronto.ca/TFreport.php?versionNumber=2.00&searchTF=T013959_2.00

MOTIF M00004_2.00 (6809_YER111C)_(Saccharomyces_cerevisiae)_(DBD_0.99)

letter-probability matrix: alength= 4 w= 8 nsites= 1 E= 0
  0.349967	  0.100050	  0.449933	  0.100050	
  0.783819	  0.037090	  0.055604	  0.123488	
  0.000052	  0.999843	  0.000052	  0.000052	
  0.057332	  0.000052	  0.942564	  0.000052	
  0.005259	  0.994637	  0.000052	  0.000052	
  0.005259	  0.026088	  0.968600	  0.000052	
  0.651509	  0.129063	  0.045214	  0.174213	
  0.546119	  0.092490	  0.117692	  0.243700	

URL http://cisbp.ccbr.utoronto.ca/TFreport.php?versionNumber=2.00&searchTF=T013962_2.00

MOTIF M00006_2.00 (14607_YKL043W)_(Saccharomyces_cerevisiae)_(DBD_0.90)

letter-probability matrix: alength= 4 w= 8 nsites= 1 E= 0
  0.000587	  0.117958	  0.880869	  0.000587	
  0.368172	  0.578256	  0.053046	  0.000525	
  0.000475	  0.000475	  0.000475	  0.998574	
  0.000475	  0.000475	  0.998574	  0.000475	
  0.000475	  0.998574	  0.000475	  0.000475	
  0.998574	  0.000475	  0.000475	  0.000475	
  0.053046	  0.053046	  0.630777	  0.263130	
  0.000767	  0.154141	  0.844325	  0.000767	

URL http://cisbp.ccbr.utoronto.ca/TFreport.php?versionNumber=2.00&searchTF=T013953_2.00

MOTIF M00007_2.00 (17689_YMR016C)_(Saccharomyces_cerevisiae)_(DBD_0.98)

letter-probability matrix: alength= 4 w= 11 nsites= 1 E= 0
  0.475477	  0.174841	  0.174841	  0.174841	
  0.069272	  0.702024	  0.159432	  0.069272	
  0.328519	  0.621172	  0.025154	  0.025154	
  0.000181	  0.000181	  0.000181	  0.999457	
  0.000181	  0.000181	  0.999457	  0.000181	
  0.000181	  0.999457	  0.000181	  0.000181	
  0.999457	  0.000181	  0.000181	  0.000181	
  0.000181	  0.000181	  0.592518	  0.407120	
  0.165440	  0.075340	  0.683880	  0.075340	
  0.270669	  0.367512	  0.180909	  0.180909	
  0.324920	  0.225027	  0.225027	  0.225027	

URL http://cisbp.ccbr.utoronto.ca/TFreport.php?versionNumber=2.00&searchTF=T013956_2.00

MOTIF M00011_2.00 (24252_YOR344C)_(Saccharomyces_cerevisiae)_(DBD_1.00)

letter-probability matrix: alength= 4 w= 8 nsites= 1 E= 0
  0.497525	  0.250000	  0.250000	  0.002475	
  0.001420	  0.143466	  0.001420	  0.853693	
  0.001420	  0.995739	  0.001420	  0.001420	
  0.995739	  0.001420	  0.001420	  0.001420	
  0.001420	  0.995739	  0.001420	  0.001420	
  0.001420	  0.001420	  0.995739	  0.001420	
  0.001420	  0.001420	  0.001420	  0.995739	
  0.001420	  0.001420	  0.995739	  0.001420	

URL http://cisbp.ccbr.utoronto.ca/TFreport.php?versionNumber=2.00&searchTF=T051986_2.00

MOTIF M00013_2.00 (23273_YHL009C)_(Saccharomyces_cerevisiae)_(DBD_0.95)

letter-probability matrix: alength= 4 w= 10 nsites= 1 E= 0
  0.286730	  0.276761	  0.218254	  0.218254	
  0.465755	  0.158579	  0.158579	  0.217086	
  0.000052	  0.000052	  0.000052	  0.999845	
  0.000052	  0.000052	  0.121061	  0.878836	
  0.941338	  0.000052	  0.000052	  0.058559	
  0.000052	  0.999845	  0.000052	  0.000052	
  0.050927	  0.000052	  0.525333	  0.423689	
  0.365182	  0.000052	  0.000052	  0.634715	
  0.904608	  0.031797	  0.031797	  0.031797	
  0.525751	  0.091472	  0.215662	  0.167115	

URL http://cisbp.ccbr.utoronto.ca/TFreport.php?versionNumber=2.00&searchTF=T073170_2.00

MOTIF M00014_2.00 (11457_YIL036W)_(Saccharomyces_cerevisiae)_(DBD_0.91)

letter-probability matrix: alength= 4 w= 8 nsites= 1 E= 0
  0.712963	  0.000712	  0.285613	  0.000712	
  0.000475	  0.000475	  0.000475	  0.998574	
  0.048004	  0.000475	  0.808460	  0.143061	
  0.998574	  0.000475	  0.000475	  0.000475	
  0.000475	  0.951046	  0.000475	  0.048004	
  0.095532	  0.000475	  0.903517	  0.000475	
  0.000475	  0.000475	  0.000475	  0.998574	
  0.499288	  0.285613	  0.000712	  0.214387	

URL http://cisbp.ccbr.utoronto.ca/TFreport.php?versionNumber=2.00&searchTF=T073151_2.00

MOTIF M00015_2.00 (23134_YOR028C)_(Saccharomyces_cerevisiae)_(DBD_0.61)

letter-probability matrix: alength= 4 w= 10 nsites= 1 E= 0
  0.116441	  0.076507	  0.663402	  0.143650	
  0.444801	  0.453787	  0.087150	  0.014262	
  0.002919	  0.018567	  0.023840	  0.954674	
  0.050593	  0.018612	  0.155060	  0.775735	
  0.965859	  0.022044	  0.001368	  0.010730	
  0.077309	  0.600531	  0.139465	  0.182694	
  0.347681	  0.110089	  0.433237	  0.108993	
  0.089608	  0.054896	  0.046780	  0.808716	
  0.657744	  0.172227	  0.103422	  0.066607	
  0.760955	  0.072572	  0.077834	  0.088639	

URL http://cisbp.ccbr.utoronto.ca/TFreport.php?versionNumber=2.00&searchTF=T073169_2.00

MOTIF M00017_2.00 (3988_YDL020C)_(Saccharomyces_cerevisiae)_(DBD_1.00)

letter-probability matrix: alength= 4 w= 10 nsites= 1 E= 0
  0.225748	  0.225748	  0.225748	  0.322756	
  0.233041	  0.194398	  0.197949	  0.374611	
  0.000035	  0.797239	  0.000035	  0.202692	
  0.000035	  0.000035	  0.999896	  0.000035	
  0.000035	  0.999896	  0.000035	  0.000035	
  0.000035	  0.999896	  0.000035	  0.000035	
  0.999896	  0.000035	  0.000035	  0.000035	
  0.000035	  0.999896	  0.000035	  0.000035	
  0.024287	  0.927140	  0.024287	  0.024287	
  0.232055	  0.246285	  0.295020	  0.226640	

URL http://cisbp.ccbr.utoronto.ca/TFreport.php?versionNumber=2.00&searchTF=T145980_2.00

MOTIF M00018_2.00 (3742_YDL048C)_(Saccharomyces_cerevisiae)_(DBD_0.96)

letter-probability matrix: alength= 4 w= 9 nsites= 1 E= 0
  0.386467	  0.190004	  0.239140	  0.184389	
  0.365263	  0.151505	  0.323959	  0.159273	
  0.230840	  0.442184	  0.162670	  0.164305	
  0.143801	  0.012916	  0.254279	  0.589004	
  0.038439	  0.698591	  0.225668	  0.037303	
  0.131629	  0.022646	  0.080639	  0.765085	
  0.484548	  0.134722	  0.299830	  0.080900	
  0.185433	  0.119426	  0.504060	  0.191081	
  0.296229	  0.183302	  0.252430	  0.268039	

URL http://cisbp.ccbr.utoronto.ca/TFreport.php?versionNumber=2.00&searchTF=T145975_2.00

MOTIF M00019_2.00 (4347_Multiple)_(Saccharomyces_cerevisiae)_(DBD_1.00)

letter-probability matrix: alength= 4 w= 10 nsites= 1 E= 0
  0.389881	  0.238851	  0.146327	  0.224942	
  0.032311	  0.884847	  0.004160	  0.078682	
  0.006679	  0.981327	  0.004613	  0.007381	
  0.010411	  0.985249	  0.003264	  0.001076	
  0.000970	  0.779910	  0.004433	  0.214687	
  0.028140	  0.020434	  0.056103	  0.895324	
  0.536179	  0.045808	  0.149078	  0.268935	
  0.492370	  0.112082	  0.141066	  0.254482	
  0.307871	  0.165617	  0.172376	  0.354136	
  0.290046	  0.210617	  0.169024	  0.330313	

URL http://cisbp.ccbr.utoronto.ca/TFreport.php?versionNumber=2.00&searchTF=T145985_2.00

MOTIF M00020_2.00 (4131_Multiple)_(Saccharomyces_cerevisiae)_(DBD_0.98)

letter-probability matrix: alength= 4 w= 11 nsites= 1 E= 0
  0.319888	  0.226704	  0.226704	  0.226704	
  0.333162	  0.191218	  0.284402	  0.191218	
  0.093566	  0.093566	  0.182389	  0.630479	
  0.000184	  0.000184	  0.999448	  0.000184	
  0.000184	  0.999448	  0.000184	  0.000184	
  0.000184	  0.000184	  0.000184	  0.999448	
  0.000184	  0.000184	  0.999448	  0.000184	
  0.000184	  0.000184	  0.999448	  0.000184	
  0.023480	  0.111479	  0.120419	  0.744622	
  0.264277	  0.324611	  0.058966	  0.352146	
  0.347272	  0.339492	  0.156618	  0.156618	

URL http://cisbp.ccbr.utoronto.ca/TFreport.php?versionNumber=2.00&searchTF=T145983_2.00

MOTIF M00021_2.00 (4528_Multiple)_(Saccharomyces_cerevisiae)_(DBD_1.00)

letter-probability matrix: alength= 4 w= 10 nsites= 1 E= 0
  0.169817	  0.169817	  0.169817	  0.490550	
  0.860761	  0.046413	  0.046413	  0.046413	
  0.000028	  0.999915	  0.000028	  0.000028	
  0.000028	  0.999915	  0.000028	  0.000028	
  0.000028	  0.999915	  0.000028	  0.000028	
  0.000028	  0.999915	  0.000028	  0.000028	
  0.581637	  0.000028	  0.418307	  0.000028	
  0.200336	  0.799607	  0.000028	  0.000028	
  0.471273	  0.272399	  0.080211	  0.176117	
  0.203615	  0.304059	  0.203615	  0.288711	

URL http://cisbp.ccbr.utoronto.ca/TFreport.php?versionNumber=2.00&searchTF=T145986_2.00

MOTIF M00023_2.00 (6354_YER028C)_(Saccharomyces_cerevisiae)_(DBD_0.89)

letter-probability matrix: alength= 4 w= 10 nsites= 1 E= 0
  0.318413	  0.227196	  0.227196	  0.227196	
  0.326327	  0.325944	  0.126318	  0.221411	
  0.000058	  0.999826	  0.000058	  0.000058	
  0.000058	  0.999826	  0.000058	  0.000058	
  0.000058	  0.999826	  0.000058	  0.000058	
  0.000058	  0.999826	  0.000058	  0.000058	
  0.093824	  0.000058	  0.906060	  0.000058	
  0.000058	  0.999826	  0.000058	  0.000058	
  0.743851	  0.022862	  0.210425	  0.022862	
  0.219562	  0.332907	  0.123740	  0.323790	

URL http://cisbp.ccbr.utoronto.ca/TFreport.php?versionNumber=2.00&searchTF=T145998_2.00

MOTIF M00024_2.00 (6723_YER130C)_(Saccharomyces_cerevisiae)_(DBD_1.00)

letter-probability matrix: alength= 4 w= 8 nsites= 1 E= 0
  0.236115	  0.437448	  0.229172	  0.097265	
  0.017295	  0.930878	  0.005803	  0.046024	
  0.005371	  0.941342	  0.005371	  0.047915	
  0.000053	  0.962614	  0.000053	  0.037279	
  0.010689	  0.834982	  0.000053	  0.154276	
  0.037279	  0.031961	  0.026643	  0.904116	
  0.568406	  0.027458	  0.205492	  0.198644	
  0.153883	  0.028931	  0.086601	  0.730584	

URL http://cisbp.ccbr.utoronto.ca/TFreport.php?versionNumber=2.00&searchTF=T146001_2.00

MOTIF M00025_2.00 (7085_YER169W)_(Saccharomyces_cerevisiae)_(DBD_0.98)

letter-probability matrix: alength= 4 w= 11 nsites= 1 E= 0
  0.229229	  0.229229	  0.312312	  0.229229	
  0.184275	  0.267087	  0.184275	  0.364364	
  0.545197	  0.242404	  0.061383	  0.151016	
  0.000016	  0.999952	  0.000016	  0.000016	
  0.000016	  0.999952	  0.000016	  0.000016	
  0.000016	  0.999952	  0.000016	  0.000016	
  0.000016	  0.904225	  0.000016	  0.095743	
  0.000016	  0.000016	  0.000016	  0.999952	
  0.847826	  0.020787	  0.020787	  0.110601	
  0.802776	  0.065741	  0.065741	  0.065741	
  0.310595	  0.188633	  0.188633	  0.312139	

URL http://cisbp.ccbr.utoronto.ca/TFreport.php?versionNumber=2.00&searchTF=T146005_2.00

MOTIF M00026_2.00 (8784_YGL035C)_(Saccharomyces_cerevisiae)_(DBD_0.98)

letter-probability matrix: alength= 4 w= 8 nsites= 1 E= 0
  0.430455	  0.222238	  0.097307	  0.250000	
  0.000095	  0.971154	  0.009615	  0.019136	
  0.009015	  0.981881	  0.000089	  0.009015	
  0.000089	  0.999732	  0.000089	  0.000089	
  0.009015	  0.990807	  0.000089	  0.000089	
  0.333303	  0.081142	  0.585465	  0.000090	
  0.009898	  0.891905	  0.098099	  0.000098	
  0.466551	  0.146722	  0.226679	  0.160048	

URL http://cisbp.ccbr.utoronto.ca/TFreport.php?versionNumber=2.00&searchTF=T146014_2.00

MOTIF M00027_2.00 (8566_YGL209W)_(Saccharomyces_cerevisiae)_(DBD_0.96)

letter-probability matrix: alength= 4 w= 10 nsites= 1 E= 0
  0.167474	  0.260038	  0.210783	  0.361705	
  0.346146	  0.178906	  0.218516	  0.256431	
  0.091631	  0.771067	  0.027599	  0.109703	
  0.009342	  0.816043	  0.017894	  0.156721	
  0.030881	  0.944008	  0.008332	  0.016779	
  0.047525	  0.855134	  0.033827	  0.063514	
  0.384137	  0.057455	  0.503206	  0.055202	
  0.123967	  0.578253	  0.160776	  0.137004	
  0.391340	  0.172358	  0.210519	  0.225783	
  0.232566	  0.323493	  0.148291	  0.295650	

URL http://cisbp.ccbr.utoronto.ca/TFreport.php?versionNumber=2.00&searchTF=T146013_2.00

MOTIF M00031_2.00 (13784_YJR127C)_(Saccharomyces_cerevisiae)_(DBD_1.00)

letter-probability matrix: alength= 4 w= 10 nsites= 1 E= 0
  0.175879	  0.175879	  0.175879	  0.472362	
  0.554311	  0.056915	  0.148276	  0.240498	
  0.000127	  0.999618	  0.000127	  0.000127	
  0.000127	  0.999618	  0.000127	  0.000127	
  0.000127	  0.999618	  0.000127	  0.000127	
  0.000127	  0.999618	  0.000127	  0.000127	
  0.090910	  0.000127	  0.619310	  0.289652	
  0.000127	  0.999618	  0.000127	  0.000127	
  0.594478	  0.074248	  0.074248	  0.257026	
  0.193212	  0.420364	  0.193212	  0.193212	

URL http://cisbp.ccbr.utoronto.ca/TFreport.php?versionNumber=2.00&searchTF=T145920_2.00

MOTIF M00032_2.00 (14538_YKL062W)_(Saccharomyces_cerevisiae)_(DBD_0.96)

letter-probability matrix: alength= 4 w= 8 nsites= 1 E= 0
  0.332600	  0.207876	  0.280603	  0.178921	
  0.102119	  0.682756	  0.021459	  0.193666	
  0.019110	  0.765250	  0.000734	  0.214906	
  0.000613	  0.993588	  0.000372	  0.005427	
  0.108375	  0.885013	  0.001778	  0.004834	
  0.033853	  0.268278	  0.124216	  0.573653	
  0.196940	  0.125574	  0.247868	  0.429618	
  0.345353	  0.149092	  0.300235	  0.205319	

URL http://cisbp.ccbr.utoronto.ca/TFreport.php?versionNumber=2.00&searchTF=T145922_2.00

MOTIF M00033_2.00 (16206_YLR131C)_(Saccharomyces_cerevisiae)_(DBD_0.93)

letter-probability matrix: alength= 4 w= 10 nsites= 1 E= 0
  0.267090	  0.261349	  0.291660	  0.179901	
  0.053053	  0.138982	  0.053053	  0.754912	
  0.000045	  0.000045	  0.999864	  0.000045	
  0.000045	  0.999864	  0.000045	  0.000045	
  0.000045	  0.000045	  0.000045	  0.999864	
  0.000045	  0.000045	  0.999864	  0.000045	
  0.000045	  0.124290	  0.875620	  0.000045	
  0.000045	  0.194183	  0.217694	  0.588077	
  0.070144	  0.387840	  0.070144	  0.471872	
  0.321237	  0.284779	  0.196992	  0.196992	

URL http://cisbp.ccbr.utoronto.ca/TFreport.php?versionNumber=2.00&searchTF=T145928_2.00

MOTIF M00034_2.00 (16393_YLR375W)_(Saccharomyces_cerevisiae)_(DBD_1.00)

letter-probability matrix: alength= 4 w= 8 nsites= 1 E= 0
  0.173575	  0.426927	  0.205740	  0.193758	
  0.057706	  0.001500	  0.056000	  0.884794	
  0.868196	  0.069160	  0.000688	  0.061956	
  0.037235	  0.043261	  0.886479	  0.033025	
  0.007781	  0.936018	  0.002058	  0.054143	
  0.146017	  0.004972	  0.815438	  0.033573	
  0.066381	  0.605109	  0.171642	  0.156869	
  0.531269	  0.120937	  0.187779	  0.160015	

URL http://cisbp.ccbr.utoronto.ca/TFreport.php?versionNumber=2.00&searchTF=T145929_2.00

MOTIF M00035_2.00 (18114_YML081W)_(Saccharomyces_cerevisiae)_(DBD_1.00)

letter-probability matrix: alength= 4 w= 10 nsites= 1 E= 0
  0.227468	  0.227468	  0.227468	  0.317597	
  0.363601	  0.253472	  0.147678	  0.235248	
  0.000050	  0.999849	  0.000050	  0.000050	
  0.000050	  0.999849	  0.000050	  0.000050	
  0.000050	  0.999849	  0.000050	  0.000050	
  0.000050	  0.999849	  0.000050	  0.000050	
  0.000050	  0.000050	  0.903088	  0.096811	
  0.000050	  0.999849	  0.000050	  0.000050	
  0.753564	  0.115083	  0.022583	  0.108770	
  0.194633	  0.515652	  0.102372	  0.187343	

URL http://cisbp.ccbr.utoronto.ca/TFreport.php?versionNumber=2.00&searchTF=T145939_2.00

MOTIF M00036_2.00 (17588_YMR037C)_(Saccharomyces_cerevisiae)_(DBD_0.98)

letter-probability matrix: alength= 4 w= 8 nsites= 1 E= 0
  0.164746	  0.211783	  0.129468	  0.494003	
  0.483256	  0.241669	  0.225008	  0.050067	
  0.013049	  0.928395	  0.045508	  0.013049	
  0.000064	  0.999807	  0.000064	  0.000064	
  0.000064	  0.999807	  0.000064	  0.000064	
  0.000064	  0.993357	  0.000064	  0.006514	
  0.000067	  0.181227	  0.033615	  0.785091	
  0.128039	  0.040067	  0.287988	  0.543906	

URL http://cisbp.ccbr.utoronto.ca/TFreport.php?versionNumber=2.00&searchTF=T145937_2.00

MOTIF M00037_2.00 (18960_YMR182C)_(Saccharomyces_cerevisiae)_(DBD_0.98)

letter-probability matrix: alength= 4 w= 8 nsites= 1 E= 0
  0.234576	  0.234576	  0.370311	  0.160538	
  0.009178	  0.718012	  0.100055	  0.172755	
  0.028635	  0.935518	  0.028635	  0.007212	
  0.000071	  0.999786	  0.000071	  0.000071	
  0.000071	  0.935518	  0.000071	  0.064339	
  0.000071	  0.000071	  0.035775	  0.964082	
  0.007950	  0.000079	  0.850205	  0.141766	
  0.510527	  0.032008	  0.308486	  0.148979	

URL http://cisbp.ccbr.utoronto.ca/TFreport.php?versionNumber=2.00&searchTF=T145942_2.00

MOTIF M00038_2.00 (21534_YNL027W)_(Saccharomyces_cerevisiae)_(DBD_0.98)

letter-probability matrix: alength= 4 w= 12 nsites= 1 E= 0
  0.316184	  0.227939	  0.227939	  0.227939	
  0.197751	  0.197751	  0.406748	  0.197751	
  0.209570	  0.093161	  0.503917	  0.193352	
  0.123545	  0.829749	  0.023353	  0.023353	
  0.100234	  0.000043	  0.000043	  0.899681	
  0.274188	  0.000043	  0.725727	  0.000043	
  0.274188	  0.516730	  0.000043	  0.209039	
  0.000043	  0.100234	  0.899681	  0.000043	
  0.022104	  0.933688	  0.022104	  0.022104	
  0.052292	  0.843124	  0.052292	  0.052292	
  0.250124	  0.254798	  0.156882	  0.338195	
  0.226689	  0.319932	  0.226689	  0.226689	

URL http://cisbp.ccbr.utoronto.ca/TFreport.php?versionNumber=2.00&searchTF=T145948_2.00

MOTIF M00039_2.00 (22792_YOR113W)_(Saccharomyces_cerevisiae)_(DBD_0.98)

letter-probability matrix: alength= 4 w= 10 nsites= 1 E= 0
  0.117694	  0.241794	  0.015304	  0.625209	
  0.191973	  0.168571	  0.171976	  0.467480	
  0.168550	  0.342829	  0.207936	  0.280685	
  0.156636	  0.370157	  0.110380	  0.362827	
  0.222972	  0.234404	  0.209987	  0.332636	
  0.282857	  0.248376	  0.191511	  0.277256	
  0.196315	  0.230378	  0.239780	  0.333526	
  0.236137	  0.243328	  0.182074	  0.338462	
  0.233889	  0.266360	  0.205377	  0.294373	
  0.208504	  0.304893	  0.172425	  0.314178	

URL http://cisbp.ccbr.utoronto.ca/TFreport.php?versionNumber=2.00&searchTF=T145955_2.00

MOTIF M00040_2.00 (25018_YPL038W)_(Saccharomyces_cerevisiae)_(DBD_1.00)

letter-probability matrix: alength= 4 w= 10 nsites= 1 E= 0
  0.143100	  0.429896	  0.260745	  0.166259	
  0.220264	  0.328595	  0.125817	  0.325325	
  0.451281	  0.330991	  0.000252	  0.217476	
  0.000050	  0.999050	  0.000490	  0.000409	
  0.714364	  0.206726	  0.000544	  0.078366	
  0.004679	  0.995301	  0.000004	  0.000016	
  0.003757	  0.995905	  0.000017	  0.000321	
  0.124466	  0.185681	  0.001689	  0.688165	
  0.196226	  0.691780	  0.107691	  0.004303	
  0.200729	  0.327653	  0.147224	  0.324393	

URL http://cisbp.ccbr.utoronto.ca/TFreport.php?versionNumber=2.00&searchTF=T145963_2.00

MOTIF M00042_2.00 (25590_YPR013C)_(Saccharomyces_cerevisiae)_(DBD_0.98)

letter-probability matrix: alength= 4 w= 9 nsites= 1 E= 0
  0.166186	  0.359620	  0.094850	  0.379344	
  0.000013	  0.000013	  0.999961	  0.000013	
  0.000013	  0.079133	  0.000013	  0.920841	
  0.999961	  0.000013	  0.000013	  0.000013	
  0.549961	  0.000013	  0.450013	  0.000013	
  0.999961	  0.000013	  0.000013	  0.000013	
  0.000013	  0.000013	  0.000013	  0.999961	
  0.000013	  0.999961	  0.000013	  0.000013	
  0.338112	  0.351563	  0.155163	  0.155163	

URL http://cisbp.ccbr.utoronto.ca/TFreport.php?versionNumber=2.00&searchTF=T145964_2.00

MOTIF M00044_2.00 (2876_YCR065W)_(Saccharomyces_cerevisiae)_(DBD_0.96)

letter-probability matrix: alength= 4 w= 9 nsites= 1 E= 0
  0.242573	  0.257573	  0.299257	  0.200598	
  0.388668	  0.112474	  0.408595	  0.090263	
  0.193539	  0.116219	  0.097074	  0.593168	
  0.567331	  0.240073	  0.014746	  0.177850	
  0.726254	  0.177310	  0.022151	  0.074284	
  0.882730	  0.014629	  0.037078	  0.065563	
  0.080166	  0.688212	  0.049605	  0.182017	
  0.871825	  0.040471	  0.036255	  0.051449	
  0.497502	  0.159111	  0.141118	  0.202269	

URL http://cisbp.ccbr.utoronto.ca/TFreport.php?versionNumber=2.00&searchTF=T189773_2.00

MOTIF M00045_2.00 (20881_Multiple)_(Saccharomyces_cerevisiae)_(DBD_0.97)

letter-probability matrix: alength= 4 w= 8 nsites= 1 E= 0
  0.222345	  0.001106	  0.775442	  0.001106	
  0.001106	  0.001106	  0.001106	  0.996681	
  0.996681	  0.001106	  0.001106	  0.001106	
  0.996681	  0.001106	  0.001106	  0.001106	
  0.996681	  0.001106	  0.001106	  0.001106	
  0.001106	  0.886062	  0.001106	  0.111726	
  0.996681	  0.001106	  0.001106	  0.001106	
  0.597222	  0.200397	  0.001984	  0.200397	

URL http://cisbp.ccbr.utoronto.ca/TFreport.php?versionNumber=2.00&searchTF=T189767_2.00

MOTIF M00046_2.00 (25921_YPR104C)_(Saccharomyces_cerevisiae)_(DBD_0.96)

letter-probability matrix: alength= 4 w= 8 nsites= 1 E= 0
  0.349800	  0.200100	  0.250000	  0.200100	
  0.000312	  0.062734	  0.936642	  0.000312	
  0.999190	  0.000270	  0.000270	  0.000270	
  0.000263	  0.999211	  0.000263	  0.000263	
  0.000263	  0.000263	  0.999211	  0.000263	
  0.000263	  0.999211	  0.000263	  0.000263	
  0.972923	  0.000263	  0.026551	  0.000263	
  0.482438	  0.310262	  0.069215	  0.138085	

URL http://cisbp.ccbr.utoronto.ca/TFreport.php?versionNumber=2.00&searchTF=T189770_2.00

MOTIF M00047_2.00 (2668_Multiple)_(Saccharomyces_cerevisiae)_(DBD_0.86)

letter-probability matrix: alength= 4 w= 8 nsites= 1 E= 0
  0.693097	  0.026786	  0.266658	  0.013459	
  0.029498	  0.000098	  0.970306	  0.000098	
  0.990640	  0.000091	  0.000091	  0.009178	
  0.109142	  0.000091	  0.018266	  0.872501	
  0.000091	  0.999727	  0.000091	  0.000091	
  0.000098	  0.117699	  0.000098	  0.882105	
  0.643497	  0.229894	  0.080538	  0.046071	
  0.093848	  0.702842	  0.093848	  0.109463	

URL http://cisbp.ccbr.utoronto.ca/TFreport.php?versionNumber=2.00&searchTF=T197019_2.00

MOTIF M00048_2.00 (6302_YER040W)_(Saccharomyces_cerevisiae)_(DBD_1.00)

letter-probability matrix: alength= 4 w= 8 nsites= 1 E= 0
  0.186841	  0.230778	  0.186841	  0.395540	
  0.422708	  0.252032	  0.000081	  0.325179	
  0.006600	  0.000065	  0.954064	  0.039271	
  0.999804	  0.000065	  0.000065	  0.000065	
  0.000065	  0.000065	  0.000065	  0.999804	
  0.914859	  0.045805	  0.000065	  0.039271	
  0.957547	  0.007111	  0.014151	  0.021191	
  0.084280	  0.336806	  0.526199	  0.052715	

URL http://cisbp.ccbr.utoronto.ca/TFreport.php?versionNumber=2.00&searchTF=T197022_2.00

MOTIF M00050_2.00 (11228_YIR013C)_(Saccharomyces_cerevisiae)_(DBD_0.94)

letter-probability matrix: alength= 4 w= 10 nsites= 1 E= 0
  0.316933	  0.227689	  0.227689	  0.227689	
  0.208692	  0.209583	  0.297365	  0.284360	
  0.999768	  0.000077	  0.000077	  0.000077	
  0.000077	  0.000077	  0.999768	  0.000077	
  0.999768	  0.000077	  0.000077	  0.000077	
  0.000077	  0.000077	  0.000077	  0.999768	
  0.000077	  0.999768	  0.000077	  0.000077	
  0.000077	  0.000077	  0.000077	  0.999768	
  0.571845	  0.296937	  0.108830	  0.022388	
  0.131199	  0.243107	  0.403530	  0.222163	

URL http://cisbp.ccbr.utoronto.ca/TFreport.php?versionNumber=2.00&searchTF=T196994_2.00

MOTIF M00051_2.00 (12632_YJL110C)_(Saccharomyces_cerevisiae)_(DBD_0.97)

letter-probability matrix: alength= 4 w= 8 nsites= 1 E= 0
  0.270248	  0.432235	  0.000270	  0.297246	
  0.000196	  0.000196	  0.999412	  0.000196	
  0.999424	  0.000192	  0.000192	  0.000192	
  0.000192	  0.000192	  0.000192	  0.999424	
  0.980208	  0.000192	  0.019408	  0.000192	
  0.940635	  0.000196	  0.000196	  0.058973	
  0.022934	  0.113760	  0.840372	  0.022934	
  0.344697	  0.241391	  0.241391	  0.172521	

URL http://cisbp.ccbr.utoronto.ca/TFreport.php?versionNumber=2.00&searchTF=T196998_2.00

MOTIF M00052_2.00 (15132_YKR034W)_(Saccharomyces_cerevisiae)_(DBD_1.00)

letter-probability matrix: alength= 4 w= 10 nsites= 1 E= 0
  0.275281	  0.242608	  0.224974	  0.257137	
  0.241344	  0.282465	  0.204031	  0.272159	
  0.196189	  0.245027	  0.396334	  0.162450	
  0.410715	  0.155415	  0.184636	  0.249234	
  0.106170	  0.067699	  0.065591	  0.760540	
  0.760540	  0.065591	  0.067699	  0.106170	
  0.249234	  0.184636	  0.155415	  0.410715	
  0.162450	  0.396334	  0.245027	  0.196189	
  0.272159	  0.204031	  0.282465	  0.241344	
  0.257137	  0.224974	  0.242608	  0.275281	

URL http://cisbp.ccbr.utoronto.ca/TFreport.php?versionNumber=2.00&searchTF=T197006_2.00

MOTIF M00053_2.00 (15667_YLR013W)_(Saccharomyces_cerevisiae)_(DBD_0.92)

letter-probability matrix: alength= 4 w= 10 nsites= 1 E= 0
  0.188587	  0.204294	  0.383585	  0.223533	
  0.179356	  0.110983	  0.202224	  0.507438	
  0.929359	  0.000456	  0.046270	  0.023915	
  0.072597	  0.048663	  0.832910	  0.045829	
  0.673580	  0.000290	  0.001526	  0.324604	
  0.017919	  0.009544	  0.003919	  0.968618	
  0.088745	  0.611412	  0.106247	  0.193595	
  0.131978	  0.321383	  0.158006	  0.388633	
  0.299614	  0.242863	  0.308739	  0.148784	
  0.298260	  0.199930	  0.234619	  0.267191	

URL http://cisbp.ccbr.utoronto.ca/TFreport.php?versionNumber=2.00&searchTF=T197007_2.00

MOTIF M00054_2.00 (24940_YPL021W)_(Saccharomyces_cerevisiae)_(DBD_0.92)

letter-probability matrix: alength= 4 w= 8 nsites= 1 E= 0
  0.595074	  0.023917	  0.214303	  0.166706	
  0.853240	  0.034557	  0.112117	  0.000086	
  0.000071	  0.000071	  0.999786	  0.000071	
  0.999786	  0.000071	  0.000071	  0.000071	
  0.000071	  0.000071	  0.000071	  0.999786	
  0.000071	  0.985504	  0.000071	  0.014353	
  0.036441	  0.263631	  0.072792	  0.627136	
  0.279056	  0.244189	  0.441771	  0.034984	

URL http://cisbp.ccbr.utoronto.ca/TFreport.php?versionNumber=2.00&searchTF=T197017_2.00

MOTIF M00057_2.00 (8079_YGL096W)_(Saccharomyces_cerevisiae)_(DBD_0.91)

letter-probability matrix: alength= 4 w= 10 nsites= 1 E= 0
  0.245815	  0.225257	  0.203376	  0.325553	
  0.194420	  0.262562	  0.257546	  0.285473	
  0.430172	  0.136541	  0.136692	  0.296595	
  0.085866	  0.677481	  0.136832	  0.099821	
  0.533490	  0.020328	  0.395325	  0.050857	
  0.050857	  0.395325	  0.020328	  0.533490	
  0.099821	  0.136832	  0.677481	  0.085866	
  0.296595	  0.136692	  0.136541	  0.430172	
  0.285473	  0.257546	  0.262562	  0.194420	
  0.325553	  0.203376	  0.225257	  0.245815	

URL http://cisbp.ccbr.utoronto.ca/TFreport.php?versionNumber=2.00&searchTF=T230792_2.00

MOTIF M00058_2.00 (5532_YDR451C)_(Saccharomyces_cerevisiae)_(DBD_0.70)

letter-probability matrix: alength= 4 w= 8 nsites= 1 E= 0
  0.565080	  0.141352	  0.108757	  0.184811	
  0.061126	  0.068758	  0.015339	  0.854777	
  0.248276	  0.096594	  0.000069	  0.655061	
  0.894567	  0.000066	  0.000066	  0.105301	
  0.966917	  0.000066	  0.000066	  0.032952	
  0.078992	  0.006643	  0.013220	  0.901144	
  0.048001	  0.000068	  0.034306	  0.917625	
  0.654724	  0.008935	  0.177017	  0.159324	

URL http://cisbp.ccbr.utoronto.ca/TFreport.php?versionNumber=2.00&searchTF=T230789_2.00

MOTIF M00059_2.00 (24630_YPL177C)_(Saccharomyces_cerevisiae)_(DBD_0.98)

letter-probability matrix: alength= 4 w= 8 nsites= 1 E= 0
  0.047715	  0.071514	  0.012018	  0.868753	
  0.000104	  0.041753	  0.958038	  0.000104	
  0.812266	  0.052166	  0.031341	  0.104227	
  0.000104	  0.999688	  0.000104	  0.000104	
  0.895564	  0.041753	  0.062578	  0.000104	
  0.021604	  0.634243	  0.172077	  0.172077	
  0.644529	  0.157943	  0.039584	  0.157943	
  0.352861	  0.058973	  0.019788	  0.568378	

URL http://cisbp.ccbr.utoronto.ca/TFreport.php?versionNumber=2.00&searchTF=T230782_2.00

MOTIF M00060_2.00 (7991_YGL073W)_(Saccharomyces_cerevisiae)_(DBD_0.96)

letter-probability matrix: alength= 4 w= 9 nsites= 1 E= 0
  0.320154	  0.181055	  0.206191	  0.292599	
  0.231700	  0.238756	  0.197442	  0.332102	
  0.223589	  0.242212	  0.287095	  0.247105	
  0.161512	  0.025143	  0.029212	  0.784133	
  0.138264	  0.051376	  0.075881	  0.734480	
  0.092315	  0.709959	  0.122145	  0.075581	
  0.148989	  0.381409	  0.144586	  0.325016	
  0.473500	  0.149928	  0.202381	  0.174191	
  0.182247	  0.285820	  0.153755	  0.378177	

URL http://cisbp.ccbr.utoronto.ca/TFreport.php?versionNumber=2.00&searchTF=T243515_2.00

MOTIF M00061_2.00 (11061_YHR206W)_(Saccharomyces_cerevisiae)_(DBD_0.99)

letter-probability matrix: alength= 4 w= 8 nsites= 1 E= 0
  0.726984	  0.045578	  0.075863	  0.151575	
  0.056906	  0.193208	  0.068264	  0.681622	
  0.064288	  0.064288	  0.871332	  0.000092	
  0.000090	  0.000090	  0.999730	  0.000090	
  0.000090	  0.972713	  0.027107	  0.000090	
  0.000090	  0.963707	  0.009096	  0.027107	
  0.586810	  0.119622	  0.293459	  0.000109	
  0.142918	  0.057253	  0.742576	  0.057253	

URL http://cisbp.ccbr.utoronto.ca/TFreport.php?versionNumber=2.00&searchTF=T243507_2.00

MOTIF M00062_2.00 (1089_YHR161C)_(Saccharomyces_cerevisiae)_(DBD_1.00)

letter-probability matrix: alength= 4 w= 8 nsites= 1 E= 0
  0.185717	  0.362936	  0.312382	  0.138965	
  0.012746	  0.930060	  0.000068	  0.057125	
  0.901983	  0.013391	  0.046740	  0.037887	
  0.036247	  0.083961	  0.106735	  0.773057	
  0.154973	  0.759948	  0.037459	  0.047620	
  0.203523	  0.224927	  0.409844	  0.161706	
  0.190075	  0.332759	  0.310262	  0.166904	
  0.229819	  0.272406	  0.313341	  0.184434	

URL http://cisbp.ccbr.utoronto.ca/TFreport.php?versionNumber=2.00&searchTF=T290597_2.00

MOTIF M00063_2.00 (21379_Multiple)_(Saccharomyces_cerevisiae)_(DBD_0.69)

letter-probability matrix: alength= 4 w= 8 nsites= 1 E= 0
  0.222345	  0.111726	  0.664823	  0.001106	
  0.000712	  0.000712	  0.000712	  0.997863	
  0.000665	  0.000665	  0.000665	  0.998005	
  0.998005	  0.000665	  0.000665	  0.000665	
  0.000665	  0.998005	  0.000665	  0.000665	
  0.000665	  0.998005	  0.000665	  0.000665	
  0.000665	  0.998005	  0.000665	  0.000665	
  0.000996	  0.000996	  0.797809	  0.200199	

URL http://cisbp.ccbr.utoronto.ca/TFreport.php?versionNumber=2.00&searchTF=T290613_2.00

MOTIF M00065_2.00 (25381_YPL128C)_(Saccharomyces_cerevisiae)_(DBD_1.00)

letter-probability matrix: alength= 4 w= 8 nsites= 1 E= 0
  0.801853	  0.010516	  0.052166	  0.135464	
  0.532694	  0.016470	  0.450754	  0.000082	
  0.015339	  0.984509	  0.000076	  0.000076	
  0.000076	  0.999773	  0.000076	  0.000076	
  0.000076	  0.999773	  0.000076	  0.000076	
  0.000076	  0.007649	  0.000076	  0.992199	
  0.702791	  0.099070	  0.188143	  0.009996	
  0.414192	  0.128641	  0.314249	  0.142918	

URL http://cisbp.ccbr.utoronto.ca/TFreport.php?versionNumber=2.00&searchTF=T290616_2.00

MOTIF M00068_2.00 (603_YDL002C)_(Saccharomyces_cerevisiae)_(DBD_0.98)

letter-probability matrix: alength= 4 w= 8 nsites= 1 E= 0
  0.009615	  0.009615	  0.009615	  0.971154	
  0.009615	  0.971154	  0.009615	  0.009615	
  0.009615	  0.971154	  0.009615	  0.009615	
  0.009615	  0.971154	  0.009615	  0.009615	
  0.009615	  0.971154	  0.009615	  0.009615	
  0.009615	  0.009615	  0.971154	  0.009615	
  0.009615	  0.009615	  0.971154	  0.009615	
  0.009615	  0.971154	  0.009615	  0.009615	

URL http://cisbp.ccbr.utoronto.ca/TFreport.php?versionNumber=2.00&searchTF=T335153_2.00

MOTIF M00069_2.00 (18434_YMR072W)_(Saccharomyces_cerevisiae)_(DBD_0.80)

letter-probability matrix: alength= 4 w= 11 nsites= 1 E= 0
  0.228158	  0.315525	  0.228158	  0.228158	
  0.150577	  0.237944	  0.368683	  0.242797	
  0.022849	  0.748533	  0.118402	  0.110216	
  0.087556	  0.095743	  0.000189	  0.816512	
  0.000189	  0.803412	  0.196210	  0.000189	
  0.000189	  0.000189	  0.000189	  0.999433	
  0.999433	  0.000189	  0.000189	  0.000189	
  0.000189	  0.091072	  0.908550	  0.000189	
  0.933908	  0.022031	  0.022031	  0.022031	
  0.099612	  0.480113	  0.320662	  0.099612	
  0.227340	  0.227340	  0.227340	  0.317979	

URL http://cisbp.ccbr.utoronto.ca/TFreport.php?versionNumber=2.00&searchTF=T335142_2.00

MOTIF M00071_2.00 (10586_YHR084W)_(Saccharomyces_cerevisiae)_(DBD_0.97)

letter-probability matrix: alength= 4 w= 10 nsites= 1 E= 0
  0.271591	  0.150511	  0.342199	  0.235699	
  0.052988	  0.052988	  0.129931	  0.764093	
  0.000127	  0.000127	  0.999618	  0.000127	
  0.000127	  0.000127	  0.077070	  0.922675	
  0.000127	  0.000127	  0.000127	  0.999618	
  0.077070	  0.000127	  0.000127	  0.922675	
  0.077070	  0.922675	  0.000127	  0.000127	
  0.999618	  0.000127	  0.000127	  0.000127	
  0.184606	  0.183669	  0.346968	  0.284756	
  0.408582	  0.197139	  0.197139	  0.197139	

URL http://cisbp.ccbr.utoronto.ca/TFreport.php?versionNumber=2.00&searchTF=T338157_2.00

MOTIF M00074_2.00 (81_2_YGL100W)_(Saccharomyces_cerevisiae)_(DBD_0.95)

letter-probability matrix: alength= 4 w= 10 nsites= 1 E= 0
  0.279918	  0.199237	  0.240927	  0.279918	
  0.174790	  0.248039	  0.111451	  0.465720	
  0.001978	  0.945811	  0.031882	  0.020329	
  0.000007	  0.087780	  0.911267	  0.000946	
  0.000906	  0.032829	  0.945122	  0.021143	
  0.452251	  0.110414	  0.397120	  0.040215	
  0.244505	  0.225707	  0.350456	  0.179332	
  0.330274	  0.214846	  0.192466	  0.262414	
  0.293811	  0.123093	  0.166158	  0.416938	
  0.392011	  0.165884	  0.206704	  0.235401	

URL http://cisbp.ccbr.utoronto.ca/TFreport.php?versionNumber=2.00&searchTF=T390879_2.00

MOTIF M00076_2.00 (1758_YLR377C)_(Saccharomyces_cerevisiae)_(DBD_0.95)

letter-probability matrix: alength= 4 w= 9 nsites= 1 E= 0
  0.253963	  0.259094	  0.225245	  0.261698	
  0.322965	  0.140829	  0.379003	  0.157204	
  0.030808	  0.923123	  0.000109	  0.045960	
  0.000026	  0.018342	  0.981627	  0.000004	
  0.001146	  0.000010	  0.998769	  0.000074	
  0.545564	  0.164321	  0.148683	  0.141432	
  0.299055	  0.200463	  0.153029	  0.347453	
  0.235032	  0.391397	  0.219143	  0.154427	
  0.258789	  0.349329	  0.207683	  0.184199	

URL http://cisbp.ccbr.utoronto.ca/TFreport.php?versionNumber=2.00&searchTF=T390792_2.00

MOTIF M00077_2.00 (2111_Multiple)_(Saccharomyces_cerevisiae)_(DBD_1.00)

letter-probability matrix: alength= 4 w= 8 nsites= 1 E= 0
  0.395540	  0.131920	  0.219793	  0.252746	
  0.141823	  0.455163	  0.044837	  0.358177	
  0.000060	  0.969887	  0.024006	  0.006046	
  0.000060	  0.006046	  0.993834	  0.000060	
  0.024006	  0.006046	  0.969887	  0.000060	
  0.993834	  0.000060	  0.006046	  0.000060	
  0.856098	  0.000062	  0.137528	  0.006311	
  0.100050	  0.491586	  0.116711	  0.291653	

URL http://cisbp.ccbr.utoronto.ca/TFreport.php?versionNumber=2.00&searchTF=T390813_2.00

MOTIF M00079_2.00 (3364_YDL170W)_(Saccharomyces_cerevisiae)_(DBD_0.90)

letter-probability matrix: alength= 4 w= 9 nsites= 1 E= 0
  0.023348	  0.002076	  0.953867	  0.020708	
  0.000667	  0.997748	  0.000007	  0.001577	
  0.007562	  0.005715	  0.985448	  0.001275	
  0.071486	  0.225766	  0.698893	  0.003855	
  0.203996	  0.275366	  0.375440	  0.145198	
  0.437995	  0.142909	  0.176304	  0.242793	
  0.311612	  0.172735	  0.164311	  0.351342	
  0.269594	  0.220725	  0.163517	  0.346165	
  0.244055	  0.239222	  0.218633	  0.298090	

URL http://cisbp.ccbr.utoronto.ca/TFreport.php?versionNumber=2.00&searchTF=T390846_2.00

MOTIF M00080_2.00 (21342_YDR034C)_(Saccharomyces_cerevisiae)_(DBD_0.97)

letter-probability matrix: alength= 4 w= 10 nsites= 1 E= 0
  0.225034	  0.439771	  0.163408	  0.171787	
  0.250204	  0.265676	  0.318072	  0.166048	
  0.214050	  0.329049	  0.231877	  0.225024	
  0.166692	  0.356434	  0.329030	  0.147843	
  0.047763	  0.117477	  0.703623	  0.131137	
  0.147147	  0.183357	  0.545353	  0.124143	
  0.618210	  0.001694	  0.184349	  0.195748	
  0.608531	  0.003565	  0.085717	  0.302188	
  0.280079	  0.141893	  0.111617	  0.466412	
  0.228694	  0.171124	  0.148768	  0.451414	

URL http://cisbp.ccbr.utoronto.ca/TFreport.php?versionNumber=2.00&searchTF=T390816_2.00

MOTIF M00081_2.00 (4486_YDR207C)_(Saccharomyces_cerevisiae)_(DBD_0.97)

letter-probability matrix: alength= 4 w= 10 nsites= 1 E= 0
  0.295759	  0.264566	  0.239211	  0.200464	
  0.368916	  0.058179	  0.299249	  0.273656	
  0.203841	  0.563321	  0.098215	  0.134624	
  0.153570	  0.765785	  0.022635	  0.058009	
  0.140161	  0.111305	  0.617703	  0.130831	
  0.130831	  0.617703	  0.111305	  0.140161	
  0.058009	  0.022635	  0.765785	  0.153570	
  0.134624	  0.098215	  0.563321	  0.203841	
  0.273656	  0.299249	  0.058179	  0.368916	
  0.200464	  0.239211	  0.264566	  0.295759	

URL http://cisbp.ccbr.utoronto.ca/TFreport.php?versionNumber=2.00&searchTF=T390851_2.00

MOTIF M00082_2.00 (4894_YDR303C)_(Saccharomyces_cerevisiae)_(DBD_1.00)

letter-probability matrix: alength= 4 w= 8 nsites= 1 E= 0
  0.125312	  0.062968	  0.748753	  0.062968	
  0.000434	  0.868490	  0.130642	  0.000434	
  0.000434	  0.130642	  0.868490	  0.000434	
  0.000434	  0.998698	  0.000434	  0.000434	
  0.000434	  0.000434	  0.998698	  0.000434	
  0.000434	  0.911892	  0.087240	  0.000434	
  0.000434	  0.087240	  0.868490	  0.043837	
  0.055987	  0.111419	  0.721175	  0.111419	

URL http://cisbp.ccbr.utoronto.ca/TFreport.php?versionNumber=2.00&searchTF=T390858_2.00

MOTIF M00083_2.00 (5824_YDR520C)_(Saccharomyces_cerevisiae)_(DBD_0.97)

letter-probability matrix: alength= 4 w= 10 nsites= 1 E= 0
  0.054109	  0.829654	  0.041721	  0.074516	
  0.004048	  0.021939	  0.970923	  0.003090	
  0.000002	  0.038790	  0.961178	  0.000030	
  0.529453	  0.154755	  0.208898	  0.106895	
  0.223730	  0.202439	  0.399590	  0.174241	
  0.465497	  0.083355	  0.102833	  0.348315	
  0.286461	  0.048308	  0.034042	  0.631188	
  0.546687	  0.133470	  0.112604	  0.207240	
  0.326638	  0.175713	  0.177479	  0.320170	
  0.219102	  0.249519	  0.232650	  0.298729	

URL http://cisbp.ccbr.utoronto.ca/TFreport.php?versionNumber=2.00&searchTF=T390865_2.00

MOTIF M00085_2.00 (8710_YGL013C)_(Saccharomyces_cerevisiae)_(DBD_0.87)

letter-probability matrix: alength= 4 w= 8 nsites= 1 E= 0
  0.142925	  0.571225	  0.063610	  0.222240	
  0.394990	  0.357971	  0.234576	  0.012463	
  0.000104	  0.978863	  0.020929	  0.000104	
  0.000104	  0.000104	  0.999688	  0.000104	
  0.000104	  0.000104	  0.999688	  0.000104	
  0.933030	  0.011217	  0.055642	  0.000111	
  0.907549	  0.013282	  0.039584	  0.039584	
  0.211568	  0.461376	  0.153920	  0.173136	

URL http://cisbp.ccbr.utoronto.ca/TFreport.php?versionNumber=2.00&searchTF=T390882_2.00

MOTIF M00086_2.00 (10337_Multiple)_(Saccharomyces_cerevisiae)_(DBD_1.00)

letter-probability matrix: alength= 4 w= 10 nsites= 1 E= 0
  0.171778	  0.302796	  0.353648	  0.171778	
  0.042189	  0.149130	  0.766493	  0.042189	
  0.000059	  0.839252	  0.160629	  0.000059	
  0.000059	  0.000059	  0.999822	  0.000059	
  0.000059	  0.760067	  0.239814	  0.000059	
  0.000059	  0.000059	  0.999822	  0.000059	
  0.000059	  0.919100	  0.080781	  0.000059	
  0.000059	  0.083358	  0.916523	  0.000059	
  0.078282	  0.223632	  0.619805	  0.078282	
  0.207871	  0.207871	  0.376388	  0.207871	

URL http://cisbp.ccbr.utoronto.ca/TFreport.php?versionNumber=2.00&searchTF=T390725_2.00

MOTIF M00087_2.00 (10973_YHR178W)_(Saccharomyces_cerevisiae)_(DBD_0.95)

letter-probability matrix: alength= 4 w= 10 nsites= 1 E= 0
  0.289667	  0.142413	  0.346794	  0.221126	
  0.056259	  0.845530	  0.038473	  0.059738	
  0.074021	  0.016682	  0.824151	  0.085145	
  0.073916	  0.030659	  0.822973	  0.072452	
  0.227689	  0.186416	  0.239362	  0.346533	
  0.182009	  0.231379	  0.447670	  0.138942	
  0.269394	  0.243757	  0.060110	  0.426739	
  0.123517	  0.119867	  0.132473	  0.624143	
  0.598950	  0.032956	  0.079454	  0.288640	
  0.277201	  0.171527	  0.195340	  0.355933	

URL http://cisbp.ccbr.utoronto.ca/TFreport.php?versionNumber=2.00&searchTF=T390728_2.00

MOTIF M00088_2.00 (11848_Multiple)_(Saccharomyces_cerevisiae)_(DBD_1.00)

letter-probability matrix: alength= 4 w= 7 nsites= 1 E= 0
  0.004409	  0.910218	  0.041833	  0.043540	
  0.000848	  0.116208	  0.876017	  0.006927	
  0.000117	  0.005158	  0.992847	  0.001879	
  0.537121	  0.127259	  0.241344	  0.094276	
  0.460766	  0.088490	  0.138780	  0.311965	
  0.318860	  0.236217	  0.222461	  0.222461	
  0.279083	  0.235452	  0.235452	  0.250012	

URL http://cisbp.ccbr.utoronto.ca/TFreport.php?versionNumber=2.00&searchTF=T390741_2.00

MOTIF M00089_2.00 (12726_YJL089W)_(Saccharomyces_cerevisiae)_(DBD_0.97)

letter-probability matrix: alength= 4 w= 10 nsites= 1 E= 0
