MEME version 4

ALPHABET= ACGT

strands: + -

Background letter frequencies (from uniform background):
A 0.25000 C 0.25000 G 0.25000 T 0.25000 

MOTIF M00002_2.00 (SKUD_165903)_(Saccharomyces_cerevisiae)_(DBD_0.85)

letter-probability matrix: alength= 4 w= 10 nsites= 1 E= 0
  0.259794	  0.221382	  0.320502	  0.198322	
  0.253449	  0.005448	  0.635977	  0.105126	
  0.040030	  0.017455	  0.788102	  0.154413	
  0.016715	  0.000466	  0.949827	  0.032992	
  0.013129	  0.090454	  0.046751	  0.849665	
  0.040501	  0.028257	  0.863795	  0.067447	
  0.145420	  0.314073	  0.160714	  0.379793	
  0.270268	  0.242116	  0.281298	  0.206317	
  0.286005	  0.201544	  0.253663	  0.258788	
  0.312355	  0.191357	  0.199166	  0.297121	

URL http://cisbp.ccbr.utoronto.ca/TFreport.php?versionNumber=2.00&searchTF=T000254_2.00

MOTIF M00006_2.00 (SKUD_205603)_(Saccharomyces_cerevisiae)_(DBD_0.93)

letter-probability matrix: alength= 4 w= 8 nsites= 1 E= 0
  0.000587	  0.117958	  0.880869	  0.000587	
  0.368172	  0.578256	  0.053046	  0.000525	
  0.000475	  0.000475	  0.000475	  0.998574	
  0.000475	  0.000475	  0.998574	  0.000475	
  0.000475	  0.998574	  0.000475	  0.000475	
  0.998574	  0.000475	  0.000475	  0.000475	
  0.053046	  0.053046	  0.630777	  0.263130	
  0.000767	  0.154141	  0.844325	  0.000767	

URL http://cisbp.ccbr.utoronto.ca/TFreport.php?versionNumber=2.00&searchTF=T012333_2.00

MOTIF M00007_2.00 (SKUD_205409)_(Saccharomyces_cerevisiae)_(DBD_0.97)

letter-probability matrix: alength= 4 w= 11 nsites= 1 E= 0
  0.475477	  0.174841	  0.174841	  0.174841	
  0.069272	  0.702024	  0.159432	  0.069272	
  0.328519	  0.621172	  0.025154	  0.025154	
  0.000181	  0.000181	  0.000181	  0.999457	
  0.000181	  0.000181	  0.999457	  0.000181	
  0.000181	  0.999457	  0.000181	  0.000181	
  0.999457	  0.000181	  0.000181	  0.000181	
  0.000181	  0.000181	  0.592518	  0.407120	
  0.165440	  0.075340	  0.683880	  0.075340	
  0.270669	  0.367512	  0.180909	  0.180909	
  0.324920	  0.225027	  0.225027	  0.225027	

URL http://cisbp.ccbr.utoronto.ca/TFreport.php?versionNumber=2.00&searchTF=T012332_2.00

MOTIF M00009_2.00 (SKUD_150403)_(Saccharomyces_cerevisiae)_(DBD_0.98)

letter-probability matrix: alength= 4 w= 10 nsites= 1 E= 0
  0.274529	  0.275250	  0.274073	  0.176149	
  0.074001	  0.671519	  0.180479	  0.074001	
  0.000009	  0.999972	  0.000009	  0.000009	
  0.999972	  0.000009	  0.000009	  0.000009	
  0.000009	  0.999972	  0.000009	  0.000009	
  0.000009	  0.000009	  0.999972	  0.000009	
  0.000009	  0.000009	  0.000009	  0.999972	
  0.000009	  0.000009	  0.999972	  0.000009	
  0.073861	  0.577172	  0.177537	  0.171430	
  0.272951	  0.273391	  0.176009	  0.277649	

URL http://cisbp.ccbr.utoronto.ca/TFreport.php?versionNumber=2.00&searchTF=T044876_2.00

MOTIF M00011_2.00 (SKUD_194503)_(Saccharomyces_cerevisiae)_(DBD_1.00)

letter-probability matrix: alength= 4 w= 8 nsites= 1 E= 0
  0.497525	  0.250000	  0.250000	  0.002475	
  0.001420	  0.143466	  0.001420	  0.853693	
  0.001420	  0.995739	  0.001420	  0.001420	
  0.995739	  0.001420	  0.001420	  0.001420	
  0.001420	  0.995739	  0.001420	  0.001420	
  0.001420	  0.001420	  0.995739	  0.001420	
  0.001420	  0.001420	  0.001420	  0.995739	
  0.001420	  0.001420	  0.995739	  0.001420	

URL http://cisbp.ccbr.utoronto.ca/TFreport.php?versionNumber=2.00&searchTF=T044879_2.00

MOTIF M00013_2.00 (SKUD_203408)_(Saccharomyces_cerevisiae)_(DBD_0.85)

letter-probability matrix: alength= 4 w= 10 nsites= 1 E= 0
  0.286730	  0.276761	  0.218254	  0.218254	
  0.465755	  0.158579	  0.158579	  0.217086	
  0.000052	  0.000052	  0.000052	  0.999845	
  0.000052	  0.000052	  0.121061	  0.878836	
  0.941338	  0.000052	  0.000052	  0.058559	
  0.000052	  0.999845	  0.000052	  0.000052	
  0.050927	  0.000052	  0.525333	  0.423689	
  0.365182	  0.000052	  0.000052	  0.634715	
  0.904608	  0.031797	  0.031797	  0.031797	
  0.525751	  0.091472	  0.215662	  0.167115	

URL http://cisbp.ccbr.utoronto.ca/TFreport.php?versionNumber=2.00&searchTF=T068080_2.00

MOTIF M00015_2.00 (SKUD_198303)_(Saccharomyces_cerevisiae)_(DBD_0.83)

letter-probability matrix: alength= 4 w= 10 nsites= 1 E= 0
  0.116441	  0.076507	  0.663402	  0.143650	
  0.444801	  0.453787	  0.087150	  0.014262	
  0.002919	  0.018567	  0.023840	  0.954674	
  0.050593	  0.018612	  0.155060	  0.775735	
  0.965859	  0.022044	  0.001368	  0.010730	
  0.077309	  0.600531	  0.139465	  0.182694	
  0.347681	  0.110089	  0.433237	  0.108993	
  0.089608	  0.054896	  0.046780	  0.808716	
  0.657744	  0.172227	  0.103422	  0.066607	
  0.760955	  0.072572	  0.077834	  0.088639	

URL http://cisbp.ccbr.utoronto.ca/TFreport.php?versionNumber=2.00&searchTF=T068077_2.00

MOTIF M00017_2.00 (SKUD_186708)_(Saccharomyces_cerevisiae)_(DBD_1.00)

letter-probability matrix: alength= 4 w= 10 nsites= 1 E= 0
  0.225748	  0.225748	  0.225748	  0.322756	
  0.233041	  0.194398	  0.197949	  0.374611	
  0.000035	  0.797239	  0.000035	  0.202692	
  0.000035	  0.000035	  0.999896	  0.000035	
  0.000035	  0.999896	  0.000035	  0.000035	
  0.000035	  0.999896	  0.000035	  0.000035	
  0.999896	  0.000035	  0.000035	  0.000035	
  0.000035	  0.999896	  0.000035	  0.000035	
  0.024287	  0.927140	  0.024287	  0.024287	
  0.232055	  0.246285	  0.295020	  0.226640	

URL http://cisbp.ccbr.utoronto.ca/TFreport.php?versionNumber=2.00&searchTF=T128956_2.00

MOTIF M00019_2.00 (SKUD_141701)_(Saccharomyces_cerevisiae)_(DBD_1.00)

letter-probability matrix: alength= 4 w= 10 nsites= 1 E= 0
  0.389881	  0.238851	  0.146327	  0.224942	
  0.032311	  0.884847	  0.004160	  0.078682	
  0.006679	  0.981327	  0.004613	  0.007381	
  0.010411	  0.985249	  0.003264	  0.001076	
  0.000970	  0.779910	  0.004433	  0.214687	
  0.028140	  0.020434	  0.056103	  0.895324	
  0.536179	  0.045808	  0.149078	  0.268935	
  0.492370	  0.112082	  0.141066	  0.254482	
  0.307871	  0.165617	  0.172376	  0.354136	
  0.290046	  0.210617	  0.169024	  0.330313	

URL http://cisbp.ccbr.utoronto.ca/TFreport.php?versionNumber=2.00&searchTF=T128948_2.00

MOTIF M00022_2.00 (SKUD_191509)_(Saccharomyces_cerevisiae)_(DBD_0.98)

letter-probability matrix: alength= 4 w= 10 nsites= 1 E= 0
  0.208911	  0.202737	  0.420696	  0.167655	
  0.330823	  0.213062	  0.412230	  0.043885	
  0.266733	  0.669310	  0.005620	  0.058338	
  0.037457	  0.000855	  0.946909	  0.014779	
  0.000352	  0.998761	  0.000520	  0.000367	
  0.000180	  0.994952	  0.000000	  0.004868	
  0.943601	  0.016440	  0.039240	  0.000719	
  0.001543	  0.986158	  0.000312	  0.011987	
  0.755147	  0.077240	  0.093402	  0.074211	
  0.185591	  0.338169	  0.359080	  0.117161	

URL http://cisbp.ccbr.utoronto.ca/TFreport.php?versionNumber=2.00&searchTF=T128957_2.00

MOTIF M00023_2.00 (SKUD_175702)_(Saccharomyces_cerevisiae)_(DBD_0.87)

letter-probability matrix: alength= 4 w= 10 nsites= 1 E= 0
  0.318413	  0.227196	  0.227196	  0.227196	
  0.326327	  0.325944	  0.126318	  0.221411	
  0.000058	  0.999826	  0.000058	  0.000058	
  0.000058	  0.999826	  0.000058	  0.000058	
  0.000058	  0.999826	  0.000058	  0.000058	
  0.000058	  0.999826	  0.000058	  0.000058	
  0.093824	  0.000058	  0.906060	  0.000058	
  0.000058	  0.999826	  0.000058	  0.000058	
  0.743851	  0.022862	  0.210425	  0.022862	
  0.219562	  0.332907	  0.123740	  0.323790	

URL http://cisbp.ccbr.utoronto.ca/TFreport.php?versionNumber=2.00&searchTF=T128955_2.00

MOTIF M00026_2.00 (SKUD_205211)_(Saccharomyces_cerevisiae)_(DBD_1.00)

letter-probability matrix: alength= 4 w= 8 nsites= 1 E= 0
  0.430455	  0.222238	  0.097307	  0.250000	
  0.000095	  0.971154	  0.009615	  0.019136	
  0.009015	  0.981881	  0.000089	  0.009015	
  0.000089	  0.999732	  0.000089	  0.000089	
  0.009015	  0.990807	  0.000089	  0.000089	
  0.333303	  0.081142	  0.585465	  0.000090	
  0.009898	  0.891905	  0.098099	  0.000098	
  0.466551	  0.146722	  0.226679	  0.160048	

URL http://cisbp.ccbr.utoronto.ca/TFreport.php?versionNumber=2.00&searchTF=T128960_2.00

MOTIF M00027_2.00 (SKUD_125302)_(Saccharomyces_cerevisiae)_(DBD_1.00)

letter-probability matrix: alength= 4 w= 10 nsites= 1 E= 0
  0.167474	  0.260038	  0.210783	  0.361705	
  0.346146	  0.178906	  0.218516	  0.256431	
  0.091631	  0.771067	  0.027599	  0.109703	
  0.009342	  0.816043	  0.017894	  0.156721	
  0.030881	  0.944008	  0.008332	  0.016779	
  0.047525	  0.855134	  0.033827	  0.063514	
  0.384137	  0.057455	  0.503206	  0.055202	
  0.123967	  0.578253	  0.160776	  0.137004	
  0.391340	  0.172358	  0.210519	  0.225783	
  0.232566	  0.323493	  0.148291	  0.295650	

URL http://cisbp.ccbr.utoronto.ca/TFreport.php?versionNumber=2.00&searchTF=T128946_2.00

MOTIF M00032_2.00 (SKUD_158203)_(Saccharomyces_cerevisiae)_(DBD_1.00)

letter-probability matrix: alength= 4 w= 8 nsites= 1 E= 0
  0.332600	  0.207876	  0.280603	  0.178921	
  0.102119	  0.682756	  0.021459	  0.193666	
  0.019110	  0.765250	  0.000734	  0.214906	
  0.000613	  0.993588	  0.000372	  0.005427	
  0.108375	  0.885013	  0.001778	  0.004834	
  0.033853	  0.268278	  0.124216	  0.573653	
  0.196940	  0.125574	  0.247868	  0.429618	
  0.345353	  0.149092	  0.300235	  0.205319	

URL http://cisbp.ccbr.utoronto.ca/TFreport.php?versionNumber=2.00&searchTF=T128951_2.00

MOTIF M00034_2.00 (SKUD_202710)_(Saccharomyces_cerevisiae)_(DBD_1.00)

letter-probability matrix: alength= 4 w= 8 nsites= 1 E= 0
  0.173575	  0.426927	  0.205740	  0.193758	
  0.057706	  0.001500	  0.056000	  0.884794	
  0.868196	  0.069160	  0.000688	  0.061956	
  0.037235	  0.043261	  0.886479	  0.033025	
  0.007781	  0.936018	  0.002058	  0.054143	
  0.146017	  0.004972	  0.815438	  0.033573	
  0.066381	  0.605109	  0.171642	  0.156869	
  0.531269	  0.120937	  0.187779	  0.160015	

URL http://cisbp.ccbr.utoronto.ca/TFreport.php?versionNumber=2.00&searchTF=T128959_2.00

MOTIF M00035_2.00 (SKUD_162303)_(Saccharomyces_cerevisiae)_(DBD_1.00)

letter-probability matrix: alength= 4 w= 10 nsites= 1 E= 0
  0.227468	  0.227468	  0.227468	  0.317597	
  0.363601	  0.253472	  0.147678	  0.235248	
  0.000050	  0.999849	  0.000050	  0.000050	
  0.000050	  0.999849	  0.000050	  0.000050	
  0.000050	  0.999849	  0.000050	  0.000050	
  0.000050	  0.999849	  0.000050	  0.000050	
  0.000050	  0.000050	  0.903088	  0.096811	
  0.000050	  0.999849	  0.000050	  0.000050	
  0.753564	  0.115083	  0.022583	  0.108770	
  0.194633	  0.515652	  0.102372	  0.187343	

URL http://cisbp.ccbr.utoronto.ca/TFreport.php?versionNumber=2.00&searchTF=T128952_2.00

MOTIF M00040_2.00 (SKUD_139603)_(Saccharomyces_cerevisiae)_(DBD_0.98)

letter-probability matrix: alength= 4 w= 10 nsites= 1 E= 0
  0.143100	  0.429896	  0.260745	  0.166259	
  0.220264	  0.328595	  0.125817	  0.325325	
  0.451281	  0.330991	  0.000252	  0.217476	
  0.000050	  0.999050	  0.000490	  0.000409	
  0.714364	  0.206726	  0.000544	  0.078366	
  0.004679	  0.995301	  0.000004	  0.000016	
  0.003757	  0.995905	  0.000017	  0.000321	
  0.124466	  0.185681	  0.001689	  0.688165	
  0.196226	  0.691780	  0.107691	  0.004303	
  0.200729	  0.327653	  0.147224	  0.324393	

URL http://cisbp.ccbr.utoronto.ca/TFreport.php?versionNumber=2.00&searchTF=T128947_2.00

MOTIF M00042_2.00 (SKUD_171403)_(Saccharomyces_cerevisiae)_(DBD_0.98)

letter-probability matrix: alength= 4 w= 9 nsites= 1 E= 0
  0.166186	  0.359620	  0.094850	  0.379344	
  0.000013	  0.000013	  0.999961	  0.000013	
  0.000013	  0.079133	  0.000013	  0.920841	
  0.999961	  0.000013	  0.000013	  0.000013	
  0.549961	  0.000013	  0.450013	  0.000013	
  0.999961	  0.000013	  0.000013	  0.000013	
  0.000013	  0.000013	  0.000013	  0.999961	
  0.000013	  0.999961	  0.000013	  0.000013	
  0.338112	  0.351563	  0.155163	  0.155163	

URL http://cisbp.ccbr.utoronto.ca/TFreport.php?versionNumber=2.00&searchTF=T128953_2.00

MOTIF M00046_2.00 (SKUD_169306)_(Saccharomyces_cerevisiae)_(DBD_0.98)

letter-probability matrix: alength= 4 w= 8 nsites= 1 E= 0
  0.349800	  0.200100	  0.250000	  0.200100	
  0.000312	  0.062734	  0.936642	  0.000312	
  0.999190	  0.000270	  0.000270	  0.000270	
  0.000263	  0.999211	  0.000263	  0.000263	
  0.000263	  0.000263	  0.999211	  0.000263	
  0.000263	  0.999211	  0.000263	  0.000263	
  0.972923	  0.000263	  0.026551	  0.000263	
  0.482438	  0.310262	  0.069215	  0.138085	

URL http://cisbp.ccbr.utoronto.ca/TFreport.php?versionNumber=2.00&searchTF=T188523_2.00

MOTIF M00047_2.00 (SKUD_204801)_(Saccharomyces_cerevisiae)_(DBD_0.94)

letter-probability matrix: alength= 4 w= 8 nsites= 1 E= 0
  0.693097	  0.026786	  0.266658	  0.013459	
  0.029498	  0.000098	  0.970306	  0.000098	
  0.990640	  0.000091	  0.000091	  0.009178	
  0.109142	  0.000091	  0.018266	  0.872501	
  0.000091	  0.999727	  0.000091	  0.000091	
  0.000098	  0.117699	  0.000098	  0.882105	
  0.643497	  0.229894	  0.080538	  0.046071	
  0.093848	  0.702842	  0.093848	  0.109463	

URL http://cisbp.ccbr.utoronto.ca/TFreport.php?versionNumber=2.00&searchTF=T195243_2.00

MOTIF M00050_2.00 (SKUD_156803)_(Saccharomyces_cerevisiae)_(DBD_0.97)

letter-probability matrix: alength= 4 w= 10 nsites= 1 E= 0
  0.316933	  0.227689	  0.227689	  0.227689	
  0.208692	  0.209583	  0.297365	  0.284360	
  0.999768	  0.000077	  0.000077	  0.000077	
  0.000077	  0.000077	  0.999768	  0.000077	
  0.999768	  0.000077	  0.000077	  0.000077	
  0.000077	  0.000077	  0.000077	  0.999768	
  0.000077	  0.999768	  0.000077	  0.000077	
  0.000077	  0.000077	  0.000077	  0.999768	
  0.571845	  0.296937	  0.108830	  0.022388	
  0.131199	  0.243107	  0.403530	  0.222163	

URL http://cisbp.ccbr.utoronto.ca/TFreport.php?versionNumber=2.00&searchTF=T195238_2.00

MOTIF M00051_2.00 (SKUD_145102)_(Saccharomyces_cerevisiae)_(DBD_0.97)

letter-probability matrix: alength= 4 w= 8 nsites= 1 E= 0
  0.270248	  0.432235	  0.000270	  0.297246	
  0.000196	  0.000196	  0.999412	  0.000196	
  0.999424	  0.000192	  0.000192	  0.000192	
  0.000192	  0.000192	  0.000192	  0.999424	
  0.980208	  0.000192	  0.019408	  0.000192	
  0.940635	  0.000196	  0.000196	  0.058973	
  0.022934	  0.113760	  0.840372	  0.022934	
  0.344697	  0.241391	  0.241391	  0.172521	

URL http://cisbp.ccbr.utoronto.ca/TFreport.php?versionNumber=2.00&searchTF=T195236_2.00

MOTIF M00052_2.00 (SKUD_160603)_(Saccharomyces_cerevisiae)_(DBD_1.00)

letter-probability matrix: alength= 4 w= 10 nsites= 1 E= 0
  0.275281	  0.242608	  0.224974	  0.257137	
  0.241344	  0.282465	  0.204031	  0.272159	
  0.196189	  0.245027	  0.396334	  0.162450	
  0.410715	  0.155415	  0.184636	  0.249234	
  0.106170	  0.067699	  0.065591	  0.760540	
  0.760540	  0.065591	  0.067699	  0.106170	
  0.249234	  0.184636	  0.155415	  0.410715	
  0.162450	  0.396334	  0.245027	  0.196189	
  0.272159	  0.204031	  0.282465	  0.241344	
  0.257137	  0.224974	  0.242608	  0.275281	

URL http://cisbp.ccbr.utoronto.ca/TFreport.php?versionNumber=2.00&searchTF=T195239_2.00

MOTIF M00053_2.00 (SKUD_202512)_(Saccharomyces_cerevisiae)_(DBD_0.97)

letter-probability matrix: alength= 4 w= 10 nsites= 1 E= 0
  0.188587	  0.204294	  0.383585	  0.223533	
  0.179356	  0.110983	  0.202224	  0.507438	
  0.929359	  0.000456	  0.046270	  0.023915	
  0.072597	  0.048663	  0.832910	  0.045829	
  0.673580	  0.000290	  0.001526	  0.324604	
  0.017919	  0.009544	  0.003919	  0.968618	
  0.088745	  0.611412	  0.106247	  0.193595	
  0.131978	  0.321383	  0.158006	  0.388633	
  0.299614	  0.242863	  0.308739	  0.148784	
  0.298260	  0.199930	  0.234619	  0.267191	

URL http://cisbp.ccbr.utoronto.ca/TFreport.php?versionNumber=2.00&searchTF=T195242_2.00

MOTIF M00054_2.00 (SKUD_150104)_(Saccharomyces_cerevisiae)_(DBD_0.97)

letter-probability matrix: alength= 4 w= 8 nsites= 1 E= 0
  0.595074	  0.023917	  0.214303	  0.166706	
  0.853240	  0.034557	  0.112117	  0.000086	
  0.000071	  0.000071	  0.999786	  0.000071	
  0.999786	  0.000071	  0.000071	  0.000071	
  0.000071	  0.000071	  0.000071	  0.999786	
  0.000071	  0.985504	  0.000071	  0.014353	
  0.036441	  0.263631	  0.072792	  0.627136	
  0.279056	  0.244189	  0.441771	  0.034984	

URL http://cisbp.ccbr.utoronto.ca/TFreport.php?versionNumber=2.00&searchTF=T195237_2.00

MOTIF M00056_2.00 (SKUD_173302)_(Saccharomyces_cerevisiae)_(DBD_0.96)

letter-probability matrix: alength= 4 w= 8 nsites= 1 E= 0
  0.070923	  0.070923	  0.007950	  0.850205	
  0.866502	  0.013396	  0.013396	  0.106705	
  0.873260	  0.012718	  0.019046	  0.094976	
  0.000062	  0.000062	  0.000062	  0.999814	
  0.751428	  0.031110	  0.018691	  0.198770	
  0.635123	  0.050365	  0.006351	  0.308161	
  0.669102	  0.061596	  0.030837	  0.238465	
  0.206916	  0.057560	  0.057560	  0.677964	

URL http://cisbp.ccbr.utoronto.ca/TFreport.php?versionNumber=2.00&searchTF=T223337_2.00

MOTIF M00057_2.00 (SKUD_191904)_(Saccharomyces_cerevisiae)_(DBD_0.89)

letter-probability matrix: alength= 4 w= 10 nsites= 1 E= 0
  0.245815	  0.225257	  0.203376	  0.325553	
  0.194420	  0.262562	  0.257546	  0.285473	
  0.430172	  0.136541	  0.136692	  0.296595	
  0.085866	  0.677481	  0.136832	  0.099821	
  0.533490	  0.020328	  0.395325	  0.050857	
  0.050857	  0.395325	  0.020328	  0.533490	
  0.099821	  0.136832	  0.677481	  0.085866	
  0.296595	  0.136692	  0.136541	  0.430172	
  0.285473	  0.257546	  0.262562	  0.194420	
  0.325553	  0.203376	  0.225257	  0.245815	

URL http://cisbp.ccbr.utoronto.ca/TFreport.php?versionNumber=2.00&searchTF=T223339_2.00

MOTIF M00058_2.00 (SKUD_123402)_(Saccharomyces_cerevisiae)_(DBD_0.72)

letter-probability matrix: alength= 4 w= 8 nsites= 1 E= 0
  0.565080	  0.141352	  0.108757	  0.184811	
  0.061126	  0.068758	  0.015339	  0.854777	
  0.248276	  0.096594	  0.000069	  0.655061	
  0.894567	  0.000066	  0.000066	  0.105301	
  0.966917	  0.000066	  0.000066	  0.032952	
  0.078992	  0.006643	  0.013220	  0.901144	
  0.048001	  0.000068	  0.034306	  0.917625	
  0.654724	  0.008935	  0.177017	  0.159324	

URL http://cisbp.ccbr.utoronto.ca/TFreport.php?versionNumber=2.00&searchTF=T223336_2.00

MOTIF M00060_2.00 (SKUD_205711)_(Saccharomyces_cerevisiae)_(DBD_0.97)

letter-probability matrix: alength= 4 w= 9 nsites= 1 E= 0
  0.320154	  0.181055	  0.206191	  0.292599	
  0.231700	  0.238756	  0.197442	  0.332102	
  0.223589	  0.242212	  0.287095	  0.247105	
  0.161512	  0.025143	  0.029212	  0.784133	
  0.138264	  0.051376	  0.075881	  0.734480	
  0.092315	  0.709959	  0.122145	  0.075581	
  0.148989	  0.381409	  0.144586	  0.325016	
  0.473500	  0.149928	  0.202381	  0.174191	
  0.182247	  0.285820	  0.153755	  0.378177	

URL http://cisbp.ccbr.utoronto.ca/TFreport.php?versionNumber=2.00&searchTF=T242090_2.00

MOTIF M00061_2.00 (SKUD_191302)_(Saccharomyces_cerevisiae)_(DBD_1.00)

letter-probability matrix: alength= 4 w= 8 nsites= 1 E= 0
  0.726984	  0.045578	  0.075863	  0.151575	
  0.056906	  0.193208	  0.068264	  0.681622	
  0.064288	  0.064288	  0.871332	  0.000092	
  0.000090	  0.000090	  0.999730	  0.000090	
  0.000090	  0.972713	  0.027107	  0.000090	
  0.000090	  0.963707	  0.009096	  0.027107	
  0.586810	  0.119622	  0.293459	  0.000109	
  0.142918	  0.057253	  0.742576	  0.057253	

URL http://cisbp.ccbr.utoronto.ca/TFreport.php?versionNumber=2.00&searchTF=T242088_2.00

MOTIF M00063_2.00 (SKUD_123301)_(Saccharomyces_cerevisiae)_(DBD_0.99)

letter-probability matrix: alength= 4 w= 8 nsites= 1 E= 0
  0.222345	  0.111726	  0.664823	  0.001106	
  0.000712	  0.000712	  0.000712	  0.997863	
  0.000665	  0.000665	  0.000665	  0.998005	
  0.998005	  0.000665	  0.000665	  0.000665	
  0.000665	  0.998005	  0.000665	  0.000665	
  0.000665	  0.998005	  0.000665	  0.000665	
  0.000665	  0.998005	  0.000665	  0.000665	
  0.000996	  0.000996	  0.797809	  0.200199	

URL http://cisbp.ccbr.utoronto.ca/TFreport.php?versionNumber=2.00&searchTF=T279942_2.00

MOTIF M00065_2.00 (SKUD_201904)_(Saccharomyces_cerevisiae)_(DBD_1.00)

letter-probability matrix: alength= 4 w= 8 nsites= 1 E= 0
  0.801853	  0.010516	  0.052166	  0.135464	
  0.532694	  0.016470	  0.450754	  0.000082	
  0.015339	  0.984509	  0.000076	  0.000076	
  0.000076	  0.999773	  0.000076	  0.000076	
  0.000076	  0.999773	  0.000076	  0.000076	
  0.000076	  0.007649	  0.000076	  0.992199	
  0.702791	  0.099070	  0.188143	  0.009996	
  0.414192	  0.128641	  0.314249	  0.142918	

URL http://cisbp.ccbr.utoronto.ca/TFreport.php?versionNumber=2.00&searchTF=T279945_2.00

MOTIF M00068_2.00 (SKUD_167206)_(Saccharomyces_cerevisiae)_(DBD_0.98)

letter-probability matrix: alength= 4 w= 8 nsites= 1 E= 0
  0.009615	  0.009615	  0.009615	  0.971154	
  0.009615	  0.971154	  0.009615	  0.009615	
  0.009615	  0.971154	  0.009615	  0.009615	
  0.009615	  0.971154	  0.009615	  0.009615	
  0.009615	  0.971154	  0.009615	  0.009615	
  0.009615	  0.009615	  0.971154	  0.009615	
  0.009615	  0.009615	  0.971154	  0.009615	
  0.009615	  0.971154	  0.009615	  0.009615	

URL http://cisbp.ccbr.utoronto.ca/TFreport.php?versionNumber=2.00&searchTF=T332593_2.00

MOTIF M00069_2.00 (SKUD_152802)_(Saccharomyces_cerevisiae)_(DBD_0.87)

letter-probability matrix: alength= 4 w= 11 nsites= 1 E= 0
  0.228158	  0.315525	  0.228158	  0.228158	
  0.150577	  0.237944	  0.368683	  0.242797	
  0.022849	  0.748533	  0.118402	  0.110216	
  0.087556	  0.095743	  0.000189	  0.816512	
  0.000189	  0.803412	  0.196210	  0.000189	
  0.000189	  0.000189	  0.000189	  0.999433	
  0.999433	  0.000189	  0.000189	  0.000189	
  0.000189	  0.091072	  0.908550	  0.000189	
  0.933908	  0.022031	  0.022031	  0.022031	
  0.099612	  0.480113	  0.320662	  0.099612	
  0.227340	  0.227340	  0.227340	  0.317979	

URL http://cisbp.ccbr.utoronto.ca/TFreport.php?versionNumber=2.00&searchTF=T332592_2.00

MOTIF M00075_2.00 (SKUD_167503)_(Saccharomyces_cerevisiae)_(DBD_0.75)

letter-probability matrix: alength= 4 w= 10 nsites= 1 E= 0
  0.249373	  0.317016	  0.218974	  0.214638	
  0.217100	  0.383891	  0.170777	  0.228231	
  0.137351	  0.068892	  0.653630	  0.140126	
  0.137582	  0.099905	  0.610463	  0.152051	
  0.836716	  0.047918	  0.049377	  0.065989	
  0.485484	  0.069766	  0.112747	  0.332004	
  0.334382	  0.255260	  0.181687	  0.228671	
  0.735518	  0.020299	  0.076752	  0.167432	
  0.545551	  0.060449	  0.076081	  0.317919	
  0.217962	  0.282681	  0.085998	  0.413360	

URL http://cisbp.ccbr.utoronto.ca/TFreport.php?versionNumber=2.00&searchTF=T383876_2.00

MOTIF M00076_2.00 (SKUD_205109)_(Saccharomyces_cerevisiae)_(DBD_0.93)

letter-probability matrix: alength= 4 w= 9 nsites= 1 E= 0
  0.253963	  0.259094	  0.225245	  0.261698	
  0.322965	  0.140829	  0.379003	  0.157204	
  0.030808	  0.923123	  0.000109	  0.045960	
  0.000026	  0.018342	  0.981627	  0.000004	
  0.001146	  0.000010	  0.998769	  0.000074	
  0.545564	  0.164321	  0.148683	  0.141432	
  0.299055	  0.200463	  0.153029	  0.347453	
  0.235032	  0.391397	  0.219143	  0.154427	
  0.258789	  0.349329	  0.207683	  0.184199	

URL http://cisbp.ccbr.utoronto.ca/TFreport.php?versionNumber=2.00&searchTF=T383901_2.00

MOTIF M00077_2.00 (SKUD_138701)_(Saccharomyces_cerevisiae)_(DBD_1.00)

letter-probability matrix: alength= 4 w= 8 nsites= 1 E= 0
  0.395540	  0.131920	  0.219793	  0.252746	
  0.141823	  0.455163	  0.044837	  0.358177	
  0.000060	  0.969887	  0.024006	  0.006046	
  0.000060	  0.006046	  0.993834	  0.000060	
  0.024006	  0.006046	  0.969887	  0.000060	
  0.993834	  0.000060	  0.006046	  0.000060	
  0.856098	  0.000062	  0.137528	  0.006311	
  0.100050	  0.491586	  0.116711	  0.291653	

URL http://cisbp.ccbr.utoronto.ca/TFreport.php?versionNumber=2.00&searchTF=T383869_2.00

MOTIF M00079_2.00 (SKUD_160102)_(Saccharomyces_cerevisiae)_(DBD_0.90)

letter-probability matrix: alength= 4 w= 9 nsites= 1 E= 0
  0.023348	  0.002076	  0.953867	  0.020708	
  0.000667	  0.997748	  0.000007	  0.001577	
  0.007562	  0.005715	  0.985448	  0.001275	
  0.071486	  0.225766	  0.698893	  0.003855	
  0.203996	  0.275366	  0.375440	  0.145198	
  0.437995	  0.142909	  0.176304	  0.242793	
  0.311612	  0.172735	  0.164311	  0.351342	
  0.269594	  0.220725	  0.163517	  0.346165	
  0.244055	  0.239222	  0.218633	  0.298090	

URL http://cisbp.ccbr.utoronto.ca/TFreport.php?versionNumber=2.00&searchTF=T383873_2.00

MOTIF M00080_2.00 (SKUD_203807)_(Saccharomyces_cerevisiae)_(DBD_1.00)

letter-probability matrix: alength= 4 w= 10 nsites= 1 E= 0
  0.225034	  0.439771	  0.163408	  0.171787	
  0.250204	  0.265676	  0.318072	  0.166048	
  0.214050	  0.329049	  0.231877	  0.225024	
  0.166692	  0.356434	  0.329030	  0.147843	
  0.047763	  0.117477	  0.703623	  0.131137	
  0.147147	  0.183357	  0.545353	  0.124143	
  0.618210	  0.001694	  0.184349	  0.195748	
  0.608531	  0.003565	  0.085717	  0.302188	
  0.280079	  0.141893	  0.111617	  0.466412	
  0.228694	  0.171124	  0.148768	  0.451414	

URL http://cisbp.ccbr.utoronto.ca/TFreport.php?versionNumber=2.00&searchTF=T383897_2.00

MOTIF M00082_2.00 (SKUD_196709)_(Saccharomyces_cerevisiae)_(DBD_1.00)

letter-probability matrix: alength= 4 w= 8 nsites= 1 E= 0
  0.125312	  0.062968	  0.748753	  0.062968	
  0.000434	  0.868490	  0.130642	  0.000434	
  0.000434	  0.130642	  0.868490	  0.000434	
  0.000434	  0.998698	  0.000434	  0.000434	
  0.000434	  0.000434	  0.998698	  0.000434	
  0.000434	  0.911892	  0.087240	  0.000434	
  0.000434	  0.087240	  0.868490	  0.043837	
  0.055987	  0.111419	  0.721175	  0.111419	

URL http://cisbp.ccbr.utoronto.ca/TFreport.php?versionNumber=2.00&searchTF=T383891_2.00

MOTIF M00087_2.00 (SKUD_204609)_(Saccharomyces_cerevisiae)_(DBD_0.97)

letter-probability matrix: alength= 4 w= 10 nsites= 1 E= 0
  0.289667	  0.142413	  0.346794	  0.221126	
  0.056259	  0.845530	  0.038473	  0.059738	
  0.074021	  0.016682	  0.824151	  0.085145	
  0.073916	  0.030659	  0.822973	  0.072452	
  0.227689	  0.186416	  0.239362	  0.346533	
  0.182009	  0.231379	  0.447670	  0.138942	
  0.269394	  0.243757	  0.060110	  0.426739	
  0.123517	  0.119867	  0.132473	  0.624143	
  0.598950	  0.032956	  0.079454	  0.288640	
  0.277201	  0.171527	  0.195340	  0.355933	

URL http://cisbp.ccbr.utoronto.ca/TFreport.php?versionNumber=2.00&searchTF=T383899_2.00

MOTIF M00089_2.00 (SKUD_164001)_(Saccharomyces_cerevisiae)_(DBD_0.97)

letter-probability matrix: alength= 4 w= 10 nsites= 1 E= 0
  0.260307	  0.183436	  0.215264	  0.340993	
  0.329644	  0.188296	  0.165342	  0.316719	
  0.250205	  0.206909	  0.194860	  0.348027	
  0.242798	  0.257812	  0.144349	  0.355040	
  0.183079	  0.287125	  0.149892	  0.379904	
  0.132973	  0.419954	  0.126488	  0.320585	
  0.007952	  0.928391	  0.021834	  0.041823	
  0.015490	  0.428464	  0.544685	  0.011361	
  0.037321	  0.125155	  0.705953	  0.131571	
  0.451555	  0.171177	  0.200878	  0.176390	

URL http://cisbp.ccbr.utoronto.ca/TFreport.php?versionNumber=2.00&searchTF=T383874_2.00

MOTIF M00093_2.00 (SKUD_177502)_(Saccharomyces_cerevisiae)_(DBD_0.80)

letter-probability matrix: alength= 4 w= 11 nsites= 1 E= 0
  0.225391	  0.225391	  0.225391	  0.323828	
  0.283898	  0.375413	  0.170344	  0.170344	
  0.614247	  0.194209	  0.095772	  0.095772	
  0.627767	  0.184310	  0.187811	  0.000112	
  0.000112	  0.911387	  0.088390	  0.000112	
  0.000112	  0.000112	  0.999665	  0.000112	
  0.000112	  0.000112	  0.999665	  0.000112	
  0.911387	  0.000112	  0.088390	  0.000112	
  0.648376	  0.024721	  0.302182	  0.024721	
  0.562435	  0.079767	  0.079767	  0.278030	
  0.154340	  0.154340	  0.154340	  0.536980	

URL http://cisbp.ccbr.utoronto.ca/TFreport.php?versionNumber=2.00&searchTF=T383878_2.00

MOTIF M00095_2.00 (SKUD_176303)_(Saccharomyces_cerevisiae)_(DBD_0.90)

letter-probability matrix: alength= 4 w= 10 nsites= 1 E= 0
  0.226602	  0.320195	  0.226602	  0.226602	
  0.185721	  0.101267	  0.611746	  0.101267	
  0.000150	  0.000150	  0.999550	  0.000150	
  0.000150	  0.999550	  0.000150	  0.000150	
  0.000150	  0.000150	  0.999550	  0.000150	
  0.000150	  0.000150	  0.999550	  0.000150	
  0.707660	  0.000150	  0.292040	  0.000150	
  0.187144	  0.000150	  0.812556	  0.000150	
  0.758174	  0.023548	  0.023548	  0.194729	
  0.350365	  0.148884	  0.148884	  0.351868	

URL http://cisbp.ccbr.utoronto.ca/TFreport.php?versionNumber=2.00&searchTF=T383877_2.00

MOTIF M00100_2.00 (SKUD_205412)_(Saccharomyces_cerevisiae)_(DBD_0.92)

letter-probability matrix: alength= 4 w= 10 nsites= 1 E= 0
  0.206969	  0.334477	  0.176367	  0.282187	
  0.187643	  0.107184	  0.118456	  0.586717	
  0.027519	  0.939049	  0.030413	  0.003019	
  0.013028	  0.111843	  0.860143	  0.014986	
  0.031911	  0.019355	  0.918682	  0.030052	
  0.571469	  0.120086	  0.208140	  0.100305	
  0.552820	  0.051164	  0.080241	  0.315776	
  0.380463	  0.217324	  0.187052	  0.215161	
  0.313842	  0.218960	  0.177486	  0.289713	
  0.317369	  0.192494	  0.175926	  0.314211	

URL http://cisbp.ccbr.utoronto.ca/TFreport.php?versionNumber=2.00&searchTF=T383902_2.00

MOTIF M00102_2.00 (SKUD_207003)_(Saccharomyces_cerevisiae)_(DBD_1.00)

letter-probability matrix: alength= 4 w= 9 nsites= 1 E= 0
  0.230826	  0.235489	  0.240247	  0.293438	
  0.234897	  0.237257	  0.278424	  0.249422	
  0.263068	  0.265712	  0.202839	  0.268382	
  0.094644	  0.692371	  0.066031	  0.146954	
  0.000084	  0.999903	  0.000001	  0.000012	
  0.000730	  0.068439	  0.930712	  0.000118	
  0.001227	  0.000063	  0.986717	  0.011994	
  0.700294	  0.116921	  0.159413	  0.023371	
  0.335031	  0.152052	  0.297146	  0.215772	

URL http://cisbp.ccbr.utoronto.ca/TFreport.php?versionNumber=2.00&searchTF=T383903_2.00

MOTIF M00103_2.00 (SKUD_194308)_(Saccharomyces_cerevisiae)_(DBD_0.84)

letter-probability matrix: alength= 4 w= 10 nsites= 1 E= 0
  0.238726	  0.253488	  0.224824	  0.282963	
  0.151412	  0.181273	  0.179469	  0.487847	
  0.059051	  0.878666	  0.014417	  0.047866	
  0.044985	  0.042792	  0.868128	  0.044095	
  0.049532	  0.034557	  0.882375	  0.033536	
  0.545173	  0.159350	  0.190777	  0.104700	
  0.288829	  0.152297	  0.378355	  0.180519	
  0.488406	  0.099598	  0.138538	  0.273458	
  0.338430	  0.090407	  0.061210	  0.509953	
  0.292598	  0.190338	  0.200097	  0.316968	

URL http://cisbp.ccbr.utoronto.ca/TFreport.php?versionNumber=2.00&searchTF=T383888_2.00

MOTIF M00105_2.00 (SKUD_130002)_(Saccharomyces_cerevisiae)_(DBD_0.97)

letter-probability matrix: alength= 4 w= 10 nsites= 1 E= 0
  0.347483	  0.154581	  0.358066	  0.139870	
  0.089483	  0.738076	  0.030693	  0.141747	
  0.029176	  0.033898	  0.919053	  0.017874	
  0.026001	  0.095405	  0.827271	  0.051323	
  0.525030	  0.133414	  0.253017	  0.088540	
  0.311895	  0.156439	  0.271149	  0.260517	
  0.460423	  0.133239	  0.161120	  0.245218	
  0.217265	  0.116876	  0.075273	  0.590586	
  0.427226	  0.131278	  0.163582	  0.277914	
  0.396777	  0.201014	  0.207136	  0.195073	

URL http://cisbp.ccbr.utoronto.ca/TFreport.php?versionNumber=2.00&searchTF=T383868_2.00

MOTIF M00106_2.00 (SKUD_205008)_(Saccharomyces_cerevisiae)_(DBD_0.80)

letter-probability matrix: alength= 4 w= 8 nsites= 1 E= 0
  0.571062	  0.085902	  0.314212	  0.028824	
  0.000159	  0.983661	  0.000159	  0.016022	
  0.000147	  0.000147	  0.999559	  0.000147	
  0.000145	  0.000145	  0.999565	  0.000145	
  0.854722	  0.043598	  0.101535	  0.000145	
  0.463644	  0.058082	  0.159473	  0.318801	
  0.775805	  0.000149	  0.000149	  0.223896	
  0.086320	  0.034631	  0.000172	  0.878877	

URL http://cisbp.ccbr.utoronto.ca/TFreport.php?versionNumber=2.00&searchTF=T383900_2.00

MOTIF M00107_2.00 (SKUD_200506)_(Saccharomyces_cerevisiae)_(DBD_1.00)

letter-probability matrix: alength= 4 w= 9 nsites= 1 E= 0
  0.007277	  0.014950	  0.816240	  0.161533	
  0.000000	  0.999979	  0.000016	  0.000004	
  0.000000	  0.000000	  0.999999	  0.000000	
  0.000477	  0.160702	  0.828445	  0.010377	
  0.694143	  0.029156	  0.147330	  0.129370	
  0.379601	  0.304637	  0.221212	  0.094549	
  0.528522	  0.027663	  0.096552	  0.347263	
  0.159436	  0.007551	  0.002834	  0.830180	
  0.318234	  0.043068	  0.047124	  0.591574	

URL http://cisbp.ccbr.utoronto.ca/TFreport.php?versionNumber=2.00&searchTF=T383892_2.00

MOTIF M00108_2.00 (SKUD_203606)_(Saccharomyces_cerevisiae)_(DBD_0.74)

letter-probability matrix: alength= 4 w= 7 nsites= 1 E= 0
  0.140538	  0.118567	  0.558626	  0.182268	
  0.066216	  0.790708	  0.093031	  0.050045	
  0.020225	  0.000288	  0.979377	  0.000109	
  0.024064	  0.000121	  0.963624	  0.012191	
  0.700705	  0.039334	  0.208948	  0.051013	
  0.547034	  0.033599	  0.074033	  0.345334	
  0.403174	  0.200210	  0.192360	  0.204255	

URL http://cisbp.ccbr.utoronto.ca/TFreport.php?versionNumber=2.00&searchTF=T383896_2.00

MOTIF M00109_2.00 (SKUD_201909)_(Saccharomyces_cerevisiae)_(DBD_1.00)

letter-probability matrix: alength= 4 w= 9 nsites= 1 E= 0
  0.249803	  0.302074	  0.235255	  0.212868	
  0.152203	  0.098024	  0.144780	  0.604992	
  0.003669	  0.982284	  0.000852	  0.013196	
  0.000071	  0.060724	  0.931069	  0.008136	
  0.001990	  0.042865	  0.923390	  0.031755	
  0.351497	  0.070260	  0.474471	  0.103772	
  0.292343	  0.223169	  0.286555	  0.197933	
  0.295807	  0.228083	  0.208452	  0.267658	
  0.273596	  0.213077	  0.210957	  0.302370	

URL http://cisbp.ccbr.utoronto.ca/TFreport.php?versionNumber=2.00&searchTF=T383894_2.00

MOTIF M00110_2.00 (SKUD_144802)_(Saccharomyces_cerevisiae)_(DBD_0.84)

letter-probability matrix: alength= 4 w= 10 nsites= 1 E= 0
  0.228895	  0.243049	  0.231195	  0.296861	
  0.115767	  0.736255	  0.054140	  0.093839	
  0.017566	  0.023011	  0.921483	  0.037939	
  0.039025	  0.158255	  0.753109	  0.049611	
  0.410337	  0.107445	  0.349666	  0.132552	
  0.257478	  0.137131	  0.420285	  0.185107	
  0.560848	  0.092708	  0.099430	  0.247015	
  0.694750	  0.018607	  0.038612	  0.248031	
  0.581595	  0.026200	  0.032323	  0.359881	
  0.174175	  0.267751	  0.060344	  0.497730	

URL http://cisbp.ccbr.utoronto.ca/TFreport.php?versionNumber=2.00&searchTF=T383872_2.00

MOTIF M00374_2.00 (SKUD_191104)_(Saccharomyces_cerevisiae)_(DBD_0.98)

letter-probability matrix: alength= 4 w= 9 nsites= 1 E= 0
  0.257435	  0.219372	  0.232937	  0.290257	
  0.045210	  0.926409	  0.014899	  0.013481	
  0.879634	  0.054571	  0.026563	  0.039233	
  0.000141	  0.888258	  0.017980	  0.093622	
  0.044348	  0.035948	  0.917879	  0.001826	
  0.001022	  0.000200	  0.014186	  0.984592	
  0.000063	  0.000834	  0.990618	  0.008485	
  0.671023	  0.158984	  0.047409	  0.122585	
  0.084086	  0.551056	  0.030626	  0.334232	

URL http://cisbp.ccbr.utoronto.ca/TFreport.php?versionNumber=2.00&searchTF=T044878_2.00

MOTIF M00907_2.00 (SKUD_195304)_(Saccharomyces_cerevisiae)_(DBD_0.89)

letter-probability matrix: alength= 4 w= 10 nsites= 1 E= 0
  0.252983	  0.243892	  0.249128	  0.253997	
  0.776316	  0.074561	  0.074561	  0.074561	
  0.000062	  0.000062	  0.000062	  0.999813	
  0.000062	  0.000062	  0.809938	  0.189938	
  0.999813	  0.000062	  0.000062	  0.000062	
  0.000062	  0.999813	  0.000062	  0.000062	
  0.000062	  0.000062	  0.999813	  0.000062	
  0.000062	  0.000062	  0.000062	  0.999813	
  0.503179	  0.206688	  0.192610	  0.097523	
  0.473497	  0.175501	  0.175501	  0.175501	

URL http://cisbp.ccbr.utoronto.ca/TFreport.php?versionNumber=2.00&searchTF=T068076_2.00

MOTIF M00910_2.00 (SKUD_206715)_(Saccharomyces_cerevisiae)_(DBD_0.87)

letter-probability matrix: alength= 4 w= 10 nsites= 1 E= 0
  0.361829	  0.177518	  0.283135	  0.177518	
  0.026769	  0.511855	  0.026769	  0.434606	
  0.803460	  0.000095	  0.196351	  0.000095	
  0.000095	  0.999716	  0.000095	  0.000095	
  0.000095	  0.000095	  0.999716	  0.000095	
  0.000095	  0.000095	  0.999716	  0.000095	
  0.000095	  0.999716	  0.000095	  0.000095	
  0.290790	  0.000095	  0.709021	  0.000095	
  0.072577	  0.782270	  0.072577	  0.072577	
  0.223325	  0.223325	  0.330024	  0.223325	

URL http://cisbp.ccbr.utoronto.ca/TFreport.php?versionNumber=2.00&searchTF=T128963_2.00

MOTIF M00913_2.00 (SKUD_189609)_(Saccharomyces_cerevisiae)_(DBD_0.97)

letter-probability matrix: alength= 4 w= 10 nsites= 1 E= 0
  0.382525	  0.144778	  0.231016	  0.241682	
  0.414346	  0.025373	  0.025373	  0.534907	
  0.575214	  0.000064	  0.000064	  0.424659	
  0.000064	  0.000064	  0.000064	  0.999809	
  0.000064	  0.000064	  0.999809	  0.000064	
  0.000064	  0.000064	  0.000064	  0.999809	
  0.000064	  0.999809	  0.000064	  0.000064	
  0.000064	  0.999809	  0.000064	  0.000064	
  0.195117	  0.203473	  0.105286	  0.496124	
  0.325929	  0.224690	  0.224690	  0.224690	

URL http://cisbp.ccbr.utoronto.ca/TFreport.php?versionNumber=2.00&searchTF=T198630_2.00

MOTIF M00914_2.00 (SKUD_192107)_(Saccharomyces_cerevisiae)_(DBD_1.00)

letter-probability matrix: alength= 4 w= 10 nsites= 1 E= 0
  0.334465	  0.090245	  0.535143	  0.040146	
  0.142028	  0.063817	  0.769719	  0.024435	
  0.180207	  0.641689	  0.166352	  0.011753	
  0.251344	  0.038353	  0.214181	  0.496122	
  0.162725	  0.098698	  0.192879	  0.545697	
  0.000078	  0.999742	  0.000074	  0.000106	
  0.019137	  0.602830	  0.185237	  0.192796	
  0.341959	  0.106133	  0.125800	  0.426108	
  0.207638	  0.363506	  0.335558	  0.093298	
  0.236348	  0.046773	  0.048197	  0.668681	

URL http://cisbp.ccbr.utoronto.ca/TFreport.php?versionNumber=2.00&searchTF=T198631_2.00

MOTIF M00915_2.00 (SKUD_178103)_(Saccharomyces_cerevisiae)_(DBD_1.00)

letter-probability matrix: alength= 4 w= 8 nsites= 1 E= 0
  0.322013	  0.187652	  0.155181	  0.335154	
  0.194009	  0.244180	  0.151094	  0.410717	
  0.313990	  0.070765	  0.160671	  0.454574	
  0.677633	  0.074337	  0.116583	  0.131447	
  0.112938	  0.747579	  0.043243	  0.096240	
  0.546914	  0.087732	  0.229131	  0.136223	
  0.200556	  0.361801	  0.103658	  0.333985	
  0.304462	  0.154246	  0.387047	  0.154246	

URL http://cisbp.ccbr.utoronto.ca/TFreport.php?versionNumber=2.00&searchTF=T223338_2.00

MOTIF M00917_2.00 (SKUD_176205)_(Saccharomyces_cerevisiae)_(DBD_0.92)

letter-probability matrix: alength= 4 w= 10 nsites= 1 E= 0
  0.275818	  0.176853	  0.274314	  0.273015	
  0.596140	  0.101012	  0.201837	  0.101012	
  0.000061	  0.000061	  0.000061	  0.999816	
  0.000061	  0.000061	  0.999816	  0.000061	
  0.999816	  0.000061	  0.000061	  0.000061	
  0.000061	  0.999816	  0.000061	  0.000061	
  0.000061	  0.000061	  0.000061	  0.999816	
  0.096323	  0.903555	  0.000061	  0.000061	
  0.684113	  0.169470	  0.073209	  0.073209	
  0.245813	  0.254282	  0.247967	  0.251938	

URL http://cisbp.ccbr.utoronto.ca/TFreport.php?versionNumber=2.00&searchTF=T350437_2.00

MOTIF M00918_2.00 (SKUD_189302)_(Saccharomyces_cerevisiae)_(DBD_0.92)

letter-probability matrix: alength= 4 w= 11 nsites= 1 E= 0
  0.315231	  0.228256	  0.228256	  0.228256	
  0.120748	  0.419293	  0.199859	  0.260100	
  0.019051	  0.863212	  0.019051	  0.098686	
  0.076032	  0.844219	  0.000057	  0.079693	
  0.076032	  0.079693	  0.844219	  0.000057	
  0.000057	  0.999829	  0.000057	  0.000057	
  0.000057	  0.000057	  0.999829	  0.000057	
  0.000057	  0.000057	  0.999829	  0.000057	
  0.718619	  0.021801	  0.237780	  0.021801	
  0.514487	  0.129309	  0.226895	  0.129309	
  0.231006	  0.306981	  0.231006	  0.231006	

URL http://cisbp.ccbr.utoronto.ca/TFreport.php?versionNumber=2.00&searchTF=T383886_2.00

MOTIF M00922_2.00 (SKUD_166402)_(Saccharomyces_cerevisiae)_(DBD_0.77)

letter-probability matrix: alength= 4 w= 9 nsites= 1 E= 0
  0.212991	  0.328753	  0.123435	  0.334821	
  0.000077	  0.999769	  0.000077	  0.000077	
  0.000077	  0.000077	  0.999769	  0.000077	
  0.000077	  0.000077	  0.999769	  0.000077	
  0.999769	  0.000077	  0.000077	  0.000077	
  0.000077	  0.386504	  0.613342	  0.000077	
  0.000077	  0.000077	  0.000077	  0.999769	
  0.000077	  0.000077	  0.000077	  0.999769	
  0.126642	  0.324406	  0.220127	  0.328825	

URL http://cisbp.ccbr.utoronto.ca/TFreport.php?versionNumber=2.00&searchTF=T383875_2.00

MOTIF M01513_2.00 (SKUD_205712)_(Saccharomyces_cerevisiae)_(DBD_0.88)

letter-probability matrix: alength= 4 w= 11 nsites= 1 E= 0
  0.227587	  0.317238	  0.227587	  0.227587	
  0.150463	  0.442329	  0.256746	  0.150463	
  0.024150	  0.024150	  0.927550	  0.024150	
  0.000167	  0.000167	  0.999498	  0.000167	
  0.000167	  0.000167	  0.999498	  0.000167	
  0.000167	  0.000167	  0.177330	  0.822336	
