MEME version 4

ALPHABET= ACGT

strands: + -

Background letter frequencies (from uniform background):
A 0.25000 C 0.25000 G 0.25000 T 0.25000 

MOTIF M00001_2.00 ABF1

letter-probability matrix: alength= 4 w= 8 nsites= 1 E= 0
  0.009615	  0.009615	  0.009615	  0.971154	
  0.009615	  0.009615	  0.009615	  0.971154	
  0.971154	  0.009615	  0.009615	  0.009615	
  0.009615	  0.009615	  0.009615	  0.971154	
  0.009615	  0.971154	  0.009615	  0.009615	
  0.971154	  0.009615	  0.009615	  0.009615	
  0.009615	  0.971154	  0.009615	  0.009615	
  0.009615	  0.009615	  0.009615	  0.971154	

URL http://cisbp.ccbr.utoronto.ca/TFreport.php?versionNumber=2.00&searchTF=T000084_2.00

MOTIF M00002_2.00 AFT2

letter-probability matrix: alength= 4 w= 10 nsites= 1 E= 0
  0.259794	  0.221382	  0.320502	  0.198322	
  0.253449	  0.005448	  0.635977	  0.105126	
  0.040030	  0.017455	  0.788102	  0.154413	
  0.016715	  0.000466	  0.949827	  0.032992	
  0.013129	  0.090454	  0.046751	  0.849665	
  0.040501	  0.028257	  0.863795	  0.067447	
  0.145420	  0.314073	  0.160714	  0.379793	
  0.270268	  0.242116	  0.281298	  0.206317	
  0.286005	  0.201544	  0.253663	  0.258788	
  0.312355	  0.191357	  0.199166	  0.297121	

URL http://cisbp.ccbr.utoronto.ca/TFreport.php?versionNumber=2.00&searchTF=T000263_2.00

MOTIF M00003_2.00 MBP1

letter-probability matrix: alength= 4 w= 8 nsites= 1 E= 0
  0.253967	  0.166693	  0.563393	  0.015947	
  0.759883	  0.000057	  0.108604	  0.131456	
  0.000047	  0.995142	  0.004763	  0.000047	
  0.080221	  0.000047	  0.919685	  0.000047	
  0.000047	  0.971562	  0.000047	  0.028344	
  0.000047	  0.004786	  0.995119	  0.000047	
  0.214697	  0.158213	  0.022650	  0.604440	
  0.467090	  0.029262	  0.270067	  0.233581	

URL http://cisbp.ccbr.utoronto.ca/TFreport.php?versionNumber=2.00&searchTF=T012462_2.00

MOTIF M00004_2.00 SWI4

letter-probability matrix: alength= 4 w= 8 nsites= 1 E= 0
  0.349967	  0.100050	  0.449933	  0.100050	
  0.783819	  0.037090	  0.055604	  0.123488	
  0.000052	  0.999843	  0.000052	  0.000052	
  0.057332	  0.000052	  0.942564	  0.000052	
  0.005259	  0.994637	  0.000052	  0.000052	
  0.005259	  0.026088	  0.968600	  0.000052	
  0.651509	  0.129063	  0.045214	  0.174213	
  0.546119	  0.092490	  0.117692	  0.243700	

URL http://cisbp.ccbr.utoronto.ca/TFreport.php?versionNumber=2.00&searchTF=T012463_2.00

MOTIF M00005_2.00 XBP1

letter-probability matrix: alength= 4 w= 8 nsites= 1 E= 0
  0.139169	  0.130476	  0.278251	  0.452104	
  0.013049	  0.818034	  0.026032	  0.142885	
  0.000050	  0.000050	  0.000050	  0.999851	
  0.000050	  0.999851	  0.000050	  0.000050	
  0.000050	  0.000050	  0.999851	  0.000050	
  0.999851	  0.000050	  0.000050	  0.000050	
  0.626487	  0.057011	  0.278474	  0.038028	
  0.142891	  0.230165	  0.476119	  0.150825	

URL http://cisbp.ccbr.utoronto.ca/TFreport.php?versionNumber=2.00&searchTF=T012464_2.00

MOTIF M00006_2.00 PHD1

letter-probability matrix: alength= 4 w= 8 nsites= 1 E= 0
  0.000587	  0.117958	  0.880869	  0.000587	
  0.368172	  0.578256	  0.053046	  0.000525	
  0.000475	  0.000475	  0.000475	  0.998574	
  0.000475	  0.000475	  0.998574	  0.000475	
  0.000475	  0.998574	  0.000475	  0.000475	
  0.998574	  0.000475	  0.000475	  0.000475	
  0.053046	  0.053046	  0.630777	  0.263130	
  0.000767	  0.154141	  0.844325	  0.000767	

URL http://cisbp.ccbr.utoronto.ca/TFreport.php?versionNumber=2.00&searchTF=T012465_2.00

MOTIF M00007_2.00 SOK2

letter-probability matrix: alength= 4 w= 11 nsites= 1 E= 0
  0.475477	  0.174841	  0.174841	  0.174841	
  0.069272	  0.702024	  0.159432	  0.069272	
  0.328519	  0.621172	  0.025154	  0.025154	
  0.000181	  0.000181	  0.000181	  0.999457	
  0.000181	  0.000181	  0.999457	  0.000181	
  0.000181	  0.999457	  0.000181	  0.000181	
  0.999457	  0.000181	  0.000181	  0.000181	
  0.000181	  0.000181	  0.592518	  0.407120	
  0.165440	  0.075340	  0.683880	  0.075340	
  0.270669	  0.367512	  0.180909	  0.180909	
  0.324920	  0.225027	  0.225027	  0.225027	

URL http://cisbp.ccbr.utoronto.ca/TFreport.php?versionNumber=2.00&searchTF=T012466_2.00

MOTIF M00008_2.00 SUM1

letter-probability matrix: alength= 4 w= 7 nsites= 1 E= 0
  0.282959	  0.248465	  0.245993	  0.222583	
  0.316659	  0.184532	  0.236944	  0.261864	
  0.377778	  0.112652	  0.209413	  0.300157	
  0.616393	  0.068985	  0.111484	  0.203138	
  0.675764	  0.042770	  0.063171	  0.218294	
  0.326032	  0.133887	  0.082023	  0.458058	
  0.321153	  0.137266	  0.112384	  0.429198	

URL http://cisbp.ccbr.utoronto.ca/TFreport.php?versionNumber=2.00&searchTF=T017887_2.00

MOTIF M00009_2.00 PHO4

letter-probability matrix: alength= 4 w= 10 nsites= 1 E= 0
  0.274529	  0.275250	  0.274073	  0.176149	
  0.074001	  0.671519	  0.180479	  0.074001	
  0.000009	  0.999972	  0.000009	  0.000009	
  0.999972	  0.000009	  0.000009	  0.000009	
  0.000009	  0.999972	  0.000009	  0.000009	
  0.000009	  0.000009	  0.999972	  0.000009	
  0.000009	  0.000009	  0.000009	  0.999972	
  0.000009	  0.000009	  0.999972	  0.000009	
  0.073861	  0.577172	  0.177537	  0.171430	
  0.272951	  0.273391	  0.176009	  0.277649	

URL http://cisbp.ccbr.utoronto.ca/TFreport.php?versionNumber=2.00&searchTF=T046366_2.00

MOTIF M00010_2.00 CBF1

letter-probability matrix: alength= 4 w= 11 nsites= 1 E= 0
  0.226939	  0.226939	  0.226939	  0.319184	
  0.282796	  0.109239	  0.400191	  0.207773	
  0.097707	  0.786541	  0.020316	  0.095436	
  0.999390	  0.000203	  0.000203	  0.000203	
  0.000203	  0.924271	  0.000203	  0.075323	
  0.233165	  0.000203	  0.766428	  0.000203	
  0.158045	  0.000203	  0.000203	  0.841548	
  0.158045	  0.000203	  0.766428	  0.075323	
  0.834823	  0.118648	  0.023264	  0.023264	
  0.140964	  0.448177	  0.140964	  0.269895	
  0.229887	  0.229887	  0.229887	  0.310339	

URL http://cisbp.ccbr.utoronto.ca/TFreport.php?versionNumber=2.00&searchTF=T046367_2.00

MOTIF M00011_2.00 TYE7

letter-probability matrix: alength= 4 w= 8 nsites= 1 E= 0
  0.497525	  0.250000	  0.250000	  0.002475	
  0.001420	  0.143466	  0.001420	  0.853693	
  0.001420	  0.995739	  0.001420	  0.001420	
  0.995739	  0.001420	  0.001420	  0.001420	
  0.001420	  0.995739	  0.001420	  0.001420	
  0.001420	  0.001420	  0.995739	  0.001420	
  0.001420	  0.001420	  0.001420	  0.995739	
  0.001420	  0.001420	  0.995739	  0.001420	

URL http://cisbp.ccbr.utoronto.ca/TFreport.php?versionNumber=2.00&searchTF=T046371_2.00

MOTIF M00012_2.00 HAC1

letter-probability matrix: alength= 4 w= 10 nsites= 1 E= 0
  0.353816	  0.157398	  0.244393	  0.244393	
  0.211817	  0.173421	  0.378314	  0.236447	
  0.282621	  0.049606	  0.499749	  0.168024	
  0.471319	  0.430753	  0.001814	  0.096114	
  0.095243	  0.793481	  0.018848	  0.092428	
  0.926944	  0.009993	  0.007256	  0.055807	
  0.080735	  0.863657	  0.033824	  0.021784	
  0.098975	  0.137672	  0.695667	  0.067685	
  0.101851	  0.136117	  0.133421	  0.628611	
  0.318650	  0.182016	  0.277021	  0.222314	

URL http://cisbp.ccbr.utoronto.ca/TFreport.php?versionNumber=2.00&searchTF=T069493_2.00

MOTIF M00013_2.00 YAP3

letter-probability matrix: alength= 4 w= 10 nsites= 1 E= 0
  0.286730	  0.276761	  0.218254	  0.218254	
  0.465755	  0.158579	  0.158579	  0.217086	
  0.000052	  0.000052	  0.000052	  0.999845	
  0.000052	  0.000052	  0.121061	  0.878836	
  0.941338	  0.000052	  0.000052	  0.058559	
  0.000052	  0.999845	  0.000052	  0.000052	
  0.050927	  0.000052	  0.525333	  0.423689	
  0.365182	  0.000052	  0.000052	  0.634715	
  0.904608	  0.031797	  0.031797	  0.031797	
  0.525751	  0.091472	  0.215662	  0.167115	

URL http://cisbp.ccbr.utoronto.ca/TFreport.php?versionNumber=2.00&searchTF=T069494_2.00

MOTIF M00014_2.00 CST6

letter-probability matrix: alength= 4 w= 8 nsites= 1 E= 0
  0.712963	  0.000712	  0.285613	  0.000712	
  0.000475	  0.000475	  0.000475	  0.998574	
  0.048004	  0.000475	  0.808460	  0.143061	
  0.998574	  0.000475	  0.000475	  0.000475	
  0.000475	  0.951046	  0.000475	  0.048004	
  0.095532	  0.000475	  0.903517	  0.000475	
  0.000475	  0.000475	  0.000475	  0.998574	
  0.499288	  0.285613	  0.000712	  0.214387	

URL http://cisbp.ccbr.utoronto.ca/TFreport.php?versionNumber=2.00&searchTF=T069495_2.00

MOTIF M00015_2.00 CIN5

letter-probability matrix: alength= 4 w= 10 nsites= 1 E= 0
  0.116441	  0.076507	  0.663402	  0.143650	
  0.444801	  0.453787	  0.087150	  0.014262	
  0.002919	  0.018567	  0.023840	  0.954674	
  0.050593	  0.018612	  0.155060	  0.775735	
  0.965859	  0.022044	  0.001368	  0.010730	
  0.077309	  0.600531	  0.139465	  0.182694	
  0.347681	  0.110089	  0.433237	  0.108993	
  0.089608	  0.054896	  0.046780	  0.808716	
  0.657744	  0.172227	  0.103422	  0.066607	
  0.760955	  0.072572	  0.077834	  0.088639	

URL http://cisbp.ccbr.utoronto.ca/TFreport.php?versionNumber=2.00&searchTF=T069502_2.00

MOTIF M00016_2.00 REI1

letter-probability matrix: alength= 4 w= 8 nsites= 1 E= 0
  0.250000	  0.201942	  0.384564	  0.163495	
  0.007767	  0.815211	  0.038527	  0.138496	
  0.070473	  0.894185	  0.021191	  0.014151	
  0.000070	  0.999789	  0.000070	  0.000070	
  0.000070	  0.943467	  0.000070	  0.056393	
  0.000070	  0.014151	  0.014151	  0.971628	
  0.027107	  0.009096	  0.711545	  0.252251	
  0.563942	  0.051384	  0.179523	  0.205151	

URL http://cisbp.ccbr.utoronto.ca/TFreport.php?versionNumber=2.00&searchTF=T131823_2.00

MOTIF M00017_2.00 RPN4

letter-probability matrix: alength= 4 w= 10 nsites= 1 E= 0
  0.225748	  0.225748	  0.225748	  0.322756	
  0.233041	  0.194398	  0.197949	  0.374611	
  0.000035	  0.797239	  0.000035	  0.202692	
  0.000035	  0.000035	  0.999896	  0.000035	
  0.000035	  0.999896	  0.000035	  0.000035	
  0.000035	  0.999896	  0.000035	  0.000035	
  0.999896	  0.000035	  0.000035	  0.000035	
  0.000035	  0.999896	  0.000035	  0.000035	
  0.024287	  0.927140	  0.024287	  0.024287	
  0.232055	  0.246285	  0.295020	  0.226640	

URL http://cisbp.ccbr.utoronto.ca/TFreport.php?versionNumber=2.00&searchTF=T131824_2.00

MOTIF M00018_2.00 STP4

letter-probability matrix: alength= 4 w= 9 nsites= 1 E= 0
  0.386467	  0.190004	  0.239140	  0.184389	
  0.365263	  0.151505	  0.323959	  0.159273	
  0.230840	  0.442184	  0.162670	  0.164305	
  0.143801	  0.012916	  0.254279	  0.589004	
  0.038439	  0.698591	  0.225668	  0.037303	
  0.131629	  0.022646	  0.080639	  0.765085	
  0.484548	  0.134722	  0.299830	  0.080900	
  0.185433	  0.119426	  0.504060	  0.191081	
  0.296229	  0.183302	  0.252430	  0.268039	

URL http://cisbp.ccbr.utoronto.ca/TFreport.php?versionNumber=2.00&searchTF=T131825_2.00

MOTIF M00019_2.00 GIS1

letter-probability matrix: alength= 4 w= 10 nsites= 1 E= 0
  0.389881	  0.238851	  0.146327	  0.224942	
  0.032311	  0.884847	  0.004160	  0.078682	
  0.006679	  0.981327	  0.004613	  0.007381	
  0.010411	  0.985249	  0.003264	  0.001076	
  0.000970	  0.779910	  0.004433	  0.214687	
  0.028140	  0.020434	  0.056103	  0.895324	
  0.536179	  0.045808	  0.149078	  0.268935	
  0.492370	  0.112082	  0.141066	  0.254482	
  0.307871	  0.165617	  0.172376	  0.354136	
  0.290046	  0.210617	  0.169024	  0.330313	

URL http://cisbp.ccbr.utoronto.ca/TFreport.php?versionNumber=2.00&searchTF=T131828_2.00

MOTIF M00020_2.00 SWI5

letter-probability matrix: alength= 4 w= 11 nsites= 1 E= 0
  0.319888	  0.226704	  0.226704	  0.226704	
  0.333162	  0.191218	  0.284402	  0.191218	
  0.093566	  0.093566	  0.182389	  0.630479	
  0.000184	  0.000184	  0.999448	  0.000184	
  0.000184	  0.999448	  0.000184	  0.000184	
  0.000184	  0.000184	  0.000184	  0.999448	
  0.000184	  0.000184	  0.999448	  0.000184	
  0.000184	  0.000184	  0.999448	  0.000184	
  0.023480	  0.111479	  0.120419	  0.744622	
  0.264277	  0.324611	  0.058966	  0.352146	
  0.347272	  0.339492	  0.156618	  0.156618	

URL http://cisbp.ccbr.utoronto.ca/TFreport.php?versionNumber=2.00&searchTF=T131829_2.00

MOTIF M00021_2.00 ADR1

letter-probability matrix: alength= 4 w= 10 nsites= 1 E= 0
  0.169817	  0.169817	  0.169817	  0.490550	
  0.860761	  0.046413	  0.046413	  0.046413	
  0.000028	  0.999915	  0.000028	  0.000028	
  0.000028	  0.999915	  0.000028	  0.000028	
  0.000028	  0.999915	  0.000028	  0.000028	
  0.000028	  0.999915	  0.000028	  0.000028	
  0.581637	  0.000028	  0.418307	  0.000028	
  0.200336	  0.799607	  0.000028	  0.000028	
  0.471273	  0.272399	  0.080211	  0.176117	
  0.203615	  0.304059	  0.203615	  0.288711	

URL http://cisbp.ccbr.utoronto.ca/TFreport.php?versionNumber=2.00&searchTF=T131830_2.00

MOTIF M00022_2.00 MET32

letter-probability matrix: alength= 4 w= 10 nsites= 1 E= 0
  0.208911	  0.202737	  0.420696	  0.167655	
  0.330823	  0.213062	  0.412230	  0.043885	
  0.266733	  0.669310	  0.005620	  0.058338	
  0.037457	  0.000855	  0.946909	  0.014779	
  0.000352	  0.998761	  0.000520	  0.000367	
  0.000180	  0.994952	  0.000000	  0.004868	
  0.943601	  0.016440	  0.039240	  0.000719	
  0.001543	  0.986158	  0.000312	  0.011987	
  0.755147	  0.077240	  0.093402	  0.074211	
  0.185591	  0.338169	  0.359080	  0.117161	

URL http://cisbp.ccbr.utoronto.ca/TFreport.php?versionNumber=2.00&searchTF=T131831_2.00

MOTIF M00023_2.00 MIG3

letter-probability matrix: alength= 4 w= 10 nsites= 1 E= 0
  0.318413	  0.227196	  0.227196	  0.227196	
  0.326327	  0.325944	  0.126318	  0.221411	
  0.000058	  0.999826	  0.000058	  0.000058	
  0.000058	  0.999826	  0.000058	  0.000058	
  0.000058	  0.999826	  0.000058	  0.000058	
  0.000058	  0.999826	  0.000058	  0.000058	
  0.093824	  0.000058	  0.906060	  0.000058	
  0.000058	  0.999826	  0.000058	  0.000058	
  0.743851	  0.022862	  0.210425	  0.022862	
  0.219562	  0.332907	  0.123740	  0.323790	

URL http://cisbp.ccbr.utoronto.ca/TFreport.php?versionNumber=2.00&searchTF=T131833_2.00

MOTIF M00024_2.00 COM2

letter-probability matrix: alength= 4 w= 8 nsites= 1 E= 0
  0.236115	  0.437448	  0.229172	  0.097265	
  0.017295	  0.930878	  0.005803	  0.046024	
  0.005371	  0.941342	  0.005371	  0.047915	
  0.000053	  0.962614	  0.000053	  0.037279	
  0.010689	  0.834982	  0.000053	  0.154276	
  0.037279	  0.031961	  0.026643	  0.904116	
  0.568406	  0.027458	  0.205492	  0.198644	
  0.153883	  0.028931	  0.086601	  0.730584	

URL http://cisbp.ccbr.utoronto.ca/TFreport.php?versionNumber=2.00&searchTF=T131834_2.00

MOTIF M00025_2.00 RPH1

letter-probability matrix: alength= 4 w= 11 nsites= 1 E= 0
  0.229229	  0.229229	  0.312312	  0.229229	
  0.184275	  0.267087	  0.184275	  0.364364	
  0.545197	  0.242404	  0.061383	  0.151016	
  0.000016	  0.999952	  0.000016	  0.000016	
  0.000016	  0.999952	  0.000016	  0.000016	
  0.000016	  0.999952	  0.000016	  0.000016	
  0.000016	  0.904225	  0.000016	  0.095743	
  0.000016	  0.000016	  0.000016	  0.999952	
  0.847826	  0.020787	  0.020787	  0.110601	
  0.802776	  0.065741	  0.065741	  0.065741	
  0.310595	  0.188633	  0.188633	  0.312139	

URL http://cisbp.ccbr.utoronto.ca/TFreport.php?versionNumber=2.00&searchTF=T131835_2.00

MOTIF M00026_2.00 MIG1

letter-probability matrix: alength= 4 w= 8 nsites= 1 E= 0
  0.430455	  0.222238	  0.097307	  0.250000	
  0.000095	  0.971154	  0.009615	  0.019136	
  0.009015	  0.981881	  0.000089	  0.009015	
  0.000089	  0.999732	  0.000089	  0.000089	
  0.009015	  0.990807	  0.000089	  0.000089	
  0.333303	  0.081142	  0.585465	  0.000090	
  0.009898	  0.891905	  0.098099	  0.000098	
  0.466551	  0.146722	  0.226679	  0.160048	

URL http://cisbp.ccbr.utoronto.ca/TFreport.php?versionNumber=2.00&searchTF=T131836_2.00

MOTIF M00027_2.00 MIG2

letter-probability matrix: alength= 4 w= 10 nsites= 1 E= 0
  0.167474	  0.260038	  0.210783	  0.361705	
  0.346146	  0.178906	  0.218516	  0.256431	
  0.091631	  0.771067	  0.027599	  0.109703	
  0.009342	  0.816043	  0.017894	  0.156721	
  0.030881	  0.944008	  0.008332	  0.016779	
  0.047525	  0.855134	  0.033827	  0.063514	
  0.384137	  0.057455	  0.503206	  0.055202	
  0.123967	  0.578253	  0.160776	  0.137004	
  0.391340	  0.172358	  0.210519	  0.225783	
  0.232566	  0.323493	  0.148291	  0.295650	

URL http://cisbp.ccbr.utoronto.ca/TFreport.php?versionNumber=2.00&searchTF=T131837_2.00

MOTIF M00028_2.00 FZF1

letter-probability matrix: alength= 4 w= 10 nsites= 1 E= 0
  0.291080	  0.305256	  0.201832	  0.201832	
  0.235307	  0.469986	  0.047515	  0.247192	
  0.000124	  0.999627	  0.000124	  0.000124	
  0.000124	  0.000124	  0.000124	  0.999627	
  0.999627	  0.000124	  0.000124	  0.000124	
  0.000124	  0.000124	  0.000124	  0.999627	
  0.000124	  0.999627	  0.000124	  0.000124	
  0.999627	  0.000124	  0.000124	  0.000124	
  0.469607	  0.142673	  0.048293	  0.339427	
  0.202610	  0.295093	  0.202610	  0.299687	

URL http://cisbp.ccbr.utoronto.ca/TFreport.php?versionNumber=2.00&searchTF=T131838_2.00

MOTIF M00029_2.00 YGR067C

letter-probability matrix: alength= 4 w= 8 nsites= 1 E= 0
  0.142904	  0.582272	  0.109952	  0.164873	
  0.148794	  0.594927	  0.132270	  0.124009	
  0.000077	  0.992079	  0.000077	  0.007767	
  0.045864	  0.931090	  0.007708	  0.015339	
  0.045864	  0.717415	  0.152701	  0.084020	
  0.007708	  0.931090	  0.030601	  0.030601	
  0.473214	  0.145070	  0.236645	  0.145070	
  0.032328	  0.822396	  0.056514	  0.088762	

URL http://cisbp.ccbr.utoronto.ca/TFreport.php?versionNumber=2.00&searchTF=T131840_2.00

MOTIF M00030_2.00 RIM101

letter-probability matrix: alength= 4 w= 10 nsites= 1 E= 0
  0.092857	  0.204600	  0.314523	  0.388020	
  0.005035	  0.978816	  0.001762	  0.014387	
  0.025990	  0.026515	  0.015146	  0.932350	
  0.006645	  0.103952	  0.097899	  0.791503	
  0.004433	  0.009016	  0.952459	  0.034091	
  0.005992	  0.003562	  0.963323	  0.027123	
  0.005587	  0.934839	  0.000407	  0.059168	
  0.350979	  0.115668	  0.424421	  0.108932	
  0.320352	  0.278500	  0.102455	  0.298694	
  0.181145	  0.242088	  0.317126	  0.259641	

URL http://cisbp.ccbr.utoronto.ca/TFreport.php?versionNumber=2.00&searchTF=T131841_2.00

MOTIF M00031_2.00 RSF2

letter-probability matrix: alength= 4 w= 10 nsites= 1 E= 0
  0.175879	  0.175879	  0.175879	  0.472362	
  0.554311	  0.056915	  0.148276	  0.240498	
  0.000127	  0.999618	  0.000127	  0.000127	
  0.000127	  0.999618	  0.000127	  0.000127	
  0.000127	  0.999618	  0.000127	  0.000127	
  0.000127	  0.999618	  0.000127	  0.000127	
  0.090910	  0.000127	  0.619310	  0.289652	
  0.000127	  0.999618	  0.000127	  0.000127	
  0.594478	  0.074248	  0.074248	  0.257026	
  0.193212	  0.420364	  0.193212	  0.193212	

URL http://cisbp.ccbr.utoronto.ca/TFreport.php?versionNumber=2.00&searchTF=T131844_2.00

MOTIF M00032_2.00 MSN4

letter-probability matrix: alength= 4 w= 8 nsites= 1 E= 0
  0.332600	  0.207876	  0.280603	  0.178921	
  0.102119	  0.682756	  0.021459	  0.193666	
  0.019110	  0.765250	  0.000734	  0.214906	
  0.000613	  0.993588	  0.000372	  0.005427	
  0.108375	  0.885013	  0.001778	  0.004834	
  0.033853	  0.268278	  0.124216	  0.573653	
  0.196940	  0.125574	  0.247868	  0.429618	
  0.345353	  0.149092	  0.300235	  0.205319	

URL http://cisbp.ccbr.utoronto.ca/TFreport.php?versionNumber=2.00&searchTF=T131845_2.00

MOTIF M00033_2.00 ACE2

letter-probability matrix: alength= 4 w= 10 nsites= 1 E= 0
  0.267090	  0.261349	  0.291660	  0.179901	
  0.053053	  0.138982	  0.053053	  0.754912	
  0.000045	  0.000045	  0.999864	  0.000045	
  0.000045	  0.999864	  0.000045	  0.000045	
  0.000045	  0.000045	  0.000045	  0.999864	
  0.000045	  0.000045	  0.999864	  0.000045	
  0.000045	  0.124290	  0.875620	  0.000045	
  0.000045	  0.194183	  0.217694	  0.588077	
  0.070144	  0.387840	  0.070144	  0.471872	
  0.321237	  0.284779	  0.196992	  0.196992	

URL http://cisbp.ccbr.utoronto.ca/TFreport.php?versionNumber=2.00&searchTF=T131846_2.00

MOTIF M00034_2.00 STP3

letter-probability matrix: alength= 4 w= 8 nsites= 1 E= 0
  0.173575	  0.426927	  0.205740	  0.193758	
  0.057706	  0.001500	  0.056000	  0.884794	
  0.868196	  0.069160	  0.000688	  0.061956	
  0.037235	  0.043261	  0.886479	  0.033025	
  0.007781	  0.936018	  0.002058	  0.054143	
  0.146017	  0.004972	  0.815438	  0.033573	
  0.066381	  0.605109	  0.171642	  0.156869	
  0.531269	  0.120937	  0.187779	  0.160015	

URL http://cisbp.ccbr.utoronto.ca/TFreport.php?versionNumber=2.00&searchTF=T131847_2.00

MOTIF M00035_2.00 TDA9

letter-probability matrix: alength= 4 w= 10 nsites= 1 E= 0
  0.227468	  0.227468	  0.227468	  0.317597	
  0.363601	  0.253472	  0.147678	  0.235248	
  0.000050	  0.999849	  0.000050	  0.000050	
  0.000050	  0.999849	  0.000050	  0.000050	
  0.000050	  0.999849	  0.000050	  0.000050	
  0.000050	  0.999849	  0.000050	  0.000050	
  0.000050	  0.000050	  0.903088	  0.096811	
  0.000050	  0.999849	  0.000050	  0.000050	
  0.753564	  0.115083	  0.022583	  0.108770	
  0.194633	  0.515652	  0.102372	  0.187343	

URL http://cisbp.ccbr.utoronto.ca/TFreport.php?versionNumber=2.00&searchTF=T131849_2.00

MOTIF M00036_2.00 MSN2

letter-probability matrix: alength= 4 w= 8 nsites= 1 E= 0
  0.164746	  0.211783	  0.129468	  0.494003	
  0.483256	  0.241669	  0.225008	  0.050067	
  0.013049	  0.928395	  0.045508	  0.013049	
  0.000064	  0.999807	  0.000064	  0.000064	
  0.000064	  0.999807	  0.000064	  0.000064	
  0.000064	  0.993357	  0.000064	  0.006514	
  0.000067	  0.181227	  0.033615	  0.785091	
  0.128039	  0.040067	  0.287988	  0.543906	

URL http://cisbp.ccbr.utoronto.ca/TFreport.php?versionNumber=2.00&searchTF=T131850_2.00

MOTIF M00037_2.00 RGM1

letter-probability matrix: alength= 4 w= 8 nsites= 1 E= 0
  0.234576	  0.234576	  0.370311	  0.160538	
  0.009178	  0.718012	  0.100055	  0.172755	
  0.028635	  0.935518	  0.028635	  0.007212	
  0.000071	  0.999786	  0.000071	  0.000071	
  0.000071	  0.935518	  0.000071	  0.064339	
  0.000071	  0.000071	  0.035775	  0.964082	
  0.007950	  0.000079	  0.850205	  0.141766	
  0.510527	  0.032008	  0.308486	  0.148979	

URL http://cisbp.ccbr.utoronto.ca/TFreport.php?versionNumber=2.00&searchTF=T131852_2.00

MOTIF M00038_2.00 CRZ1

letter-probability matrix: alength= 4 w= 12 nsites= 1 E= 0
  0.316184	  0.227939	  0.227939	  0.227939	
  0.197751	  0.197751	  0.406748	  0.197751	
  0.209570	  0.093161	  0.503917	  0.193352	
  0.123545	  0.829749	  0.023353	  0.023353	
  0.100234	  0.000043	  0.000043	  0.899681	
  0.274188	  0.000043	  0.725727	  0.000043	
  0.274188	  0.516730	  0.000043	  0.209039	
  0.000043	  0.100234	  0.899681	  0.000043	
  0.022104	  0.933688	  0.022104	  0.022104	
  0.052292	  0.843124	  0.052292	  0.052292	
  0.250124	  0.254798	  0.156882	  0.338195	
  0.226689	  0.319932	  0.226689	  0.226689	

URL http://cisbp.ccbr.utoronto.ca/TFreport.php?versionNumber=2.00&searchTF=T131853_2.00

MOTIF M00039_2.00 AZF1

letter-probability matrix: alength= 4 w= 10 nsites= 1 E= 0
  0.117694	  0.241794	  0.015304	  0.625209	
  0.191973	  0.168571	  0.171976	  0.467480	
  0.168550	  0.342829	  0.207936	  0.280685	
  0.156636	  0.370157	  0.110380	  0.362827	
  0.222972	  0.234404	  0.209987	  0.332636	
  0.282857	  0.248376	  0.191511	  0.277256	
  0.196315	  0.230378	  0.239780	  0.333526	
  0.236137	  0.243328	  0.182074	  0.338462	
  0.233889	  0.266360	  0.205377	  0.294373	
  0.208504	  0.304893	  0.172425	  0.314178	

URL http://cisbp.ccbr.utoronto.ca/TFreport.php?versionNumber=2.00&searchTF=T131854_2.00

MOTIF M00040_2.00 MET31

letter-probability matrix: alength= 4 w= 10 nsites= 1 E= 0
  0.143100	  0.429896	  0.260745	  0.166259	
  0.220264	  0.328595	  0.125817	  0.325325	
  0.451281	  0.330991	  0.000252	  0.217476	
  0.000050	  0.999050	  0.000490	  0.000409	
  0.714364	  0.206726	  0.000544	  0.078366	
  0.004679	  0.995301	  0.000004	  0.000016	
  0.003757	  0.995905	  0.000017	  0.000321	
  0.124466	  0.185681	  0.001689	  0.688165	
  0.196226	  0.691780	  0.107691	  0.004303	
  0.200729	  0.327653	  0.147224	  0.324393	

URL http://cisbp.ccbr.utoronto.ca/TFreport.php?versionNumber=2.00&searchTF=T131855_2.00

MOTIF M00041_2.00 USV1

letter-probability matrix: alength= 4 w= 8 nsites= 1 E= 0
  0.202728	  0.243247	  0.378309	  0.175716	
  0.020092	  0.719812	  0.070072	  0.190024	
  0.070369	  0.898235	  0.023508	  0.007888	
  0.000078	  0.999766	  0.000078	  0.000078	
  0.000078	  0.960715	  0.000078	  0.039128	
  0.000078	  0.000078	  0.015698	  0.984146	
  0.000085	  0.000085	  0.837406	  0.162423	
  0.511245	  0.022831	  0.295434	  0.170491	

URL http://cisbp.ccbr.utoronto.ca/TFreport.php?versionNumber=2.00&searchTF=T131856_2.00

MOTIF M00042_2.00 CMR3

letter-probability matrix: alength= 4 w= 9 nsites= 1 E= 0
  0.166186	  0.359620	  0.094850	  0.379344	
  0.000013	  0.000013	  0.999961	  0.000013	
  0.000013	  0.079133	  0.000013	  0.920841	
  0.999961	  0.000013	  0.000013	  0.000013	
  0.549961	  0.000013	  0.450013	  0.000013	
  0.999961	  0.000013	  0.000013	  0.000013	
  0.000013	  0.000013	  0.000013	  0.999961	
  0.000013	  0.999961	  0.000013	  0.000013	
  0.338112	  0.351563	  0.155163	  0.155163	

URL http://cisbp.ccbr.utoronto.ca/TFreport.php?versionNumber=2.00&searchTF=T131857_2.00

MOTIF M00043_2.00 YPR022C

letter-probability matrix: alength= 4 w= 9 nsites= 1 E= 0
  0.179233	  0.595073	  0.071428	  0.154267	
  0.020825	  0.850790	  0.038713	  0.089673	
  0.001053	  0.993879	  0.001393	  0.003675	
  0.021050	  0.969635	  0.008473	  0.000841	
  0.881075	  0.019514	  0.098607	  0.000803	
  0.058734	  0.814857	  0.042225	  0.084185	
  0.214813	  0.210559	  0.372325	  0.202303	
  0.215482	  0.355269	  0.158044	  0.271205	
  0.244963	  0.240112	  0.221651	  0.293274	

URL http://cisbp.ccbr.utoronto.ca/TFreport.php?versionNumber=2.00&searchTF=T131859_2.00

MOTIF M00044_2.00 HCM1

letter-probability matrix: alength= 4 w= 9 nsites= 1 E= 0
  0.242573	  0.257573	  0.299257	  0.200598	
  0.388668	  0.112474	  0.408595	  0.090263	
  0.193539	  0.116219	  0.097074	  0.593168	
  0.567331	  0.240073	  0.014746	  0.177850	
  0.726254	  0.177310	  0.022151	  0.074284	
  0.882730	  0.014629	  0.037078	  0.065563	
  0.080166	  0.688212	  0.049605	  0.182017	
  0.871825	  0.040471	  0.036255	  0.051449	
  0.497502	  0.159111	  0.141118	  0.202269	

URL http://cisbp.ccbr.utoronto.ca/TFreport.php?versionNumber=2.00&searchTF=T188837_2.00

MOTIF M00045_2.00 FKH2

letter-probability matrix: alength= 4 w= 8 nsites= 1 E= 0
  0.222345	  0.001106	  0.775442	  0.001106	
  0.001106	  0.001106	  0.001106	  0.996681	
  0.996681	  0.001106	  0.001106	  0.001106	
  0.996681	  0.001106	  0.001106	  0.001106	
  0.996681	  0.001106	  0.001106	  0.001106	
  0.001106	  0.886062	  0.001106	  0.111726	
  0.996681	  0.001106	  0.001106	  0.001106	
  0.597222	  0.200397	  0.001984	  0.200397	

URL http://cisbp.ccbr.utoronto.ca/TFreport.php?versionNumber=2.00&searchTF=T188839_2.00

MOTIF M00046_2.00 FHL1

letter-probability matrix: alength= 4 w= 8 nsites= 1 E= 0
  0.349800	  0.200100	  0.250000	  0.200100	
  0.000312	  0.062734	  0.936642	  0.000312	
  0.999190	  0.000270	  0.000270	  0.000270	
  0.000263	  0.999211	  0.000263	  0.000263	
  0.000263	  0.000263	  0.999211	  0.000263	
  0.000263	  0.999211	  0.000263	  0.000263	
  0.972923	  0.000263	  0.026551	  0.000263	
  0.482438	  0.310262	  0.069215	  0.138085	

URL http://cisbp.ccbr.utoronto.ca/TFreport.php?versionNumber=2.00&searchTF=T188840_2.00

MOTIF M00047_2.00 SRD1

letter-probability matrix: alength= 4 w= 8 nsites= 1 E= 0
  0.693097	  0.026786	  0.266658	  0.013459	
  0.029498	  0.000098	  0.970306	  0.000098	
  0.990640	  0.000091	  0.000091	  0.009178	
  0.109142	  0.000091	  0.018266	  0.872501	
  0.000091	  0.999727	  0.000091	  0.000091	
  0.000098	  0.117699	  0.000098	  0.882105	
  0.643497	  0.229894	  0.080538	  0.046071	
  0.093848	  0.702842	  0.093848	  0.109463	

URL http://cisbp.ccbr.utoronto.ca/TFreport.php?versionNumber=2.00&searchTF=T195736_2.00

MOTIF M00048_2.00 GLN3

letter-probability matrix: alength= 4 w= 8 nsites= 1 E= 0
  0.186841	  0.230778	  0.186841	  0.395540	
  0.422708	  0.252032	  0.000081	  0.325179	
  0.006600	  0.000065	  0.954064	  0.039271	
  0.999804	  0.000065	  0.000065	  0.000065	
  0.000065	  0.000065	  0.000065	  0.999804	
  0.914859	  0.045805	  0.000065	  0.039271	
  0.957547	  0.007111	  0.014151	  0.021191	
  0.084280	  0.336806	  0.526199	  0.052715	

URL http://cisbp.ccbr.utoronto.ca/TFreport.php?versionNumber=2.00&searchTF=T195737_2.00

MOTIF M00049_2.00 GAT1

letter-probability matrix: alength= 4 w= 10 nsites= 1 E= 0
  0.252983	  0.240645	  0.243064	  0.263308	
  0.269403	  0.251189	  0.220568	  0.258839	
  0.252879	  0.285121	  0.209121	  0.252879	
  0.266753	  0.280430	  0.166721	  0.286095	
  0.113406	  0.053569	  0.750675	  0.082350	
  0.849031	  0.039809	  0.035662	  0.075497	
  0.162404	  0.054603	  0.055152	  0.727842	
  0.690436	  0.055552	  0.065846	  0.188166	
  0.445770	  0.151381	  0.208471	  0.194378	
  0.236453	  0.251075	  0.335543	  0.176929	

URL http://cisbp.ccbr.utoronto.ca/TFreport.php?versionNumber=2.00&searchTF=T195738_2.00

MOTIF M00050_2.00 GAT4

letter-probability matrix: alength= 4 w= 10 nsites= 1 E= 0
  0.316933	  0.227689	  0.227689	  0.227689	
  0.208692	  0.209583	  0.297365	  0.284360	
  0.999768	  0.000077	  0.000077	  0.000077	
  0.000077	  0.000077	  0.999768	  0.000077	
  0.999768	  0.000077	  0.000077	  0.000077	
  0.000077	  0.000077	  0.000077	  0.999768	
  0.000077	  0.999768	  0.000077	  0.000077	
  0.000077	  0.000077	  0.000077	  0.999768	
  0.571845	  0.296937	  0.108830	  0.022388	
  0.131199	  0.243107	  0.403530	  0.222163	

URL http://cisbp.ccbr.utoronto.ca/TFreport.php?versionNumber=2.00&searchTF=T195739_2.00

MOTIF M00051_2.00 GZF3

letter-probability matrix: alength= 4 w= 8 nsites= 1 E= 0
  0.270248	  0.432235	  0.000270	  0.297246	
  0.000196	  0.000196	  0.999412	  0.000196	
  0.999424	  0.000192	  0.000192	  0.000192	
  0.000192	  0.000192	  0.000192	  0.999424	
  0.980208	  0.000192	  0.019408	  0.000192	
  0.940635	  0.000196	  0.000196	  0.058973	
  0.022934	  0.113760	  0.840372	  0.022934	
  0.344697	  0.241391	  0.241391	  0.172521	

URL http://cisbp.ccbr.utoronto.ca/TFreport.php?versionNumber=2.00&searchTF=T195740_2.00

MOTIF M00052_2.00 DAL80

letter-probability matrix: alength= 4 w= 10 nsites= 1 E= 0
  0.275281	  0.242608	  0.224974	  0.257137	
  0.241344	  0.282465	  0.204031	  0.272159	
  0.196189	  0.245027	  0.396334	  0.162450	
  0.410715	  0.155415	  0.184636	  0.249234	
  0.106170	  0.067699	  0.065591	  0.760540	
  0.760540	  0.065591	  0.067699	  0.106170	
  0.249234	  0.184636	  0.155415	  0.410715	
  0.162450	  0.396334	  0.245027	  0.196189	
  0.272159	  0.204031	  0.282465	  0.241344	
  0.257137	  0.224974	  0.242608	  0.275281	

URL http://cisbp.ccbr.utoronto.ca/TFreport.php?versionNumber=2.00&searchTF=T195742_2.00

MOTIF M00053_2.00 GAT3

letter-probability matrix: alength= 4 w= 10 nsites= 1 E= 0
  0.188587	  0.204294	  0.383585	  0.223533	
  0.179356	  0.110983	  0.202224	  0.507438	
  0.929359	  0.000456	  0.046270	  0.023915	
  0.072597	  0.048663	  0.832910	  0.045829	
  0.673580	  0.000290	  0.001526	  0.324604	
  0.017919	  0.009544	  0.003919	  0.968618	
  0.088745	  0.611412	  0.106247	  0.193595	
  0.131978	  0.321383	  0.158006	  0.388633	
  0.299614	  0.242863	  0.308739	  0.148784	
  0.298260	  0.199930	  0.234619	  0.267191	

URL http://cisbp.ccbr.utoronto.ca/TFreport.php?versionNumber=2.00&searchTF=T195743_2.00

MOTIF M00054_2.00 ECM23

letter-probability matrix: alength= 4 w= 8 nsites= 1 E= 0
  0.595074	  0.023917	  0.214303	  0.166706	
  0.853240	  0.034557	  0.112117	  0.000086	
  0.000071	  0.000071	  0.999786	  0.000071	
  0.999786	  0.000071	  0.000071	  0.000071	
  0.000071	  0.000071	  0.000071	  0.999786	
  0.000071	  0.985504	  0.000071	  0.014353	
  0.036441	  0.263631	  0.072792	  0.627136	
  0.279056	  0.244189	  0.441771	  0.034984	

URL http://cisbp.ccbr.utoronto.ca/TFreport.php?versionNumber=2.00&searchTF=T195745_2.00

MOTIF M00055_2.00 HMRA2

letter-probability matrix: alength= 4 w= 8 nsites= 1 E= 0
  0.019507	  0.776495	  0.009802	  0.194196	
  0.556299	  0.000075	  0.413485	  0.030141	
  0.006643	  0.039529	  0.000066	  0.953762	
  0.013134	  0.000065	  0.986735	  0.000065	
  0.000065	  0.006600	  0.000065	  0.993270	
  0.840903	  0.006687	  0.006687	  0.145723	
  0.731551	  0.056973	  0.048846	  0.162630	
  0.516734	  0.011343	  0.022574	  0.449349	

URL http://cisbp.ccbr.utoronto.ca/TFreport.php?versionNumber=2.00&searchTF=T224757_2.00

MOTIF M00056_2.00 PHO2

letter-probability matrix: alength= 4 w= 8 nsites= 1 E= 0
  0.070923	  0.070923	  0.007950	  0.850205	
  0.866502	  0.013396	  0.013396	  0.106705	
  0.873260	  0.012718	  0.019046	  0.094976	
  0.000062	  0.000062	  0.000062	  0.999814	
  0.751428	  0.031110	  0.018691	  0.198770	
  0.635123	  0.050365	  0.006351	  0.308161	
  0.669102	  0.061596	  0.030837	  0.238465	
  0.206916	  0.057560	  0.057560	  0.677964	

URL http://cisbp.ccbr.utoronto.ca/TFreport.php?versionNumber=2.00&searchTF=T224759_2.00

MOTIF M00057_2.00 TOS8

letter-probability matrix: alength= 4 w= 10 nsites= 1 E= 0
  0.245815	  0.225257	  0.203376	  0.325553	
  0.194420	  0.262562	  0.257546	  0.285473	
  0.430172	  0.136541	  0.136692	  0.296595	
  0.085866	  0.677481	  0.136832	  0.099821	
  0.533490	  0.020328	  0.395325	  0.050857	
  0.050857	  0.395325	  0.020328	  0.533490	
  0.099821	  0.136832	  0.677481	  0.085866	
  0.296595	  0.136692	  0.136541	  0.430172	
  0.285473	  0.257546	  0.262562	  0.194420	
  0.325553	  0.203376	  0.225257	  0.245815	

URL http://cisbp.ccbr.utoronto.ca/TFreport.php?versionNumber=2.00&searchTF=T224761_2.00

MOTIF M00058_2.00 YOX1

letter-probability matrix: alength= 4 w= 8 nsites= 1 E= 0
  0.565080	  0.141352	  0.108757	  0.184811	
  0.061126	  0.068758	  0.015339	  0.854777	
  0.248276	  0.096594	  0.000069	  0.655061	
  0.894567	  0.000066	  0.000066	  0.105301	
  0.966917	  0.000066	  0.000066	  0.032952	
  0.078992	  0.006643	  0.013220	  0.901144	
  0.048001	  0.000068	  0.034306	  0.917625	
  0.654724	  0.008935	  0.177017	  0.159324	

URL http://cisbp.ccbr.utoronto.ca/TFreport.php?versionNumber=2.00&searchTF=T224762_2.00

MOTIF M00059_2.00 CUP9

letter-probability matrix: alength= 4 w= 8 nsites= 1 E= 0
  0.047715	  0.071514	  0.012018	  0.868753	
  0.000104	  0.041753	  0.958038	  0.000104	
  0.812266	  0.052166	  0.031341	  0.104227	
  0.000104	  0.999688	  0.000104	  0.000104	
  0.895564	  0.041753	  0.062578	  0.000104	
  0.021604	  0.634243	  0.172077	  0.172077	
  0.644529	  0.157943	  0.039584	  0.157943	
  0.352861	  0.058973	  0.019788	  0.568378	

URL http://cisbp.ccbr.utoronto.ca/TFreport.php?versionNumber=2.00&searchTF=T224763_2.00

MOTIF M00060_2.00 HSF1

letter-probability matrix: alength= 4 w= 9 nsites= 1 E= 0
  0.320154	  0.181055	  0.206191	  0.292599	
  0.231700	  0.238756	  0.197442	  0.332102	
  0.223589	  0.242212	  0.287095	  0.247105	
  0.161512	  0.025143	  0.029212	  0.784133	
  0.138264	  0.051376	  0.075881	  0.734480	
  0.092315	  0.709959	  0.122145	  0.075581	
  0.148989	  0.381409	  0.144586	  0.325016	
  0.473500	  0.149928	  0.202381	  0.174191	
  0.182247	  0.285820	  0.153755	  0.378177	

URL http://cisbp.ccbr.utoronto.ca/TFreport.php?versionNumber=2.00&searchTF=T242483_2.00

MOTIF M00061_2.00 SKN7

letter-probability matrix: alength= 4 w= 8 nsites= 1 E= 0
  0.726984	  0.045578	  0.075863	  0.151575	
  0.056906	  0.193208	  0.068264	  0.681622	
  0.064288	  0.064288	  0.871332	  0.000092	
  0.000090	  0.000090	  0.999730	  0.000090	
  0.000090	  0.972713	  0.027107	  0.000090	
  0.000090	  0.963707	  0.009096	  0.027107	
  0.586810	  0.119622	  0.293459	  0.000109	
  0.142918	  0.057253	  0.742576	  0.057253	

URL http://cisbp.ccbr.utoronto.ca/TFreport.php?versionNumber=2.00&searchTF=T242485_2.00

MOTIF M00062_2.00 TOD6

letter-probability matrix: alength= 4 w= 8 nsites= 1 E= 0
  0.185717	  0.362936	  0.312382	  0.138965	
  0.012746	  0.930060	  0.000068	  0.057125	
  0.901983	  0.013391	  0.046740	  0.037887	
  0.036247	  0.083961	  0.106735	  0.773057	
  0.154973	  0.759948	  0.037459	  0.047620	
  0.203523	  0.224927	  0.409844	  0.161706	
  0.190075	  0.332759	  0.310262	  0.166904	
  0.229819	  0.272406	  0.313341	  0.184434	

URL http://cisbp.ccbr.utoronto.ca/TFreport.php?versionNumber=2.00&searchTF=T282176_2.00

MOTIF M00063_2.00 REB1

letter-probability matrix: alength= 4 w= 8 nsites= 1 E= 0
  0.222345	  0.111726	  0.664823	  0.001106	
  0.000712	  0.000712	  0.000712	  0.997863	
  0.000665	  0.000665	  0.000665	  0.998005	
  0.998005	  0.000665	  0.000665	  0.000665	
  0.000665	  0.998005	  0.000665	  0.000665	
  0.000665	  0.998005	  0.000665	  0.000665	
  0.000665	  0.998005	  0.000665	  0.000665	
  0.000996	  0.000996	  0.797809	  0.200199	

URL http://cisbp.ccbr.utoronto.ca/TFreport.php?versionNumber=2.00&searchTF=T282177_2.00

MOTIF M00064_2.00 DOT6

letter-probability matrix: alength= 4 w= 8 nsites= 1 E= 0
  0.123116	  0.453783	  0.361504	  0.061596	
  0.050324	  0.145275	  0.256982	  0.547420	
  0.000045	  0.986415	  0.009012	  0.004528	
  0.995423	  0.004488	  0.000044	  0.000044	
  0.000044	  0.000044	  0.000044	  0.999867	
  0.000045	  0.986476	  0.013435	  0.000045	
  0.088575	  0.041710	  0.760310	  0.109404	
  0.190492	  0.523735	  0.238098	  0.047674	

URL http://cisbp.ccbr.utoronto.ca/TFreport.php?versionNumber=2.00&searchTF=T282181_2.00

MOTIF M00065_2.00 TBF1

letter-probability matrix: alength= 4 w= 8 nsites= 1 E= 0
  0.801853	  0.010516	  0.052166	  0.135464	
  0.532694	  0.016470	  0.450754	  0.000082	
  0.015339	  0.984509	  0.000076	  0.000076	
  0.000076	  0.999773	  0.000076	  0.000076	
  0.000076	  0.999773	  0.000076	  0.000076	
  0.000076	  0.007649	  0.000076	  0.992199	
  0.702791	  0.099070	  0.188143	  0.009996	
  0.414192	  0.128641	  0.314249	  0.142918	

URL http://cisbp.ccbr.utoronto.ca/TFreport.php?versionNumber=2.00&searchTF=T282185_2.00

MOTIF M00066_2.00 RFX1

letter-probability matrix: alength= 4 w= 10 nsites= 1 E= 0
  0.228304	  0.228304	  0.228304	  0.315088	
  0.119950	  0.353086	  0.407015	  0.119950	
  0.000130	  0.000130	  0.999610	  0.000130	
  0.000130	  0.000130	  0.000130	  0.999610	
  0.000130	  0.000130	  0.000130	  0.999610	
  0.086914	  0.000130	  0.912826	  0.000130	
  0.000130	  0.999610	  0.000130	  0.000130	
  0.000130	  0.437251	  0.000130	  0.562489	
  0.934522	  0.021826	  0.021826	  0.021826	
  0.130180	  0.304898	  0.261306	  0.303616	

URL http://cisbp.ccbr.utoronto.ca/TFreport.php?versionNumber=2.00&searchTF=T318857_2.00

MOTIF M00067_2.00 MOT2

letter-probability matrix: alength= 4 w= 7 nsites= 1 E= 0
  0.240877	  0.113782	  0.236107	  0.409234	
  0.388144	  0.070202	  0.330755	  0.210899	
  0.152062	  0.055384	  0.182051	  0.610504	
  0.584877	  0.133140	  0.183351	  0.098633	
  0.124409	  0.137494	  0.233592	  0.504505	
  0.397687	  0.072651	  0.332176	  0.197486	
  0.361798	  0.045654	  0.302199	  0.290350	

URL http://cisbp.ccbr.utoronto.ca/TFreport.php?versionNumber=2.00&searchTF=T319272_2.00

MOTIF M00068_2.00 NHP10

letter-probability matrix: alength= 4 w= 8 nsites= 1 E= 0
  0.009615	  0.009615	  0.009615	  0.971154	
  0.009615	  0.971154	  0.009615	  0.009615	
  0.009615	  0.971154	  0.009615	  0.009615	
  0.009615	  0.971154	  0.009615	  0.009615	
  0.009615	  0.971154	  0.009615	  0.009615	
  0.009615	  0.009615	  0.971154	  0.009615	
  0.009615	  0.009615	  0.971154	  0.009615	
  0.009615	  0.971154	  0.009615	  0.009615	

URL http://cisbp.ccbr.utoronto.ca/TFreport.php?versionNumber=2.00&searchTF=T333321_2.00

MOTIF M00069_2.00 ABF2

letter-probability matrix: alength= 4 w= 11 nsites= 1 E= 0
  0.228158	  0.315525	  0.228158	  0.228158	
  0.150577	  0.237944	  0.368683	  0.242797	
  0.022849	  0.748533	  0.118402	  0.110216	
  0.087556	  0.095743	  0.000189	  0.816512	
  0.000189	  0.803412	  0.196210	  0.000189	
  0.000189	  0.000189	  0.000189	  0.999433	
  0.999433	  0.000189	  0.000189	  0.000189	
  0.000189	  0.091072	  0.908550	  0.000189	
  0.933908	  0.022031	  0.022031	  0.022031	
  0.099612	  0.480113	  0.320662	  0.099612	
  0.227340	  0.227340	  0.227340	  0.317979	

