MEME version 4

ALPHABET= ACGT

strands: + -

Background letter frequencies (from uniform background):
A 0.25000 C 0.25000 G 0.25000 T 0.25000 

MOTIF M00060_2.00 (hsf1)_(Saccharomyces_cerevisiae)_(DBD_0.48)

letter-probability matrix: alength= 4 w= 9 nsites= 1 E= 0
  0.320154	  0.181055	  0.206191	  0.292599	
  0.231700	  0.238756	  0.197442	  0.332102	
  0.223589	  0.242212	  0.287095	  0.247105	
  0.161512	  0.025143	  0.029212	  0.784133	
  0.138264	  0.051376	  0.075881	  0.734480	
  0.092315	  0.709959	  0.122145	  0.075581	
  0.148989	  0.381409	  0.144586	  0.325016	
  0.473500	  0.149928	  0.202381	  0.174191	
  0.182247	  0.285820	  0.153755	  0.378177	

URL http://cisbp.ccbr.utoronto.ca/TFreport.php?versionNumber=2.00&searchTF=T242132_2.00

MOTIF M00061_2.00 (prr1)_(Saccharomyces_cerevisiae)_(DBD_0.62)

letter-probability matrix: alength= 4 w= 8 nsites= 1 E= 0
  0.726984	  0.045578	  0.075863	  0.151575	
  0.056906	  0.193208	  0.068264	  0.681622	
  0.064288	  0.064288	  0.871332	  0.000092	
  0.000090	  0.000090	  0.999730	  0.000090	
  0.000090	  0.972713	  0.027107	  0.000090	
  0.000090	  0.963707	  0.009096	  0.027107	
  0.586810	  0.119622	  0.293459	  0.000109	
  0.142918	  0.057253	  0.742576	  0.057253	

URL http://cisbp.ccbr.utoronto.ca/TFreport.php?versionNumber=2.00&searchTF=T242133_2.00

MOTIF M00066_2.00 (sak1)_(Saccharomyces_cerevisiae)_(DBD_0.53)

letter-probability matrix: alength= 4 w= 10 nsites= 1 E= 0
  0.228304	  0.228304	  0.228304	  0.315088	
  0.119950	  0.353086	  0.407015	  0.119950	
  0.000130	  0.000130	  0.999610	  0.000130	
  0.000130	  0.000130	  0.000130	  0.999610	
  0.000130	  0.000130	  0.000130	  0.999610	
  0.086914	  0.000130	  0.912826	  0.000130	
  0.000130	  0.999610	  0.000130	  0.000130	
  0.000130	  0.437251	  0.000130	  0.562489	
  0.934522	  0.021826	  0.021826	  0.021826	
  0.130180	  0.304898	  0.261306	  0.303616	

URL http://cisbp.ccbr.utoronto.ca/TFreport.php?versionNumber=2.00&searchTF=T318802_2.00

MOTIF M00209_2.00 (mat3-Mc)_(Mus_musculus)_(DBD_0.32)

letter-probability matrix: alength= 4 w= 8 nsites= 1 E= 0
  0.298569	  0.212512	  0.246904	  0.242015	
  0.319250	  0.175208	  0.266660	  0.238883	
  0.357639	  0.192390	  0.237347	  0.212624	
  0.679599	  0.055230	  0.056345	  0.208826	
  0.056853	  0.555835	  0.186881	  0.200431	
  0.931608	  0.011904	  0.000958	  0.055529	
  0.869014	  0.026242	  0.081236	  0.023508	
  0.183811	  0.059974	  0.047177	  0.709038	

URL http://cisbp.ccbr.utoronto.ca/TFreport.php?versionNumber=2.00&searchTF=T332707_2.00

MOTIF M00792_2.00 (mei4)_(Mus_musculus)_(DBD_0.44)

letter-probability matrix: alength= 4 w= 8 nsites= 1 E= 0
  0.314286	  0.057143	  0.600000	  0.028571	
  0.116279	  0.046512	  0.023256	  0.813953	
  0.790698	  0.162791	  0.023256	  0.023256	
  0.860465	  0.046512	  0.023256	  0.069767	
  0.930233	  0.023256	  0.023256	  0.023256	
  0.023256	  0.790698	  0.023256	  0.162791	
  0.928571	  0.023810	  0.023810	  0.023810	
  0.551724	  0.103448	  0.137931	  0.206897	

URL http://cisbp.ccbr.utoronto.ca/TFreport.php?versionNumber=2.00&searchTF=T188581_2.00

MOTIF M00828_2.00 (ste11)_(Mus_musculus)_(DBD_0.35)

letter-probability matrix: alength= 4 w= 9 nsites= 1 E= 0
  0.658504	  0.067355	  0.087354	  0.186787	
  0.062286	  0.124180	  0.062286	  0.751248	
  0.084804	  0.059166	  0.051436	  0.804595	
  0.171769	  0.095216	  0.696557	  0.036458	
  0.147640	  0.063104	  0.050642	  0.738615	
  0.146906	  0.228102	  0.146906	  0.478087	
  0.273135	  0.247143	  0.162384	  0.317338	
  0.241220	  0.229455	  0.222674	  0.306651	
  0.250916	  0.255984	  0.263780	  0.229320	

URL http://cisbp.ccbr.utoronto.ca/TFreport.php?versionNumber=2.00&searchTF=T332711_2.00

MOTIF M01102_2.00 (res2)_(PBM_CONSTRUCTS)_(DBD_0.76)

letter-probability matrix: alength= 4 w= 8 nsites= 1 E= 0
  0.520400	  0.150739	  0.150739	  0.178122	
  0.168349	  0.386085	  0.237629	  0.207937	
  0.828862	  0.000085	  0.162423	  0.008630	
  0.000085	  0.999744	  0.000085	  0.000085	
  0.000085	  0.000085	  0.982656	  0.017174	
  0.008630	  0.957023	  0.000085	  0.034262	
  0.008630	  0.017174	  0.965567	  0.008630	
  0.562344	  0.150050	  0.000125	  0.287481	

URL http://cisbp.ccbr.utoronto.ca/TFreport.php?versionNumber=2.00&searchTF=T012342_2.00

MOTIF M01104_2.00 (orc4)_(Fusarium_graminearum)_(DBD_0.27)

letter-probability matrix: alength= 4 w= 10 nsites= 1 E= 0
  0.275242	  0.208023	  0.170315	  0.346420	
  0.354896	  0.194771	  0.226292	  0.224040	
  0.393688	  0.199449	  0.175135	  0.231727	
  0.446255	  0.101584	  0.226080	  0.226080	
  0.369831	  0.085888	  0.123106	  0.421174	
  0.504457	  0.044857	  0.076975	  0.373711	
  0.796844	  0.000336	  0.000336	  0.202484	
  0.605595	  0.000062	  0.000397	  0.393945	
  0.296896	  0.000116	  0.028887	  0.674102	
  0.306380	  0.261080	  0.107214	  0.325326	

URL http://cisbp.ccbr.utoronto.ca/TFreport.php?versionNumber=2.00&searchTF=T017816_2.00

MOTIF M01116_2.00 (SPAC3F10.12c)_(Neurospora_crassa)_(DBD_0.73)

letter-probability matrix: alength= 4 w= 9 nsites= 1 E= 0
  0.205969	  0.329549	  0.234563	  0.229919	
  0.099121	  0.747209	  0.074914	  0.078755	
  0.515605	  0.238732	  0.140519	  0.105145	
  0.048574	  0.775174	  0.033218	  0.143035	
  0.095708	  0.119260	  0.781571	  0.003460	
  0.013930	  0.001606	  0.036747	  0.947716	
  0.000984	  0.004545	  0.976584	  0.017887	
  0.493454	  0.273535	  0.122907	  0.110104	
  0.129898	  0.406160	  0.186186	  0.277757	

URL http://cisbp.ccbr.utoronto.ca/TFreport.php?versionNumber=2.00&searchTF=T045156_2.00

MOTIF M01147_2.00 (atf1)_(Neurospora_crassa)_(DBD_0.71)

letter-probability matrix: alength= 4 w= 10 nsites= 1 E= 0
  0.256344	  0.201648	  0.261523	  0.280485	
  0.466416	  0.147685	  0.263770	  0.122129	
  0.056276	  0.045162	  0.000477	  0.898085	
  0.076513	  0.037995	  0.643848	  0.241643	
  0.796372	  0.031502	  0.085633	  0.086493	
  0.072044	  0.711432	  0.042832	  0.173691	
  0.178754	  0.047276	  0.689532	  0.084438	
  0.163925	  0.196254	  0.078997	  0.560825	
  0.373050	  0.284779	  0.165954	  0.176216	
  0.318316	  0.178225	  0.258022	  0.245438	

URL http://cisbp.ccbr.utoronto.ca/TFreport.php?versionNumber=2.00&searchTF=T068267_2.00

MOTIF M01149_2.00 (pap1)_(Neurospora_crassa)_(DBD_0.59)

letter-probability matrix: alength= 4 w= 9 nsites= 1 E= 0
  0.149485	  0.147997	  0.521753	  0.180764	
  0.379282	  0.477364	  0.085480	  0.057875	
  0.061907	  0.008050	  0.062529	  0.867514	
  0.009615	  0.034581	  0.392797	  0.563008	
  0.874632	  0.003267	  0.078555	  0.043545	
  0.057918	  0.566249	  0.216813	  0.159021	
  0.259677	  0.177583	  0.232627	  0.330114	
  0.459187	  0.184834	  0.101439	  0.254540	
  0.635165	  0.119568	  0.125698	  0.119568	

URL http://cisbp.ccbr.utoronto.ca/TFreport.php?versionNumber=2.00&searchTF=T068253_2.00

MOTIF M01185_2.00 prz1

letter-probability matrix: alength= 4 w= 10 nsites= 1 E= 0
  0.194856	  0.524404	  0.114693	  0.166046	
  0.161745	  0.209771	  0.102107	  0.526377	
  0.345892	  0.207707	  0.363626	  0.082775	
  0.446751	  0.503711	  0.001978	  0.047560	
  0.000179	  0.000086	  0.999119	  0.000617	
  0.002571	  0.996665	  0.000129	  0.000634	
  0.037392	  0.926550	  0.019915	  0.016143	
  0.372419	  0.237465	  0.079045	  0.311071	
  0.075796	  0.697874	  0.079682	  0.146649	
  0.292458	  0.278194	  0.206092	  0.223256	

URL http://cisbp.ccbr.utoronto.ca/TFreport.php?versionNumber=2.00&searchTF=T129407_2.00

MOTIF M01186_2.00 rst2

letter-probability matrix: alength= 4 w= 10 nsites= 1 E= 0
  0.256395	  0.163485	  0.193779	  0.386341	
  0.391732	  0.188779	  0.204502	  0.214987	
  0.022499	  0.937723	  0.013111	  0.026668	
  0.007099	  0.880037	  0.004015	  0.108849	
  0.000048	  0.996330	  0.002545	  0.001077	
  0.006410	  0.990227	  0.000453	  0.002909	
  0.208754	  0.040494	  0.529089	  0.221663	
  0.056743	  0.896529	  0.002093	  0.044636	
  0.382669	  0.216409	  0.131259	  0.269663	
  0.165510	  0.379566	  0.141038	  0.313886	

URL http://cisbp.ccbr.utoronto.ca/TFreport.php?versionNumber=2.00&searchTF=T129409_2.00

MOTIF M01187_2.00 rsv2

letter-probability matrix: alength= 4 w= 10 nsites= 1 E= 0
  0.222223	  0.120745	  0.465764	  0.191269	
  0.117722	  0.091682	  0.733865	  0.056731	
  0.160122	  0.100077	  0.258769	  0.481033	
  0.000198	  0.002439	  0.993832	  0.003531	
  0.003831	  0.000031	  0.995309	  0.000829	
  0.011028	  0.925583	  0.019114	  0.044275	
  0.207890	  0.071308	  0.643555	  0.077247	
  0.407555	  0.198378	  0.181304	  0.212762	
  0.287098	  0.230401	  0.230401	  0.252099	
  0.275291	  0.214397	  0.232254	  0.278058	

URL http://cisbp.ccbr.utoronto.ca/TFreport.php?versionNumber=2.00&searchTF=T129445_2.00

MOTIF M01198_2.00 (scr1)_(Neurospora_crassa)_(DBD_0.85)

letter-probability matrix: alength= 4 w= 8 nsites= 1 E= 0
  0.008032	  0.985829	  0.000534	  0.005604	
  0.000361	  0.758996	  0.000317	  0.240326	
  0.065429	  0.872155	  0.039290	  0.023126	
  0.000001	  0.999660	  0.000134	  0.000205	
  0.499172	  0.000032	  0.489288	  0.011507	
  0.139979	  0.376715	  0.252520	  0.230786	
  0.284498	  0.230610	  0.244870	  0.240021	
  0.280918	  0.298289	  0.261926	  0.158866	

URL http://cisbp.ccbr.utoronto.ca/TFreport.php?versionNumber=2.00&searchTF=T129447_2.00

MOTIF M01467_2.00 SPAC11D3.17

letter-probability matrix: alength= 4 w= 10 nsites= 1 E= 0
  0.061866	  0.071163	  0.866942	  0.000029	
  0.640422	  0.090209	  0.174535	  0.094834	
  0.064164	  0.000000	  0.935836	  0.000000	
  0.000000	  1.000000	  0.000000	  0.000000	
  0.025828	  0.154696	  0.005879	  0.813596	
  0.000000	  0.999999	  0.000000	  0.000000	
  0.128833	  0.734004	  0.035820	  0.101343	
  0.150857	  0.431097	  0.246246	  0.171800	
  0.253177	  0.417418	  0.163055	  0.166349	
  0.199062	  0.385144	  0.155030	  0.260764	

URL http://cisbp.ccbr.utoronto.ca/TFreport.php?versionNumber=2.00&searchTF=T129400_2.00

MOTIF M01468_2.00 hsr1

letter-probability matrix: alength= 4 w= 10 nsites= 1 E= 0
  0.230318	  0.259683	  0.239718	  0.270281	
  0.249494	  0.249494	  0.228021	  0.272990	
  0.294336	  0.224690	  0.285637	  0.195336	
  0.145783	  0.597120	  0.064207	  0.192890	
  0.044587	  0.778557	  0.009949	  0.166908	
  0.031981	  0.967904	  0.000074	  0.000041	
  0.083766	  0.835494	  0.080481	  0.000259	
  0.030303	  0.273483	  0.043434	  0.652780	
  0.201269	  0.139023	  0.401273	  0.258434	
  0.289364	  0.195916	  0.289364	  0.225357	

URL http://cisbp.ccbr.utoronto.ca/TFreport.php?versionNumber=2.00&searchTF=T129406_2.00

MOTIF M01469_2.00 ace2

letter-probability matrix: alength= 4 w= 9 nsites= 1 E= 0
  0.134994	  0.547428	  0.116190	  0.201387	
  0.179787	  0.540110	  0.164313	  0.115789	
  0.494561	  0.334846	  0.039792	  0.130800	
  0.167530	  0.042147	  0.789312	  0.001011	
  0.001162	  0.982500	  0.001897	  0.014441	
  0.115370	  0.763674	  0.103352	  0.017604	
  0.413306	  0.263535	  0.113771	  0.209388	
  0.122250	  0.521167	  0.112851	  0.243732	
  0.182077	  0.413407	  0.199224	  0.205292	

URL http://cisbp.ccbr.utoronto.ca/TFreport.php?versionNumber=2.00&searchTF=T129410_2.00

MOTIF M01470_2.00 rsv1

letter-probability matrix: alength= 4 w= 8 nsites= 1 E= 0
  0.133385	  0.544314	  0.111173	  0.211128	
  0.215529	  0.517149	  0.146587	  0.120734	
  0.008077	  0.983765	  0.000080	  0.008077	
  0.039436	  0.936792	  0.023693	  0.000079	
  0.133895	  0.795104	  0.070923	  0.000079	
  0.055179	  0.921048	  0.023693	  0.000079	
  0.253967	  0.103221	  0.603063	  0.039749	
  0.067378	  0.797866	  0.057766	  0.076990	

URL http://cisbp.ccbr.utoronto.ca/TFreport.php?versionNumber=2.00&searchTF=T129448_2.00

MOTIF M01536_2.00 (sfp1)_(Saccharomyces_cerevisiae)_(DBD_0.85)

letter-probability matrix: alength= 4 w= 8 nsites= 1 E= 0
  0.582226	  0.083887	  0.083887	  0.250000	
  0.187656	  0.000623	  0.000623	  0.811097	
  0.117958	  0.000587	  0.000587	  0.880869	
  0.000587	  0.000587	  0.000587	  0.998239	
  0.000587	  0.000587	  0.000587	  0.998239	
  0.000587	  0.000587	  0.000587	  0.998239	
  0.000587	  0.000587	  0.000587	  0.998239	
  0.000767	  0.690951	  0.077454	  0.230828	

URL http://cisbp.ccbr.utoronto.ca/TFreport.php?versionNumber=2.00&searchTF=T129403_2.00

MOTIF M01565_2.00 (nhp6)_(Saccharomyces_cerevisiae)_(DBD_0.56)

letter-probability matrix: alength= 4 w= 10 nsites= 1 E= 0
  0.275621	  0.196179	  0.184754	  0.343445	
  0.239066	  0.197698	  0.157078	  0.406158	
  0.351405	  0.065493	  0.118148	  0.464954	
  0.275882	  0.145470	  0.109944	  0.468704	
  0.465587	  0.103886	  0.064283	  0.366244	
  0.343551	  0.084719	  0.502369	  0.069362	
  0.039893	  0.339069	  0.050714	  0.570324	
  0.299986	  0.072511	  0.434301	  0.193202	
  0.212492	  0.210378	  0.364638	  0.212492	
  0.183038	  0.221338	  0.419764	  0.175861	

URL http://cisbp.ccbr.utoronto.ca/TFreport.php?versionNumber=2.00&searchTF=T332701_2.00

MOTIF M01567_2.00 (tbp1)_(Saccharomyces_cerevisiae)_(DBD_0.94)

letter-probability matrix: alength= 4 w= 7 nsites= 1 E= 0
  0.315311	  0.189343	  0.207174	  0.288172	
  0.345705	  0.141966	  0.211788	  0.300541	
  0.271982	  0.110580	  0.155359	  0.462079	
  0.583542	  0.000869	  0.110954	  0.304636	
  0.219565	  0.006434	  0.188981	  0.585020	
  0.934996	  0.000354	  0.051964	  0.012687	
  0.422777	  0.000471	  0.095282	  0.481470	

URL http://cisbp.ccbr.utoronto.ca/TFreport.php?versionNumber=2.00&searchTF=T342909_2.00

MOTIF M01829_2.00 zip1

letter-probability matrix: alength= 4 w= 10 nsites= 1 E= 0
  0.570600	  0.126453	  0.170367	  0.132581	
  0.195785	  0.086320	  0.008371	  0.709524	
  0.193607	  0.163160	  0.313589	  0.329644	
  0.494817	  0.042071	  0.276108	  0.187005	
  0.071217	  0.695225	  0.054727	  0.178831	
  0.178831	  0.054727	  0.695225	  0.071217	
  0.187005	  0.276108	  0.042071	  0.494817	
  0.329644	  0.313589	  0.163160	  0.193607	
  0.709524	  0.008371	  0.086320	  0.195785	
  0.132581	  0.170367	  0.126453	  0.570600	

URL http://cisbp.ccbr.utoronto.ca/TFreport.php?versionNumber=2.00&searchTF=T068256_2.00

MOTIF M02173_2.00 phx1

letter-probability matrix: alength= 4 w= 11 nsites= 1 E= 0
  0.291911	  0.205044	  0.205044	  0.298001	
  0.423607	  0.123593	  0.123593	  0.329207	
  0.119949	  0.021510	  0.021510	  0.837032	
  0.098473	  0.000034	  0.000034	  0.901459	
  0.901459	  0.000034	  0.000034	  0.098473	
  0.999898	  0.000034	  0.000034	  0.000034	
  0.000034	  0.000034	  0.000034	  0.999898	
  0.183341	  0.000034	  0.000034	  0.816591	
  0.774680	  0.044990	  0.044990	  0.135340	
  0.240103	  0.306771	  0.236335	  0.216791	
  0.314427	  0.228524	  0.228524	  0.228524	

URL http://cisbp.ccbr.utoronto.ca/TFreport.php?versionNumber=2.00&searchTF=T223640_2.00

MOTIF M02174_2.00 yox1

letter-probability matrix: alength= 4 w= 10 nsites= 1 E= 0
  0.314868	  0.207136	  0.183010	  0.294986	
  0.198798	  0.224880	  0.206807	  0.369515	
  0.325666	  0.166437	  0.104042	  0.403855	
  0.515300	  0.168946	  0.092735	  0.223019	
  0.697716	  0.158556	  0.116498	  0.027230	
  0.027230	  0.116498	  0.158556	  0.697716	
  0.223019	  0.092735	  0.168946	  0.515300	
  0.403855	  0.104042	  0.166437	  0.325666	
  0.369515	  0.206807	  0.224880	  0.198798	
  0.294986	  0.183010	  0.207136	  0.314868	

URL http://cisbp.ccbr.utoronto.ca/TFreport.php?versionNumber=2.00&searchTF=T223646_2.00

MOTIF M02590_2.00 (prt1)_(Neurospora_crassa)_(DBD_0.60)

letter-probability matrix: alength= 4 w= 9 nsites= 1 E= 0
  0.220869	  0.310309	  0.212209	  0.256613	
  0.192235	  0.375673	  0.127577	  0.304515	
  0.000093	  0.983943	  0.000607	  0.015357	
  0.000216	  0.021661	  0.978024	  0.000099	
  0.005502	  0.000393	  0.987517	  0.006588	
  0.503501	  0.179753	  0.210942	  0.105804	
  0.400444	  0.125534	  0.129357	  0.344665	
  0.295135	  0.277947	  0.223058	  0.203860	
  0.226877	  0.271621	  0.248243	  0.253258	

URL http://cisbp.ccbr.utoronto.ca/TFreport.php?versionNumber=2.00&searchTF=T384195_2.00

MOTIF M02609_2.00 (moc3)_(Neurospora_crassa)_(DBD_0.67)

letter-probability matrix: alength= 4 w= 9 nsites= 1 E= 0
  0.231793	  0.248599	  0.224942	  0.294666	
  0.053192	  0.187526	  0.155076	  0.604206	
  0.611409	  0.012500	  0.016212	  0.359878	
  0.580877	  0.133559	  0.215840	  0.069724	
  0.078072	  0.329516	  0.571135	  0.021277	
  0.006820	  0.992178	  0.000002	  0.001000	
  0.004370	  0.000385	  0.977344	  0.017901	
  0.789651	  0.055235	  0.111229	  0.043886	
  0.271328	  0.158116	  0.438486	  0.132070	

URL http://cisbp.ccbr.utoronto.ca/TFreport.php?versionNumber=2.00&searchTF=T384125_2.00

MOTIF M02698_2.00 (cdc5)_(Arabidopsis_thaliana)_(DBD_0.90)

letter-probability matrix: alength= 4 w= 11 nsites= 1 E= 0
  0.140000	  0.450000	  0.230000	  0.180000	
  0.160000	  0.270000	  0.550000	  0.020000	
  0.000000	  0.919192	  0.040404	  0.040404	
  0.000000	  0.050000	  0.930000	  0.020000	
  0.040404	  0.939394	  0.000000	  0.020202	
  0.040404	  0.020202	  0.020202	  0.919192	
  0.080808	  0.000000	  0.858586	  0.060606	
  0.960000	  0.000000	  0.020000	  0.020000	
  0.040000	  0.040000	  0.920000	  0.000000	
  0.020000	  0.550000	  0.260000	  0.170000	
  0.151515	  0.323232	  0.242424	  0.282828	

URL http://cisbp.ccbr.utoronto.ca/TFreport.php?versionNumber=2.00&searchTF=T280327_2.00

MOTIF M03738_2.00 (fkh2)_(Drosophila_melanogaster)_(DBD_0.57)

letter-probability matrix: alength= 4 w= 15 nsites= 1 E= 0
  0.307918	  0.195601	  0.140176	  0.356305	
  0.264007	  0.180698	  0.188325	  0.366970	
  0.008377	  0.004044	  0.002889	  0.984691	
  0.462860	  0.006991	  0.530149	  0.000000	
  0.002330	  0.004661	  0.000000	  0.993009	
  0.000000	  0.000000	  0.004672	  0.995328	
  0.000000	  0.000000	  0.092869	  0.907131	
  0.964356	  0.000000	  0.008769	  0.026874	
  0.011591	  0.987830	  0.000000	  0.000580	
  0.997659	  0.001171	  0.000000	  0.001171	
  0.990988	  0.001163	  0.002035	  0.005814	
  0.001198	  0.816527	  0.001198	  0.181078	
  0.991277	  0.002035	  0.002035	  0.004653	
  0.517302	  0.133431	  0.101760	  0.247507	
  0.418304	  0.128483	  0.152244	  0.300968	

URL http://cisbp.ccbr.utoronto.ca/TFreport.php?versionNumber=2.00&searchTF=T188580_2.00

MOTIF M04830_2.00 (sep1)_(Homo_sapiens)_(DBD_0.56)

letter-probability matrix: alength= 4 w= 12 nsites= 1 E= 0
  0.858696	  0.048913	  0.005435	  0.086957	
  0.800866	  0.090909	  0.060606	  0.047619	
  0.141304	  0.451087	  0.032609	  0.375000	
  0.356923	  0.061538	  0.569231	  0.012308	
  0.120172	  0.000000	  0.085837	  0.793991	
  0.893720	  0.053140	  0.033816	  0.019324	
  0.898058	  0.000000	  0.004854	  0.097087	
  0.920398	  0.054726	  0.000000	  0.024876	
  0.130612	  0.755102	  0.028571	  0.085714	
  0.852535	  0.046083	  0.055300	  0.046083	
  0.825893	  0.049107	  0.022321	  0.102679	
  0.264865	  0.113514	  0.043243	  0.578378	

URL http://cisbp.ccbr.utoronto.ca/TFreport.php?versionNumber=2.00&searchTF=T188582_2.00

MOTIF M08452_2.00 (php2)_(Saccharomyces_cerevisiae)_(DBD_0.79)

letter-probability matrix: alength= 4 w= 5 nsites= 1 E= 0
  0.000000	  0.000000	  0.000000	  1.000000	
  0.000000	  0.000000	  0.010160	  0.989840	
  0.005578	  0.000000	  0.994422	  0.000000	
  0.000000	  0.000000	  0.998223	  0.001777	
  0.158006	  0.378979	  0.030665	  0.432350	

URL http://cisbp.ccbr.utoronto.ca/TFreport.php?versionNumber=2.00&searchTF=T160427_2.00

