MEME version 4

ALPHABET= ACGT

strands: + -

Background letter frequencies (from uniform background):
A 0.25000 C 0.25000 G 0.25000 T 0.25000 

MOTIF M00058_2.00 (SPOG_04875)_(Saccharomyces_cerevisiae)_(DBD_0.47)

letter-probability matrix: alength= 4 w= 8 nsites= 1 E= 0
  0.565080	  0.141352	  0.108757	  0.184811	
  0.061126	  0.068758	  0.015339	  0.854777	
  0.248276	  0.096594	  0.000069	  0.655061	
  0.894567	  0.000066	  0.000066	  0.105301	
  0.966917	  0.000066	  0.000066	  0.032952	
  0.078992	  0.006643	  0.013220	  0.901144	
  0.048001	  0.000068	  0.034306	  0.917625	
  0.654724	  0.008935	  0.177017	  0.159324	

URL http://cisbp.ccbr.utoronto.ca/TFreport.php?versionNumber=2.00&searchTF=T223658_2.00

MOTIF M00060_2.00 (SPOG_01941)_(Saccharomyces_cerevisiae)_(DBD_0.49)

letter-probability matrix: alength= 4 w= 9 nsites= 1 E= 0
  0.320154	  0.181055	  0.206191	  0.292599	
  0.231700	  0.238756	  0.197442	  0.332102	
  0.223589	  0.242212	  0.287095	  0.247105	
  0.161512	  0.025143	  0.029212	  0.784133	
  0.138264	  0.051376	  0.075881	  0.734480	
  0.092315	  0.709959	  0.122145	  0.075581	
  0.148989	  0.381409	  0.144586	  0.325016	
  0.473500	  0.149928	  0.202381	  0.174191	
  0.182247	  0.285820	  0.153755	  0.378177	

URL http://cisbp.ccbr.utoronto.ca/TFreport.php?versionNumber=2.00&searchTF=T242139_2.00

MOTIF M00061_2.00 (SPOG_04721)_(Saccharomyces_cerevisiae)_(DBD_0.62)

letter-probability matrix: alength= 4 w= 8 nsites= 1 E= 0
  0.726984	  0.045578	  0.075863	  0.151575	
  0.056906	  0.193208	  0.068264	  0.681622	
  0.064288	  0.064288	  0.871332	  0.000092	
  0.000090	  0.000090	  0.999730	  0.000090	
  0.000090	  0.972713	  0.027107	  0.000090	
  0.000090	  0.963707	  0.009096	  0.027107	
  0.586810	  0.119622	  0.293459	  0.000109	
  0.142918	  0.057253	  0.742576	  0.057253	

URL http://cisbp.ccbr.utoronto.ca/TFreport.php?versionNumber=2.00&searchTF=T242140_2.00

MOTIF M00066_2.00 (SPOG_03909)_(Saccharomyces_cerevisiae)_(DBD_0.53)

letter-probability matrix: alength= 4 w= 10 nsites= 1 E= 0
  0.228304	  0.228304	  0.228304	  0.315088	
  0.119950	  0.353086	  0.407015	  0.119950	
  0.000130	  0.000130	  0.999610	  0.000130	
  0.000130	  0.000130	  0.000130	  0.999610	
  0.000130	  0.000130	  0.000130	  0.999610	
  0.086914	  0.000130	  0.912826	  0.000130	
  0.000130	  0.999610	  0.000130	  0.000130	
  0.000130	  0.437251	  0.000130	  0.562489	
  0.934522	  0.021826	  0.021826	  0.021826	
  0.130180	  0.304898	  0.261306	  0.303616	

URL http://cisbp.ccbr.utoronto.ca/TFreport.php?versionNumber=2.00&searchTF=T318806_2.00

MOTIF M00751_2.00 (SPOG_04030)_(Mus_musculus)_(DBD_0.29)

letter-probability matrix: alength= 4 w= 10 nsites= 1 E= 0
  0.237374	  0.264976	  0.264976	  0.232674	
  0.254916	  0.278923	  0.226090	  0.240071	
  0.234840	  0.237201	  0.304572	  0.223387	
  0.201961	  0.286597	  0.267221	  0.244221	
  0.601325	  0.000225	  0.320261	  0.078189	
  0.466521	  0.184067	  0.000331	  0.349080	
  0.391854	  0.070168	  0.064129	  0.473849	
  0.435120	  0.083565	  0.075612	  0.405703	
  0.376315	  0.160843	  0.160843	  0.302000	
  0.303804	  0.236603	  0.161804	  0.297789	

URL http://cisbp.ccbr.utoronto.ca/TFreport.php?versionNumber=2.00&searchTF=T017818_2.00

MOTIF M00828_2.00 (SPOG_03188)_(Mus_musculus)_(DBD_0.39)

letter-probability matrix: alength= 4 w= 9 nsites= 1 E= 0
  0.658504	  0.067355	  0.087354	  0.186787	
  0.062286	  0.124180	  0.062286	  0.751248	
  0.084804	  0.059166	  0.051436	  0.804595	
  0.171769	  0.095216	  0.696557	  0.036458	
  0.147640	  0.063104	  0.050642	  0.738615	
  0.146906	  0.228102	  0.146906	  0.478087	
  0.273135	  0.247143	  0.162384	  0.317338	
  0.241220	  0.229455	  0.222674	  0.306651	
  0.250916	  0.255984	  0.263780	  0.229320	

URL http://cisbp.ccbr.utoronto.ca/TFreport.php?versionNumber=2.00&searchTF=T332726_2.00

MOTIF M00836_2.00 (SPOG_04425)_(Homo_sapiens)_(DBD_0.45)

letter-probability matrix: alength= 4 w= 10 nsites= 1 E= 0
  0.200484	  0.276092	  0.247332	  0.276092	
  0.240797	  0.060579	  0.681267	  0.017356	
  0.113698	  0.057601	  0.053173	  0.775528	
  0.697616	  0.241693	  0.006219	  0.054471	
  0.797729	  0.105823	  0.041753	  0.054695	
  0.867661	  0.029542	  0.028669	  0.074129	
  0.037125	  0.723630	  0.036027	  0.203218	
  0.870704	  0.025772	  0.032763	  0.070761	
  0.433396	  0.237853	  0.147179	  0.181572	
  0.320638	  0.194477	  0.249713	  0.235171	

URL http://cisbp.ccbr.utoronto.ca/TFreport.php?versionNumber=2.00&searchTF=T188588_2.00

MOTIF M01102_2.00 (SPOG_04321)_(PBM_CONSTRUCTS)_(DBD_0.55)

letter-probability matrix: alength= 4 w= 8 nsites= 1 E= 0
  0.520400	  0.150739	  0.150739	  0.178122	
  0.168349	  0.386085	  0.237629	  0.207937	
  0.828862	  0.000085	  0.162423	  0.008630	
  0.000085	  0.999744	  0.000085	  0.000085	
  0.000085	  0.000085	  0.982656	  0.017174	
  0.008630	  0.957023	  0.000085	  0.034262	
  0.008630	  0.017174	  0.965567	  0.008630	
  0.562344	  0.150050	  0.000125	  0.287481	

URL http://cisbp.ccbr.utoronto.ca/TFreport.php?versionNumber=2.00&searchTF=T012353_2.00

MOTIF M01147_2.00 (SPOG_04456)_(Neurospora_crassa)_(DBD_0.69)

letter-probability matrix: alength= 4 w= 10 nsites= 1 E= 0
  0.256344	  0.201648	  0.261523	  0.280485	
  0.466416	  0.147685	  0.263770	  0.122129	
  0.056276	  0.045162	  0.000477	  0.898085	
  0.076513	  0.037995	  0.643848	  0.241643	
  0.796372	  0.031502	  0.085633	  0.086493	
  0.072044	  0.711432	  0.042832	  0.173691	
  0.178754	  0.047276	  0.689532	  0.084438	
  0.163925	  0.196254	  0.078997	  0.560825	
  0.373050	  0.284779	  0.165954	  0.176216	
  0.318316	  0.178225	  0.258022	  0.245438	

URL http://cisbp.ccbr.utoronto.ca/TFreport.php?versionNumber=2.00&searchTF=T068296_2.00

MOTIF M01149_2.00 (SPOG_00200)_(Neurospora_crassa)_(DBD_0.55)

letter-probability matrix: alength= 4 w= 9 nsites= 1 E= 0
  0.149485	  0.147997	  0.521753	  0.180764	
  0.379282	  0.477364	  0.085480	  0.057875	
  0.061907	  0.008050	  0.062529	  0.867514	
  0.009615	  0.034581	  0.392797	  0.563008	
  0.874632	  0.003267	  0.078555	  0.043545	
  0.057918	  0.566249	  0.216813	  0.159021	
  0.259677	  0.177583	  0.232627	  0.330114	
  0.459187	  0.184834	  0.101439	  0.254540	
  0.635165	  0.119568	  0.125698	  0.119568	

URL http://cisbp.ccbr.utoronto.ca/TFreport.php?versionNumber=2.00&searchTF=T068290_2.00

MOTIF M01185_2.00 (SPOG_03965)_(Schizosaccharomyces_pombe)_(DBD_0.88)

letter-probability matrix: alength= 4 w= 10 nsites= 1 E= 0
  0.194856	  0.524404	  0.114693	  0.166046	
  0.161745	  0.209771	  0.102107	  0.526377	
  0.345892	  0.207707	  0.363626	  0.082775	
  0.446751	  0.503711	  0.001978	  0.047560	
  0.000179	  0.000086	  0.999119	  0.000617	
  0.002571	  0.996665	  0.000129	  0.000634	
  0.037392	  0.926550	  0.019915	  0.016143	
  0.372419	  0.237465	  0.079045	  0.311071	
  0.075796	  0.697874	  0.079682	  0.146649	
  0.292458	  0.278194	  0.206092	  0.223256	

URL http://cisbp.ccbr.utoronto.ca/TFreport.php?versionNumber=2.00&searchTF=T129498_2.00

MOTIF M01186_2.00 (SPOG_00558)_(Schizosaccharomyces_pombe)_(DBD_0.89)

letter-probability matrix: alength= 4 w= 10 nsites= 1 E= 0
  0.256395	  0.163485	  0.193779	  0.386341	
  0.391732	  0.188779	  0.204502	  0.214987	
  0.022499	  0.937723	  0.013111	  0.026668	
  0.007099	  0.880037	  0.004015	  0.108849	
  0.000048	  0.996330	  0.002545	  0.001077	
  0.006410	  0.990227	  0.000453	  0.002909	
  0.208754	  0.040494	  0.529089	  0.221663	
  0.056743	  0.896529	  0.002093	  0.044636	
  0.382669	  0.216409	  0.131259	  0.269663	
  0.165510	  0.379566	  0.141038	  0.313886	

URL http://cisbp.ccbr.utoronto.ca/TFreport.php?versionNumber=2.00&searchTF=T129487_2.00

MOTIF M01187_2.00 (SPOG_02997)_(Schizosaccharomyces_pombe)_(DBD_0.98)

letter-probability matrix: alength= 4 w= 10 nsites= 1 E= 0
  0.222223	  0.120745	  0.465764	  0.191269	
  0.117722	  0.091682	  0.733865	  0.056731	
  0.160122	  0.100077	  0.258769	  0.481033	
  0.000198	  0.002439	  0.993832	  0.003531	
  0.003831	  0.000031	  0.995309	  0.000829	
  0.011028	  0.925583	  0.019114	  0.044275	
  0.207890	  0.071308	  0.643555	  0.077247	
  0.407555	  0.198378	  0.181304	  0.212762	
  0.287098	  0.230401	  0.230401	  0.252099	
  0.275291	  0.214397	  0.232254	  0.278058	

URL http://cisbp.ccbr.utoronto.ca/TFreport.php?versionNumber=2.00&searchTF=T129497_2.00

MOTIF M01198_2.00 (SPOG_04680)_(Neurospora_crassa)_(DBD_0.87)

letter-probability matrix: alength= 4 w= 8 nsites= 1 E= 0
  0.008032	  0.985829	  0.000534	  0.005604	
  0.000361	  0.758996	  0.000317	  0.240326	
  0.065429	  0.872155	  0.039290	  0.023126	
  0.000001	  0.999660	  0.000134	  0.000205	
  0.499172	  0.000032	  0.489288	  0.011507	
  0.139979	  0.376715	  0.252520	  0.230786	
  0.284498	  0.230610	  0.244870	  0.240021	
  0.280918	  0.298289	  0.261926	  0.158866	

URL http://cisbp.ccbr.utoronto.ca/TFreport.php?versionNumber=2.00&searchTF=T129499_2.00

MOTIF M01228_2.00 (SPOG_01031)_(Xenopus_tropicalis)_(DBD_0.49)

letter-probability matrix: alength= 4 w= 10 nsites= 1 E= 0
  0.311742	  0.134582	  0.079216	  0.474460	
  0.475151	  0.146004	  0.248050	  0.130795	
  0.318588	  0.152003	  0.201119	  0.328290	
  0.404876	  0.185598	  0.296955	  0.112571	
  0.319969	  0.237039	  0.096373	  0.346619	
  0.412802	  0.327985	  0.034917	  0.224296	
  0.639386	  0.181364	  0.051445	  0.127805	
  0.726327	  0.042863	  0.111944	  0.118866	
  0.064913	  0.597672	  0.096838	  0.240577	
  0.574041	  0.098761	  0.124300	  0.202898	

URL http://cisbp.ccbr.utoronto.ca/TFreport.php?versionNumber=2.00&searchTF=T188586_2.00

MOTIF M01390_2.00 (SPOG_02829)_(Aspergillus_nidulans)_(DBD_0.56)

letter-probability matrix: alength= 4 w= 8 nsites= 1 E= 0
  0.190589	  0.380703	  0.380703	  0.048004	
  0.000277	  0.000277	  0.000277	  0.999168	
  0.000277	  0.999168	  0.000277	  0.000277	
  0.000277	  0.000277	  0.999168	  0.000277	
  0.000277	  0.139012	  0.860433	  0.000277	
  0.000277	  0.721698	  0.028024	  0.250000	
  0.200057	  0.000285	  0.000285	  0.799372	
  0.922043	  0.038786	  0.038786	  0.000384	

URL http://cisbp.ccbr.utoronto.ca/TFreport.php?versionNumber=2.00&searchTF=T384399_2.00

MOTIF M01468_2.00 (SPOG_02146)_(Schizosaccharomyces_pombe)_(DBD_0.84)

letter-probability matrix: alength= 4 w= 10 nsites= 1 E= 0
  0.230318	  0.259683	  0.239718	  0.270281	
  0.249494	  0.249494	  0.228021	  0.272990	
  0.294336	  0.224690	  0.285637	  0.195336	
  0.145783	  0.597120	  0.064207	  0.192890	
  0.044587	  0.778557	  0.009949	  0.166908	
  0.031981	  0.967904	  0.000074	  0.000041	
  0.083766	  0.835494	  0.080481	  0.000259	
  0.030303	  0.273483	  0.043434	  0.652780	
  0.201269	  0.139023	  0.401273	  0.258434	
  0.289364	  0.195916	  0.289364	  0.225357	

URL http://cisbp.ccbr.utoronto.ca/TFreport.php?versionNumber=2.00&searchTF=T129494_2.00

MOTIF M01469_2.00 (SPOG_04824)_(Schizosaccharomyces_pombe)_(DBD_0.87)

letter-probability matrix: alength= 4 w= 9 nsites= 1 E= 0
  0.134994	  0.547428	  0.116190	  0.201387	
  0.179787	  0.540110	  0.164313	  0.115789	
  0.494561	  0.334846	  0.039792	  0.130800	
  0.167530	  0.042147	  0.789312	  0.001011	
  0.001162	  0.982500	  0.001897	  0.014441	
  0.115370	  0.763674	  0.103352	  0.017604	
  0.413306	  0.263535	  0.113771	  0.209388	
  0.122250	  0.521167	  0.112851	  0.243732	
  0.182077	  0.413407	  0.199224	  0.205292	

URL http://cisbp.ccbr.utoronto.ca/TFreport.php?versionNumber=2.00&searchTF=T129500_2.00

MOTIF M01470_2.00 (SPOG_02955)_(Schizosaccharomyces_pombe)_(DBD_0.82)

letter-probability matrix: alength= 4 w= 8 nsites= 1 E= 0
  0.133385	  0.544314	  0.111173	  0.211128	
  0.215529	  0.517149	  0.146587	  0.120734	
  0.008077	  0.983765	  0.000080	  0.008077	
  0.039436	  0.936792	  0.023693	  0.000079	
  0.133895	  0.795104	  0.070923	  0.000079	
  0.055179	  0.921048	  0.023693	  0.000079	
  0.253967	  0.103221	  0.603063	  0.039749	
  0.067378	  0.797866	  0.057766	  0.076990	

URL http://cisbp.ccbr.utoronto.ca/TFreport.php?versionNumber=2.00&searchTF=T129496_2.00

MOTIF M01536_2.00 (SPOG_00344)_(Saccharomyces_cerevisiae)_(DBD_0.80)

letter-probability matrix: alength= 4 w= 8 nsites= 1 E= 0
  0.582226	  0.083887	  0.083887	  0.250000	
  0.187656	  0.000623	  0.000623	  0.811097	
  0.117958	  0.000587	  0.000587	  0.880869	
  0.000587	  0.000587	  0.000587	  0.998239	
  0.000587	  0.000587	  0.000587	  0.998239	
  0.000587	  0.000587	  0.000587	  0.998239	
  0.000587	  0.000587	  0.000587	  0.998239	
  0.000767	  0.690951	  0.077454	  0.230828	

URL http://cisbp.ccbr.utoronto.ca/TFreport.php?versionNumber=2.00&searchTF=T129486_2.00

MOTIF M01565_2.00 (SPOG_00531)_(Saccharomyces_cerevisiae)_(DBD_0.49)

letter-probability matrix: alength= 4 w= 10 nsites= 1 E= 0
  0.275621	  0.196179	  0.184754	  0.343445	
  0.239066	  0.197698	  0.157078	  0.406158	
  0.351405	  0.065493	  0.118148	  0.464954	
  0.275882	  0.145470	  0.109944	  0.468704	
  0.465587	  0.103886	  0.064283	  0.366244	
  0.343551	  0.084719	  0.502369	  0.069362	
  0.039893	  0.339069	  0.050714	  0.570324	
  0.299986	  0.072511	  0.434301	  0.193202	
  0.212492	  0.210378	  0.364638	  0.212492	
  0.183038	  0.221338	  0.419764	  0.175861	

URL http://cisbp.ccbr.utoronto.ca/TFreport.php?versionNumber=2.00&searchTF=T332721_2.00

MOTIF M01567_2.00 (SPOG_00351)_(Saccharomyces_cerevisiae)_(DBD_0.94)

letter-probability matrix: alength= 4 w= 7 nsites= 1 E= 0
  0.315311	  0.189343	  0.207174	  0.288172	
  0.345705	  0.141966	  0.211788	  0.300541	
  0.271982	  0.110580	  0.155359	  0.462079	
  0.583542	  0.000869	  0.110954	  0.304636	
  0.219565	  0.006434	  0.188981	  0.585020	
  0.934996	  0.000354	  0.051964	  0.012687	
  0.422777	  0.000471	  0.095282	  0.481470	

URL http://cisbp.ccbr.utoronto.ca/TFreport.php?versionNumber=2.00&searchTF=T342914_2.00

MOTIF M01835_2.00 (SPOG_00393)_(Neurospora_crassa)_(DBD_0.73)

letter-probability matrix: alength= 4 w= 11 nsites= 1 E= 0
  0.227977	  0.227977	  0.316068	  0.227977	
  0.575603	  0.108023	  0.208350	  0.108023	
  0.833557	  0.055481	  0.055481	  0.055481	
  0.000201	  0.000201	  0.089004	  0.910593	
  0.188309	  0.089004	  0.722485	  0.000201	
  0.906520	  0.000201	  0.000201	  0.093078	
  0.183108	  0.539578	  0.089004	  0.188309	
  0.277113	  0.000201	  0.539578	  0.183108	
  0.393952	  0.022224	  0.022224	  0.561601	
  0.236961	  0.363298	  0.257563	  0.142178	
  0.415840	  0.194720	  0.194720	  0.194720	

URL http://cisbp.ccbr.utoronto.ca/TFreport.php?versionNumber=2.00&searchTF=T068291_2.00

MOTIF M01992_2.00 (SPOG_02771)_(Neurospora_crassa)_(DBD_0.67)

letter-probability matrix: alength= 4 w= 8 nsites= 1 E= 0
  0.570513	  0.071937	  0.356838	  0.000712	
  0.059272	  0.000587	  0.000587	  0.939554	
  0.939554	  0.059272	  0.000587	  0.000587	
  0.998239	  0.000587	  0.000587	  0.000587	
  0.998239	  0.000587	  0.000587	  0.000587	
  0.000587	  0.880869	  0.000587	  0.117958	
  0.998239	  0.000587	  0.000587	  0.000587	
  0.499004	  0.200199	  0.000996	  0.299801	

URL http://cisbp.ccbr.utoronto.ca/TFreport.php?versionNumber=2.00&searchTF=T188587_2.00

MOTIF M02173_2.00 (SPOG_00312)_(Schizosaccharomyces_pombe)_(DBD_0.75)

letter-probability matrix: alength= 4 w= 11 nsites= 1 E= 0
  0.291911	  0.205044	  0.205044	  0.298001	
  0.423607	  0.123593	  0.123593	  0.329207	
  0.119949	  0.021510	  0.021510	  0.837032	
  0.098473	  0.000034	  0.000034	  0.901459	
  0.901459	  0.000034	  0.000034	  0.098473	
  0.999898	  0.000034	  0.000034	  0.000034	
  0.000034	  0.000034	  0.000034	  0.999898	
  0.183341	  0.000034	  0.000034	  0.816591	
  0.774680	  0.044990	  0.044990	  0.135340	
  0.240103	  0.306771	  0.236335	  0.216791	
  0.314427	  0.228524	  0.228524	  0.228524	

URL http://cisbp.ccbr.utoronto.ca/TFreport.php?versionNumber=2.00&searchTF=T223656_2.00

MOTIF M02698_2.00 (SPOG_01867)_(Arabidopsis_thaliana)_(DBD_0.90)

letter-probability matrix: alength= 4 w= 11 nsites= 1 E= 0
  0.140000	  0.450000	  0.230000	  0.180000	
  0.160000	  0.270000	  0.550000	  0.020000	
  0.000000	  0.919192	  0.040404	  0.040404	
  0.000000	  0.050000	  0.930000	  0.020000	
  0.040404	  0.939394	  0.000000	  0.020202	
  0.040404	  0.020202	  0.020202	  0.919192	
  0.080808	  0.000000	  0.858586	  0.060606	
  0.960000	  0.000000	  0.020000	  0.020000	
  0.040000	  0.040000	  0.920000	  0.000000	
  0.020000	  0.550000	  0.260000	  0.170000	
  0.151515	  0.323232	  0.242424	  0.282828	

URL http://cisbp.ccbr.utoronto.ca/TFreport.php?versionNumber=2.00&searchTF=T280353_2.00

MOTIF M08452_2.00 (SPOG_04316)_(Saccharomyces_cerevisiae)_(DBD_0.77)

letter-probability matrix: alength= 4 w= 5 nsites= 1 E= 0
  0.000000	  0.000000	  0.000000	  1.000000	
  0.000000	  0.000000	  0.010160	  0.989840	
  0.005578	  0.000000	  0.994422	  0.000000	
  0.000000	  0.000000	  0.998223	  0.001777	
  0.158006	  0.378979	  0.030665	  0.432350	

URL http://cisbp.ccbr.utoronto.ca/TFreport.php?versionNumber=2.00&searchTF=T160429_2.00

