MEME version 4

ALPHABET= ACGT

strands: + -

Background letter frequencies (from uniform background):
A 0.25000 C 0.25000 G 0.25000 T 0.25000 

MOTIF M00717_2.00 (SELMODRAFT_17703)_(Arabidopsis_thaliana)_(DBD_0.73)

letter-probability matrix: alength= 4 w= 8 nsites= 1 E= 0
  0.184463	  0.256582	  0.319720	  0.239235	
  0.105899	  0.380880	  0.185394	  0.327827	
  0.045557	  0.000794	  0.952379	  0.001270	
  0.037039	  0.782083	  0.054161	  0.126718	
  0.030180	  0.624644	  0.110740	  0.234436	
  0.136135	  0.093097	  0.701799	  0.068968	
  0.176688	  0.191404	  0.362994	  0.268913	
  0.199360	  0.485467	  0.097039	  0.218134	

URL http://cisbp.ccbr.utoronto.ca/TFreport.php?versionNumber=2.00&searchTF=T005141_2.00

MOTIF M00719_2.00 (SELMODRAFT_73135)_(Arabidopsis_thaliana)_(DBD_0.71)

letter-probability matrix: alength= 4 w= 8 nsites= 1 E= 0
  0.253340	  0.238587	  0.213734	  0.294339	
  0.238515	  0.217986	  0.263600	  0.279900	
  0.216235	  0.071978	  0.581939	  0.129848	
  0.114251	  0.501900	  0.244301	  0.139547	
  0.009576	  0.664640	  0.002269	  0.323515	
  0.203540	  0.004463	  0.777326	  0.014671	
  0.148179	  0.326497	  0.281018	  0.244306	
  0.239004	  0.346014	  0.225085	  0.189897	

URL http://cisbp.ccbr.utoronto.ca/TFreport.php?versionNumber=2.00&searchTF=T005196_2.00

MOTIF M00724_2.00 (SELMODRAFT_16064)_(Arabidopsis_thaliana)_(DBD_0.73)

letter-probability matrix: alength= 4 w= 9 nsites= 1 E= 0
  0.232541	  0.284026	  0.175751	  0.307682	
  0.381584	  0.203229	  0.197222	  0.217964	
  0.225202	  0.191904	  0.458058	  0.124835	
  0.478098	  0.000472	  0.411503	  0.109927	
  0.180610	  0.007436	  0.079546	  0.732408	
  0.441083	  0.046957	  0.204227	  0.307733	
  0.181090	  0.613385	  0.128894	  0.076630	
  0.602456	  0.101597	  0.186983	  0.108964	
  0.143308	  0.180368	  0.258526	  0.417798	

URL http://cisbp.ccbr.utoronto.ca/TFreport.php?versionNumber=2.00&searchTF=T175223_2.00

MOTIF M00726_2.00 (SELMODRAFT_112063)_(Physcomitrella_patens)_(DBD_0.85)

letter-probability matrix: alength= 4 w= 10 nsites= 1 E= 0
  0.239472	  0.270004	  0.198033	  0.292491	
  0.357704	  0.210546	  0.194359	  0.237390	
  0.230071	  0.198024	  0.419217	  0.152687	
  0.430091	  0.023196	  0.413227	  0.133486	
  0.177508	  0.014865	  0.080561	  0.727066	
  0.379546	  0.073624	  0.223402	  0.323428	
  0.157762	  0.686144	  0.060406	  0.095688	
  0.574252	  0.086753	  0.193073	  0.145921	
  0.116242	  0.222666	  0.238811	  0.422281	
  0.232475	  0.239555	  0.246850	  0.281120	

URL http://cisbp.ccbr.utoronto.ca/TFreport.php?versionNumber=2.00&searchTF=T175221_2.00

MOTIF M00727_2.00 (SELMODRAFT_29498)_(Arabidopsis_thaliana)_(DBD_0.92)

letter-probability matrix: alength= 4 w= 10 nsites= 1 E= 0
  0.287104	  0.250462	  0.176667	  0.285767	
  0.181210	  0.300221	  0.159884	  0.358685	
  0.437690	  0.167170	  0.255627	  0.139512	
  0.164439	  0.062494	  0.739361	  0.033706	
  0.938813	  0.003378	  0.016105	  0.041704	
  0.041704	  0.016105	  0.003378	  0.938813	
  0.033706	  0.739361	  0.062494	  0.164439	
  0.139512	  0.255627	  0.167170	  0.437690	
  0.358685	  0.159884	  0.300221	  0.181210	
  0.285767	  0.176667	  0.250462	  0.287104	

URL http://cisbp.ccbr.utoronto.ca/TFreport.php?versionNumber=2.00&searchTF=T195158_2.00

MOTIF M00728_2.00 (SELMODRAFT_139631)_(Arabidopsis_thaliana)_(DBD_0.84)

letter-probability matrix: alength= 4 w= 8 nsites= 1 E= 0
  0.397219	  0.120842	  0.156724	  0.325215	
  0.091276	  0.058200	  0.034949	  0.815574	
  0.077473	  0.056257	  0.757426	  0.108845	
  0.891926	  0.000087	  0.061768	  0.046219	
  0.054102	  0.028244	  0.062857	  0.854798	
  0.072280	  0.012943	  0.068755	  0.846022	
  0.371108	  0.027289	  0.542665	  0.058938	
  0.183409	  0.337553	  0.354859	  0.124179	

URL http://cisbp.ccbr.utoronto.ca/TFreport.php?versionNumber=2.00&searchTF=T223074_2.00

MOTIF M00729_2.00 (SELMODRAFT_149357)_(Arabidopsis_thaliana)_(DBD_0.85)

letter-probability matrix: alength= 4 w= 10 nsites= 1 E= 0
  0.278776	  0.210695	  0.202433	  0.308096	
  0.373827	  0.180151	  0.166300	  0.279721	
  0.100680	  0.096732	  0.464958	  0.337629	
  0.780703	  0.013332	  0.160805	  0.045159	
  0.000197	  0.001501	  0.000061	  0.998241	
  0.177775	  0.116806	  0.202455	  0.502964	
  0.073441	  0.785631	  0.064489	  0.076439	
  0.091970	  0.344282	  0.281874	  0.281874	
  0.219334	  0.276053	  0.254829	  0.249783	
  0.242460	  0.270653	  0.221592	  0.265294	

URL http://cisbp.ccbr.utoronto.ca/TFreport.php?versionNumber=2.00&searchTF=T279482_2.00

MOTIF M00731_2.00 (SELMODRAFT_129832)_(Arabidopsis_thaliana)_(DBD_0.92)

letter-probability matrix: alength= 4 w= 10 nsites= 1 E= 0
  0.332551	  0.189956	  0.218502	  0.258991	
  0.391822	  0.090090	  0.437382	  0.080706	
  0.012012	  0.007141	  0.930653	  0.050194	
  0.015673	  0.000009	  0.000028	  0.984291	
  0.045872	  0.930629	  0.014237	  0.009261	
  0.882532	  0.062352	  0.018780	  0.036336	
  0.849114	  0.016514	  0.107146	  0.027227	
  0.219251	  0.578372	  0.059753	  0.142625	
  0.160546	  0.186528	  0.458785	  0.194140	
  0.228047	  0.284164	  0.273022	  0.214767	

URL http://cisbp.ccbr.utoronto.ca/TFreport.php?versionNumber=2.00&searchTF=T354605_2.00

MOTIF M00732_2.00 (SELMODRAFT_114491)_(Arabidopsis_thaliana)_(DBD_0.88)

letter-probability matrix: alength= 4 w= 11 nsites= 1 E= 0
  0.376942	  0.207686	  0.207686	  0.207686	
  0.385633	  0.142689	  0.142689	  0.328989	
  0.483253	  0.039829	  0.437089	  0.039829	
  0.167326	  0.000092	  0.832489	  0.000092	
  0.000092	  0.000092	  0.000092	  0.999723	
  0.247899	  0.751916	  0.000092	  0.000092	
  0.999723	  0.000092	  0.000092	  0.000092	
  0.919150	  0.000092	  0.000092	  0.080665	
  0.042406	  0.794230	  0.042406	  0.120957	
  0.107404	  0.107404	  0.599239	  0.185954	
  0.281712	  0.297762	  0.210263	  0.210263	

URL http://cisbp.ccbr.utoronto.ca/TFreport.php?versionNumber=2.00&searchTF=T354602_2.00

MOTIF M00849_2.00 (SELMODRAFT_131245)_(Arabidopsis_thaliana)_(DBD_0.72)

letter-probability matrix: alength= 4 w= 9 nsites= 1 E= 0
  0.248088	  0.396939	  0.174825	  0.180149	
  0.000248	  0.127322	  0.770252	  0.102178	
  0.000249	  0.871743	  0.127804	  0.000204	
  0.149821	  0.772350	  0.077435	  0.000394	
  0.123774	  0.163769	  0.712271	  0.000186	
  0.223816	  0.395766	  0.133063	  0.247355	
  0.323973	  0.428658	  0.036622	  0.210747	
  0.376939	  0.171072	  0.196780	  0.255209	
  0.268429	  0.224211	  0.172878	  0.334483	

URL http://cisbp.ccbr.utoronto.ca/TFreport.php?versionNumber=2.00&searchTF=T005134_2.00

MOTIF M00852_2.00 (SELMODRAFT_166729)_(Arabidopsis_thaliana)_(DBD_0.73)

letter-probability matrix: alength= 4 w= 8 nsites= 1 E= 0
  0.214109	  0.272186	  0.209869	  0.303835	
  0.028040	  0.085083	  0.334832	  0.552045	
  0.029468	  0.061149	  0.882985	  0.026399	
  0.000039	  0.183899	  0.008202	  0.807860	
  0.110608	  0.636503	  0.087882	  0.165007	
  0.091509	  0.246272	  0.418399	  0.243821	
  0.168399	  0.288973	  0.367357	  0.175271	
  0.221967	  0.293692	  0.257889	  0.226451	

URL http://cisbp.ccbr.utoronto.ca/TFreport.php?versionNumber=2.00&searchTF=T021204_2.00

MOTIF M00854_2.00 (SELMODRAFT_24890)_(Arabidopsis_thaliana)_(DBD_0.59)

letter-probability matrix: alength= 4 w= 9 nsites= 1 E= 0
  0.024568	  0.974035	  0.000632	  0.000764	
  0.813518	  0.063521	  0.084046	  0.038915	
  0.009140	  0.882422	  0.000380	  0.108058	
  0.094389	  0.000303	  0.904538	  0.000769	
  0.000236	  0.043603	  0.016863	  0.939298	
  0.021970	  0.000357	  0.943561	  0.034112	
  0.082412	  0.321094	  0.524127	  0.072366	
  0.142878	  0.351424	  0.262958	  0.242740	
  0.263033	  0.265676	  0.238002	  0.233289	

URL http://cisbp.ccbr.utoronto.ca/TFreport.php?versionNumber=2.00&searchTF=T044561_2.00

MOTIF M00862_2.00 (SELMODRAFT_19629)_(Arabidopsis_thaliana)_(DBD_0.89)

letter-probability matrix: alength= 4 w= 8 nsites= 1 E= 0
  0.232051	  0.275051	  0.241521	  0.251378	
  0.242842	  0.265711	  0.230998	  0.260450	
  0.275202	  0.261780	  0.246536	  0.216482	
  0.055587	  0.755924	  0.058437	  0.130053	
  0.003975	  0.062181	  0.383772	  0.550072	
  0.005248	  0.107547	  0.000128	  0.887076	
  0.000091	  0.002171	  0.000086	  0.997651	
  0.278897	  0.242461	  0.202521	  0.276122	

URL http://cisbp.ccbr.utoronto.ca/TFreport.php?versionNumber=2.00&searchTF=T171105_2.00

MOTIF M00864_2.00 (SELMODRAFT_146209)_(Arabidopsis_thaliana)_(DBD_0.88)

letter-probability matrix: alength= 4 w= 10 nsites= 1 E= 0
  0.992597	  0.002802	  0.000819	  0.003782	
  0.991610	  0.003094	  0.000951	  0.004346	
  0.015890	  0.005904	  0.047736	  0.930469	
  0.987484	  0.002678	  0.003050	  0.006788	
  0.976486	  0.009244	  0.004455	  0.009815	
  0.006048	  0.020079	  0.001552	  0.972321	
  0.026793	  0.007600	  0.004429	  0.961177	
  0.990815	  0.002556	  0.001971	  0.004658	
  0.002292	  0.991712	  0.002610	  0.003385	
  0.001938	  0.005216	  0.008687	  0.984159	

URL http://cisbp.ccbr.utoronto.ca/TFreport.php?versionNumber=2.00&searchTF=T223076_2.00

MOTIF M00866_2.00 (SELMODRAFT_115439)_(Arabidopsis_thaliana)_(DBD_0.55)

letter-probability matrix: alength= 4 w= 10 nsites= 1 E= 0
  0.322261	  0.225913	  0.225913	  0.225913	
  0.200420	  0.200711	  0.195798	  0.403071	
  0.000093	  0.000093	  0.000093	  0.999720	
  0.000093	  0.000093	  0.999720	  0.000093	
  0.999720	  0.000093	  0.000093	  0.000093	
  0.000093	  0.000093	  0.000093	  0.999720	
  0.000093	  0.000093	  0.000093	  0.999720	
  0.000093	  0.000093	  0.999720	  0.000093	
  0.738489	  0.115540	  0.121790	  0.024180	
  0.235873	  0.353573	  0.143424	  0.267131	

URL http://cisbp.ccbr.utoronto.ca/TFreport.php?versionNumber=2.00&searchTF=T223071_2.00

MOTIF M00869_2.00 (SELMODRAFT_107503)_(Arabidopsis_thaliana)_(DBD_0.64)

letter-probability matrix: alength= 4 w= 9 nsites= 1 E= 0
  0.219602	  0.204755	  0.392217	  0.183427	
  0.380662	  0.190931	  0.215274	  0.213132	
  0.402559	  0.170348	  0.203943	  0.223150	
  0.213067	  0.255088	  0.296370	  0.235476	
  0.183535	  0.377060	  0.263066	  0.176338	
  0.120837	  0.030400	  0.102971	  0.745792	
  0.035867	  0.000594	  0.000756	  0.962783	
  0.000182	  0.997905	  0.000117	  0.001796	
  0.043384	  0.361440	  0.287176	  0.307999	

URL http://cisbp.ccbr.utoronto.ca/TFreport.php?versionNumber=2.00&searchTF=T242039_2.00

MOTIF M00871_2.00 (SELMODRAFT_127613)_(Arabidopsis_thaliana)_(DBD_0.81)

letter-probability matrix: alength= 4 w= 10 nsites= 1 E= 0
  0.243763	  0.246213	  0.251187	  0.258837	
  0.283786	  0.249191	  0.234679	  0.232344	
  0.193713	  0.251233	  0.132473	  0.422581	
  0.668742	  0.094198	  0.102043	  0.135017	
  0.590911	  0.228529	  0.085770	  0.094790	
  0.132272	  0.661729	  0.082670	  0.123329	
  0.234527	  0.139431	  0.398446	  0.227596	
  0.349123	  0.102046	  0.409699	  0.139132	
  0.331203	  0.257941	  0.158022	  0.252834	
  0.279702	  0.296998	  0.180138	  0.243161	

URL http://cisbp.ccbr.utoronto.ca/TFreport.php?versionNumber=2.00&searchTF=T279471_2.00

MOTIF M00873_2.00 (SELMODRAFT_115021)_(Arabidopsis_thaliana)_(DBD_0.79)

letter-probability matrix: alength= 4 w= 10 nsites= 1 E= 0
  0.226420	  0.226420	  0.320739	  0.226420	
  0.528872	  0.125806	  0.125806	  0.219517	
  0.999768	  0.000077	  0.000077	  0.000077	
  0.000077	  0.000077	  0.999768	  0.000077	
  0.999768	  0.000077	  0.000077	  0.000077	
  0.000077	  0.000077	  0.000077	  0.999768	
  0.402884	  0.201777	  0.000077	  0.395261	
  0.000077	  0.798068	  0.000077	  0.201777	
  0.023657	  0.023657	  0.724305	  0.228381	
  0.124272	  0.330831	  0.420625	  0.124272	

URL http://cisbp.ccbr.utoronto.ca/TFreport.php?versionNumber=2.00&searchTF=T279456_2.00

MOTIF M00874_2.00 (SELMODRAFT_428906)_(Arabidopsis_thaliana)_(DBD_0.87)

letter-probability matrix: alength= 4 w= 7 nsites= 1 E= 0
  0.297316	  0.201300	  0.359530	  0.141854	
  0.335160	  0.176727	  0.274406	  0.213707	
  0.477536	  0.090798	  0.172197	  0.259469	
  0.915843	  0.004305	  0.044694	  0.035158	
  0.074325	  0.014857	  0.005357	  0.905461	
  0.161206	  0.568320	  0.095840	  0.174633	
  0.184011	  0.280057	  0.213790	  0.322142	

URL http://cisbp.ccbr.utoronto.ca/TFreport.php?versionNumber=2.00&searchTF=T279559_2.00

MOTIF M00876_2.00 (SELMODRAFT_437219)_(Arabidopsis_thaliana)_(DBD_0.87)

letter-probability matrix: alength= 4 w= 8 nsites= 1 E= 0
  0.999412	  0.000196	  0.000196	  0.000196	
  0.206926	  0.723811	  0.017402	  0.051861	
  0.153905	  0.784287	  0.061654	  0.000154	
  0.590703	  0.091005	  0.030436	  0.287856	
  0.938976	  0.015294	  0.030436	  0.015294	
  0.287856	  0.605845	  0.106148	  0.000151	
  0.145229	  0.709381	  0.032398	  0.112992	
  0.499773	  0.091054	  0.272707	  0.136467	

URL http://cisbp.ccbr.utoronto.ca/TFreport.php?versionNumber=2.00&searchTF=T279562_2.00

MOTIF M00879_2.00 (SELMODRAFT_19475)_(Arabidopsis_thaliana)_(DBD_0.89)

letter-probability matrix: alength= 4 w= 8 nsites= 1 E= 0
  0.696699	  0.030436	  0.106148	  0.166717	
  0.778725	  0.052715	  0.084280	  0.084280	
  0.902424	  0.008935	  0.053167	  0.035474	
  0.119703	  0.000085	  0.051350	  0.828862	
  0.991200	  0.008630	  0.000085	  0.000085	
  0.000085	  0.000085	  0.000085	  0.999744	
  0.017781	  0.973195	  0.000088	  0.008935	
  0.105950	  0.129468	  0.082432	  0.682150	

URL http://cisbp.ccbr.utoronto.ca/TFreport.php?versionNumber=2.00&searchTF=T279493_2.00

MOTIF M00881_2.00 (SELMODRAFT_405704)_(Arabidopsis_thaliana)_(DBD_0.87)

letter-probability matrix: alength= 4 w= 9 nsites= 1 E= 0
  0.309277	  0.185719	  0.222346	  0.282658	
  0.413773	  0.115044	  0.115044	  0.356138	
  0.207567	  0.294551	  0.127161	  0.370722	
  0.629383	  0.086898	  0.187680	  0.096038	
  0.080274	  0.051699	  0.000674	  0.867353	
  0.124741	  0.207730	  0.209818	  0.457711	
  0.071416	  0.741385	  0.083807	  0.103391	
  0.131046	  0.342252	  0.213908	  0.312794	
  0.207115	  0.305905	  0.228898	  0.258082	

URL http://cisbp.ccbr.utoronto.ca/TFreport.php?versionNumber=2.00&searchTF=T279526_2.00

MOTIF M00882_2.00 (SELMODRAFT_120788)_(Arabidopsis_thaliana)_(DBD_0.79)

letter-probability matrix: alength= 4 w= 10 nsites= 1 E= 0
  0.149434	  0.294964	  0.275023	  0.280579	
  0.225904	  0.270456	  0.273174	  0.230467	
  0.165608	  0.340230	  0.167272	  0.326890	
  0.762395	  0.089699	  0.062581	  0.085325	
  0.309605	  0.623467	  0.065059	  0.001869	
  0.050240	  0.801767	  0.142141	  0.005852	
  0.286254	  0.122349	  0.137948	  0.453448	
  0.754695	  0.053320	  0.132464	  0.059520	
  0.388169	  0.534558	  0.005649	  0.071625	
  0.118059	  0.503298	  0.107898	  0.270746	

URL http://cisbp.ccbr.utoronto.ca/TFreport.php?versionNumber=2.00&searchTF=T279464_2.00

MOTIF M00887_2.00 (SELMODRAFT_28595)_(Arabidopsis_thaliana)_(DBD_0.80)

letter-probability matrix: alength= 4 w= 9 nsites= 1 E= 0
  0.210410	  0.292673	  0.192300	  0.304617	
  0.093230	  0.010227	  0.867023	  0.029520	
  0.000022	  0.028402	  0.002378	  0.969197	
  0.999915	  0.000033	  0.000019	  0.000033	
  0.000035	  0.990629	  0.009010	  0.000326	
  0.055169	  0.047485	  0.845906	  0.051440	
  0.171303	  0.011628	  0.730284	  0.086785	
  0.345409	  0.279983	  0.108281	  0.266328	
  0.265581	  0.276420	  0.215276	  0.242723	

URL http://cisbp.ccbr.utoronto.ca/TFreport.php?versionNumber=2.00&searchTF=T323019_2.00

MOTIF M00888_2.00 (SELMODRAFT_49859)_(Arabidopsis_thaliana)_(DBD_0.73)

letter-probability matrix: alength= 4 w= 10 nsites= 1 E= 0
  0.162378	  0.000512	  0.837087	  0.000023	
  0.186959	  0.018009	  0.773471	  0.021561	
  0.590370	  0.018555	  0.384041	  0.007034	
  0.134659	  0.000282	  0.865014	  0.000046	
  0.172102	  0.002740	  0.532768	  0.292389	
  0.998903	  0.000175	  0.000385	  0.000536	
  0.846317	  0.153070	  0.000096	  0.000517	
  0.889033	  0.088247	  0.022649	  0.000071	
  0.044097	  0.024690	  0.931129	  0.000084	
  0.242318	  0.000007	  0.757672	  0.000004	

URL http://cisbp.ccbr.utoronto.ca/TFreport.php?versionNumber=2.00&searchTF=T323031_2.00

MOTIF M00970_2.00 (SELMODRAFT_108667)_(Arabidopsis_thaliana)_(DBD_0.74)

letter-probability matrix: alength= 4 w= 10 nsites= 1 E= 0
  0.279132	  0.160436	  0.160436	  0.399996	
  0.071663	  0.456006	  0.156328	  0.316004	
  0.915168	  0.084721	  0.000056	  0.000056	
  0.091634	  0.825520	  0.000056	  0.082790	
  0.082790	  0.000056	  0.825520	  0.091634	
  0.000056	  0.208750	  0.112171	  0.679024	
  0.806239	  0.193650	  0.000056	  0.000056	
  0.744041	  0.000056	  0.000056	  0.255848	
  0.263932	  0.556828	  0.089620	  0.089620	
  0.269971	  0.178393	  0.178393	  0.373243	

URL http://cisbp.ccbr.utoronto.ca/TFreport.php?versionNumber=2.00&searchTF=T295636_2.00

MOTIF M00980_2.00 (SELMODRAFT_100973)_(Arabidopsis_thaliana)_(DBD_0.79)

letter-probability matrix: alength= 4 w= 10 nsites= 1 E= 0
  0.296901	  0.174757	  0.243082	  0.285259	
  0.110391	  0.397038	  0.114897	  0.377674	
  0.669291	  0.048241	  0.088785	  0.193682	
  0.192038	  0.576913	  0.070647	  0.160403	
  0.125483	  0.093894	  0.573736	  0.206886	
  0.155161	  0.288432	  0.224631	  0.331776	
  0.419181	  0.269968	  0.066573	  0.244277	
  0.518674	  0.104719	  0.091953	  0.284654	
  0.218513	  0.316348	  0.170178	  0.294961	
  0.226685	  0.282467	  0.138873	  0.351975	

URL http://cisbp.ccbr.utoronto.ca/TFreport.php?versionNumber=2.00&searchTF=T295633_2.00

MOTIF M00982_2.00 (SELMODRAFT_59955)_(Arabidopsis_thaliana)_(DBD_0.74)

letter-probability matrix: alength= 4 w= 8 nsites= 1 E= 0
  0.250000	  0.261358	  0.204566	  0.284075	
  0.401527	  0.007950	  0.582572	  0.007950	
  0.000061	  0.000061	  0.993683	  0.006195	
  0.000061	  0.006195	  0.000061	  0.993683	
  0.006195	  0.993683	  0.000061	  0.000061	
  0.987549	  0.000061	  0.000061	  0.012328	
  0.886497	  0.000067	  0.100040	  0.013396	
  0.280691	  0.377148	  0.149158	  0.193002	

URL http://cisbp.ccbr.utoronto.ca/TFreport.php?versionNumber=2.00&searchTF=T354622_2.00

MOTIF M01045_2.00 (SELMODRAFT_402810)_(Arabidopsis_thaliana)_(DBD_0.80)

letter-probability matrix: alength= 4 w= 9 nsites= 1 E= 0
  0.217485	  0.293574	  0.282063	  0.206878	
  0.273896	  0.392583	  0.217619	  0.115902	
  0.087868	  0.000097	  0.894117	  0.017919	
  0.054882	  0.784606	  0.107252	  0.053260	
  0.129025	  0.757488	  0.043380	  0.070106	
  0.088083	  0.000058	  0.905316	  0.006542	
  0.147844	  0.476351	  0.214038	  0.161767	
  0.074050	  0.792138	  0.055966	  0.077846	
  0.379401	  0.190298	  0.249284	  0.181017	

URL http://cisbp.ccbr.utoronto.ca/TFreport.php?versionNumber=2.00&searchTF=T005158_2.00

MOTIF M01052_2.00 (SELMODRAFT_106386)_(Arabidopsis_thaliana)_(DBD_0.98)

letter-probability matrix: alength= 4 w= 10 nsites= 1 E= 0
  0.304312	  0.231896	  0.231896	  0.231896	
  0.299252	  0.134777	  0.359742	  0.206229	
  0.000039	  0.999882	  0.000039	  0.000039	
  0.999882	  0.000039	  0.000039	  0.000039	
  0.000039	  0.999882	  0.000039	  0.000039	
  0.000039	  0.000039	  0.999882	  0.000039	
  0.000039	  0.000039	  0.000039	  0.999882	
  0.000039	  0.000039	  0.999882	  0.000039	
  0.090411	  0.808940	  0.082505	  0.018143	
  0.212500	  0.338255	  0.237241	  0.212004	

URL http://cisbp.ccbr.utoronto.ca/TFreport.php?versionNumber=2.00&searchTF=T044547_2.00

MOTIF M01053_2.00 (SELMODRAFT_231344)_(Arabidopsis_thaliana)_(DBD_0.92)

letter-probability matrix: alength= 4 w= 12 nsites= 1 E= 0
  0.233128	  0.233128	  0.233128	  0.300615	
  0.188837	  0.188837	  0.188837	  0.433488	
  0.125556	  0.187633	  0.561255	  0.125556	
  0.496910	  0.335547	  0.083771	  0.083771	
  0.000105	  0.000105	  0.000105	  0.999686	
  0.000105	  0.000105	  0.999686	  0.000105	
  0.999686	  0.000105	  0.000105	  0.000105	
  0.000105	  0.999686	  0.000105	  0.000105	
  0.016977	  0.016977	  0.949070	  0.016977	
  0.061268	  0.061268	  0.061268	  0.816197	
  0.204816	  0.484010	  0.124549	  0.186626	
  0.500999	  0.166334	  0.166334	  0.166334	

URL http://cisbp.ccbr.utoronto.ca/TFreport.php?versionNumber=2.00&searchTF=T067855_2.00

MOTIF M01062_2.00 (SELMODRAFT_19636)_(Arabidopsis_thaliana)_(DBD_0.52)

letter-probability matrix: alength= 4 w= 9 nsites= 1 E= 0
  0.184639	  0.283838	  0.167068	  0.364455	
  0.265903	  0.318344	  0.115947	  0.299805	
  0.559603	  0.171954	  0.191948	  0.076495	
  0.000383	  0.993580	  0.000099	  0.005938	
  0.004369	  0.046734	  0.010221	  0.938676	
  0.002187	  0.000030	  0.003197	  0.994586	
  0.000404	  0.000079	  0.004150	  0.995367	
  0.332040	  0.044490	  0.018454	  0.605017	
  0.189718	  0.189718	  0.115070	  0.505495	

URL http://cisbp.ccbr.utoronto.ca/TFreport.php?versionNumber=2.00&searchTF=T171111_2.00

MOTIF M01063_2.00 (SELMODRAFT_19632)_(Arabidopsis_thaliana)_(DBD_0.56)

letter-probability matrix: alength= 4 w= 9 nsites= 1 E= 0
  0.348719	  0.187592	  0.245738	  0.217950	
  0.133096	  0.590561	  0.045653	  0.230690	
  0.219692	  0.051020	  0.545786	  0.183502	
  0.169500	  0.104884	  0.162854	  0.562761	
  0.177221	  0.129982	  0.092517	  0.600280	
  0.291999	  0.216318	  0.193785	  0.297898	
  0.224549	  0.248165	  0.236062	  0.291224	
  0.255387	  0.276657	  0.217626	  0.250330	
  0.273121	  0.249614	  0.237440	  0.239826	

URL http://cisbp.ccbr.utoronto.ca/TFreport.php?versionNumber=2.00&searchTF=T171108_2.00

MOTIF M01064_2.00 (SELMODRAFT_173857)_(Arabidopsis_thaliana)_(DBD_0.85)

letter-probability matrix: alength= 4 w= 8 nsites= 1 E= 0
  0.143466	  0.001420	  0.001420	  0.853693	
  0.001106	  0.001106	  0.996681	  0.001106	
  0.996681	  0.001106	  0.001106	  0.001106	
  0.001106	  0.996681	  0.001106	  0.001106	
  0.498756	  0.001244	  0.498756	  0.001244	
  0.001244	  0.001244	  0.374378	  0.623134	
  0.001244	  0.747512	  0.250000	  0.001244	
  0.167219	  0.001656	  0.001656	  0.829470	

URL http://cisbp.ccbr.utoronto.ca/TFreport.php?versionNumber=2.00&searchTF=T223079_2.00

MOTIF M01066_2.00 (SELMODRAFT_49270)_(Arabidopsis_thaliana)_(DBD_0.77)

letter-probability matrix: alength= 4 w= 10 nsites= 1 E= 0
  0.120104	  0.192166	  0.415033	  0.272696	
  0.409876	  0.152300	  0.319212	  0.118612	
  0.570604	  0.044110	  0.065805	  0.319480	
  0.548366	  0.008908	  0.036487	  0.406240	
  0.362215	  0.100709	  0.090219	  0.446857	
  0.155865	  0.336633	  0.104480	  0.403022	
  0.271455	  0.359171	  0.255647	  0.113727	
  0.152412	  0.500991	  0.195701	  0.150896	
  0.000002	  0.010444	  0.978465	  0.011089	
  0.015715	  0.090432	  0.866616	  0.027238	

URL http://cisbp.ccbr.utoronto.ca/TFreport.php?versionNumber=2.00&searchTF=T246020_2.00

MOTIF M01068_2.00 (SELMODRAFT_402040)_(Arabidopsis_thaliana)_(DBD_0.87)

letter-probability matrix: alength= 4 w= 10 nsites= 1 E= 0
  0.356499	  0.173527	  0.216228	  0.253746	
  0.714681	  0.045233	  0.114645	  0.125441	
  0.015624	  0.011927	  0.764184	  0.208265	
  0.979383	  0.000061	  0.017408	  0.003148	
  0.014915	  0.000245	  0.000087	  0.984753	
  0.163136	  0.117282	  0.037886	  0.681696	
  0.000003	  0.995014	  0.001687	  0.003296	
  0.123662	  0.398439	  0.173739	  0.304160	
  0.247151	  0.284291	  0.247151	  0.221406	
  0.228518	  0.262859	  0.164287	  0.344336	

URL http://cisbp.ccbr.utoronto.ca/TFreport.php?versionNumber=2.00&searchTF=T279522_2.00

MOTIF M01070_2.00 (SELMODRAFT_49296)_(Arabidopsis_thaliana)_(DBD_0.72)

letter-probability matrix: alength= 4 w= 8 nsites= 1 E= 0
  0.478976	  0.104288	  0.000208	  0.416528	
  0.411670	  0.014844	  0.529248	  0.044239	
  0.460416	  0.539321	  0.000132	  0.000132	
  0.000130	  0.999611	  0.000130	  0.000130	
  0.000130	  0.973650	  0.000130	  0.026090	
  0.026090	  0.000130	  0.000130	  0.973650	
  0.999611	  0.000130	  0.000130	  0.000130	
  0.403728	  0.000192	  0.595888	  0.000192	

URL http://cisbp.ccbr.utoronto.ca/TFreport.php?versionNumber=2.00&searchTF=T279593_2.00

MOTIF M01074_2.00 (SELMODRAFT_137893)_(Arabidopsis_thaliana)_(DBD_0.96)

letter-probability matrix: alength= 4 w= 10 nsites= 1 E= 0
  0.299179	  0.210828	  0.240097	  0.249896	
  0.364170	  0.180841	  0.205947	  0.249042	
  0.482339	  0.188415	  0.163800	  0.165446	
  0.572881	  0.083153	  0.228304	  0.115663	
  0.290816	  0.033875	  0.106985	  0.568323	
  0.916501	  0.021989	  0.026326	  0.035183	
  0.063251	  0.021696	  0.028706	  0.886347	
  0.015059	  0.890653	  0.049499	  0.044789	
  0.202988	  0.217707	  0.158088	  0.421217	
  0.265880	  0.219872	  0.242996	  0.271251	

URL http://cisbp.ccbr.utoronto.ca/TFreport.php?versionNumber=2.00&searchTF=T279480_2.00

MOTIF M01076_2.00 (SELMODRAFT_117411)_(Arabidopsis_thaliana)_(DBD_0.79)

letter-probability matrix: alength= 4 w= 9 nsites= 1 E= 0
  0.153120	  0.192717	  0.063512	  0.590651	
  0.947790	  0.008282	  0.001656	  0.042272	
  0.917607	  0.080783	  0.000337	  0.001273	
  0.032578	  0.947311	  0.001688	  0.018424	
  0.130519	  0.293394	  0.321024	  0.255064	
  0.270805	  0.021789	  0.639955	  0.067451	
  0.327282	  0.330571	  0.021345	  0.320801	
  0.276668	  0.421078	  0.059312	  0.242941	
  0.319425	  0.236636	  0.163453	  0.280486	

URL http://cisbp.ccbr.utoronto.ca/TFreport.php?versionNumber=2.00&searchTF=T279459_2.00

MOTIF M01078_2.00 (SELMODRAFT_130556)_(Arabidopsis_thaliana)_(DBD_0.87)

letter-probability matrix: alength= 4 w= 10 nsites= 1 E= 0
  0.194581	  0.387940	  0.244900	  0.172578	
  0.116234	  0.224888	  0.028951	  0.629927	
  0.131798	  0.102644	  0.092877	  0.672681	
  0.961631	  0.003891	  0.014420	  0.020058	
  0.017926	  0.036099	  0.014973	  0.931002	
  0.023071	  0.933172	  0.015008	  0.028749	
  0.043208	  0.636520	  0.069132	  0.251141	
  0.412024	  0.101604	  0.281767	  0.204605	
  0.245250	  0.233289	  0.221912	  0.299549	
  0.368215	  0.162173	  0.158962	  0.310650	

URL http://cisbp.ccbr.utoronto.ca/TFreport.php?versionNumber=2.00&searchTF=T279473_2.00

MOTIF M01079_2.00 (SELMODRAFT_19077)_(Arabidopsis_thaliana)_(DBD_0.94)

letter-probability matrix: alength= 4 w= 10 nsites= 1 E= 0
  0.385352	  0.143188	  0.180216	  0.291243	
  0.571201	  0.093479	  0.105398	  0.229922	
  0.673942	  0.090301	  0.124355	  0.111402	
  0.748474	  0.070671	  0.085459	  0.095396	
  0.178695	  0.036807	  0.067066	  0.717433	
  0.864813	  0.038572	  0.034901	  0.061714	
  0.074245	  0.067180	  0.048297	  0.810277	
  0.058777	  0.865890	  0.037478	  0.037855	
  0.161708	  0.150776	  0.111697	  0.575819	
  0.320690	  0.169097	  0.217125	  0.293088	

URL http://cisbp.ccbr.utoronto.ca/TFreport.php?versionNumber=2.00&searchTF=T279492_2.00

MOTIF M01082_2.00 (SELMODRAFT_103999)_(Arabidopsis_thaliana)_(DBD_0.80)

letter-probability matrix: alength= 4 w= 9 nsites= 1 E= 0
  0.162602	  0.334056	  0.056901	  0.446441	
  0.901913	  0.049626	  0.041039	  0.007423	
  0.789693	  0.206778	  0.000171	  0.003359	
  0.004061	  0.964299	  0.012697	  0.018942	
  0.033816	  0.296174	  0.361748	  0.308261	
  0.262394	  0.068023	  0.583969	  0.085614	
  0.255704	  0.285437	  0.069687	  0.389172	
  0.221448	  0.395514	  0.090034	  0.293004	
  0.310402	  0.210160	  0.212272	  0.267166	

URL http://cisbp.ccbr.utoronto.ca/TFreport.php?versionNumber=2.00&searchTF=T279450_2.00

MOTIF M01083_2.00 (SELMODRAFT_413266)_(Arabidopsis_thaliana)_(DBD_0.77)

letter-probability matrix: alength= 4 w= 8 nsites= 1 E= 0
  0.377310	  0.169842	  0.047246	  0.405602	
  0.353713	  0.000068	  0.598545	  0.047674	
  0.348938	  0.650958	  0.000052	  0.000052	
  0.000051	  0.994719	  0.005178	  0.000051	
  0.000051	  0.984465	  0.000051	  0.015433	
  0.000051	  0.000051	  0.000051	  0.999846	
  0.977365	  0.000056	  0.005673	  0.016906	
  0.398452	  0.090274	  0.443551	  0.067724	

URL http://cisbp.ccbr.utoronto.ca/TFreport.php?versionNumber=2.00&searchTF=T279535_2.00

MOTIF M01087_2.00 (SELMODRAFT_138111)_(Arabidopsis_thaliana)_(DBD_0.76)

letter-probability matrix: alength= 4 w= 10 nsites= 1 E= 0
  0.363763	  0.193737	  0.193737	  0.248763	
  0.435854	  0.149502	  0.175442	  0.239202	
  0.435354	  0.080331	  0.180578	  0.303737	
  0.104843	  0.081652	  0.061711	  0.751794	
  0.060645	  0.051679	  0.046295	  0.841381	
  0.003122	  0.533049	  0.072865	  0.390963	
  0.758381	  0.000142	  0.200574	  0.040902	
  0.899183	  0.023138	  0.031547	  0.046131	
  0.830968	  0.038574	  0.063599	  0.066859	
  0.293712	  0.255341	  0.066195	  0.384752	

URL http://cisbp.ccbr.utoronto.ca/TFreport.php?versionNumber=2.00&searchTF=T345774_2.00

MOTIF M01089_2.00 (SELMODRAFT_18126)_(Arabidopsis_thaliana)_(DBD_0.79)

letter-probability matrix: alength= 4 w= 8 nsites= 1 E= 0
  0.311057	  0.200044	  0.222247	  0.266652	
  0.417810	  0.029982	  0.537142	  0.015066	
  0.000112	  0.000112	  0.999663	  0.000112	
  0.000112	  0.000112	  0.000112	  0.999663	
  0.000112	  0.999663	  0.000112	  0.000112	
  0.999663	  0.000112	  0.000112	  0.000112	
  0.999663	  0.000112	  0.000112	  0.000112	
  0.349143	  0.539499	  0.016022	  0.095336	

URL http://cisbp.ccbr.utoronto.ca/TFreport.php?versionNumber=2.00&searchTF=T354607_2.00

MOTIF M01090_2.00 (SELMODRAFT_113487)_(Arabidopsis_thaliana)_(DBD_0.63)

letter-probability matrix: alength= 4 w= 9 nsites= 1 E= 0
  0.426335	  0.115034	  0.401507	  0.057124	
  0.007902	  0.000086	  0.979618	  0.012393	
  0.000409	  0.000393	  0.001266	  0.997932	
  0.045912	  0.950250	  0.001386	  0.002452	
  0.895975	  0.055585	  0.009659	  0.038780	
  0.895657	  0.007520	  0.075759	  0.021064	
  0.084755	  0.706102	  0.056247	  0.152896	
  0.136430	  0.193603	  0.485806	  0.184161	
  0.204341	  0.314124	  0.262378	  0.219157	

URL http://cisbp.ccbr.utoronto.ca/TFreport.php?versionNumber=2.00&searchTF=T354601_2.00

MOTIF M01094_2.00 (SELMODRAFT_104978)_(Arabidopsis_thaliana)_(DBD_0.84)

letter-probability matrix: alength= 4 w= 10 nsites= 1 E= 0
  0.144382	  0.416741	  0.200831	  0.238046	
  0.139522	  0.501810	  0.099307	  0.259361	
  0.592363	  0.008794	  0.393122	  0.005721	
  0.005119	  0.985295	  0.000534	  0.009052	
  0.007070	  0.988159	  0.000610	  0.004161	
  0.002109	  0.006464	  0.988523	  0.002904	
  0.898754	  0.038130	  0.022220	  0.040895	
  0.004424	  0.989248	  0.000649	  0.005680	
  0.704948	  0.041187	  0.184588	  0.069278	
  0.227963	  0.284060	  0.295652	  0.192325	

URL http://cisbp.ccbr.utoronto.ca/TFreport.php?versionNumber=2.00&searchTF=T005123_2.00

MOTIF M01095_2.00 (SELMODRAFT_37123)_(Cannabis_sativa)_(DBD_0.73)

letter-probability matrix: alength= 4 w= 10 nsites= 1 E= 0
  0.252836	  0.279427	  0.191090	  0.276647	
  0.247369	  0.296155	  0.249855	  0.206620	
  0.229735	  0.300945	  0.269597	  0.199722	
  0.130951	  0.130951	  0.668356	  0.069743	
  0.063344	  0.670877	  0.165436	  0.100342	
  0.109389	  0.784393	  0.028358	  0.077860	
  0.152323	  0.003374	  0.817299	  0.027005	
  0.108163	  0.568860	  0.167945	  0.155033	
  0.067400	  0.812932	  0.045180	  0.074489	
  0.274887	  0.283259	  0.283259	  0.158596	

URL http://cisbp.ccbr.utoronto.ca/TFreport.php?versionNumber=2.00&searchTF=T005150_2.00

MOTIF M01097_2.00 (SELMODRAFT_27203)_(Cannabis_sativa)_(DBD_0.80)

letter-probability matrix: alength= 4 w= 9 nsites= 1 E= 0
  0.138239	  0.346882	  0.272867	  0.242011	
  0.190987	  0.534968	  0.166036	  0.108008	
  0.608475	  0.002140	  0.384120	  0.005264	
  0.000376	  0.993425	  0.005059	  0.001140	
  0.000934	  0.994484	  0.000044	  0.004537	
  0.010438	  0.001546	  0.977987	  0.010029	
  0.441186	  0.411359	  0.042926	  0.104529	
  0.075346	  0.790043	  0.031883	  0.102728	
  0.367281	  0.227267	  0.086153	  0.319299	

URL http://cisbp.ccbr.utoronto.ca/TFreport.php?versionNumber=2.00&searchTF=T005147_2.00

MOTIF M01098_2.00 (SELMODRAFT_105485)_(Cannabis_sativa)_(DBD_0.88)

letter-probability matrix: alength= 4 w= 10 nsites= 1 E= 0
  0.200274	  0.307061	  0.292392	  0.200274	
  0.096050	  0.621178	  0.096050	  0.186722	
  0.000064	  0.999807	  0.000064	  0.000064	
  0.999807	  0.000064	  0.000064	  0.000064	
  0.000064	  0.999807	  0.000064	  0.000064	
  0.000064	  0.999807	  0.000064	  0.000064	
  0.000064	  0.000064	  0.999807	  0.000064	
  0.000064	  0.999807	  0.000064	  0.000064	
  0.134046	  0.574343	  0.049790	  0.241821	
  0.335896	  0.270801	  0.239289	  0.154014	

URL http://cisbp.ccbr.utoronto.ca/TFreport.php?versionNumber=2.00&searchTF=T005125_2.00

MOTIF M01099_2.00 (SELMODRAFT_19889)_(Cannabis_sativa)_(DBD_0.80)

letter-probability matrix: alength= 4 w= 8 nsites= 1 E= 0
  0.080272	  0.878994	  0.000399	  0.040335	
  0.000333	  0.000333	  0.999001	  0.000333	
  0.000333	  0.965712	  0.033622	  0.000333	
  0.000333	  0.999001	  0.000333	  0.000333	
  0.000333	  0.000333	  0.999001	  0.000333	
  0.066911	  0.632823	  0.100200	  0.200067	
  0.138085	  0.826791	  0.000344	  0.034780	
  0.649202	  0.050399	  0.250000	  0.050399	

URL http://cisbp.ccbr.utoronto.ca/TFreport.php?versionNumber=2.00&searchTF=T005143_2.00

MOTIF M01100_2.00 (SELMODRAFT_49949)_(Cannabis_sativa)_(DBD_0.74)

letter-probability matrix: alength= 4 w= 10 nsites= 1 E= 0
  0.168379	  0.360042	  0.313005	  0.158574	
  0.208224	  0.607051	  0.086368	  0.098358	
  0.026595	  0.000012	  0.973348	  0.000045	
  0.015846	  0.937230	  0.021822	  0.025102	
  0.104784	  0.864284	  0.010195	  0.020737	
  0.045248	  0.024341	  0.908823	  0.021588	
  0.135226	  0.453478	  0.104266	  0.307030	
  0.217682	  0.603673	  0.045288	  0.133357	
  0.485314	  0.140442	  0.158348	  0.215896	
  0.271832	  0.191557	  0.173328	  0.363284	

URL http://cisbp.ccbr.utoronto.ca/TFreport.php?versionNumber=2.00&searchTF=T005183_2.00

MOTIF M01106_2.00 (SELMODRAFT_426474)_(Trichomonas_vaginalis)_(DBD_0.56)

letter-probability matrix: alength= 4 w= 8 nsites= 1 E= 0
  0.483861	  0.092001	  0.215250	  0.208888	
  0.550968	  0.140005	  0.167616	  0.141412	
  0.561595	  0.058603	  0.114524	  0.265279	
  0.513647	  0.040106	  0.069515	  0.376733	
  0.597236	  0.037424	  0.030948	  0.334392	
  0.763937	  0.036910	  0.033733	  0.165420	
  0.582011	  0.007741	  0.027840	  0.382408	
  0.380653	  0.020326	  0.002038	  0.596983	

URL http://cisbp.ccbr.utoronto.ca/TFreport.php?versionNumber=2.00&searchTF=T017794_2.00

MOTIF M01120_2.00 (SELMODRAFT_114141)_(Cannabis_sativa)_(DBD_0.92)

letter-probability matrix: alength= 4 w= 8 nsites= 1 E= 0
  0.083887	  0.582226	  0.083887	  0.250000	
  0.000525	  0.998424	  0.000525	  0.000525	
  0.998424	  0.000525	  0.000525	  0.000525	
  0.000525	  0.998424	  0.000525	  0.000525	
  0.000525	  0.000525	  0.998424	  0.000525	
  0.000525	  0.000525	  0.000525	  0.998424	
  0.000525	  0.000525	  0.998424	  0.000525	
  0.285613	  0.570513	  0.071937	  0.071937	

URL http://cisbp.ccbr.utoronto.ca/TFreport.php?versionNumber=2.00&searchTF=T044549_2.00

MOTIF M01122_2.00 (SELMODRAFT_439190)_(Cannabis_sativa)_(DBD_1.00)

letter-probability matrix: alength= 4 w= 8 nsites= 1 E= 0
  0.167219	  0.498344	  0.167219	  0.167219	
  0.000996	  0.997012	  0.000996	  0.000996	
  0.997012	  0.000996	  0.000996	  0.000996	
  0.000996	  0.997012	  0.000996	  0.000996	
  0.000996	  0.000996	  0.997012	  0.000996	
  0.000996	  0.000996	  0.000996	  0.997012	
  0.000996	  0.000996	  0.997012	  0.000996	
  0.125622	  0.747512	  0.125622	  0.001244	

URL http://cisbp.ccbr.utoronto.ca/TFreport.php?versionNumber=2.00&searchTF=T044607_2.00

MOTIF M01123_2.00 (SELMODRAFT_412681)_(Cannabis_sativa)_(DBD_0.82)

letter-probability matrix: alength= 4 w= 8 nsites= 1 E= 0
  0.235329	  0.294014	  0.059272	  0.411385	
  0.000434	  0.998698	  0.000434	  0.000434	
  0.998698	  0.000434	  0.000434	  0.000434	
  0.000434	  0.998698	  0.000434	  0.000434	
  0.000434	  0.000434	  0.998698	  0.000434	
  0.000434	  0.000434	  0.000434	  0.998698	
  0.000434	  0.000434	  0.998698	  0.000434	
  0.067154	  0.532580	  0.200133	  0.200133	

URL http://cisbp.ccbr.utoronto.ca/TFreport.php?versionNumber=2.00&searchTF=T044584_2.00

MOTIF M01127_2.00 (SELMODRAFT_34848)_(Cannabis_sativa)_(DBD_0.64)

letter-probability matrix: alength= 4 w= 10 nsites= 1 E= 0
  0.307877	  0.270817	  0.210653	  0.210653	
  0.456249	  0.117218	  0.309315	  0.117218	
  0.000009	  0.999974	  0.000009	  0.000009	
  0.999974	  0.000009	  0.000009	  0.000009	
  0.000009	  0.999974	  0.000009	  0.000009	
  0.000009	  0.000009	  0.999974	  0.000009	
  0.000009	  0.000009	  0.000009	  0.999974	
  0.000009	  0.000009	  0.999974	  0.000009	
  0.039356	  0.743386	  0.096901	  0.120357	
  0.226376	  0.281883	  0.253279	  0.238462	

URL http://cisbp.ccbr.utoronto.ca/TFreport.php?versionNumber=2.00&searchTF=T044565_2.00

MOTIF M01133_2.00 (SELMODRAFT_177659)_(Arabidopsis_thaliana)_(DBD_0.53)

letter-probability matrix: alength= 4 w= 10 nsites= 1 E= 0
  0.396993	  0.331597	  0.059975	  0.211435	
  0.032203	  0.483981	  0.255200	  0.228617	
  0.940423	  0.007896	  0.024936	  0.026745	
  0.002033	  0.924834	  0.054034	  0.019099	
  0.001529	  0.104032	  0.884215	  0.010224	
  0.000849	  0.017058	  0.003024	  0.979069	
  0.011490	  0.000056	  0.983830	  0.004625	
  0.000000	  0.035009	  0.642652	  0.322339	
  0.281052	  0.644541	  0.015935	  0.058471	
  0.423767	  0.230254	  0.188516	  0.157462	

URL http://cisbp.ccbr.utoronto.ca/TFreport.php?versionNumber=2.00&searchTF=T067847_2.00

MOTIF M01154_2.00 (SELMODRAFT_17884)_(Cannabis_sativa)_(DBD_0.52)

letter-probability matrix: alength= 4 w= 10 nsites= 1 E= 0
  0.207637	  0.374574	  0.231780	  0.186008	
  0.174524	  0.296505	  0.159503	  0.369468	
  0.179985	  0.219834	  0.344769	  0.255411	
  0.560855	  0.106640	  0.181175	  0.151330	
  0.031341	  0.648673	  0.156793	  0.163192	
  0.116412	  0.109633	  0.711331	  0.062623	
  0.093377	  0.131189	  0.042804	  0.732630	
  0.167926	  0.048595	  0.667488	  0.115992	
  0.074228	  0.124853	  0.458123	  0.342797	
  0.268273	  0.358527	  0.215294	  0.157907	

URL http://cisbp.ccbr.utoronto.ca/TFreport.php?versionNumber=2.00&searchTF=T067848_2.00

MOTIF M01159_2.00 (SELMODRAFT_129846)_(Cannabis_sativa)_(DBD_0.89)

letter-probability matrix: alength= 4 w= 13 nsites= 1 E= 0
  0.227379	  0.227379	  0.227379	  0.317864	
  0.301390	  0.202708	  0.293194	  0.202708	
  0.202708	  0.202708	  0.202708	  0.391875	
  0.202708	  0.202708	  0.202708	  0.391875	
  0.347050	  0.063248	  0.161972	  0.427730	
  0.725392	  0.100069	  0.090041	  0.084499	
  0.279049	  0.621962	  0.000154	  0.098835	
  0.815016	  0.094789	  0.000154	  0.090041	
  0.112662	  0.022775	  0.657528	  0.207035	
  0.147360	  0.663113	  0.047445	  0.142081	
  0.131790	  0.047445	  0.047445	  0.773319	
  0.321593	  0.047445	  0.488881	  0.142081	
  0.186906	  0.186906	  0.307608	  0.318580	

URL http://cisbp.ccbr.utoronto.ca/TFreport.php?versionNumber=2.00&searchTF=T067843_2.00

MOTIF M01160_2.00 (SELMODRAFT_125734)_(Cannabis_sativa)_(DBD_0.67)

letter-probability matrix: alength= 4 w= 10 nsites= 1 E= 0
  0.373896	  0.117211	  0.250630	  0.258263	
  0.132714	  0.167033	  0.272651	  0.427602	
  0.045729	  0.047596	  0.540634	  0.366040	
  0.268831	  0.716289	  0.014645	  0.000236	
  0.016751	  0.942443	  0.001614	  0.039192	
  0.960392	  0.000777	  0.037613	  0.001218	
  0.052931	  0.787600	  0.100383	  0.059086	
  0.088521	  0.064279	  0.831506	  0.015693	
  0.050501	  0.049008	  0.027440	  0.873051	
  0.277511	  0.218298	  0.452985	  0.051206	

URL http://cisbp.ccbr.utoronto.ca/TFreport.php?versionNumber=2.00&searchTF=T067841_2.00

MOTIF M01162_2.00 (SELMODRAFT_227594)_(Cannabis_sativa)_(DBD_0.58)

letter-probability matrix: alength= 4 w= 15 nsites= 1 E= 0
  0.225519	  0.225519	  0.225519	  0.323442	
  0.205720	  0.205720	  0.382840	  0.205720	
  0.400671	  0.317856	  0.140736	  0.140736	
  0.159571	  0.675221	  0.082604	  0.082604	
  0.818523	  0.060492	  0.060492	  0.060492	
  0.118712	  0.799117	  0.041086	  0.041086	
  0.108912	  0.020465	  0.767676	  0.102947	
  0.165562	  0.000148	  0.000148	  0.834143	
  0.267669	  0.024629	  0.683074	  0.024629	
  0.044428	  0.044428	  0.044428	  0.866717	
  0.515326	  0.188884	  0.109411	  0.186379	
  0.255991	  0.167544	  0.167544	  0.408922	
  0.189656	  0.189656	  0.353407	  0.267282	
  0.209062	  0.209062	  0.209062	  0.372813	
  0.229683	  0.229683	  0.229683	  0.310952	

URL http://cisbp.ccbr.utoronto.ca/TFreport.php?versionNumber=2.00&searchTF=T067853_2.00

