MEME version 4

ALPHABET= ACGT

strands: + -

Background letter frequencies (from uniform background):
A 0.25000 C 0.25000 G 0.25000 T 0.25000 

MOTIF M00060_2.00 (M408DRAFT_64444)_(Saccharomyces_cerevisiae)_(DBD_0.47)

letter-probability matrix: alength= 4 w= 9 nsites= 1 E= 0
  0.320154	  0.181055	  0.206191	  0.292599	
  0.231700	  0.238756	  0.197442	  0.332102	
  0.223589	  0.242212	  0.287095	  0.247105	
  0.161512	  0.025143	  0.029212	  0.784133	
  0.138264	  0.051376	  0.075881	  0.734480	
  0.092315	  0.709959	  0.122145	  0.075581	
  0.148989	  0.381409	  0.144586	  0.325016	
  0.473500	  0.149928	  0.202381	  0.174191	
  0.182247	  0.285820	  0.153755	  0.378177	

URL http://cisbp.ccbr.utoronto.ca/TFreport.php?versionNumber=2.00&searchTF=T241102_2.00

MOTIF M00061_2.00 (M408DRAFT_138020)_(Saccharomyces_cerevisiae)_(DBD_0.60)

letter-probability matrix: alength= 4 w= 8 nsites= 1 E= 0
  0.726984	  0.045578	  0.075863	  0.151575	
  0.056906	  0.193208	  0.068264	  0.681622	
  0.064288	  0.064288	  0.871332	  0.000092	
  0.000090	  0.000090	  0.999730	  0.000090	
  0.000090	  0.972713	  0.027107	  0.000090	
  0.000090	  0.963707	  0.009096	  0.027107	
  0.586810	  0.119622	  0.293459	  0.000109	
  0.142918	  0.057253	  0.742576	  0.057253	

URL http://cisbp.ccbr.utoronto.ca/TFreport.php?versionNumber=2.00&searchTF=T241099_2.00

MOTIF M00070_2.00 (M408DRAFT_11440)_(Saccharomyces_cerevisiae)_(DBD_0.36)

letter-probability matrix: alength= 4 w= 11 nsites= 1 E= 0
  0.268573	  0.272224	  0.178881	  0.280322	
  0.509793	  0.098806	  0.292595	  0.098806	
  0.848016	  0.050661	  0.050661	  0.050661	
  0.999893	  0.000036	  0.000036	  0.000036	
  0.000036	  0.903786	  0.000036	  0.096142	
  0.903786	  0.000036	  0.000036	  0.096142	
  0.999893	  0.000036	  0.000036	  0.000036	
  0.000036	  0.000036	  0.000036	  0.999893	
  0.591260	  0.071155	  0.071155	  0.266431	
  0.345743	  0.151230	  0.257625	  0.245401	
  0.199374	  0.199374	  0.199374	  0.401877	

URL http://cisbp.ccbr.utoronto.ca/TFreport.php?versionNumber=2.00&searchTF=T331029_2.00

MOTIF M00407_2.00 (M408DRAFT_25367)_(Mus_musculus)_(DBD_0.50)

letter-probability matrix: alength= 4 w= 9 nsites= 1 E= 0
  0.295464	  0.173911	  0.204087	  0.326538	
  0.083726	  0.082068	  0.055565	  0.778641	
  0.003120	  0.034053	  0.960935	  0.001893	
  0.873497	  0.000758	  0.057541	  0.068204	
  0.019591	  0.939245	  0.007207	  0.033956	
  0.851816	  0.012030	  0.105359	  0.030796	
  0.150397	  0.123135	  0.540925	  0.185542	
  0.147020	  0.354449	  0.343974	  0.154557	
  0.187865	  0.236447	  0.144854	  0.430834	

URL http://cisbp.ccbr.utoronto.ca/TFreport.php?versionNumber=2.00&searchTF=T220331_2.00

MOTIF M00417_2.00 (M408DRAFT_287766)_(Mus_musculus)_(DBD_0.51)

letter-probability matrix: alength= 4 w= 8 nsites= 1 E= 0
  0.281218	  0.216834	  0.307701	  0.194247	
  0.129122	  0.376440	  0.129122	  0.365315	
  0.165282	  0.184501	  0.049782	  0.600435	
  0.689510	  0.110607	  0.091467	  0.108417	
  0.925332	  0.042528	  0.028507	  0.003633	
  0.103670	  0.106828	  0.082370	  0.707132	
  0.155855	  0.155855	  0.181078	  0.507211	
  0.479837	  0.103902	  0.258126	  0.158135	

URL http://cisbp.ccbr.utoronto.ca/TFreport.php?versionNumber=2.00&searchTF=T220334_2.00

MOTIF M01037_2.00 (M408DRAFT_27403)_(Candida_albicans)_(DBD_0.82)

letter-probability matrix: alength= 4 w= 8 nsites= 1 E= 0
  0.193022	  0.543654	  0.228086	  0.035238	
  0.000143	  0.899629	  0.000143	  0.100086	
  0.071531	  0.913906	  0.014420	  0.000143	
  0.000143	  0.999572	  0.000143	  0.000143	
  0.000143	  0.856796	  0.000143	  0.142918	
  0.000143	  0.014420	  0.014420	  0.971017	
  0.048517	  0.032398	  0.612669	  0.306415	
  0.522480	  0.045640	  0.204587	  0.227293	

URL http://cisbp.ccbr.utoronto.ca/TFreport.php?versionNumber=2.00&searchTF=T122163_2.00

MOTIF M01102_2.00 (M408DRAFT_65368)_(PBM_CONSTRUCTS)_(DBD_0.73)

letter-probability matrix: alength= 4 w= 8 nsites= 1 E= 0
  0.520400	  0.150739	  0.150739	  0.178122	
  0.168349	  0.386085	  0.237629	  0.207937	
  0.828862	  0.000085	  0.162423	  0.008630	
  0.000085	  0.999744	  0.000085	  0.000085	
  0.000085	  0.000085	  0.982656	  0.017174	
  0.008630	  0.957023	  0.000085	  0.034262	
  0.008630	  0.017174	  0.965567	  0.008630	
  0.562344	  0.150050	  0.000125	  0.287481	

URL http://cisbp.ccbr.utoronto.ca/TFreport.php?versionNumber=2.00&searchTF=T012065_2.00

MOTIF M01147_2.00 (M408DRAFT_52746)_(Neurospora_crassa)_(DBD_0.64)

letter-probability matrix: alength= 4 w= 10 nsites= 1 E= 0
  0.256344	  0.201648	  0.261523	  0.280485	
  0.466416	  0.147685	  0.263770	  0.122129	
  0.056276	  0.045162	  0.000477	  0.898085	
  0.076513	  0.037995	  0.643848	  0.241643	
  0.796372	  0.031502	  0.085633	  0.086493	
  0.072044	  0.711432	  0.042832	  0.173691	
  0.178754	  0.047276	  0.689532	  0.084438	
  0.163925	  0.196254	  0.078997	  0.560825	
  0.373050	  0.284779	  0.165954	  0.176216	
  0.318316	  0.178225	  0.258022	  0.245438	

URL http://cisbp.ccbr.utoronto.ca/TFreport.php?versionNumber=2.00&searchTF=T064273_2.00

MOTIF M01198_2.00 (M408DRAFT_49603)_(Neurospora_crassa)_(DBD_0.80)

letter-probability matrix: alength= 4 w= 8 nsites= 1 E= 0
  0.008032	  0.985829	  0.000534	  0.005604	
  0.000361	  0.758996	  0.000317	  0.240326	
  0.065429	  0.872155	  0.039290	  0.023126	
  0.000001	  0.999660	  0.000134	  0.000205	
  0.499172	  0.000032	  0.489288	  0.011507	
  0.139979	  0.376715	  0.252520	  0.230786	
  0.284498	  0.230610	  0.244870	  0.240021	
  0.280918	  0.298289	  0.261926	  0.158866	

URL http://cisbp.ccbr.utoronto.ca/TFreport.php?versionNumber=2.00&searchTF=T122200_2.00

MOTIF M01250_2.00 (M408DRAFT_332781)_(Cannabis_sativa)_(DBD_0.43)

letter-probability matrix: alength= 4 w= 10 nsites= 1 E= 0
  0.154185	  0.289499	  0.184593	  0.371724	
  0.148554	  0.395816	  0.079119	  0.376512	
  0.776126	  0.073282	  0.080183	  0.070409	
  0.945049	  0.027695	  0.004355	  0.022902	
  0.013548	  0.014676	  0.002819	  0.968958	
  0.478599	  0.330585	  0.066744	  0.124072	
  0.973681	  0.005371	  0.009690	  0.011258	
  0.063163	  0.030136	  0.047738	  0.858963	
  0.243186	  0.061795	  0.294073	  0.400946	
  0.199155	  0.233710	  0.377693	  0.189442	

URL http://cisbp.ccbr.utoronto.ca/TFreport.php?versionNumber=2.00&searchTF=T220338_2.00

MOTIF M01418_2.00 (M408DRAFT_332528)_(Schizophyllum_commune)_(DBD_0.79)

letter-probability matrix: alength= 4 w= 10 nsites= 1 E= 0
  0.250902	  0.143428	  0.143428	  0.462243	
  0.333752	  0.137853	  0.049134	  0.479262	
  0.000113	  0.426315	  0.000113	  0.573459	
  0.000113	  0.999662	  0.000113	  0.000113	
  0.000113	  0.000113	  0.999662	  0.000113	
  0.000113	  0.000113	  0.999662	  0.000113	
  0.910943	  0.000113	  0.088832	  0.000113	
  0.999662	  0.000113	  0.000113	  0.000113	
  0.106685	  0.288552	  0.205358	  0.399405	
  0.200979	  0.397063	  0.200979	  0.200979	

URL http://cisbp.ccbr.utoronto.ca/TFreport.php?versionNumber=2.00&searchTF=T372587_2.00

MOTIF M01419_2.00 (M408DRAFT_88636)_(Schizophyllum_commune)_(DBD_0.80)

letter-probability matrix: alength= 4 w= 8 nsites= 1 E= 0
  0.000554	  0.222284	  0.554878	  0.222284	
  0.832363	  0.042013	  0.000416	  0.125208	
  0.000399	  0.160144	  0.000399	  0.839058	
  0.000399	  0.998802	  0.000399	  0.000399	
  0.000399	  0.040335	  0.958866	  0.000399	
  0.000399	  0.000399	  0.998802	  0.000399	
  0.911892	  0.043837	  0.043837	  0.000434	
  0.266622	  0.200133	  0.532580	  0.000665	

URL http://cisbp.ccbr.utoronto.ca/TFreport.php?versionNumber=2.00&searchTF=T372597_2.00

MOTIF M01558_2.00 (M408DRAFT_79374)_(Saccharomyces_cerevisiae)_(DBD_0.85)

letter-probability matrix: alength= 4 w= 10 nsites= 1 E= 0
  0.112022	  0.583295	  0.081344	  0.223339	
  0.214189	  0.229719	  0.346145	  0.209947	
  0.417547	  0.152079	  0.229155	  0.201220	
  0.584466	  0.060382	  0.129114	  0.226037	
  0.385008	  0.091219	  0.093997	  0.429776	
  0.301324	  0.230024	  0.179143	  0.289509	
  0.257339	  0.273252	  0.284403	  0.185007	
  0.278132	  0.034747	  0.644255	  0.042867	
  0.109929	  0.000794	  0.742363	  0.146913	
  0.392464	  0.185387	  0.181716	  0.240434	

URL http://cisbp.ccbr.utoronto.ca/TFreport.php?versionNumber=2.00&searchTF=T254603_2.00

MOTIF M01566_2.00 (M408DRAFT_328926)_(Saccharomyces_cerevisiae)_(DBD_0.59)

letter-probability matrix: alength= 4 w= 8 nsites= 1 E= 0
  0.270726	  0.299198	  0.159350	  0.270726	
  0.171103	  0.404343	  0.058690	  0.365865	
  0.701225	  0.048078	  0.204963	  0.045733	
  0.053179	  0.447494	  0.090348	  0.408979	
  0.407307	  0.049381	  0.055677	  0.487635	
  0.525518	  0.097943	  0.128302	  0.248237	
  0.510778	  0.094249	  0.117441	  0.277532	
  0.343791	  0.175921	  0.275898	  0.204391	

URL http://cisbp.ccbr.utoronto.ca/TFreport.php?versionNumber=2.00&searchTF=T331035_2.00

MOTIF M01567_2.00 (M408DRAFT_329006)_(Saccharomyces_cerevisiae)_(DBD_0.88)

letter-probability matrix: alength= 4 w= 7 nsites= 1 E= 0
  0.315311	  0.189343	  0.207174	  0.288172	
  0.345705	  0.141966	  0.211788	  0.300541	
  0.271982	  0.110580	  0.155359	  0.462079	
  0.583542	  0.000869	  0.110954	  0.304636	
  0.219565	  0.006434	  0.188981	  0.585020	
  0.934996	  0.000354	  0.051964	  0.012687	
  0.422777	  0.000471	  0.095282	  0.481470	

URL http://cisbp.ccbr.utoronto.ca/TFreport.php?versionNumber=2.00&searchTF=T342675_2.00

MOTIF M01654_2.00 (M408DRAFT_90728)_(Neurospora_crassa)_(DBD_0.66)

letter-probability matrix: alength= 4 w= 9 nsites= 1 E= 0
  0.267934	  0.217183	  0.260016	  0.254867	
  0.253271	  0.236148	  0.207361	  0.303220	
  0.244019	  0.201794	  0.295080	  0.259108	
  0.555310	  0.001732	  0.212624	  0.230333	
  0.031649	  0.841093	  0.000193	  0.127065	
  0.319537	  0.007220	  0.669729	  0.003514	
  0.097180	  0.809624	  0.007005	  0.086191	
  0.054095	  0.015344	  0.871960	  0.058601	
  0.292764	  0.177570	  0.157491	  0.372176	

URL http://cisbp.ccbr.utoronto.ca/TFreport.php?versionNumber=2.00&searchTF=T012066_2.00

MOTIF M02014_2.00 (M408DRAFT_61538)_(Dictyostelium_discoideum)_(DBD_0.72)

letter-probability matrix: alength= 4 w= 9 nsites= 1 E= 0
  0.219716	  0.265691	  0.183522	  0.331071	
  0.250434	  0.265920	  0.243032	  0.240614	
  0.444513	  0.386441	  0.083678	  0.085369	
  0.084304	  0.006517	  0.866469	  0.042710	
  0.921264	  0.013273	  0.007735	  0.057728	
  0.016068	  0.014394	  0.000001	  0.969537	
  0.152074	  0.546954	  0.164739	  0.136233	
  0.135109	  0.205631	  0.261408	  0.397853	
  0.296179	  0.230665	  0.242491	  0.230665	

URL http://cisbp.ccbr.utoronto.ca/TFreport.php?versionNumber=2.00&searchTF=T194005_2.00

MOTIF M02143_2.00 (M408DRAFT_258951)_(Nematostella_vectensis)_(DBD_0.44)

letter-probability matrix: alength= 4 w= 8 nsites= 1 E= 0
  0.197481	  0.283055	  0.203495	  0.315968	
  0.159614	  0.085009	  0.054204	  0.701174	
  0.623566	  0.079476	  0.133681	  0.163278	
  0.868297	  0.028404	  0.061346	  0.041952	
  0.031540	  0.074534	  0.072331	  0.821596	
  0.168804	  0.101366	  0.116599	  0.613230	
  0.357886	  0.081468	  0.441516	  0.119130	
  0.262360	  0.221344	  0.336877	  0.179418	

URL http://cisbp.ccbr.utoronto.ca/TFreport.php?versionNumber=2.00&searchTF=T220332_2.00

MOTIF M02590_2.00 (M408DRAFT_36178)_(Neurospora_crassa)_(DBD_0.54)

letter-probability matrix: alength= 4 w= 9 nsites= 1 E= 0
  0.220869	  0.310309	  0.212209	  0.256613	
  0.192235	  0.375673	  0.127577	  0.304515	
  0.000093	  0.983943	  0.000607	  0.015357	
  0.000216	  0.021661	  0.978024	  0.000099	
  0.005502	  0.000393	  0.987517	  0.006588	
  0.503501	  0.179753	  0.210942	  0.105804	
  0.400444	  0.125534	  0.129357	  0.344665	
  0.295135	  0.277947	  0.223058	  0.203860	
  0.226877	  0.271621	  0.248243	  0.253258	

URL http://cisbp.ccbr.utoronto.ca/TFreport.php?versionNumber=2.00&searchTF=T372589_2.00

MOTIF M02698_2.00 (M408DRAFT_329933)_(Arabidopsis_thaliana)_(DBD_0.86)

letter-probability matrix: alength= 4 w= 11 nsites= 1 E= 0
  0.140000	  0.450000	  0.230000	  0.180000	
  0.160000	  0.270000	  0.550000	  0.020000	
  0.000000	  0.919192	  0.040404	  0.040404	
  0.000000	  0.050000	  0.930000	  0.020000	
  0.040404	  0.939394	  0.000000	  0.020202	
  0.040404	  0.020202	  0.020202	  0.919192	
  0.080808	  0.000000	  0.858586	  0.060606	
  0.960000	  0.000000	  0.020000	  0.020000	
  0.040000	  0.040000	  0.920000	  0.000000	
  0.020000	  0.550000	  0.260000	  0.170000	
  0.151515	  0.323232	  0.242424	  0.282828	

URL http://cisbp.ccbr.utoronto.ca/TFreport.php?versionNumber=2.00&searchTF=T273876_2.00

MOTIF M03325_2.00 (M408DRAFT_16639)_(Homo_sapiens)_(DBD_0.34)

letter-probability matrix: alength= 4 w= 13 nsites= 1 E= 0
  0.020328	  0.009544	  0.960775	  0.009353	
  0.949448	  0.012827	  0.007545	  0.030180	
  0.835297	  0.031862	  0.023565	  0.109276	
  0.190722	  0.330287	  0.220522	  0.258468	
  0.282209	  0.216946	  0.366147	  0.134698	
  0.132278	  0.029511	  0.033109	  0.805102	
  0.071022	  0.004158	  0.070598	  0.854221	
  0.000793	  0.997721	  0.001189	  0.000297	
  0.001746	  0.253412	  0.212253	  0.532589	
  0.568436	  0.183625	  0.244438	  0.003501	
  0.006769	  0.010733	  0.973409	  0.009089	
  0.848033	  0.082975	  0.007666	  0.061326	
  0.712607	  0.078998	  0.072627	  0.135768	

URL http://cisbp.ccbr.utoronto.ca/TFreport.php?versionNumber=2.00&searchTF=T241100_2.00

MOTIF M03761_2.00 (M408DRAFT_299155)_(Drosophila_melanogaster)_(DBD_0.63)

letter-probability matrix: alength= 4 w= 8 nsites= 1 E= 0
  0.223431	  0.206679	  0.466469	  0.103420	
  0.308898	  0.477701	  0.025315	  0.188086	
  0.000000	  0.000000	  1.000000	  0.000000	
  0.999515	  0.000485	  0.000000	  0.000000	
  0.000000	  0.000000	  0.000000	  1.000000	
  0.999946	  0.000054	  0.000000	  0.000000	
  1.000000	  0.000000	  0.000000	  0.000000	
  0.024249	  0.421465	  0.504790	  0.049496	

URL http://cisbp.ccbr.utoronto.ca/TFreport.php?versionNumber=2.00&searchTF=T194000_2.00

MOTIF M08452_2.00 (M408DRAFT_66182)_(Saccharomyces_cerevisiae)_(DBD_0.71)

letter-probability matrix: alength= 4 w= 5 nsites= 1 E= 0
  0.000000	  0.000000	  0.000000	  1.000000	
  0.000000	  0.000000	  0.010160	  0.989840	
  0.005578	  0.000000	  0.994422	  0.000000	
  0.000000	  0.000000	  0.998223	  0.001777	
  0.158006	  0.378979	  0.030665	  0.432350	

URL http://cisbp.ccbr.utoronto.ca/TFreport.php?versionNumber=2.00&searchTF=T160115_2.00

