MEME version 4

ALPHABET= ACGT

strands: + -

Background letter frequencies (from uniform background):
A 0.25000 C 0.25000 G 0.25000 T 0.25000 

MOTIF M00112_2.00 (TELCIR_24906)_(Mus_musculus)_(DBD_0.77)

letter-probability matrix: alength= 4 w= 10 nsites= 1 E= 0
  0.000019	  0.999823	  0.000038	  0.000120	
  0.000091	  0.899183	  0.000093	  0.100634	
  0.023042	  0.234469	  0.177208	  0.565281	
  0.107618	  0.390953	  0.394882	  0.106547	
  0.537857	  0.155647	  0.286458	  0.020037	
  0.051649	  0.000023	  0.948115	  0.000213	
  0.000014	  0.000011	  0.999930	  0.000045	
  0.000011	  0.667311	  0.331377	  0.001301	
  0.201422	  0.246017	  0.349115	  0.203446	
  0.598826	  0.108307	  0.129667	  0.163199	

URL http://cisbp.ccbr.utoronto.ca/TFreport.php?versionNumber=2.00&searchTF=T011585_2.00

MOTIF M00115_2.00 (TELCIR_05728)_(Mus_musculus)_(DBD_0.78)

letter-probability matrix: alength= 4 w= 9 nsites= 1 E= 0
  0.246578	  0.267115	  0.232219	  0.254088	
  0.378326	  0.089636	  0.246105	  0.285933	
  0.932211	  0.020037	  0.024473	  0.023279	
  0.109459	  0.057143	  0.094212	  0.739186	
  0.198441	  0.333784	  0.113351	  0.354424	
  0.708755	  0.056459	  0.138866	  0.095920	
  0.607308	  0.100387	  0.141039	  0.151265	
  0.519306	  0.108039	  0.187259	  0.185396	
  0.347377	  0.202433	  0.185010	  0.265180	

URL http://cisbp.ccbr.utoronto.ca/TFreport.php?versionNumber=2.00&searchTF=T016738_2.00

MOTIF M00126_2.00 (TELCIR_07015)_(Mus_musculus)_(DBD_0.44)

letter-probability matrix: alength= 4 w= 13 nsites= 1 E= 0
  0.311331	  0.229556	  0.229556	  0.229556	
  0.263927	  0.336617	  0.247677	  0.151778	
  0.046512	  0.046512	  0.860463	  0.046512	
  0.020238	  0.020238	  0.020238	  0.939286	
  0.020238	  0.939286	  0.020238	  0.020238	
  0.919257	  0.000209	  0.000209	  0.080326	
  0.000209	  0.000209	  0.999374	  0.000209	
  0.000209	  0.999374	  0.000209	  0.000209	
  0.938043	  0.020652	  0.020652	  0.020652	
  0.403239	  0.220542	  0.175901	  0.200318	
  0.203696	  0.203696	  0.203696	  0.388911	
  0.229971	  0.229971	  0.229971	  0.310088	
  0.229971	  0.229971	  0.229971	  0.310088	

URL http://cisbp.ccbr.utoronto.ca/TFreport.php?versionNumber=2.00&searchTF=T075384_2.00

MOTIF M00134_2.00 (TELCIR_10559)_(Mus_musculus)_(DBD_0.83)

letter-probability matrix: alength= 4 w= 10 nsites= 1 E= 0
  0.234441	  0.180766	  0.414554	  0.170239	
  0.219242	  0.497789	  0.115605	  0.167365	
  0.177318	  0.538047	  0.076550	  0.208085	
  0.515538	  0.352557	  0.089587	  0.042318	
  0.009895	  0.974574	  0.000320	  0.015211	
  0.228736	  0.010304	  0.660217	  0.100743	
  0.000089	  0.999596	  0.000241	  0.000074	
  0.000191	  0.999363	  0.000173	  0.000272	
  0.001121	  0.823801	  0.000229	  0.174850	
  0.342124	  0.258571	  0.077105	  0.322200	

URL http://cisbp.ccbr.utoronto.ca/TFreport.php?versionNumber=2.00&searchTF=T157828_2.00

MOTIF M00162_2.00 (TELCIR_00504)_(Mus_musculus)_(DBD_0.78)

letter-probability matrix: alength= 4 w= 8 nsites= 1 E= 0
  0.160144	  0.000399	  0.839058	  0.000399	
  0.000322	  0.032539	  0.000322	  0.966817	
  0.878027	  0.121368	  0.000303	  0.000303	
  0.968826	  0.030569	  0.000303	  0.000303	
  0.999092	  0.000303	  0.000303	  0.000303	
  0.000303	  0.635896	  0.000303	  0.363499	
  0.999092	  0.000303	  0.000303	  0.000303	
  0.630777	  0.105567	  0.105567	  0.158088	

URL http://cisbp.ccbr.utoronto.ca/TFreport.php?versionNumber=2.00&searchTF=T191249_2.00

MOTIF M00182_2.00 (TELCIR_10098)_(Mus_musculus)_(DBD_0.67)

letter-probability matrix: alength= 4 w= 10 nsites= 1 E= 0
  0.335787	  0.227347	  0.218433	  0.218433	
  0.308956	  0.147407	  0.412898	  0.130739	
  0.384796	  0.046188	  0.524640	  0.044377	
  0.018196	  0.000549	  0.935597	  0.045658	
  0.066096	  0.000114	  0.420360	  0.513429	
  0.127654	  0.379679	  0.101426	  0.391242	
  0.153029	  0.652382	  0.103610	  0.090979	
  0.586362	  0.092198	  0.253139	  0.068302	
  0.307590	  0.259503	  0.198099	  0.234808	
  0.269577	  0.239094	  0.229719	  0.261610	

URL http://cisbp.ccbr.utoronto.ca/TFreport.php?versionNumber=2.00&searchTF=T310836_2.00

MOTIF M00184_2.00 (TELCIR_00680)_(Mus_musculus)_(DBD_0.80)

letter-probability matrix: alength= 4 w= 8 nsites= 1 E= 0
  0.343561	  0.117844	  0.441142	  0.097453	
  0.519548	  0.010104	  0.465429	  0.004918	
  0.005640	  0.000372	  0.972451	  0.021538	
  0.014119	  0.000182	  0.941551	  0.044147	
  0.004880	  0.014806	  0.031660	  0.948655	
  0.004689	  0.893593	  0.028368	  0.073351	
  0.851749	  0.010668	  0.121182	  0.016400	
  0.304843	  0.304843	  0.152902	  0.237412	

URL http://cisbp.ccbr.utoronto.ca/TFreport.php?versionNumber=2.00&searchTF=T310812_2.00

MOTIF M00185_2.00 (TELCIR_04098)_(Mus_musculus)_(DBD_0.39)

letter-probability matrix: alength= 4 w= 8 nsites= 1 E= 0
  0.347647	  0.151591	  0.347647	  0.153115	
  0.564155	  0.084380	  0.332064	  0.019401	
  0.004317	  0.000046	  0.955885	  0.039751	
  0.004651	  0.000012	  0.818173	  0.177164	
  0.050818	  0.035811	  0.069287	  0.844084	
  0.018541	  0.854042	  0.045150	  0.082268	
  0.872278	  0.006056	  0.104701	  0.016964	
  0.268794	  0.328306	  0.178385	  0.224515	

URL http://cisbp.ccbr.utoronto.ca/TFreport.php?versionNumber=2.00&searchTF=T310817_2.00

MOTIF M00205_2.00 (TELCIR_02961)_(Mus_musculus)_(DBD_0.75)

letter-probability matrix: alength= 4 w= 10 nsites= 1 E= 0
  0.219705	  0.348028	  0.091130	  0.341137	
  0.588175	  0.037227	  0.070600	  0.303999	
  0.000309	  0.035044	  0.051760	  0.912887	
  0.025252	  0.020469	  0.001972	  0.952308	
  0.158336	  0.116131	  0.702551	  0.022982	
  0.113178	  0.038052	  0.029048	  0.819721	
  0.109991	  0.293067	  0.164088	  0.432854	
  0.218075	  0.312573	  0.156779	  0.312573	
  0.195622	  0.256257	  0.205651	  0.342469	
  0.219142	  0.249565	  0.247082	  0.284212	

URL http://cisbp.ccbr.utoronto.ca/TFreport.php?versionNumber=2.00&searchTF=T337164_2.00

MOTIF M00214_2.00 (TELCIR_00631)_(Mus_musculus)_(DBD_0.86)

letter-probability matrix: alength= 4 w= 10 nsites= 1 E= 0
  0.271418	  0.222218	  0.260775	  0.245589	
  0.276412	  0.204771	  0.245155	  0.273662	
  0.272770	  0.221103	  0.251798	  0.254329	
  0.267470	  0.208305	  0.298570	  0.225655	
  0.409172	  0.169718	  0.217922	  0.203189	
  0.328851	  0.083563	  0.116234	  0.471352	
  0.122925	  0.296360	  0.442117	  0.138598	
  0.861430	  0.012662	  0.082154	  0.043754	
  0.852026	  0.047352	  0.093468	  0.007154	
  0.231452	  0.044450	  0.088621	  0.635476	

URL http://cisbp.ccbr.utoronto.ca/TFreport.php?versionNumber=2.00&searchTF=T337160_2.00

MOTIF M00216_2.00 (TELCIR_11261)_(Mus_musculus)_(DBD_0.82)

letter-probability matrix: alength= 4 w= 7 nsites= 1 E= 0
  0.317192	  0.188577	  0.170632	  0.323600	
  0.377028	  0.110202	  0.112429	  0.400342	
  0.238466	  0.123251	  0.123251	  0.515031	
  0.532428	  0.000769	  0.095340	  0.371463	
  0.290314	  0.000533	  0.069475	  0.639678	
  0.715780	  0.078521	  0.191210	  0.014489	
  0.289234	  0.119969	  0.104296	  0.486500	

URL http://cisbp.ccbr.utoronto.ca/TFreport.php?versionNumber=2.00&searchTF=T343631_2.00

MOTIF M00274_2.00 (TELCIR_18221)_(Homo_sapiens)_(DBD_0.74)

letter-probability matrix: alength= 4 w= 10 nsites= 1 E= 0
  0.274409	  0.271999	  0.277772	  0.175819	
  0.197602	  0.602344	  0.100027	  0.100027	
  0.000118	  0.000118	  0.000118	  0.999646	
  0.999646	  0.000118	  0.000118	  0.000118	
  0.999646	  0.000118	  0.000118	  0.000118	
  0.000118	  0.000118	  0.000118	  0.999646	
  0.000118	  0.999646	  0.000118	  0.000118	
  0.000118	  0.999646	  0.000118	  0.000118	
  0.074299	  0.382765	  0.468638	  0.074299	
  0.343631	  0.257011	  0.249267	  0.150091	

URL http://cisbp.ccbr.utoronto.ca/TFreport.php?versionNumber=2.00&searchTF=T236900_2.00

MOTIF M00282_2.00 (TELCIR_00924)_(Homo_sapiens)_(DBD_0.84)

letter-probability matrix: alength= 4 w= 8 nsites= 1 E= 0
  0.000303	  0.091102	  0.000303	  0.908293	
  0.972192	  0.000270	  0.027268	  0.000270	
  0.999190	  0.000270	  0.000270	  0.000270	
  0.000270	  0.000270	  0.000270	  0.999190	
  0.000270	  0.000270	  0.000270	  0.999190	
  0.742295	  0.000285	  0.257135	  0.000285	
  0.143010	  0.107347	  0.642297	  0.107347	
  0.105567	  0.210609	  0.105567	  0.578256	

URL http://cisbp.ccbr.utoronto.ca/TFreport.php?versionNumber=2.00&searchTF=T236846_2.00

MOTIF M00287_2.00 (TELCIR_21756)_(Homo_sapiens)_(DBD_0.90)

letter-probability matrix: alength= 4 w= 10 nsites= 1 E= 0
  0.276533	  0.274138	  0.272562	  0.176767	
  0.096569	  0.200738	  0.096569	  0.606124	
  0.000039	  0.000039	  0.000039	  0.999883	
  0.999883	  0.000039	  0.000039	  0.000039	
  0.999883	  0.000039	  0.000039	  0.000039	
  0.000039	  0.000039	  0.000039	  0.999883	
  0.000039	  0.000039	  0.000039	  0.999883	
  0.999883	  0.000039	  0.000039	  0.000039	
  0.187323	  0.073272	  0.666133	  0.073272	
  0.248701	  0.250739	  0.247869	  0.252690	

URL http://cisbp.ccbr.utoronto.ca/TFreport.php?versionNumber=2.00&searchTF=T236906_2.00

MOTIF M00290_2.00 (TELCIR_08243)_(Homo_sapiens)_(DBD_0.88)

letter-probability matrix: alength= 4 w= 8 nsites= 1 E= 0
  0.157555	  0.127712	  0.069392	  0.645340	
  0.632466	  0.076679	  0.146882	  0.143973	
  0.886949	  0.005685	  0.055025	  0.052341	
  0.068959	  0.060553	  0.110335	  0.760153	
  0.143566	  0.126064	  0.153975	  0.576395	
  0.315323	  0.085080	  0.443012	  0.156585	
  0.236009	  0.260830	  0.300026	  0.203135	
  0.240835	  0.263516	  0.226810	  0.268839	

URL http://cisbp.ccbr.utoronto.ca/TFreport.php?versionNumber=2.00&searchTF=T236867_2.00

MOTIF M00291_2.00 (TELCIR_17035)_(Homo_sapiens)_(DBD_0.51)

letter-probability matrix: alength= 4 w= 9 nsites= 1 E= 0
  0.229986	  0.249141	  0.336305	  0.184568	
  0.246864	  0.272827	  0.223371	  0.256938	
  0.138211	  0.078948	  0.026279	  0.756562	
  0.687501	  0.059327	  0.198952	  0.054221	
  0.906213	  0.000196	  0.044224	  0.049367	
  0.083473	  0.100940	  0.106115	  0.709473	
  0.143309	  0.150657	  0.147674	  0.558360	
  0.390818	  0.075811	  0.410855	  0.122516	
  0.276767	  0.222111	  0.341441	  0.159681	

URL http://cisbp.ccbr.utoronto.ca/TFreport.php?versionNumber=2.00&searchTF=T236896_2.00

MOTIF M00330_2.00 (TELCIR_08225)_(Homo_sapiens)_(DBD_0.84)

letter-probability matrix: alength= 4 w= 8 nsites= 1 E= 0
  0.050417	  0.165492	  0.143915	  0.640175	
  0.016355	  0.103293	  0.000054	  0.880298	
  0.854797	  0.119198	  0.005232	  0.020773	
  0.984304	  0.005232	  0.010412	  0.000052	
  0.010412	  0.020773	  0.005232	  0.963583	
  0.047915	  0.037279	  0.196820	  0.717986	
  0.736714	  0.000066	  0.250000	  0.013220	
  0.063130	  0.198217	  0.225234	  0.513419	

URL http://cisbp.ccbr.utoronto.ca/TFreport.php?versionNumber=2.00&searchTF=T236866_2.00

MOTIF M00334_2.00 (TELCIR_21350)_(Homo_sapiens)_(DBD_0.58)

letter-probability matrix: alength= 4 w= 7 nsites= 1 E= 0
  0.319925	  0.157289	  0.316742	  0.206043	
  0.036978	  0.278756	  0.210679	  0.473587	
  0.510977	  0.066442	  0.313038	  0.109544	
  0.412870	  0.109195	  0.219891	  0.258045	
  0.239885	  0.167362	  0.212759	  0.379995	
  0.237774	  0.159385	  0.265422	  0.337418	
  0.255410	  0.198913	  0.285108	  0.260569	

URL http://cisbp.ccbr.utoronto.ca/TFreport.php?versionNumber=2.00&searchTF=T236903_2.00

MOTIF M00368_2.00 (TELCIR_16351)_(Homo_sapiens)_(DBD_0.76)

letter-probability matrix: alength= 4 w= 10 nsites= 1 E= 0
  0.289619	  0.286737	  0.186525	  0.237120	
  0.302937	  0.132095	  0.461058	  0.103910	
  0.532286	  0.082862	  0.360388	  0.024463	
  0.012110	  0.005280	  0.947658	  0.034953	
  0.005552	  0.001227	  0.783832	  0.209389	
  0.024110	  0.047589	  0.037063	  0.891238	
  0.000812	  0.917821	  0.005270	  0.076097	
  0.825383	  0.009639	  0.146328	  0.018650	
  0.311014	  0.237422	  0.134268	  0.317297	
  0.253574	  0.261297	  0.234078	  0.251051	

URL http://cisbp.ccbr.utoronto.ca/TFreport.php?versionNumber=2.00&searchTF=T310852_2.00

MOTIF M00373_2.00 (TELCIR_21617)_(Homo_sapiens)_(DBD_0.83)

letter-probability matrix: alength= 4 w= 10 nsites= 1 E= 0
  0.411914	  0.258114	  0.164986	  0.164986	
  0.583368	  0.042923	  0.330786	  0.042923	
  0.999612	  0.000129	  0.000129	  0.000129	
  0.000129	  0.000129	  0.999612	  0.000129	
  0.839516	  0.000129	  0.160225	  0.000129	
  0.000129	  0.000129	  0.000129	  0.999612	
  0.000129	  0.999612	  0.000129	  0.000129	
  0.999612	  0.000129	  0.000129	  0.000129	
  0.477760	  0.351954	  0.085143	  0.085143	
  0.207207	  0.207207	  0.288317	  0.297270	

URL http://cisbp.ccbr.utoronto.ca/TFreport.php?versionNumber=2.00&searchTF=T310859_2.00

MOTIF M00385_2.00 (TELCIR_04199)_(Mus_musculus)_(DBD_0.90)

letter-probability matrix: alength= 4 w= 8 nsites= 1 E= 0
  0.255055	  0.187069	  0.145689	  0.412187	
  0.156259	  0.305367	  0.217351	  0.321023	
  0.515678	  0.042755	  0.332115	  0.109452	
  0.874267	  0.000203	  0.046219	  0.079312	
  0.114396	  0.028210	  0.706034	  0.151360	
  0.240421	  0.043484	  0.196840	  0.519254	
  0.348669	  0.028336	  0.499757	  0.123239	
  0.135811	  0.293320	  0.330718	  0.240150	

URL http://cisbp.ccbr.utoronto.ca/TFreport.php?versionNumber=2.00&searchTF=T236857_2.00

MOTIF M00405_2.00 (TELCIR_02824)_(Mus_musculus)_(DBD_0.72)

letter-probability matrix: alength= 4 w= 9 nsites= 1 E= 0
  0.166699	  0.079535	  0.057179	  0.696587	
  0.658460	  0.072959	  0.164006	  0.104575	
  0.860814	  0.014554	  0.044163	  0.080469	
  0.057497	  0.058075	  0.037402	  0.847026	
  0.146493	  0.115235	  0.184376	  0.553896	
  0.427710	  0.071410	  0.368133	  0.132747	
  0.333758	  0.210696	  0.276004	  0.179543	
  0.279203	  0.233210	  0.202743	  0.284843	
  0.269584	  0.207863	  0.189973	  0.332580	

URL http://cisbp.ccbr.utoronto.ca/TFreport.php?versionNumber=2.00&searchTF=T236853_2.00

MOTIF M00416_2.00 (TELCIR_01421)_(Mus_musculus)_(DBD_0.88)

letter-probability matrix: alength= 4 w= 8 nsites= 1 E= 0
  0.262564	  0.254804	  0.249759	  0.232873	
  0.275648	  0.244478	  0.251924	  0.227950	
  0.207360	  0.229168	  0.266256	  0.297216	
  0.311690	  0.111276	  0.242744	  0.334290	
  0.708550	  0.043957	  0.124365	  0.123128	
  0.169491	  0.597527	  0.115908	  0.117073	
  0.675885	  0.093319	  0.088768	  0.142028	
  0.337236	  0.221580	  0.120396	  0.320789	

URL http://cisbp.ccbr.utoronto.ca/TFreport.php?versionNumber=2.00&searchTF=T236848_2.00

MOTIF M00423_2.00 (TELCIR_13611)_(Mus_musculus)_(DBD_0.84)

letter-probability matrix: alength= 4 w= 9 nsites= 1 E= 0
  0.304718	  0.228009	  0.194297	  0.272977	
  0.151961	  0.073967	  0.021405	  0.752667	
  0.823630	  0.052653	  0.108172	  0.015545	
  0.943177	  0.000270	  0.024761	  0.031793	
  0.083189	  0.065438	  0.100596	  0.750777	
  0.166825	  0.139344	  0.182536	  0.511295	
  0.341885	  0.086011	  0.430296	  0.141808	
  0.195606	  0.309854	  0.288906	  0.205635	
  0.223337	  0.278296	  0.225582	  0.272785	

URL http://cisbp.ccbr.utoronto.ca/TFreport.php?versionNumber=2.00&searchTF=T236882_2.00

MOTIF M00424_2.00 (TELCIR_13423)_(Mus_musculus)_(DBD_0.61)

letter-probability matrix: alength= 4 w= 8 nsites= 1 E= 0
  0.304614	  0.223418	  0.292670	  0.179297	
  0.117074	  0.396553	  0.109159	  0.377213	
  0.077200	  0.160196	  0.022792	  0.739813	
  0.820659	  0.043821	  0.081460	  0.054061	
  0.990441	  0.001375	  0.006877	  0.001308	
  0.026666	  0.029767	  0.015232	  0.928335	
  0.152387	  0.122294	  0.075673	  0.649645	
  0.599625	  0.071258	  0.189863	  0.139255	

URL http://cisbp.ccbr.utoronto.ca/TFreport.php?versionNumber=2.00&searchTF=T236881_2.00

MOTIF M00426_2.00 (TELCIR_01136)_(Mus_musculus)_(DBD_0.86)

letter-probability matrix: alength= 4 w= 9 nsites= 1 E= 0
  0.269860	  0.244180	  0.310413	  0.175547	
  0.222956	  0.322782	  0.189991	  0.264271	
  0.095770	  0.046616	  0.010402	  0.847212	
  0.799391	  0.056478	  0.097891	  0.046240	
  0.967307	  0.000597	  0.022077	  0.010019	
  0.039713	  0.048993	  0.055795	  0.855498	
  0.112128	  0.104548	  0.131584	  0.651740	
  0.377268	  0.097803	  0.400597	  0.124332	
  0.274391	  0.207380	  0.363054	  0.155175	

URL http://cisbp.ccbr.utoronto.ca/TFreport.php?versionNumber=2.00&searchTF=T236847_2.00

MOTIF M00432_2.00 (TELCIR_01488)_(Mus_musculus)_(DBD_0.81)

letter-probability matrix: alength= 4 w= 8 nsites= 1 E= 0
  0.233021	  0.233021	  0.237729	  0.296228	
  0.299569	  0.128040	  0.147281	  0.425109	
  0.394212	  0.088845	  0.184360	  0.332583	
  0.791037	  0.010521	  0.120704	  0.077738	
  0.125342	  0.030909	  0.107883	  0.735866	
  0.111249	  0.116952	  0.215243	  0.556556	
  0.502249	  0.069345	  0.330001	  0.098405	
  0.304872	  0.239820	  0.275859	  0.179449	

URL http://cisbp.ccbr.utoronto.ca/TFreport.php?versionNumber=2.00&searchTF=T236849_2.00

MOTIF M00433_2.00 (TELCIR_12944)_(Mus_musculus)_(DBD_0.79)

letter-probability matrix: alength= 4 w= 9 nsites= 1 E= 0
  0.239869	  0.317378	  0.190584	  0.252168	
  0.133763	  0.050707	  0.022333	  0.793196	
  0.850989	  0.020830	  0.051749	  0.076432	
  0.959274	  0.011777	  0.004509	  0.024439	
  0.324957	  0.077765	  0.136141	  0.461136	
  0.139125	  0.306548	  0.136371	  0.417956	
  0.193728	  0.061958	  0.611831	  0.132483	
  0.201560	  0.269370	  0.319285	  0.209785	
  0.174474	  0.290550	  0.187125	  0.347851	

URL http://cisbp.ccbr.utoronto.ca/TFreport.php?versionNumber=2.00&searchTF=T236880_2.00

MOTIF M00434_2.00 (TELCIR_03120)_(Mus_musculus)_(DBD_0.61)

letter-probability matrix: alength= 4 w= 8 nsites= 1 E= 0
  0.181066	  0.320174	  0.134137	  0.364623	
  0.077756	  0.030374	  0.026143	  0.865728	
  0.451520	  0.051553	  0.474670	  0.022256	
  0.972804	  0.002535	  0.014882	  0.009778	
  0.013067	  0.018176	  0.024782	  0.943975	
  0.042824	  0.039929	  0.115250	  0.801997	
  0.521680	  0.031095	  0.367622	  0.079603	
  0.194449	  0.311118	  0.327069	  0.167364	

URL http://cisbp.ccbr.utoronto.ca/TFreport.php?versionNumber=2.00&searchTF=T236855_2.00

MOTIF M00450_2.00 (TELCIR_10072)_(Mus_musculus)_(DBD_0.74)

letter-probability matrix: alength= 4 w= 9 nsites= 1 E= 0
  0.196325	  0.259764	  0.216973	  0.326938	
  0.168024	  0.144619	  0.100897	  0.586460	
  0.700378	  0.000665	  0.217374	  0.081583	
  0.964678	  0.000287	  0.006765	  0.028270	
  0.099760	  0.022937	  0.086727	  0.790576	
  0.079382	  0.133523	  0.297160	  0.489935	
  0.592997	  0.034302	  0.309572	  0.063130	
  0.209422	  0.321935	  0.297183	  0.171460	
  0.160609	  0.343427	  0.206226	  0.289737	

URL http://cisbp.ccbr.utoronto.ca/TFreport.php?versionNumber=2.00&searchTF=T236873_2.00

MOTIF M00462_2.00 (TELCIR_02731)_(Mus_musculus)_(DBD_0.54)

letter-probability matrix: alength= 4 w= 7 nsites= 1 E= 0
  0.198929	  0.327978	  0.255430	  0.217663	
  0.220805	  0.126126	  0.131273	  0.521797	
  0.509991	  0.118438	  0.182070	  0.189501	
  0.706385	  0.038868	  0.107787	  0.146960	
  0.169953	  0.139146	  0.120967	  0.569934	
  0.143686	  0.234541	  0.190115	  0.431657	
  0.324622	  0.125544	  0.396494	  0.153340	

URL http://cisbp.ccbr.utoronto.ca/TFreport.php?versionNumber=2.00&searchTF=T236852_2.00

MOTIF M00471_2.00 (TELCIR_00014)_(Mus_musculus)_(DBD_0.74)

letter-probability matrix: alength= 4 w= 8 nsites= 1 E= 0
  0.244872	  0.260014	  0.144133	  0.350982	
  0.077444	  0.034798	  0.008081	  0.879677	
  0.867505	  0.035010	  0.060680	  0.036805	
  0.982723	  0.000589	  0.009586	  0.007102	
  0.016319	  0.031259	  0.025086	  0.927336	
  0.092665	  0.083846	  0.096446	  0.727043	
  0.388672	  0.095845	  0.384805	  0.130678	
  0.289713	  0.198123	  0.368297	  0.143867	

URL http://cisbp.ccbr.utoronto.ca/TFreport.php?versionNumber=2.00&searchTF=T236840_2.00

MOTIF M00484_2.00 (TELCIR_07155)_(Mus_musculus)_(DBD_0.74)

letter-probability matrix: alength= 4 w= 8 nsites= 1 E= 0
  0.260569	  0.255410	  0.285108	  0.198913	
  0.177845	  0.320830	  0.230652	  0.270673	
  0.114497	  0.403649	  0.048938	  0.432917	
  0.580843	  0.152091	  0.107177	  0.159889	
  0.790662	  0.111371	  0.053137	  0.044830	
  0.121087	  0.104221	  0.012262	  0.762430	
  0.136206	  0.248183	  0.120804	  0.494807	
  0.509367	  0.130735	  0.162905	  0.196993	

URL http://cisbp.ccbr.utoronto.ca/TFreport.php?versionNumber=2.00&searchTF=T236862_2.00

MOTIF M00495_2.00 (TELCIR_15534)_(Mus_musculus)_(DBD_0.84)

letter-probability matrix: alength= 4 w= 9 nsites= 1 E= 0
  0.184447	  0.364076	  0.184447	  0.267030	
  0.116544	  0.046445	  0.001308	  0.835703	
  0.822965	  0.097799	  0.078485	  0.000750	
  0.891592	  0.011056	  0.021179	  0.076173	
  0.116988	  0.045699	  0.100693	  0.736620	
  0.189372	  0.123188	  0.282510	  0.404930	
  0.430266	  0.105047	  0.303203	  0.161484	
  0.227412	  0.274998	  0.297901	  0.199689	
  0.184723	  0.307617	  0.234829	  0.272832	

URL http://cisbp.ccbr.utoronto.ca/TFreport.php?versionNumber=2.00&searchTF=T236890_2.00

MOTIF M00497_2.00 (TELCIR_01685)_(Mus_musculus)_(DBD_0.75)

letter-probability matrix: alength= 4 w= 9 nsites= 1 E= 0
  0.245645	  0.217868	  0.155072	  0.381415	
  0.155646	  0.286456	  0.182652	  0.375247	
  0.590071	  0.027667	  0.267800	  0.114462	
  0.898778	  0.013079	  0.023360	  0.064783	
  0.070908	  0.007549	  0.728793	  0.192749	
  0.205889	  0.053375	  0.175447	  0.565289	
  0.315679	  0.022081	  0.558205	  0.104035	
  0.130473	  0.305262	  0.324138	  0.240127	
  0.222604	  0.274622	  0.222604	  0.280170	

URL http://cisbp.ccbr.utoronto.ca/TFreport.php?versionNumber=2.00&searchTF=T236850_2.00

MOTIF M00513_2.00 (TELCIR_09298)_(Mus_musculus)_(DBD_0.91)

letter-probability matrix: alength= 4 w= 9 nsites= 1 E= 0
  0.266112	  0.222276	  0.229045	  0.282568	
  0.237101	  0.188385	  0.227804	  0.346709	
  0.168681	  0.122488	  0.165341	  0.543490	
  0.135910	  0.075339	  0.627657	  0.161095	
  0.670614	  0.096370	  0.100303	  0.132714	
  0.153825	  0.312879	  0.143425	  0.389871	
  0.261540	  0.143536	  0.378641	  0.216283	
  0.251042	  0.207601	  0.277444	  0.263913	
  0.263023	  0.226386	  0.344550	  0.166042	

URL http://cisbp.ccbr.utoronto.ca/TFreport.php?versionNumber=2.00&searchTF=T236871_2.00

MOTIF M00516_2.00 (TELCIR_03470)_(Mus_musculus)_(DBD_0.90)

letter-probability matrix: alength= 4 w= 9 nsites= 1 E= 0
  0.266806	  0.229642	  0.205721	  0.297830	
  0.116229	  0.082729	  0.031676	  0.769366	
  0.886269	  0.000274	  0.097224	  0.016233	
  0.956010	  0.016164	  0.000365	  0.027461	
  0.057873	  0.196026	  0.082125	  0.663976	
  0.104695	  0.230685	  0.333971	  0.330648	
  0.326888	  0.077449	  0.441252	  0.154411	
  0.189730	  0.271946	  0.338866	  0.199458	
  0.170012	  0.319216	  0.175189	  0.335583	

URL http://cisbp.ccbr.utoronto.ca/TFreport.php?versionNumber=2.00&searchTF=T236856_2.00

MOTIF M00524_2.00 (TELCIR_05642)_(Mus_musculus)_(DBD_0.81)

letter-probability matrix: alength= 4 w= 10 nsites= 1 E= 0
  0.221818	  0.204764	  0.161073	  0.412344	
  0.207435	  0.166471	  0.084337	  0.541758	
  0.621586	  0.036682	  0.185355	  0.156378	
  0.910510	  0.013383	  0.034261	  0.041846	
  0.138801	  0.083349	  0.268550	  0.509300	
  0.088820	  0.300850	  0.045450	  0.564880	
  0.170729	  0.062808	  0.652021	  0.114443	
  0.204093	  0.304470	  0.254315	  0.237122	
  0.175698	  0.304530	  0.186563	  0.333209	
  0.196959	  0.273964	  0.238173	  0.290905	

URL http://cisbp.ccbr.utoronto.ca/TFreport.php?versionNumber=2.00&searchTF=T236860_2.00

MOTIF M00526_2.00 (TELCIR_14519)_(Mus_musculus)_(DBD_0.61)

letter-probability matrix: alength= 4 w= 8 nsites= 1 E= 0
  0.732048	  0.000665	  0.000665	  0.266622	
  0.050399	  0.000499	  0.000499	  0.948603	
  0.000499	  0.100299	  0.000499	  0.898703	
  0.898703	  0.000499	  0.000499	  0.100299	
  0.948603	  0.000499	  0.000499	  0.050399	
  0.399701	  0.000499	  0.000499	  0.599301	
  0.210609	  0.000525	  0.000525	  0.788340	
  0.732048	  0.000665	  0.200133	  0.067154	

URL http://cisbp.ccbr.utoronto.ca/TFreport.php?versionNumber=2.00&searchTF=T236887_2.00

MOTIF M00554_2.00 (TELCIR_10285)_(Drosophila_melanogaster)_(DBD_0.83)

letter-probability matrix: alength= 4 w= 10 nsites= 1 E= 0
  0.251496	  0.177226	  0.199822	  0.371455	
  0.148997	  0.073254	  0.136173	  0.641576	
  0.122081	  0.052704	  0.056525	  0.768690	
  0.381649	  0.037883	  0.070422	  0.510046	
  0.882245	  0.000299	  0.060489	  0.056967	
  0.048121	  0.268735	  0.096905	  0.586239	
  0.165526	  0.087281	  0.407129	  0.340063	
  0.403411	  0.084771	  0.354234	  0.157584	
  0.125944	  0.405791	  0.231791	  0.236474	
  0.189990	  0.335953	  0.201738	  0.272318	

URL http://cisbp.ccbr.utoronto.ca/TFreport.php?versionNumber=2.00&searchTF=T236874_2.00

MOTIF M00557_2.00 (TELCIR_14127)_(Drosophila_melanogaster)_(DBD_0.91)

letter-probability matrix: alength= 4 w= 9 nsites= 1 E= 0
  0.243483	  0.258539	  0.306448	  0.191530	
  0.206850	  0.317982	  0.181634	  0.293534	
  0.110856	  0.033389	  0.011684	  0.844070	
  0.894610	  0.051233	  0.053860	  0.000297	
  0.947543	  0.000984	  0.023427	  0.028047	
  0.139344	  0.033346	  0.087090	  0.740219	
  0.192569	  0.124022	  0.232864	  0.450544	
  0.357775	  0.064709	  0.468673	  0.108843	
  0.187431	  0.305947	  0.291025	  0.215597	

URL http://cisbp.ccbr.utoronto.ca/TFreport.php?versionNumber=2.00&searchTF=T236884_2.00

MOTIF M00563_2.00 (TELCIR_05653)_(Drosophila_melanogaster)_(DBD_0.57)

letter-probability matrix: alength= 4 w= 9 nsites= 1 E= 0
  0.304796	  0.208438	  0.219125	  0.267640	
  0.204503	  0.208634	  0.183200	  0.403663	
  0.192685	  0.087449	  0.498226	  0.221640	
  0.950847	  0.044583	  0.000055	  0.004515	
  0.142274	  0.292292	  0.142274	  0.423161	
  0.521793	  0.307130	  0.042405	  0.128672	
  0.156958	  0.510801	  0.109506	  0.222734	
  0.200454	  0.358018	  0.208634	  0.232894	
  0.249520	  0.257119	  0.206343	  0.287017	

URL http://cisbp.ccbr.utoronto.ca/TFreport.php?versionNumber=2.00&searchTF=T236861_2.00

MOTIF M00592_2.00 (TELCIR_00741)_(Caenorhabditis_elegans)_(DBD_0.60)

letter-probability matrix: alength= 4 w= 10 nsites= 1 E= 0
  0.369233	  0.252504	  0.293368	  0.084896	
  0.065436	  0.042995	  0.019319	  0.872250	
  0.031899	  0.073889	  0.369652	  0.524561	
  0.424684	  0.034513	  0.460054	  0.080749	
  0.025845	  0.653359	  0.087543	  0.233254	
  0.049159	  0.021651	  0.911464	  0.017726	
  0.000020	  0.608158	  0.000147	  0.391676	
  0.884019	  0.036397	  0.074031	  0.005554	
  0.942769	  0.048367	  0.004388	  0.004476	
  0.031283	  0.276736	  0.134702	  0.557279	

URL http://cisbp.ccbr.utoronto.ca/TFreport.php?versionNumber=2.00&searchTF=T075376_2.00

MOTIF M00614_2.00 (TELCIR_07985)_(Caenorhabditis_elegans)_(DBD_0.91)

letter-probability matrix: alength= 4 w= 8 nsites= 1 E= 0
  0.368172	  0.210609	  0.105567	  0.315651	
  0.000344	  0.998967	  0.000344	  0.000344	
  0.000344	  0.998967	  0.000344	  0.000344	
  0.000344	  0.000344	  0.998967	  0.000344	
  0.000344	  0.000344	  0.000344	  0.998967	
  0.000344	  0.000344	  0.000344	  0.998967	
  0.998967	  0.000344	  0.000344	  0.000344	
  0.000525	  0.368172	  0.210609	  0.420693	

URL http://cisbp.ccbr.utoronto.ca/TFreport.php?versionNumber=2.00&searchTF=T157819_2.00

MOTIF M00615_2.00 (TELCIR_11883)_(Caenorhabditis_elegans)_(DBD_0.90)

letter-probability matrix: alength= 4 w= 10 nsites= 1 E= 0
  0.194145	  0.371892	  0.184676	  0.249287	
  0.053905	  0.142199	  0.092502	  0.711394	
  0.999361	  0.000033	  0.000001	  0.000605	
  0.001640	  0.929810	  0.000856	  0.067693	
  0.341787	  0.499789	  0.064340	  0.094084	
  0.107662	  0.000537	  0.888023	  0.003777	
  0.051787	  0.006032	  0.010352	  0.931828	
  0.824022	  0.055935	  0.053742	  0.066300	
  0.285208	  0.226607	  0.125615	  0.362570	
  0.182831	  0.316893	  0.163787	  0.336489	

URL http://cisbp.ccbr.utoronto.ca/TFreport.php?versionNumber=2.00&searchTF=T157834_2.00

MOTIF M00620_2.00 (TELCIR_02513)_(Caenorhabditis_elegans)_(DBD_0.91)

letter-probability matrix: alength= 4 w= 10 nsites= 1 E= 0
  0.191185	  0.299838	  0.187399	  0.321578	
  0.434373	  0.011634	  0.338290	  0.215703	
  0.072394	  0.118170	  0.556755	  0.252680	
  0.038220	  0.058169	  0.002755	  0.900857	
  0.004021	  0.003566	  0.721592	  0.270821	
  0.004412	  0.007060	  0.001776	  0.986752	
  0.942731	  0.006289	  0.023076	  0.027904	
  0.839473	  0.104875	  0.025605	  0.030047	
  0.329916	  0.186576	  0.080547	  0.402961	
  0.389696	  0.175101	  0.282977	  0.152226	

URL http://cisbp.ccbr.utoronto.ca/TFreport.php?versionNumber=2.00&searchTF=T157806_2.00

MOTIF M00638_2.00 (TELCIR_01774)_(Caenorhabditis_elegans)_(DBD_0.87)

letter-probability matrix: alength= 4 w= 10 nsites= 1 E= 0
  0.210067	  0.246516	  0.190077	  0.353339	
  0.208071	  0.223158	  0.264511	  0.304260	
  0.273165	  0.099492	  0.172444	  0.454899	
  0.377830	  0.255813	  0.134888	  0.231469	
  0.223435	  0.756818	  0.000076	  0.019671	
  0.002609	  0.971445	  0.014714	  0.011232	
  0.010416	  0.002468	  0.001382	  0.985734	
  0.008187	  0.965392	  0.000305	  0.026116	
  0.575778	  0.180498	  0.152280	  0.091444	
  0.290872	  0.279467	  0.181796	  0.247865	

URL http://cisbp.ccbr.utoronto.ca/TFreport.php?versionNumber=2.00&searchTF=T157805_2.00

MOTIF M00641_2.00 (TELCIR_04334)_(Caenorhabditis_elegans)_(DBD_0.90)

letter-probability matrix: alength= 4 w= 10 nsites= 1 E= 0
  0.423533	  0.155809	  0.281078	  0.139579	
  0.237052	  0.254240	  0.246726	  0.261983	
  0.030814	  0.031436	  0.032719	  0.905030	
  0.022675	  0.003426	  0.973874	  0.000025	
  0.814440	  0.000029	  0.035251	  0.150280	
  0.015413	  0.958364	  0.007208	  0.019015	
  0.025164	  0.968160	  0.002260	  0.004417	
  0.560196	  0.106515	  0.269963	  0.063325	
  0.199576	  0.322529	  0.241337	  0.236558	
  0.194301	  0.267577	  0.146849	  0.391273	

URL http://cisbp.ccbr.utoronto.ca/TFreport.php?versionNumber=2.00&searchTF=T157811_2.00

MOTIF M00645_2.00 (TELCIR_01018)_(Caenorhabditis_elegans)_(DBD_0.81)

letter-probability matrix: alength= 4 w= 10 nsites= 1 E= 0
  0.213172	  0.469703	  0.172794	  0.144330	
  0.261036	  0.209486	  0.300263	  0.229215	
  0.050698	  0.930657	  0.008810	  0.009834	
  0.013592	  0.943421	  0.040428	  0.002559	
  0.042494	  0.742012	  0.017277	  0.198217	
  0.486741	  0.423152	  0.024233	  0.065873	
  0.008541	  0.958010	  0.013665	  0.019784	
  0.126714	  0.112385	  0.545624	  0.215278	
  0.084287	  0.641772	  0.074756	  0.199185	
  0.533295	  0.139641	  0.198160	  0.128905	

URL http://cisbp.ccbr.utoronto.ca/TFreport.php?versionNumber=2.00&searchTF=T157802_2.00

MOTIF M00650_2.00 (TELCIR_22038)_(Caenorhabditis_elegans)_(DBD_0.95)

letter-probability matrix: alength= 4 w= 8 nsites= 1 E= 0
  0.491059	  0.157959	  0.263149	  0.087833	
  0.986454	  0.000132	  0.000132	  0.013282	
  0.947002	  0.000132	  0.052735	  0.000132	
  0.013282	  0.000132	  0.933851	  0.052735	
  0.000132	  0.013282	  0.000132	  0.986454	
  0.026433	  0.013282	  0.013282	  0.947002	
  0.034631	  0.155238	  0.120779	  0.689352	
  0.200050	  0.200050	  0.449800	  0.150100	

URL http://cisbp.ccbr.utoronto.ca/TFreport.php?versionNumber=2.00&searchTF=T159693_2.00

MOTIF M00652_2.00 (TELCIR_14928)_(Caenorhabditis_elegans)_(DBD_0.88)

letter-probability matrix: alength= 4 w= 7 nsites= 1 E= 0
  0.184698	  0.237157	  0.179240	  0.398905	
  0.193622	  0.297648	  0.090551	  0.418179	
  0.105524	  0.010902	  0.533222	  0.350352	
  0.000005	  0.999851	  0.000007	  0.000138	
  0.000006	  0.075843	  0.923961	  0.000190	
  0.008049	  0.184102	  0.784849	  0.023000	
  0.452392	  0.109349	  0.222416	  0.215843	

URL http://cisbp.ccbr.utoronto.ca/TFreport.php?versionNumber=2.00&searchTF=T168845_2.00

MOTIF M00653_2.00 (TELCIR_03315)_(Caenorhabditis_elegans)_(DBD_0.68)

letter-probability matrix: alength= 4 w= 10 nsites= 1 E= 0
  0.351108	  0.161986	  0.238670	  0.248236	
  0.606659	  0.082432	  0.082432	  0.228477	
  0.000076	  0.000076	  0.000076	  0.999772	
  0.000076	  0.000076	  0.999772	  0.000076	
  0.000076	  0.000076	  0.000076	  0.999772	
  0.000076	  0.000076	  0.000076	  0.999772	
  0.000076	  0.000076	  0.999772	  0.000076	
  0.000076	  0.999772	  0.000076	  0.000076	
  0.329343	  0.088091	  0.494476	  0.088091	
  0.434327	  0.167644	  0.230385	  0.167644	

URL http://cisbp.ccbr.utoronto.ca/TFreport.php?versionNumber=2.00&searchTF=T170087_2.00

MOTIF M00655_2.00 (TELCIR_10880)_(Caenorhabditis_elegans)_(DBD_0.89)

letter-probability matrix: alength= 4 w= 10 nsites= 1 E= 0
  0.391891	  0.169183	  0.215074	  0.223852	
  0.430488	  0.152158	  0.166487	  0.250866	
  0.501516	  0.084575	  0.127439	  0.286471	
  0.412736	  0.073172	  0.093019	  0.421073	
  0.183073	  0.063427	  0.566730	  0.186771	
  0.181980	  0.074731	  0.034257	  0.709031	
  0.221202	  0.109846	  0.227939	  0.441014	
  0.331497	  0.209269	  0.201063	  0.258170	
  0.259050	  0.332627	  0.161907	  0.246416	
  0.277178	  0.263660	  0.203295	  0.255867	

URL http://cisbp.ccbr.utoronto.ca/TFreport.php?versionNumber=2.00&searchTF=T170093_2.00

MOTIF M00656_2.00 (TELCIR_08773)_(Caenorhabditis_elegans)_(DBD_0.94)

letter-probability matrix: alength= 4 w= 10 nsites= 1 E= 0
  0.399025	  0.136869	  0.188486	  0.275620	
  0.310127	  0.107445	  0.086227	  0.496201	
  0.141909	  0.062501	  0.661946	  0.133645	
  0.088249	  0.038098	  0.002204	  0.871450	
  0.698396	  0.039204	  0.103419	  0.158981	
  0.217536	  0.066179	  0.106951	  0.609334	
  0.133729	  0.655771	  0.067075	  0.143425	
  0.388300	  0.157871	  0.198697	  0.255132	
  0.411135	  0.162215	  0.172246	  0.254404	
  0.291260	  0.149040	  0.185715	  0.373985	

URL http://cisbp.ccbr.utoronto.ca/TFreport.php?versionNumber=2.00&searchTF=T170091_2.00

MOTIF M00658_2.00 (TELCIR_05158)_(Caenorhabditis_elegans)_(DBD_0.92)

letter-probability matrix: alength= 4 w= 8 nsites= 1 E= 0
  0.403423	  0.149903	  0.162387	  0.284287	
  0.453150	  0.139243	  0.153888	  0.253718	
  0.182050	  0.082622	  0.099911	  0.635417	
  0.082523	  0.121885	  0.653981	  0.141610	
  0.103082	  0.000752	  0.002329	  0.893837	
  0.286797	  0.095466	  0.089907	  0.527830	
  0.140755	  0.083681	  0.289171	  0.486393	
  0.222139	  0.421283	  0.138838	  0.217741	

URL http://cisbp.ccbr.utoronto.ca/TFreport.php?versionNumber=2.00&searchTF=T170089_2.00

MOTIF M00660_2.00 (TELCIR_22084)_(Caenorhabditis_elegans)_(DBD_0.73)

letter-probability matrix: alength= 4 w= 10 nsites= 1 E= 0
  0.096878	  0.086787	  0.048592	  0.767743	
  0.004260	  0.001972	  0.991566	  0.002202	
  0.002889	  0.002776	  0.001140	  0.993195	
  0.120377	  0.093749	  0.020300	  0.765574	
  0.209974	  0.017584	  0.762792	  0.009650	
  0.632316	  0.357591	  0.001599	  0.008494	
  0.992452	  0.001974	  0.002117	  0.003456	
  0.865828	  0.008791	  0.004635	  0.120746	
  0.435155	  0.077922	  0.097096	  0.389827	
  0.300175	  0.171463	  0.150561	  0.377801	

URL http://cisbp.ccbr.utoronto.ca/TFreport.php?versionNumber=2.00&searchTF=T170100_2.00

MOTIF M00664_2.00 (TELCIR_16199)_(Caenorhabditis_elegans)_(DBD_0.81)

letter-probability matrix: alength= 4 w= 8 nsites= 1 E= 0
  0.597222	  0.001984	  0.398810	  0.001984	
  0.001656	  0.001656	  0.001656	  0.995033	
  0.995033	  0.001656	  0.001656	  0.001656	
  0.995033	  0.001656	  0.001656	  0.001656	
  0.995033	  0.001656	  0.001656	  0.001656	
  0.001656	  0.995033	  0.001656	  0.001656	
  0.995033	  0.001656	  0.001656	  0.001656	
  0.745050	  0.002475	  0.002475	  0.250000	

URL http://cisbp.ccbr.utoronto.ca/TFreport.php?versionNumber=2.00&searchTF=T191259_2.00

MOTIF M00672_2.00 (TELCIR_05419)_(Caenorhabditis_elegans)_(DBD_0.86)

letter-probability matrix: alength= 4 w= 10 nsites= 1 E= 0
  0.304211	  0.190132	  0.278028	  0.227630	
  0.304959	  0.179501	  0.311120	  0.204420	
  0.257752	  0.194805	  0.400213	  0.147230	
  0.322272	  0.102043	  0.495415	  0.080270	
  0.158977	  0.040397	  0.272805	  0.527821	
  0.768550	  0.000667	  0.163123	  0.067661	
  0.178476	  0.072563	  0.132218	  0.616743	
  0.252364	  0.384088	  0.144153	  0.219395	
  0.421441	  0.161367	  0.276907	  0.140286	
  0.311045	  0.183083	  0.273128	  0.232744	

URL http://cisbp.ccbr.utoronto.ca/TFreport.php?versionNumber=2.00&searchTF=T236859_2.00

MOTIF M00673_2.00 (TELCIR_16419)_(Caenorhabditis_elegans)_(DBD_0.70)

letter-probability matrix: alength= 4 w= 8 nsites= 1 E= 0
  0.211067	  0.284910	  0.176298	  0.327725	
  0.199579	  0.065773	  0.044980	  0.689668	
  0.746805	  0.027270	  0.118606	  0.107319	
  0.916821	  0.012194	  0.061002	  0.009983	
  0.030503	  0.019256	  0.201914	  0.748327	
  0.167556	  0.686303	  0.056901	  0.089239	
  0.091323	  0.552473	  0.110432	  0.245772	
  0.168631	  0.339582	  0.275260	  0.216527	

URL http://cisbp.ccbr.utoronto.ca/TFreport.php?versionNumber=2.00&searchTF=T236894_2.00

MOTIF M00679_2.00 (TELCIR_11313)_(Caenorhabditis_elegans)_(DBD_0.68)

letter-probability matrix: alength= 4 w= 8 nsites= 1 E= 0
  0.194710	  0.274328	  0.106246	  0.424717	
  0.041153	  0.000068	  0.000068	  0.958710	
  0.999801	  0.000066	  0.000066	  0.000066	
  0.993181	  0.000066	  0.006687	  0.000066	
  0.006687	  0.000066	  0.046412	  0.946835	
  0.006687	  0.973318	  0.000066	  0.019928	
  0.000087	  0.573800	  0.069628	  0.356485	
  0.151948	  0.341726	  0.265815	  0.240511	

URL http://cisbp.ccbr.utoronto.ca/TFreport.php?versionNumber=2.00&searchTF=T236876_2.00

MOTIF M00684_2.00 (TELCIR_03792)_(Caenorhabditis_elegans)_(DBD_0.89)

letter-probability matrix: alength= 4 w= 9 nsites= 1 E= 0
  0.033608	  0.800117	  0.012613	  0.153662	
  0.338473	  0.233795	  0.124517	  0.303215	
  0.334103	  0.034517	  0.058058	  0.573322	
  0.679324	  0.064787	  0.114560	  0.141330	
  0.153309	  0.129342	  0.070278	  0.647071	
  0.690491	  0.037241	  0.035424	  0.236844	
  0.396764	  0.085059	  0.151918	  0.366259	
  0.161616	  0.019990	  0.800487	  0.017908	
  0.000020	  0.000025	  0.999712	  0.000244	

URL http://cisbp.ccbr.utoronto.ca/TFreport.php?versionNumber=2.00&searchTF=T259664_2.00

MOTIF M00685_2.00 (TELCIR_04193)_(Caenorhabditis_elegans)_(DBD_0.70)

letter-probability matrix: alength= 4 w= 10 nsites= 1 E= 0
  0.456877	  0.161485	  0.130898	  0.250740	
  0.628266	  0.040567	  0.174681	  0.156486	
  0.903976	  0.016068	  0.069186	  0.010770	
  0.011187	  0.008625	  0.977229	  0.002959	
  0.011411	  0.000258	  0.180297	  0.808034	
  0.415665	  0.018172	  0.468661	  0.097503	
  0.012476	  0.947468	  0.007797	  0.032259	
  0.785405	  0.008725	  0.132449	  0.073420	
  0.322097	  0.205378	  0.159948	  0.312577	
  0.267136	  0.259241	  0.214382	  0.259241	

URL http://cisbp.ccbr.utoronto.ca/TFreport.php?versionNumber=2.00&searchTF=T310818_2.00

MOTIF M00686_2.00 (TELCIR_00491)_(Caenorhabditis_elegans)_(DBD_0.61)

letter-probability matrix: alength= 4 w= 8 nsites= 1 E= 0
  0.844325	  0.000767	  0.154141	  0.000767	
  0.263130	  0.105567	  0.578256	  0.053046	
  0.083611	  0.042013	  0.042013	  0.832363	
  0.000416	  0.000416	  0.998752	  0.000416	
  0.998752	  0.000416	  0.000416	  0.000416	
  0.000416	  0.000416	  0.000416	  0.998752	
  0.000416	  0.998752	  0.000416	  0.000416	
  0.998503	  0.000499	  0.000499	  0.000499	

URL http://cisbp.ccbr.utoronto.ca/TFreport.php?versionNumber=2.00&searchTF=T310811_2.00

MOTIF M00687_2.00 (TELCIR_01879)_(Caenorhabditis_elegans)_(DBD_0.94)

letter-probability matrix: alength= 4 w= 10 nsites= 1 E= 0
  0.424708	  0.167570	  0.181526	  0.226196	
  0.394760	  0.138142	  0.230046	  0.237052	
  0.621952	  0.129394	  0.123084	  0.125570	
  0.127104	  0.096063	  0.661826	  0.115008	
  0.473338	  0.032454	  0.247104	  0.247104	
  0.178424	  0.238451	  0.102942	  0.480182	
  0.124009	  0.620395	  0.086518	  0.169077	
  0.778907	  0.000116	  0.190165	  0.030812	
  0.331200	  0.215448	  0.235738	  0.217614	
  0.270667	  0.235307	  0.206622	  0.287404	

URL http://cisbp.ccbr.utoronto.ca/TFreport.php?versionNumber=2.00&searchTF=T310813_2.00

MOTIF M00689_2.00 (TELCIR_05080)_(Caenorhabditis_elegans)_(DBD_0.60)

letter-probability matrix: alength= 4 w= 9 nsites= 1 E= 0
  0.597035	  0.077111	  0.077111	  0.248744	
  0.833606	  0.000140	  0.166115	  0.000140	
  0.999581	  0.000140	  0.000140	  0.000140	
  0.081900	  0.000140	  0.835503	  0.082457	
  0.917820	  0.000140	  0.000140	  0.081900	
