MEME version 4

ALPHABET= ACGT

strands: + -

Background letter frequencies (from uniform background):
A 0.25000 C 0.25000 G 0.25000 T 0.25000 

MOTIF M00003_2.00 (TBLA_0A08120)_(Saccharomyces_cerevisiae)_(DBD_0.64)

letter-probability matrix: alength= 4 w= 8 nsites= 1 E= 0
  0.253967	  0.166693	  0.563393	  0.015947	
  0.759883	  0.000057	  0.108604	  0.131456	
  0.000047	  0.995142	  0.004763	  0.000047	
  0.080221	  0.000047	  0.919685	  0.000047	
  0.000047	  0.971562	  0.000047	  0.028344	
  0.000047	  0.004786	  0.995119	  0.000047	
  0.214697	  0.158213	  0.022650	  0.604440	
  0.467090	  0.029262	  0.270067	  0.233581	

URL http://cisbp.ccbr.utoronto.ca/TFreport.php?versionNumber=2.00&searchTF=T012365_2.00

MOTIF M00004_2.00 (TBLA_0D00490)_(Saccharomyces_cerevisiae)_(DBD_0.80)

letter-probability matrix: alength= 4 w= 8 nsites= 1 E= 0
  0.349967	  0.100050	  0.449933	  0.100050	
  0.783819	  0.037090	  0.055604	  0.123488	
  0.000052	  0.999843	  0.000052	  0.000052	
  0.057332	  0.000052	  0.942564	  0.000052	
  0.005259	  0.994637	  0.000052	  0.000052	
  0.005259	  0.026088	  0.968600	  0.000052	
  0.651509	  0.129063	  0.045214	  0.174213	
  0.546119	  0.092490	  0.117692	  0.243700	

URL http://cisbp.ccbr.utoronto.ca/TFreport.php?versionNumber=2.00&searchTF=T012366_2.00

MOTIF M00013_2.00 (TBLA_0I00300)_(Saccharomyces_cerevisiae)_(DBD_0.67)

letter-probability matrix: alength= 4 w= 10 nsites= 1 E= 0
  0.286730	  0.276761	  0.218254	  0.218254	
  0.465755	  0.158579	  0.158579	  0.217086	
  0.000052	  0.000052	  0.000052	  0.999845	
  0.000052	  0.000052	  0.121061	  0.878836	
  0.941338	  0.000052	  0.000052	  0.058559	
  0.000052	  0.999845	  0.000052	  0.000052	
  0.050927	  0.000052	  0.525333	  0.423689	
  0.365182	  0.000052	  0.000052	  0.634715	
  0.904608	  0.031797	  0.031797	  0.031797	
  0.525751	  0.091472	  0.215662	  0.167115	

URL http://cisbp.ccbr.utoronto.ca/TFreport.php?versionNumber=2.00&searchTF=T068382_2.00

MOTIF M00014_2.00 (TBLA_0D04750)_(Saccharomyces_cerevisiae)_(DBD_0.68)

letter-probability matrix: alength= 4 w= 8 nsites= 1 E= 0
  0.712963	  0.000712	  0.285613	  0.000712	
  0.000475	  0.000475	  0.000475	  0.998574	
  0.048004	  0.000475	  0.808460	  0.143061	
  0.998574	  0.000475	  0.000475	  0.000475	
  0.000475	  0.951046	  0.000475	  0.048004	
  0.095532	  0.000475	  0.903517	  0.000475	
  0.000475	  0.000475	  0.000475	  0.998574	
  0.499288	  0.285613	  0.000712	  0.214387	

URL http://cisbp.ccbr.utoronto.ca/TFreport.php?versionNumber=2.00&searchTF=T068377_2.00

MOTIF M00015_2.00 (TBLA_0J00790)_(Saccharomyces_cerevisiae)_(DBD_0.70)

letter-probability matrix: alength= 4 w= 10 nsites= 1 E= 0
  0.116441	  0.076507	  0.663402	  0.143650	
  0.444801	  0.453787	  0.087150	  0.014262	
  0.002919	  0.018567	  0.023840	  0.954674	
  0.050593	  0.018612	  0.155060	  0.775735	
  0.965859	  0.022044	  0.001368	  0.010730	
  0.077309	  0.600531	  0.139465	  0.182694	
  0.347681	  0.110089	  0.433237	  0.108993	
  0.089608	  0.054896	  0.046780	  0.808716	
  0.657744	  0.172227	  0.103422	  0.066607	
  0.760955	  0.072572	  0.077834	  0.088639	

URL http://cisbp.ccbr.utoronto.ca/TFreport.php?versionNumber=2.00&searchTF=T068383_2.00

MOTIF M00018_2.00 (TBLA_0I02770)_(Saccharomyces_cerevisiae)_(DBD_0.87)

letter-probability matrix: alength= 4 w= 9 nsites= 1 E= 0
  0.386467	  0.190004	  0.239140	  0.184389	
  0.365263	  0.151505	  0.323959	  0.159273	
  0.230840	  0.442184	  0.162670	  0.164305	
  0.143801	  0.012916	  0.254279	  0.589004	
  0.038439	  0.698591	  0.225668	  0.037303	
  0.131629	  0.022646	  0.080639	  0.765085	
  0.484548	  0.134722	  0.299830	  0.080900	
  0.185433	  0.119426	  0.504060	  0.191081	
  0.296229	  0.183302	  0.252430	  0.268039	

URL http://cisbp.ccbr.utoronto.ca/TFreport.php?versionNumber=2.00&searchTF=T129918_2.00

MOTIF M00019_2.00 (TBLA_0E04210)_(Saccharomyces_cerevisiae)_(DBD_0.80)

letter-probability matrix: alength= 4 w= 10 nsites= 1 E= 0
  0.389881	  0.238851	  0.146327	  0.224942	
  0.032311	  0.884847	  0.004160	  0.078682	
  0.006679	  0.981327	  0.004613	  0.007381	
  0.010411	  0.985249	  0.003264	  0.001076	
  0.000970	  0.779910	  0.004433	  0.214687	
  0.028140	  0.020434	  0.056103	  0.895324	
  0.536179	  0.045808	  0.149078	  0.268935	
  0.492370	  0.112082	  0.141066	  0.254482	
  0.307871	  0.165617	  0.172376	  0.354136	
  0.290046	  0.210617	  0.169024	  0.330313	

URL http://cisbp.ccbr.utoronto.ca/TFreport.php?versionNumber=2.00&searchTF=T129901_2.00

MOTIF M00023_2.00 (TBLA_0C04880)_(Saccharomyces_cerevisiae)_(DBD_0.89)

letter-probability matrix: alength= 4 w= 10 nsites= 1 E= 0
  0.318413	  0.227196	  0.227196	  0.227196	
  0.326327	  0.325944	  0.126318	  0.221411	
  0.000058	  0.999826	  0.000058	  0.000058	
  0.000058	  0.999826	  0.000058	  0.000058	
  0.000058	  0.999826	  0.000058	  0.000058	
  0.000058	  0.999826	  0.000058	  0.000058	
  0.093824	  0.000058	  0.906060	  0.000058	
  0.000058	  0.999826	  0.000058	  0.000058	
  0.743851	  0.022862	  0.210425	  0.022862	
  0.219562	  0.332907	  0.123740	  0.323790	

URL http://cisbp.ccbr.utoronto.ca/TFreport.php?versionNumber=2.00&searchTF=T129897_2.00

MOTIF M00025_2.00 (TBLA_0E04220)_(Saccharomyces_cerevisiae)_(DBD_0.80)

letter-probability matrix: alength= 4 w= 11 nsites= 1 E= 0
  0.229229	  0.229229	  0.312312	  0.229229	
  0.184275	  0.267087	  0.184275	  0.364364	
  0.545197	  0.242404	  0.061383	  0.151016	
  0.000016	  0.999952	  0.000016	  0.000016	
  0.000016	  0.999952	  0.000016	  0.000016	
  0.000016	  0.999952	  0.000016	  0.000016	
  0.000016	  0.904225	  0.000016	  0.095743	
  0.000016	  0.000016	  0.000016	  0.999952	
  0.847826	  0.020787	  0.020787	  0.110601	
  0.802776	  0.065741	  0.065741	  0.065741	
  0.310595	  0.188633	  0.188633	  0.312139	

URL http://cisbp.ccbr.utoronto.ca/TFreport.php?versionNumber=2.00&searchTF=T129902_2.00

MOTIF M00031_2.00 (TBLA_0B06160)_(Saccharomyces_cerevisiae)_(DBD_0.80)

letter-probability matrix: alength= 4 w= 10 nsites= 1 E= 0
  0.175879	  0.175879	  0.175879	  0.472362	
  0.554311	  0.056915	  0.148276	  0.240498	
  0.000127	  0.999618	  0.000127	  0.000127	
  0.000127	  0.999618	  0.000127	  0.000127	
  0.000127	  0.999618	  0.000127	  0.000127	
  0.000127	  0.999618	  0.000127	  0.000127	
  0.090910	  0.000127	  0.619310	  0.289652	
  0.000127	  0.999618	  0.000127	  0.000127	
  0.594478	  0.074248	  0.074248	  0.257026	
  0.193212	  0.420364	  0.193212	  0.193212	

URL http://cisbp.ccbr.utoronto.ca/TFreport.php?versionNumber=2.00&searchTF=T129894_2.00

MOTIF M00035_2.00 (TBLA_0E04770)_(Saccharomyces_cerevisiae)_(DBD_0.94)

letter-probability matrix: alength= 4 w= 10 nsites= 1 E= 0
  0.227468	  0.227468	  0.227468	  0.317597	
  0.363601	  0.253472	  0.147678	  0.235248	
  0.000050	  0.999849	  0.000050	  0.000050	
  0.000050	  0.999849	  0.000050	  0.000050	
  0.000050	  0.999849	  0.000050	  0.000050	
  0.000050	  0.999849	  0.000050	  0.000050	
  0.000050	  0.000050	  0.903088	  0.096811	
  0.000050	  0.999849	  0.000050	  0.000050	
  0.753564	  0.115083	  0.022583	  0.108770	
  0.194633	  0.515652	  0.102372	  0.187343	

URL http://cisbp.ccbr.utoronto.ca/TFreport.php?versionNumber=2.00&searchTF=T129903_2.00

MOTIF M00038_2.00 (TBLA_0B06050)_(Saccharomyces_cerevisiae)_(DBD_0.91)

letter-probability matrix: alength= 4 w= 12 nsites= 1 E= 0
  0.316184	  0.227939	  0.227939	  0.227939	
  0.197751	  0.197751	  0.406748	  0.197751	
  0.209570	  0.093161	  0.503917	  0.193352	
  0.123545	  0.829749	  0.023353	  0.023353	
  0.100234	  0.000043	  0.000043	  0.899681	
  0.274188	  0.000043	  0.725727	  0.000043	
  0.274188	  0.516730	  0.000043	  0.209039	
  0.000043	  0.100234	  0.899681	  0.000043	
  0.022104	  0.933688	  0.022104	  0.022104	
  0.052292	  0.843124	  0.052292	  0.052292	
  0.250124	  0.254798	  0.156882	  0.338195	
  0.226689	  0.319932	  0.226689	  0.226689	

URL http://cisbp.ccbr.utoronto.ca/TFreport.php?versionNumber=2.00&searchTF=T129893_2.00

MOTIF M00040_2.00 (TBLA_0A00350)_(Saccharomyces_cerevisiae)_(DBD_0.73)

letter-probability matrix: alength= 4 w= 10 nsites= 1 E= 0
  0.143100	  0.429896	  0.260745	  0.166259	
  0.220264	  0.328595	  0.125817	  0.325325	
  0.451281	  0.330991	  0.000252	  0.217476	
  0.000050	  0.999050	  0.000490	  0.000409	
  0.714364	  0.206726	  0.000544	  0.078366	
  0.004679	  0.995301	  0.000004	  0.000016	
  0.003757	  0.995905	  0.000017	  0.000321	
  0.124466	  0.185681	  0.001689	  0.688165	
  0.196226	  0.691780	  0.107691	  0.004303	
  0.200729	  0.327653	  0.147224	  0.324393	

URL http://cisbp.ccbr.utoronto.ca/TFreport.php?versionNumber=2.00&searchTF=T129886_2.00

MOTIF M00042_2.00 (TBLA_0E03930)_(Saccharomyces_cerevisiae)_(DBD_0.89)

letter-probability matrix: alength= 4 w= 9 nsites= 1 E= 0
  0.166186	  0.359620	  0.094850	  0.379344	
  0.000013	  0.000013	  0.999961	  0.000013	
  0.000013	  0.079133	  0.000013	  0.920841	
  0.999961	  0.000013	  0.000013	  0.000013	
  0.549961	  0.000013	  0.450013	  0.000013	
  0.999961	  0.000013	  0.000013	  0.000013	
  0.000013	  0.000013	  0.000013	  0.999961	
  0.000013	  0.999961	  0.000013	  0.000013	
  0.338112	  0.351563	  0.155163	  0.155163	

URL http://cisbp.ccbr.utoronto.ca/TFreport.php?versionNumber=2.00&searchTF=T129900_2.00

MOTIF M00043_2.00 (TBLA_0D02300)_(Saccharomyces_cerevisiae)_(DBD_0.84)

letter-probability matrix: alength= 4 w= 9 nsites= 1 E= 0
  0.179233	  0.595073	  0.071428	  0.154267	
  0.020825	  0.850790	  0.038713	  0.089673	
  0.001053	  0.993879	  0.001393	  0.003675	
  0.021050	  0.969635	  0.008473	  0.000841	
  0.881075	  0.019514	  0.098607	  0.000803	
  0.058734	  0.814857	  0.042225	  0.084185	
  0.214813	  0.210559	  0.372325	  0.202303	
  0.215482	  0.355269	  0.158044	  0.271205	
  0.244963	  0.240112	  0.221651	  0.293274	

URL http://cisbp.ccbr.utoronto.ca/TFreport.php?versionNumber=2.00&searchTF=T129898_2.00

MOTIF M00044_2.00 (TBLA_0F04070)_(Saccharomyces_cerevisiae)_(DBD_0.75)

letter-probability matrix: alength= 4 w= 9 nsites= 1 E= 0
  0.242573	  0.257573	  0.299257	  0.200598	
  0.388668	  0.112474	  0.408595	  0.090263	
  0.193539	  0.116219	  0.097074	  0.593168	
  0.567331	  0.240073	  0.014746	  0.177850	
  0.726254	  0.177310	  0.022151	  0.074284	
  0.882730	  0.014629	  0.037078	  0.065563	
  0.080166	  0.688212	  0.049605	  0.182017	
  0.871825	  0.040471	  0.036255	  0.051449	
  0.497502	  0.159111	  0.141118	  0.202269	

URL http://cisbp.ccbr.utoronto.ca/TFreport.php?versionNumber=2.00&searchTF=T188629_2.00

MOTIF M00045_2.00 (TBLA_0E03730)_(Saccharomyces_cerevisiae)_(DBD_0.90)

letter-probability matrix: alength= 4 w= 8 nsites= 1 E= 0
  0.222345	  0.001106	  0.775442	  0.001106	
  0.001106	  0.001106	  0.001106	  0.996681	
  0.996681	  0.001106	  0.001106	  0.001106	
  0.996681	  0.001106	  0.001106	  0.001106	
  0.996681	  0.001106	  0.001106	  0.001106	
  0.001106	  0.886062	  0.001106	  0.111726	
  0.996681	  0.001106	  0.001106	  0.001106	
  0.597222	  0.200397	  0.001984	  0.200397	

URL http://cisbp.ccbr.utoronto.ca/TFreport.php?versionNumber=2.00&searchTF=T188628_2.00

MOTIF M00046_2.00 (TBLA_0C02390)_(Saccharomyces_cerevisiae)_(DBD_0.82)

letter-probability matrix: alength= 4 w= 8 nsites= 1 E= 0
  0.349800	  0.200100	  0.250000	  0.200100	
  0.000312	  0.062734	  0.936642	  0.000312	
  0.999190	  0.000270	  0.000270	  0.000270	
  0.000263	  0.999211	  0.000263	  0.000263	
  0.000263	  0.000263	  0.999211	  0.000263	
  0.000263	  0.999211	  0.000263	  0.000263	
  0.972923	  0.000263	  0.026551	  0.000263	
  0.482438	  0.310262	  0.069215	  0.138085	

URL http://cisbp.ccbr.utoronto.ca/TFreport.php?versionNumber=2.00&searchTF=T188627_2.00

MOTIF M00051_2.00 (TBLA_0D05530)_(Saccharomyces_cerevisiae)_(DBD_0.83)

letter-probability matrix: alength= 4 w= 8 nsites= 1 E= 0
  0.270248	  0.432235	  0.000270	  0.297246	
  0.000196	  0.000196	  0.999412	  0.000196	
  0.999424	  0.000192	  0.000192	  0.000192	
  0.000192	  0.000192	  0.000192	  0.999424	
  0.980208	  0.000192	  0.019408	  0.000192	
  0.940635	  0.000196	  0.000196	  0.058973	
  0.022934	  0.113760	  0.840372	  0.022934	
  0.344697	  0.241391	  0.241391	  0.172521	

URL http://cisbp.ccbr.utoronto.ca/TFreport.php?versionNumber=2.00&searchTF=T195377_2.00

MOTIF M00052_2.00 (TBLA_0E00400)_(Saccharomyces_cerevisiae)_(DBD_0.71)

letter-probability matrix: alength= 4 w= 10 nsites= 1 E= 0
  0.275281	  0.242608	  0.224974	  0.257137	
  0.241344	  0.282465	  0.204031	  0.272159	
  0.196189	  0.245027	  0.396334	  0.162450	
  0.410715	  0.155415	  0.184636	  0.249234	
  0.106170	  0.067699	  0.065591	  0.760540	
  0.760540	  0.065591	  0.067699	  0.106170	
  0.249234	  0.184636	  0.155415	  0.410715	
  0.162450	  0.396334	  0.245027	  0.196189	
  0.272159	  0.204031	  0.282465	  0.241344	
  0.257137	  0.224974	  0.242608	  0.275281	

URL http://cisbp.ccbr.utoronto.ca/TFreport.php?versionNumber=2.00&searchTF=T195378_2.00

MOTIF M00056_2.00 (TBLA_0B07070)_(Saccharomyces_cerevisiae)_(DBD_0.67)

letter-probability matrix: alength= 4 w= 8 nsites= 1 E= 0
  0.070923	  0.070923	  0.007950	  0.850205	
  0.866502	  0.013396	  0.013396	  0.106705	
  0.873260	  0.012718	  0.019046	  0.094976	
  0.000062	  0.000062	  0.000062	  0.999814	
  0.751428	  0.031110	  0.018691	  0.198770	
  0.635123	  0.050365	  0.006351	  0.308161	
  0.669102	  0.061596	  0.030837	  0.238465	
  0.206916	  0.057560	  0.057560	  0.677964	

URL http://cisbp.ccbr.utoronto.ca/TFreport.php?versionNumber=2.00&searchTF=T223789_2.00

MOTIF M00058_2.00 (TBLA_0D01390)_(Saccharomyces_cerevisiae)_(DBD_0.60)

letter-probability matrix: alength= 4 w= 8 nsites= 1 E= 0
  0.565080	  0.141352	  0.108757	  0.184811	
  0.061126	  0.068758	  0.015339	  0.854777	
  0.248276	  0.096594	  0.000069	  0.655061	
  0.894567	  0.000066	  0.000066	  0.105301	
  0.966917	  0.000066	  0.000066	  0.032952	
  0.078992	  0.006643	  0.013220	  0.901144	
  0.048001	  0.000068	  0.034306	  0.917625	
  0.654724	  0.008935	  0.177017	  0.159324	

URL http://cisbp.ccbr.utoronto.ca/TFreport.php?versionNumber=2.00&searchTF=T223791_2.00

MOTIF M00059_2.00 (TBLA_0C03740)_(Saccharomyces_cerevisiae)_(DBD_0.82)

letter-probability matrix: alength= 4 w= 8 nsites= 1 E= 0
  0.047715	  0.071514	  0.012018	  0.868753	
  0.000104	  0.041753	  0.958038	  0.000104	
  0.812266	  0.052166	  0.031341	  0.104227	
  0.000104	  0.999688	  0.000104	  0.000104	
  0.895564	  0.041753	  0.062578	  0.000104	
  0.021604	  0.634243	  0.172077	  0.172077	
  0.644529	  0.157943	  0.039584	  0.157943	
  0.352861	  0.058973	  0.019788	  0.568378	

URL http://cisbp.ccbr.utoronto.ca/TFreport.php?versionNumber=2.00&searchTF=T223790_2.00

MOTIF M00060_2.00 (TBLA_0A02000)_(Saccharomyces_cerevisiae)_(DBD_0.76)

letter-probability matrix: alength= 4 w= 9 nsites= 1 E= 0
  0.320154	  0.181055	  0.206191	  0.292599	
  0.231700	  0.238756	  0.197442	  0.332102	
  0.223589	  0.242212	  0.287095	  0.247105	
  0.161512	  0.025143	  0.029212	  0.784133	
  0.138264	  0.051376	  0.075881	  0.734480	
  0.092315	  0.709959	  0.122145	  0.075581	
  0.148989	  0.381409	  0.144586	  0.325016	
  0.473500	  0.149928	  0.202381	  0.174191	
  0.182247	  0.285820	  0.153755	  0.378177	

URL http://cisbp.ccbr.utoronto.ca/TFreport.php?versionNumber=2.00&searchTF=T242152_2.00

MOTIF M00061_2.00 (TBLA_0A10700)_(Saccharomyces_cerevisiae)_(DBD_0.74)

letter-probability matrix: alength= 4 w= 8 nsites= 1 E= 0
  0.726984	  0.045578	  0.075863	  0.151575	
  0.056906	  0.193208	  0.068264	  0.681622	
  0.064288	  0.064288	  0.871332	  0.000092	
  0.000090	  0.000090	  0.999730	  0.000090	
  0.000090	  0.972713	  0.027107	  0.000090	
  0.000090	  0.963707	  0.009096	  0.027107	
  0.586810	  0.119622	  0.293459	  0.000109	
  0.142918	  0.057253	  0.742576	  0.057253	

URL http://cisbp.ccbr.utoronto.ca/TFreport.php?versionNumber=2.00&searchTF=T242153_2.00

MOTIF M00065_2.00 (TBLA_0B04080)_(Saccharomyces_cerevisiae)_(DBD_0.89)

letter-probability matrix: alength= 4 w= 8 nsites= 1 E= 0
  0.801853	  0.010516	  0.052166	  0.135464	
  0.532694	  0.016470	  0.450754	  0.000082	
  0.015339	  0.984509	  0.000076	  0.000076	
  0.000076	  0.999773	  0.000076	  0.000076	
  0.000076	  0.999773	  0.000076	  0.000076	
  0.000076	  0.007649	  0.000076	  0.992199	
  0.702791	  0.099070	  0.188143	  0.009996	
  0.414192	  0.128641	  0.314249	  0.142918	

URL http://cisbp.ccbr.utoronto.ca/TFreport.php?versionNumber=2.00&searchTF=T280403_2.00

MOTIF M00066_2.00 (TBLA_0C01490)_(Saccharomyces_cerevisiae)_(DBD_0.81)

letter-probability matrix: alength= 4 w= 10 nsites= 1 E= 0
  0.228304	  0.228304	  0.228304	  0.315088	
  0.119950	  0.353086	  0.407015	  0.119950	
  0.000130	  0.000130	  0.999610	  0.000130	
  0.000130	  0.000130	  0.000130	  0.999610	
  0.000130	  0.000130	  0.000130	  0.999610	
  0.086914	  0.000130	  0.912826	  0.000130	
  0.000130	  0.999610	  0.000130	  0.000130	
  0.000130	  0.437251	  0.000130	  0.562489	
  0.934522	  0.021826	  0.021826	  0.021826	
  0.130180	  0.304898	  0.261306	  0.303616	

URL http://cisbp.ccbr.utoronto.ca/TFreport.php?versionNumber=2.00&searchTF=T318817_2.00

MOTIF M00068_2.00 (TBLA_0A00160)_(Saccharomyces_cerevisiae)_(DBD_0.77)

letter-probability matrix: alength= 4 w= 8 nsites= 1 E= 0
  0.009615	  0.009615	  0.009615	  0.971154	
  0.009615	  0.971154	  0.009615	  0.009615	
  0.009615	  0.971154	  0.009615	  0.009615	
  0.009615	  0.971154	  0.009615	  0.009615	
  0.009615	  0.971154	  0.009615	  0.009615	
  0.009615	  0.009615	  0.971154	  0.009615	
  0.009615	  0.009615	  0.971154	  0.009615	
  0.009615	  0.971154	  0.009615	  0.009615	

URL http://cisbp.ccbr.utoronto.ca/TFreport.php?versionNumber=2.00&searchTF=T332783_2.00

MOTIF M00070_2.00 (TBLA_0J01680)_(Saccharomyces_cerevisiae)_(DBD_0.52)

letter-probability matrix: alength= 4 w= 11 nsites= 1 E= 0
  0.268573	  0.272224	  0.178881	  0.280322	
  0.509793	  0.098806	  0.292595	  0.098806	
  0.848016	  0.050661	  0.050661	  0.050661	
  0.999893	  0.000036	  0.000036	  0.000036	
  0.000036	  0.903786	  0.000036	  0.096142	
  0.903786	  0.000036	  0.000036	  0.096142	
  0.999893	  0.000036	  0.000036	  0.000036	
  0.000036	  0.000036	  0.000036	  0.999893	
  0.591260	  0.071155	  0.071155	  0.266431	
  0.345743	  0.151230	  0.257625	  0.245401	
  0.199374	  0.199374	  0.199374	  0.401877	

URL http://cisbp.ccbr.utoronto.ca/TFreport.php?versionNumber=2.00&searchTF=T332788_2.00

MOTIF M00071_2.00 (TBLA_0A03270)_(Saccharomyces_cerevisiae)_(DBD_0.91)

letter-probability matrix: alength= 4 w= 10 nsites= 1 E= 0
  0.271591	  0.150511	  0.342199	  0.235699	
  0.052988	  0.052988	  0.129931	  0.764093	
  0.000127	  0.000127	  0.999618	  0.000127	
  0.000127	  0.000127	  0.077070	  0.922675	
  0.000127	  0.000127	  0.000127	  0.999618	
  0.077070	  0.000127	  0.000127	  0.922675	
  0.077070	  0.922675	  0.000127	  0.000127	
  0.999618	  0.000127	  0.000127	  0.000127	
  0.184606	  0.183669	  0.346968	  0.284756	
  0.408582	  0.197139	  0.197139	  0.197139	

URL http://cisbp.ccbr.utoronto.ca/TFreport.php?versionNumber=2.00&searchTF=T338125_2.00

MOTIF M00077_2.00 (TBLA_0D03550)_(Saccharomyces_cerevisiae)_(DBD_0.67)

letter-probability matrix: alength= 4 w= 8 nsites= 1 E= 0
  0.395540	  0.131920	  0.219793	  0.252746	
  0.141823	  0.455163	  0.044837	  0.358177	
  0.000060	  0.969887	  0.024006	  0.006046	
  0.000060	  0.006046	  0.993834	  0.000060	
  0.024006	  0.006046	  0.969887	  0.000060	
  0.993834	  0.000060	  0.006046	  0.000060	
  0.856098	  0.000062	  0.137528	  0.006311	
  0.100050	  0.491586	  0.116711	  0.291653	

URL http://cisbp.ccbr.utoronto.ca/TFreport.php?versionNumber=2.00&searchTF=T384622_2.00

MOTIF M00080_2.00 (TBLA_0I01890)_(Saccharomyces_cerevisiae)_(DBD_0.82)

letter-probability matrix: alength= 4 w= 10 nsites= 1 E= 0
  0.225034	  0.439771	  0.163408	  0.171787	
  0.250204	  0.265676	  0.318072	  0.166048	
  0.214050	  0.329049	  0.231877	  0.225024	
  0.166692	  0.356434	  0.329030	  0.147843	
  0.047763	  0.117477	  0.703623	  0.131137	
  0.147147	  0.183357	  0.545353	  0.124143	
  0.618210	  0.001694	  0.184349	  0.195748	
  0.608531	  0.003565	  0.085717	  0.302188	
  0.280079	  0.141893	  0.111617	  0.466412	
  0.228694	  0.171124	  0.148768	  0.451414	

URL http://cisbp.ccbr.utoronto.ca/TFreport.php?versionNumber=2.00&searchTF=T384649_2.00

MOTIF M00081_2.00 (TBLA_0H00720)_(Saccharomyces_cerevisiae)_(DBD_0.76)

letter-probability matrix: alength= 4 w= 10 nsites= 1 E= 0
  0.295759	  0.264566	  0.239211	  0.200464	
  0.368916	  0.058179	  0.299249	  0.273656	
  0.203841	  0.563321	  0.098215	  0.134624	
  0.153570	  0.765785	  0.022635	  0.058009	
  0.140161	  0.111305	  0.617703	  0.130831	
  0.130831	  0.617703	  0.111305	  0.140161	
  0.058009	  0.022635	  0.765785	  0.153570	
  0.134624	  0.098215	  0.563321	  0.203841	
  0.273656	  0.299249	  0.058179	  0.368916	
  0.200464	  0.239211	  0.264566	  0.295759	

URL http://cisbp.ccbr.utoronto.ca/TFreport.php?versionNumber=2.00&searchTF=T384647_2.00

MOTIF M00082_2.00 (TBLA_0C03390)_(Saccharomyces_cerevisiae)_(DBD_0.74)

letter-probability matrix: alength= 4 w= 8 nsites= 1 E= 0
  0.125312	  0.062968	  0.748753	  0.062968	
  0.000434	  0.868490	  0.130642	  0.000434	
  0.000434	  0.130642	  0.868490	  0.000434	
  0.000434	  0.998698	  0.000434	  0.000434	
  0.000434	  0.000434	  0.998698	  0.000434	
  0.000434	  0.911892	  0.087240	  0.000434	
  0.000434	  0.087240	  0.868490	  0.043837	
  0.055987	  0.111419	  0.721175	  0.111419	

URL http://cisbp.ccbr.utoronto.ca/TFreport.php?versionNumber=2.00&searchTF=T384616_2.00

MOTIF M00086_2.00 (TBLA_0A02950)_(Saccharomyces_cerevisiae)_(DBD_0.76)

letter-probability matrix: alength= 4 w= 10 nsites= 1 E= 0
  0.171778	  0.302796	  0.353648	  0.171778	
  0.042189	  0.149130	  0.766493	  0.042189	
  0.000059	  0.839252	  0.160629	  0.000059	
  0.000059	  0.000059	  0.999822	  0.000059	
  0.000059	  0.760067	  0.239814	  0.000059	
  0.000059	  0.000059	  0.999822	  0.000059	
  0.000059	  0.919100	  0.080781	  0.000059	
  0.000059	  0.083358	  0.916523	  0.000059	
  0.078282	  0.223632	  0.619805	  0.078282	
  0.207871	  0.207871	  0.376388	  0.207871	

URL http://cisbp.ccbr.utoronto.ca/TFreport.php?versionNumber=2.00&searchTF=T384597_2.00

MOTIF M00088_2.00 (TBLA_0G02610)_(Saccharomyces_cerevisiae)_(DBD_0.87)

letter-probability matrix: alength= 4 w= 7 nsites= 1 E= 0
  0.004409	  0.910218	  0.041833	  0.043540	
  0.000848	  0.116208	  0.876017	  0.006927	
  0.000117	  0.005158	  0.992847	  0.001879	
  0.537121	  0.127259	  0.241344	  0.094276	
  0.460766	  0.088490	  0.138780	  0.311965	
  0.318860	  0.236217	  0.222461	  0.222461	
  0.279083	  0.235452	  0.235452	  0.250012	

URL http://cisbp.ccbr.utoronto.ca/TFreport.php?versionNumber=2.00&searchTF=T384644_2.00

MOTIF M00097_2.00 (TBLA_0A01210)_(Saccharomyces_cerevisiae)_(DBD_0.95)

letter-probability matrix: alength= 4 w= 9 nsites= 1 E= 0
  0.166001	  0.273690	  0.109071	  0.451238	
  0.034069	  0.942372	  0.020872	  0.002687	
  0.000000	  0.034222	  0.965706	  0.000072	
  0.000027	  0.000011	  0.999339	  0.000623	
  0.525447	  0.152056	  0.205254	  0.117243	
  0.246047	  0.263888	  0.294572	  0.195493	
  0.378727	  0.158668	  0.158668	  0.303936	
  0.229490	  0.117432	  0.094241	  0.558837	
  0.484436	  0.140188	  0.114776	  0.260600	

URL http://cisbp.ccbr.utoronto.ca/TFreport.php?versionNumber=2.00&searchTF=T384596_2.00

MOTIF M00099_2.00 (TBLA_0A09760)_(Saccharomyces_cerevisiae)_(DBD_0.89)

letter-probability matrix: alength= 4 w= 10 nsites= 1 E= 0
  0.249210	  0.239439	  0.246731	  0.264621	
  0.288431	  0.222395	  0.248255	  0.240918	
  0.184142	  0.306649	  0.199478	  0.309731	
  0.025279	  0.943839	  0.028218	  0.002664	
  0.005759	  0.055748	  0.935268	  0.003225	
  0.007832	  0.067233	  0.923491	  0.001445	
  0.529877	  0.176381	  0.217597	  0.076145	
  0.233578	  0.199042	  0.442977	  0.124402	
  0.329507	  0.172018	  0.175493	  0.322982	
  0.316777	  0.167034	  0.148146	  0.368043	

URL http://cisbp.ccbr.utoronto.ca/TFreport.php?versionNumber=2.00&searchTF=T384604_2.00

MOTIF M00109_2.00 (TBLA_0C04000)_(Saccharomyces_cerevisiae)_(DBD_0.47)

letter-probability matrix: alength= 4 w= 9 nsites= 1 E= 0
  0.249803	  0.302074	  0.235255	  0.212868	
  0.152203	  0.098024	  0.144780	  0.604992	
  0.003669	  0.982284	  0.000852	  0.013196	
  0.000071	  0.060724	  0.931069	  0.008136	
  0.001990	  0.042865	  0.923390	  0.031755	
  0.351497	  0.070260	  0.474471	  0.103772	
  0.292343	  0.223169	  0.286555	  0.197933	
  0.295807	  0.228083	  0.208452	  0.267658	
  0.273596	  0.213077	  0.210957	  0.302370	

URL http://cisbp.ccbr.utoronto.ca/TFreport.php?versionNumber=2.00&searchTF=T384617_2.00

MOTIF M00374_2.00 (TBLA_0D03730)_(Saccharomyces_cerevisiae)_(DBD_0.90)

letter-probability matrix: alength= 4 w= 9 nsites= 1 E= 0
  0.257435	  0.219372	  0.232937	  0.290257	
  0.045210	  0.926409	  0.014899	  0.013481	
  0.879634	  0.054571	  0.026563	  0.039233	
  0.000141	  0.888258	  0.017980	  0.093622	
  0.044348	  0.035948	  0.917879	  0.001826	
  0.001022	  0.000200	  0.014186	  0.984592	
  0.000063	  0.000834	  0.990618	  0.008485	
  0.671023	  0.158984	  0.047409	  0.122585	
  0.084086	  0.551056	  0.030626	  0.334232	

URL http://cisbp.ccbr.utoronto.ca/TFreport.php?versionNumber=2.00&searchTF=T045266_2.00

MOTIF M00907_2.00 (TBLA_0D00190)_(Saccharomyces_cerevisiae)_(DBD_0.61)

letter-probability matrix: alength= 4 w= 10 nsites= 1 E= 0
  0.252983	  0.243892	  0.249128	  0.253997	
  0.776316	  0.074561	  0.074561	  0.074561	
  0.000062	  0.000062	  0.000062	  0.999813	
  0.000062	  0.000062	  0.809938	  0.189938	
  0.999813	  0.000062	  0.000062	  0.000062	
  0.000062	  0.999813	  0.000062	  0.000062	
  0.000062	  0.000062	  0.999813	  0.000062	
  0.000062	  0.000062	  0.000062	  0.999813	
  0.503179	  0.206688	  0.192610	  0.097523	
  0.473497	  0.175501	  0.175501	  0.175501	

URL http://cisbp.ccbr.utoronto.ca/TFreport.php?versionNumber=2.00&searchTF=T068374_2.00

MOTIF M00914_2.00 (TBLA_0B04590)_(Saccharomyces_cerevisiae)_(DBD_0.79)

letter-probability matrix: alength= 4 w= 10 nsites= 1 E= 0
  0.334465	  0.090245	  0.535143	  0.040146	
  0.142028	  0.063817	  0.769719	  0.024435	
  0.180207	  0.641689	  0.166352	  0.011753	
  0.251344	  0.038353	  0.214181	  0.496122	
  0.162725	  0.098698	  0.192879	  0.545697	
  0.000078	  0.999742	  0.000074	  0.000106	
  0.019137	  0.602830	  0.185237	  0.192796	
  0.341959	  0.106133	  0.125800	  0.426108	
  0.207638	  0.363506	  0.335558	  0.093298	
  0.236348	  0.046773	  0.048197	  0.668681	

URL http://cisbp.ccbr.utoronto.ca/TFreport.php?versionNumber=2.00&searchTF=T198639_2.00

MOTIF M00917_2.00 (TBLA_0C04650)_(Saccharomyces_cerevisiae)_(DBD_0.82)

letter-probability matrix: alength= 4 w= 10 nsites= 1 E= 0
  0.275818	  0.176853	  0.274314	  0.273015	
  0.596140	  0.101012	  0.201837	  0.101012	
  0.000061	  0.000061	  0.000061	  0.999816	
  0.000061	  0.000061	  0.999816	  0.000061	
  0.999816	  0.000061	  0.000061	  0.000061	
  0.000061	  0.999816	  0.000061	  0.000061	
  0.000061	  0.000061	  0.000061	  0.999816	
  0.096323	  0.903555	  0.000061	  0.000061	
  0.684113	  0.169470	  0.073209	  0.073209	
  0.245813	  0.254282	  0.247967	  0.251938	

URL http://cisbp.ccbr.utoronto.ca/TFreport.php?versionNumber=2.00&searchTF=T350440_2.00

MOTIF M00922_2.00 (TBLA_0C00140)_(Saccharomyces_cerevisiae)_(DBD_0.94)

letter-probability matrix: alength= 4 w= 9 nsites= 1 E= 0
  0.212991	  0.328753	  0.123435	  0.334821	
  0.000077	  0.999769	  0.000077	  0.000077	
  0.000077	  0.000077	  0.999769	  0.000077	
  0.000077	  0.000077	  0.999769	  0.000077	
  0.999769	  0.000077	  0.000077	  0.000077	
  0.000077	  0.386504	  0.613342	  0.000077	
  0.000077	  0.000077	  0.000077	  0.999769	
  0.000077	  0.000077	  0.000077	  0.999769	
  0.126642	  0.324406	  0.220127	  0.328825	

URL http://cisbp.ccbr.utoronto.ca/TFreport.php?versionNumber=2.00&searchTF=T384612_2.00

MOTIF M01039_2.00 (TBLA_0G01920)_(Kluyveromyces_lactis)_(DBD_0.87)

letter-probability matrix: alength= 4 w= 7 nsites= 1 E= 0
  0.192097	  0.704860	  0.062677	  0.040366	
  0.002261	  0.724822	  0.000883	  0.272034	
  0.000462	  0.991049	  0.000084	  0.008404	
  0.003903	  0.993958	  0.002079	  0.000061	
  0.016196	  0.461628	  0.096040	  0.426136	
  0.068363	  0.100971	  0.113844	  0.716823	
  0.379896	  0.088226	  0.354213	  0.177665	

URL http://cisbp.ccbr.utoronto.ca/TFreport.php?versionNumber=2.00&searchTF=T129908_2.00

MOTIF M01233_2.00 (TBLA_0B08790)_(Dictyostelium_discoideum)_(DBD_0.69)

letter-probability matrix: alength= 4 w= 10 nsites= 1 E= 0
  0.125078	  0.357429	  0.134147	  0.383346	
  0.698844	  0.106637	  0.134213	  0.060306	
  0.013828	  0.005402	  0.912962	  0.067809	
  0.959418	  0.015742	  0.000397	  0.024443	
  0.025356	  0.013916	  0.023407	  0.937321	
  0.005677	  0.876939	  0.046826	  0.070558	
  0.045150	  0.032136	  0.230439	  0.692276	
  0.341321	  0.134669	  0.404569	  0.119441	
  0.269108	  0.243499	  0.171591	  0.315801	
  0.350658	  0.175882	  0.221365	  0.252096	

URL http://cisbp.ccbr.utoronto.ca/TFreport.php?versionNumber=2.00&searchTF=T195375_2.00

MOTIF M01442_2.00 (TBLA_0A08910)_(Rhizopus_oryzae)_(DBD_0.76)

letter-probability matrix: alength= 4 w= 10 nsites= 1 E= 0
  0.405205	  0.191405	  0.155150	  0.248239	
  0.012796	  0.971781	  0.003252	  0.012172	
  0.001748	  0.896649	  0.000244	  0.101359	
  0.003474	  0.987573	  0.007809	  0.001145	
  0.007101	  0.992574	  0.000046	  0.000278	
  0.507195	  0.000100	  0.468200	  0.024505	
  0.034159	  0.692999	  0.169191	  0.103651	
  0.533442	  0.115509	  0.198215	  0.152834	
  0.248537	  0.246064	  0.141967	  0.363432	
  0.249168	  0.197972	  0.162086	  0.390773	

URL http://cisbp.ccbr.utoronto.ca/TFreport.php?versionNumber=2.00&searchTF=T129890_2.00

MOTIF M01524_2.00 (TBLA_0G00930)_(Saccharomyces_cerevisiae)_(DBD_0.65)

letter-probability matrix: alength= 4 w= 10 nsites= 1 E= 0
  0.156235	  0.237783	  0.384275	  0.221707	
  0.402756	  0.386964	  0.121308	  0.088973	
  0.035172	  0.000320	  0.057412	  0.907096	
  0.017446	  0.032431	  0.336670	  0.613453	
  0.855397	  0.000658	  0.054684	  0.089261	
  0.042605	  0.534839	  0.242734	  0.179822	
  0.218505	  0.142140	  0.286234	  0.353121	
  0.409661	  0.197419	  0.112768	  0.280152	
  0.575008	  0.129591	  0.153605	  0.141795	
  0.297790	  0.163431	  0.231919	  0.306859	

URL http://cisbp.ccbr.utoronto.ca/TFreport.php?versionNumber=2.00&searchTF=T068380_2.00

MOTIF M01536_2.00 (TBLA_0I03040)_(Saccharomyces_cerevisiae)_(DBD_0.94)

letter-probability matrix: alength= 4 w= 8 nsites= 1 E= 0
  0.582226	  0.083887	  0.083887	  0.250000	
  0.187656	  0.000623	  0.000623	  0.811097	
  0.117958	  0.000587	  0.000587	  0.880869	
  0.000587	  0.000587	  0.000587	  0.998239	
  0.000587	  0.000587	  0.000587	  0.998239	
  0.000587	  0.000587	  0.000587	  0.998239	
  0.000587	  0.000587	  0.000587	  0.998239	
  0.000767	  0.690951	  0.077454	  0.230828	

URL http://cisbp.ccbr.utoronto.ca/TFreport.php?versionNumber=2.00&searchTF=T129919_2.00

MOTIF M01557_2.00 (TBLA_0H03770)_(Saccharomyces_cerevisiae)_(DBD_0.81)

letter-probability matrix: alength= 4 w= 8 nsites= 1 E= 0
  0.009615	  0.009615	  0.009615	  0.971154	
  0.009615	  0.009615	  0.009615	  0.971154	
  0.971154	  0.009615	  0.009615	  0.009615	
  0.971154	  0.009615	  0.009615	  0.009615	
  0.009615	  0.009615	  0.009615	  0.971154	
  0.971154	  0.009615	  0.009615	  0.009615	
  0.971154	  0.009615	  0.009615	  0.009615	
  0.971154	  0.009615	  0.009615	  0.009615	

URL http://cisbp.ccbr.utoronto.ca/TFreport.php?versionNumber=2.00&searchTF=T256416_2.00

MOTIF M01558_2.00 (TBLA_0B06860)_(Saccharomyces_cerevisiae)_(DBD_1.00)

letter-probability matrix: alength= 4 w= 10 nsites= 1 E= 0
  0.112022	  0.583295	  0.081344	  0.223339	
  0.214189	  0.229719	  0.346145	  0.209947	
  0.417547	  0.152079	  0.229155	  0.201220	
  0.584466	  0.060382	  0.129114	  0.226037	
  0.385008	  0.091219	  0.093997	  0.429776	
  0.301324	  0.230024	  0.179143	  0.289509	
  0.257339	  0.273252	  0.284403	  0.185007	
  0.278132	  0.034747	  0.644255	  0.042867	
  0.109929	  0.000794	  0.742363	  0.146913	
  0.392464	  0.185387	  0.181716	  0.240434	

URL http://cisbp.ccbr.utoronto.ca/TFreport.php?versionNumber=2.00&searchTF=T256414_2.00

MOTIF M01566_2.00 (TBLA_0I02240)_(Saccharomyces_cerevisiae)_(DBD_0.87)

letter-probability matrix: alength= 4 w= 8 nsites= 1 E= 0
  0.270726	  0.299198	  0.159350	  0.270726	
  0.171103	  0.404343	  0.058690	  0.365865	
  0.701225	  0.048078	  0.204963	  0.045733	
  0.053179	  0.447494	  0.090348	  0.408979	
  0.407307	  0.049381	  0.055677	  0.487635	
  0.525518	  0.097943	  0.128302	  0.248237	
  0.510778	  0.094249	  0.117441	  0.277532	
  0.343791	  0.175921	  0.275898	  0.204391	

URL http://cisbp.ccbr.utoronto.ca/TFreport.php?versionNumber=2.00&searchTF=T332787_2.00

MOTIF M01567_2.00 (TBLA_0B08050)_(Saccharomyces_cerevisiae)_(DBD_0.99)

letter-probability matrix: alength= 4 w= 7 nsites= 1 E= 0
  0.315311	  0.189343	  0.207174	  0.288172	
  0.345705	  0.141966	  0.211788	  0.300541	
  0.271982	  0.110580	  0.155359	  0.462079	
  0.583542	  0.000869	  0.110954	  0.304636	
  0.219565	  0.006434	  0.188981	  0.585020	
  0.934996	  0.000354	  0.051964	  0.012687	
  0.422777	  0.000471	  0.095282	  0.481470	

URL http://cisbp.ccbr.utoronto.ca/TFreport.php?versionNumber=2.00&searchTF=T342922_2.00

MOTIF M01590_2.00 (TBLA_0F02920)_(Saccharomyces_cerevisiae)_(DBD_0.78)

letter-probability matrix: alength= 4 w= 9 nsites= 1 E= 0
  0.457155	  0.127106	  0.164848	  0.250892	
  0.193600	  0.485800	  0.152292	  0.168308	
  0.103105	  0.867612	  0.028667	  0.000616	
  0.000212	  0.046052	  0.943664	  0.010072	
  0.042335	  0.098065	  0.858877	  0.000723	
  0.295168	  0.322965	  0.223083	  0.158784	
  0.294560	  0.218216	  0.322300	  0.164924	
  0.310862	  0.181154	  0.157488	  0.350496	
  0.287475	  0.221658	  0.194637	  0.296230	

URL http://cisbp.ccbr.utoronto.ca/TFreport.php?versionNumber=2.00&searchTF=T384632_2.00

MOTIF M01599_2.00 (TBLA_0G01800)_(Saccharomyces_cerevisiae)_(DBD_0.87)

letter-probability matrix: alength= 4 w= 7 nsites= 1 E= 0
  0.214221	  0.286291	  0.186235	  0.313252	
  0.119046	  0.273011	  0.100435	  0.507508	
  0.000397	  0.999240	  0.000031	  0.000332	
  0.000168	  0.000036	  0.999757	  0.000039	
  0.012006	  0.000175	  0.987702	  0.000117	
  0.423436	  0.182802	  0.269995	  0.123767	
  0.239006	  0.239006	  0.371107	  0.150881	

URL http://cisbp.ccbr.utoronto.ca/TFreport.php?versionNumber=2.00&searchTF=T384642_2.00

MOTIF M01600_2.00 (TBLA_0F03550)_(Saccharomyces_cerevisiae)_(DBD_0.52)

letter-probability matrix: alength= 4 w= 10 nsites= 1 E= 0
  0.230714	  0.273466	  0.196601	  0.299219	
  0.182935	  0.286900	  0.154336	  0.375829	
  0.000044	  0.988261	  0.002151	  0.009544	
  0.000011	  0.048134	  0.947659	  0.004195	
  0.047400	  0.000162	  0.952048	  0.000390	
  0.852590	  0.003029	  0.104405	  0.039976	
  0.075919	  0.364915	  0.528300	  0.030866	
  0.178875	  0.163479	  0.051764	  0.605882	
  0.226011	  0.157683	  0.133031	  0.483275	
  0.201775	  0.269658	  0.212120	  0.316446	

URL http://cisbp.ccbr.utoronto.ca/TFreport.php?versionNumber=2.00&searchTF=T384633_2.00

MOTIF M02189_2.00 (TBLA_0A07050)_(Saccharomyces_cerevisiae)_(DBD_0.49)

letter-probability matrix: alength= 4 w= 8 nsites= 1 E= 0
  0.271646	  0.197256	  0.185768	  0.345330	
  0.229156	  0.215811	  0.199219	  0.355813	
  0.284420	  0.165746	  0.202442	  0.347392	
  0.559604	  0.123622	  0.170244	  0.146530	
  0.055503	  0.770033	  0.000920	  0.173544	
  0.451791	  0.097829	  0.305888	  0.144491	
  0.206695	  0.317744	  0.185165	  0.290396	
  0.267005	  0.201798	  0.329398	  0.201798	

URL http://cisbp.ccbr.utoronto.ca/TFreport.php?versionNumber=2.00&searchTF=T223787_2.00

MOTIF M02577_2.00 (TBLA_0D05420)_(Fusarium_graminearum)_(DBD_0.60)

letter-probability matrix: alength= 4 w= 10 nsites= 1 E= 0
  0.202451	  0.247274	  0.162471	  0.387804	
  0.212116	  0.367651	  0.133906	  0.286327	
  0.009978	  0.982798	  0.000121	  0.007102	
  0.000381	  0.158360	  0.841233	  0.000026	
  0.004260	  0.009386	  0.952597	  0.033757	
  0.464461	  0.226077	  0.200513	  0.108949	
  0.279422	  0.222010	  0.198885	  0.299683	
  0.276188	  0.244957	  0.299191	  0.179663	
  0.352480	  0.164843	  0.205407	  0.277270	
  0.337091	  0.235180	  0.235180	  0.192549	

URL http://cisbp.ccbr.utoronto.ca/TFreport.php?versionNumber=2.00&searchTF=T384623_2.00

MOTIF M08419_2.00 (TBLA_0F01250)_(Saccharomyces_cerevisiae)_(DBD_0.78)

letter-probability matrix: alength= 4 w= 10 nsites= 1 E= 0
  0.065693	  0.934307	  0.000000	  0.000000	
  0.068841	  0.902174	  0.028986	  0.000000	
  0.131313	  0.464646	  0.000000	  0.404040	
  0.154867	  0.035398	  0.663717	  0.146018	
  0.885542	  0.048193	  0.066265	  0.000000	
  0.000000	  0.293478	  0.000000	  0.706522	
  0.053333	  0.448889	  0.240000	  0.257778	
  0.044444	  0.591111	  0.093333	  0.271111	
  0.010204	  0.000000	  0.989796	  0.000000	
  0.133080	  0.030418	  0.836502	  0.000000	

URL http://cisbp.ccbr.utoronto.ca/TFreport.php?versionNumber=2.00&searchTF=T195379_2.00

MOTIF M08429_2.00 (TBLA_0G02260)_(Saccharomyces_cerevisiae)_(DBD_0.85)

letter-probability matrix: alength= 4 w= 15 nsites= 1 E= 0
  0.102941	  0.897059	  0.000000	  0.000000	
  0.469194	  0.530806	  0.000000	  0.000000	
  0.000000	  0.979381	  0.000000	  0.020619	
  0.000000	  0.897059	  0.000000	  0.102941	
  0.000000	  0.000000	  1.000000	  0.000000	
  0.000000	  1.000000	  0.000000	  0.000000	
  0.234177	  0.000000	  0.000000	  0.765823	
  0.000000	  0.369792	  0.000000	  0.630208	
  0.158120	  0.722222	  0.000000	  0.119658	
  0.000000	  0.760163	  0.000000	  0.239837	
  0.000000	  0.000000	  0.760163	  0.239837	
  0.022901	  0.000000	  0.870229	  0.106870	
  0.134615	  0.538462	  0.000000	  0.326923	
  0.234177	  0.000000	  0.000000	  0.765823	
  0.000000	  0.000000	  0.000000	  1.000000	

URL http://cisbp.ccbr.utoronto.ca/TFreport.php?versionNumber=2.00&searchTF=T332785_2.00

MOTIF M08452_2.00 (TBLA_0E00260)_(Saccharomyces_cerevisiae)_(DBD_0.75)

letter-probability matrix: alength= 4 w= 5 nsites= 1 E= 0
  0.000000	  0.000000	  0.000000	  1.000000	
  0.000000	  0.000000	  0.010160	  0.989840	
  0.005578	  0.000000	  0.994422	  0.000000	
  0.000000	  0.000000	  0.998223	  0.001777	
  0.158006	  0.378979	  0.030665	  0.432350	

URL http://cisbp.ccbr.utoronto.ca/TFreport.php?versionNumber=2.00&searchTF=T160435_2.00

MOTIF M08453_2.00 (TBLA_0C00170)_(Saccharomyces_cerevisiae)_(DBD_0.77)

letter-probability matrix: alength= 4 w= 11 nsites= 1 E= 0
  0.000000	  0.777778	  0.000000	  0.222222	
  0.555556	  0.000000	  0.000000	  0.444444	
  0.000000	  0.222222	  0.000000	  0.777778	
  0.000000	  0.000000	  0.000000	  1.000000	
  0.000000	  0.000000	  0.000000	  1.000000	
  0.000000	  0.444444	  0.111111	  0.444444	
  0.000000	  0.333333	  0.000000	  0.666667	
  0.000000	  0.000000	  0.777778	  0.222222	
  0.000000	  1.000000	  0.000000	  0.000000	
  0.000000	  0.000000	  0.000000	  1.000000	
  0.222222	  0.000000	  0.777778	  0.000000	

URL http://cisbp.ccbr.utoronto.ca/TFreport.php?versionNumber=2.00&searchTF=T164084_2.00

