MEME version 4

ALPHABET= ACGT

strands: + -

Background letter frequencies (from uniform background):
A 0.25000 C 0.25000 G 0.25000 T 0.25000 

MOTIF M00003_2.00 (TPHA_0B00880)_(Saccharomyces_cerevisiae)_(DBD_0.68)

letter-probability matrix: alength= 4 w= 8 nsites= 1 E= 0
  0.253967	  0.166693	  0.563393	  0.015947	
  0.759883	  0.000057	  0.108604	  0.131456	
  0.000047	  0.995142	  0.004763	  0.000047	
  0.080221	  0.000047	  0.919685	  0.000047	
  0.000047	  0.971562	  0.000047	  0.028344	
  0.000047	  0.004786	  0.995119	  0.000047	
  0.214697	  0.158213	  0.022650	  0.604440	
  0.467090	  0.029262	  0.270067	  0.233581	

URL http://cisbp.ccbr.utoronto.ca/TFreport.php?versionNumber=2.00&searchTF=T012381_2.00

MOTIF M00014_2.00 (TPHA_0C01320)_(Saccharomyces_cerevisiae)_(DBD_0.75)

letter-probability matrix: alength= 4 w= 8 nsites= 1 E= 0
  0.712963	  0.000712	  0.285613	  0.000712	
  0.000475	  0.000475	  0.000475	  0.998574	
  0.048004	  0.000475	  0.808460	  0.143061	
  0.998574	  0.000475	  0.000475	  0.000475	
  0.000475	  0.951046	  0.000475	  0.048004	
  0.095532	  0.000475	  0.903517	  0.000475	
  0.000475	  0.000475	  0.000475	  0.998574	
  0.499288	  0.285613	  0.000712	  0.214387	

URL http://cisbp.ccbr.utoronto.ca/TFreport.php?versionNumber=2.00&searchTF=T068591_2.00

MOTIF M00017_2.00 (TPHA_0H00790)_(Saccharomyces_cerevisiae)_(DBD_0.93)

letter-probability matrix: alength= 4 w= 10 nsites= 1 E= 0
  0.225748	  0.225748	  0.225748	  0.322756	
  0.233041	  0.194398	  0.197949	  0.374611	
  0.000035	  0.797239	  0.000035	  0.202692	
  0.000035	  0.000035	  0.999896	  0.000035	
  0.000035	  0.999896	  0.000035	  0.000035	
  0.000035	  0.999896	  0.000035	  0.000035	
  0.999896	  0.000035	  0.000035	  0.000035	
  0.000035	  0.999896	  0.000035	  0.000035	
  0.024287	  0.927140	  0.024287	  0.024287	
  0.232055	  0.246285	  0.295020	  0.226640	

URL http://cisbp.ccbr.utoronto.ca/TFreport.php?versionNumber=2.00&searchTF=T130512_2.00

MOTIF M00022_2.00 (TPHA_0L01320)_(Saccharomyces_cerevisiae)_(DBD_0.77)

letter-probability matrix: alength= 4 w= 10 nsites= 1 E= 0
  0.208911	  0.202737	  0.420696	  0.167655	
  0.330823	  0.213062	  0.412230	  0.043885	
  0.266733	  0.669310	  0.005620	  0.058338	
  0.037457	  0.000855	  0.946909	  0.014779	
  0.000352	  0.998761	  0.000520	  0.000367	
  0.000180	  0.994952	  0.000000	  0.004868	
  0.943601	  0.016440	  0.039240	  0.000719	
  0.001543	  0.986158	  0.000312	  0.011987	
  0.755147	  0.077240	  0.093402	  0.074211	
  0.185591	  0.338169	  0.359080	  0.117161	

URL http://cisbp.ccbr.utoronto.ca/TFreport.php?versionNumber=2.00&searchTF=T130516_2.00

MOTIF M00025_2.00 (TPHA_0A01940)_(Saccharomyces_cerevisiae)_(DBD_0.91)

letter-probability matrix: alength= 4 w= 11 nsites= 1 E= 0
  0.229229	  0.229229	  0.312312	  0.229229	
  0.184275	  0.267087	  0.184275	  0.364364	
  0.545197	  0.242404	  0.061383	  0.151016	
  0.000016	  0.999952	  0.000016	  0.000016	
  0.000016	  0.999952	  0.000016	  0.000016	
  0.000016	  0.999952	  0.000016	  0.000016	
  0.000016	  0.904225	  0.000016	  0.095743	
  0.000016	  0.000016	  0.000016	  0.999952	
  0.847826	  0.020787	  0.020787	  0.110601	
  0.802776	  0.065741	  0.065741	  0.065741	
  0.310595	  0.188633	  0.188633	  0.312139	

URL http://cisbp.ccbr.utoronto.ca/TFreport.php?versionNumber=2.00&searchTF=T130489_2.00

MOTIF M00027_2.00 (TPHA_0D03400)_(Saccharomyces_cerevisiae)_(DBD_0.74)

letter-probability matrix: alength= 4 w= 10 nsites= 1 E= 0
  0.167474	  0.260038	  0.210783	  0.361705	
  0.346146	  0.178906	  0.218516	  0.256431	
  0.091631	  0.771067	  0.027599	  0.109703	
  0.009342	  0.816043	  0.017894	  0.156721	
  0.030881	  0.944008	  0.008332	  0.016779	
  0.047525	  0.855134	  0.033827	  0.063514	
  0.384137	  0.057455	  0.503206	  0.055202	
  0.123967	  0.578253	  0.160776	  0.137004	
  0.391340	  0.172358	  0.210519	  0.225783	
  0.232566	  0.323493	  0.148291	  0.295650	

URL http://cisbp.ccbr.utoronto.ca/TFreport.php?versionNumber=2.00&searchTF=T130504_2.00

MOTIF M00031_2.00 (TPHA_0B00380)_(Saccharomyces_cerevisiae)_(DBD_0.85)

letter-probability matrix: alength= 4 w= 10 nsites= 1 E= 0
  0.175879	  0.175879	  0.175879	  0.472362	
  0.554311	  0.056915	  0.148276	  0.240498	
  0.000127	  0.999618	  0.000127	  0.000127	
  0.000127	  0.999618	  0.000127	  0.000127	
  0.000127	  0.999618	  0.000127	  0.000127	
  0.000127	  0.999618	  0.000127	  0.000127	
  0.090910	  0.000127	  0.619310	  0.289652	
  0.000127	  0.999618	  0.000127	  0.000127	
  0.594478	  0.074248	  0.074248	  0.257026	
  0.193212	  0.420364	  0.193212	  0.193212	

URL http://cisbp.ccbr.utoronto.ca/TFreport.php?versionNumber=2.00&searchTF=T130494_2.00

MOTIF M00032_2.00 (TPHA_0N01460)_(Saccharomyces_cerevisiae)_(DBD_0.89)

letter-probability matrix: alength= 4 w= 8 nsites= 1 E= 0
  0.332600	  0.207876	  0.280603	  0.178921	
  0.102119	  0.682756	  0.021459	  0.193666	
  0.019110	  0.765250	  0.000734	  0.214906	
  0.000613	  0.993588	  0.000372	  0.005427	
  0.108375	  0.885013	  0.001778	  0.004834	
  0.033853	  0.268278	  0.124216	  0.573653	
  0.196940	  0.125574	  0.247868	  0.429618	
  0.345353	  0.149092	  0.300235	  0.205319	

URL http://cisbp.ccbr.utoronto.ca/TFreport.php?versionNumber=2.00&searchTF=T130517_2.00

MOTIF M00039_2.00 (TPHA_0B02910)_(Saccharomyces_cerevisiae)_(DBD_0.81)

letter-probability matrix: alength= 4 w= 10 nsites= 1 E= 0
  0.117694	  0.241794	  0.015304	  0.625209	
  0.191973	  0.168571	  0.171976	  0.467480	
  0.168550	  0.342829	  0.207936	  0.280685	
  0.156636	  0.370157	  0.110380	  0.362827	
  0.222972	  0.234404	  0.209987	  0.332636	
  0.282857	  0.248376	  0.191511	  0.277256	
  0.196315	  0.230378	  0.239780	  0.333526	
  0.236137	  0.243328	  0.182074	  0.338462	
  0.233889	  0.266360	  0.205377	  0.294373	
  0.208504	  0.304893	  0.172425	  0.314178	

URL http://cisbp.ccbr.utoronto.ca/TFreport.php?versionNumber=2.00&searchTF=T130498_2.00

MOTIF M00044_2.00 (TPHA_0D03900)_(Saccharomyces_cerevisiae)_(DBD_0.81)

letter-probability matrix: alength= 4 w= 9 nsites= 1 E= 0
  0.242573	  0.257573	  0.299257	  0.200598	
  0.388668	  0.112474	  0.408595	  0.090263	
  0.193539	  0.116219	  0.097074	  0.593168	
  0.567331	  0.240073	  0.014746	  0.177850	
  0.726254	  0.177310	  0.022151	  0.074284	
  0.882730	  0.014629	  0.037078	  0.065563	
  0.080166	  0.688212	  0.049605	  0.182017	
  0.871825	  0.040471	  0.036255	  0.051449	
  0.497502	  0.159111	  0.141118	  0.202269	

URL http://cisbp.ccbr.utoronto.ca/TFreport.php?versionNumber=2.00&searchTF=T188692_2.00

MOTIF M00045_2.00 (TPHA_0C03060)_(Saccharomyces_cerevisiae)_(DBD_0.77)

letter-probability matrix: alength= 4 w= 8 nsites= 1 E= 0
  0.222345	  0.001106	  0.775442	  0.001106	
  0.001106	  0.001106	  0.001106	  0.996681	
  0.996681	  0.001106	  0.001106	  0.001106	
  0.996681	  0.001106	  0.001106	  0.001106	
  0.996681	  0.001106	  0.001106	  0.001106	
  0.001106	  0.886062	  0.001106	  0.111726	
  0.996681	  0.001106	  0.001106	  0.001106	
  0.597222	  0.200397	  0.001984	  0.200397	

URL http://cisbp.ccbr.utoronto.ca/TFreport.php?versionNumber=2.00&searchTF=T188691_2.00

MOTIF M00051_2.00 (TPHA_0B01250)_(Saccharomyces_cerevisiae)_(DBD_0.86)

letter-probability matrix: alength= 4 w= 8 nsites= 1 E= 0
  0.270248	  0.432235	  0.000270	  0.297246	
  0.000196	  0.000196	  0.999412	  0.000196	
  0.999424	  0.000192	  0.000192	  0.000192	
  0.000192	  0.000192	  0.000192	  0.999424	
  0.980208	  0.000192	  0.019408	  0.000192	
  0.940635	  0.000196	  0.000196	  0.058973	
  0.022934	  0.113760	  0.840372	  0.022934	
  0.344697	  0.241391	  0.241391	  0.172521	

URL http://cisbp.ccbr.utoronto.ca/TFreport.php?versionNumber=2.00&searchTF=T195448_2.00

MOTIF M00052_2.00 (TPHA_0A05930)_(Saccharomyces_cerevisiae)_(DBD_0.71)

letter-probability matrix: alength= 4 w= 10 nsites= 1 E= 0
  0.275281	  0.242608	  0.224974	  0.257137	
  0.241344	  0.282465	  0.204031	  0.272159	
  0.196189	  0.245027	  0.396334	  0.162450	
  0.410715	  0.155415	  0.184636	  0.249234	
  0.106170	  0.067699	  0.065591	  0.760540	
  0.760540	  0.065591	  0.067699	  0.106170	
  0.249234	  0.184636	  0.155415	  0.410715	
  0.162450	  0.396334	  0.245027	  0.196189	
  0.272159	  0.204031	  0.282465	  0.241344	
  0.257137	  0.224974	  0.242608	  0.275281	

URL http://cisbp.ccbr.utoronto.ca/TFreport.php?versionNumber=2.00&searchTF=T195447_2.00

MOTIF M00056_2.00 (TPHA_0C03620)_(Saccharomyces_cerevisiae)_(DBD_0.61)

letter-probability matrix: alength= 4 w= 8 nsites= 1 E= 0
  0.070923	  0.070923	  0.007950	  0.850205	
  0.866502	  0.013396	  0.013396	  0.106705	
  0.873260	  0.012718	  0.019046	  0.094976	
  0.000062	  0.000062	  0.000062	  0.999814	
  0.751428	  0.031110	  0.018691	  0.198770	
  0.635123	  0.050365	  0.006351	  0.308161	
  0.669102	  0.061596	  0.030837	  0.238465	
  0.206916	  0.057560	  0.057560	  0.677964	

URL http://cisbp.ccbr.utoronto.ca/TFreport.php?versionNumber=2.00&searchTF=T224087_2.00

MOTIF M00058_2.00 (TPHA_0D02630)_(Saccharomyces_cerevisiae)_(DBD_0.75)

letter-probability matrix: alength= 4 w= 8 nsites= 1 E= 0
  0.565080	  0.141352	  0.108757	  0.184811	
  0.061126	  0.068758	  0.015339	  0.854777	
  0.248276	  0.096594	  0.000069	  0.655061	
  0.894567	  0.000066	  0.000066	  0.105301	
  0.966917	  0.000066	  0.000066	  0.032952	
  0.078992	  0.006643	  0.013220	  0.901144	
  0.048001	  0.000068	  0.034306	  0.917625	
  0.654724	  0.008935	  0.177017	  0.159324	

URL http://cisbp.ccbr.utoronto.ca/TFreport.php?versionNumber=2.00&searchTF=T224088_2.00

MOTIF M00059_2.00 (TPHA_0B02580)_(Saccharomyces_cerevisiae)_(DBD_0.76)

letter-probability matrix: alength= 4 w= 8 nsites= 1 E= 0
  0.047715	  0.071514	  0.012018	  0.868753	
  0.000104	  0.041753	  0.958038	  0.000104	
  0.812266	  0.052166	  0.031341	  0.104227	
  0.000104	  0.999688	  0.000104	  0.000104	
  0.895564	  0.041753	  0.062578	  0.000104	
  0.021604	  0.634243	  0.172077	  0.172077	
  0.644529	  0.157943	  0.039584	  0.157943	
  0.352861	  0.058973	  0.019788	  0.568378	

URL http://cisbp.ccbr.utoronto.ca/TFreport.php?versionNumber=2.00&searchTF=T224086_2.00

MOTIF M00060_2.00 (TPHA_0E02880)_(Saccharomyces_cerevisiae)_(DBD_0.78)

letter-probability matrix: alength= 4 w= 9 nsites= 1 E= 0
  0.320154	  0.181055	  0.206191	  0.292599	
  0.231700	  0.238756	  0.197442	  0.332102	
  0.223589	  0.242212	  0.287095	  0.247105	
  0.161512	  0.025143	  0.029212	  0.784133	
  0.138264	  0.051376	  0.075881	  0.734480	
  0.092315	  0.709959	  0.122145	  0.075581	
  0.148989	  0.381409	  0.144586	  0.325016	
  0.473500	  0.149928	  0.202381	  0.174191	
  0.182247	  0.285820	  0.153755	  0.378177	

URL http://cisbp.ccbr.utoronto.ca/TFreport.php?versionNumber=2.00&searchTF=T242299_2.00

MOTIF M00061_2.00 (TPHA_0C00150)_(Saccharomyces_cerevisiae)_(DBD_0.74)

letter-probability matrix: alength= 4 w= 8 nsites= 1 E= 0
  0.726984	  0.045578	  0.075863	  0.151575	
  0.056906	  0.193208	  0.068264	  0.681622	
  0.064288	  0.064288	  0.871332	  0.000092	
  0.000090	  0.000090	  0.999730	  0.000090	
  0.000090	  0.972713	  0.027107	  0.000090	
  0.000090	  0.963707	  0.009096	  0.027107	
  0.586810	  0.119622	  0.293459	  0.000109	
  0.142918	  0.057253	  0.742576	  0.057253	

URL http://cisbp.ccbr.utoronto.ca/TFreport.php?versionNumber=2.00&searchTF=T242298_2.00

MOTIF M00063_2.00 (TPHA_0M00950)_(Saccharomyces_cerevisiae)_(DBD_0.69)

letter-probability matrix: alength= 4 w= 8 nsites= 1 E= 0
  0.222345	  0.111726	  0.664823	  0.001106	
  0.000712	  0.000712	  0.000712	  0.997863	
  0.000665	  0.000665	  0.000665	  0.998005	
  0.998005	  0.000665	  0.000665	  0.000665	
  0.000665	  0.998005	  0.000665	  0.000665	
  0.000665	  0.998005	  0.000665	  0.000665	
  0.000665	  0.998005	  0.000665	  0.000665	
  0.000996	  0.000996	  0.797809	  0.200199	

URL http://cisbp.ccbr.utoronto.ca/TFreport.php?versionNumber=2.00&searchTF=T280775_2.00

MOTIF M00065_2.00 (TPHA_0F03170)_(Saccharomyces_cerevisiae)_(DBD_0.76)

letter-probability matrix: alength= 4 w= 8 nsites= 1 E= 0
  0.801853	  0.010516	  0.052166	  0.135464	
  0.532694	  0.016470	  0.450754	  0.000082	
  0.015339	  0.984509	  0.000076	  0.000076	
  0.000076	  0.999773	  0.000076	  0.000076	
  0.000076	  0.999773	  0.000076	  0.000076	
  0.000076	  0.007649	  0.000076	  0.992199	
  0.702791	  0.099070	  0.188143	  0.009996	
  0.414192	  0.128641	  0.314249	  0.142918	

URL http://cisbp.ccbr.utoronto.ca/TFreport.php?versionNumber=2.00&searchTF=T280772_2.00

MOTIF M00066_2.00 (TPHA_0B03750)_(Saccharomyces_cerevisiae)_(DBD_0.76)

letter-probability matrix: alength= 4 w= 10 nsites= 1 E= 0
  0.228304	  0.228304	  0.228304	  0.315088	
  0.119950	  0.353086	  0.407015	  0.119950	
  0.000130	  0.000130	  0.999610	  0.000130	
  0.000130	  0.000130	  0.000130	  0.999610	
  0.000130	  0.000130	  0.000130	  0.999610	
  0.086914	  0.000130	  0.912826	  0.000130	
  0.000130	  0.999610	  0.000130	  0.000130	
  0.000130	  0.437251	  0.000130	  0.562489	
  0.934522	  0.021826	  0.021826	  0.021826	
  0.130180	  0.304898	  0.261306	  0.303616	

URL http://cisbp.ccbr.utoronto.ca/TFreport.php?versionNumber=2.00&searchTF=T318829_2.00

MOTIF M00068_2.00 (TPHA_0P00560)_(Saccharomyces_cerevisiae)_(DBD_0.66)

letter-probability matrix: alength= 4 w= 8 nsites= 1 E= 0
  0.009615	  0.009615	  0.009615	  0.971154	
  0.009615	  0.971154	  0.009615	  0.009615	
  0.009615	  0.971154	  0.009615	  0.009615	
  0.009615	  0.971154	  0.009615	  0.009615	
  0.009615	  0.971154	  0.009615	  0.009615	
  0.009615	  0.009615	  0.971154	  0.009615	
  0.009615	  0.009615	  0.971154	  0.009615	
  0.009615	  0.971154	  0.009615	  0.009615	

URL http://cisbp.ccbr.utoronto.ca/TFreport.php?versionNumber=2.00&searchTF=T332969_2.00

MOTIF M00070_2.00 (TPHA_0C01510)_(Saccharomyces_cerevisiae)_(DBD_0.52)

letter-probability matrix: alength= 4 w= 11 nsites= 1 E= 0
  0.268573	  0.272224	  0.178881	  0.280322	
  0.509793	  0.098806	  0.292595	  0.098806	
  0.848016	  0.050661	  0.050661	  0.050661	
  0.999893	  0.000036	  0.000036	  0.000036	
  0.000036	  0.903786	  0.000036	  0.096142	
  0.903786	  0.000036	  0.000036	  0.096142	
  0.999893	  0.000036	  0.000036	  0.000036	
  0.000036	  0.000036	  0.000036	  0.999893	
  0.591260	  0.071155	  0.071155	  0.266431	
  0.345743	  0.151230	  0.257625	  0.245401	
  0.199374	  0.199374	  0.199374	  0.401877	

URL http://cisbp.ccbr.utoronto.ca/TFreport.php?versionNumber=2.00&searchTF=T332963_2.00

MOTIF M00071_2.00 (TPHA_0D02230)_(Saccharomyces_cerevisiae)_(DBD_0.87)

letter-probability matrix: alength= 4 w= 10 nsites= 1 E= 0
  0.271591	  0.150511	  0.342199	  0.235699	
  0.052988	  0.052988	  0.129931	  0.764093	
  0.000127	  0.000127	  0.999618	  0.000127	
  0.000127	  0.000127	  0.077070	  0.922675	
  0.000127	  0.000127	  0.000127	  0.999618	
  0.077070	  0.000127	  0.000127	  0.922675	
  0.077070	  0.922675	  0.000127	  0.000127	
  0.999618	  0.000127	  0.000127	  0.000127	
  0.184606	  0.183669	  0.346968	  0.284756	
  0.408582	  0.197139	  0.197139	  0.197139	

URL http://cisbp.ccbr.utoronto.ca/TFreport.php?versionNumber=2.00&searchTF=T338129_2.00

MOTIF M00080_2.00 (TPHA_0M01040)_(Saccharomyces_cerevisiae)_(DBD_0.90)

letter-probability matrix: alength= 4 w= 10 nsites= 1 E= 0
  0.225034	  0.439771	  0.163408	  0.171787	
  0.250204	  0.265676	  0.318072	  0.166048	
  0.214050	  0.329049	  0.231877	  0.225024	
  0.166692	  0.356434	  0.329030	  0.147843	
  0.047763	  0.117477	  0.703623	  0.131137	
  0.147147	  0.183357	  0.545353	  0.124143	
  0.618210	  0.001694	  0.184349	  0.195748	
  0.608531	  0.003565	  0.085717	  0.302188	
  0.280079	  0.141893	  0.111617	  0.466412	
  0.228694	  0.171124	  0.148768	  0.451414	

URL http://cisbp.ccbr.utoronto.ca/TFreport.php?versionNumber=2.00&searchTF=T385059_2.00

MOTIF M00082_2.00 (TPHA_0E01290)_(Saccharomyces_cerevisiae)_(DBD_0.79)

letter-probability matrix: alength= 4 w= 8 nsites= 1 E= 0
  0.125312	  0.062968	  0.748753	  0.062968	
  0.000434	  0.868490	  0.130642	  0.000434	
  0.000434	  0.130642	  0.868490	  0.000434	
  0.000434	  0.998698	  0.000434	  0.000434	
  0.000434	  0.000434	  0.998698	  0.000434	
  0.000434	  0.911892	  0.087240	  0.000434	
  0.000434	  0.087240	  0.868490	  0.043837	
  0.055987	  0.111419	  0.721175	  0.111419	

URL http://cisbp.ccbr.utoronto.ca/TFreport.php?versionNumber=2.00&searchTF=T385038_2.00

MOTIF M00083_2.00 (TPHA_0E03830)_(Saccharomyces_cerevisiae)_(DBD_0.64)

letter-probability matrix: alength= 4 w= 10 nsites= 1 E= 0
  0.054109	  0.829654	  0.041721	  0.074516	
  0.004048	  0.021939	  0.970923	  0.003090	
  0.000002	  0.038790	  0.961178	  0.000030	
  0.529453	  0.154755	  0.208898	  0.106895	
  0.223730	  0.202439	  0.399590	  0.174241	
  0.465497	  0.083355	  0.102833	  0.348315	
  0.286461	  0.048308	  0.034042	  0.631188	
  0.546687	  0.133470	  0.112604	  0.207240	
  0.326638	  0.175713	  0.177479	  0.320170	
  0.219102	  0.249519	  0.232650	  0.298729	

URL http://cisbp.ccbr.utoronto.ca/TFreport.php?versionNumber=2.00&searchTF=T385039_2.00

MOTIF M00088_2.00 (TPHA_0F01380)_(Saccharomyces_cerevisiae)_(DBD_0.79)

letter-probability matrix: alength= 4 w= 7 nsites= 1 E= 0
  0.004409	  0.910218	  0.041833	  0.043540	
  0.000848	  0.116208	  0.876017	  0.006927	
  0.000117	  0.005158	  0.992847	  0.001879	
  0.537121	  0.127259	  0.241344	  0.094276	
  0.460766	  0.088490	  0.138780	  0.311965	
  0.318860	  0.236217	  0.222461	  0.222461	
  0.279083	  0.235452	  0.235452	  0.250012	

URL http://cisbp.ccbr.utoronto.ca/TFreport.php?versionNumber=2.00&searchTF=T385042_2.00

MOTIF M00092_2.00 (TPHA_0C04280)_(Saccharomyces_cerevisiae)_(DBD_0.68)

letter-probability matrix: alength= 4 w= 10 nsites= 1 E= 0
  0.099321	  0.763840	  0.047864	  0.088975	
  0.003348	  0.082137	  0.914505	  0.000010	
  0.007427	  0.063760	  0.920687	  0.008126	
  0.667254	  0.088515	  0.169554	  0.074677	
  0.446129	  0.081500	  0.185047	  0.287323	
  0.361855	  0.208772	  0.169227	  0.260146	
  0.611220	  0.085239	  0.078685	  0.224855	
  0.491764	  0.053947	  0.078886	  0.375403	
  0.209563	  0.328660	  0.119704	  0.342073	
  0.241784	  0.216598	  0.180918	  0.360699	

URL http://cisbp.ccbr.utoronto.ca/TFreport.php?versionNumber=2.00&searchTF=T385033_2.00

MOTIF M00095_2.00 (TPHA_0C01080)_(Saccharomyces_cerevisiae)_(DBD_0.69)

letter-probability matrix: alength= 4 w= 10 nsites= 1 E= 0
  0.226602	  0.320195	  0.226602	  0.226602	
  0.185721	  0.101267	  0.611746	  0.101267	
  0.000150	  0.000150	  0.999550	  0.000150	
  0.000150	  0.999550	  0.000150	  0.000150	
  0.000150	  0.000150	  0.999550	  0.000150	
  0.000150	  0.000150	  0.999550	  0.000150	
  0.707660	  0.000150	  0.292040	  0.000150	
  0.187144	  0.000150	  0.812556	  0.000150	
  0.758174	  0.023548	  0.023548	  0.194729	
  0.350365	  0.148884	  0.148884	  0.351868	

URL http://cisbp.ccbr.utoronto.ca/TFreport.php?versionNumber=2.00&searchTF=T385029_2.00

MOTIF M00097_2.00 (TPHA_0B03630)_(Saccharomyces_cerevisiae)_(DBD_0.84)

letter-probability matrix: alength= 4 w= 9 nsites= 1 E= 0
  0.166001	  0.273690	  0.109071	  0.451238	
  0.034069	  0.942372	  0.020872	  0.002687	
  0.000000	  0.034222	  0.965706	  0.000072	
  0.000027	  0.000011	  0.999339	  0.000623	
  0.525447	  0.152056	  0.205254	  0.117243	
  0.246047	  0.263888	  0.294572	  0.195493	
  0.378727	  0.158668	  0.158668	  0.303936	
  0.229490	  0.117432	  0.094241	  0.558837	
  0.484436	  0.140188	  0.114776	  0.260600	

URL http://cisbp.ccbr.utoronto.ca/TFreport.php?versionNumber=2.00&searchTF=T385028_2.00

MOTIF M00099_2.00 (TPHA_0F02630)_(Saccharomyces_cerevisiae)_(DBD_0.72)

letter-probability matrix: alength= 4 w= 10 nsites= 1 E= 0
  0.249210	  0.239439	  0.246731	  0.264621	
  0.288431	  0.222395	  0.248255	  0.240918	
  0.184142	  0.306649	  0.199478	  0.309731	
  0.025279	  0.943839	  0.028218	  0.002664	
  0.005759	  0.055748	  0.935268	  0.003225	
  0.007832	  0.067233	  0.923491	  0.001445	
  0.529877	  0.176381	  0.217597	  0.076145	
  0.233578	  0.199042	  0.442977	  0.124402	
  0.329507	  0.172018	  0.175493	  0.322982	
  0.316777	  0.167034	  0.148146	  0.368043	

URL http://cisbp.ccbr.utoronto.ca/TFreport.php?versionNumber=2.00&searchTF=T385045_2.00

MOTIF M00102_2.00 (TPHA_0I02820)_(Saccharomyces_cerevisiae)_(DBD_0.54)

letter-probability matrix: alength= 4 w= 9 nsites= 1 E= 0
  0.230826	  0.235489	  0.240247	  0.293438	
  0.234897	  0.237257	  0.278424	  0.249422	
  0.263068	  0.265712	  0.202839	  0.268382	
  0.094644	  0.692371	  0.066031	  0.146954	
  0.000084	  0.999903	  0.000001	  0.000012	
  0.000730	  0.068439	  0.930712	  0.000118	
  0.001227	  0.000063	  0.986717	  0.011994	
  0.700294	  0.116921	  0.159413	  0.023371	
  0.335031	  0.152052	  0.297146	  0.215772	

URL http://cisbp.ccbr.utoronto.ca/TFreport.php?versionNumber=2.00&searchTF=T385052_2.00

MOTIF M00374_2.00 (TPHA_0F03530)_(Saccharomyces_cerevisiae)_(DBD_0.86)

letter-probability matrix: alength= 4 w= 9 nsites= 1 E= 0
  0.257435	  0.219372	  0.232937	  0.290257	
  0.045210	  0.926409	  0.014899	  0.013481	
  0.879634	  0.054571	  0.026563	  0.039233	
  0.000141	  0.888258	  0.017980	  0.093622	
  0.044348	  0.035948	  0.917879	  0.001826	
  0.001022	  0.000200	  0.014186	  0.984592	
  0.000063	  0.000834	  0.990618	  0.008485	
  0.671023	  0.158984	  0.047409	  0.122585	
  0.084086	  0.551056	  0.030626	  0.334232	

URL http://cisbp.ccbr.utoronto.ca/TFreport.php?versionNumber=2.00&searchTF=T045526_2.00

MOTIF M00907_2.00 (TPHA_0O01540)_(Saccharomyces_cerevisiae)_(DBD_0.60)

letter-probability matrix: alength= 4 w= 10 nsites= 1 E= 0
  0.252983	  0.243892	  0.249128	  0.253997	
  0.776316	  0.074561	  0.074561	  0.074561	
  0.000062	  0.000062	  0.000062	  0.999813	
  0.000062	  0.000062	  0.809938	  0.189938	
  0.999813	  0.000062	  0.000062	  0.000062	
  0.000062	  0.999813	  0.000062	  0.000062	
  0.000062	  0.000062	  0.999813	  0.000062	
  0.000062	  0.000062	  0.000062	  0.999813	
  0.503179	  0.206688	  0.192610	  0.097523	
  0.473497	  0.175501	  0.175501	  0.175501	

URL http://cisbp.ccbr.utoronto.ca/TFreport.php?versionNumber=2.00&searchTF=T068600_2.00

MOTIF M00910_2.00 (TPHA_0K00210)_(Saccharomyces_cerevisiae)_(DBD_0.91)

letter-probability matrix: alength= 4 w= 10 nsites= 1 E= 0
  0.361829	  0.177518	  0.283135	  0.177518	
  0.026769	  0.511855	  0.026769	  0.434606	
  0.803460	  0.000095	  0.196351	  0.000095	
  0.000095	  0.999716	  0.000095	  0.000095	
  0.000095	  0.000095	  0.999716	  0.000095	
  0.000095	  0.000095	  0.999716	  0.000095	
  0.000095	  0.999716	  0.000095	  0.000095	
  0.290790	  0.000095	  0.709021	  0.000095	
  0.072577	  0.782270	  0.072577	  0.072577	
  0.223325	  0.223325	  0.330024	  0.223325	

URL http://cisbp.ccbr.utoronto.ca/TFreport.php?versionNumber=2.00&searchTF=T130514_2.00

MOTIF M00913_2.00 (TPHA_0P01290)_(Saccharomyces_cerevisiae)_(DBD_0.71)

letter-probability matrix: alength= 4 w= 10 nsites= 1 E= 0
  0.382525	  0.144778	  0.231016	  0.241682	
  0.414346	  0.025373	  0.025373	  0.534907	
  0.575214	  0.000064	  0.000064	  0.424659	
  0.000064	  0.000064	  0.000064	  0.999809	
  0.000064	  0.000064	  0.999809	  0.000064	
  0.000064	  0.000064	  0.000064	  0.999809	
  0.000064	  0.999809	  0.000064	  0.000064	
  0.000064	  0.999809	  0.000064	  0.000064	
  0.195117	  0.203473	  0.105286	  0.496124	
  0.325929	  0.224690	  0.224690	  0.224690	

URL http://cisbp.ccbr.utoronto.ca/TFreport.php?versionNumber=2.00&searchTF=T198656_2.00

MOTIF M00914_2.00 (TPHA_0I01890)_(Saccharomyces_cerevisiae)_(DBD_0.83)

letter-probability matrix: alength= 4 w= 10 nsites= 1 E= 0
  0.334465	  0.090245	  0.535143	  0.040146	
  0.142028	  0.063817	  0.769719	  0.024435	
  0.180207	  0.641689	  0.166352	  0.011753	
  0.251344	  0.038353	  0.214181	  0.496122	
  0.162725	  0.098698	  0.192879	  0.545697	
  0.000078	  0.999742	  0.000074	  0.000106	
  0.019137	  0.602830	  0.185237	  0.192796	
  0.341959	  0.106133	  0.125800	  0.426108	
  0.207638	  0.363506	  0.335558	  0.093298	
  0.236348	  0.046773	  0.048197	  0.668681	

URL http://cisbp.ccbr.utoronto.ca/TFreport.php?versionNumber=2.00&searchTF=T198654_2.00

MOTIF M00915_2.00 (TPHA_0E03610)_(Saccharomyces_cerevisiae)_(DBD_0.61)

letter-probability matrix: alength= 4 w= 8 nsites= 1 E= 0
  0.322013	  0.187652	  0.155181	  0.335154	
  0.194009	  0.244180	  0.151094	  0.410717	
  0.313990	  0.070765	  0.160671	  0.454574	
  0.677633	  0.074337	  0.116583	  0.131447	
  0.112938	  0.747579	  0.043243	  0.096240	
  0.546914	  0.087732	  0.229131	  0.136223	
  0.200556	  0.361801	  0.103658	  0.333985	
  0.304462	  0.154246	  0.387047	  0.154246	

URL http://cisbp.ccbr.utoronto.ca/TFreport.php?versionNumber=2.00&searchTF=T224090_2.00

MOTIF M00917_2.00 (TPHA_0J00900)_(Saccharomyces_cerevisiae)_(DBD_0.80)

letter-probability matrix: alength= 4 w= 10 nsites= 1 E= 0
  0.275818	  0.176853	  0.274314	  0.273015	
  0.596140	  0.101012	  0.201837	  0.101012	
  0.000061	  0.000061	  0.000061	  0.999816	
  0.000061	  0.000061	  0.999816	  0.000061	
  0.999816	  0.000061	  0.000061	  0.000061	
  0.000061	  0.999816	  0.000061	  0.000061	
  0.000061	  0.000061	  0.000061	  0.999816	
  0.096323	  0.903555	  0.000061	  0.000061	
  0.684113	  0.169470	  0.073209	  0.073209	
  0.245813	  0.254282	  0.247967	  0.251938	

URL http://cisbp.ccbr.utoronto.ca/TFreport.php?versionNumber=2.00&searchTF=T350442_2.00

MOTIF M01015_2.00 (TPHA_0M01760)_(Kluyveromyces_lactis)_(DBD_0.85)

letter-probability matrix: alength= 4 w= 10 nsites= 1 E= 0
  0.285111	  0.250354	  0.233429	  0.231106	
  0.208777	  0.296269	  0.245002	  0.249952	
  0.167018	  0.326393	  0.414927	  0.091662	
  0.604131	  0.120758	  0.161385	  0.113726	
  0.127039	  0.661489	  0.038263	  0.173208	
  0.106019	  0.100849	  0.592068	  0.201064	
  0.056637	  0.940728	  0.000439	  0.002196	
  0.588856	  0.072109	  0.249181	  0.089854	
  0.337556	  0.262889	  0.228544	  0.171011	
  0.326308	  0.220929	  0.188263	  0.264500	

URL http://cisbp.ccbr.utoronto.ca/TFreport.php?versionNumber=2.00&searchTF=T188694_2.00

MOTIF M01038_2.00 (TPHA_0D01050)_(Kluyveromyces_lactis)_(DBD_0.85)

letter-probability matrix: alength= 4 w= 9 nsites= 1 E= 0
  0.129132	  0.672389	  0.049941	  0.148538	
  0.007343	  0.730558	  0.006448	  0.255650	
  0.002107	  0.997472	  0.000321	  0.000100	
  0.000558	  0.921494	  0.026736	  0.051213	
  0.000687	  0.120801	  0.046254	  0.832259	
  0.387560	  0.093679	  0.225850	  0.292912	
  0.302868	  0.102852	  0.173001	  0.421279	
  0.277517	  0.241261	  0.168322	  0.312899	
  0.235533	  0.250098	  0.208899	  0.305470	

URL http://cisbp.ccbr.utoronto.ca/TFreport.php?versionNumber=2.00&searchTF=T130503_2.00

MOTIF M01039_2.00 (TPHA_0C02580)_(Kluyveromyces_lactis)_(DBD_0.80)

letter-probability matrix: alength= 4 w= 7 nsites= 1 E= 0
  0.192097	  0.704860	  0.062677	  0.040366	
  0.002261	  0.724822	  0.000883	  0.272034	
  0.000462	  0.991049	  0.000084	  0.008404	
  0.003903	  0.993958	  0.002079	  0.000061	
  0.016196	  0.461628	  0.096040	  0.426136	
  0.068363	  0.100971	  0.113844	  0.716823	
  0.379896	  0.088226	  0.354213	  0.177665	

URL http://cisbp.ccbr.utoronto.ca/TFreport.php?versionNumber=2.00&searchTF=T130501_2.00

MOTIF M01198_2.00 (TPHA_0K01770)_(Neurospora_crassa)_(DBD_0.76)

letter-probability matrix: alength= 4 w= 8 nsites= 1 E= 0
  0.008032	  0.985829	  0.000534	  0.005604	
  0.000361	  0.758996	  0.000317	  0.240326	
  0.065429	  0.872155	  0.039290	  0.023126	
  0.000001	  0.999660	  0.000134	  0.000205	
  0.499172	  0.000032	  0.489288	  0.011507	
  0.139979	  0.376715	  0.252520	  0.230786	
  0.284498	  0.230610	  0.244870	  0.240021	
  0.280918	  0.298289	  0.261926	  0.158866	

URL http://cisbp.ccbr.utoronto.ca/TFreport.php?versionNumber=2.00&searchTF=T130515_2.00

MOTIF M01536_2.00 (TPHA_0B00710)_(Saccharomyces_cerevisiae)_(DBD_0.96)

letter-probability matrix: alength= 4 w= 8 nsites= 1 E= 0
  0.582226	  0.083887	  0.083887	  0.250000	
  0.187656	  0.000623	  0.000623	  0.811097	
  0.117958	  0.000587	  0.000587	  0.880869	
  0.000587	  0.000587	  0.000587	  0.998239	
  0.000587	  0.000587	  0.000587	  0.998239	
  0.000587	  0.000587	  0.000587	  0.998239	
  0.000587	  0.000587	  0.000587	  0.998239	
  0.000767	  0.690951	  0.077454	  0.230828	

URL http://cisbp.ccbr.utoronto.ca/TFreport.php?versionNumber=2.00&searchTF=T130495_2.00

MOTIF M01554_2.00 (TPHA_0A05250)_(Saccharomyces_cerevisiae)_(DBD_0.56)

letter-probability matrix: alength= 4 w= 10 nsites= 1 E= 0
  0.263925	  0.211805	  0.283061	  0.241209	
  0.183192	  0.259962	  0.254814	  0.302032	
  0.263878	  0.227122	  0.332117	  0.176883	
  0.104221	  0.017931	  0.060130	  0.817717	
  0.063717	  0.031326	  0.003109	  0.901848	
  0.071783	  0.831841	  0.034593	  0.061784	
  0.096185	  0.277625	  0.258856	  0.367334	
  0.293438	  0.235489	  0.240247	  0.230826	
  0.184072	  0.269165	  0.124627	  0.422136	
  0.282740	  0.229185	  0.274384	  0.213691	

URL http://cisbp.ccbr.utoronto.ca/TFreport.php?versionNumber=2.00&searchTF=T242297_2.00

MOTIF M01557_2.00 (TPHA_0A01340)_(Saccharomyces_cerevisiae)_(DBD_0.75)

letter-probability matrix: alength= 4 w= 8 nsites= 1 E= 0
  0.009615	  0.009615	  0.009615	  0.971154	
  0.009615	  0.009615	  0.009615	  0.971154	
  0.971154	  0.009615	  0.009615	  0.009615	
  0.971154	  0.009615	  0.009615	  0.009615	
  0.009615	  0.009615	  0.009615	  0.971154	
  0.971154	  0.009615	  0.009615	  0.009615	
  0.971154	  0.009615	  0.009615	  0.009615	
  0.971154	  0.009615	  0.009615	  0.009615	

URL http://cisbp.ccbr.utoronto.ca/TFreport.php?versionNumber=2.00&searchTF=T256501_2.00

MOTIF M01558_2.00 (TPHA_0C02530)_(Saccharomyces_cerevisiae)_(DBD_1.00)

letter-probability matrix: alength= 4 w= 10 nsites= 1 E= 0
  0.112022	  0.583295	  0.081344	  0.223339	
  0.214189	  0.229719	  0.346145	  0.209947	
  0.417547	  0.152079	  0.229155	  0.201220	
  0.584466	  0.060382	  0.129114	  0.226037	
  0.385008	  0.091219	  0.093997	  0.429776	
  0.301324	  0.230024	  0.179143	  0.289509	
  0.257339	  0.273252	  0.284403	  0.185007	
  0.278132	  0.034747	  0.644255	  0.042867	
  0.109929	  0.000794	  0.742363	  0.146913	
  0.392464	  0.185387	  0.181716	  0.240434	

URL http://cisbp.ccbr.utoronto.ca/TFreport.php?versionNumber=2.00&searchTF=T256502_2.00

MOTIF M01566_2.00 (TPHA_0A03740)_(Saccharomyces_cerevisiae)_(DBD_0.83)

letter-probability matrix: alength= 4 w= 8 nsites= 1 E= 0
  0.270726	  0.299198	  0.159350	  0.270726	
  0.171103	  0.404343	  0.058690	  0.365865	
  0.701225	  0.048078	  0.204963	  0.045733	
  0.053179	  0.447494	  0.090348	  0.408979	
  0.407307	  0.049381	  0.055677	  0.487635	
  0.525518	  0.097943	  0.128302	  0.248237	
  0.510778	  0.094249	  0.117441	  0.277532	
  0.343791	  0.175921	  0.275898	  0.204391	

URL http://cisbp.ccbr.utoronto.ca/TFreport.php?versionNumber=2.00&searchTF=T332962_2.00

MOTIF M01567_2.00 (TPHA_0A02110)_(Saccharomyces_cerevisiae)_(DBD_0.98)

letter-probability matrix: alength= 4 w= 7 nsites= 1 E= 0
  0.315311	  0.189343	  0.207174	  0.288172	
  0.345705	  0.141966	  0.211788	  0.300541	
  0.271982	  0.110580	  0.155359	  0.462079	
  0.583542	  0.000869	  0.110954	  0.304636	
  0.219565	  0.006434	  0.188981	  0.585020	
  0.934996	  0.000354	  0.051964	  0.012687	
  0.422777	  0.000471	  0.095282	  0.481470	

URL http://cisbp.ccbr.utoronto.ca/TFreport.php?versionNumber=2.00&searchTF=T342957_2.00

MOTIF M01590_2.00 (TPHA_0G00380)_(Saccharomyces_cerevisiae)_(DBD_0.80)

letter-probability matrix: alength= 4 w= 9 nsites= 1 E= 0
  0.457155	  0.127106	  0.164848	  0.250892	
  0.193600	  0.485800	  0.152292	  0.168308	
  0.103105	  0.867612	  0.028667	  0.000616	
  0.000212	  0.046052	  0.943664	  0.010072	
  0.042335	  0.098065	  0.858877	  0.000723	
  0.295168	  0.322965	  0.223083	  0.158784	
  0.294560	  0.218216	  0.322300	  0.164924	
  0.310862	  0.181154	  0.157488	  0.350496	
  0.287475	  0.221658	  0.194637	  0.296230	

URL http://cisbp.ccbr.utoronto.ca/TFreport.php?versionNumber=2.00&searchTF=T385047_2.00

MOTIF M01599_2.00 (TPHA_0H01980)_(Saccharomyces_cerevisiae)_(DBD_0.77)

letter-probability matrix: alength= 4 w= 7 nsites= 1 E= 0
  0.214221	  0.286291	  0.186235	  0.313252	
  0.119046	  0.273011	  0.100435	  0.507508	
  0.000397	  0.999240	  0.000031	  0.000332	
  0.000168	  0.000036	  0.999757	  0.000039	
  0.012006	  0.000175	  0.987702	  0.000117	
  0.423436	  0.182802	  0.269995	  0.123767	
  0.239006	  0.239006	  0.371107	  0.150881	

URL http://cisbp.ccbr.utoronto.ca/TFreport.php?versionNumber=2.00&searchTF=T385050_2.00

MOTIF M01600_2.00 (TPHA_0D00660)_(Saccharomyces_cerevisiae)_(DBD_0.52)

letter-probability matrix: alength= 4 w= 10 nsites= 1 E= 0
  0.230714	  0.273466	  0.196601	  0.299219	
  0.182935	  0.286900	  0.154336	  0.375829	
  0.000044	  0.988261	  0.002151	  0.009544	
  0.000011	  0.048134	  0.947659	  0.004195	
  0.047400	  0.000162	  0.952048	  0.000390	
  0.852590	  0.003029	  0.104405	  0.039976	
  0.075919	  0.364915	  0.528300	  0.030866	
  0.178875	  0.163479	  0.051764	  0.605882	
  0.226011	  0.157683	  0.133031	  0.483275	
  0.201775	  0.269658	  0.212120	  0.316446	

URL http://cisbp.ccbr.utoronto.ca/TFreport.php?versionNumber=2.00&searchTF=T385035_2.00

MOTIF M01669_2.00 (TPHA_0E02720)_(Neurospora_crassa)_(DBD_0.47)

letter-probability matrix: alength= 4 w= 8 nsites= 1 E= 0
  0.327371	  0.206664	  0.278967	  0.186997	
  0.090243	  0.314980	  0.037808	  0.556969	
  0.768095	  0.014210	  0.120773	  0.096923	
  0.116745	  0.111051	  0.072966	  0.699238	
  0.248575	  0.418109	  0.163325	  0.169991	
  0.313613	  0.190216	  0.256765	  0.239406	
  0.283505	  0.241587	  0.275126	  0.199782	
  0.264086	  0.231893	  0.272129	  0.231893	

URL http://cisbp.ccbr.utoronto.ca/TFreport.php?versionNumber=2.00&searchTF=T015710_2.00

MOTIF M02628_2.00 (TPHA_0M00150)_(Neurospora_crassa)_(DBD_0.49)

letter-probability matrix: alength= 4 w= 9 nsites= 1 E= 0
  0.149667	  0.477427	  0.160519	  0.212387	
  0.049254	  0.239126	  0.087094	  0.624525	
  0.000738	  0.998705	  0.000356	  0.000201	
  0.023711	  0.007000	  0.968673	  0.000616	
  0.023252	  0.193716	  0.739809	  0.043224	
  0.072499	  0.475120	  0.209258	  0.243123	
  0.239593	  0.046476	  0.008406	  0.705525	
  0.771267	  0.071381	  0.102313	  0.055039	
  0.364907	  0.143975	  0.198273	  0.292845	

URL http://cisbp.ccbr.utoronto.ca/TFreport.php?versionNumber=2.00&searchTF=T385058_2.00

MOTIF M08419_2.00 (TPHA_0B02010)_(Saccharomyces_cerevisiae)_(DBD_0.78)

letter-probability matrix: alength= 4 w= 10 nsites= 1 E= 0
  0.065693	  0.934307	  0.000000	  0.000000	
  0.068841	  0.902174	  0.028986	  0.000000	
  0.131313	  0.464646	  0.000000	  0.404040	
  0.154867	  0.035398	  0.663717	  0.146018	
  0.885542	  0.048193	  0.066265	  0.000000	
  0.000000	  0.293478	  0.000000	  0.706522	
  0.053333	  0.448889	  0.240000	  0.257778	
  0.044444	  0.591111	  0.093333	  0.271111	
  0.010204	  0.000000	  0.989796	  0.000000	
  0.133080	  0.030418	  0.836502	  0.000000	

URL http://cisbp.ccbr.utoronto.ca/TFreport.php?versionNumber=2.00&searchTF=T195449_2.00

MOTIF M08429_2.00 (TPHA_0G03540)_(Saccharomyces_cerevisiae)_(DBD_0.85)

letter-probability matrix: alength= 4 w= 15 nsites= 1 E= 0
  0.102941	  0.897059	  0.000000	  0.000000	
  0.469194	  0.530806	  0.000000	  0.000000	
  0.000000	  0.979381	  0.000000	  0.020619	
  0.000000	  0.897059	  0.000000	  0.102941	
  0.000000	  0.000000	  1.000000	  0.000000	
  0.000000	  1.000000	  0.000000	  0.000000	
  0.234177	  0.000000	  0.000000	  0.765823	
  0.000000	  0.369792	  0.000000	  0.630208	
  0.158120	  0.722222	  0.000000	  0.119658	
  0.000000	  0.760163	  0.000000	  0.239837	
  0.000000	  0.000000	  0.760163	  0.239837	
  0.022901	  0.000000	  0.870229	  0.106870	
  0.134615	  0.538462	  0.000000	  0.326923	
  0.234177	  0.000000	  0.000000	  0.765823	
  0.000000	  0.000000	  0.000000	  1.000000	

URL http://cisbp.ccbr.utoronto.ca/TFreport.php?versionNumber=2.00&searchTF=T332967_2.00

MOTIF M08452_2.00 (TPHA_0A05980)_(Saccharomyces_cerevisiae)_(DBD_0.91)

letter-probability matrix: alength= 4 w= 5 nsites= 1 E= 0
  0.000000	  0.000000	  0.000000	  1.000000	
  0.000000	  0.000000	  0.010160	  0.989840	
  0.005578	  0.000000	  0.994422	  0.000000	
  0.000000	  0.000000	  0.998223	  0.001777	
  0.158006	  0.378979	  0.030665	  0.432350	

URL http://cisbp.ccbr.utoronto.ca/TFreport.php?versionNumber=2.00&searchTF=T160448_2.00

MOTIF M08453_2.00 (TPHA_0D00690)_(Saccharomyces_cerevisiae)_(DBD_0.72)

letter-probability matrix: alength= 4 w= 11 nsites= 1 E= 0
  0.000000	  0.777778	  0.000000	  0.222222	
  0.555556	  0.000000	  0.000000	  0.444444	
  0.000000	  0.222222	  0.000000	  0.777778	
  0.000000	  0.000000	  0.000000	  1.000000	
  0.000000	  0.000000	  0.000000	  1.000000	
  0.000000	  0.444444	  0.111111	  0.444444	
  0.000000	  0.333333	  0.000000	  0.666667	
  0.000000	  0.000000	  0.777778	  0.222222	
  0.000000	  1.000000	  0.000000	  0.000000	
  0.000000	  0.000000	  0.000000	  1.000000	
  0.222222	  0.000000	  0.777778	  0.000000	

URL http://cisbp.ccbr.utoronto.ca/TFreport.php?versionNumber=2.00&searchTF=T164091_2.00

MOTIF M08454_2.00 (TPHA_0I02450)_(Saccharomyces_cerevisiae)_(DBD_0.74)

letter-probability matrix: alength= 4 w= 8 nsites= 1 E= 0
  0.062069	  0.000000	  0.000000	  0.937931	
  0.050597	  0.000000	  0.124503	  0.824901	
  0.000000	  0.000000	  0.000000	  1.000000	
  0.067095	  0.000000	  0.932905	  0.000000	
  0.000000	  1.000000	  0.000000	  0.000000	
  0.000000	  0.000000	  0.000000	  1.000000	
  0.000000	  1.000000	  0.000000	  0.000000	
  0.555041	  0.000000	  0.379490	  0.065469	

URL http://cisbp.ccbr.utoronto.ca/TFreport.php?versionNumber=2.00&searchTF=T164093_2.00

