MEME version 4

ALPHABET= ACGT

strands: + -

Background letter frequencies (from uniform background):
A 0.25000 C 0.25000 G 0.25000 T 0.25000 

MOTIF M00571_2.00 (TGME49_016220)_(Plasmodium_falciparum)_(DBD_0.89)

letter-probability matrix: alength= 4 w= 8 nsites= 1 E= 0
  1.000000	  0.000000	  0.000000	  0.000000	
  0.000000	  0.000000	  1.000000	  0.000000	
  0.000000	  1.000000	  0.000000	  0.000000	
  0.000000	  0.000000	  0.000000	  1.000000	
  1.000000	  0.000000	  0.000000	  0.000000	
  0.000000	  0.000000	  1.000000	  0.000000	
  0.000000	  1.000000	  0.000000	  0.000000	
  0.000000	  0.000000	  0.000000	  1.000000	

URL http://cisbp.ccbr.utoronto.ca/TFreport.php?versionNumber=2.00&searchTF=T005686_2.00

MOTIF M00578_2.00 (TGME49_072710)_(Plasmodium_falciparum)_(DBD_0.66)

letter-probability matrix: alength= 4 w= 8 nsites= 1 E= 0
  0.727273	  0.090909	  0.000000	  0.181818	
  0.000000	  0.750000	  0.000000	  0.250000	
  1.000000	  0.000000	  0.000000	  0.000000	
  0.062500	  0.937500	  0.000000	  0.000000	
  0.937500	  0.000000	  0.000000	  0.062500	
  0.000000	  0.937500	  0.000000	  0.062500	
  0.937500	  0.062500	  0.000000	  0.000000	
  0.071429	  0.714286	  0.000000	  0.214286	

URL http://cisbp.ccbr.utoronto.ca/TFreport.php?versionNumber=2.00&searchTF=T005710_2.00

MOTIF M01025_2.00 TGME49_106620

letter-probability matrix: alength= 4 w= 10 nsites= 1 E= 0
  0.271646	  0.258398	  0.211558	  0.258398	
  0.265013	  0.459334	  0.106674	  0.168979	
  0.775148	  0.095876	  0.080887	  0.048089	
  0.038631	  0.041432	  0.919695	  0.000243	
  0.332501	  0.229670	  0.035753	  0.402076	
  0.098583	  0.008012	  0.863415	  0.029991	
  0.089408	  0.377364	  0.063005	  0.470224	
  0.386538	  0.197795	  0.227518	  0.188148	
  0.366927	  0.207506	  0.209592	  0.215975	
  0.244050	  0.236838	  0.229838	  0.289274	

URL http://cisbp.ccbr.utoronto.ca/TFreport.php?versionNumber=2.00&searchTF=T005723_2.00

MOTIF M01471_2.00 TGME49_006650

letter-probability matrix: alength= 4 w= 8 nsites= 1 E= 0
  0.200044	  0.222247	  0.177842	  0.399867	
  0.000161	  0.000161	  0.999516	  0.000161	
  0.000161	  0.000161	  0.999516	  0.000161	
  0.000161	  0.000161	  0.999516	  0.000161	
  0.016280	  0.983398	  0.000161	  0.000161	
  0.999516	  0.000161	  0.000161	  0.000161	
  0.941776	  0.000192	  0.019408	  0.038624	
  0.264689	  0.235311	  0.235311	  0.264689	

URL http://cisbp.ccbr.utoronto.ca/TFreport.php?versionNumber=2.00&searchTF=T130432_2.00

MOTIF M01565_2.00 (TGME49_010410)_(Saccharomyces_cerevisiae)_(DBD_0.46)

letter-probability matrix: alength= 4 w= 10 nsites= 1 E= 0
  0.275621	  0.196179	  0.184754	  0.343445	
  0.239066	  0.197698	  0.157078	  0.406158	
  0.351405	  0.065493	  0.118148	  0.464954	
  0.275882	  0.145470	  0.109944	  0.468704	
  0.465587	  0.103886	  0.064283	  0.366244	
  0.343551	  0.084719	  0.502369	  0.069362	
  0.039893	  0.339069	  0.050714	  0.570324	
  0.299986	  0.072511	  0.434301	  0.193202	
  0.212492	  0.210378	  0.364638	  0.212492	
  0.183038	  0.221338	  0.419764	  0.175861	

URL http://cisbp.ccbr.utoronto.ca/TFreport.php?versionNumber=2.00&searchTF=T332895_2.00

MOTIF M01566_2.00 (TGME49_063720)_(Saccharomyces_cerevisiae)_(DBD_0.52)

letter-probability matrix: alength= 4 w= 8 nsites= 1 E= 0
  0.270726	  0.299198	  0.159350	  0.270726	
  0.171103	  0.404343	  0.058690	  0.365865	
  0.701225	  0.048078	  0.204963	  0.045733	
  0.053179	  0.447494	  0.090348	  0.408979	
  0.407307	  0.049381	  0.055677	  0.487635	
  0.525518	  0.097943	  0.128302	  0.248237	
  0.510778	  0.094249	  0.117441	  0.277532	
  0.343791	  0.175921	  0.275898	  0.204391	

URL http://cisbp.ccbr.utoronto.ca/TFreport.php?versionNumber=2.00&searchTF=T332899_2.00

MOTIF M02698_2.00 (TGME49_075480)_(Arabidopsis_thaliana)_(DBD_0.86)

letter-probability matrix: alength= 4 w= 11 nsites= 1 E= 0
  0.140000	  0.450000	  0.230000	  0.180000	
  0.160000	  0.270000	  0.550000	  0.020000	
  0.000000	  0.919192	  0.040404	  0.040404	
  0.000000	  0.050000	  0.930000	  0.020000	
  0.040404	  0.939394	  0.000000	  0.020202	
  0.040404	  0.020202	  0.020202	  0.919192	
  0.080808	  0.000000	  0.858586	  0.060606	
  0.960000	  0.000000	  0.020000	  0.020000	
  0.040000	  0.040000	  0.920000	  0.000000	
  0.020000	  0.550000	  0.260000	  0.170000	
  0.151515	  0.323232	  0.242424	  0.282828	

URL http://cisbp.ccbr.utoronto.ca/TFreport.php?versionNumber=2.00&searchTF=T280713_2.00

