MEME version 4

ALPHABET= ACGT

strands: + -

Background letter frequencies (from uniform background):
A 0.25000 C 0.25000 G 0.25000 T 0.25000 

MOTIF M00060_2.00 (BN946_scf184851.g74)_(Saccharomyces_cerevisiae)_(DBD_0.51)

letter-probability matrix: alength= 4 w= 9 nsites= 1 E= 0
  0.320154	  0.181055	  0.206191	  0.292599	
  0.231700	  0.238756	  0.197442	  0.332102	
  0.223589	  0.242212	  0.287095	  0.247105	
  0.161512	  0.025143	  0.029212	  0.784133	
  0.138264	  0.051376	  0.075881	  0.734480	
  0.092315	  0.709959	  0.122145	  0.075581	
  0.148989	  0.381409	  0.144586	  0.325016	
  0.473500	  0.149928	  0.202381	  0.174191	
  0.182247	  0.285820	  0.153755	  0.378177	

URL http://cisbp.ccbr.utoronto.ca/TFreport.php?versionNumber=2.00&searchTF=T239765_2.00

MOTIF M00061_2.00 (BN946_scf184843.g9)_(Saccharomyces_cerevisiae)_(DBD_0.56)

letter-probability matrix: alength= 4 w= 8 nsites= 1 E= 0
  0.726984	  0.045578	  0.075863	  0.151575	
  0.056906	  0.193208	  0.068264	  0.681622	
  0.064288	  0.064288	  0.871332	  0.000092	
  0.000090	  0.000090	  0.999730	  0.000090	
  0.000090	  0.972713	  0.027107	  0.000090	
  0.000090	  0.963707	  0.009096	  0.027107	
  0.586810	  0.119622	  0.293459	  0.000109	
  0.142918	  0.057253	  0.742576	  0.057253	

URL http://cisbp.ccbr.utoronto.ca/TFreport.php?versionNumber=2.00&searchTF=T239764_2.00

MOTIF M00066_2.00 (BN946_scf184858.g55)_(Saccharomyces_cerevisiae)_(DBD_0.43)

letter-probability matrix: alength= 4 w= 10 nsites= 1 E= 0
  0.228304	  0.228304	  0.228304	  0.315088	
  0.119950	  0.353086	  0.407015	  0.119950	
  0.000130	  0.000130	  0.999610	  0.000130	
  0.000130	  0.000130	  0.000130	  0.999610	
  0.000130	  0.000130	  0.000130	  0.999610	
  0.086914	  0.000130	  0.912826	  0.000130	
  0.000130	  0.999610	  0.000130	  0.000130	
  0.000130	  0.437251	  0.000130	  0.562489	
  0.934522	  0.021826	  0.021826	  0.021826	
  0.130180	  0.304898	  0.261306	  0.303616	

URL http://cisbp.ccbr.utoronto.ca/TFreport.php?versionNumber=2.00&searchTF=T318031_2.00

MOTIF M00070_2.00 (BN946_scf184829.g29)_(Saccharomyces_cerevisiae)_(DBD_0.41)

letter-probability matrix: alength= 4 w= 11 nsites= 1 E= 0
  0.268573	  0.272224	  0.178881	  0.280322	
  0.509793	  0.098806	  0.292595	  0.098806	
  0.848016	  0.050661	  0.050661	  0.050661	
  0.999893	  0.000036	  0.000036	  0.000036	
  0.000036	  0.903786	  0.000036	  0.096142	
  0.903786	  0.000036	  0.000036	  0.096142	
  0.999893	  0.000036	  0.000036	  0.000036	
  0.000036	  0.000036	  0.000036	  0.999893	
  0.591260	  0.071155	  0.071155	  0.266431	
  0.345743	  0.151230	  0.257625	  0.245401	
  0.199374	  0.199374	  0.199374	  0.401877	

URL http://cisbp.ccbr.utoronto.ca/TFreport.php?versionNumber=2.00&searchTF=T326632_2.00

MOTIF M00407_2.00 (BN946_scf184591.g4)_(Mus_musculus)_(DBD_0.57)

letter-probability matrix: alength= 4 w= 9 nsites= 1 E= 0
  0.295464	  0.173911	  0.204087	  0.326538	
  0.083726	  0.082068	  0.055565	  0.778641	
  0.003120	  0.034053	  0.960935	  0.001893	
  0.873497	  0.000758	  0.057541	  0.068204	
  0.019591	  0.939245	  0.007207	  0.033956	
  0.851816	  0.012030	  0.105359	  0.030796	
  0.150397	  0.123135	  0.540925	  0.185542	
  0.147020	  0.354449	  0.343974	  0.154557	
  0.187865	  0.236447	  0.144854	  0.430834	

URL http://cisbp.ccbr.utoronto.ca/TFreport.php?versionNumber=2.00&searchTF=T204829_2.00

MOTIF M00424_2.00 (BN946_scf184355.g3)_(Mus_musculus)_(DBD_0.49)

letter-probability matrix: alength= 4 w= 8 nsites= 1 E= 0
  0.304614	  0.223418	  0.292670	  0.179297	
  0.117074	  0.396553	  0.109159	  0.377213	
  0.077200	  0.160196	  0.022792	  0.739813	
  0.820659	  0.043821	  0.081460	  0.054061	
  0.990441	  0.001375	  0.006877	  0.001308	
  0.026666	  0.029767	  0.015232	  0.928335	
  0.152387	  0.122294	  0.075673	  0.649645	
  0.599625	  0.071258	  0.189863	  0.139255	

URL http://cisbp.ccbr.utoronto.ca/TFreport.php?versionNumber=2.00&searchTF=T204828_2.00

MOTIF M00682_2.00 (BN946_scf185014.g98)_(Caenorhabditis_elegans)_(DBD_0.47)

letter-probability matrix: alength= 4 w= 8 nsites= 1 E= 0
  0.004902	  0.004902	  0.004902	  0.985294	
  0.004902	  0.004902	  0.004902	  0.985294	
  0.004902	  0.985294	  0.004902	  0.004902	
  0.004902	  0.495098	  0.004902	  0.495098	
  0.985294	  0.004902	  0.004902	  0.004902	
  0.004902	  0.004902	  0.985294	  0.004902	
  0.985294	  0.004902	  0.004902	  0.004902	
  0.985294	  0.004902	  0.004902	  0.004902	

URL http://cisbp.ccbr.utoronto.ca/TFreport.php?versionNumber=2.00&searchTF=T239767_2.00

MOTIF M00711_2.00 (BN946_scf184829.g43)_(Caenorhabditis_elegans)_(DBD_0.42)

letter-probability matrix: alength= 4 w= 8 nsites= 1 E= 0
  0.332931	  0.201933	  0.220950	  0.244187	
  0.230872	  0.107971	  0.064191	  0.596967	
  0.157943	  0.314893	  0.388476	  0.138689	
  0.623919	  0.073407	  0.103133	  0.199541	
  0.638735	  0.143953	  0.138309	  0.079003	
  0.199110	  0.103945	  0.061797	  0.635148	
  0.196117	  0.123805	  0.445283	  0.234795	
  0.339200	  0.127306	  0.335825	  0.197668	

URL http://cisbp.ccbr.utoronto.ca/TFreport.php?versionNumber=2.00&searchTF=T326633_2.00

MOTIF M00751_2.00 (BN946_scf184863.g35)_(Mus_musculus)_(DBD_0.41)

letter-probability matrix: alength= 4 w= 10 nsites= 1 E= 0
  0.237374	  0.264976	  0.264976	  0.232674	
  0.254916	  0.278923	  0.226090	  0.240071	
  0.234840	  0.237201	  0.304572	  0.223387	
  0.201961	  0.286597	  0.267221	  0.244221	
  0.601325	  0.000225	  0.320261	  0.078189	
  0.466521	  0.184067	  0.000331	  0.349080	
  0.391854	  0.070168	  0.064129	  0.473849	
  0.435120	  0.083565	  0.075612	  0.405703	
  0.376315	  0.160843	  0.160843	  0.302000	
  0.303804	  0.236603	  0.161804	  0.297789	

URL http://cisbp.ccbr.utoronto.ca/TFreport.php?versionNumber=2.00&searchTF=T017249_2.00

MOTIF M01037_2.00 (BN946_scf185044.g2)_(Candida_albicans)_(DBD_0.76)

letter-probability matrix: alength= 4 w= 8 nsites= 1 E= 0
  0.193022	  0.543654	  0.228086	  0.035238	
  0.000143	  0.899629	  0.000143	  0.100086	
  0.071531	  0.913906	  0.014420	  0.000143	
  0.000143	  0.999572	  0.000143	  0.000143	
  0.000143	  0.856796	  0.000143	  0.142918	
  0.000143	  0.014420	  0.014420	  0.971017	
  0.048517	  0.032398	  0.612669	  0.306415	
  0.522480	  0.045640	  0.204587	  0.227293	

URL http://cisbp.ccbr.utoronto.ca/TFreport.php?versionNumber=2.00&searchTF=T081694_2.00

MOTIF M01102_2.00 (BN946_scf185043.g133)_(PBM_CONSTRUCTS)_(DBD_0.91)

letter-probability matrix: alength= 4 w= 8 nsites= 1 E= 0
  0.520400	  0.150739	  0.150739	  0.178122	
  0.168349	  0.386085	  0.237629	  0.207937	
  0.828862	  0.000085	  0.162423	  0.008630	
  0.000085	  0.999744	  0.000085	  0.000085	
  0.000085	  0.000085	  0.982656	  0.017174	
  0.008630	  0.957023	  0.000085	  0.034262	
  0.008630	  0.017174	  0.965567	  0.008630	
  0.562344	  0.150050	  0.000125	  0.287481	

URL http://cisbp.ccbr.utoronto.ca/TFreport.php?versionNumber=2.00&searchTF=T011725_2.00

MOTIF M01103_2.00 (BN946_scf184748.g26)_(Monodelphis_domestica)_(DBD_0.61)

letter-probability matrix: alength= 4 w= 12 nsites= 1 E= 0
  0.315605	  0.228132	  0.228132	  0.228132	
  0.315605	  0.228132	  0.228132	  0.228132	
  0.371355	  0.180390	  0.180390	  0.267864	
  0.700798	  0.099734	  0.099734	  0.099734	
  0.333823	  0.000098	  0.000098	  0.665982	
  0.806854	  0.000098	  0.000098	  0.192951	
  0.177789	  0.000098	  0.000098	  0.822016	
  0.431780	  0.000098	  0.000098	  0.568025	
  0.934102	  0.021966	  0.021966	  0.021966	
  0.934102	  0.021966	  0.021966	  0.021966	
  0.069707	  0.069707	  0.069707	  0.790879	
  0.324794	  0.150363	  0.150363	  0.374480	

URL http://cisbp.ccbr.utoronto.ca/TFreport.php?versionNumber=2.00&searchTF=T017248_2.00

MOTIF M01106_2.00 (BN946_scf184665.g7)_(Trichomonas_vaginalis)_(DBD_0.65)

letter-probability matrix: alength= 4 w= 8 nsites= 1 E= 0
  0.483861	  0.092001	  0.215250	  0.208888	
  0.550968	  0.140005	  0.167616	  0.141412	
  0.561595	  0.058603	  0.114524	  0.265279	
  0.513647	  0.040106	  0.069515	  0.376733	
  0.597236	  0.037424	  0.030948	  0.334392	
  0.763937	  0.036910	  0.033733	  0.165420	
  0.582011	  0.007741	  0.027840	  0.382408	
  0.380653	  0.020326	  0.002038	  0.596983	

URL http://cisbp.ccbr.utoronto.ca/TFreport.php?versionNumber=2.00&searchTF=T017247_2.00

MOTIF M01147_2.00 (BN946_scf185043.g203)_(Neurospora_crassa)_(DBD_0.64)

letter-probability matrix: alength= 4 w= 10 nsites= 1 E= 0
  0.256344	  0.201648	  0.261523	  0.280485	
  0.466416	  0.147685	  0.263770	  0.122129	
  0.056276	  0.045162	  0.000477	  0.898085	
  0.076513	  0.037995	  0.643848	  0.241643	
  0.796372	  0.031502	  0.085633	  0.086493	
  0.072044	  0.711432	  0.042832	  0.173691	
  0.178754	  0.047276	  0.689532	  0.084438	
  0.163925	  0.196254	  0.078997	  0.560825	
  0.373050	  0.284779	  0.165954	  0.176216	
  0.318316	  0.178225	  0.258022	  0.245438	

URL http://cisbp.ccbr.utoronto.ca/TFreport.php?versionNumber=2.00&searchTF=T057237_2.00

MOTIF M01235_2.00 (BN946_scf184754.g8)_(Neurospora_crassa)_(DBD_0.89)

letter-probability matrix: alength= 4 w= 11 nsites= 1 E= 0
  0.224507	  0.326478	  0.224507	  0.224507	
  0.203126	  0.299039	  0.391867	  0.105967	
  0.225223	  0.724938	  0.024920	  0.024920	
  0.000216	  0.000216	  0.999351	  0.000216	
  0.999351	  0.000216	  0.000216	  0.000216	
  0.000216	  0.000216	  0.000216	  0.999351	
  0.000216	  0.999351	  0.000216	  0.000216	
  0.000216	  0.000216	  0.897514	  0.102053	
  0.347248	  0.117812	  0.509230	  0.025709	
  0.144249	  0.144249	  0.144249	  0.567252	
  0.225297	  0.324110	  0.225297	  0.225297	

URL http://cisbp.ccbr.utoronto.ca/TFreport.php?versionNumber=2.00&searchTF=T191854_2.00

MOTIF M01419_2.00 (BN946_scf185008.g7)_(Schizophyllum_commune)_(DBD_0.89)

letter-probability matrix: alength= 4 w= 8 nsites= 1 E= 0
  0.000554	  0.222284	  0.554878	  0.222284	
  0.832363	  0.042013	  0.000416	  0.125208	
  0.000399	  0.160144	  0.000399	  0.839058	
  0.000399	  0.998802	  0.000399	  0.000399	
  0.000399	  0.040335	  0.958866	  0.000399	
  0.000399	  0.000399	  0.998802	  0.000399	
  0.911892	  0.043837	  0.043837	  0.000434	
  0.266622	  0.200133	  0.532580	  0.000665	

URL http://cisbp.ccbr.utoronto.ca/TFreport.php?versionNumber=2.00&searchTF=T360589_2.00

MOTIF M01458_2.00 (BN946_scf184775.g25)_(Schizophyllum_commune)_(DBD_0.82)

letter-probability matrix: alength= 4 w= 10 nsites= 1 E= 0
  0.372672	  0.160886	  0.416006	  0.050436	
  0.076780	  0.829599	  0.008767	  0.084855	
  0.008563	  0.005194	  0.970165	  0.016078	
  0.001140	  0.993504	  0.003862	  0.001494	
  0.000158	  0.999768	  0.000001	  0.000073	
  0.905574	  0.030526	  0.033068	  0.030832	
  0.000401	  0.979249	  0.000329	  0.020021	
  0.343193	  0.333050	  0.135408	  0.188348	
  0.401867	  0.171764	  0.236541	  0.189828	
  0.319641	  0.225247	  0.223006	  0.232107	

URL http://cisbp.ccbr.utoronto.ca/TFreport.php?versionNumber=2.00&searchTF=T081671_2.00

MOTIF M01464_2.00 (BN946_scf184576.g4)_(Schizophyllum_commune)_(DBD_0.98)

letter-probability matrix: alength= 4 w= 9 nsites= 1 E= 0
  0.276672	  0.242944	  0.219825	  0.260559	
  0.325733	  0.246184	  0.283179	  0.144905	
  0.119885	  0.703825	  0.041121	  0.135169	
  0.022497	  0.791076	  0.000864	  0.185563	
  0.006170	  0.991980	  0.000169	  0.001682	
  0.018530	  0.962344	  0.007999	  0.011127	
  0.002080	  0.192952	  0.006702	  0.798266	
  0.252990	  0.047151	  0.408851	  0.291008	
  0.459462	  0.122738	  0.221419	  0.196381	

URL http://cisbp.ccbr.utoronto.ca/TFreport.php?versionNumber=2.00&searchTF=T081669_2.00

MOTIF M01566_2.00 (BN946_scf184999.g62)_(Saccharomyces_cerevisiae)_(DBD_0.58)

letter-probability matrix: alength= 4 w= 8 nsites= 1 E= 0
  0.270726	  0.299198	  0.159350	  0.270726	
  0.171103	  0.404343	  0.058690	  0.365865	
  0.701225	  0.048078	  0.204963	  0.045733	
  0.053179	  0.447494	  0.090348	  0.408979	
  0.407307	  0.049381	  0.055677	  0.487635	
  0.525518	  0.097943	  0.128302	  0.248237	
  0.510778	  0.094249	  0.117441	  0.277532	
  0.343791	  0.175921	  0.275898	  0.204391	

URL http://cisbp.ccbr.utoronto.ca/TFreport.php?versionNumber=2.00&searchTF=T326645_2.00

MOTIF M01567_2.00 (BN946_scf185000.g31)_(Saccharomyces_cerevisiae)_(DBD_0.89)

letter-probability matrix: alength= 4 w= 7 nsites= 1 E= 0
  0.315311	  0.189343	  0.207174	  0.288172	
  0.345705	  0.141966	  0.211788	  0.300541	
  0.271982	  0.110580	  0.155359	  0.462079	
  0.583542	  0.000869	  0.110954	  0.304636	
  0.219565	  0.006434	  0.188981	  0.585020	
  0.934996	  0.000354	  0.051964	  0.012687	
  0.422777	  0.000471	  0.095282	  0.481470	

URL http://cisbp.ccbr.utoronto.ca/TFreport.php?versionNumber=2.00&searchTF=T342151_2.00

MOTIF M01654_2.00 (BN946_scf184938.g59)_(Neurospora_crassa)_(DBD_0.64)

letter-probability matrix: alength= 4 w= 9 nsites= 1 E= 0
  0.267934	  0.217183	  0.260016	  0.254867	
  0.253271	  0.236148	  0.207361	  0.303220	
  0.244019	  0.201794	  0.295080	  0.259108	
  0.555310	  0.001732	  0.212624	  0.230333	
  0.031649	  0.841093	  0.000193	  0.127065	
  0.319537	  0.007220	  0.669729	  0.003514	
  0.097180	  0.809624	  0.007005	  0.086191	
  0.054095	  0.015344	  0.871960	  0.058601	
  0.292764	  0.177570	  0.157491	  0.372176	

URL http://cisbp.ccbr.utoronto.ca/TFreport.php?versionNumber=2.00&searchTF=T011724_2.00

MOTIF M01834_2.00 (BN946_scf184920.g52)_(Neurospora_crassa)_(DBD_0.52)

letter-probability matrix: alength= 4 w= 10 nsites= 1 E= 0
  0.138972	  0.117246	  0.552400	  0.191382	
  0.407664	  0.450538	  0.049921	  0.091876	
  0.018202	  0.000228	  0.064170	  0.917399	
  0.109798	  0.113142	  0.249297	  0.527762	
  0.898816	  0.005480	  0.085719	  0.009985	
  0.003372	  0.668907	  0.109469	  0.218251	
  0.178122	  0.123035	  0.455988	  0.242856	
  0.305077	  0.126541	  0.094686	  0.473696	
  0.502827	  0.177727	  0.146973	  0.172474	
  0.496385	  0.129976	  0.163588	  0.210051	

URL http://cisbp.ccbr.utoronto.ca/TFreport.php?versionNumber=2.00&searchTF=T057231_2.00

MOTIF M01835_2.00 (BN946_scf185042.g81)_(Neurospora_crassa)_(DBD_0.66)

letter-probability matrix: alength= 4 w= 11 nsites= 1 E= 0
  0.227977	  0.227977	  0.316068	  0.227977	
  0.575603	  0.108023	  0.208350	  0.108023	
  0.833557	  0.055481	  0.055481	  0.055481	
  0.000201	  0.000201	  0.089004	  0.910593	
  0.188309	  0.089004	  0.722485	  0.000201	
  0.906520	  0.000201	  0.000201	  0.093078	
  0.183108	  0.539578	  0.089004	  0.188309	
  0.277113	  0.000201	  0.539578	  0.183108	
  0.393952	  0.022224	  0.022224	  0.561601	
  0.236961	  0.363298	  0.257563	  0.142178	
  0.415840	  0.194720	  0.194720	  0.194720	

URL http://cisbp.ccbr.utoronto.ca/TFreport.php?versionNumber=2.00&searchTF=T057236_2.00

MOTIF M02006_2.00 (BN946_scf185014.g71)_(Dictyostelium_discoideum)_(DBD_0.64)

letter-probability matrix: alength= 4 w= 7 nsites= 1 E= 0
  0.160263	  0.374959	  0.205782	  0.258997	
  0.755520	  0.212174	  0.020033	  0.012273	
  0.023502	  0.008142	  0.950593	  0.017762	
  0.984609	  0.001669	  0.000626	  0.013095	
  0.002686	  0.002938	  0.004212	  0.990164	
  0.067604	  0.546576	  0.161366	  0.224454	
  0.180546	  0.338995	  0.248635	  0.231825	

URL http://cisbp.ccbr.utoronto.ca/TFreport.php?versionNumber=2.00&searchTF=T191860_2.00

MOTIF M02066_2.00 (BN946_scf184983.g13)_(Cryptococcus_neoformans)_(DBD_0.56)

letter-probability matrix: alength= 4 w= 9 nsites= 1 E= 0
  0.369225	  0.133141	  0.242598	  0.255036	
  0.024933	  0.046349	  0.060715	  0.868003	
  0.000003	  0.003807	  0.026755	  0.969436	
  0.912917	  0.043235	  0.041540	  0.002309	
  0.982717	  0.001897	  0.013878	  0.001507	
  0.067783	  0.009741	  0.000695	  0.921781	
  0.282432	  0.143085	  0.028035	  0.546448	
  0.352017	  0.124422	  0.153497	  0.370065	
  0.373390	  0.226472	  0.221988	  0.178150	

URL http://cisbp.ccbr.utoronto.ca/TFreport.php?versionNumber=2.00&searchTF=T204831_2.00

MOTIF M02491_2.00 (BN946_scf184844.g22)_(Neurospora_crassa)_(DBD_0.29)

letter-probability matrix: alength= 4 w= 8 nsites= 1 E= 0
  0.001106	  0.222345	  0.001106	  0.775442	
  0.071937	  0.926638	  0.000712	  0.000712	
  0.071937	  0.000712	  0.000712	  0.926638	
  0.000712	  0.000712	  0.000712	  0.997863	
  0.000712	  0.000712	  0.000712	  0.997863	
  0.000712	  0.000712	  0.997863	  0.000712	
  0.000712	  0.000712	  0.000712	  0.997863	
  0.001106	  0.332965	  0.001106	  0.664823	

URL http://cisbp.ccbr.utoronto.ca/TFreport.php?versionNumber=2.00&searchTF=T326636_2.00

MOTIF M02581_2.00 (BN946_scf184656.g9)_(Puccinia_graminis)_(DBD_0.80)

letter-probability matrix: alength= 4 w= 8 nsites= 1 E= 0
  0.427557	  0.001420	  0.001420	  0.569602	
  0.000996	  0.000996	  0.000996	  0.997012	
  0.000906	  0.997283	  0.000906	  0.000906	
  0.000906	  0.091486	  0.906703	  0.000906	
  0.000906	  0.000906	  0.997283	  0.000906	
  0.363225	  0.000906	  0.634964	  0.000906	
  0.997283	  0.000906	  0.000906	  0.000906	
  0.125622	  0.125622	  0.125622	  0.623134	

URL http://cisbp.ccbr.utoronto.ca/TFreport.php?versionNumber=2.00&searchTF=T360567_2.00

MOTIF M02698_2.00 (BN946_scf184834.g3)_(Arabidopsis_thaliana)_(DBD_0.88)

letter-probability matrix: alength= 4 w= 11 nsites= 1 E= 0
  0.140000	  0.450000	  0.230000	  0.180000	
  0.160000	  0.270000	  0.550000	  0.020000	
  0.000000	  0.919192	  0.040404	  0.040404	
  0.000000	  0.050000	  0.930000	  0.020000	
  0.040404	  0.939394	  0.000000	  0.020202	
  0.040404	  0.020202	  0.020202	  0.919192	
  0.080808	  0.000000	  0.858586	  0.060606	
  0.960000	  0.000000	  0.020000	  0.020000	
  0.040000	  0.040000	  0.920000	  0.000000	
  0.020000	  0.550000	  0.260000	  0.170000	
  0.151515	  0.323232	  0.242424	  0.282828	

URL http://cisbp.ccbr.utoronto.ca/TFreport.php?versionNumber=2.00&searchTF=T267024_2.00

MOTIF M03325_2.00 (BN946_scf185043.g94)_(Homo_sapiens)_(DBD_0.35)

letter-probability matrix: alength= 4 w= 13 nsites= 1 E= 0
  0.020328	  0.009544	  0.960775	  0.009353	
  0.949448	  0.012827	  0.007545	  0.030180	
  0.835297	  0.031862	  0.023565	  0.109276	
  0.190722	  0.330287	  0.220522	  0.258468	
  0.282209	  0.216946	  0.366147	  0.134698	
  0.132278	  0.029511	  0.033109	  0.805102	
  0.071022	  0.004158	  0.070598	  0.854221	
  0.000793	  0.997721	  0.001189	  0.000297	
  0.001746	  0.253412	  0.212253	  0.532589	
  0.568436	  0.183625	  0.244438	  0.003501	
  0.006769	  0.010733	  0.973409	  0.009089	
  0.848033	  0.082975	  0.007666	  0.061326	
  0.712607	  0.078998	  0.072627	  0.135768	

URL http://cisbp.ccbr.utoronto.ca/TFreport.php?versionNumber=2.00&searchTF=T239768_2.00

MOTIF M08452_2.00 (BN946_scf184796.g4)_(Saccharomyces_cerevisiae)_(DBD_0.82)

letter-probability matrix: alength= 4 w= 5 nsites= 1 E= 0
  0.000000	  0.000000	  0.000000	  1.000000	
  0.000000	  0.000000	  0.010160	  0.989840	
  0.005578	  0.000000	  0.994422	  0.000000	
  0.000000	  0.000000	  0.998223	  0.001777	
  0.158006	  0.378979	  0.030665	  0.432350	

URL http://cisbp.ccbr.utoronto.ca/TFreport.php?versionNumber=2.00&searchTF=T159780_2.00

