MEME version 4

ALPHABET= ACGT

strands: + -

Background letter frequencies (from uniform background):
A 0.25000 C 0.25000 G 0.25000 T 0.25000 

MOTIF M00005_2.00 (TVAG_008370)_(Saccharomyces_cerevisiae)_(DBD_0.06)

letter-probability matrix: alength= 4 w= 8 nsites= 1 E= 0
  0.139169	  0.130476	  0.278251	  0.452104	
  0.013049	  0.818034	  0.026032	  0.142885	
  0.000050	  0.000050	  0.000050	  0.999851	
  0.000050	  0.999851	  0.000050	  0.000050	
  0.000050	  0.000050	  0.999851	  0.000050	
  0.999851	  0.000050	  0.000050	  0.000050	
  0.626487	  0.057011	  0.278474	  0.038028	
  0.142891	  0.230165	  0.476119	  0.150825	

URL http://cisbp.ccbr.utoronto.ca/TFreport.php?versionNumber=2.00&searchTF=T012509_2.00

MOTIF M00070_2.00 (TVAG_344020)_(Saccharomyces_cerevisiae)_(DBD_0.30)

letter-probability matrix: alength= 4 w= 11 nsites= 1 E= 0
  0.268573	  0.272224	  0.178881	  0.280322	
  0.509793	  0.098806	  0.292595	  0.098806	
  0.848016	  0.050661	  0.050661	  0.050661	
  0.999893	  0.000036	  0.000036	  0.000036	
  0.000036	  0.903786	  0.000036	  0.096142	
  0.903786	  0.000036	  0.000036	  0.096142	
  0.999893	  0.000036	  0.000036	  0.000036	
  0.000036	  0.000036	  0.000036	  0.999893	
  0.591260	  0.071155	  0.071155	  0.266431	
  0.345743	  0.151230	  0.257625	  0.245401	
  0.199374	  0.199374	  0.199374	  0.401877	

URL http://cisbp.ccbr.utoronto.ca/TFreport.php?versionNumber=2.00&searchTF=T333492_2.00

MOTIF M00154_2.00 (TVAG_427230)_(Mus_musculus)_(DBD_0.45)

letter-probability matrix: alength= 4 w= 10 nsites= 1 E= 0
  0.323791	  0.157606	  0.184952	  0.333651	
  0.356499	  0.123511	  0.133798	  0.386191	
  0.252758	  0.144378	  0.247753	  0.355112	
  0.126742	  0.200769	  0.545747	  0.126742	
  0.023207	  0.074773	  0.901856	  0.000164	
  0.069741	  0.911218	  0.000224	  0.018817	
  0.000176	  0.000025	  0.982509	  0.017290	
  0.011409	  0.610578	  0.359389	  0.018623	
  0.108464	  0.261496	  0.386224	  0.243817	
  0.250797	  0.271685	  0.168114	  0.309403	

URL http://cisbp.ccbr.utoronto.ca/TFreport.php?versionNumber=2.00&searchTF=T173639_2.00

MOTIF M00196_2.00 (TVAG_010230)_(Mus_musculus)_(DBD_0.42)

letter-probability matrix: alength= 4 w= 8 nsites= 1 E= 0
  0.009615	  0.009615	  0.009615	  0.971154	
  0.009615	  0.009615	  0.009615	  0.971154	
  0.009615	  0.971154	  0.009615	  0.009615	
  0.971154	  0.009615	  0.009615	  0.009615	
  0.009615	  0.009615	  0.009615	  0.971154	
  0.009615	  0.009615	  0.009615	  0.971154	
  0.009615	  0.009615	  0.971154	  0.009615	
  0.971154	  0.009615	  0.009615	  0.009615	

URL http://cisbp.ccbr.utoronto.ca/TFreport.php?versionNumber=2.00&searchTF=T333463_2.00

MOTIF M01106_2.00 TVAG_474020

letter-probability matrix: alength= 4 w= 8 nsites= 1 E= 0
  0.483861	  0.092001	  0.215250	  0.208888	
  0.550968	  0.140005	  0.167616	  0.141412	
  0.561595	  0.058603	  0.114524	  0.265279	
  0.513647	  0.040106	  0.069515	  0.376733	
  0.597236	  0.037424	  0.030948	  0.334392	
  0.763937	  0.036910	  0.033733	  0.165420	
  0.582011	  0.007741	  0.027840	  0.382408	
  0.380653	  0.020326	  0.002038	  0.596983	

URL http://cisbp.ccbr.utoronto.ca/TFreport.php?versionNumber=2.00&searchTF=T017891_2.00

MOTIF M01319_2.00 (TVAG_288530)_(Arabidopsis_thaliana)_(DBD_0.23)

letter-probability matrix: alength= 4 w= 8 nsites= 1 E= 0
  0.158993	  0.167145	  0.151239	  0.522623	
  0.178907	  0.147949	  0.124819	  0.548325	
  0.096781	  0.412588	  0.090238	  0.400394	
  0.640051	  0.041744	  0.317840	  0.000365	
  0.843350	  0.025981	  0.034377	  0.096292	
  0.746360	  0.041067	  0.080255	  0.132318	
  0.306449	  0.236288	  0.043600	  0.413663	
  0.253512	  0.201424	  0.199420	  0.345645	

URL http://cisbp.ccbr.utoronto.ca/TFreport.php?versionNumber=2.00&searchTF=T345892_2.00

MOTIF M01967_2.00 TVAG_062990

letter-probability matrix: alength= 4 w= 10 nsites= 1 E= 0
  0.303545	  0.182277	  0.207583	  0.306595	
  0.146701	  0.230073	  0.208178	  0.415048	
  0.095895	  0.318381	  0.546344	  0.039380	
  0.006127	  0.162825	  0.831039	  0.000009	
  0.002928	  0.996602	  0.000049	  0.000421	
  0.000280	  0.000003	  0.999657	  0.000060	
  0.000142	  0.391613	  0.602009	  0.006236	
  0.010076	  0.239894	  0.528580	  0.221450	
  0.200889	  0.287941	  0.265803	  0.245367	
  0.257673	  0.221781	  0.172723	  0.347822	

URL http://cisbp.ccbr.utoronto.ca/TFreport.php?versionNumber=2.00&searchTF=T173608_2.00

MOTIF M02193_2.00 TVAG_451170

letter-probability matrix: alength= 4 w= 10 nsites= 1 E= 0
  0.390118	  0.099884	  0.194120	  0.315878	
  0.028002	  0.028002	  0.028002	  0.915993	
  0.091217	  0.000178	  0.817387	  0.091217	
  0.999465	  0.000178	  0.000178	  0.000178	
  0.000178	  0.000178	  0.000178	  0.999465	
  0.182256	  0.000178	  0.817387	  0.000178	
  0.000178	  0.414182	  0.000178	  0.585461	
  0.182256	  0.000178	  0.817387	  0.000178	
  0.363406	  0.150295	  0.336005	  0.150295	
  0.222176	  0.222176	  0.222176	  0.333471	

URL http://cisbp.ccbr.utoronto.ca/TFreport.php?versionNumber=2.00&searchTF=T224899_2.00

MOTIF M02194_2.00 TVAG_493070

letter-probability matrix: alength= 4 w= 11 nsites= 1 E= 0
  0.298400	  0.191365	  0.191365	  0.318870	
  0.345801	  0.140627	  0.140627	  0.372945	
  0.044180	  0.044180	  0.044180	  0.867461	
  0.000195	  0.000195	  0.912394	  0.087216	
  0.999415	  0.000195	  0.000195	  0.000195	
  0.000195	  0.000195	  0.000195	  0.999415	
  0.087216	  0.000195	  0.912394	  0.000195	
  0.000195	  0.176901	  0.000195	  0.822709	
  0.147747	  0.145851	  0.647572	  0.058830	
  0.214872	  0.109568	  0.199838	  0.475721	
  0.206016	  0.294933	  0.206016	  0.293036	

URL http://cisbp.ccbr.utoronto.ca/TFreport.php?versionNumber=2.00&searchTF=T224900_2.00

MOTIF M02250_2.00 TVAG_183770

letter-probability matrix: alength= 4 w= 10 nsites= 1 E= 0
  0.130021	  0.491615	  0.190128	  0.188236	
  0.145392	  0.544262	  0.157501	  0.152846	
  0.128930	  0.059102	  0.764537	  0.047431	
  0.390679	  0.108623	  0.477177	  0.023521	
  0.145048	  0.690256	  0.066491	  0.098206	
  0.018339	  0.772015	  0.047418	  0.162228	
  0.680955	  0.081736	  0.166251	  0.071058	
  0.267828	  0.330413	  0.154523	  0.247236	
  0.219215	  0.307985	  0.202360	  0.270440	
  0.201127	  0.291179	  0.222280	  0.285413	

URL http://cisbp.ccbr.utoronto.ca/TFreport.php?versionNumber=2.00&searchTF=T243794_2.00

MOTIF M02251_2.00 TVAG_293580

letter-probability matrix: alength= 4 w= 10 nsites= 1 E= 0
  0.251184	  0.222780	  0.234202	  0.291834	
  0.134060	  0.254243	  0.467916	  0.143781	
  0.204108	  0.360918	  0.286761	  0.148213	
  0.185871	  0.069065	  0.716984	  0.028080	
  0.404814	  0.024372	  0.546442	  0.024372	
  0.201555	  0.531692	  0.124719	  0.142034	
  0.043346	  0.727214	  0.051895	  0.177544	
  0.613264	  0.009572	  0.371964	  0.005201	
  0.317576	  0.223792	  0.267928	  0.190703	
  0.284070	  0.237276	  0.259621	  0.219033	

URL http://cisbp.ccbr.utoronto.ca/TFreport.php?versionNumber=2.00&searchTF=T243809_2.00

MOTIF M02252_2.00 TVAG_406980

letter-probability matrix: alength= 4 w= 10 nsites= 1 E= 0
  0.134575	  0.443758	  0.148129	  0.273538	
  0.059399	  0.005897	  0.925971	  0.008733	
  0.542181	  0.014939	  0.430545	  0.012336	
  0.028612	  0.927039	  0.003666	  0.040683	
  0.016838	  0.864021	  0.027513	  0.091628	
  0.827107	  0.005136	  0.164017	  0.003740	
  0.553855	  0.125338	  0.193133	  0.127673	
  0.579589	  0.075710	  0.182759	  0.161943	
  0.057460	  0.414422	  0.106776	  0.421342	
  0.521108	  0.024217	  0.241589	  0.213086	

URL http://cisbp.ccbr.utoronto.ca/TFreport.php?versionNumber=2.00&searchTF=T243836_2.00

MOTIF M02336_2.00 TVAG_087680

letter-probability matrix: alength= 4 w= 10 nsites= 1 E= 0
  0.156820	  0.168191	  0.122132	  0.552857	
  0.796305	  0.053516	  0.054597	  0.095582	
  0.570549	  0.094311	  0.256364	  0.078775	
  0.034702	  0.826179	  0.011785	  0.127334	
  0.028258	  0.964287	  0.001635	  0.005821	
  0.016074	  0.055546	  0.050765	  0.877615	
  0.049307	  0.139500	  0.016413	  0.794780	
  0.726849	  0.049835	  0.075092	  0.148223	
  0.376371	  0.160867	  0.157681	  0.305081	
  0.372739	  0.159314	  0.120407	  0.347540	

URL http://cisbp.ccbr.utoronto.ca/TFreport.php?versionNumber=2.00&searchTF=T282438_2.00

MOTIF M02337_2.00 TVAG_110090

letter-probability matrix: alength= 4 w= 9 nsites= 1 E= 0
  0.237559	  0.284410	  0.196452	  0.281580	
  0.313597	  0.199958	  0.194049	  0.292396	
  0.501928	  0.182812	  0.096395	  0.218865	
  0.843780	  0.022826	  0.038012	  0.095382	
  0.054584	  0.566647	  0.172386	  0.206384	
  0.160970	  0.523858	  0.095700	  0.219471	
  0.262268	  0.361177	  0.157491	  0.219065	
  0.243955	  0.212084	  0.165171	  0.378790	
  0.254324	  0.230121	  0.175670	  0.339885	

URL http://cisbp.ccbr.utoronto.ca/TFreport.php?versionNumber=2.00&searchTF=T282455_2.00

MOTIF M02338_2.00 TVAG_119520

letter-probability matrix: alength= 4 w= 10 nsites= 1 E= 0
  0.292282	  0.223122	  0.259231	  0.225365	
  0.306448	  0.191530	  0.258539	  0.243483	
  0.373279	  0.245262	  0.235645	  0.145813	
  0.142710	  0.602337	  0.119202	  0.135750	
  0.344828	  0.093042	  0.434000	  0.128130	
  0.631980	  0.018894	  0.218953	  0.130172	
  0.077497	  0.380025	  0.039656	  0.502822	
  0.462585	  0.170175	  0.203737	  0.163503	
  0.287231	  0.232825	  0.281544	  0.198400	
  0.270667	  0.230647	  0.296156	  0.202530	

URL http://cisbp.ccbr.utoronto.ca/TFreport.php?versionNumber=2.00&searchTF=T282465_2.00

MOTIF M02339_2.00 TVAG_237720

letter-probability matrix: alength= 4 w= 10 nsites= 1 E= 0
  0.206509	  0.237542	  0.244777	  0.311172	
  0.283201	  0.177001	  0.214039	  0.325759	
  0.387642	  0.152946	  0.304930	  0.154483	
  0.444401	  0.471881	  0.015906	  0.067811	
  0.014569	  0.952317	  0.000690	  0.032424	
  0.041395	  0.000238	  0.946859	  0.011509	
  0.166684	  0.521182	  0.077952	  0.234182	
  0.418437	  0.051240	  0.034347	  0.495975	
  0.286749	  0.208223	  0.415137	  0.089892	
  0.227145	  0.236415	  0.328846	  0.207595	

URL http://cisbp.ccbr.utoronto.ca/TFreport.php?versionNumber=2.00&searchTF=T282579_2.00

MOTIF M02340_2.00 TVAG_398500

letter-probability matrix: alength= 4 w= 10 nsites= 1 E= 0
  0.112162	  0.292933	  0.121504	  0.473401	
  0.224495	  0.143144	  0.484857	  0.147504	
  0.640020	  0.118096	  0.067458	  0.174426	
  0.076415	  0.087898	  0.010036	  0.825652	
  0.027268	  0.850393	  0.084411	  0.037928	
  0.032883	  0.000122	  0.965806	  0.001189	
  0.098556	  0.131713	  0.219341	  0.550390	
  0.220369	  0.356132	  0.164894	  0.258605	
  0.211668	  0.315771	  0.236280	  0.236280	
  0.202440	  0.296025	  0.217118	  0.284417	

URL http://cisbp.ccbr.utoronto.ca/TFreport.php?versionNumber=2.00&searchTF=T282736_2.00

MOTIF M02489_2.00 (TVAG_142450)_(Neurospora_crassa)_(DBD_0.32)

letter-probability matrix: alength= 4 w= 13 nsites= 1 E= 0
  0.314560	  0.228480	  0.228480	  0.228480	
  0.314560	  0.228480	  0.228480	  0.228480	
  0.228480	  0.228480	  0.228480	  0.314560	
  0.179751	  0.179751	  0.352587	  0.287911	
  0.106308	  0.106308	  0.106308	  0.681075	
  0.999343	  0.000219	  0.000219	  0.000219	
  0.000219	  0.000219	  0.000219	  0.999343	
  0.000219	  0.000219	  0.000219	  0.999343	
  0.439343	  0.021739	  0.517180	  0.021739	
  0.230293	  0.021739	  0.021739	  0.726229	
  0.230788	  0.021739	  0.021739	  0.725734	
  0.788596	  0.070468	  0.070468	  0.070468	
  0.244188	  0.143911	  0.143911	  0.467991	

URL http://cisbp.ccbr.utoronto.ca/TFreport.php?versionNumber=2.00&searchTF=T333472_2.00

MOTIF M02490_2.00 (TVAG_125540)_(Neurospora_crassa)_(DBD_0.40)

letter-probability matrix: alength= 4 w= 10 nsites= 1 E= 0
  0.329130	  0.229626	  0.220622	  0.220622	
  0.346994	  0.223477	  0.251969	  0.177560	
  0.448098	  0.134965	  0.110500	  0.306437	
  0.335755	  0.153912	  0.139266	  0.371067	
  0.248453	  0.220358	  0.178619	  0.352571	
  0.233539	  0.293933	  0.209213	  0.263315	
  0.195880	  0.356917	  0.275201	  0.172001	
  0.140053	  0.396240	  0.262965	  0.200742	
  0.596865	  0.017317	  0.262878	  0.122939	
  0.143083	  0.219956	  0.147441	  0.489520	

URL http://cisbp.ccbr.utoronto.ca/TFreport.php?versionNumber=2.00&searchTF=T333470_2.00

MOTIF M02544_2.00 TVAG_124790

letter-probability matrix: alength= 4 w= 10 nsites= 1 E= 0
  0.281258	  0.221246	  0.186657	  0.310839	
  0.258131	  0.153464	  0.305964	  0.282440	
  0.234039	  0.184101	  0.023231	  0.558629	
  0.273778	  0.145812	  0.420867	  0.159544	
  0.216570	  0.140881	  0.375371	  0.267178	
  0.191285	  0.282525	  0.159775	  0.366415	
  0.225942	  0.372515	  0.159219	  0.242324	
  0.260508	  0.174624	  0.366001	  0.198867	
  0.261340	  0.187883	  0.338939	  0.211838	
  0.292700	  0.221218	  0.210429	  0.275654	

URL http://cisbp.ccbr.utoronto.ca/TFreport.php?versionNumber=2.00&searchTF=T350449_2.00

MOTIF M03094_2.00 (TVAG_400830)_(Homo_sapiens)_(DBD_0.44)

letter-probability matrix: alength= 4 w= 12 nsites= 1 E= 0
  0.075193	  0.052708	  0.036750	  0.835348	
  0.012133	  0.045264	  0.932105	  0.010499	
  0.845817	  0.010811	  0.062291	  0.081081	
  0.016870	  0.950947	  0.010382	  0.021801	
  0.958232	  0.003526	  0.030377	  0.007865	
  0.045464	  0.013172	  0.766730	  0.174634	
  0.059739	  0.316739	  0.607343	  0.016179	
  0.006266	  0.028460	  0.003655	  0.961619	
  0.030352	  0.017935	  0.918602	  0.033111	
  0.179547	  0.067561	  0.020592	  0.732300	
  0.017290	  0.853624	  0.101847	  0.027238	
  0.798513	  0.042216	  0.078676	  0.080595	

URL http://cisbp.ccbr.utoronto.ca/TFreport.php?versionNumber=2.00&searchTF=T224898_2.00

MOTIF M08108_2.00 (TVAG_077130)_(Homo_sapiens)_(DBD_0.47)

letter-probability matrix: alength= 4 w= 11 nsites= 1 E= 0
  0.204783	  0.244644	  0.387145	  0.163428	
  0.131041	  0.340807	  0.468361	  0.059791	
  0.023916	  0.035376	  0.927753	  0.012955	
  0.013951	  0.939711	  0.010962	  0.035376	
  0.006976	  0.026906	  0.962631	  0.003488	
  0.017937	  0.039860	  0.929248	  0.012955	
  0.013453	  0.015944	  0.956153	  0.014449	
  0.924265	  0.011958	  0.048829	  0.014948	
  0.819631	  0.084704	  0.068261	  0.027404	
  0.231689	  0.322372	  0.322870	  0.123069	
  0.189836	  0.300947	  0.322870	  0.186348	

URL http://cisbp.ccbr.utoronto.ca/TFreport.php?versionNumber=2.00&searchTF=T173609_2.00

