>NTCHCWGVAG	1-NTCHCWGVAG	5.202374	-3575.921106	0	T:17477.0(61.85%),B:40227.1(34.19%),P:1e-1552	Tpos:98.2,Tstd:55.9,Bpos:100.5,Bstd:89.3,StrandBias:-0.0,Multiplicity:1.41
0.251	0.327	0.240	0.182
0.209	0.293	0.032	0.465
0.001	0.616	0.085	0.298
0.358	0.317	0.011	0.314
0.001	0.923	0.006	0.070
0.457	0.001	0.001	0.541
0.001	0.001	0.837	0.161
0.219	0.352	0.356	0.073
0.588	0.099	0.106	0.207
0.248	0.231	0.520	0.001
>NVNBCCCAGS	2-NVNBCCCAGS	5.811717	-3143.803588	0	T:14754.0(52.21%),B:31837.3(27.06%),P:1e-1365	Tpos:100.1,Tstd:55.4,Bpos:99.8,Bstd:88.8,StrandBias:-0.0,Multiplicity:1.54
0.179	0.267	0.244	0.309
0.340	0.246	0.263	0.151
0.287	0.177	0.308	0.227
0.040	0.286	0.276	0.398
0.001	0.997	0.001	0.001
0.094	0.658	0.001	0.247
0.001	0.997	0.001	0.001
0.844	0.001	0.001	0.154
0.001	0.001	0.997	0.001
0.225	0.394	0.380	0.001
>BBSWGSCWSV	3-BBSWGSCWSV	5.174918	-2805.132652	0	T:11194.0(39.61%),B:21135.7(17.97%),P:1e-1218	Tpos:102.2,Tstd:55.5,Bpos:100.0,Bstd:88.1,StrandBias:0.0,Multiplicity:1.56
0.130	0.336	0.296	0.238
0.169	0.289	0.321	0.221
0.050	0.519	0.399	0.032
0.526	0.018	0.042	0.414
0.079	0.124	0.680	0.117
0.045	0.437	0.407	0.111
0.118	0.817	0.028	0.037
0.359	0.088	0.061	0.492
0.054	0.406	0.515	0.025
0.330	0.318	0.218	0.133
>CCAGSCTGGG	4-CCAGSCTGGG	5.519676	-2613.053638	0	T:11058.0(39.13%),B:21448.2(18.23%),P:1e-1134	Tpos:101.0,Tstd:56.2,Bpos:100.1,Bstd:88.8,StrandBias:-0.0,Multiplicity:1.14
0.215	0.734	0.050	0.001
0.381	0.543	0.001	0.075
0.641	0.001	0.159	0.199
0.053	0.055	0.784	0.108
0.052	0.479	0.432	0.038
0.141	0.817	0.004	0.038
0.248	0.027	0.001	0.724
0.040	0.013	0.788	0.159
0.060	0.001	0.667	0.272
0.186	0.135	0.529	0.150
>SAGASAGAGA	5-SAGASAGAGA	4.869711	-2345.683952	0	T:20504.0(72.56%),B:59307.4(50.41%),P:1e-1018	Tpos:98.0,Tstd:55.8,Bpos:99.6,Bstd:96.6,StrandBias:-0.3,Multiplicity:1.61
0.163	0.437	0.380	0.020
0.862	0.001	0.007	0.130
0.148	0.193	0.624	0.035
0.697	0.001	0.222	0.080
0.234	0.314	0.451	0.001
0.633	0.048	0.122	0.197
0.160	0.214	0.625	0.001
0.631	0.040	0.135	0.194
0.292	0.110	0.597	0.001
0.589	0.034	0.214	0.163
>CCTGTAATCC	6-CCTGTAATCC	8.972372	-1949.646467	0	T:1461.0(5.17%),B:157.2(0.13%),P:1e-846	Tpos:110.7,Tstd:59.1,Bpos:99.0,Bstd:70.4,StrandBias:0.5,Multiplicity:1.02
0.001	0.997	0.001	0.001
0.001	0.997	0.001	0.001
0.001	0.001	0.001	0.997
0.001	0.001	0.997	0.001
0.001	0.001	0.001	0.997
0.997	0.001	0.001	0.001
0.888	0.001	0.110	0.001
0.001	0.001	0.001	0.997
0.001	0.928	0.001	0.070
0.001	0.997	0.001	0.001
>VCAGCWGCTG	7-VCAGCWGCTG	4.945670	-1911.777544	0	T:12902.0(45.66%),B:31030.9(26.38%),P:1e-830	Tpos:96.9,Tstd:56.7,Bpos:100.8,Bstd:89.7,StrandBias:0.0,Multiplicity:1.22
0.234	0.282	0.324	0.161
0.211	0.561	0.174	0.054
0.562	0.008	0.079	0.351
0.001	0.235	0.691	0.073
0.088	0.674	0.135	0.103
0.497	0.021	0.001	0.480
0.002	0.260	0.630	0.108
0.061	0.794	0.144	0.001
0.402	0.009	0.008	0.581
0.027	0.166	0.683	0.124
>YTTTCAGRMA	8-YTTTCAGRMA	5.518468	-1910.486804	0	T:15553.0(55.04%),B:41035.6(34.88%),P:1e-829	Tpos:98.0,Tstd:56.2,Bpos:99.5,Bstd:85.5,StrandBias:0.0,Multiplicity:1.22
0.080	0.361	0.054	0.505
0.001	0.007	0.001	0.991
0.001	0.295	0.023	0.681
0.293	0.173	0.087	0.447
0.235	0.587	0.177	0.001
0.992	0.001	0.001	0.006
0.026	0.001	0.917	0.056
0.339	0.097	0.390	0.174
0.338	0.344	0.155	0.164
0.543	0.258	0.005	0.194
>GGAGKTSGAG	9-GGAGKTSGAG	8.151008	-1602.184560	0	T:2497.0(8.84%),B:1846.5(1.57%),P:1e-695	Tpos:109.0,Tstd:55.4,Bpos:102.9,Bstd:91.5,StrandBias:0.1,Multiplicity:1.07
0.034	0.050	0.833	0.083
0.068	0.068	0.837	0.027
0.879	0.025	0.071	0.025
0.062	0.062	0.785	0.091
0.083	0.185	0.342	0.391
0.132	0.262	0.082	0.524
0.067	0.420	0.408	0.105
0.175	0.222	0.563	0.040
0.862	0.031	0.088	0.019
0.037	0.030	0.908	0.025
>AAAAAAAAAA	10-AAAAAAAAAA	13.721518	-1443.846264	0	T:1816.0(6.43%),B:954.0(0.81%),P:1e-627	Tpos:111.2,Tstd:54.1,Bpos:99.3,Bstd:105.3,StrandBias:-1.4,Multiplicity:1.04
0.940	0.058	0.001	0.001
0.997	0.001	0.001	0.001
0.997	0.001	0.001	0.001
0.997	0.001	0.001	0.001
0.997	0.001	0.001	0.001
0.997	0.001	0.001	0.001
0.997	0.001	0.001	0.001
0.997	0.001	0.001	0.001
0.997	0.001	0.001	0.001
0.946	0.001	0.052	0.001
>TTTWAAAAWD	11-TTTWAAAAWD	6.636059	-1360.992822	0	T:7201.0(25.48%),B:14663.8(12.46%),P:1e-591	Tpos:106.7,Tstd:54.7,Bpos:100.6,Bstd:80.5,StrandBias:-0.0,Multiplicity:1.21
0.059	0.096	0.001	0.844
0.001	0.169	0.001	0.829
0.054	0.018	0.001	0.927
0.272	0.163	0.169	0.396
0.653	0.104	0.096	0.147
0.902	0.023	0.074	0.001
0.962	0.001	0.036	0.001
0.714	0.017	0.151	0.118
0.419	0.076	0.234	0.271
0.332	0.114	0.257	0.296
>AAAWAWAWAT	12-AAAWAWAWAT	7.324440	-1323.671299	0	T:7305.0(25.85%),B:15165.8(12.89%),P:1e-574	Tpos:114.0,Tstd:54.1,Bpos:100.8,Bstd:79.0,StrandBias:-0.3,Multiplicity:1.19
0.912	0.025	0.030	0.033
0.550	0.175	0.011	0.264
0.900	0.002	0.073	0.025
0.319	0.233	0.008	0.441
0.807	0.001	0.174	0.018
0.427	0.174	0.008	0.391
0.877	0.001	0.053	0.069
0.375	0.207	0.005	0.413
0.648	0.021	0.102	0.229
0.280	0.054	0.005	0.661
>ACTTTGGGAG	13-ACTTTGGGAG	10.840170	-1173.667467	0	T:856.0(3.03%),B:75.6(0.06%),P:1e-509	Tpos:105.9,Tstd:54.8,Bpos:95.6,Bstd:85.2,StrandBias:1.4,Multiplicity:1.00
0.997	0.001	0.001	0.001
0.001	0.997	0.001	0.001
0.001	0.001	0.001	0.997
0.001	0.001	0.001	0.997
0.001	0.001	0.001	0.997
0.001	0.001	0.997	0.001
0.001	0.001	0.997	0.001
0.001	0.001	0.997	0.001
0.997	0.001	0.001	0.001
0.050	0.001	0.948	0.001
>CAAGCGATTC	14-CAAGCGATTC	9.186485	-1140.950710	0	T:1101.0(3.90%),B:317.2(0.27%),P:1e-495	Tpos:111.8,Tstd:53.5,Bpos:106.0,Bstd:86.6,StrandBias:0.3,Multiplicity:1.01
0.001	0.997	0.001	0.001
0.990	0.008	0.001	0.001
0.997	0.001	0.001	0.001
0.001	0.001	0.997	0.001
0.022	0.695	0.001	0.282
0.265	0.018	0.711	0.006
0.997	0.001	0.001	0.001
0.001	0.001	0.001	0.997
0.001	0.052	0.001	0.946
0.001	0.997	0.001	0.001
>GGCGTGGTGG	15-GGCGTGGTGG	12.108956	-1088.408756	0	T:898.0(3.18%),B:152.0(0.13%),P:1e-472	Tpos:113.5,Tstd:56.3,Bpos:113.1,Bstd:91.2,StrandBias:-0.0,Multiplicity:1.01
0.003	0.001	0.995	0.001
0.001	0.001	0.997	0.001
0.007	0.711	0.017	0.265
0.288	0.022	0.689	0.001
0.001	0.026	0.001	0.972
0.001	0.001	0.997	0.001
0.001	0.001	0.997	0.001
0.001	0.001	0.001	0.997
0.001	0.001	0.997	0.001
0.003	0.001	0.995	0.001
>BWGTGACTCA	16-BWGTGACTCA	7.904716	-1085.694562	0	T:2737.0(9.69%),B:3352.8(2.85%),P:1e-471	Tpos:80.9,Tstd:57.8,Bpos:102.7,Bstd:87.2,StrandBias:0.1,Multiplicity:1.03
0.167	0.240	0.266	0.327
0.420	0.001	0.213	0.366
0.240	0.303	0.456	0.001
0.001	0.001	0.001	0.997
0.001	0.001	0.997	0.001
0.748	0.001	0.250	0.001
0.001	0.861	0.137	0.001
0.112	0.001	0.001	0.886
0.001	0.997	0.001	0.001
0.997	0.001	0.001	0.001
>CTCTACTAAA	17-CTCTACTAAA	11.756460	-1070.400620	0	T:852.0(3.02%),B:122.1(0.10%),P:1e-464	Tpos:116.8,Tstd:54.8,Bpos:95.0,Bstd:81.8,StrandBias:0.4,Multiplicity:1.00
0.001	0.997	0.001	0.001
0.001	0.001	0.001	0.997
0.001	0.997	0.001	0.001
0.001	0.001	0.001	0.997
0.997	0.001	0.001	0.001
0.001	0.997	0.001	0.001
0.125	0.001	0.001	0.873
0.997	0.001	0.001	0.001
0.997	0.001	0.001	0.001
0.997	0.001	0.001	0.001
>GTTGCAGTGA	18-GTTGCAGTGA	8.293924	-1050.874544	0	T:1255.0(4.44%),B:593.0(0.50%),P:1e-456	Tpos:112.6,Tstd:54.1,Bpos:4.0,Bstd:0.0,StrandBias:-0.9,Multiplicity:1.00
0.048	0.102	0.837	0.013
0.001	0.012	0.012	0.975
0.001	0.001	0.001	0.997
0.001	0.006	0.987	0.006
0.001	0.997	0.001	0.001
0.981	0.001	0.001	0.017
0.001	0.001	0.997	0.001
0.006	0.001	0.006	0.987
0.011	0.001	0.987	0.001
0.993	0.001	0.005	0.001
>AAAAATTAGC	19-AAAAATTAGC	10.296193	-1037.877709	0	T:789.0(2.79%),B:90.0(0.08%),P:1e-450	Tpos:115.4,Tstd:58.3,Bpos:92.8,Bstd:70.1,StrandBias:0.3,Multiplicity:1.01
0.700	0.100	0.100	0.100
0.700	0.100	0.100	0.100
0.700	0.100	0.100	0.100
0.700	0.100	0.100	0.100
0.700	0.100	0.100	0.100
0.100	0.100	0.100	0.700
0.100	0.100	0.100	0.700
0.700	0.100	0.100	0.100
0.100	0.100	0.700	0.100
0.100	0.700	0.100	0.100
>GGTGAAACCC	20-GGTGAAACCC	10.325849	-797.362404	0	T:724.0(2.56%),B:172.6(0.15%),P:1e-346	Tpos:113.2,Tstd:54.6,Bpos:97.1,Bstd:79.3,StrandBias:0.4,Multiplicity:1.00
0.059	0.001	0.939	0.001
0.001	0.001	0.997	0.001
0.057	0.001	0.001	0.941
0.001	0.001	0.997	0.001
0.997	0.001	0.001	0.001
0.997	0.001	0.001	0.001
0.997	0.001	0.001	0.001
0.001	0.963	0.001	0.035
0.001	0.997	0.001	0.001
0.001	0.958	0.001	0.040
>CAACATGGYG	21-CAACATGGYG	9.041568	-705.471632	0	T:883.0(3.12%),B:451.3(0.38%),P:1e-306	Tpos:102.8,Tstd:55.8,Bpos:87.9,Bstd:87.7,StrandBias:0.2,Multiplicity:1.00
0.057	0.828	0.070	0.045
0.861	0.078	0.043	0.018
0.899	0.010	0.057	0.034
0.100	0.704	0.168	0.028
0.874	0.041	0.060	0.025
0.027	0.053	0.016	0.904
0.080	0.001	0.876	0.043
0.037	0.008	0.939	0.016
0.098	0.345	0.106	0.451
0.220	0.028	0.667	0.085
>CACACACACA	22-CACACACACA	8.542965	-546.383172	0	T:1143.0(4.05%),B:1156.9(0.98%),P:1e-237	Tpos:111.9,Tstd:53.7,Bpos:97.6,Bstd:84.9,StrandBias:-0.1,Multiplicity:1.14
0.075	0.755	0.022	0.148
0.804	0.039	0.084	0.073
0.152	0.686	0.061	0.101
0.883	0.001	0.091	0.025
0.001	0.868	0.032	0.099
0.916	0.027	0.056	0.001
0.152	0.645	0.108	0.095
0.866	0.032	0.069	0.033
0.046	0.731	0.124	0.099
0.845	0.034	0.073	0.048
>GGGYGGATCA	23-GGGYGGATCA	12.961233	-434.457966	0	T:347.0(1.23%),B:50.6(0.04%),P:1e-188	Tpos:105.9,Tstd:53.0,Bpos:88.7,Bstd:93.9,StrandBias:1.0,Multiplicity:1.00
0.001	0.001	0.997	0.001
0.001	0.001	0.997	0.001
0.001	0.001	0.997	0.001
0.076	0.417	0.001	0.506
0.001	0.001	0.997	0.001
0.001	0.001	0.997	0.001
0.997	0.001	0.001	0.001
0.001	0.001	0.001	0.997
0.001	0.997	0.001	0.001
0.997	0.001	0.001	0.001
>GCGATCTCGG	24-GCGATCTCGG	9.084976	-404.982306	0	T:527.0(1.87%),B:287.8(0.24%),P:1e-175	Tpos:113.6,Tstd:53.2,Bpos:102.9,Bstd:78.5,StrandBias:1.2,Multiplicity:1.00
0.117	0.001	0.881	0.001
0.001	0.782	0.001	0.216
0.123	0.001	0.875	0.001
0.997	0.001	0.001	0.001
0.001	0.001	0.001	0.997
0.001	0.997	0.001	0.001
0.001	0.001	0.001	0.997
0.001	0.891	0.001	0.107
0.001	0.001	0.997	0.001
0.001	0.001	0.997	0.001
>AAACAAAACA	25-AAACAAAACA	10.296193	-189.047355	0	T:293.0(1.04%),B:209.9(0.18%),P:1e-82	Tpos:93.9,Tstd:54.2,Bpos:91.4,Bstd:80.7,StrandBias:-0.7,Multiplicity:1.42
0.700	0.100	0.100	0.100
0.700	0.100	0.100	0.100
0.700	0.100	0.100	0.100
0.100	0.700	0.100	0.100
0.700	0.100	0.100	0.100
0.700	0.100	0.100	0.100
0.700	0.100	0.100	0.100
0.700	0.100	0.100	0.100
0.100	0.700	0.100	0.100
0.700	0.100	0.100	0.100
