>CACWGCWA	1-CACWGCWA	5.930535	-2856.384835	0	T:14554.0(51.51%),B:32372.2(27.52%),P:1e-1240	Tpos:100.3,Tstd:56.3,Bpos:100.2,Bstd:90.4,StrandBias:-0.0,Multiplicity:1.60
0.001	0.997	0.001	0.001
0.464	0.270	0.001	0.264
0.001	0.997	0.001	0.001
0.453	0.001	0.001	0.545
0.001	0.001	0.997	0.001
0.001	0.997	0.001	0.001
0.369	0.162	0.001	0.468
0.506	0.300	0.193	0.001
>BCAGSCTS	2-BCAGSCTS	6.150107	-2815.022715	0	T:10571.0(37.41%),B:19143.2(16.27%),P:1e-1222	Tpos:103.5,Tstd:56.0,Bpos:99.7,Bstd:89.9,StrandBias:0.0,Multiplicity:1.53
0.017	0.398	0.300	0.285
0.001	0.724	0.274	0.001
0.742	0.001	0.001	0.256
0.001	0.001	0.997	0.001
0.001	0.523	0.475	0.001
0.001	0.988	0.010	0.001
0.086	0.091	0.001	0.822
0.074	0.453	0.394	0.079
>CHCWGDGM	3-CHCWGDGM	4.856502	-2493.447240	0	T:18243.0(64.56%),B:48601.5(41.31%),P:1e-1082	Tpos:97.8,Tstd:57.1,Bpos:101.3,Bstd:89.1,StrandBias:0.0,Multiplicity:1.22
0.001	0.896	0.102	0.001
0.406	0.278	0.001	0.316
0.015	0.983	0.001	0.001
0.486	0.001	0.001	0.512
0.053	0.001	0.945	0.001
0.271	0.001	0.395	0.333
0.001	0.326	0.625	0.048
0.382	0.375	0.070	0.173
>CCWGGRRK	4-CCWGGRRK	3.578623	-2396.783970	0	T:20774.0(73.52%),B:60247.9(51.21%),P:1e-1040	Tpos:98.3,Tstd:56.1,Bpos:100.0,Bstd:88.7,StrandBias:0.0,Multiplicity:1.96
0.001	0.852	0.001	0.146
0.001	0.997	0.001	0.001
0.447	0.001	0.001	0.551
0.001	0.001	0.997	0.001
0.174	0.001	0.750	0.075
0.433	0.001	0.565	0.001
0.491	0.001	0.507	0.001
0.001	0.186	0.405	0.407
>WGCWGCTG	5-WGCWGCTG	5.098384	-2214.375638	0	T:15725.0(55.65%),B:39971.2(33.98%),P:1e-961	Tpos:97.5,Tstd:56.7,Bpos:99.9,Bstd:90.6,StrandBias:0.0,Multiplicity:1.31
0.408	0.001	0.235	0.356
0.026	0.123	0.850	0.001
0.210	0.707	0.042	0.041
0.533	0.001	0.001	0.465
0.001	0.046	0.831	0.122
0.106	0.630	0.263	0.001
0.416	0.001	0.001	0.582
0.001	0.069	0.863	0.067
>TCTGGRAA	6-TCTGGRAA	5.760808	-1869.354366	0	T:14672.0(51.92%),B:37864.7(32.19%),P:1e-811	Tpos:99.7,Tstd:56.2,Bpos:100.3,Bstd:88.4,StrandBias:0.0,Multiplicity:1.29
0.058	0.353	0.038	0.551
0.001	0.615	0.001	0.383
0.268	0.001	0.001	0.730
0.026	0.001	0.770	0.203
0.293	0.001	0.538	0.168
0.559	0.001	0.439	0.001
0.591	0.126	0.282	0.001
0.997	0.001	0.001	0.001
>CTCTSTCT	7-CTCTSTCT	5.490442	-1734.552826	0	T:15321.0(54.22%),B:41198.6(35.02%),P:1e-753	Tpos:98.9,Tstd:55.9,Bpos:99.0,Bstd:94.2,StrandBias:0.2,Multiplicity:1.46
0.001	0.836	0.001	0.162
0.224	0.082	0.001	0.693
0.001	0.618	0.380	0.001
0.167	0.129	0.001	0.703
0.001	0.322	0.444	0.232
0.001	0.147	0.001	0.851
0.001	0.665	0.255	0.079
0.153	0.182	0.001	0.664
>TTTYATTT	8-TTTYATTT	5.898283	-1519.218570	0	T:14342.0(50.76%),B:38766.6(32.95%),P:1e-659	Tpos:101.6,Tstd:56.4,Bpos:100.1,Bstd:88.8,StrandBias:0.3,Multiplicity:1.61
0.133	0.057	0.006	0.804
0.019	0.067	0.060	0.854
0.039	0.050	0.166	0.745
0.069	0.450	0.141	0.340
0.502	0.135	0.124	0.239
0.022	0.060	0.090	0.828
0.030	0.032	0.026	0.912
0.028	0.043	0.022	0.907
>GTGGGAGG	9-GTGGGAGG	7.594681	-1150.294781	0	T:3686.0(13.04%),B:5464.3(4.64%),P:1e-499	Tpos:100.4,Tstd:57.1,Bpos:100.0,Bstd:92.2,StrandBias:0.2,Multiplicity:1.06
0.001	0.001	0.885	0.113
0.104	0.001	0.001	0.894
0.001	0.001	0.997	0.001
0.001	0.001	0.997	0.001
0.001	0.053	0.945	0.001
0.732	0.001	0.001	0.266
0.001	0.001	0.997	0.001
0.001	0.001	0.997	0.001
>CCTCCBCC	10-CCTCCBCC	6.398042	-998.504885	0	T:8797.0(31.13%),B:21938.1(18.65%),P:1e-433	Tpos:99.8,Tstd:56.9,Bpos:99.7,Bstd:94.0,StrandBias:0.2,Multiplicity:1.28
0.001	0.997	0.001	0.001
0.001	0.789	0.001	0.209
0.086	0.001	0.188	0.725
0.001	0.931	0.067	0.001
0.065	0.933	0.001	0.001
0.002	0.379	0.241	0.377
0.001	0.931	0.012	0.056
0.246	0.554	0.001	0.199
>CTTCCTGC	11-CTTCCTGC	4.900368	-986.978803	0	T:9947.0(35.20%),B:26072.6(22.16%),P:1e-428	Tpos:97.0,Tstd:56.8,Bpos:99.5,Bstd:92.3,StrandBias:0.1,Multiplicity:1.16
0.001	0.665	0.001	0.333
0.001	0.001	0.001	0.997
0.001	0.001	0.001	0.997
0.001	0.576	0.178	0.245
0.001	0.997	0.001	0.001
0.210	0.001	0.001	0.788
0.001	0.001	0.975	0.023
0.001	0.595	0.001	0.403
>GTGGCTCA	12-GTGGCTCA	8.866560	-952.835194	0	T:1594.0(5.64%),B:1268.9(1.08%),P:1e-413	Tpos:97.0,Tstd:57.5,Bpos:101.2,Bstd:89.0,StrandBias:0.7,Multiplicity:1.02
0.001	0.001	0.997	0.001
0.001	0.001	0.001	0.997
0.001	0.001	0.997	0.001
0.122	0.001	0.876	0.001
0.095	0.903	0.001	0.001
0.001	0.001	0.001	0.997
0.001	0.997	0.001	0.001
0.997	0.001	0.001	0.001
>AAATGYTT	13-AAATGYTT	5.900218	-922.718960	0	T:10073.0(35.65%),B:26993.9(22.95%),P:1e-400	Tpos:100.9,Tstd:57.0,Bpos:99.7,Bstd:82.8,StrandBias:-0.0,Multiplicity:1.18
0.979	0.001	0.019	0.001
0.917	0.028	0.054	0.001
0.703	0.103	0.193	0.001
0.060	0.001	0.057	0.882
0.227	0.001	0.720	0.052
0.155	0.435	0.062	0.349
0.188	0.200	0.157	0.455
0.034	0.121	0.263	0.582
>CATGGTGG	14-CATGGTGG	3.421396	-907.573875	0	T:5817.0(20.59%),B:12609.2(10.72%),P:1e-394	Tpos:103.7,Tstd:56.3,Bpos:99.6,Bstd:86.5,StrandBias:-0.0,Multiplicity:1.12
0.001	0.997	0.001	0.001
0.984	0.014	0.001	0.001
0.180	0.001	0.001	0.818
0.001	0.335	0.663	0.001
0.017	0.393	0.560	0.030
0.001	0.001	0.001	0.997
0.001	0.001	0.997	0.001
0.001	0.001	0.997	0.001
>TCTCTGCT	15-TCTCTGCT	6.416329	-887.598100	0	T:4671.0(16.53%),B:9204.4(7.82%),P:1e-385	Tpos:106.4,Tstd:56.8,Bpos:101.3,Bstd:87.8,StrandBias:0.5,Multiplicity:1.07
0.022	0.070	0.097	0.811
0.070	0.853	0.001	0.076
0.128	0.185	0.070	0.617
0.001	0.620	0.001	0.378
0.134	0.077	0.218	0.571
0.147	0.163	0.562	0.128
0.008	0.623	0.134	0.235
0.023	0.128	0.091	0.758
>GGCCAGGC	16-GGCCAGGC	7.864440	-886.006918	0	T:2753.0(9.74%),B:3945.9(3.35%),P:1e-384	Tpos:106.4,Tstd:56.5,Bpos:99.0,Bstd:82.1,StrandBias:0.3,Multiplicity:1.05
0.140	0.001	0.786	0.073
0.001	0.001	0.997	0.001
0.001	0.997	0.001	0.001
0.001	0.997	0.001	0.001
0.554	0.001	0.320	0.125
0.001	0.001	0.997	0.001
0.001	0.001	0.997	0.001
0.001	0.997	0.001	0.001
>TTTTTAAA	17-TTTTTAAA	7.772932	-845.321540	0	T:4049.0(14.33%),B:7579.6(6.44%),P:1e-367	Tpos:107.6,Tstd:55.1,Bpos:100.0,Bstd:81.6,StrandBias:-0.0,Multiplicity:1.12
0.083	0.066	0.030	0.821
0.016	0.016	0.011	0.957
0.001	0.019	0.001	0.979
0.007	0.021	0.026	0.946
0.200	0.058	0.068	0.674
0.939	0.001	0.001	0.059
0.997	0.001	0.001	0.001
0.982	0.001	0.016	0.001
>AAAAAAAA	18-AAAAAAAA	8.236954	-830.409217	0	T:2963.0(10.49%),B:4659.0(3.96%),P:1e-360	Tpos:109.8,Tstd:54.6,Bpos:99.3,Bstd:99.9,StrandBias:-1.2,Multiplicity:1.10
0.700	0.100	0.100	0.100
0.700	0.100	0.100	0.100
0.700	0.100	0.100	0.100
0.700	0.100	0.100	0.100
0.700	0.100	0.100	0.100
0.700	0.100	0.100	0.100
0.700	0.100	0.100	0.100
0.700	0.100	0.100	0.100
>GGGAGGCC	19-GGGAGGCC	8.236954	-667.162938	0	T:1139.0(4.03%),B:922.8(0.78%),P:1e-289	Tpos:101.9,Tstd:56.8,Bpos:102.7,Bstd:79.0,StrandBias:0.8,Multiplicity:1.01
0.100	0.100	0.700	0.100
0.100	0.100	0.700	0.100
0.100	0.100	0.700	0.100
0.700	0.100	0.100	0.100
0.100	0.100	0.700	0.100
0.100	0.100	0.700	0.100
0.100	0.700	0.100	0.100
0.100	0.700	0.100	0.100
>GTGGTGGC	20-GTGGTGGC	10.080461	-453.611109	0	T:1196.0(4.23%),B:1487.8(1.26%),P:1e-196	Tpos:108.4,Tstd:57.1,Bpos:98.0,Bstd:87.6,StrandBias:0.1,Multiplicity:1.01
0.001	0.001	0.997	0.001
0.001	0.001	0.001	0.997
0.001	0.001	0.997	0.001
0.001	0.001	0.997	0.001
0.001	0.001	0.001	0.997
0.001	0.001	0.997	0.001
0.001	0.001	0.997	0.001
0.001	0.626	0.001	0.372
>TGTGTGTG	21-TGTGTGTG	8.236954	-452.718192	0	T:900.0(3.19%),B:862.5(0.73%),P:1e-196	Tpos:115.3,Tstd:54.0,Bpos:97.0,Bstd:85.1,StrandBias:0.1,Multiplicity:1.16
0.100	0.100	0.100	0.700
0.100	0.100	0.700	0.100
0.100	0.100	0.100	0.700
0.100	0.100	0.700	0.100
0.100	0.100	0.100	0.700
0.100	0.100	0.700	0.100
0.100	0.100	0.100	0.700
0.100	0.100	0.700	0.100
>TCAAGTGA	22-TCAAGTGA	7.426507	-423.674018	0	T:1314.0(4.65%),B:1847.4(1.57%),P:1e-183	Tpos:108.3,Tstd:54.4,Bpos:97.7,Bstd:82.9,StrandBias:-0.0,Multiplicity:1.04
0.001	0.001	0.001	0.997
0.001	0.997	0.001	0.001
0.962	0.036	0.001	0.001
0.997	0.001	0.001	0.001
0.001	0.001	0.997	0.001
0.001	0.273	0.001	0.725
0.001	0.001	0.997	0.001
0.997	0.001	0.001	0.001
>GAAACCCC	23-GAAACCCC	8.236954	-386.823184	0	T:734.0(2.60%),B:668.1(0.57%),P:1e-167	Tpos:108.6,Tstd:56.1,Bpos:103.0,Bstd:84.7,StrandBias:0.3,Multiplicity:1.00
0.100	0.100	0.700	0.100
0.700	0.100	0.100	0.100
0.700	0.100	0.100	0.100
0.700	0.100	0.100	0.100
0.100	0.700	0.100	0.100
0.100	0.700	0.100	0.100
0.100	0.700	0.100	0.100
0.100	0.700	0.100	0.100
>AATTAGCC	24-AATTAGCC	8.236954	-370.114102	0	T:741.0(2.62%),B:714.9(0.61%),P:1e-160	Tpos:112.5,Tstd:58.5,Bpos:99.3,Bstd:84.5,StrandBias:0.3,Multiplicity:1.00
0.700	0.100	0.100	0.100
0.700	0.100	0.100	0.100
0.100	0.100	0.100	0.700
0.100	0.100	0.100	0.700
0.700	0.100	0.100	0.100
0.100	0.100	0.700	0.100
0.100	0.700	0.100	0.100
0.100	0.700	0.100	0.100
>GCTCTGTC	25-GCTCTGTC	9.666899	-305.847691	0	T:1008.0(3.57%),B:1473.6(1.25%),P:1e-132	Tpos:104.8,Tstd:57.4,Bpos:101.1,Bstd:85.8,StrandBias:1.0,Multiplicity:1.00
0.001	0.001	0.997	0.001
0.001	0.997	0.001	0.001
0.001	0.001	0.001	0.997
0.001	0.997	0.001	0.001
0.001	0.001	0.001	0.997
0.001	0.001	0.997	0.001
0.001	0.001	0.001	0.997
0.001	0.752	0.001	0.246
