>NTCHCWGVAG	1-NTCHCWGVAG	5.202374	-3575.921106	0	T:17477.0(61.85%),B:40227.1(34.19%),P:1e-1552	Tpos:98.2,Tstd:55.9,Bpos:100.5,Bstd:89.3,StrandBias:-0.0,Multiplicity:1.41
0.251	0.327	0.240	0.182
0.209	0.293	0.032	0.465
0.001	0.616	0.085	0.298
0.358	0.317	0.011	0.314
0.001	0.923	0.006	0.070
0.457	0.001	0.001	0.541
0.001	0.001	0.837	0.161
0.219	0.352	0.356	0.073
0.588	0.099	0.106	0.207
0.248	0.231	0.520	0.001
>NVNBCCCAGS	2-NVNBCCCAGS	5.811717	-3143.803588	0	T:14754.0(52.21%),B:31837.3(27.06%),P:1e-1365	Tpos:100.1,Tstd:55.4,Bpos:99.8,Bstd:88.8,StrandBias:-0.0,Multiplicity:1.54
0.179	0.267	0.244	0.309
0.340	0.246	0.263	0.151
0.287	0.177	0.308	0.227
0.040	0.286	0.276	0.398
0.001	0.997	0.001	0.001
0.094	0.658	0.001	0.247
0.001	0.997	0.001	0.001
0.844	0.001	0.001	0.154
0.001	0.001	0.997	0.001
0.225	0.394	0.380	0.001
>BBSWGSCWSV	3-BBSWGSCWSV	5.174918	-2805.132652	0	T:11194.0(39.61%),B:21135.7(17.97%),P:1e-1218	Tpos:102.2,Tstd:55.5,Bpos:100.0,Bstd:88.1,StrandBias:0.0,Multiplicity:1.56
0.130	0.336	0.296	0.238
0.169	0.289	0.321	0.221
0.050	0.519	0.399	0.032
0.526	0.018	0.042	0.414
0.079	0.124	0.680	0.117
0.045	0.437	0.407	0.111
0.118	0.817	0.028	0.037
0.359	0.088	0.061	0.492
0.054	0.406	0.515	0.025
0.330	0.318	0.218	0.133
>CCAGSCTGGG	4-CCAGSCTGGG	5.519676	-2613.053638	0	T:11058.0(39.13%),B:21448.2(18.23%),P:1e-1134	Tpos:101.0,Tstd:56.2,Bpos:100.1,Bstd:88.8,StrandBias:-0.0,Multiplicity:1.14
0.215	0.734	0.050	0.001
0.381	0.543	0.001	0.075
0.641	0.001	0.159	0.199
0.053	0.055	0.784	0.108
0.052	0.479	0.432	0.038
0.141	0.817	0.004	0.038
0.248	0.027	0.001	0.724
0.040	0.013	0.788	0.159
0.060	0.001	0.667	0.272
0.186	0.135	0.529	0.150
>SAGASAGAGA	5-SAGASAGAGA	4.869711	-2345.683952	0	T:20504.0(72.56%),B:59307.4(50.41%),P:1e-1018	Tpos:98.0,Tstd:55.8,Bpos:99.6,Bstd:96.6,StrandBias:-0.3,Multiplicity:1.61
0.163	0.437	0.380	0.020
0.862	0.001	0.007	0.130
0.148	0.193	0.624	0.035
0.697	0.001	0.222	0.080
0.234	0.314	0.451	0.001
0.633	0.048	0.122	0.197
0.160	0.214	0.625	0.001
0.631	0.040	0.135	0.194
0.292	0.110	0.597	0.001
0.589	0.034	0.214	0.163
>CCTGTAATCC	6-CCTGTAATCC	8.972372	-1949.646467	0	T:1461.0(5.17%),B:157.2(0.13%),P:1e-846	Tpos:110.7,Tstd:59.1,Bpos:99.0,Bstd:70.4,StrandBias:0.5,Multiplicity:1.02
0.001	0.997	0.001	0.001
0.001	0.997	0.001	0.001
0.001	0.001	0.001	0.997
0.001	0.001	0.997	0.001
0.001	0.001	0.001	0.997
0.997	0.001	0.001	0.001
0.888	0.001	0.110	0.001
0.001	0.001	0.001	0.997
0.001	0.928	0.001	0.070
0.001	0.997	0.001	0.001
>VCAGCWGCTG	7-VCAGCWGCTG	4.945670	-1911.777544	0	T:12902.0(45.66%),B:31030.9(26.38%),P:1e-830	Tpos:96.9,Tstd:56.7,Bpos:100.8,Bstd:89.7,StrandBias:0.0,Multiplicity:1.22
0.234	0.282	0.324	0.161
0.211	0.561	0.174	0.054
0.562	0.008	0.079	0.351
0.001	0.235	0.691	0.073
0.088	0.674	0.135	0.103
0.497	0.021	0.001	0.480
0.002	0.260	0.630	0.108
0.061	0.794	0.144	0.001
0.402	0.009	0.008	0.581
0.027	0.166	0.683	0.124
>YTTTCAGRMA	8-YTTTCAGRMA	5.518468	-1910.486804	0	T:15553.0(55.04%),B:41035.6(34.88%),P:1e-829	Tpos:98.0,Tstd:56.2,Bpos:99.5,Bstd:85.5,StrandBias:0.0,Multiplicity:1.22
0.080	0.361	0.054	0.505
0.001	0.007	0.001	0.991
0.001	0.295	0.023	0.681
0.293	0.173	0.087	0.447
0.235	0.587	0.177	0.001
0.992	0.001	0.001	0.006
0.026	0.001	0.917	0.056
0.339	0.097	0.390	0.174
0.338	0.344	0.155	0.164
0.543	0.258	0.005	0.194
>GGAGKTSGAG	9-GGAGKTSGAG	8.151008	-1602.184560	0	T:2497.0(8.84%),B:1846.5(1.57%),P:1e-695	Tpos:109.0,Tstd:55.4,Bpos:102.9,Bstd:91.5,StrandBias:0.1,Multiplicity:1.07
0.034	0.050	0.833	0.083
0.068	0.068	0.837	0.027
0.879	0.025	0.071	0.025
0.062	0.062	0.785	0.091
0.083	0.185	0.342	0.391
0.132	0.262	0.082	0.524
0.067	0.420	0.408	0.105
0.175	0.222	0.563	0.040
0.862	0.031	0.088	0.019
0.037	0.030	0.908	0.025
>AAAAAAAAAA	10-AAAAAAAAAA	13.721518	-1443.846264	0	T:1816.0(6.43%),B:954.0(0.81%),P:1e-627	Tpos:111.2,Tstd:54.1,Bpos:99.3,Bstd:105.3,StrandBias:-1.4,Multiplicity:1.04
0.940	0.058	0.001	0.001
0.997	0.001	0.001	0.001
0.997	0.001	0.001	0.001
0.997	0.001	0.001	0.001
0.997	0.001	0.001	0.001
0.997	0.001	0.001	0.001
0.997	0.001	0.001	0.001
0.997	0.001	0.001	0.001
0.997	0.001	0.001	0.001
0.946	0.001	0.052	0.001
>TTTWAAAAWD	11-TTTWAAAAWD	6.636059	-1360.992822	0	T:7201.0(25.48%),B:14663.8(12.46%),P:1e-591	Tpos:106.7,Tstd:54.7,Bpos:100.6,Bstd:80.5,StrandBias:-0.0,Multiplicity:1.21
0.059	0.096	0.001	0.844
0.001	0.169	0.001	0.829
0.054	0.018	0.001	0.927
0.272	0.163	0.169	0.396
0.653	0.104	0.096	0.147
0.902	0.023	0.074	0.001
0.962	0.001	0.036	0.001
0.714	0.017	0.151	0.118
0.419	0.076	0.234	0.271
0.332	0.114	0.257	0.296
>AAAWAWAWAT	12-AAAWAWAWAT	7.324440	-1323.671299	0	T:7305.0(25.85%),B:15165.8(12.89%),P:1e-574	Tpos:114.0,Tstd:54.1,Bpos:100.8,Bstd:79.0,StrandBias:-0.3,Multiplicity:1.19
0.912	0.025	0.030	0.033
0.550	0.175	0.011	0.264
0.900	0.002	0.073	0.025
0.319	0.233	0.008	0.441
0.807	0.001	0.174	0.018
0.427	0.174	0.008	0.391
0.877	0.001	0.053	0.069
0.375	0.207	0.005	0.413
0.648	0.021	0.102	0.229
0.280	0.054	0.005	0.661
>ACTTTGGGAG	13-ACTTTGGGAG	10.840170	-1173.667467	0	T:856.0(3.03%),B:75.6(0.06%),P:1e-509	Tpos:105.9,Tstd:54.8,Bpos:95.6,Bstd:85.2,StrandBias:1.4,Multiplicity:1.00
0.997	0.001	0.001	0.001
0.001	0.997	0.001	0.001
0.001	0.001	0.001	0.997
0.001	0.001	0.001	0.997
0.001	0.001	0.001	0.997
0.001	0.001	0.997	0.001
0.001	0.001	0.997	0.001
0.001	0.001	0.997	0.001
0.997	0.001	0.001	0.001
0.050	0.001	0.948	0.001
>CAAGCGATTC	14-CAAGCGATTC	9.186485	-1140.950710	0	T:1101.0(3.90%),B:317.2(0.27%),P:1e-495	Tpos:111.8,Tstd:53.5,Bpos:106.0,Bstd:86.6,StrandBias:0.3,Multiplicity:1.01
0.001	0.997	0.001	0.001
0.990	0.008	0.001	0.001
0.997	0.001	0.001	0.001
0.001	0.001	0.997	0.001
0.022	0.695	0.001	0.282
0.265	0.018	0.711	0.006
0.997	0.001	0.001	0.001
0.001	0.001	0.001	0.997
0.001	0.052	0.001	0.946
0.001	0.997	0.001	0.001
>GGCGTGGTGG	15-GGCGTGGTGG	12.108956	-1088.408756	0	T:898.0(3.18%),B:152.0(0.13%),P:1e-472	Tpos:113.5,Tstd:56.3,Bpos:113.1,Bstd:91.2,StrandBias:-0.0,Multiplicity:1.01
0.003	0.001	0.995	0.001
0.001	0.001	0.997	0.001
0.007	0.711	0.017	0.265
0.288	0.022	0.689	0.001
0.001	0.026	0.001	0.972
0.001	0.001	0.997	0.001
0.001	0.001	0.997	0.001
0.001	0.001	0.001	0.997
0.001	0.001	0.997	0.001
0.003	0.001	0.995	0.001
>BWGTGACTCA	16-BWGTGACTCA	7.904716	-1085.694562	0	T:2737.0(9.69%),B:3352.8(2.85%),P:1e-471	Tpos:80.9,Tstd:57.8,Bpos:102.7,Bstd:87.2,StrandBias:0.1,Multiplicity:1.03
0.167	0.240	0.266	0.327
0.420	0.001	0.213	0.366
0.240	0.303	0.456	0.001
0.001	0.001	0.001	0.997
0.001	0.001	0.997	0.001
0.748	0.001	0.250	0.001
0.001	0.861	0.137	0.001
0.112	0.001	0.001	0.886
0.001	0.997	0.001	0.001
0.997	0.001	0.001	0.001
>CTCTACTAAA	17-CTCTACTAAA	11.756460	-1070.400620	0	T:852.0(3.02%),B:122.1(0.10%),P:1e-464	Tpos:116.8,Tstd:54.8,Bpos:95.0,Bstd:81.8,StrandBias:0.4,Multiplicity:1.00
0.001	0.997	0.001	0.001
0.001	0.001	0.001	0.997
0.001	0.997	0.001	0.001
0.001	0.001	0.001	0.997
0.997	0.001	0.001	0.001
0.001	0.997	0.001	0.001
0.125	0.001	0.001	0.873
0.997	0.001	0.001	0.001
0.997	0.001	0.001	0.001
0.997	0.001	0.001	0.001
>GTTGCAGTGA	18-GTTGCAGTGA	8.293924	-1050.874544	0	T:1255.0(4.44%),B:593.0(0.50%),P:1e-456	Tpos:112.6,Tstd:54.1,Bpos:4.0,Bstd:0.0,StrandBias:-0.9,Multiplicity:1.00
0.048	0.102	0.837	0.013
0.001	0.012	0.012	0.975
0.001	0.001	0.001	0.997
0.001	0.006	0.987	0.006
0.001	0.997	0.001	0.001
0.981	0.001	0.001	0.017
0.001	0.001	0.997	0.001
0.006	0.001	0.006	0.987
0.011	0.001	0.987	0.001
0.993	0.001	0.005	0.001
>AAAAATTAGC	19-AAAAATTAGC	10.296193	-1037.877709	0	T:789.0(2.79%),B:90.0(0.08%),P:1e-450	Tpos:115.4,Tstd:58.3,Bpos:92.8,Bstd:70.1,StrandBias:0.3,Multiplicity:1.01
0.700	0.100	0.100	0.100
0.700	0.100	0.100	0.100
0.700	0.100	0.100	0.100
0.700	0.100	0.100	0.100
0.700	0.100	0.100	0.100
0.100	0.100	0.100	0.700
0.100	0.100	0.100	0.700
0.700	0.100	0.100	0.100
0.100	0.100	0.700	0.100
0.100	0.700	0.100	0.100
>GGTGAAACCC	20-GGTGAAACCC	10.325849	-797.362404	0	T:724.0(2.56%),B:172.6(0.15%),P:1e-346	Tpos:113.2,Tstd:54.6,Bpos:97.1,Bstd:79.3,StrandBias:0.4,Multiplicity:1.00
0.059	0.001	0.939	0.001
0.001	0.001	0.997	0.001
0.057	0.001	0.001	0.941
0.001	0.001	0.997	0.001
0.997	0.001	0.001	0.001
0.997	0.001	0.001	0.001
0.997	0.001	0.001	0.001
0.001	0.963	0.001	0.035
0.001	0.997	0.001	0.001
0.001	0.958	0.001	0.040
>CAACATGGYG	21-CAACATGGYG	9.041568	-705.471632	0	T:883.0(3.12%),B:451.3(0.38%),P:1e-306	Tpos:102.8,Tstd:55.8,Bpos:87.9,Bstd:87.7,StrandBias:0.2,Multiplicity:1.00
0.057	0.828	0.070	0.045
0.861	0.078	0.043	0.018
0.899	0.010	0.057	0.034
0.100	0.704	0.168	0.028
0.874	0.041	0.060	0.025
0.027	0.053	0.016	0.904
0.080	0.001	0.876	0.043
0.037	0.008	0.939	0.016
0.098	0.345	0.106	0.451
0.220	0.028	0.667	0.085
>CACACACACA	22-CACACACACA	8.542965	-546.383172	0	T:1143.0(4.05%),B:1156.9(0.98%),P:1e-237	Tpos:111.9,Tstd:53.7,Bpos:97.6,Bstd:84.9,StrandBias:-0.1,Multiplicity:1.14
0.075	0.755	0.022	0.148
0.804	0.039	0.084	0.073
0.152	0.686	0.061	0.101
0.883	0.001	0.091	0.025
0.001	0.868	0.032	0.099
0.916	0.027	0.056	0.001
0.152	0.645	0.108	0.095
0.866	0.032	0.069	0.033
0.046	0.731	0.124	0.099
0.845	0.034	0.073	0.048
>GGGYGGATCA	23-GGGYGGATCA	12.961233	-434.457966	0	T:347.0(1.23%),B:50.6(0.04%),P:1e-188	Tpos:105.9,Tstd:53.0,Bpos:88.7,Bstd:93.9,StrandBias:1.0,Multiplicity:1.00
0.001	0.001	0.997	0.001
0.001	0.001	0.997	0.001
0.001	0.001	0.997	0.001
0.076	0.417	0.001	0.506
0.001	0.001	0.997	0.001
0.001	0.001	0.997	0.001
0.997	0.001	0.001	0.001
0.001	0.001	0.001	0.997
0.001	0.997	0.001	0.001
0.997	0.001	0.001	0.001
>GCGATCTCGG	24-GCGATCTCGG	9.084976	-404.982306	0	T:527.0(1.87%),B:287.8(0.24%),P:1e-175	Tpos:113.6,Tstd:53.2,Bpos:102.9,Bstd:78.5,StrandBias:1.2,Multiplicity:1.00
0.117	0.001	0.881	0.001
0.001	0.782	0.001	0.216
0.123	0.001	0.875	0.001
0.997	0.001	0.001	0.001
0.001	0.001	0.001	0.997
0.001	0.997	0.001	0.001
0.001	0.001	0.001	0.997
0.001	0.891	0.001	0.107
0.001	0.001	0.997	0.001
0.001	0.001	0.997	0.001
>AAACAAAACA	25-AAACAAAACA	10.296193	-189.047355	0	T:293.0(1.04%),B:209.9(0.18%),P:1e-82	Tpos:93.9,Tstd:54.2,Bpos:91.4,Bstd:80.7,StrandBias:-0.7,Multiplicity:1.42
0.700	0.100	0.100	0.100
0.700	0.100	0.100	0.100
0.700	0.100	0.100	0.100
0.100	0.700	0.100	0.100
0.700	0.100	0.100	0.100
0.700	0.100	0.100	0.100
0.700	0.100	0.100	0.100
0.700	0.100	0.100	0.100
0.100	0.700	0.100	0.100
0.700	0.100	0.100	0.100
>SGGAGGCWGRGG	1-SGGAGGCWGRGG	5.734583	-3103.182538	0	T:13318.0(47.13%),B:26969.9(22.93%),P:1e-1347	Tpos:102.6,Tstd:55.0,Bpos:99.9,Bstd:92.1,StrandBias:-0.1,Multiplicity:1.79
0.165	0.368	0.284	0.183
0.172	0.152	0.471	0.206
0.047	0.220	0.730	0.003
0.781	0.004	0.112	0.103
0.089	0.001	0.902	0.008
0.205	0.063	0.710	0.022
0.059	0.773	0.086	0.082
0.361	0.061	0.077	0.501
0.043	0.059	0.897	0.001
0.432	0.075	0.451	0.043
0.363	0.009	0.618	0.010
0.195	0.106	0.569	0.130
>CCTGTAATCCCA	2-CCTGTAATCCCA	9.923696	-2907.393695	0	T:1940.0(6.87%),B:86.0(0.07%),P:1e-1262	Tpos:109.7,Tstd:54.3,Bpos:91.5,Bstd:84.2,StrandBias:0.5,Multiplicity:1.12
0.006	0.963	0.005	0.026
0.003	0.972	0.002	0.023
0.001	0.002	0.002	0.995
0.041	0.004	0.954	0.001
0.001	0.014	0.003	0.982
0.979	0.006	0.014	0.001
0.837	0.007	0.150	0.006
0.005	0.009	0.002	0.984
0.006	0.957	0.010	0.027
0.007	0.945	0.004	0.044
0.001	0.970	0.001	0.028
0.985	0.001	0.007	0.007
>NCCCAGCTSCTB	3-NCCCAGCTSCTB	6.059175	-2839.005076	0	T:11253.0(39.82%),B:21194.8(18.02%),P:1e-1232	Tpos:96.9,Tstd:55.7,Bpos:99.4,Bstd:90.4,StrandBias:-0.0,Multiplicity:1.16
0.243	0.295	0.170	0.292
0.150	0.549	0.154	0.147
0.264	0.485	0.015	0.236
0.018	0.980	0.001	0.001
0.727	0.001	0.001	0.271
0.002	0.325	0.641	0.032
0.047	0.726	0.070	0.157
0.380	0.020	0.002	0.598
0.105	0.333	0.424	0.138
0.051	0.774	0.030	0.145
0.269	0.169	0.001	0.561
0.050	0.343	0.346	0.261
>VCWGSCWGBTYY	4-VCWGSCWGBTYY	5.211570	-2694.634337	0	T:16079.0(56.90%),B:38847.0(33.02%),P:1e-1170	Tpos:98.2,Tstd:54.8,Bpos:100.1,Bstd:88.4,StrandBias:0.1,Multiplicity:1.40
0.266	0.317	0.255	0.162
0.288	0.679	0.032	0.001
0.522	0.001	0.001	0.476
0.055	0.001	0.714	0.230
0.092	0.334	0.444	0.130
0.187	0.657	0.132	0.024
0.447	0.001	0.001	0.551
0.001	0.001	0.607	0.391
0.040	0.312	0.325	0.324
0.092	0.265	0.209	0.434
0.004	0.415	0.258	0.323
0.219	0.304	0.082	0.395
>NDGGRARGAGRN	5-NDGGRARGAGRN	6.240173	-2445.467395	0	T:16743.0(59.25%),B:42731.3(36.32%),P:1e-1062	Tpos:98.5,Tstd:56.4,Bpos:99.5,Bstd:95.6,StrandBias:-0.2,Multiplicity:1.23
0.271	0.207	0.277	0.245
0.333	0.001	0.343	0.323
0.086	0.001	0.912	0.001
0.395	0.001	0.603	0.001
0.402	0.176	0.421	0.001
0.997	0.001	0.001	0.001
0.474	0.001	0.496	0.029
0.277	0.274	0.448	0.001
0.463	0.001	0.292	0.244
0.391	0.001	0.607	0.001
0.430	0.239	0.330	0.001
0.278	0.243	0.259	0.221
>GGGCRYRGTGGC	6-GGGCRYRGTGGC	9.299047	-2442.536977	0	T:2108.0(7.46%),B:442.9(0.38%),P:1e-1060	Tpos:108.9,Tstd:55.7,Bpos:98.3,Bstd:76.2,StrandBias:0.6,Multiplicity:1.10
0.326	0.009	0.616	0.049
0.100	0.001	0.898	0.001
0.035	0.001	0.963	0.001
0.019	0.798	0.012	0.171
0.439	0.014	0.528	0.019
0.001	0.424	0.001	0.574
0.433	0.001	0.565	0.001
0.110	0.001	0.882	0.007
0.001	0.001	0.001	0.997
0.001	0.001	0.997	0.001
0.080	0.001	0.918	0.001
0.001	0.883	0.012	0.104
>NNCCCWGGVCWN	7-NNCCCWGGVCWN	5.421760	-2431.480043	0	T:15756.0(55.76%),B:38932.4(33.09%),P:1e-1055	Tpos:98.6,Tstd:55.4,Bpos:100.1,Bstd:87.6,StrandBias:0.0,Multiplicity:1.40
0.263	0.170	0.301	0.266
0.164	0.279	0.270	0.288
0.012	0.567	0.092	0.329
0.002	0.587	0.001	0.410
0.001	0.997	0.001	0.001
0.483	0.001	0.001	0.515
0.001	0.001	0.997	0.001
0.355	0.070	0.574	0.001
0.290	0.311	0.398	0.001
0.335	0.663	0.001	0.001
0.410	0.250	0.001	0.339
0.181	0.293	0.277	0.249
>WDCTCWCTGCAG	8-WDCTCWCTGCAG	5.655973	-2378.465910	0	T:14025.0(49.63%),B:32699.4(27.80%),P:1e-1032	Tpos:97.9,Tstd:55.9,Bpos:100.2,Bstd:87.4,StrandBias:0.1,Multiplicity:1.17
0.310	0.125	0.176	0.388
0.218	0.108	0.312	0.362
0.028	0.448	0.259	0.265
0.243	0.238	0.001	0.518
0.020	0.593	0.081	0.306
0.424	0.125	0.001	0.450
0.001	0.731	0.134	0.134
0.422	0.001	0.001	0.576
0.001	0.001	0.997	0.001
0.348	0.598	0.053	0.001
0.685	0.001	0.001	0.313
0.275	0.060	0.511	0.154
>AAAAAAAAAAAA	9-AAAAAAAAAAAA	10.286550	-2071.366669	0	T:3341.0(11.82%),B:2628.6(2.23%),P:1e-899	Tpos:110.7,Tstd:53.7,Bpos:102.1,Bstd:108.0,StrandBias:-1.2,Multiplicity:1.13
0.819	0.048	0.006	0.127
0.819	0.120	0.005	0.056
0.878	0.068	0.023	0.031
0.851	0.073	0.028	0.048
0.783	0.076	0.023	0.118
0.796	0.068	0.023	0.113
0.838	0.128	0.020	0.014
0.795	0.161	0.025	0.019
0.876	0.070	0.026	0.028
0.871	0.053	0.037	0.039
0.826	0.049	0.065	0.060
0.850	0.060	0.039	0.051
>TAGAGATGGGGT	10-TAGAGATGGGGT	9.845192	-1935.235783	0	T:1559.0(5.52%),B:243.5(0.21%),P:1e-840	Tpos:111.8,Tstd:54.8,Bpos:96.2,Bstd:64.6,StrandBias:-0.2,Multiplicity:1.02
0.046	0.167	0.051	0.736
0.787	0.009	0.071	0.133
0.086	0.109	0.804	0.001
0.966	0.001	0.032	0.001
0.077	0.023	0.891	0.009
0.754	0.186	0.023	0.037
0.053	0.355	0.027	0.565
0.255	0.027	0.700	0.018
0.203	0.001	0.749	0.047
0.210	0.014	0.744	0.032
0.155	0.041	0.741	0.063
0.028	0.147	0.062	0.763
>AGAVAGAGAGAG	11-AGAVAGAGAGAG	5.574555	-1893.036093	0	T:14686.0(51.97%),B:37779.1(32.11%),P:1e-822	Tpos:97.0,Tstd:55.1,Bpos:99.9,Bstd:95.8,StrandBias:-0.4,Multiplicity:1.35
0.612	0.001	0.073	0.314
0.103	0.259	0.634	0.004
0.842	0.001	0.102	0.055
0.313	0.272	0.414	0.001
0.976	0.001	0.012	0.011
0.211	0.193	0.595	0.001
0.693	0.051	0.046	0.210
0.214	0.147	0.638	0.001
0.807	0.034	0.052	0.107
0.354	0.139	0.505	0.002
0.960	0.001	0.002	0.037
0.267	0.250	0.431	0.052
>CACTTTGGGAGG	12-CACTTTGGGAGG	9.550413	-1595.932411	0	T:1064.0(3.77%),B:42.1(0.04%),P:1e-693	Tpos:104.9,Tstd:57.4,Bpos:106.7,Bstd:89.7,StrandBias:1.4,Multiplicity:1.00
0.001	0.940	0.015	0.044
0.989	0.007	0.003	0.001
0.001	0.945	0.022	0.032
0.008	0.009	0.001	0.982
0.001	0.011	0.011	0.977
0.003	0.022	0.001	0.974
0.001	0.001	0.997	0.001
0.016	0.001	0.982	0.001
0.041	0.007	0.930	0.022
0.970	0.001	0.003	0.026
0.029	0.015	0.952	0.004
0.025	0.001	0.967	0.007
>AGGTCAGGAGTT	13-AGGTCAGGAGTT	9.391992	-1502.196301	0	T:1126.0(3.98%),B:119.0(0.10%),P:1e-652	Tpos:105.7,Tstd:53.8,Bpos:107.5,Bstd:72.5,StrandBias:0.8,Multiplicity:1.01
0.983	0.001	0.008	0.008
0.024	0.001	0.972	0.003
0.017	0.041	0.932	0.010
0.001	0.097	0.001	0.901
0.001	0.979	0.004	0.016
0.971	0.003	0.023	0.003
0.015	0.006	0.975	0.004
0.018	0.003	0.975	0.004
0.979	0.004	0.015	0.002
0.010	0.001	0.988	0.001
0.101	0.005	0.001	0.893
0.001	0.001	0.001	0.997
>CAACATRGTGAR	14-CAACATRGTGAR	7.236175	-1483.788562	0	T:1358.0(4.81%),B:337.3(0.29%),P:1e-644	Tpos:109.6,Tstd:54.8,Bpos:95.1,Bstd:88.1,StrandBias:0.0,Multiplicity:1.03
0.001	0.997	0.001	0.001
0.838	0.001	0.160	0.001
0.997	0.001	0.001	0.001
0.001	0.997	0.001	0.001
0.997	0.001	0.001	0.001
0.001	0.001	0.360	0.638
0.480	0.001	0.518	0.001
0.001	0.001	0.997	0.001
0.001	0.338	0.001	0.660
0.124	0.001	0.874	0.001
0.997	0.001	0.001	0.001
0.526	0.001	0.472	0.001
>GAGACCAGCCTG	15-GAGACCAGCCTG	10.175472	-1412.817377	0	T:1061.0(3.75%),B:113.7(0.10%),P:1e-613	Tpos:109.5,Tstd:54.2,Bpos:110.6,Bstd:81.0,StrandBias:0.7,Multiplicity:1.01
0.246	0.001	0.748	0.005
0.992	0.001	0.005	0.002
0.024	0.008	0.967	0.001
0.990	0.001	0.008	0.001
0.007	0.964	0.007	0.022
0.003	0.976	0.002	0.019
0.993	0.002	0.002	0.003
0.009	0.006	0.874	0.111
0.003	0.984	0.001	0.012
0.001	0.987	0.001	0.011
0.003	0.005	0.001	0.991
0.017	0.012	0.967	0.004
>GGTTCAAGCRAT	16-GGTTCAAGCRAT	9.718433	-1409.011914	0	T:1224.0(4.33%),B:254.3(0.22%),P:1e-611	Tpos:112.6,Tstd:52.6,Bpos:106.5,Bstd:88.1,StrandBias:0.5,Multiplicity:1.01
0.027	0.003	0.958	0.012
0.072	0.018	0.877	0.033
0.004	0.372	0.003	0.621
0.003	0.019	0.012	0.966
0.001	0.964	0.012	0.023
0.969	0.015	0.015	0.001
0.730	0.180	0.033	0.057
0.015	0.012	0.972	0.001
0.035	0.629	0.027	0.309
0.284	0.264	0.420	0.031
0.908	0.007	0.076	0.009
0.004	0.003	0.006	0.987
>GATCTYGGCTCA	17-GATCTYGGCTCA	10.951696	-1359.546187	0	T:1023.0(3.62%),B:110.1(0.09%),P:1e-590	Tpos:112.6,Tstd:52.7,Bpos:106.7,Bstd:69.7,StrandBias:1.2,Multiplicity:1.00
0.234	0.050	0.680	0.036
0.899	0.001	0.099	0.001
0.001	0.062	0.001	0.936
0.001	0.945	0.001	0.053
0.249	0.023	0.001	0.727
0.001	0.534	0.013	0.452
0.332	0.057	0.487	0.124
0.077	0.001	0.883	0.039
0.001	0.917	0.001	0.081
0.001	0.025	0.001	0.973
0.001	0.997	0.001	0.001
0.945	0.001	0.053	0.001
>CRYRCCACTGCA	18-CRYRCCACTGCA	9.508989	-1275.491148	0	T:1010.0(3.57%),B:142.3(0.12%),P:1e-553	Tpos:119.6,Tstd:57.5,Bpos:101.8,Bstd:56.1,StrandBias:-1.2,Multiplicity:1.01
0.068	0.475	0.164	0.293
0.336	0.095	0.417	0.153
0.101	0.492	0.039	0.369
0.375	0.039	0.462	0.124
0.036	0.751	0.151	0.062
0.046	0.831	0.009	0.114
0.728	0.082	0.115	0.075
0.023	0.746	0.047	0.184
0.114	0.054	0.030	0.802
0.086	0.044	0.850	0.020
0.058	0.731	0.058	0.153
0.787	0.053	0.052	0.108
>WWWWAAAAAAAW	19-WWWWAAAAAAAW	9.084518	-1166.821449	0	T:3950.0(13.98%),B:6090.3(5.18%),P:1e-506	Tpos:115.8,Tstd:52.6,Bpos:99.3,Bstd:71.2,StrandBias:-0.4,Multiplicity:1.12
0.535	0.001	0.001	0.463
0.509	0.001	0.001	0.489
0.543	0.001	0.001	0.455
0.533	0.001	0.001	0.465
0.664	0.001	0.001	0.334
0.764	0.001	0.001	0.234
0.795	0.001	0.001	0.203
0.760	0.001	0.001	0.238
0.739	0.001	0.001	0.259
0.647	0.001	0.001	0.351
0.594	0.001	0.001	0.404
0.492	0.001	0.001	0.506
>AAAAAATTAGCY	20-AAAAAATTAGCY	12.817909	-1121.122818	0	T:768.0(2.72%),B:40.5(0.03%),P:1e-486	Tpos:115.3,Tstd:64.7,Bpos:89.3,Bstd:88.7,StrandBias:-0.1,Multiplicity:1.00
0.702	0.188	0.108	0.002
0.685	0.236	0.001	0.078
0.935	0.058	0.006	0.001
0.945	0.001	0.053	0.001
0.711	0.163	0.002	0.124
0.815	0.001	0.108	0.076
0.001	0.001	0.053	0.945
0.001	0.034	0.001	0.964
0.997	0.001	0.001	0.001
0.001	0.001	0.997	0.001
0.001	0.997	0.001	0.001
0.001	0.567	0.001	0.431
>TYTBMARHTBYT	21-TYTBMARHTBYT	5.806179	-1011.815576	0	T:13778.0(48.76%),B:40264.0(34.23%),P:1e-439	Tpos:101.7,Tstd:55.3,Bpos:99.8,Bstd:84.3,StrandBias:0.0,Multiplicity:1.37
0.157	0.249	0.001	0.593
0.001	0.434	0.008	0.557
0.223	0.092	0.001	0.684
0.060	0.353	0.342	0.244
0.477	0.521	0.001	0.001
0.997	0.001	0.001	0.001
0.441	0.046	0.350	0.163
0.311	0.323	0.131	0.234
0.342	0.001	0.001	0.656
0.068	0.304	0.337	0.291
0.175	0.477	0.001	0.346
0.357	0.132	0.001	0.510
>CGGGCGGATCAC	22-CGGGCGGATCAC	9.862598	-974.766683	0	T:677.0(2.40%),B:40.5(0.03%),P:1e-423	Tpos:107.5,Tstd:54.4,Bpos:103.9,Bstd:63.0,StrandBias:1.1,Multiplicity:1.01
0.010	0.825	0.003	0.162
0.085	0.003	0.909	0.003
0.001	0.001	0.996	0.002
0.001	0.001	0.997	0.001
0.010	0.718	0.001	0.271
0.132	0.001	0.864	0.003
0.004	0.010	0.985	0.001
0.997	0.001	0.001	0.001
0.002	0.001	0.001	0.996
0.002	0.996	0.001	0.001
0.979	0.001	0.019	0.001
0.001	0.979	0.003	0.017
>CACACACACACA	23-CACACACACACA	11.734385	-564.510598	0	T:411.0(1.45%),B:36.0(0.03%),P:1e-245	Tpos:117.2,Tstd:51.4,Bpos:100.3,Bstd:45.0,StrandBias:-0.1,Multiplicity:1.15
0.094	0.770	0.053	0.083
0.777	0.064	0.090	0.069
0.077	0.791	0.055	0.077
0.858	0.023	0.084	0.035
0.001	0.863	0.040	0.096
0.941	0.001	0.057	0.001
0.004	0.855	0.028	0.113
0.938	0.005	0.056	0.001
0.031	0.848	0.045	0.076
0.851	0.035	0.093	0.021
0.092	0.749	0.089	0.070
0.756	0.099	0.052	0.093
>ATAHATAYATAT	24-ATAHATAYATAT	8.282365	-238.261738	0	T:1384.0(4.90%),B:2758.0(2.34%),P:1e-103	Tpos:118.3,Tstd:53.3,Bpos:99.6,Bstd:67.1,StrandBias:0.0,Multiplicity:1.12
0.533	0.024	0.163	0.280
0.280	0.175	0.044	0.501
0.726	0.009	0.131	0.134
0.313	0.342	0.006	0.339
0.997	0.001	0.001	0.001
0.001	0.345	0.001	0.653
0.726	0.001	0.170	0.103
0.019	0.447	0.001	0.533
0.841	0.001	0.081	0.077
0.001	0.311	0.001	0.687
0.505	0.001	0.226	0.268
0.001	0.254	0.001	0.744
>TTCATTCATTCA	25-TTCATTCATTCA	9.976585	-172.853484	0	T:372.0(1.32%),B:386.6(0.33%),P:1e-75	Tpos:101.5,Tstd:57.3,Bpos:99.1,Bstd:78.7,StrandBias:0.5,Multiplicity:1.04
0.014	0.168	0.149	0.669
0.080	0.173	0.086	0.661
0.064	0.698	0.058	0.180
0.997	0.001	0.001	0.001
0.001	0.177	0.226	0.596
0.001	0.325	0.008	0.666
0.060	0.822	0.001	0.117
0.991	0.001	0.007	0.001
0.004	0.211	0.031	0.754
0.001	0.174	0.042	0.783
0.024	0.735	0.050	0.191
0.837	0.037	0.001	0.125
>CACWGCWA	1-CACWGCWA	5.930535	-2856.384835	0	T:14554.0(51.51%),B:32372.2(27.52%),P:1e-1240	Tpos:100.3,Tstd:56.3,Bpos:100.2,Bstd:90.4,StrandBias:-0.0,Multiplicity:1.60
0.001	0.997	0.001	0.001
0.464	0.270	0.001	0.264
0.001	0.997	0.001	0.001
0.453	0.001	0.001	0.545
0.001	0.001	0.997	0.001
0.001	0.997	0.001	0.001
0.369	0.162	0.001	0.468
0.506	0.300	0.193	0.001
>BCAGSCTS	2-BCAGSCTS	6.150107	-2815.022715	0	T:10571.0(37.41%),B:19143.2(16.27%),P:1e-1222	Tpos:103.5,Tstd:56.0,Bpos:99.7,Bstd:89.9,StrandBias:0.0,Multiplicity:1.53
0.017	0.398	0.300	0.285
0.001	0.724	0.274	0.001
0.742	0.001	0.001	0.256
0.001	0.001	0.997	0.001
0.001	0.523	0.475	0.001
0.001	0.988	0.010	0.001
0.086	0.091	0.001	0.822
0.074	0.453	0.394	0.079
>CHCWGDGM	3-CHCWGDGM	4.856502	-2493.447240	0	T:18243.0(64.56%),B:48601.5(41.31%),P:1e-1082	Tpos:97.8,Tstd:57.1,Bpos:101.3,Bstd:89.1,StrandBias:0.0,Multiplicity:1.22
0.001	0.896	0.102	0.001
0.406	0.278	0.001	0.316
0.015	0.983	0.001	0.001
0.486	0.001	0.001	0.512
0.053	0.001	0.945	0.001
0.271	0.001	0.395	0.333
0.001	0.326	0.625	0.048
0.382	0.375	0.070	0.173
>CCWGGRRK	4-CCWGGRRK	3.578623	-2396.783970	0	T:20774.0(73.52%),B:60247.9(51.21%),P:1e-1040	Tpos:98.3,Tstd:56.1,Bpos:100.0,Bstd:88.7,StrandBias:0.0,Multiplicity:1.96
0.001	0.852	0.001	0.146
0.001	0.997	0.001	0.001
0.447	0.001	0.001	0.551
0.001	0.001	0.997	0.001
0.174	0.001	0.750	0.075
0.433	0.001	0.565	0.001
0.491	0.001	0.507	0.001
0.001	0.186	0.405	0.407
>WGCWGCTG	5-WGCWGCTG	5.098384	-2214.375638	0	T:15725.0(55.65%),B:39971.2(33.98%),P:1e-961	Tpos:97.5,Tstd:56.7,Bpos:99.9,Bstd:90.6,StrandBias:0.0,Multiplicity:1.31
0.408	0.001	0.235	0.356
0.026	0.123	0.850	0.001
0.210	0.707	0.042	0.041
0.533	0.001	0.001	0.465
0.001	0.046	0.831	0.122
0.106	0.630	0.263	0.001
0.416	0.001	0.001	0.582
0.001	0.069	0.863	0.067
>TCTGGRAA	6-TCTGGRAA	5.760808	-1869.354366	0	T:14672.0(51.92%),B:37864.7(32.19%),P:1e-811	Tpos:99.7,Tstd:56.2,Bpos:100.3,Bstd:88.4,StrandBias:0.0,Multiplicity:1.29
0.058	0.353	0.038	0.551
0.001	0.615	0.001	0.383
0.268	0.001	0.001	0.730
0.026	0.001	0.770	0.203
0.293	0.001	0.538	0.168
0.559	0.001	0.439	0.001
0.591	0.126	0.282	0.001
0.997	0.001	0.001	0.001
>CTCTSTCT	7-CTCTSTCT	5.490442	-1734.552826	0	T:15321.0(54.22%),B:41198.6(35.02%),P:1e-753	Tpos:98.9,Tstd:55.9,Bpos:99.0,Bstd:94.2,StrandBias:0.2,Multiplicity:1.46
0.001	0.836	0.001	0.162
0.224	0.082	0.001	0.693
0.001	0.618	0.380	0.001
0.167	0.129	0.001	0.703
0.001	0.322	0.444	0.232
0.001	0.147	0.001	0.851
0.001	0.665	0.255	0.079
0.153	0.182	0.001	0.664
>TTTYATTT	8-TTTYATTT	5.898283	-1519.218570	0	T:14342.0(50.76%),B:38766.6(32.95%),P:1e-659	Tpos:101.6,Tstd:56.4,Bpos:100.1,Bstd:88.8,StrandBias:0.3,Multiplicity:1.61
0.133	0.057	0.006	0.804
0.019	0.067	0.060	0.854
0.039	0.050	0.166	0.745
0.069	0.450	0.141	0.340
0.502	0.135	0.124	0.239
0.022	0.060	0.090	0.828
0.030	0.032	0.026	0.912
0.028	0.043	0.022	0.907
>GTGGGAGG	9-GTGGGAGG	7.594681	-1150.294781	0	T:3686.0(13.04%),B:5464.3(4.64%),P:1e-499	Tpos:100.4,Tstd:57.1,Bpos:100.0,Bstd:92.2,StrandBias:0.2,Multiplicity:1.06
0.001	0.001	0.885	0.113
0.104	0.001	0.001	0.894
0.001	0.001	0.997	0.001
0.001	0.001	0.997	0.001
0.001	0.053	0.945	0.001
0.732	0.001	0.001	0.266
0.001	0.001	0.997	0.001
0.001	0.001	0.997	0.001
>CCTCCBCC	10-CCTCCBCC	6.398042	-998.504885	0	T:8797.0(31.13%),B:21938.1(18.65%),P:1e-433	Tpos:99.8,Tstd:56.9,Bpos:99.7,Bstd:94.0,StrandBias:0.2,Multiplicity:1.28
0.001	0.997	0.001	0.001
0.001	0.789	0.001	0.209
0.086	0.001	0.188	0.725
0.001	0.931	0.067	0.001
0.065	0.933	0.001	0.001
0.002	0.379	0.241	0.377
0.001	0.931	0.012	0.056
0.246	0.554	0.001	0.199
>CTTCCTGC	11-CTTCCTGC	4.900368	-986.978803	0	T:9947.0(35.20%),B:26072.6(22.16%),P:1e-428	Tpos:97.0,Tstd:56.8,Bpos:99.5,Bstd:92.3,StrandBias:0.1,Multiplicity:1.16
0.001	0.665	0.001	0.333
0.001	0.001	0.001	0.997
0.001	0.001	0.001	0.997
0.001	0.576	0.178	0.245
0.001	0.997	0.001	0.001
0.210	0.001	0.001	0.788
0.001	0.001	0.975	0.023
0.001	0.595	0.001	0.403
>GTGGCTCA	12-GTGGCTCA	8.866560	-952.835194	0	T:1594.0(5.64%),B:1268.9(1.08%),P:1e-413	Tpos:97.0,Tstd:57.5,Bpos:101.2,Bstd:89.0,StrandBias:0.7,Multiplicity:1.02
0.001	0.001	0.997	0.001
0.001	0.001	0.001	0.997
0.001	0.001	0.997	0.001
0.122	0.001	0.876	0.001
0.095	0.903	0.001	0.001
0.001	0.001	0.001	0.997
0.001	0.997	0.001	0.001
0.997	0.001	0.001	0.001
>AAATGYTT	13-AAATGYTT	5.900218	-922.718960	0	T:10073.0(35.65%),B:26993.9(22.95%),P:1e-400	Tpos:100.9,Tstd:57.0,Bpos:99.7,Bstd:82.8,StrandBias:-0.0,Multiplicity:1.18
0.979	0.001	0.019	0.001
0.917	0.028	0.054	0.001
0.703	0.103	0.193	0.001
0.060	0.001	0.057	0.882
0.227	0.001	0.720	0.052
0.155	0.435	0.062	0.349
0.188	0.200	0.157	0.455
0.034	0.121	0.263	0.582
>CATGGTGG	14-CATGGTGG	3.421396	-907.573875	0	T:5817.0(20.59%),B:12609.2(10.72%),P:1e-394	Tpos:103.7,Tstd:56.3,Bpos:99.6,Bstd:86.5,StrandBias:-0.0,Multiplicity:1.12
0.001	0.997	0.001	0.001
0.984	0.014	0.001	0.001
0.180	0.001	0.001	0.818
0.001	0.335	0.663	0.001
0.017	0.393	0.560	0.030
0.001	0.001	0.001	0.997
0.001	0.001	0.997	0.001
0.001	0.001	0.997	0.001
>TCTCTGCT	15-TCTCTGCT	6.416329	-887.598100	0	T:4671.0(16.53%),B:9204.4(7.82%),P:1e-385	Tpos:106.4,Tstd:56.8,Bpos:101.3,Bstd:87.8,StrandBias:0.5,Multiplicity:1.07
0.022	0.070	0.097	0.811
0.070	0.853	0.001	0.076
0.128	0.185	0.070	0.617
0.001	0.620	0.001	0.378
0.134	0.077	0.218	0.571
0.147	0.163	0.562	0.128
0.008	0.623	0.134	0.235
0.023	0.128	0.091	0.758
>GGCCAGGC	16-GGCCAGGC	7.864440	-886.006918	0	T:2753.0(9.74%),B:3945.9(3.35%),P:1e-384	Tpos:106.4,Tstd:56.5,Bpos:99.0,Bstd:82.1,StrandBias:0.3,Multiplicity:1.05
0.140	0.001	0.786	0.073
0.001	0.001	0.997	0.001
0.001	0.997	0.001	0.001
0.001	0.997	0.001	0.001
0.554	0.001	0.320	0.125
0.001	0.001	0.997	0.001
0.001	0.001	0.997	0.001
0.001	0.997	0.001	0.001
>TTTTTAAA	17-TTTTTAAA	7.772932	-845.321540	0	T:4049.0(14.33%),B:7579.6(6.44%),P:1e-367	Tpos:107.6,Tstd:55.1,Bpos:100.0,Bstd:81.6,StrandBias:-0.0,Multiplicity:1.12
0.083	0.066	0.030	0.821
0.016	0.016	0.011	0.957
0.001	0.019	0.001	0.979
0.007	0.021	0.026	0.946
0.200	0.058	0.068	0.674
0.939	0.001	0.001	0.059
0.997	0.001	0.001	0.001
0.982	0.001	0.016	0.001
>AAAAAAAA	18-AAAAAAAA	8.236954	-830.409217	0	T:2963.0(10.49%),B:4659.0(3.96%),P:1e-360	Tpos:109.8,Tstd:54.6,Bpos:99.3,Bstd:99.9,StrandBias:-1.2,Multiplicity:1.10
0.700	0.100	0.100	0.100
0.700	0.100	0.100	0.100
0.700	0.100	0.100	0.100
0.700	0.100	0.100	0.100
0.700	0.100	0.100	0.100
0.700	0.100	0.100	0.100
0.700	0.100	0.100	0.100
0.700	0.100	0.100	0.100
>GGGAGGCC	19-GGGAGGCC	8.236954	-667.162938	0	T:1139.0(4.03%),B:922.8(0.78%),P:1e-289	Tpos:101.9,Tstd:56.8,Bpos:102.7,Bstd:79.0,StrandBias:0.8,Multiplicity:1.01
0.100	0.100	0.700	0.100
0.100	0.100	0.700	0.100
0.100	0.100	0.700	0.100
0.700	0.100	0.100	0.100
0.100	0.100	0.700	0.100
0.100	0.100	0.700	0.100
0.100	0.700	0.100	0.100
0.100	0.700	0.100	0.100
>GTGGTGGC	20-GTGGTGGC	10.080461	-453.611109	0	T:1196.0(4.23%),B:1487.8(1.26%),P:1e-196	Tpos:108.4,Tstd:57.1,Bpos:98.0,Bstd:87.6,StrandBias:0.1,Multiplicity:1.01
0.001	0.001	0.997	0.001
0.001	0.001	0.001	0.997
0.001	0.001	0.997	0.001
0.001	0.001	0.997	0.001
0.001	0.001	0.001	0.997
0.001	0.001	0.997	0.001
0.001	0.001	0.997	0.001
0.001	0.626	0.001	0.372
>TGTGTGTG	21-TGTGTGTG	8.236954	-452.718192	0	T:900.0(3.19%),B:862.5(0.73%),P:1e-196	Tpos:115.3,Tstd:54.0,Bpos:97.0,Bstd:85.1,StrandBias:0.1,Multiplicity:1.16
0.100	0.100	0.100	0.700
0.100	0.100	0.700	0.100
0.100	0.100	0.100	0.700
0.100	0.100	0.700	0.100
0.100	0.100	0.100	0.700
0.100	0.100	0.700	0.100
0.100	0.100	0.100	0.700
0.100	0.100	0.700	0.100
>TCAAGTGA	22-TCAAGTGA	7.426507	-423.674018	0	T:1314.0(4.65%),B:1847.4(1.57%),P:1e-183	Tpos:108.3,Tstd:54.4,Bpos:97.7,Bstd:82.9,StrandBias:-0.0,Multiplicity:1.04
0.001	0.001	0.001	0.997
0.001	0.997	0.001	0.001
0.962	0.036	0.001	0.001
0.997	0.001	0.001	0.001
0.001	0.001	0.997	0.001
0.001	0.273	0.001	0.725
0.001	0.001	0.997	0.001
0.997	0.001	0.001	0.001
>GAAACCCC	23-GAAACCCC	8.236954	-386.823184	0	T:734.0(2.60%),B:668.1(0.57%),P:1e-167	Tpos:108.6,Tstd:56.1,Bpos:103.0,Bstd:84.7,StrandBias:0.3,Multiplicity:1.00
0.100	0.100	0.700	0.100
0.700	0.100	0.100	0.100
0.700	0.100	0.100	0.100
0.700	0.100	0.100	0.100
0.100	0.700	0.100	0.100
0.100	0.700	0.100	0.100
0.100	0.700	0.100	0.100
0.100	0.700	0.100	0.100
>AATTAGCC	24-AATTAGCC	8.236954	-370.114102	0	T:741.0(2.62%),B:714.9(0.61%),P:1e-160	Tpos:112.5,Tstd:58.5,Bpos:99.3,Bstd:84.5,StrandBias:0.3,Multiplicity:1.00
0.700	0.100	0.100	0.100
0.700	0.100	0.100	0.100
0.100	0.100	0.100	0.700
0.100	0.100	0.100	0.700
0.700	0.100	0.100	0.100
0.100	0.100	0.700	0.100
0.100	0.700	0.100	0.100
0.100	0.700	0.100	0.100
>GCTCTGTC	25-GCTCTGTC	9.666899	-305.847691	0	T:1008.0(3.57%),B:1473.6(1.25%),P:1e-132	Tpos:104.8,Tstd:57.4,Bpos:101.1,Bstd:85.8,StrandBias:1.0,Multiplicity:1.00
0.001	0.001	0.997	0.001
0.001	0.997	0.001	0.001
0.001	0.001	0.001	0.997
0.001	0.997	0.001	0.001
0.001	0.001	0.001	0.997
0.001	0.001	0.997	0.001
0.001	0.001	0.001	0.997
0.001	0.752	0.001	0.246
