>SGGAGGCWGRGG	1-SGGAGGCWGRGG	5.734583	-3103.182538	0	T:13318.0(47.13%),B:26969.9(22.93%),P:1e-1347	Tpos:102.6,Tstd:55.0,Bpos:99.9,Bstd:92.1,StrandBias:-0.1,Multiplicity:1.79
0.165	0.368	0.284	0.183
0.172	0.152	0.471	0.206
0.047	0.220	0.730	0.003
0.781	0.004	0.112	0.103
0.089	0.001	0.902	0.008
0.205	0.063	0.710	0.022
0.059	0.773	0.086	0.082
0.361	0.061	0.077	0.501
0.043	0.059	0.897	0.001
0.432	0.075	0.451	0.043
0.363	0.009	0.618	0.010
0.195	0.106	0.569	0.130
>CCTGTAATCCCA	2-CCTGTAATCCCA	9.923696	-2907.393695	0	T:1940.0(6.87%),B:86.0(0.07%),P:1e-1262	Tpos:109.7,Tstd:54.3,Bpos:91.5,Bstd:84.2,StrandBias:0.5,Multiplicity:1.12
0.006	0.963	0.005	0.026
0.003	0.972	0.002	0.023
0.001	0.002	0.002	0.995
0.041	0.004	0.954	0.001
0.001	0.014	0.003	0.982
0.979	0.006	0.014	0.001
0.837	0.007	0.150	0.006
0.005	0.009	0.002	0.984
0.006	0.957	0.010	0.027
0.007	0.945	0.004	0.044
0.001	0.970	0.001	0.028
0.985	0.001	0.007	0.007
>NCCCAGCTSCTB	3-NCCCAGCTSCTB	6.059175	-2839.005076	0	T:11253.0(39.82%),B:21194.8(18.02%),P:1e-1232	Tpos:96.9,Tstd:55.7,Bpos:99.4,Bstd:90.4,StrandBias:-0.0,Multiplicity:1.16
0.243	0.295	0.170	0.292
0.150	0.549	0.154	0.147
0.264	0.485	0.015	0.236
0.018	0.980	0.001	0.001
0.727	0.001	0.001	0.271
0.002	0.325	0.641	0.032
0.047	0.726	0.070	0.157
0.380	0.020	0.002	0.598
0.105	0.333	0.424	0.138
0.051	0.774	0.030	0.145
0.269	0.169	0.001	0.561
0.050	0.343	0.346	0.261
>VCWGSCWGBTYY	4-VCWGSCWGBTYY	5.211570	-2694.634337	0	T:16079.0(56.90%),B:38847.0(33.02%),P:1e-1170	Tpos:98.2,Tstd:54.8,Bpos:100.1,Bstd:88.4,StrandBias:0.1,Multiplicity:1.40
0.266	0.317	0.255	0.162
0.288	0.679	0.032	0.001
0.522	0.001	0.001	0.476
0.055	0.001	0.714	0.230
0.092	0.334	0.444	0.130
0.187	0.657	0.132	0.024
0.447	0.001	0.001	0.551
0.001	0.001	0.607	0.391
0.040	0.312	0.325	0.324
0.092	0.265	0.209	0.434
0.004	0.415	0.258	0.323
0.219	0.304	0.082	0.395
>NDGGRARGAGRN	5-NDGGRARGAGRN	6.240173	-2445.467395	0	T:16743.0(59.25%),B:42731.3(36.32%),P:1e-1062	Tpos:98.5,Tstd:56.4,Bpos:99.5,Bstd:95.6,StrandBias:-0.2,Multiplicity:1.23
0.271	0.207	0.277	0.245
0.333	0.001	0.343	0.323
0.086	0.001	0.912	0.001
0.395	0.001	0.603	0.001
0.402	0.176	0.421	0.001
0.997	0.001	0.001	0.001
0.474	0.001	0.496	0.029
0.277	0.274	0.448	0.001
0.463	0.001	0.292	0.244
0.391	0.001	0.607	0.001
0.430	0.239	0.330	0.001
0.278	0.243	0.259	0.221
>GGGCRYRGTGGC	6-GGGCRYRGTGGC	9.299047	-2442.536977	0	T:2108.0(7.46%),B:442.9(0.38%),P:1e-1060	Tpos:108.9,Tstd:55.7,Bpos:98.3,Bstd:76.2,StrandBias:0.6,Multiplicity:1.10
0.326	0.009	0.616	0.049
0.100	0.001	0.898	0.001
0.035	0.001	0.963	0.001
0.019	0.798	0.012	0.171
0.439	0.014	0.528	0.019
0.001	0.424	0.001	0.574
0.433	0.001	0.565	0.001
0.110	0.001	0.882	0.007
0.001	0.001	0.001	0.997
0.001	0.001	0.997	0.001
0.080	0.001	0.918	0.001
0.001	0.883	0.012	0.104
>NNCCCWGGVCWN	7-NNCCCWGGVCWN	5.421760	-2431.480043	0	T:15756.0(55.76%),B:38932.4(33.09%),P:1e-1055	Tpos:98.6,Tstd:55.4,Bpos:100.1,Bstd:87.6,StrandBias:0.0,Multiplicity:1.40
0.263	0.170	0.301	0.266
0.164	0.279	0.270	0.288
0.012	0.567	0.092	0.329
0.002	0.587	0.001	0.410
0.001	0.997	0.001	0.001
0.483	0.001	0.001	0.515
0.001	0.001	0.997	0.001
0.355	0.070	0.574	0.001
0.290	0.311	0.398	0.001
0.335	0.663	0.001	0.001
0.410	0.250	0.001	0.339
0.181	0.293	0.277	0.249
>WDCTCWCTGCAG	8-WDCTCWCTGCAG	5.655973	-2378.465910	0	T:14025.0(49.63%),B:32699.4(27.80%),P:1e-1032	Tpos:97.9,Tstd:55.9,Bpos:100.2,Bstd:87.4,StrandBias:0.1,Multiplicity:1.17
0.310	0.125	0.176	0.388
0.218	0.108	0.312	0.362
0.028	0.448	0.259	0.265
0.243	0.238	0.001	0.518
0.020	0.593	0.081	0.306
0.424	0.125	0.001	0.450
0.001	0.731	0.134	0.134
0.422	0.001	0.001	0.576
0.001	0.001	0.997	0.001
0.348	0.598	0.053	0.001
0.685	0.001	0.001	0.313
0.275	0.060	0.511	0.154
>AAAAAAAAAAAA	9-AAAAAAAAAAAA	10.286550	-2071.366669	0	T:3341.0(11.82%),B:2628.6(2.23%),P:1e-899	Tpos:110.7,Tstd:53.7,Bpos:102.1,Bstd:108.0,StrandBias:-1.2,Multiplicity:1.13
0.819	0.048	0.006	0.127
0.819	0.120	0.005	0.056
0.878	0.068	0.023	0.031
0.851	0.073	0.028	0.048
0.783	0.076	0.023	0.118
0.796	0.068	0.023	0.113
0.838	0.128	0.020	0.014
0.795	0.161	0.025	0.019
0.876	0.070	0.026	0.028
0.871	0.053	0.037	0.039
0.826	0.049	0.065	0.060
0.850	0.060	0.039	0.051
>TAGAGATGGGGT	10-TAGAGATGGGGT	9.845192	-1935.235783	0	T:1559.0(5.52%),B:243.5(0.21%),P:1e-840	Tpos:111.8,Tstd:54.8,Bpos:96.2,Bstd:64.6,StrandBias:-0.2,Multiplicity:1.02
0.046	0.167	0.051	0.736
0.787	0.009	0.071	0.133
0.086	0.109	0.804	0.001
0.966	0.001	0.032	0.001
0.077	0.023	0.891	0.009
0.754	0.186	0.023	0.037
0.053	0.355	0.027	0.565
0.255	0.027	0.700	0.018
0.203	0.001	0.749	0.047
0.210	0.014	0.744	0.032
0.155	0.041	0.741	0.063
0.028	0.147	0.062	0.763
>AGAVAGAGAGAG	11-AGAVAGAGAGAG	5.574555	-1893.036093	0	T:14686.0(51.97%),B:37779.1(32.11%),P:1e-822	Tpos:97.0,Tstd:55.1,Bpos:99.9,Bstd:95.8,StrandBias:-0.4,Multiplicity:1.35
0.612	0.001	0.073	0.314
0.103	0.259	0.634	0.004
0.842	0.001	0.102	0.055
0.313	0.272	0.414	0.001
0.976	0.001	0.012	0.011
0.211	0.193	0.595	0.001
0.693	0.051	0.046	0.210
0.214	0.147	0.638	0.001
0.807	0.034	0.052	0.107
0.354	0.139	0.505	0.002
0.960	0.001	0.002	0.037
0.267	0.250	0.431	0.052
>CACTTTGGGAGG	12-CACTTTGGGAGG	9.550413	-1595.932411	0	T:1064.0(3.77%),B:42.1(0.04%),P:1e-693	Tpos:104.9,Tstd:57.4,Bpos:106.7,Bstd:89.7,StrandBias:1.4,Multiplicity:1.00
0.001	0.940	0.015	0.044
0.989	0.007	0.003	0.001
0.001	0.945	0.022	0.032
0.008	0.009	0.001	0.982
0.001	0.011	0.011	0.977
0.003	0.022	0.001	0.974
0.001	0.001	0.997	0.001
0.016	0.001	0.982	0.001
0.041	0.007	0.930	0.022
0.970	0.001	0.003	0.026
0.029	0.015	0.952	0.004
0.025	0.001	0.967	0.007
>AGGTCAGGAGTT	13-AGGTCAGGAGTT	9.391992	-1502.196301	0	T:1126.0(3.98%),B:119.0(0.10%),P:1e-652	Tpos:105.7,Tstd:53.8,Bpos:107.5,Bstd:72.5,StrandBias:0.8,Multiplicity:1.01
0.983	0.001	0.008	0.008
0.024	0.001	0.972	0.003
0.017	0.041	0.932	0.010
0.001	0.097	0.001	0.901
0.001	0.979	0.004	0.016
0.971	0.003	0.023	0.003
0.015	0.006	0.975	0.004
0.018	0.003	0.975	0.004
0.979	0.004	0.015	0.002
0.010	0.001	0.988	0.001
0.101	0.005	0.001	0.893
0.001	0.001	0.001	0.997
>CAACATRGTGAR	14-CAACATRGTGAR	7.236175	-1483.788562	0	T:1358.0(4.81%),B:337.3(0.29%),P:1e-644	Tpos:109.6,Tstd:54.8,Bpos:95.1,Bstd:88.1,StrandBias:0.0,Multiplicity:1.03
0.001	0.997	0.001	0.001
0.838	0.001	0.160	0.001
0.997	0.001	0.001	0.001
0.001	0.997	0.001	0.001
0.997	0.001	0.001	0.001
0.001	0.001	0.360	0.638
0.480	0.001	0.518	0.001
0.001	0.001	0.997	0.001
0.001	0.338	0.001	0.660
0.124	0.001	0.874	0.001
0.997	0.001	0.001	0.001
0.526	0.001	0.472	0.001
>GAGACCAGCCTG	15-GAGACCAGCCTG	10.175472	-1412.817377	0	T:1061.0(3.75%),B:113.7(0.10%),P:1e-613	Tpos:109.5,Tstd:54.2,Bpos:110.6,Bstd:81.0,StrandBias:0.7,Multiplicity:1.01
0.246	0.001	0.748	0.005
0.992	0.001	0.005	0.002
0.024	0.008	0.967	0.001
0.990	0.001	0.008	0.001
0.007	0.964	0.007	0.022
0.003	0.976	0.002	0.019
0.993	0.002	0.002	0.003
0.009	0.006	0.874	0.111
0.003	0.984	0.001	0.012
0.001	0.987	0.001	0.011
0.003	0.005	0.001	0.991
0.017	0.012	0.967	0.004
>GGTTCAAGCRAT	16-GGTTCAAGCRAT	9.718433	-1409.011914	0	T:1224.0(4.33%),B:254.3(0.22%),P:1e-611	Tpos:112.6,Tstd:52.6,Bpos:106.5,Bstd:88.1,StrandBias:0.5,Multiplicity:1.01
0.027	0.003	0.958	0.012
0.072	0.018	0.877	0.033
0.004	0.372	0.003	0.621
0.003	0.019	0.012	0.966
0.001	0.964	0.012	0.023
0.969	0.015	0.015	0.001
0.730	0.180	0.033	0.057
0.015	0.012	0.972	0.001
0.035	0.629	0.027	0.309
0.284	0.264	0.420	0.031
0.908	0.007	0.076	0.009
0.004	0.003	0.006	0.987
>GATCTYGGCTCA	17-GATCTYGGCTCA	10.951696	-1359.546187	0	T:1023.0(3.62%),B:110.1(0.09%),P:1e-590	Tpos:112.6,Tstd:52.7,Bpos:106.7,Bstd:69.7,StrandBias:1.2,Multiplicity:1.00
0.234	0.050	0.680	0.036
0.899	0.001	0.099	0.001
0.001	0.062	0.001	0.936
0.001	0.945	0.001	0.053
0.249	0.023	0.001	0.727
0.001	0.534	0.013	0.452
0.332	0.057	0.487	0.124
0.077	0.001	0.883	0.039
0.001	0.917	0.001	0.081
0.001	0.025	0.001	0.973
0.001	0.997	0.001	0.001
0.945	0.001	0.053	0.001
>CRYRCCACTGCA	18-CRYRCCACTGCA	9.508989	-1275.491148	0	T:1010.0(3.57%),B:142.3(0.12%),P:1e-553	Tpos:119.6,Tstd:57.5,Bpos:101.8,Bstd:56.1,StrandBias:-1.2,Multiplicity:1.01
0.068	0.475	0.164	0.293
0.336	0.095	0.417	0.153
0.101	0.492	0.039	0.369
0.375	0.039	0.462	0.124
0.036	0.751	0.151	0.062
0.046	0.831	0.009	0.114
0.728	0.082	0.115	0.075
0.023	0.746	0.047	0.184
0.114	0.054	0.030	0.802
0.086	0.044	0.850	0.020
0.058	0.731	0.058	0.153
0.787	0.053	0.052	0.108
>WWWWAAAAAAAW	19-WWWWAAAAAAAW	9.084518	-1166.821449	0	T:3950.0(13.98%),B:6090.3(5.18%),P:1e-506	Tpos:115.8,Tstd:52.6,Bpos:99.3,Bstd:71.2,StrandBias:-0.4,Multiplicity:1.12
0.535	0.001	0.001	0.463
0.509	0.001	0.001	0.489
0.543	0.001	0.001	0.455
0.533	0.001	0.001	0.465
0.664	0.001	0.001	0.334
0.764	0.001	0.001	0.234
0.795	0.001	0.001	0.203
0.760	0.001	0.001	0.238
0.739	0.001	0.001	0.259
0.647	0.001	0.001	0.351
0.594	0.001	0.001	0.404
0.492	0.001	0.001	0.506
>AAAAAATTAGCY	20-AAAAAATTAGCY	12.817909	-1121.122818	0	T:768.0(2.72%),B:40.5(0.03%),P:1e-486	Tpos:115.3,Tstd:64.7,Bpos:89.3,Bstd:88.7,StrandBias:-0.1,Multiplicity:1.00
0.702	0.188	0.108	0.002
0.685	0.236	0.001	0.078
0.935	0.058	0.006	0.001
0.945	0.001	0.053	0.001
0.711	0.163	0.002	0.124
0.815	0.001	0.108	0.076
0.001	0.001	0.053	0.945
0.001	0.034	0.001	0.964
0.997	0.001	0.001	0.001
0.001	0.001	0.997	0.001
0.001	0.997	0.001	0.001
0.001	0.567	0.001	0.431
>TYTBMARHTBYT	21-TYTBMARHTBYT	5.806179	-1011.815576	0	T:13778.0(48.76%),B:40264.0(34.23%),P:1e-439	Tpos:101.7,Tstd:55.3,Bpos:99.8,Bstd:84.3,StrandBias:0.0,Multiplicity:1.37
0.157	0.249	0.001	0.593
0.001	0.434	0.008	0.557
0.223	0.092	0.001	0.684
0.060	0.353	0.342	0.244
0.477	0.521	0.001	0.001
0.997	0.001	0.001	0.001
0.441	0.046	0.350	0.163
0.311	0.323	0.131	0.234
0.342	0.001	0.001	0.656
0.068	0.304	0.337	0.291
0.175	0.477	0.001	0.346
0.357	0.132	0.001	0.510
>CGGGCGGATCAC	22-CGGGCGGATCAC	9.862598	-974.766683	0	T:677.0(2.40%),B:40.5(0.03%),P:1e-423	Tpos:107.5,Tstd:54.4,Bpos:103.9,Bstd:63.0,StrandBias:1.1,Multiplicity:1.01
0.010	0.825	0.003	0.162
0.085	0.003	0.909	0.003
0.001	0.001	0.996	0.002
0.001	0.001	0.997	0.001
0.010	0.718	0.001	0.271
0.132	0.001	0.864	0.003
0.004	0.010	0.985	0.001
0.997	0.001	0.001	0.001
0.002	0.001	0.001	0.996
0.002	0.996	0.001	0.001
0.979	0.001	0.019	0.001
0.001	0.979	0.003	0.017
>CACACACACACA	23-CACACACACACA	11.734385	-564.510598	0	T:411.0(1.45%),B:36.0(0.03%),P:1e-245	Tpos:117.2,Tstd:51.4,Bpos:100.3,Bstd:45.0,StrandBias:-0.1,Multiplicity:1.15
0.094	0.770	0.053	0.083
0.777	0.064	0.090	0.069
0.077	0.791	0.055	0.077
0.858	0.023	0.084	0.035
0.001	0.863	0.040	0.096
0.941	0.001	0.057	0.001
0.004	0.855	0.028	0.113
0.938	0.005	0.056	0.001
0.031	0.848	0.045	0.076
0.851	0.035	0.093	0.021
0.092	0.749	0.089	0.070
0.756	0.099	0.052	0.093
>ATAHATAYATAT	24-ATAHATAYATAT	8.282365	-238.261738	0	T:1384.0(4.90%),B:2758.0(2.34%),P:1e-103	Tpos:118.3,Tstd:53.3,Bpos:99.6,Bstd:67.1,StrandBias:0.0,Multiplicity:1.12
0.533	0.024	0.163	0.280
0.280	0.175	0.044	0.501
0.726	0.009	0.131	0.134
0.313	0.342	0.006	0.339
0.997	0.001	0.001	0.001
0.001	0.345	0.001	0.653
0.726	0.001	0.170	0.103
0.019	0.447	0.001	0.533
0.841	0.001	0.081	0.077
0.001	0.311	0.001	0.687
0.505	0.001	0.226	0.268
0.001	0.254	0.001	0.744
>TTCATTCATTCA	25-TTCATTCATTCA	9.976585	-172.853484	0	T:372.0(1.32%),B:386.6(0.33%),P:1e-75	Tpos:101.5,Tstd:57.3,Bpos:99.1,Bstd:78.7,StrandBias:0.5,Multiplicity:1.04
0.014	0.168	0.149	0.669
0.080	0.173	0.086	0.661
0.064	0.698	0.058	0.180
0.997	0.001	0.001	0.001
0.001	0.177	0.226	0.596
0.001	0.325	0.008	0.666
0.060	0.822	0.001	0.117
0.991	0.001	0.007	0.001
0.004	0.211	0.031	0.754
0.001	0.174	0.042	0.783
0.024	0.735	0.050	0.191
0.837	0.037	0.001	0.125
