MEME version 4

ALPHABET= ACGT

strands: + -

Background letter frequencies (from uniform background):
A 0.25000 C 0.25000 G 0.25000 T 0.25000

MOTIF CAM;l=19 CGCCAATCATGTCCCCTCT
letter-probability matrix: alength= 4 w= 19 nsites= 103 E= 0  0.1205432  0.34873824  0.28730111  0.24341745
 0.31726215  0.03139802  0.53586413   0.1154757
 0.37816525  0.51046485  0.06395368  0.04741623
 0.37406191  0.54214579  0.06190614  0.02188617
 0.51380043  0.20896438  0.08390343  0.19333176
 0.38164069  0.03561374  0.20862721  0.37411836
 0.02788168  0.03534784  0.11747562  0.81929486
 0.19213724  0.49824989  0.16973876  0.13987411
 0.40118978  0.28919735  0.02788168  0.28173119
 0.40865594  0.02788168  0.14734027  0.41612211
 0.25186654  0.02788168  0.58037767  0.13987411
   0.042814  0.02041552  0.03534784  0.90142264
 0.02041552  0.72223475    0.042814  0.21453573
 0.30412968  0.38625746  0.02041552  0.28919735
 0.16973876  0.65503929  0.03534784  0.13987411
 0.17720492  0.69237011    0.042814  0.08761097
 0.05774633  0.05774633  0.19960341  0.68490394
 0.08014481  0.70730243    0.042814  0.16973876
 0.32652816  0.02041552  0.22200189  0.43105443
