MEME version 4

ALPHABET= ACGT

strands: + -

Background letter frequencies (from uniform background):
A 0.25000 C 0.25000 G 0.25000 T 0.25000

MOTIF CAM;l=19 AGCGAAGCCATTTACTTGA
letter-probability matrix: alength= 4 w= 19 nsites= 86 E= 0   0.496658  0.02433417  0.03483026  0.44417757
 0.04532634  0.18177545   0.7065797  0.06631851
 0.38120106  0.39169715  0.17127936  0.05582243
 0.44417757  0.04532634  0.48616191  0.02433417
 0.52814625  0.02433417   0.2867363  0.16078328
 0.48616191  0.03483026  0.40219323   0.0768146
 0.04532634  0.36020889  0.40219323  0.19227153
 0.41268932  0.50715408  0.04532634  0.03483026
 0.31822455  0.37070498   0.0768146  0.23425587
  0.8430288  0.03483026  0.08731068  0.03483026
 0.03483026  0.10830285  0.19227153  0.66459536
 0.05582243  0.41268932   0.0768146  0.45467366
  0.2867363  0.06631851  0.16078328  0.48616191
 0.69608361  0.06631851  0.13979111  0.09780677
  0.0768146  0.75906012  0.06631851  0.09780677
 0.04532634  0.37070498  0.19227153  0.39169715
 0.09780677  0.15028719  0.10830285  0.64360319
 0.02433417  0.43368149  0.47566583  0.06631851
 0.65409927  0.09780677  0.02433417  0.22375979
