MEME version 4

ALPHABET= ACGT

strands: + -

Background letter frequencies (from uniform background):
A 0.25000 C 0.25000 G 0.25000 T 0.25000

MOTIF CAM;l=19 GCAGTGGAACATTCTTTTC
letter-probability matrix: alength= 4 w= 19 nsites= 124 E= 0 0.17604531  0.13906797  0.56800515  0.11688157
 0.38030589  0.49042355  0.07197645   0.0572941
 0.70547981  0.04958888  0.22449313  0.02043817
 0.02772585  0.04958888  0.52328789  0.39939738
 0.44312344  0.03501353  0.04230121  0.47956183
 0.37024667  0.09331494  0.40668506  0.12975333
 0.23178081  0.03501353  0.42854809  0.30465758
 0.49413718  0.13704101  0.18805475  0.18076707
 0.41397273  0.02043817  0.22449313  0.34109596
 0.39939738  0.41397273  0.15890404  0.02772585
 0.36295899  0.31923293  0.20991778   0.1078903
 0.04230121  0.06416424  0.13704101  0.75649355
 0.03501353  0.07145191  0.31194525   0.5815893
 0.09331494  0.74920587  0.04230121  0.11517798
 0.03501353  0.40668506  0.07873959  0.47956183
 0.02043817  0.05687656  0.02043817  0.90224709
 0.13704101  0.18076707  0.12975333  0.55243859
 0.04958888  0.04958888  0.04230121  0.85852103
  0.1078903   0.6763291  0.02772585  0.18805475
