MEME version 4

ALPHABET= ACGT

strands: + -

Background letter frequencies (from uniform background):
A 0.25000 C 0.25000 G 0.25000 T 0.25000

MOTIF CAM;l=19 GGAGCGTAAAACAGGTACA
letter-probability matrix: alength= 4 w= 19 nsites= 65 E= 0 0.27392031  0.06888909  0.49262027  0.16457033
 0.27392031   0.3012578  0.39693904  0.02788285
 0.75566621   0.0814446   0.0814446   0.0814446
 0.13538233  0.29719551  0.47249313  0.09492903
 0.14886676  0.37810211  0.35113324  0.12189789
 0.02714089  0.31985136  0.54603673  0.10697102
 0.13358106  0.17349613  0.04044591   0.6524769
 0.50612167  0.21341119  0.17349613  0.10697102
  0.7722221  0.06705595  0.13358106  0.02714089
 0.89196729  0.02714089  0.05375093  0.02714089
 0.57264677  0.29324132  0.05375093  0.08036097
 0.34646141  0.54603673  0.04044591  0.06705595
 0.79883214  0.10697102  0.04044591  0.05375093
 0.10697102  0.18680115  0.59925682  0.10697102
 0.02714089  0.13358106  0.69239197  0.14688608
 0.10697102  0.06705595  0.25332626  0.57264677
 0.43959656  0.02714089  0.14688608  0.38637647
   0.093666  0.51942669  0.26663128  0.12027604
 0.62082189  0.16235119   0.0409913  0.17583562
