MEME version 4

ALPHABET= ACGT

strands: + -

Background letter frequencies (from uniform background):
A 0.25000 C 0.25000 G 0.25000 T 0.25000

MOTIF CAM;l=19 TTAGGCAGAGCTGGAGAAG
letter-probability matrix: alength= 4 w= 19 nsites= 73 E= 0 0.22240754  0.08751104  0.16109095  0.52899047
 0.03845777  0.06298441  0.39409398  0.50446384
 0.52899047  0.06298441  0.23467085  0.17335427
 0.21014422  0.02619446  0.49220052  0.27146081
 0.05072109  0.35730403  0.43088393  0.16109095
 0.06298441  0.59030706    0.124301  0.22240754
 0.65162364  0.05072109  0.25919749  0.03845777
 0.11203768  0.09977436   0.6884136  0.09977436
 0.38183066  0.16109095  0.34504071  0.11203768
 0.44314725  0.05072109   0.4799372  0.02619446
 0.18561758   0.6884136  0.05072109  0.07524773
 0.44314725  0.06298441  0.02619446  0.46767388
 0.13656431  0.18561758  0.60257038  0.07524773
 0.05072109  0.07524773  0.84783672  0.02619446
 0.56578042  0.02619446  0.38183066  0.02619446
 0.17335427  0.09977436   0.6884136  0.03845777
 0.82331009  0.03845777  0.08751104  0.05072109
 0.52899047  0.03845777    0.124301  0.30825076
 0.02619446  0.05072109  0.71294023  0.21014422
