<!DOCTYPE HTML>
<html>
  <head>
    <meta charset="UTF-8">
    <title>TOMTOM</title>
    <script>
      // @JSON_VAR data
      var data = {
        "program": "Tomtom",
        "version": "5.3.0",
        "release": "Wed Nov 25 19:19:29 2020 -0800",
        "cmd": [
          "tomtom", "-o", "./Tomtom/2_PAD114_vs._JASPAR2020",
          "./2_PAD114_IRF4_hg38/motifs/filters.meme",
          "./JASPAR2020_CORE_vertebrates_non-redundant_pfms_meme.txt"
        ],
        "options": {
          "strands": "both",
          "distance_measure": "ed",
          "threshold_type": "qvalue",
          "threshold_value": 0.5,
          "background_source": "--query--"
        },
        "alphabet": {
          "name": "DNA",
          "like": "dna",
          "ncore": 4,
          "symbols": [
            {
              "symbol": "A",
              "name": "Adenine",
              "colour": "CC0000",
              "complement": "T"
            }, {
              "symbol": "C",
              "name": "Cytosine",
              "colour": "0000CC",
              "complement": "G"
            }, {
              "symbol": "G",
              "name": "Guanine",
              "colour": "FFB300",
              "complement": "C"
            }, {
              "symbol": "T",
              "aliases": "U",
              "name": "Thymine",
              "colour": "008000",
              "complement": "A"
            }, {
              "symbol": "N",
              "aliases": "X.",
              "name": "Any base",
              "equals": "ACGT"
            }, {
              "symbol": "V",
              "name": "Not T",
              "equals": "ACG"
            }, {
              "symbol": "H",
              "name": "Not G",
              "equals": "ACT"
            }, {
              "symbol": "D",
              "name": "Not C",
              "equals": "AGT"
            }, {
              "symbol": "B",
              "name": "Not A",
              "equals": "CGT"
            }, {
              "symbol": "M",
              "name": "Amino",
              "equals": "AC"
            }, {
              "symbol": "R",
              "name": "Purine",
              "equals": "AG"
            }, {
              "symbol": "W",
              "name": "Weak",
              "equals": "AT"
            }, {
              "symbol": "S",
              "name": "Strong",
              "equals": "CG"
            }, {
              "symbol": "Y",
              "name": "Pyrimidine",
              "equals": "CT"
            }, {
              "symbol": "K",
              "name": "Keto",
              "equals": "GT"
            }
          ]
        },
        "background": [0.25, 0.25, 0.25, 0.25],
        "query_dbs": [
          {
            "source": "./2_PAD114_IRF4_hg38/motifs/filters.meme",
            "name": "filters",
            "loaded": 16,
            "excluded": 0,
            "last_modified": "Tue Aug 10 01:06:26 2021"
          }
        ],
        "target_dbs": [
          {
            "source": "./JASPAR2020_CORE_vertebrates_non-redundant_pfms_meme.txt",
            "name": "JASPAR2020_CORE_vertebrates_non-redundant_pfms_meme.txt",
            "loaded": 746,
            "excluded": 0,
            "last_modified": "Thu Oct  1 07:12:36 2020"
          }
        ],
        "queries": [
          {
            "db": 0,
            "id": "filter0",
            "alt": "2_PAD114_IRF4_hg38",
            "len": 19,
            "nsites": 1062,
            "pwm": [
              [0.0998258, 0.220342, 0.190213, 0.48962], 
              [0.586045, 0.00284547, 0.372519, 0.03859], 
              [2.35383e-05, 0.12607, 0.873883, 2.35383e-05], 
              [2.35383e-05, 2.35383e-05, 2.35383e-05, 0.999929], 
              [2.35383e-05, 2.35383e-05, 2.35383e-05, 0.999929], 
              [2.35383e-05, 2.35383e-05, 2.35383e-05, 0.999929], 
              [2.35383e-05, 0.999929, 2.35383e-05, 2.35383e-05], 
              [0.86918, 0.00190483, 0.0912661, 0.0376493], 
              [0.0630468, 0.294445, 0.487278, 0.15523], 
              [0.00660806, 2.35383e-05, 2.35383e-05, 0.993345], 
              [0.101613, 0.00660806, 2.35383e-05, 0.891755], 
              [0.00284547, 0.471287, 0.00190483, 0.523963], 
              [0.0075487, 0.585105, 0.118545, 0.288802], 
              [0.30508, 0.16385, 0.133721, 0.39735], 
              [0.133155, 0.366372, 0.175644, 0.324828], 
              [0.201138, 0.0566754, 0.0802804, 0.661906], 
              [0.303313, 0.109018, 0.0910102, 0.496659], 
              [0.264454, 0.104279, 0.149772, 0.481495], 
              [0.209129, 0.246198, 0.173011, 0.371662]
            ]
          }, {
            "db": 0,
            "id": "filter1",
            "alt": "2_PAD114_IRF4_hg38",
            "len": 19,
            "nsites": 530,
            "pwm": [
              [0.0887097, 0.360357, 0.471656, 0.0792775], 
              [0.172622, 4.71609e-05, 0.0188054, 0.808525], 
              [0.363956, 0.00192298, 0.063825, 0.570296], 
              [0.00567462, 4.71609e-05, 0.994231, 4.71609e-05], 
              [0.106969, 0.063825, 0.645329, 0.183877], 
              [0.330191, 0.043191, 0.587178, 0.0394393], 
              [0.0188054, 0.363956, 0.472753, 0.144485], 
              [0.129479, 0.493387, 0.215766, 0.161368], 
              [0.0037988, 0.92295, 0.0694525, 0.0037988], 
              [0.022557, 0.832911, 0.00567462, 0.138858], 
              [0.32644, 0.575923, 0.00192298, 0.0957139], 
              [0.127603, 0.695976, 0.0131779, 0.163243], 
              [0.17825, 0.296427, 0.0188054, 0.506518], 
              [0.248121, 0.475521, 0.0601862, 0.216172], 
              [0.0977731, 0.588282, 0.10717, 0.206775], 
              [0.209442, 0.233965, 0.0358895, 0.520704], 
              [0.240077, 0.330798, 0.111557, 0.317568], 
              [0.24905, 0.418219, 0.133102, 0.199629], 
              [0.258554, 0.138804, 0.096987, 0.505655]
            ]
          }, {
            "db": 0,
            "id": "filter10",
            "alt": "2_PAD114_IRF4_hg38",
            "len": 19,
            "nsites": 316,
            "pwm": [
              [0.183565, 0.148766, 0.515739, 0.15193], 
              [0.334358, 0.176679, 0.135683, 0.35328], 
              [0.220829, 0.246058, 0.27444, 0.258672], 
              [0.18614, 0.160911, 0.223983, 0.428965], 
              [0.258672, 0.548801, 0.0536899, 0.138836], 
              [0.473116, 0.410044, 0.0568435, 0.059997], 
              [0.548801, 0.255519, 0.0883792, 0.107301], 
              [0.0505363, 0.861005, 0.0852256, 0.00323266], 
              [7.90889e-05, 0.0757649, 0.00323266, 0.920923], 
              [7.90889e-05, 0.432119, 7.90889e-05, 0.567723], 
              [0.577184, 0.0126934, 0.346972, 0.0631506], 
              [0.942998, 7.90889e-05, 7.90889e-05, 0.0568435], 
              [0.261826, 0.015847, 0.0631506, 0.659177], 
              [0.100994, 0.151451, 0.596105, 0.151451], 
              [0.492037, 0.0694578, 0.425812, 0.0126934], 
              [0.104147, 0.00323266, 0.892541, 7.90889e-05], 
              [0.223983, 0.0190005, 0.428965, 0.328051], 
              [0.0570231, 0.180402, 0.616972, 0.145603], 
              [0.175742, 0.14061, 0.18213, 0.501518]
            ]
          }, {
            "db": 0,
            "id": "filter11",
            "alt": "2_PAD114_IRF4_hg38",
            "len": 19,
            "nsites": 429,
            "pwm": [
              [0.16319, 0.2634, 0.354288, 0.219121], 
              [0.132586, 0.186061, 0.483666, 0.197687], 
              [0.288363, 0.346489, 0.109335, 0.255813], 
              [0.144211, 0.351139, 0.325564, 0.179086], 
              [0.0837597, 0.134911, 0.681295, 0.100035], 
              [0.504592, 0.193037, 0.0023833, 0.299988], 
              [0.741746, 0.00470834, 0.253488, 5.82615e-05], 
              [0.68362, 0.00470834, 0.311614, 5.82615e-05], 
              [5.82615e-05, 0.999825, 5.82615e-05, 5.82615e-05], 
              [5.82615e-05, 0.999825, 5.82615e-05, 5.82615e-05], 
              [0.862648, 5.82615e-05, 0.137236, 5.82615e-05], 
              [5.82615e-05, 0.999825, 5.82615e-05, 5.82615e-05], 
              [0.590618, 0.00935842, 0.399965, 5.82615e-05], 
              [0.239537, 0.160486, 0.497617, 0.10236], 
              [0.265113, 0.118635, 0.534817, 0.0814346], 
              [0.218612, 0.153511, 0.592943, 0.0349339], 
              [0.127935, 0.10701, 0.488317, 0.276738], 
              [0.0721345, 0.306963, 0.576668, 0.044234], 
              [0.225587, 0.334864, 0.38834, 0.0512091]
            ]
          }, {
            "db": 0,
            "id": "filter12",
            "alt": "2_PAD114_IRF4_hg38",
            "len": 19,
            "nsites": 622,
            "pwm": [
              [0.254019, 0.257234, 0.456558, 0.0321894], 
              [0.35724, 0.247209, 0.371591, 0.0239598], 
              [0.164027, 0.21975, 0.50792, 0.108303], 
              [0.0223296, 0.122632, 0.810419, 0.044619], 
              [0.695788, 0.194276, 0.105119, 0.00481649], 
              [0.119448, 0.199053, 0.00322438, 0.678275], 
              [4.01865e-05, 4.01865e-05, 0.999879, 4.01865e-05], 
              [4.01865e-05, 0.0318822, 4.01865e-05, 0.968037], 
              [4.01865e-05, 0.00640859, 0.993511, 4.01865e-05], 
              [0.0143691, 4.01865e-05, 0.985551, 4.01865e-05], 
              [4.01865e-05, 0.495184, 0.00800069, 0.496776], 
              [0.00163229, 0.15129, 0.00163229, 0.845446], 
              [0.178355, 0.0541716, 0.273882, 0.493591], 
              [0.224884, 0.191397, 0.164288, 0.419431], 
              [0.206077, 0.35781, 0.177328, 0.258785], 
              [0.2528, 0.203208, 0.303991, 0.240002], 
              [0.157066, 0.346138, 0.225965, 0.27083], 
              [0.218655, 0.239552, 0.245981, 0.295813], 
              [0.34137, 0.165875, 0.305949, 0.186806]
            ]
          }, {
            "db": 0,
            "id": "filter13",
            "alt": "2_PAD114_IRF4_hg38",
            "len": 19,
            "nsites": 441,
            "pwm": [
              [0.00685785, 0.00685785, 0.0680685, 0.918216], 
              [0.201825, 0.408127, 0.0521991, 0.337849], 
              [0.102074, 0.376389, 0.0544661, 0.467071], 
              [0.333314, 0.351451, 0.0816708, 0.233564], 
              [0.197291, 0.0839379, 0.639367, 0.0794038], 
              [0.605362, 0.0544661, 0.156484, 0.183689], 
              [0.437599, 5.66765e-05, 0.0703355, 0.492009], 
              [0.981693, 0.00912491, 5.66765e-05, 0.00912491], 
              [5.66765e-05, 5.66765e-05, 5.66765e-05, 0.99983], 
              [5.66765e-05, 5.66765e-05, 0.986228, 0.013659], 
              [0.99983, 5.66765e-05, 5.66765e-05, 5.66765e-05], 
              [0.00685785, 0.57589, 0.417196, 5.66765e-05], 
              [5.66765e-05, 5.66765e-05, 5.66765e-05, 0.99983], 
              [0.0544661, 0.945421, 5.66765e-05, 5.66765e-05], 
              [0.99983, 5.66765e-05, 5.66765e-05, 5.66765e-05], 
              [0.0726026, 0.165552, 0.219961, 0.541884], 
              [0.235831, 0.385457, 0.129279, 0.249433], 
              [0.376389, 0.201825, 0.19049, 0.231297], 
              [0.325723, 0.305227, 0.0979844, 0.271066]
            ]
          }, {
            "db": 0,
            "id": "filter14",
            "alt": "2_PAD114_IRF4_hg38",
            "len": 19,
            "nsites": 541,
            "pwm": [
              [0.303133, 0.33455, 0.190399, 0.171918], 
              [0.081212, 0.081212, 0.0166483, 0.820928], 
              [0.0110939, 0.0755387, 0.716304, 0.197063], 
              [0.992496, 4.62022e-05, 0.00372876, 0.00372876], 
              [0.00188748, 0.383032, 0.578208, 0.0368718], 
              [4.62022e-05, 4.62022e-05, 4.62022e-05, 0.999861], 
              [0.0663323, 0.933575, 4.62022e-05, 4.62022e-05], 
              [0.999861, 4.62022e-05, 4.62022e-05, 4.62022e-05], 
              [0.0534433, 4.62022e-05, 4.62022e-05, 0.946464], 
              [0.534017, 0.0276654, 4.62022e-05, 0.438271], 
              [0.193381, 0.143666, 0.0276654, 0.635288], 
              [0.0718561, 0.631605, 0.0460782, 0.25046], 
              [0.27808, 0.0497608, 0.43643, 0.23573], 
              [0.629764, 0.0295067, 0.270714, 0.0700148], 
              [0.528494, 0.0239828, 0.283603, 0.16392], 
              [0.966718, 0.0331892, 4.62022e-05, 4.62022e-05], 
              [0.17898, 0.37636, 0.381894, 0.0627652], 
              [0.110727, 0.173446, 0.0406291, 0.675198], 
              [0.274903, 0.214029, 0.263835, 0.247233]
            ]
          }, {
            "db": 0,
            "id": "filter15",
            "alt": "2_PAD114_IRF4_hg38",
            "len": 19,
            "nsites": 3644,
            "pwm": [
              [0.180024, 0.325464, 0.192921, 0.30159], 
              [0.0918076, 0.477863, 0.090988, 0.339342], 
              [0.125921, 0.541466, 0.0171399, 0.315473], 
              [0.138515, 0.534484, 0.191745, 0.135256], 
              [0.118606, 0.208233, 0.218793, 0.454368], 
              [0.20582, 0.200163, 0.242188, 0.351829], 
              [0.033581, 0.201989, 0.0158539, 0.748576], 
              [0.134035, 0.15015, 0.00108123, 0.714733], 
              [0.0295521, 0.714465, 0.210853, 0.0451305], 
              [0.783493, 6.8604e-06, 0.216493, 6.8604e-06], 
              [0.999979, 6.8604e-06, 6.8604e-06, 6.8604e-06], 
              [6.8604e-06, 0.244158, 0.47488, 0.280955], 
              [0.0308951, 0.225625, 0.0209571, 0.722523], 
              [0.0819718, 0.0808969, 0.461967, 0.375165], 
              [0.368531, 0.0121294, 0.336474, 0.282865], 
              [0.202002, 0.303135, 0.151436, 0.343426], 
              [0.156982, 0.261271, 0.182783, 0.398964], 
              [0.293107, 0.247889, 0.165352, 0.293652], 
              [0.207843, 0.288181, 0.201537, 0.302439]
            ]
          }, {
            "db": 0,
            "id": "filter2",
            "alt": "2_PAD114_IRF4_hg38",
            "len": 19,
            "nsites": 909501,
            "pwm": [
              [0.266456, 0.23342, 0.23567, 0.264454], 
              [0.266456, 0.23342, 0.23567, 0.264455], 
              [0.266457, 0.23342, 0.235669, 0.264454], 
              [0.266456, 0.23342, 0.23567, 0.264454], 
              [0.266456, 0.233419, 0.235671, 0.264454], 
              [0.266456, 0.233419, 0.235672, 0.264453], 
              [0.266455, 0.233419, 0.235673, 0.264453], 
              [0.266456, 0.233419, 0.235672, 0.264453], 
              [0.266456, 0.233418, 0.235672, 0.264454], 
              [0.266456, 0.233418, 0.235672, 0.264454], 
              [0.266456, 0.233418, 0.235672, 0.264454], 
              [0.266456, 0.233417, 0.235673, 0.264454], 
              [0.266457, 0.233417, 0.235672, 0.264454], 
              [0.266458, 0.233417, 0.235672, 0.264453], 
              [0.266457, 0.233417, 0.235673, 0.264453], 
              [0.266457, 0.233416, 0.235674, 0.264453], 
              [0.266458, 0.233416, 0.235673, 0.264452], 
              [0.266459, 0.233416, 0.235673, 0.264452], 
              [0.266458, 0.233417, 0.235673, 0.264452]
            ]
          }, {
            "db": 0,
            "id": "filter3",
            "alt": "2_PAD114_IRF4_hg38",
            "len": 19,
            "nsites": 7580,
            "pwm": [
              [0.337202, 0.168207, 0.123616, 0.370975], 
              [0.217403, 0.286201, 0.188443, 0.307954], 
              [0.352372, 0.146845, 0.136934, 0.363848], 
              [0.334714, 0.149153, 0.276921, 0.239212], 
              [0.228469, 0.107532, 0.31034, 0.35366], 
              [0.245375, 0.184096, 0.293293, 0.277235], 
              [0.224017, 0.127389, 0.262847, 0.385747], 
              [0.109227, 0.156949, 0.394792, 0.339032], 
              [0.139187, 0.0652696, 0.530912, 0.264631], 
              [0.123891, 0.178219, 0.252602, 0.445288], 
              [0.0820255, 0.42482, 0.194727, 0.298427], 
              [0.0679451, 0.299911, 0.170999, 0.461146], 
              [0.218134, 0.034019, 0.506825, 0.241022], 
              [0.256148, 0.0538555, 0.21743, 0.472566], 
              [3.29811e-06, 0.99999, 3.29811e-06, 3.29811e-06], 
              [0.944253, 0.00214703, 0.0369511, 0.0166487], 
              [0.993559, 0.000381603, 3.29811e-06, 0.00605618], 
              [0.358496, 0.0789097, 0.248483, 0.314111], 
              [0.388619, 0.349503, 0.196597, 0.0652806]
            ]
          }, {
            "db": 0,
            "id": "filter4",
            "alt": "2_PAD114_IRF4_hg38",
            "len": 19,
            "nsites": 2321,
            "pwm": [
              [0.441612, 0.0788527, 0.312794, 0.166742], 
              [0.489968, 0.049902, 0.245629, 0.2145], 
              [0.103016, 0.597696, 0.0237486, 0.275539], 
              [0.0261479, 0.743233, 0.0493341, 0.181285], 
              [0.498939, 0.200758, 0.185639, 0.114664], 
              [1.07708e-05, 0.983657, 1.07708e-05, 0.0163212], 
              [0.744019, 1.07708e-05, 0.254705, 0.00126543], 
              [1.07708e-05, 0.00377473, 0.12213, 0.874084], 
              [0.0150666, 0.39899, 0.00419294, 0.581751], 
              [0.015903, 0.0154848, 1.07708e-05, 0.968601], 
              [0.177335, 0.442066, 0.0418325, 0.338767], 
              [0.0435235, 0.177827, 0.00252112, 0.776128], 
              [0.397225, 0.196311, 0.170305, 0.236158], 
              [0.199414, 0.334169, 0.0743149, 0.392101], 
              [0.200508, 0.386262, 0.066141, 0.347089], 
              [0.385292, 0.305448, 0.0794328, 0.229828], 
              [0.323439, 0.171686, 0.127602, 0.377273], 
              [0.224344, 0.372768, 0.129352, 0.273536], 
              [0.47827, 0.267887, 0.115423, 0.13842]
            ]
          }, {
            "db": 0,
            "id": "filter5",
            "alt": "2_PAD114_IRF4_hg38",
            "len": 19,
            "nsites": 4972,
            "pwm": [
              [0.0126757, 0.584265, 0.280571, 0.122488], 
              [0.271726, 0.264918, 0.0290393, 0.434317], 
              [5.02806e-06, 5.02806e-06, 5.02806e-06, 0.999985], 
              [0.00539522, 0.0946328, 5.02806e-06, 0.899967], 
              [5.02806e-06, 5.02806e-06, 0.999985, 5.02806e-06], 
              [0.18966, 0.244959, 0.24975, 0.315631], 
              [0.0519106, 0.632254, 0.0215658, 0.294269], 
              [0.626864, 0.254342, 0.0922372, 0.0265567], 
              [0.136212, 0.422605, 0.396242, 0.0449412], 
              [0.456853, 0.143145, 0.222223, 0.177779], 
              [0.404893, 0.23114, 0.298956, 0.0650118], 
              [0.253425, 0.232071, 0.310031, 0.204473], 
              [0.293796, 0.192767, 0.37078, 0.142657], 
              [0.188757, 0.400849, 0.270144, 0.14025], 
              [0.207621, 0.387324, 0.170336, 0.234719], 
              [0.258638, 0.428539, 0.124721, 0.188102], 
              [0.280517, 0.350799, 0.182287, 0.186397], 
              [0.196908, 0.2767, 0.241856, 0.284535], 
              [0.262557, 0.248028, 0.200707, 0.288708]
            ]
          }, {
            "db": 0,
            "id": "filter6",
            "alt": "2_PAD114_IRF4_hg38",
            "len": 19,
            "nsites": 482,
            "pwm": [
              [0.435646, 0.170141, 0.292522, 0.101691], 
              [0.270099, 0.0845704, 0.406153, 0.239178], 
              [0.184818, 0.252566, 0.400379, 0.162236], 
              [0.309847, 0.193171, 0.295765, 0.201217], 
              [0.273995, 0.240002, 0.259998, 0.226005], 
              [0.391703, 0.165372, 0.279521, 0.163404], 
              [0.21596, 0.171223, 0.202345, 0.410473], 
              [0.295136, 0.231072, 0.132063, 0.341729], 
              [0.127439, 0.125508, 0.281847, 0.465206], 
              [0.309874, 0.058975, 0.570276, 0.0608757], 
              [0.0473905, 0.21781, 0.371187, 0.363613], 
              [5.18565e-05, 0.209746, 0.0524754, 0.737727], 
              [0.00752695, 0.015002, 0.977419, 5.18565e-05], 
              [5.18565e-05, 0.173848, 0.818574, 0.00752695], 
              [0.999844, 5.18565e-05, 5.18565e-05, 5.18565e-05], 
              [0.642909, 0.108441, 5.18565e-05, 0.248598], 
              [0.476588, 0.375675, 0.00565817, 0.142078], 
              [0.983025, 5.18565e-05, 0.0168708, 5.18565e-05], 
              [0.801755, 5.18565e-05, 0.198142, 5.18565e-05]
            ]
          }, {
            "db": 0,
            "id": "filter7",
            "alt": "2_PAD114_IRF4_hg38",
            "len": 19,
            "nsites": 863,
            "pwm": [
              [0.283889, 0.242179, 0.396275, 0.0776561], 
              [0.573543, 0.0985112, 0.195835, 0.132111], 
              [0.114732, 0.0104565, 0.872466, 0.0023462], 
              [0.362675, 0.00118758, 0.636108, 2.89654e-05], 
              [0.996437, 2.89654e-05, 2.89654e-05, 0.00350481], 
              [0.999913, 2.89654e-05, 2.89654e-05, 2.89654e-05], 
              [0.105463, 0.473902, 0.420606, 2.89654e-05], 
              [0.096194, 0.0741803, 0.00813927, 0.821486], 
              [2.89654e-05, 2.89654e-05, 0.999913, 2.89654e-05], 
              [0.939665, 2.89654e-05, 0.0602769, 2.89654e-05], 
              [0.999913, 2.89654e-05, 2.89654e-05, 2.89654e-05], 
              [0.999913, 2.89654e-05, 2.89654e-05, 2.89654e-05], 
              [0.0301529, 0.717211, 0.252607, 2.89654e-05], 
              [0.0023462, 0.195835, 0.0023462, 0.799473], 
              [0.354565, 0.137904, 0.431033, 0.0764975], 
              [0.457053, 0.24246, 0.197222, 0.103265], 
              [0.432035, 0.214871, 0.166096, 0.186999], 
              [0.40997, 0.159128, 0.255516, 0.175386], 
              [0.287539, 0.209551, 0.189763, 0.313148]
            ]
          }, {
            "db": 0,
            "id": "filter8",
            "alt": "2_PAD114_IRF4_hg38",
            "len": 19,
            "nsites": 756,
            "pwm": [
              [0.316129, 0.0185491, 0.437806, 0.227516], 
              [0.183495, 0.0380359, 0.695878, 0.082591], 
              [0.394476, 0.035415, 0.368267, 0.201841], 
              [0.531989, 0.0379366, 0.129428, 0.300647], 
              [0.381184, 0.0117809, 0.157976, 0.44906], 
              [0.806967, 0.0143728, 0.0938929, 0.0847676], 
              [0.336364, 0.0951965, 0.0978037, 0.470636], 
              [0.851483, 0.0182598, 0.0208636, 0.109394], 
              [0.327688, 0.0299381, 0.375796, 0.266578], 
              [0.687848, 0.00653415, 0.300383, 0.00523394], 
              [0.131355, 0.0689446, 3.30644e-05, 0.799667], 
              [0.81917, 3.30644e-05, 0.179463, 0.00133328], 
              [0.188565, 3.30644e-05, 0.384898, 0.426505], 
              [0.479814, 0.0767459, 0.111852, 0.331589], 
              [0.660544, 0.011735, 0.0923486, 0.235373], 
              [0.583831, 0.0728453, 0.284781, 0.0585429], 
              [0.0390396, 0.904985, 0.00913459, 0.0468409], 
              [0.179697, 0.53642, 0.179697, 0.104186], 
              [0.69616, 0.0130692, 0.250326, 0.0404449]
            ]
          }, {
            "db": 0,
            "id": "filter9",
            "alt": "2_PAD114_IRF4_hg38",
            "len": 19,
            "nsites": 940,
            "pwm": [
              [0.401048, 0.218089, 0.190432, 0.190432], 
              [0.168441, 0.404645, 0.188566, 0.238349], 
              [0.137578, 0.222225, 0.0804413, 0.559755], 
              [0.135176, 0.447709, 0.123562, 0.293554], 
              [0.0042411, 0.374065, 0.0316355, 0.590059], 
              [0.00318748, 0.975687, 0.00634836, 0.0147774], 
              [0.944078, 2.65929e-05, 0.0558689, 2.65929e-05], 
              [2.65929e-05, 0.879807, 0.00108022, 0.119087], 
              [2.65929e-05, 2.65929e-05, 2.65929e-05, 0.99992], 
              [2.65929e-05, 2.65929e-05, 2.65929e-05, 0.99992], 
              [2.65929e-05, 0.99992, 2.65929e-05, 2.65929e-05], 
              [2.65929e-05, 0.99992, 2.65929e-05, 2.65929e-05], 
              [2.65929e-05, 0.0737806, 0.157017, 0.769176], 
              [0.00318748, 0.590059, 0.371958, 0.0347963], 
              [0.0590298, 0.347724, 0.0453326, 0.547914], 
              [0.0738584, 0.260547, 0.0548731, 0.610721], 
              [0.0751509, 0.220109, 0.0190722, 0.685668], 
              [0.0784081, 0.419474, 0.153612, 0.348506], 
              [0.249734, 0.253985, 0.193417, 0.302864]
            ]
          }
        ],
        "targets": [
          {
            "db": 0,
            "id": "MA0002.2",
            "alt": "RUNX1",
            "len": 11,
            "nsites": 2000,
            "url": "http://jaspar.genereg.net/matrix/MA0002.2",
            "pwm": [
              [0.143505, 0.248, 0.347995, 0.260499], 
              [0.117007, 0.2425, 0.233501, 0.406992], 
              [0.0615094, 0.535986, 0.0745088, 0.327996], 
              [0.0285111, 1.24994e-05, 0.00351232, 0.967964], 
              [1.24994e-05, 0.0375106, 0.935966, 0.0265112], 
              [0.0435103, 0.0635093, 0.0350107, 0.85797], 
              [1.24994e-05, 1.24994e-05, 0.993463, 0.00651217], 
              [0.00851207, 0.0210114, 0.923966, 0.0465102], 
              [0.00501225, 0.200002, 0.125506, 0.669479], 
              [0.0655092, 0.231501, 0.0405105, 0.662479], 
              [0.25, 0.0790085, 0.144505, 0.526486]
            ]
          }, {
            "db": 0,
            "id": "MA0003.4",
            "alt": "TFAP2A",
            "len": 14,
            "nsites": 15968,
            "url": "http://jaspar.genereg.net/matrix/MA0003.4",
            "pwm": [
              [0.27148, 0.256263, 0.25501, 0.217247], 
              [0.173034, 0.289329, 0.211298, 0.32634], 
              [0.177981, 0.164956, 0.237412, 0.419651], 
              [0.0681371, 0.22639, 0.623808, 0.0816641], 
              [0.0175365, 0.959477, 0.0117125, 0.0112745], 
              [0.00726652, 0.961356, 0.0132785, 0.0181005], 
              [0.0174115, 0.0734601, 0.0469703, 0.862158], 
              [0.0331924, 0.847691, 0.088052, 0.0310634], 
              [0.849633, 0.0462813, 0.0769671, 0.0271184], 
              [0.0116495, 0.0135915, 0.966429, 0.00833051], 
              [0.00964551, 0.0146555, 0.965803, 0.0098965], 
              [0.0764661, 0.591493, 0.256638, 0.0754021], 
              [0.264279, 0.299537, 0.19107, 0.245115], 
              [0.325902, 0.245178, 0.240544, 0.188377]
            ]
          }, {
            "db": 0,
            "id": "MA0004.1",
            "alt": "Arnt",
            "len": 6,
            "nsites": 20,
            "url": "http://jaspar.genereg.net/matrix/MA0004.1",
            "pwm": [
              [0.200249, 0.797264, 0.00124378, 0.00124378], 
              [0.946517, 0.00124378, 0.050995, 0.00124378], 
              [0.00124378, 0.996269, 0.00124378, 0.00124378], 
              [0.00124378, 0.00124378, 0.996269, 0.00124378], 
              [0.00124378, 0.00124378, 0.00124378, 0.996269], 
              [0.00124378, 0.00124378, 0.996269, 0.00124378]
            ]
          }, {
            "db": 0,
            "id": "MA0018.4",
            "alt": "CREB1",
            "len": 13,
            "nsites": 79544,
            "url": "http://jaspar.genereg.net/matrix/MA0018.4",
            "pwm": [
              [0.268971, 0.22414, 0.195741, 0.311149], 
              [0.265111, 0.189153, 0.265312, 0.280423], 
              [0.359135, 0.163834, 0.349442, 0.12759], 
              [0.0240243, 0.0121953, 0.0139423, 0.949838], 
              [0.0217243, 0.0288903, 0.912136, 0.0372503], 
              [0.924079, 0.0219753, 0.0252943, 0.0286513], 
              [0.0274823, 0.177814, 0.0796922, 0.715012], 
              [0.0178143, 0.0238233, 0.935343, 0.0230193], 
              [0.111749, 0.0154763, 0.0151743, 0.8576], 
              [0.0444163, 0.904932, 0.0273693, 0.0232833], 
              [0.95317, 0.0127983, 0.0153633, 0.0186693], 
              [0.129325, 0.271322, 0.186086, 0.413268], 
              [0.282711, 0.275018, 0.170346, 0.271925]
            ]
          }, {
            "db": 0,
            "id": "MA0028.2",
            "alt": "ELK1",
            "len": 10,
            "nsites": 67234,
            "url": "http://jaspar.genereg.net/matrix/MA0028.2",
            "pwm": [
              [0.681306, 0.0409023, 0.192745, 0.0850462], 
              [0.0249703, 0.939861, 0.0303253, 0.00484236], 
              [0.00776336, 0.990506, 0.00127637, 0.000454371], 
              [3.71835e-07, 0.000458371, 0.998974, 0.000567371], 
              [8.63717e-05, 0.000880371, 0.983721, 0.0153123], 
              [0.993062, 0.00505136, 0.00134437, 0.000542371], 
              [0.94711, 0.00688536, 0.00124137, 0.0447643], 
              [0.0585883, 0.0458643, 0.889835, 0.00571136], 
              [0.0169143, 0.116499, 0.0207373, 0.845849], 
              [0.289781, 0.145676, 0.377082, 0.18746]
            ]
          }, {
            "db": 0,
            "id": "MA0038.2",
            "alt": "GFI1",
            "len": 12,
            "nsites": 30146,
            "url": "http://jaspar.genereg.net/matrix/MA0038.2",
            "pwm": [
              [0.121675, 0.383965, 0.244676, 0.249685], 
              [0.624094, 0.331019, 0.0264687, 0.0184178], 
              [0.999932, 6.68291e-05, 8.29295e-07, 8.29295e-07], 
              [0.999965, 8.29295e-07, 8.29295e-07, 3.38292e-05], 
              [8.29295e-07, 8.29295e-07, 8.29295e-07, 0.999998], 
              [0.000497828, 0.999169, 8.29295e-07, 0.000332828], 
              [0.948327, 8.29295e-07, 8.29295e-07, 0.0516717], 
              [0.0257897, 0.85456, 0.119649, 8.29295e-07], 
              [0.257007, 0.00179182, 0.276943, 0.464257], 
              [0.0740916, 0.0085918, 0.888636, 0.0286807], 
              [0.0091588, 0.874735, 8.29295e-07, 0.116105], 
              [0.554383, 0.173185, 0.135304, 0.137128]
            ]
          }, {
            "db": 0,
            "id": "MA0039.4",
            "alt": "KLF4",
            "len": 12,
            "nsites": 55817,
            "url": "http://jaspar.genereg.net/matrix/MA0039.4",
            "pwm": [
              [0.2252, 0.313883, 0.255173, 0.205744], 
              [0.205798, 0.2515, 0.330957, 0.211746], 
              [0.0441624, 0.881612, 0.0283614, 0.0458644], 
              [0.0377134, 0.857533, 0.0217504, 0.0830033], 
              [0.125786, 0.813461, 0.0254764, 0.0352764], 
              [0.0210154, 0.947291, 0.0142074, 0.0174864], 
              [0.81699, 0.00288444, 0.118208, 0.0619173], 
              [0.0152644, 0.938172, 0.0263364, 0.0202274], 
              [0.0289704, 0.915706, 0.0335024, 0.0218214], 
              [0.0215354, 0.914505, 0.0180054, 0.0459544], 
              [0.291381, 0.326943, 0.112726, 0.26895], 
              [0.178422, 0.344286, 0.25838, 0.218912]
            ]
          }, {
            "db": 0,
            "id": "MA0050.2",
            "alt": "IRF1",
            "len": 21,
            "nsites": 1362,
            "url": "http://jaspar.genereg.net/matrix/MA0050.2",
            "pwm": [
              [0.232013, 0.23495, 0.195305, 0.337733], 
              [0.184293, 0.20852, 0.184293, 0.422894], 
              [0.127028, 0.237886, 0.15566, 0.479425], 
              [0.101333, 0.315707, 0.108674, 0.474286], 
              [0.539627, 0.0741689, 0.26505, 0.121154], 
              [0.0176381, 0.581474, 0.371503, 0.0293852], 
              [0.00882871, 1.8354e-05, 1.8354e-05, 0.991135], 
              [1.8354e-05, 0.0227777, 1.8354e-05, 0.977186], 
              [1.8354e-05, 0.0411313, 0.00295514, 0.955895], 
              [1.8354e-05, 0.916985, 1.8354e-05, 0.0829783], 
              [0.670307, 0.0286503, 0.174749, 0.126294], 
              [0.0147013, 0.577803, 0.253304, 0.154192], 
              [0.0117645, 0.0007523, 1.8354e-05, 0.987464], 
              [0.00515798, 0.0102966, 0.00368908, 0.980856], 
              [0.00809376, 0.0425992, 1.8354e-05, 0.949288], 
              [0.0124994, 0.751064, 0.0205748, 0.215862], 
              [0.376643, 0.179888, 0.193102, 0.250367], 
              [0.160066, 0.340668, 0.213659, 0.285606], 
              [0.106472, 0.136572, 0.0837122, 0.673244], 
              [0.145382, 0.141711, 0.0727, 0.640206], 
              [0.121889, 0.243026, 0.110876, 0.524209]
            ]
          }, {
            "db": 0,
            "id": "MA0051.1",
            "alt": "IRF2",
            "len": 18,
            "nsites": 12,
            "url": "http://jaspar.genereg.net/matrix/MA0051.1",
            "pwm": [
              [0.00206612, 0.332644, 0.580578, 0.0847104], 
              [0.167356, 0.00206612, 0.828512, 0.00206612], 
              [0.993802, 0.00206612, 0.00206612, 0.00206612], 
              [0.911157, 0.00206612, 0.00206612, 0.0847104], 
              [0.993802, 0.00206612, 0.00206612, 0.00206612], 
              [0.167356, 0.00206612, 0.828512, 0.00206612], 
              [0.00206612, 0.497934, 0.00206612, 0.497934], 
              [0.00206612, 0.00206612, 0.993802, 0.00206612], 
              [0.993802, 0.00206612, 0.00206612, 0.00206612], 
              [0.993802, 0.00206612, 0.00206612, 0.00206612], 
              [0.993802, 0.00206612, 0.00206612, 0.00206612], 
              [0.00206612, 0.497934, 0.497934, 0.00206612], 
              [0.00206612, 0.580578, 0.167356, 0.25], 
              [0.41529, 0.167356, 0.25, 0.167356], 
              [0.497934, 0.00206612, 0.167356, 0.332644], 
              [0.497934, 0.0847104, 0.0847104, 0.332644], 
              [0.41529, 0.167356, 0.0847104, 0.332644], 
              [0.25, 0.497934, 0.0847104, 0.167356]
            ]
          }, {
            "db": 0,
            "id": "MA0052.4",
            "alt": "MEF2A",
            "len": 15,
            "nsites": 16162,
            "url": "http://jaspar.genereg.net/matrix/MA0052.4",
            "pwm": [
              [0.314008, 0.131111, 0.2259, 0.328982], 
              [0.249536, 0.121273, 0.277998, 0.351193], 
              [0.122758, 0.675594, 0.0623082, 0.13934], 
              [0.0387963, 0.184012, 0.0146035, 0.762588], 
              [0.769518, 0.0626792, 0.0659581, 0.101845], 
              [0.81252, 0.0156554, 0.0377443, 0.134081], 
              [0.908299, 0.00872549, 0.0313094, 0.0516652], 
              [0.894254, 0.0142945, 0.0149135, 0.0765391], 
              [0.925377, 0.0107055, 0.0124995, 0.0514182], 
              [0.0272874, 0.0215954, 0.0133045, 0.937813], 
              [0.964109, 0.00309553, 0.0261124, 0.00668351], 
              [0.158768, 0.0655871, 0.687041, 0.088604], 
              [0.476982, 0.249907, 0.0993079, 0.173803], 
              [0.381821, 0.21798, 0.111992, 0.288207], 
              [0.325084, 0.235862, 0.153385, 0.28567]
            ]
          }, {
            "db": 0,
            "id": "MA0056.2",
            "alt": "MZF1",
            "len": 13,
            "nsites": 8242,
            "url": "http://jaspar.genereg.net/matrix/MA0056.2",
            "pwm": [
              [0.259767, 0.274205, 0.219364, 0.246663], 
              [0.300533, 0.235865, 0.187213, 0.276389], 
              [0.71038, 0.123273, 0.12121, 0.0451375], 
              [0.86738, 0.0516884, 0.0467145, 0.0342176], 
              [0.0128639, 0.00679695, 0.0118929, 0.968445], 
              [0.0121359, 0.964441, 0.0121359, 0.0112869], 
              [0.0163828, 0.963228, 0.00655495, 0.0138349], 
              [0.0134709, 0.960801, 0.00703995, 0.0186878], 
              [0.0141989, 0.930955, 0.0100729, 0.0447735], 
              [0.732341, 0.0741341, 0.0587263, 0.134798], 
              [0.205412, 0.364838, 0.184786, 0.244965], 
              [0.254307, 0.252123, 0.179812, 0.313758], 
              [0.213783, 0.267653, 0.215118, 0.303445]
            ]
          }, {
            "db": 0,
            "id": "MA0058.3",
            "alt": "MAX",
            "len": 10,
            "nsites": 6877,
            "url": "http://jaspar.genereg.net/matrix/MA0058.3",
            "pwm": [
              [0.480875, 0.226261, 0.18831, 0.104553], 
              [0.278545, 0.40858, 0.220218, 0.0926573], 
              [0.00564355, 0.994349, 3.63525e-06, 3.63525e-06], 
              [0.982134, 3.63525e-06, 0.0124305, 0.00543156], 
              [3.63525e-06, 0.966807, 0.000987621, 0.0322022], 
              [0.045301, 0.00537356, 0.946706, 0.0026196], 
              [0.00968949, 0.0223223, 0.00281059, 0.965178], 
              [3.63525e-06, 0.00389458, 0.99091, 0.00519156], 
              [0.195056, 0.356362, 0.238255, 0.210328], 
              [0.163177, 0.323588, 0.143399, 0.369835]
            ]
          }, {
            "db": 0,
            "id": "MA0059.1",
            "alt": "MAX::MYC",
            "len": 11,
            "nsites": 21,
            "url": "http://jaspar.genereg.net/matrix/MA0059.1",
            "pwm": [
              [0.332938, 0.0485782, 0.427725, 0.190758], 
              [0.712086, 0.0485782, 0.190758, 0.0485782], 
              [0.0959715, 0.427725, 0.427725, 0.0485782], 
              [0.0485782, 0.949052, 0.00118483, 0.00118483], 
              [0.996445, 0.00118483, 0.00118483, 0.00118483], 
              [0.00118483, 0.949052, 0.00118483, 0.0485782], 
              [0.0485782, 0.00118483, 0.949052, 0.00118483], 
              [0.00118483, 0.0485782, 0.00118483, 0.949052], 
              [0.00118483, 0.00118483, 0.996445, 0.00118483], 
              [0.0485782, 0.0485782, 0.854266, 0.0485782], 
              [0.143365, 0.238151, 0.00118483, 0.617299]
            ]
          }, {
            "db": 0,
            "id": "MA0062.3",
            "alt": "GABPA",
            "len": 14,
            "nsites": 65479,
            "url": "http://jaspar.genereg.net/matrix/MA0062.3",
            "pwm": [
              [0.242627, 0.258434, 0.243513, 0.255425], 
              [0.167703, 0.331083, 0.210006, 0.291208], 
              [0.116663, 0.632232, 0.106737, 0.144367], 
              [0.798117, 0.0609053, 0.0744213, 0.0665563], 
              [0.0141884, 0.850104, 0.0331253, 0.102583], 
              [0.0593323, 0.0220383, 0.0147384, 0.903892], 
              [0.0131654, 0.0187854, 0.0249393, 0.943111], 
              [0.0213503, 0.937292, 0.0175634, 0.0237943], 
              [0.0151654, 0.963774, 0.00794137, 0.0131194], 
              [0.0262993, 0.0235503, 0.0696563, 0.880495], 
              [0.0338893, 0.0966422, 0.792925, 0.0765443], 
              [0.0816143, 0.183356, 0.1179, 0.617128], 
              [0.181783, 0.277249, 0.230318, 0.310649], 
              [0.206509, 0.265459, 0.201393, 0.326639]
            ]
          }, {
            "db": 0,
            "id": "MA0063.2",
            "alt": "NKX2-5",
            "len": 11,
            "nsites": 5444,
            "url": "http://jaspar.genereg.net/matrix/MA0063.2",
            "pwm": [
              [0.316494, 0.188098, 0.309881, 0.185526], 
              [0.280308, 0.30235, 0.242101, 0.17524], 
              [0.0176383, 0.918798, 0.00441351, 0.0591515], 
              [0.963617, 0.00882143, 0.0139643, 0.0135973], 
              [0.0264551, 0.936431, 0.00900543, 0.0281081], 
              [0.0248021, 0.0150663, 0.0112094, 0.948922], 
              [0.0407828, 0.79334, 0.0113934, 0.154484], 
              [0.885183, 0.0220472, 0.0398639, 0.0529056], 
              [0.905756, 0.030313, 0.0180053, 0.0459257], 
              [0.272777, 0.258266, 0.271492, 0.197466], 
              [0.335597, 0.229794, 0.199119, 0.235489]
            ]
          }, {
            "db": 0,
            "id": "MA0070.1",
            "alt": "PBX1",
            "len": 12,
            "nsites": 18,
            "url": "http://jaspar.genereg.net/matrix/MA0070.1",
            "pwm": [
              [0.277625, 0.332873, 0.111878, 0.277625], 
              [0.167127, 0.498619, 0.167127, 0.167127], 
              [0.885359, 0.0566303, 0.0566303, 0.00138122], 
              [0.0566303, 0.0566303, 0.00138122, 0.885359], 
              [0.00138122, 0.995856, 0.00138122, 0.00138122], 
              [0.940607, 0.0566303, 0.00138122, 0.00138122], 
              [0.940607, 0.00138122, 0.00138122, 0.0566303], 
