<!DOCTYPE HTML>
<html>
  <head>
    <meta charset="UTF-8">
    <title>STREME</title>
    <script>
      // @JSON_VAR data
      var data = {
        "program": "streme",
        "version": "5.3.0",
        "release": "Wed Nov 25 19:19:29 2020 -0800",
        "cmd": ["streme", "--p", "WT.fa", "--oc", "WT", "--maxw", "21"],
        "options": {
          "strands": "both",
          "objfun": "Differential Enrichment",
          "test": "Binomial Test",
          "minw": 8,
          "maxw": 21,
          "kmer": 3,
          "hofract": 0.1,
          "neval": 25,
          "nref": 4,
          "niter": 20,
          "patience": 3,
          "seed": 0,
          "useer": false,
          "minscore": 0,
          "ignore_depth": 5,
          "nsubsets": 1,
          "min_pal_ratio": 0.85,
          "max_pal_ed": 5,
          "cand": false,
          "experimental": false,
          "totallength": 0,
          "stop": {
            "pvt": "0.05"
          }
        },
        "alphabet": {
          "name": "DNA",
          "like": "dna",
          "ncore": 4,
          "symbols": [
            {
              "symbol": "A",
              "name": "Adenine",
              "colour": "CC0000",
              "complement": "T"
            }, {
              "symbol": "C",
              "name": "Cytosine",
              "colour": "0000CC",
              "complement": "G"
            }, {
              "symbol": "G",
              "name": "Guanine",
              "colour": "FFB300",
              "complement": "C"
            }, {
              "symbol": "T",
              "aliases": "U",
              "name": "Thymine",
              "colour": "008000",
              "complement": "A"
            }, {
              "symbol": "N",
              "aliases": "X.",
              "name": "Any base",
              "equals": "ACGT"
            }, {
              "symbol": "V",
              "name": "Not T",
              "equals": "ACG"
            }, {
              "symbol": "H",
              "name": "Not G",
              "equals": "ACT"
            }, {
              "symbol": "D",
              "name": "Not C",
              "equals": "AGT"
            }, {
              "symbol": "B",
              "name": "Not A",
              "equals": "CGT"
            }, {
              "symbol": "M",
              "name": "Amino",
              "equals": "AC"
            }, {
              "symbol": "R",
              "name": "Purine",
              "equals": "AG"
            }, {
              "symbol": "W",
              "name": "Weak",
              "equals": "AT"
            }, {
              "symbol": "S",
              "name": "Strong",
              "equals": "CG"
            }, {
              "symbol": "Y",
              "name": "Pyrimidine",
              "equals": "CT"
            }, {
              "symbol": "K",
              "name": "Keto",
              "equals": "GT"
            }
          ]
        },
        "background": {
          "freqs": [0.266, 0.234, 0.234, 0.266]
        },
        "train_positives": {
          "file": "WT.fa",
          "count": 25432,
          "positions": 10241775
        },
        "train_negatives": {
          "from": "shuffled",
          "count": 25432,
          "positions": 10246615
        },
        "test_positives": {
          "count": 2825,
          "positions": 1132751
        },
        "test_negatives": {
          "count": 2825,
          "positions": 1124172
        },
        "sequence_db": {},
        "motifs": [
          {
            "db": 0,
            "id": "1-GGAASTGAAASY",
            "alt": "STREME-1",
            "width": 12,
            "initial_width": 10,
            "seed": "GGAAGTGAAACT",
            "score_threshold": 10.6194,
            "train_pos_count": 6354,
            "train_neg_count": 1488,
            "train_log_pvalue": -708.316,
            "train_pvalue": "4.8e-709",
            "train_dtc": -1.0,
            "train_bernoulli": 0.499877,
            "test_pos_count": 715,
            "test_neg_count": 147,
            "test_log_pvalue": -88.8832,
            "test_pvalue": "1.3e-089",
            "test_dtc": -1.0,
            "test_bernoulli": 0.499877,
            "elapsed_time": 1279.2,
            "len": 12,
            "nsites": 7069,
            "evalue": "1.3e-089",
            "pwm": [
              [0.205161, 0.00334924, 0.787287, 0.00420301], 
              [0.290753, 0.00983322, 0.675074, 0.0243404], 
              [0.985455, 8.66961e-06, 8.66961e-06, 0.0145275], 
              [0.966948, 8.66961e-06, 8.66961e-06, 0.0330344], 
              [0.143628, 0.361813, 0.475479, 0.0190796], 
              [0.0180257, 0.0957829, 0.00186891, 0.884322], 
              [0.0109197, 8.66961e-06, 0.989062, 9.83148e-06], 
              [0.965888, 0.0022583, 0.0312004, 0.000653446], 
              [0.827721, 0.00737846, 0.137539, 0.0273621], 
              [0.989267, 8.66961e-06, 0.00919954, 0.00152462], 
              [0.107524, 0.529573, 0.30173, 0.0611729], 
              [0.163582, 0.297236, 0.0421848, 0.496997]
            ]
          }, {
            "db": 0,
            "id": "2-CTGGGATTACAGGCRTGAGCC",
            "alt": "STREME-2",
            "width": 21,
            "initial_width": 21,
            "seed": "CTGGGATTACAGGCGTGAGCC",
            "score_threshold": 14.395,
            "train_pos_count": 2402,
            "train_neg_count": 4,
            "train_log_pvalue": -712.393,
            "train_pvalue": "4.0e-713",
            "train_dtc": -1.0,
            "train_bernoulli": 0.499877,
            "test_pos_count": 295,
            "test_neg_count": 0,
            "test_log_pvalue": -88.2909,
            "test_pvalue": "5.1e-089",
            "test_dtc": -1.0,
            "test_bernoulli": 0.499877,
            "elapsed_time": 262.7,
            "len": 21,
            "nsites": 2697,
            "evalue": "5.1e-089",
            "pwm": [
              [0.00340442, 0.922872, 0.0110259, 0.0626977], 
              [0.00509851, 0.0169552, 0.0017084, 0.976238], 
              [0.0737093, 0.0034025, 0.920754, 0.00213385], 
              [0.0749799, 0.00679069, 0.913554, 0.00467499], 
              [0.0381333, 0.00721421, 0.94786, 0.0067926], 
              [0.972003, 0.00297898, 0.0194964, 0.00552203], 
              [0.00298089, 0.164765, 0.00382602, 0.828428], 
              [0.00340442, 0.0317786, 0.0122965, 0.952521], 
              [0.972003, 0.00382602, 0.0190729, 0.00509851], 
              [0.00509851, 0.912284, 0.00975535, 0.0728623], 
              [0.973273, 0.00552012, 0.0131435, 0.00806317], 
              [0.0385569, 0.00763773, 0.949554, 0.00425146], 
              [0.0660859, 0.00806126, 0.919484, 0.00636908], 
              [0.0169572, 0.712804, 0.0122965, 0.257942], 
              [0.365093, 0.0173788, 0.598029, 0.0194983], 
              [0.0101808, 0.185518, 0.00679069, 0.797511], 
              [0.0834504, 0.0842955, 0.819532, 0.0127219], 
              [0.678077, 0.175353, 0.0131435, 0.133426], 
              [0.125803, 0.00933183, 0.858496, 0.00636908], 
              [0.0118749, 0.911013, 0.0101789, 0.0669329], 
              [0.0169572, 0.943201, 0.0034025, 0.0364392]
            ]
          }, {
            "db": 0,
            "id": "3-ASWCCAGCCTGGGCAACA",
            "alt": "STREME-3",
            "width": 18,
            "initial_width": 14,
            "seed": "ACTCCAGCCTGGGCGACA",
            "score_threshold": 14.7924,
            "train_pos_count": 2589,
            "train_neg_count": 12,
            "train_log_pvalue": -750.963,
            "train_pvalue": "1.1e-751",
            "train_dtc": -1.0,
            "train_bernoulli": 0.499877,
            "test_pos_count": 289,
            "test_neg_count": 0,
            "test_log_pvalue": -86.4991,
            "test_pvalue": "3.2e-087",
            "test_dtc": -1.0,
            "test_bernoulli": 0.499877,
            "elapsed_time": 579.9,
            "len": 18,
            "nsites": 2878,
            "evalue": "3.2e-087",
            "pwm": [
              [0.965839, 0.0151344, 0.0143589, 0.00466756], 
              [0.0259925, 0.541278, 0.409451, 0.0232784], 
              [0.423411, 0.00970624, 0.0182362, 0.548646], 
              [0.0166871, 0.93637, 0.0135835, 0.0333593], 
              [0.00466756, 0.945676, 0.00272718, 0.0469296], 
              [0.977471, 0.00505353, 0.0108694, 0.00660619], 
              [0.0283188, 0.00970624, 0.912331, 0.0496437], 
              [0.00389211, 0.949941, 0.00505353, 0.0411138], 
              [0.00660619, 0.952267, 0.0112571, 0.0298697], 
              [0.00505529, 0.0135835, 0.00311491, 0.978246], 
              [0.0399506, 0.00544126, 0.94839, 0.00621847], 
              [0.0853145, 0.00582898, 0.899924, 0.00893254], 
              [0.0267679, 0.286542, 0.667676, 0.0190134], 
              [0.0174625, 0.763445, 0.00621671, 0.212876], 
              [0.66225, 0.00854306, 0.322988, 0.00621847], 
              [0.974369, 0.00350263, 0.017073, 0.00505529], 
              [0.0170748, 0.90574, 0.0228889, 0.0542964], 
              [0.9639, 0.00505353, 0.0283171, 0.00272894]
            ]
          }, {
            "db": 0,
            "id": "4-GGGAGGCYGAGGCRGGAG",
            "alt": "STREME-4",
            "width": 18,
            "initial_width": 10,
            "seed": "GGGAGGCTGAGGCAGGAG",
            "score_threshold": 14.0714,
            "train_pos_count": 2601,
            "train_neg_count": 62,
            "train_log_pvalue": -675.341,
            "train_pvalue": "4.6e-676",
            "train_dtc": -1.0,
            "train_bernoulli": 0.499877,
            "test_pos_count": 313,
            "test_neg_count": 7,
            "test_log_pvalue": -81.9869,
            "test_pvalue": "1.0e-082",
            "test_dtc": -1.0,
            "test_bernoulli": 0.499877,
            "elapsed_time": 906.6,
            "len": 18,
            "nsites": 2914,
            "evalue": "1.0e-082",
            "pwm": [
              [0.163988, 0.0259253, 0.7897, 0.0203863], 
              [0.0417189, 0.00270357, 0.951335, 0.00424279], 
              [0.0319174, 0.00539416, 0.958446, 0.00424279], 
              [0.988044, 0.00347231, 0.00270357, 0.00578027], 
              [0.038836, 0.00347231, 0.953833, 0.00385842], 
              [0.0232691, 0.00846912, 0.967478, 0.000783468], 
              [0.00270532, 0.934999, 0.00885349, 0.0534421], 
              [0.0403735, 0.378008, 0.0745807, 0.507038], 
              [0.178906, 0.00500979, 0.812226, 0.00385842], 
              [0.970747, 0.0107753, 0.0157721, 0.00270532], 
              [0.0446016, 0.00962223, 0.942302, 0.00347405], 
              [0.0392204, 0.00462542, 0.948452, 0.00770212], 
              [0.0196176, 0.648452, 0.010391, 0.32154], 
              [0.447044, 0.0134659, 0.428777, 0.110713], 
              [0.0407579, 0.0157721, 0.933077, 0.0103927], 
              [0.0453703, 0.108021, 0.838907, 0.00770212], 
              [0.562924, 0.226407, 0.0311469, 0.179523], 
              [0.123013, 0.0107753, 0.856203, 0.0100083]
            ]
          }, {
            "db": 0,
            "id": "5-DATGASTCATH",
            "alt": "STREME-5",
            "width": 11,
            "initial_width": 9,
            "seed": "ATGACTCATAA",
            "score_threshold": 9.86505,
            "train_pos_count": 7063,
            "train_neg_count": 2127,
            "train_log_pvalue": -609.539,
            "train_pvalue": "2.9e-610",
            "train_dtc": -1.0,
            "train_bernoulli": 0.499877,
            "test_pos_count": 762,
            "test_neg_count": 221,
            "test_log_pvalue": -68.8443,
            "test_pvalue": "1.4e-069",
            "test_dtc": -1.0,
            "test_bernoulli": 0.499877,
            "elapsed_time": 1640.5,
            "len": 11,
            "nsites": 7825,
            "evalue": "1.4e-069",
            "pwm": [
              [0.310038, 0.0711557, 0.271074, 0.347733], 
              [0.566138, 0.183497, 0.124196, 0.126169], 
              [1.13461e-05, 1.00052e-05, 1.00052e-05, 0.999969], 
              [1.13461e-05, 1.00052e-05, 0.841458, 0.15852], 
              [0.999969, 1.00052e-05, 1.00052e-05, 1.13461e-05], 
              [0.0110928, 0.488907, 0.488907, 0.0110928], 
              [1.13461e-05, 1.00052e-05, 1.00052e-05, 0.999969], 
              [0.15852, 0.841458, 1.00052e-05, 1.13461e-05], 
              [0.999969, 1.00052e-05, 1.00052e-05, 1.13461e-05], 
              [0.126169, 0.124196, 0.183497, 0.566138], 
              [0.347733, 0.271074, 0.0711557, 0.310038]
            ]
          }, {
            "db": 0,
            "id": "6-GTCTCWAMAAAAAAWAMAAAA",
            "alt": "STREME-6",
            "width": 21,
            "initial_width": 21,
            "seed": "GTCTCAAAAAAAAAAAAAAAA",
            "score_threshold": 14.6812,
            "train_pos_count": 2362,
            "train_neg_count": 51,
            "train_log_pvalue": -620.534,
            "train_pvalue": "2.9e-621",
            "train_dtc": -1.0,
            "train_bernoulli": 0.499877,
            "test_pos_count": 273,
            "test_neg_count": 11,
            "test_log_pvalue": -65.7189,
            "test_pvalue": "1.9e-066",
            "test_dtc": -1.0,
            "test_bernoulli": 0.499877,
            "elapsed_time": 2032.1,
            "len": 21,
            "nsites": 2635,
            "evalue": "1.9e-066",
            "pwm": [
              [0.269922, 0.0123993, 0.709121, 0.00855768], 
              [0.0128283, 0.0217948, 0.00257683, 0.9628], 
              [0.0119742, 0.958527, 0.00898281, 0.0205155], 
              [0.00983888, 0.00385802, 0.00513922, 0.981164], 
              [0.0358899, 0.919237, 0.00513922, 0.0397335], 
              [0.575878, 0.0286278, 0.0128264, 0.382667], 
              [0.969633, 0.00385802, 0.0213677, 0.00514115], 
              [0.616023, 0.353198, 0.0145347, 0.0162449], 
              [0.653604, 0.0235031, 0.0196595, 0.303233], 
              [0.919239, 0.0444293, 0.0217948, 0.0145366], 
              [0.932051, 0.0346068, 0.0209407, 0.0124013], 
              [0.929489, 0.0303361, 0.0183783, 0.0217967], 
              [0.937603, 0.0269196, 0.0153888, 0.0200885], 
              [0.917958, 0.0307632, 0.0222219, 0.0290568], 
              [0.612179, 0.0465646, 0.0188053, 0.322451], 
              [0.906677, 0.0380233, 0.0249615, 0.030338], 
              [0.62072, 0.320741, 0.0290549, 0.0294839], 
              [0.897032, 0.0452834, 0.0350338, 0.0226509], 
              [0.889345, 0.0337526, 0.0486999, 0.0282027], 
              [0.865429, 0.0384504, 0.0521165, 0.0440041], 
              [0.846888, 0.0452834, 0.0527208, 0.0551079]
            ]
          }, {
            "db": 0,
            "id": "7-AACTCCTGRCCTCARGTGA",
            "alt": "STREME-7",
            "width": 19,
            "initial_width": 15,
            "seed": "AACTCCTGACCTCAAGTGA",
            "score_threshold": 14.4323,
            "train_pos_count": 1790,
            "train_neg_count": 20,
            "train_log_pvalue": -498.326,
            "train_pvalue": "4.7e-499",
            "train_dtc": -1.0,
            "train_bernoulli": 0.499877,
            "test_pos_count": 208,
            "test_neg_count": 2,
            "test_log_pvalue": -58.5144,
            "test_pvalue": "3.1e-059",
            "test_dtc": -1.0,
            "test_bernoulli": 0.499877,
            "elapsed_time": 2428.2,
            "len": 19,
            "nsites": 1998,
            "evalue": "3.1e-059",
            "pwm": [
              [0.942063, 0.00442842, 0.0468727, 0.00663581], 
              [0.794335, 0.117429, 0.018209, 0.0700266], 
              [0.00828948, 0.948675, 0.00222352, 0.0408117], 
              [0.0132505, 0.0226188, 0.00938944, 0.954741], 
              [0.00939193, 0.928831, 0.00994066, 0.0518362], 
              [0.00663581, 0.934343, 0.00718454, 0.0518362], 
              [0.0104944, 0.0865608, 0.00828699, 0.894658], 
              [0.0518362, 0.00553087, 0.935446, 0.00718704], 
              [0.605265, 0.0016723, 0.387529, 0.00553336], 
              [0.0264799, 0.644951, 0.294372, 0.034197], 
              [0.00663581, 0.868197, 0.00442842, 0.120739], 
              [0.00112357, 0.00883821, 0.00277475, 0.987263], 
              [0.00222602, 0.950329, 0.00828699, 0.039158], 
              [0.867097, 0.0104919, 0.117981, 0.00443092], 
              [0.563923, 0.0104919, 0.29327, 0.132315], 
              [0.0556948, 0.00994066, 0.931587, 0.00277724], 
              [0.149954, 0.245865, 0.0297847, 0.574397], 
              [0.153813, 0.0237213, 0.684088, 0.138378], 
              [0.826857, 0.132864, 0.0248237, 0.0154554]
            ]
          }, {
            "db": 0,
            "id": "8-TGAGCYGAGATCGYRCCACTG",
            "alt": "STREME-8",
            "width": 21,
            "initial_width": 18,
            "seed": "TGAGCCGAGATCGCGCCATTG",
            "score_threshold": 13.1899,
            "train_pos_count": 1633,
            "train_neg_count": 8,
            "train_log_pvalue": -473.055,
            "train_pvalue": "8.8e-474",
            "train_dtc": -1.0,
            "train_bernoulli": 0.499877,
            "test_pos_count": 184,
            "test_neg_count": 0,
            "test_log_pvalue": -55.0696,
            "test_pvalue": "8.5e-056",
            "test_dtc": -1.0,
            "test_bernoulli": 0.499877,
            "elapsed_time": 2709.4,
            "len": 21,
            "nsites": 1817,
            "evalue": "8.5e-056",
            "pwm": [
              [0.00255566, 0.0272341, 0.00951419, 0.960696], 
              [0.0329326, 0.010147, 0.951833, 0.00508708], 
              [0.986643, 0.000654238, 0.0114127, 0.00128996], 
              [0.0341983, 0.00698277, 0.956263, 0.00255566], 
              [0.00571993, 0.954365, 0.00634992, 0.0335655], 
              [0.0266041, 0.629711, 0.00888134, 0.334804], 
              [0.313287, 0.0114127, 0.665151, 0.0101499], 
              [0.808178, 0.00951419, 0.0114127, 0.170895], 
              [0.0386283, 0.0107799, 0.941708, 0.0088842], 
              [0.949938, 0.00761563, 0.0291327, 0.0133142], 
              [0.00382137, 0.0557125, 0.00381851, 0.936648], 
              [0.0171113, 0.660721, 0.0525482, 0.26962], 
              [0.288606, 0.0228041, 0.663252, 0.0253384], 
              [0.022807, 0.622116, 0.0152099, 0.339867], 
              [0.330374, 0.00761563, 0.653126, 0.0088842], 
              [0.00698564, 0.944872, 0.00508421, 0.0430583], 
              [0.00761849, 0.95563, 0.000654238, 0.0360969], 
              [0.953735, 0.00571707, 0.0322969, 0.00825135], 
              [0.00698564, 0.78919, 0.010147, 0.193677], 
              [0.00698564, 0.0335626, 0.00698277, 0.952469], 
              [0.0417926, 0.00698277, 0.937278, 0.013947]
            ]
          }, {
            "db": 0,
            "id": "9-AASAGGAAGTGR",
            "alt": "STREME-9",
            "width": 12,
            "initial_width": 8,
            "seed": "AAGAGGAAGTGA",
            "score_threshold": 9.83805,
            "train_pos_count": 7373,
            "train_neg_count": 2888,
            "train_log_pvalue": -442.713,
            "train_pvalue": "1.9e-443",
            "train_dtc": -1.0,
            "train_bernoulli": 0.499877,
            "test_pos_count": 793,
            "test_neg_count": 307,
            "test_log_pvalue": -48.8107,
            "test_pvalue": "1.5e-049",
            "test_dtc": -1.0,
            "test_bernoulli": 0.499877,
            "elapsed_time": 3141.3,
            "len": 12,
            "nsites": 8166,
            "evalue": "1.5e-049",
            "pwm": [
              [0.622239, 0.0877806, 0.236309, 0.0536707], 
              [0.595083, 0.0247603, 0.263816, 0.11634], 
              [0.13458, 0.281957, 0.544596, 0.038867], 
              [0.780126, 0.0962785, 0.123586, 9.40155e-06], 
              [9.40155e-06, 0.0105478, 0.987528, 0.00191436], 
              [9.40155e-06, 8.29049e-06, 0.999973, 9.40155e-06], 
              [0.999851, 8.29049e-06, 8.29049e-06, 0.000132098], 
              [0.922497, 0.00220675, 8.29049e-06, 0.0752876], 
              [0.114875, 0.0900618, 0.795054, 9.40155e-06], 
              [0.0729426, 0.12024, 0.0273906, 0.779427], 
              [0.20328, 0.0778172, 0.65112, 0.0677824], 
              [0.390996, 0.0573174, 0.51086, 0.0408268]
            ]
          }, {
            "db": 0,
            "id": "10-ACCRCGCCYGGCY",
            "alt": "STREME-10",
            "width": 13,
            "initial_width": 8,
            "seed": "ACCACGCCCGGCT",
            "score_threshold": 13.619,
            "train_pos_count": 1944,
            "train_neg_count": 116,
            "train_log_pvalue": -427.848,
            "train_pvalue": "1.4e-428",
            "train_dtc": -1.0,
            "train_bernoulli": 0.499877,
            "test_pos_count": 231,
            "test_neg_count": 20,
            "test_log_pvalue": -45.8903,
            "test_pvalue": "1.3e-046",
            "test_dtc": -1.0,
            "test_bernoulli": 0.499877,
            "elapsed_time": 3555.6,
            "len": 13,
            "nsites": 2175,
            "evalue": "1.3e-046",
            "pwm": [
              [0.976312, 0.00712971, 0.0144178, 0.00214082], 
              [2.03138e-05, 0.973008, 1.79132e-05, 0.0269533], 
              [2.03138e-05, 0.849553, 0.00160829, 0.148819], 
              [0.602584, 0.00541756, 0.391448, 0.000550439], 
              [0.0156158, 0.688118, 1.79132e-05, 0.296248], 
              [0.249664, 1.79132e-05, 0.744997, 0.00532173], 
              [0.000550439, 0.961476, 0.00478904, 0.0331845], 
              [0.00320107, 0.965067, 0.00372879, 0.028003], 
              [0.0111448, 0.59681, 0.00589869, 0.386147], 
              [0.239577, 0.0184018, 0.73829, 0.00373119], 
              [0.0384109, 0.00107816, 0.95996, 0.000550439], 
              [0.00108057, 0.978434, 0.00341874, 0.0170669], 
              [0.0115202, 0.452326, 0.0081901, 0.527964]
            ]
          }, {
            "db": 0,
            "id": "11-GAGCGAGACTCY",
            "alt": "STREME-11",
            "width": 12,
            "initial_width": 11,
            "seed": "GAGCGAGACTCT",
            "score_threshold": 14.2273,
            "train_pos_count": 1073,
            "train_neg_count": 68,
            "train_log_pvalue": -232.937,
            "train_pvalue": "1.2e-233",
            "train_dtc": -1.0,
            "train_bernoulli": 0.499877,
            "test_pos_count": 131,
            "test_neg_count": 4,
            "test_log_pvalue": -33.2883,
            "test_pvalue": "5.1e-034",
            "test_dtc": -1.0,
            "test_bernoulli": 0.499877,
            "elapsed_time": 4621.4,
            "len": 12,
            "nsites": 1204,
            "evalue": "5.1e-034",
            "pwm": [
              [0.0108823, 0.00777968, 0.979333, 0.00200536], 
              [0.997563, 3.66313e-05, 0.00235931, 4.15405e-05], 
              [0.0059122, 3.66313e-05, 0.99401, 4.15405e-05], 
              [4.15405e-05, 0.712303, 3.66313e-05, 0.287619], 
              [0.259393, 3.66313e-05, 0.740529, 4.15405e-05], 
              [0.999885, 3.66313e-05, 3.66313e-05, 4.15405e-05], 
              [0.184831, 3.66313e-05, 0.815091, 4.15405e-05], 
              [0.995549, 3.66313e-05, 3.66313e-05, 0.00437784], 
              [4.15405e-05, 0.981645, 3.66313e-05, 0.0182769], 
              [0.00763006, 0.132297, 0.00870942, 0.851364], 
              [0.00559079, 0.974962, 0.0114638, 0.00798344], 
              [0.0192607, 0.561851, 0.0102435, 0.408645]
            ]
          }, {
            "db": 0,
            "id": "12-GAAACCACARM",
            "alt": "STREME-12",
            "width": 11,
            "initial_width": 9,
            "seed": "GAAACCACAGC",
            "score_threshold": 10.2789,
            "train_pos_count": 4996,
            "train_neg_count": 2299,
            "train_log_pvalue": -223.755,
            "train_pvalue": "1.8e-224",
            "train_dtc": -1.0,
            "train_bernoulli": 0.499877,
            "test_pos_count": 566,
            "test_neg_count": 228,
            "test_log_pvalue": -32.9727,
            "test_pvalue": "1.1e-033",
            "test_dtc": -1.0,
            "test_bernoulli": 0.499877,
            "elapsed_time": 5633.0,
            "len": 11,
            "nsites": 5562,
            "evalue": "1.1e-033",
            "pwm": [
              [0.217372, 0.176497, 0.537813, 0.0683173], 
              [0.69702, 0.145917, 0.00160145, 0.155461], 
              [0.947682, 0.00512436, 0.0321774, 0.0150162], 
              [0.932391, 0.00413379, 0.0634575, 1.80804e-05], 
              [1.80804e-05, 0.999212, 0.000751688, 1.80804e-05], 
              [0.00104585, 0.924168, 0.0303058, 0.0444806], 
              [0.884546, 0.0167905, 0.0790838, 0.0195799], 
              [0.0710798, 0.90453, 0.00762859, 0.0167617], 
              [0.803312, 0.0766191, 0.0701749, 0.0498938], 
              [0.372452, 0.0398142, 0.502026, 0.0857079], 
              [0.241419, 0.40169, 0.174771, 0.18212]
            ]
          }, {
            "db": 0,
            "id": "13-GGGGTTTCACCA",
            "alt": "STREME-13",
            "width": 12,
            "initial_width": 12,
            "seed": "GGGGTTTCACCA",
            "score_threshold": 14.3325,
            "train_pos_count": 987,
            "train_neg_count": 46,
            "train_log_pvalue": -230.579,
            "train_pvalue": "2.6e-231",
            "train_dtc": -1.0,
            "train_bernoulli": 0.499877,
            "test_pos_count": 130,
            "test_neg_count": 9,
            "test_log_pvalue": -27.9943,
            "test_pvalue": "1.0e-028",
            "test_dtc": -1.0,
            "test_bernoulli": 0.499877,
            "elapsed_time": 4947.0,
            "len": 12,
            "nsites": 1117,
            "evalue": "1.0e-028",
            "pwm": [
              [0.168109, 0.00500342, 0.816546, 0.0103418], 
              [0.0434559, 4.19082e-05, 0.949013, 0.00748897], 
              [0.024176, 4.19082e-05, 0.975735, 4.75246e-05], 
              [0.033534, 4.19082e-05, 0.966377, 4.75246e-05], 
              [4.75246e-05, 4.19082e-05, 4.19082e-05, 0.999869], 
              [4.75246e-05, 4.19082e-05, 4.19082e-05, 0.999869], 
              [4.75246e-05, 4.19082e-05, 4.19082e-05, 0.999869], 
              [4.75246e-05, 0.978308, 4.19082e-05, 0.0216029], 
              [0.859258, 0.0366574, 0.0661793, 0.0379054], 
              [4.75246e-05, 0.966377, 4.19082e-05, 0.033534], 
              [4.75246e-05, 0.913354, 4.19082e-05, 0.0865567], 
              [0.899651, 4.19082e-05, 0.0900027, 0.0103047]
            ]
          }, {
            "db": 0,
            "id": "14-AAAAAAAAAAAAAAVAAA",
            "alt": "STREME-14",
            "width": 18,
            "initial_width": 18,
            "seed": "AAAAAAAAAAAAAAGAAA",
            "score_threshold": 12.1561,
            "train_pos_count": 2546,
            "train_neg_count": 709,
            "train_log_pvalue": -240.75,
            "train_pvalue": "1.8e-241",
            "train_dtc": -1.0,
            "train_bernoulli": 0.499877,
            "test_pos_count": 275,
            "test_neg_count": 74,
            "test_log_pvalue": -27.5534,
            "test_pvalue": "2.8e-028",
            "test_dtc": -1.0,
            "test_bernoulli": 0.499877,
            "elapsed_time": 4028.1,
            "len": 18,
            "nsites": 2821,
            "evalue": "2.8e-028",
            "pwm": [
              [0.953481, 0.00178741, 0.000901189, 0.0438305], 
              [0.973995, 0.00342326, 0.0221217, 0.000460088], 
              [0.801048, 0.100355, 0.0572676, 0.0413295], 
              [0.817553, 0.0797406, 0.0872614, 0.0154452], 
              [0.760827, 0.155347, 0.0632426, 0.0205839], 
              [0.881607, 0.0571647, 0.0285578, 0.0326707], 
              [0.786792, 0.0886366, 0.0690434, 0.0555283], 
              [0.903875, 0.0471684, 0.038305, 0.0106516], 
              [0.79974, 0.108359, 0.055809, 0.0360927], 
              [0.752794, 0.165524, 0.0642002, 0.0174821], 
              [0.734496, 0.116186, 0.107281, 0.042037], 
              [0.896879, 0.0470735, 0.0195117, 0.0365358], 
              [0.90842, 0.0428125, 0.028811, 0.0199569], 
              [0.955323, 0.011208, 0.00947615, 0.0239924], 
              [0.203673, 0.3472, 0.328664, 0.120463], 
              [0.802471, 0.0976115, 0.0113914, 0.0885257], 
              [0.895338, 0.0524649, 0.0294164, 0.0227806], 
              [0.889568, 0.0413633, 0.0408679, 0.0282006]
            ]
          }, {
            "db": 0,
            "id": "15-CCCCRCCCCCACCC",
            "alt": "STREME-15",
            "width": 14,
            "initial_width": 11,
            "seed": "CCCCACCCCCACAC",
            "score_threshold": 11.6121,
            "train_pos_count": 3431,
            "train_neg_count": 1263,
            "train_log_pvalue": -227.826,
            "train_pvalue": "1.5e-228",
            "train_dtc": -1.0,
            "train_bernoulli": 0.499877,
            "test_pos_count": 372,
            "test_neg_count": 141,
            "test_log_pvalue": -24.224,
            "test_pvalue": "6.0e-025",
            "test_dtc": -1.0,
            "test_bernoulli": 0.499877,
            "elapsed_time": 5312.0,
            "len": 14,
            "nsites": 3803,
            "evalue": "6.0e-025",
            "pwm": [
              [0.0244298, 0.904599, 0.00214252, 0.0688285], 
              [0.035184, 0.87412, 0.0567405, 0.0339553], 
              [0.00588702, 0.982164, 0.00797132, 0.00397777], 
              [0.036766, 0.906273, 0.0237997, 0.0331613], 
              [0.504422, 0.000722173, 0.268911, 0.225945], 
              [0.0395147, 0.899328, 0.0289551, 0.032202], 
              [0.0189716, 0.932253, 0.0301994, 0.0185762], 
              [0.0556608, 0.838569, 0.0422723, 0.0634975], 
              [0.103232, 0.863267, 0.0128734, 0.0206272], 
              [0.0672888, 0.802359, 0.0798504, 0.0505015], 
              [0.487443, 0.155733, 0.202986, 0.153838], 
              [0.106683, 0.662249, 0.17722, 0.0538476], 
              [0.146389, 0.642018, 0.118099, 0.0934939], 
              [0.0747083, 0.685458, 0.131835, 0.107998]
            ]
          }, {
            "db": 0,
            "id": "16-AATCGCTTGAACCY",
            "alt": "STREME-16",
            "width": 14,
            "initial_width": 14,
            "seed": "AATCGCTTGAACCT",
            "score_threshold": 15.0249,
            "train_pos_count": 920,
            "train_neg_count": 21,
            "train_log_pvalue": -240.716,
            "train_pvalue": "1.9e-241",
            "train_dtc": -1.0,
            "train_bernoulli": 0.499877,
            "test_pos_count": 97,
            "test_neg_count": 5,
            "test_log_pvalue": -22.6047,
            "test_pvalue": "2.5e-023",
            "test_dtc": -1.0,
            "test_bernoulli": 0.499877,
            "elapsed_time": 4313.0,
            "len": 14,
            "nsites": 1017,
            "evalue": "2.5e-023",
            "pwm": [
              [0.912034, 3.64617e-05, 0.0857298, 0.00219946], 
              [0.979384, 0.00758985, 0.0129851, 4.13482e-05], 
              [0.0011204, 0.0367244, 3.64617e-05, 0.962119], 
              [0.0259389, 0.600996, 0.0820447, 0.291021], 
              [0.2227, 0.0080378, 0.740086, 0.0291759], 
              [0.00435757, 0.951323, 0.0065108, 0.0378083], 
              [0.0280968, 0.0274608, 0.0388825, 0.90556], 
              [0.00219946, 0.010827, 0.0166702, 0.970303], 
              [0.0227015, 0.00695874, 0.964903, 0.00543663], 
              [0.985858, 0.0065108, 0.00219457, 0.00543663], 
              [0.897735, 0.00758985, 0.0946342, 4.13482e-05], 
              [0.0253076, 0.928215, 0.00327363, 0.0432041], 
              [0.00588457, 0.950875, 0.00974797, 0.0334923], 
              [0.0324134, 0.560351, 0.0173014, 0.389935]
            ]
          }, {
            "db": 0,
            "id": "17-CTGCAACCTCYRCCTCC",
            "alt": "STREME-17",
            "width": 17,
            "initial_width": 11,
            "seed": "CTGCAACCTCCGCCTGC",
            "score_threshold": 15.9023,
            "train_pos_count": 503,
            "train_neg_count": 22,
            "train_log_pvalue": -119.473,
            "train_pvalue": "3.4e-120",
            "train_dtc": -1.0,
            "train_bernoulli": 0.499877,
            "test_pos_count": 61,
            "test_neg_count": 1,
            "test_log_pvalue": -16.7612,
            "test_pvalue": "1.7e-017",
            "test_dtc": -1.0,
            "test_bernoulli": 0.499877,
            "elapsed_time": 7646.1,
            "len": 17,
            "nsites": 564,
            "evalue": "1.7e-017",
            "pwm": [
              [0.00544526, 0.951413, 0.0108137, 0.0323282], 
              [0.00186087, 0.181072, 0.0126059, 0.804461], 
              [0.109393, 6.0559e-05, 0.885102, 0.00544526], 
              [0.0359126, 0.906608, 0.0179825, 0.039497], 
              [0.950677, 0.0294797, 0.0126059, 0.00723746], 
              [0.850314, 0.0269435, 0.110129, 0.0126141], 
              [0.0251594, 0.707674, 0.236631, 0.030536], 
              [0.0126141, 0.951413, 0.0108137, 0.0251594], 
              [0.0108219, 0.0341123, 0.0179825, 0.937083], 
              [0.00365307, 0.962166, 0.0143981, 0.0197828], 
              [0.0197828, 0.596862, 0.0412811, 0.342074], 
              [0.321616, 0.0269435, 0.608359, 0.0430814], 
              [0.0735487, 0.816254, 0.0169343, 0.0932629], 
              [0.0233672, 0.835968, 0.0287357, 0.111929], 
              [0.0377048, 0.0825016, 0.00902154, 0.870772], 
              [0.021575, 0.821631, 0.0538265, 0.102968], 
              [0.0126141, 0.885102, 0.0143981, 0.0878863]
            ]
          }, {
            "db": 0,
            "id": "18-ACACACACACACACACAC",
            "alt": "STREME-18",
            "width": 18,
            "initial_width": 15,
            "seed": "ACACACACACACAAACAC",
            "score_threshold": 14.2081,
            "train_pos_count": 743,
            "train_neg_count": 55,
            "train_log_pvalue": -154.583,
            "train_pvalue": "2.6e-155",
            "train_dtc": -1.0,
            "train_bernoulli": 0.499877,
            "test_pos_count": 87,
            "test_neg_count": 9,
            "test_log_pvalue": -16.605,
            "test_pvalue": "2.5e-017",
            "test_dtc": -1.0,
            "test_bernoulli": 0.499877,
            "elapsed_time": 5924.1,
            "len": 18,
            "nsites": 830,
            "evalue": "2.5e-017",
            "pwm": [
              [0.941658, 0.00281804, 0.0430007, 0.0125236], 
              [5.30949e-05, 0.92641, 4.68202e-05, 0.0734903], 
              [0.894547, 0.00281804, 0.101196, 0.0014387], 
              [0.00698113, 0.90424, 0.00974607, 0.0790327], 
              [0.938887, 0.00974607, 0.0360726, 0.0152948], 
              [0.0208372, 0.821104, 0.0194453, 0.138614], 
              [0.872377, 0.0360726, 0.0873401, 0.00420992], 
              [0.024994, 0.874268, 0.0208309, 0.079907], 
              [0.859907, 0.034687, 0.0845689, 0.0208372], 
              [0.0166804, 0.770309, 0.041615, 0.171396], 
              [0.862103, 0.0283342, 0.0970393, 0.0125236], 
              [0.00836674, 0.898698, 0.0319158, 0.0610198], 
              [0.902861, 0.00420364, 0.0720984, 0.0208372], 
              [0.0665623, 0.73381, 0.0263734, 0.173254], 
              [0.764218, 0.0617065, 0.12137, 0.0527062], 
              [0.0561703, 0.839809, 0.0291446, 0.0748759], 
              [0.875184, 0.0520895, 0.0352622, 0.0374645], 
              [0.0908105, 0.749745, 0.0762552, 0.0831895]
            ]
          }, {
            "db": 0,
            "id": "19-CCATTTTACAGATGAGGAAAC",
            "alt": "STREME-19",
            "width": 21,
            "initial_width": 11,
            "seed": "CCATTTTACAGGTGAGGAGAC",
            "score_threshold": 14.5369,
            "train_pos_count": 709,
            "train_neg_count": 42,
            "train_log_pvalue": -156.997,
            "train_pvalue": "1.0e-157",
            "train_dtc": -1.0,
            "train_bernoulli": 0.499877,
            "test_pos_count": 84,
            "test_neg_count": 8,
            "test_log_pvalue": -16.5511,
            "test_pvalue": "2.8e-017",
            "test_dtc": -1.0,
            "test_bernoulli": 0.499877,
            "elapsed_time": 6833.1,
            "len": 21,
            "nsites": 793,
            "evalue": "2.8e-017",
            "pwm": [
              [0.0529767, 0.666577, 0.0229335, 0.257512], 
              [0.0458251, 0.799597, 4.83311e-05, 0.154529], 
              [0.833931, 0.0486792, 0.0858675, 0.0315218], 
              [0.0315218, 0.137359, 0.0586915, 0.772428], 
              [0.010067, 0.0443883, 0.0229335, 0.922611], 
              [0.0129277, 0.0400973, 0.0458186, 0.901156], 
              [0.0215096, 0.167396, 0.0515399, 0.759555], 
              [0.819628, 0.0229335, 0.121626, 0.0358128], 
              [0.0215096, 0.779573, 0.0400973, 0.15882], 
              [0.924042, 0.0200728, 0.0229335, 0.0329522], 
              [0.141656, 0.0472489, 0.798167, 0.0129277], 
              [0.839653, 0.0129212, 0.110183, 0.0372431], 
              [0.0744315, 0.0544005, 0.0644127, 0.806755], 
              [0.181705, 0.0257941, 0.752397, 0.0401038], 
              [0.772428, 0.0114909, 0.154523, 0.0615586], 
              [0.197439, 0.0272244, 0.72379, 0.0515463], 
              [0.280398, 0.0472489, 0.657996, 0.014358], 
              [0.868259, 0.0372367, 0.0687037, 0.0258006], 
              [0.82964, 0.0715643, 0.0772856, 0.0215096], 
              [0.841083, 0.0501095, 0.0887282, 0.0200793], 
              [0.0687102, 0.725221, 0.0458186, 0.160251]
            ]
          }, {
            "db": 0,
            "id": "20-ACAGGAAGC",
            "alt": "STREME-20",
            "width": 9,
            "initial_width": 9,
            "seed": "ACAGGAAGC",
            "score_threshold": 10.4385,
            "train_pos_count": 3753,
            "train_neg_count": 2073,
            "train_log_pvalue": -108.496,
            "train_pvalue": "3.2e-109",
            "train_dtc": -1.0,
            "train_bernoulli": 0.499877,
            "test_pos_count": 401,
            "test_neg_count": 204,
            "test_log_pvalue": -15.013,
            "test_pvalue": "9.7e-016",
            "test_dtc": -1.0,
            "test_bernoulli": 0.499877,
            "elapsed_time": 8208.3,
            "len": 9,
            "nsites": 4154,
            "evalue": "9.7e-016",
            "pwm": [
              [0.503359, 0.246876, 0.17448, 0.0752849], 
              [0.0263123, 0.937744, 0.0358782, 6.50695e-05], 
              [0.731658, 0.268219, 5.73797e-05, 6.50695e-05], 
              [6.50695e-05, 5.73797e-05, 0.999812, 6.50695e-05], 
              [6.50695e-05, 5.73797e-05, 0.999812, 6.50695e-05], 
              [0.99982, 5.73797e-05, 5.73797e-05, 6.50695e-05], 
              [0.99982, 5.73797e-05, 5.73797e-05, 6.50695e-05], 
              [0.30442, 5.73797e-05, 0.695458, 6.50695e-05], 
              [6.50695e-05, 0.642145, 0.0908684, 0.266921]
            ]
          }, {
            "db": 0,
            "id": "21-ATTTGCATW",
            "alt": "STREME-21",
            "width": 9,
            "initial_width": 9,
            "seed": "ATTTGCATA",
            "score_threshold": 11.8174,
            "train_pos_count": 2041,
            "train_neg_count": 776,
            "train_log_pvalue": -129.578,
            "train_pvalue": "2.6e-130",
            "train_dtc": -1.0,
            "train_bernoulli": 0.499877,
            "test_pos_count": 231,
            "test_neg_count": 93,
            "test_log_pvalue": -14.0368,
            "test_pvalue": "9.2e-015",
            "test_dtc": -1.0,
            "test_bernoulli": 0.499877,
            "elapsed_time": 7349.4,
