<!DOCTYPE HTML>
<html>
  <head>
    <meta charset="UTF-8">
    <title>STREME</title>
    <script>
      // @JSON_VAR data
      var data = {
        "program": "streme",
        "version": "5.3.0",
        "release": "Wed Nov 25 19:19:29 2020 -0800",
        "cmd": [
          "streme", "--p",
          "/mnt/md1/home/oriol//CAM/resources/IRF4/ChIP-seq/WT.fa", "--oc",
          "WT", "--maxw", "19"
        ],
        "options": {
          "strands": "both",
          "objfun": "Differential Enrichment",
          "test": "Fisher Exact Test",
          "minw": 8,
          "maxw": 19,
          "kmer": 3,
          "hofract": 0.1,
          "neval": 25,
          "nref": 4,
          "niter": 20,
          "patience": 3,
          "seed": 0,
          "useer": false,
          "minscore": 0,
          "ignore_depth": 5,
          "nsubsets": 1,
          "min_pal_ratio": 0.85,
          "max_pal_ed": 5,
          "cand": false,
          "experimental": false,
          "totallength": 0,
          "stop": {
            "pvt": "0.05"
          }
        },
        "alphabet": {
          "name": "DNA",
          "like": "dna",
          "ncore": 4,
          "symbols": [
            {
              "symbol": "A",
              "name": "Adenine",
              "colour": "CC0000",
              "complement": "T"
            }, {
              "symbol": "C",
              "name": "Cytosine",
              "colour": "0000CC",
              "complement": "G"
            }, {
              "symbol": "G",
              "name": "Guanine",
              "colour": "FFB300",
              "complement": "C"
            }, {
              "symbol": "T",
              "aliases": "U",
              "name": "Thymine",
              "colour": "008000",
              "complement": "A"
            }, {
              "symbol": "N",
              "aliases": "X.",
              "name": "Any base",
              "equals": "ACGT"
            }, {
              "symbol": "V",
              "name": "Not T",
              "equals": "ACG"
            }, {
              "symbol": "H",
              "name": "Not G",
              "equals": "ACT"
            }, {
              "symbol": "D",
              "name": "Not C",
              "equals": "AGT"
            }, {
              "symbol": "B",
              "name": "Not A",
              "equals": "CGT"
            }, {
              "symbol": "M",
              "name": "Amino",
              "equals": "AC"
            }, {
              "symbol": "R",
              "name": "Purine",
              "equals": "AG"
            }, {
              "symbol": "W",
              "name": "Weak",
              "equals": "AT"
            }, {
              "symbol": "S",
              "name": "Strong",
              "equals": "CG"
            }, {
              "symbol": "Y",
              "name": "Pyrimidine",
              "equals": "CT"
            }, {
              "symbol": "K",
              "name": "Keto",
              "equals": "GT"
            }
          ]
        },
        "background": {
          "freqs": [0.266, 0.234, 0.234, 0.266]
        },
        "train_positives": {
          "file": "/mnt/md1/home/oriol//CAM/resources/IRF4/ChIP-seq/WT.fa",
          "count": 25432,
          "positions": 5137263
        },
        "train_negatives": {
          "from": "shuffled",
          "count": 25432,
          "positions": 5137263
        },
        "test_positives": {
          "count": 2825,
          "positions": 570649
        },
        "test_negatives": {
          "count": 2825,
          "positions": 570649
        },
        "sequence_db": {},
        "motifs": [
          {
            "db": 0,
            "id": "1-GGAASTGAAASY",
            "alt": "STREME-1",
            "width": 12,
            "initial_width": 10,
            "seed": "GGAAGTGAAACC",
            "score_threshold": 9.72281,
            "train_pos_count": 6238,
            "train_neg_count": 1347,
            "train_log_pvalue": -864.684,
            "train_pvalue": "2.1e-865",
            "train_dtc": -1.0,
            "train_bernoulli": -1,
            "test_pos_count": 666,
            "test_neg_count": 149,
            "test_log_pvalue": -90.3316,
            "test_pvalue": "4.7e-091",
            "test_dtc": -1.0,
            "test_bernoulli": -1,
            "elapsed_time": 570.9,
            "len": 12,
            "nsites": 6904,
            "evalue": "4.7e-091",
            "pwm": [
              [0.202419, 0.0199547, 0.767232, 0.0103948], 
              [0.300903, 0.00945698, 0.656627, 0.0330129], 
              [0.97997, 7.73478e-06, 7.73478e-06, 0.020014], 
              [0.963583, 7.73478e-06, 7.73478e-06, 0.0364013], 
              [0.135443, 0.399243, 0.443288, 0.0220267], 
              [0.0737928, 0.0898652, 0.00900407, 0.827338], 
              [0.00788065, 7.73478e-06, 0.992103, 8.75729e-06], 
              [0.966802, 0.00254404, 0.0306456, 8.75729e-06], 
              [0.797002, 0.00239911, 0.161658, 0.0389413], 
              [0.99868, 7.73478e-06, 0.001304, 8.75729e-06], 
              [0.119313, 0.503595, 0.31088, 0.0662117], 
              [0.168987, 0.297896, 0.0638062, 0.469311]
            ]
          }, {
            "db": 0,
            "id": "2-ATGASTCAT",
            "alt": "STREME-2",
            "width": 9,
            "initial_width": 9,
            "seed": "TATGACTCA",
            "score_threshold": 9.1908,
            "train_pos_count": 6319,
            "train_neg_count": 1651,
            "train_log_pvalue": -745.729,
            "train_pvalue": "1.9e-746",
            "train_dtc": -1.0,
            "train_bernoulli": -1,
            "test_pos_count": 688,
            "test_neg_count": 182,
            "test_log_pvalue": -81.0968,
            "test_pvalue": "8.0e-082",
            "test_dtc": -1.0,
            "test_bernoulli": -1,
            "elapsed_time": 766.8,
            "len": 9,
            "nsites": 7007,
            "evalue": "8.0e-082",
            "pwm": [
              [0.574091, 0.181889, 0.132758, 0.111262], 
              [1.41289e-05, 1.24792e-05, 1.24792e-05, 0.999961], 
              [1.41289e-05, 1.24792e-05, 0.858491, 0.141482], 
              [0.999961, 1.24792e-05, 1.24792e-05, 1.41289e-05], 
              [0.0203498, 0.47965, 0.47965, 0.0203498], 
              [1.41289e-05, 1.24792e-05, 1.24792e-05, 0.999961], 
              [0.141482, 0.858491, 1.24792e-05, 1.41289e-05], 
              [0.999961, 1.24792e-05, 1.24792e-05, 1.41289e-05], 
              [0.111262, 0.132758, 0.181889, 0.574091]
            ]
          }, {
            "db": 0,
            "id": "3-RSAGGAAGTGR",
            "alt": "STREME-3",
            "width": 11,
            "initial_width": 7,
            "seed": "ACAGGAAGTGG",
            "score_threshold": 8.81156,
            "train_pos_count": 7333,
            "train_neg_count": 3184,
            "train_log_pvalue": -459.914,
            "train_pvalue": "1.2e-460",
            "train_dtc": -1.0,
            "train_bernoulli": -1,
            "test_pos_count": 794,
            "test_neg_count": 376,
            "test_log_pvalue": -42.9721,
            "test_pvalue": "1.1e-043",
            "test_dtc": -1.0,
            "test_bernoulli": -1,
            "elapsed_time": 1000.2,
            "len": 11,
            "nsites": 8127,
            "evalue": "1.1e-043",
            "pwm": [
              [0.504677, 0.0936171, 0.297179, 0.104527], 
              [0.144033, 0.468065, 0.345725, 0.042177], 
              [0.74716, 0.202496, 0.0503346, 9.88181e-06], 
              [9.88181e-06, 0.00871211, 0.991268, 9.88181e-06], 
              [9.88181e-06, 8.728e-06, 0.999972, 9.88181e-06], 
              [0.998777, 8.728e-06, 8.728e-06, 0.00120517], 
              [0.78446, 0.0332749, 8.728e-06, 0.182257], 
              [0.194903, 0.000940521, 0.804147, 9.88181e-06], 
              [0.0209929, 0.171396, 0.0577978, 0.749813], 
              [0.215374, 0.0950542, 0.595531, 0.0940407], 
              [0.299644, 0.119268, 0.516821, 0.0642672]
            ]
          }, {
            "db": 0,
            "id": "4-AAACCACAR",
            "alt": "STREME-4",
            "width": 9,
            "initial_width": 5,
            "seed": "AAACCACAT",
            "score_threshold": 8.29462,
            "train_pos_count": 6595,
            "train_neg_count": 3130,
            "train_log_pvalue": -339.307,
            "train_pvalue": "4.9e-340",
            "train_dtc": -1.0,
            "train_bernoulli": -1,
            "test_pos_count": 745,
            "test_neg_count": 358,
            "test_log_pvalue": -38.601,
            "test_pvalue": "2.5e-039",
            "test_dtc": -1.0,
            "test_bernoulli": -1,
            "elapsed_time": 1174.5,
            "len": 9,
            "nsites": 7340,
            "evalue": "2.5e-039",
            "pwm": [
              [0.622984, 0.0852254, 0.00454498, 0.287246], 
              [0.855553, 2.17981e-05, 0.128132, 0.0162933], 
              [0.910075, 0.0240549, 0.0658458, 2.46797e-05], 
              [2.46797e-05, 0.999929, 2.17981e-05, 2.46797e-05], 
              [2.46797e-05, 0.983469, 0.0102539, 0.00625213], 
              [0.907502, 0.0559785, 0.0364952, 2.46797e-05], 
              [0.0322855, 0.967668, 2.17981e-05, 2.46797e-05], 
              [0.913224, 0.0218595, 0.0299019, 0.0350144], 
              [0.465741, 0.026996, 0.386324, 0.120939]
            ]
          }, {
            "db": 0,
            "id": "5-CCAGCCTGGGCRACAKAG",
            "alt": "STREME-5",
            "width": 18,
            "initial_width": 15,
            "seed": "CCAGCCTGGGCAACAGAG",
            "score_threshold": 13.2961,
            "train_pos_count": 1062,
            "train_neg_count": 20,
            "train_log_pvalue": -288.217,
            "train_pvalue": "6.1e-289",
            "train_dtc": -1.0,
            "train_bernoulli": -1,
            "test_pos_count": 128,
            "test_neg_count": 2,
            "test_log_pvalue": -35.8234,
            "test_pvalue": "1.5e-036",
            "test_dtc": -1.0,
            "test_bernoulli": -1,
            "elapsed_time": 1451.1,
            "len": 18,
            "nsites": 1190,
            "evalue": "1.5e-036",
            "pwm": [
              [0.0143946, 0.925449, 0.0199099, 0.0402461], 
              [0.00887456, 0.94578, 0.00224539, 0.0430997], 
              [0.967866, 0.0077656, 0.0110776, 0.0132906], 
              [0.0265392, 0.0132856, 0.934739, 0.0254359], 
              [0.0077705, 0.938052, 0.0077655, 0.0464121], 
              [0.00666642, 0.950197, 0.0121817, 0.0309551], 
              [0.00666642, 0.0165977, 0.00555746, 0.971178], 
              [0.0486199, 0.00445344, 0.936948, 0.00997849], 
              [0.0618733, 0.0110776, 0.914863, 0.0121866], 
              [0.0353716, 0.212067, 0.735958, 0.0166029], 
              [0.0221229, 0.786757, 0.0110777, 0.180042], 
              [0.626614, 0.0232223, 0.340185, 0.00997849], 
              [0.95793, 0.00666148, 0.026534, 0.00887446], 
              [0.0110826, 0.931428, 0.0210138, 0.0364758], 
              [0.939161, 0.0143897, 0.0353668, 0.0110825], 
              [0.0921419, 0.0673846, 0.525716, 0.314758], 
              [0.651593, 0.0177017, 0.297543, 0.033163], 
              [0.0976623, 0.0121817, 0.880177, 0.00997852]
            ]
          }, {
            "db": 0,
            "id": "6-GCCTGTAATCCCAGCWCYT",
            "alt": "STREME-6",
            "width": 19,
            "initial_width": 16,
            "seed": "GCCTGTAATCCCAGCAATT",
            "score_threshold": 12.4681,
            "train_pos_count": 970,
            "train_neg_count": 9,
            "train_log_pvalue": -277.379,
            "train_pvalue": "4.2e-278",
            "train_dtc": -1.0,
            "train_bernoulli": -1,
            "test_pos_count": 116,
            "test_neg_count": 0,
            "test_log_pvalue": -35.4429,
            "test_pvalue": "3.6e-036",
            "test_dtc": -1.0,
            "test_bernoulli": -1,
            "elapsed_time": 1305.5,
            "len": 19,
            "nsites": 1086,
            "evalue": "3.6e-036",
            "pwm": [
              [0.283034, 0.00323931, 0.694466, 0.0192607], 
              [0.00431182, 0.898445, 0.0128492, 0.0843937], 
              [0.00751503, 0.94863, 0.00751023, 0.0363444], 
              [0.00858273, 0.0192553, 0.00430704, 0.967855], 
              [0.0726512, 0.00537477, 0.917662, 0.00431182], 
              [0.00644728, 0.0256619, 0.0117812, 0.95611], 
              [0.948635, 0.0160522, 0.0277976, 0.007515], 
              [0.79593, 0.00857796, 0.193315, 0.00217636], 
              [0.00431182, 0.00217158, 0.00537479, 0.988142], 
              [0.0128537, 0.930479, 0.00537479, 0.0512926], 
              [0.00858283, 0.89417, 0.00751026, 0.0897365], 
              [0.00431182, 0.903782, 0.00430704, 0.0875994], 
              [0.971058, 0.00323931, 0.0160523, 0.00965046], 
              [0.0630384, 0.0139166, 0.919801, 0.00324409], 
              [0.0181925, 0.929411, 0.0064425, 0.0459543], 
              [0.610107, 0.0235262, 0.0203231, 0.346044], 
              [0.303334, 0.607966, 0.0587627, 0.0299376], 
              [0.0107182, 0.332159, 0.0117811, 0.645342], 
              [0.00858273, 0.0374072, 0.0171201, 0.93689]
            ]
          }, {
            "db": 0,
            "id": "7-RGYGCRGTGGCKC",
            "alt": "STREME-7",
            "width": 13,
            "initial_width": 9,
            "seed": "AGTGCAGTGGCGC",
            "score_threshold": 13.7727,
            "train_pos_count": 966,
            "train_neg_count": 60,
            "train_log_pvalue": -214.418,
            "train_pvalue": "3.8e-215",
            "train_dtc": -1.0,
            "train_bernoulli": -1,
            "test_pos_count": 125,
            "test_neg_count": 8,
            "test_log_pvalue": -28.2514,
            "test_pvalue": "5.6e-029",
            "test_dtc": -1.0,
            "test_bernoulli": -1,
            "elapsed_time": 1836.8,
            "len": 13,
            "nsites": 1091,
            "evalue": "5.6e-029",
            "pwm": [
              [0.426822, 0.00968522, 0.56345, 4.18527e-05], 
              [0.00204148, 3.69659e-05, 0.99788, 4.18527e-05], 
              [4.18527e-05, 0.3792, 3.69659e-05, 0.620721], 
              [0.197041, 3.69659e-05, 0.80288, 4.18527e-05], 
              [4.18527e-05, 0.772199, 3.69659e-05, 0.227722], 
              [0.575559, 0.00966478, 0.414734, 4.18527e-05], 
              [0.0766947, 3.69659e-05, 0.923227, 4.18527e-05], 
              [4.18527e-05, 0.00331503, 3.69659e-05, 0.996606], 
              [0.00158799, 0.00112962, 0.997241, 4.18527e-05], 
              [0.00113451, 3.69659e-05, 0.998787, 4.18527e-05], 
              [4.18527e-05, 0.810686, 3.69659e-05, 0.189235], 
              [0.196863, 0.00659308, 0.328338, 0.468206], 
              [4.18527e-05, 0.849308, 0.00987108, 0.14078]
            ]
          }, {
            "db": 0,
            "id": "8-GGAGGCYGAGGCRGGAGGA",
            "alt": "STREME-8",
            "width": 19,
            "initial_width": 19,
            "seed": "GGAGGCTGAGGCAGGAGAA",
            "score_threshold": 15.5059,
            "train_pos_count": 853,
            "train_neg_count": 7,
            "train_log_pvalue": -245.158,
            "train_pvalue": "6.9e-246",
            "train_dtc": -1.0,
            "train_bernoulli": -1,
            "test_pos_count": 96,
            "test_neg_count": 2,
            "test_log_pvalue": -26.1571,
            "test_pvalue": "7.0e-027",
            "test_dtc": -1.0,
            "test_bernoulli": -1,
            "elapsed_time": 1662.7,
            "len": 19,
            "nsites": 949,
            "evalue": "7.0e-027",
            "pwm": [
              [0.053255, 0.0045669, 0.926285, 0.0158935], 
              [0.0464622, 0.00796338, 0.943267, 0.00230766], 
              [0.959123, 0.0102276, 0.0136241, 0.0170256], 
              [0.0566511, 0.00343475, 0.935342, 0.00457198], 
              [0.0238187, 0.0124919, 0.957985, 0.00570415], 
              [0.00910059, 0.956853, 0.00569908, 0.0283474], 
              [0.0102327, 0.378201, 0.020417, 0.591149], 
              [0.14949, 0.0102276, 0.834578, 0.00570411], 
              [0.960255, 0.0136241, 0.0136241, 0.012497], 
              [0.0509906, 0.0090955, 0.93421, 0.00570411], 
              [0.0679745, 0.00796338, 0.916094, 0.00796841], 
              [0.0192899, 0.660211, 0.012492, 0.308007], 
              [0.492643, 0.0136241, 0.477839, 0.0158935], 
              [0.0543869, 0.024946, 0.900245, 0.0204221], 
              [0.052123, 0.020417, 0.920624, 0.00683626], 
              [0.518686, 0.253661, 0.0306064, 0.197046], 
              [0.127979, 0.0102276, 0.849297, 0.012497], 
              [0.318283, 0.0136241, 0.655596, 0.012497], 
              [0.927422, 0.0192848, 0.0373993, 0.0158935]
            ]
          }, {
            "db": 0,
            "id": "9-GTCTCAAAAAAAAAAAAAA",
            "alt": "STREME-9",
            "width": 19,
            "initial_width": 16,
            "seed": "GTCTCAAAAAAAAAAACAA",
            "score_threshold": 16.7342,
            "train_pos_count": 753,
            "train_neg_count": 13,
            "train_log_pvalue": -205.296,
            "train_pvalue": "5.1e-206",
            "train_dtc": -1.0,
            "train_bernoulli": -1,
            "test_pos_count": 95,
            "test_neg_count": 3,
            "test_log_pvalue": -24.6328,
            "test_pvalue": "2.3e-025",
            "test_dtc": -1.0,
            "test_bernoulli": -1,
            "elapsed_time": 2019.9,
            "len": 19,
            "nsites": 848,
            "evalue": "2.3e-025",
            "pwm": [
              [0.202867, 0.0096582, 0.774204, 0.0132704], 
              [0.00605699, 0.0192766, 0.00364723, 0.971019], 
              [0.00846146, 0.963801, 0.00484946, 0.0228881], 
              [0.0132709, 0.00605174, 0.00244505, 0.978232], 
              [0.0529439, 0.906481, 0.00484949, 0.0357256], 
              [0.641898, 0.0228828, 0.0168714, 0.318348], 
              [0.975829, 0.00244505, 0.0156693, 0.00605702], 
              [0.685993, 0.287472, 0.0132648, 0.0132703], 
              [0.704025, 0.0156693, 0.0180744, 0.262232], 
              [0.912109, 0.0661644, 0.0168716, 0.0048548], 
              [0.938561, 0.0288934, 0.0240845, 0.00846143], 
              [0.934954, 0.0337023, 0.0120626, 0.0192811], 
              [0.938561, 0.0361066, 0.0120626, 0.0132701], 
              [0.937358, 0.0228824, 0.0180736, 0.0216856], 
              [0.649924, 0.0577486, 0.0168713, 0.275456], 
              [0.909708, 0.0469266, 0.020478, 0.0228876], 
              [0.641511, 0.293483, 0.0337024, 0.0313031], 
              [0.923319, 0.025287, 0.0273041, 0.0240899], 
              [0.886865, 0.0228824, 0.0661631, 0.0240899]
            ]
          }, {
            "db": 0,
            "id": "10-AGTCATTTCTRKA",
            "alt": "STREME-10",
            "width": 13,
            "initial_width": 9,
            "seed": "AGTCATTTCTGGA",
            "score_threshold": 11.8295,
            "train_pos_count": 1353,
            "train_neg_count": 386,
            "train_log_pvalue": -129.304,
            "train_pvalue": "5.0e-130",
            "train_dtc": -1.0,
            "train_bernoulli": -1,
            "test_pos_count": 161,
            "test_neg_count": 38,
            "test_log_pvalue": -19.3937,
            "test_pvalue": "4.0e-020",
            "test_dtc": -1.0,
            "test_bernoulli": -1,
            "elapsed_time": 3042.8,
            "len": 13,
            "nsites": 1514,
            "evalue": "4.0e-020",
            "pwm": [
              [0.858593, 0.0195629, 0.0340322, 0.087812], 
              [0.118775, 0.0975637, 0.644204, 0.139457], 
              [0.0317425, 0.00580608, 0.0082741, 0.954177], 
              [0.0414861, 0.881557, 0.0212823, 0.0556745], 
              [0.996388, 1.71953e-05, 0.00357506, 1.94684e-05], 
              [0.0333651, 0.00552177, 0.00480254, 0.956311], 
              [0.215802, 0.112086, 0.0117074, 0.660404], 
              [0.0902054, 0.0652208, 0.0243433, 0.820231], 
              [0.109267, 0.737236, 0.0876518, 0.0658455], 
              [0.30158, 0.0229585, 0.0681159, 0.607346], 
              [0.402201, 0.0147687, 0.446059, 0.136972], 
              [0.211522, 0.071885, 0.463476, 0.253118], 
              [0.760891, 0.158549, 0.0251736, 0.0553871]
            ]
          }, {
            "db": 0,
            "id": "11-AAAAAAAAAAAVAAA",
            "alt": "STREME-11",
            "width": 15,
            "initial_width": 15,
            "seed": "AAAAAAAAAAAGAAA",
            "score_threshold": 14.9483,
            "train_pos_count": 671,
            "train_neg_count": 122,
            "train_log_pvalue": -93.4851,
            "train_pvalue": "3.3e-094",
            "train_dtc": -1.0,
            "train_bernoulli": -1,
            "test_pos_count": 96,
            "test_neg_count": 12,
            "test_log_pvalue": -17.2833,
            "test_pvalue": "5.2e-018",
            "test_dtc": -1.0,
            "test_bernoulli": -1,
            "elapsed_time": 4075.9,
            "len": 15,
            "nsites": 767,
            "evalue": "5.2e-018",
            "pwm": [
              [0.962479, 0.000221374, 5.9004e-05, 0.0372402], 
              [0.966552, 0.0259047, 0.00747654, 6.68041e-05], 
              [0.989351, 0.00877945, 5.9004e-05, 0.00181087], 
              [0.815308, 0.101198, 0.0715156, 0.011979], 
              [0.811225, 0.160723, 0.0173053, 0.0107469], 
              [0.957549, 0.00833226, 0.0199366, 0.0141819], 
              [0.838282, 0.0871162, 0.0662305, 0.00837146], 
              [0.840564, 0.0671644, 0.0836188, 0.00865319], 
              [0.961705, 0.0315066, 0.00250961, 0.00427878], 
              [0.888591, 0.0858197, 0.00600114, 0.0195877], 
              [0.955884, 0.0337541, 0.00230061, 0.00806098], 
              [0.3919, 0.238042, 0.364343, 0.0057149], 
              [0.98022, 0.00994616, 5.9004e-05, 0.00977508], 
              [0.967188, 0.0167935, 0.00859481, 0.00742401], 
              [0.928795, 5.9004e-05, 0.0578263, 0.0133199]
            ]
          }, {
            "db": 0,
            "id": "12-CTYGAACTCCTGRCCTCAA",
            "alt": "STREME-12",
            "width": 19,
            "initial_width": 18,
            "seed": "CTCGAACTCCTGACCTCAA",
            "score_threshold": 16.1034,
            "train_pos_count": 560,
            "train_neg_count": 1,
            "train_log_pvalue": -167.475,
            "train_pvalue": "3.4e-168",
            "train_dtc": -1.0,
            "train_bernoulli": -1,
            "test_pos_count": 61,
            "test_neg_count": 1,
            "test_log_pvalue": -17.0021,
            "test_pvalue": "1.0e-017",
            "test_dtc": -1.0,
            "test_bernoulli": -1,
            "elapsed_time": 2232.7,
            "len": 19,
            "nsites": 621,
            "evalue": "1.0e-017",
            "pwm": [
              [0.0161924, 0.906643, 0.00722672, 0.0699384], 
              [0.00902626, 0.0090183, 0.00364366, 0.978312], 
              [0.00723473, 0.6343, 0.0233505, 0.335115], 
              [0.256268, 0.0663492, 0.664773, 0.0126093], 
              [0.992644, 6.06095e-05, 0.00722672, 6.86219e-05], 
              [0.81528, 0.0842646, 0.0179759, 0.0824798], 
              [0.00902626, 0.955014, 0.00543519, 0.0305246], 
              [0.0126093, 0.0394742, 0.0197674, 0.928149], 
              [0.0108178, 0.933515, 0.0090183, 0.0466484], 
              [0.0179839, 0.899476, 0.0161844, 0.0663555], 
              [0.0108178, 0.0484324, 0.0108098, 0.92994], 
              [0.0591893, 0.00722672, 0.922766, 0.0108178], 
              [0.657619, 0.00364366, 0.335085, 0.00365173], 
              [0.0341081, 0.668361, 0.267006, 0.0305246], 
              [0.00723473, 0.912016, 0.00901825, 0.0717313], 
              [6.86219e-05, 0.0126013, 0.00185214, 0.985478], 
              [6.86219e-05, 0.922766, 0.00364366, 0.0735216], 
              [0.829613, 0.0143928, 0.143385, 0.0126094], 
              [0.560854, 0.00364366, 0.274194, 0.161308]
            ]
          }, {
            "db": 0,
            "id": "13-ATCTCRGCTCACTGCAAC",
            "alt": "STREME-13",
            "width": 18,
            "initial_width": 12,
            "seed": "ATCTCGGCTCACTGCAGC",
            "score_threshold": 14.0099,
            "train_pos_count": 479,
            "train_neg_count": 4,
            "train_log_pvalue": -137.014,
            "train_pvalue": "9.7e-138",
            "train_dtc": -1.0,
            "train_bernoulli": -1,
            "test_pos_count": 54,
            "test_neg_count": 0,
            "test_log_pvalue": -16.3667,
            "test_pvalue": "4.3e-017",
            "test_dtc": -1.0,
            "test_bernoulli": -1,
            "elapsed_time": 2572.4,
            "len": 18,
            "nsites": 533,
            "evalue": "4.3e-017",
            "pwm": [
              [0.922712, 0.00227603, 0.0661218, 0.0088906], 
              [0.0110921, 0.0308965, 0.00447759, 0.953534], 
              [0.0198985, 0.942516, 0.00667914, 0.0309064], 
              [0.176213, 0.0132838, 0.00888069, 0.801623], 
              [0.0154953, 0.706937, 0.0110822, 0.266486], 
              [0.334769, 0.00667914, 0.625445, 0.0331078], 
              [0.0419148, 0.00447759, 0.946919, 0.00668898], 
              [0.00228588, 0.940315, 0.0132839, 0.0441157], 
              [0.0088906, 0.00227603, 0.00447759, 0.984356], 
              [0.00448743, 0.949121, 0.0132838, 0.0331078], 
              [0.964542, 0.00447759, 0.0264931, 0.00448743], 
              [0.00228588, 0.957927, 0.00888069, 0.0309061], 
              [8.43273e-05, 0.121164, 0.0220901, 0.856662], 
              [0.0859469, 0.00447759, 0.909491, 8.43273e-05], 
              [0.0353092, 0.918299, 7.44811e-05, 0.0463172], 
              [0.955736, 0.00447759, 0.0264931, 0.0132937], 
              [0.75979, 0.00667914, 0.229043, 0.00448743], 
              [0.0110922, 0.883069, 0.0815371, 0.0243015]
            ]
          }, {
            "db": 0,
            "id": "14-GAAACYAV",
            "alt": "STREME-14",
            "width": 8,
            "initial_width": 8,
            "seed": "GAAACCAA",
            "score_threshold": 8.49236,
            "train_pos_count": 7378,
            "train_neg_count": 5152,
            "train_log_pvalue": -116.071,
            "train_pvalue": "8.5e-117",
            "train_dtc": -1.0,
            "train_bernoulli": -1,
            "test_pos_count": 799,
            "test_neg_count": 543,
            "test_log_pvalue": -15.1726,
            "test_pvalue": "6.7e-016",
            "test_dtc": -1.0,
            "test_bernoulli": -1,
            "elapsed_time": 3617.8,
            "len": 8,
            "nsites": 8177,
            "evalue": "6.7e-016",
            "pwm": [
              [6.84106e-05, 6.04229e-05, 0.999803, 6.84106e-05], 
              [0.963776, 6.04229e-05, 6.04229e-05, 0.0361027], 
              [0.999811, 6.04229e-05, 6.04229e-05, 6.84106e-05], 
              [0.999811, 6.04229e-05, 6.04229e-05, 6.84106e-05], 
              [6.84106e-05, 0.82268, 0.177183, 6.84106e-05], 
              [0.0568014, 0.504481, 6.04229e-05, 0.438657], 
              [0.718381, 0.0945582, 0.186992, 6.84106e-05], 
              [0.371831, 0.296074, 0.296704, 0.0353922]
            ]
          }, {
            "db": 0,
            "id": "15-CCCCACCCCCV",
            "alt": "STREME-15",
            "width": 11,
            "initial_width": 10,
            "seed": "CCCCACCCCCC",
            "score_threshold": 9.63127,
            "train_pos_count": 3974,
            "train_neg_count": 2135,
            "train_log_pvalue": -140.156,
            "train_pvalue": "7.0e-141",
            "train_dtc": -1.0,
            "train_bernoulli": -1,
            "test_pos_count": 425,
            "test_neg_count": 262,
            "test_log_pvalue": -10.7499,
            "test_pvalue": "1.8e-011",
            "test_dtc": -1.0,
            "test_bernoulli": -1,
            "elapsed_time": 2431.0,
            "len": 11,
            "nsites": 4399,
            "evalue": "1.8e-011",
            "pwm": [
              [0.0109098, 0.92597, 5.59248e-05, 0.063064], 
              [0.0312778, 0.84431, 0.00602835, 0.118383], 
              [2.43686e-05, 0.994575, 0.00537668, 2.43686e-05], 
              [0.00284698, 0.953607, 0.0338509, 0.00969549], 
              [0.592014, 2.15233e-05, 0.25048, 0.157485], 
              [0.0899491, 0.795191, 0.0252471, 0.0896125], 
              [0.0102411, 0.920877, 0.052248, 0.0166334], 
              [0.040264, 0.742395, 0.0192509, 0.19809], 
              [0.131258, 0.783487, 0.0211319, 0.0641237], 
              [0.0581973, 0.810965, 0.0855232, 0.0453143], 
              [0.294805, 0.354006, 0.209841, 0.141347]
            ]
          }, {
            "db": 0,
            "id": "16-GGGTTCAAGCGA",
            "alt": "STREME-16",
            "width": 12,
            "initial_width": 12,
            "seed": "GGGTTCAAGCGA",
            "score_threshold": 15.4582,
            "train_pos_count": 182,
            "train_neg_count": 7,
            "train_log_pvalue": -44.8244,
            "train_pvalue": "1.5e-045",
            "train_dtc": -1.0,
            "train_bernoulli": -1,
            "test_pos_count": 29,
            "test_neg_count": 1,
            "test_log_pvalue": -7.56881,
            "test_pvalue": "2.7e-008",
            "test_dtc": -1.0,
            "test_bernoulli": -1,
            "elapsed_time": 4815.3,
            "len": 12,
            "nsites": 211,
            "evalue": "2.7e-008",
            "pwm": [
              [0.112051, 0.00770157, 0.850163, 0.0300848], 
              [0.0300848, 0.000252027, 0.947029, 0.0226346], 
              [0.0449858, 0.000252027, 0.954477, 0.000285344], 
              [0.00773489, 0.0435679, 0.0151513, 0.933546], 
              [0.000285344, 0.000252027, 0.000252027, 0.999211], 
              [0.000285344, 0.984278, 0.000252027, 0.0151846], 
              [0.991761, 0.000252027, 0.000252027, 0.00773489], 
              [0.991761, 0.00770157, 0.000252027, 0.000285344], 
              [0.0226346, 0.000252027, 0.976828, 0.000285344], 
              [0.000285344, 0.818503, 0.0226013, 0.15861], 
              [0.171678, 0.00770157, 0.797985, 0.0226346], 
              [0.976862, 0.000252027, 0.0151513, 0.00773489]
            ]
          }, {
            "db": 0,
            "id": "17-TAAWAATARM",
            "alt": "STREME-17",
            "width": 10,
            "initial_width": 9,
            "seed": "TAAAAATAAA",
            "score_threshold": 11.3825,
            "train_pos_count": 1789,
            "train_neg_count": 706,
            "train_log_pvalue": -112.356,
            "train_pvalue": "4.4e-113",
            "train_dtc": -1.0,
            "train_bernoulli": -1,
            "test_pos_count": 171,
            "test_neg_count": 91,
            "test_log_pvalue": -6.61893,
            "test_pvalue": "2.4e-007",
            "test_dtc": -1.0,
            "test_bernoulli": -1,
            "elapsed_time": 3383.5,
            "len": 10,
            "nsites": 1960,
            "evalue": "2.4e-007",
            "pwm": [
              [5.60184e-05, 0.000375581, 4.94776e-05, 0.999519], 
              [0.999845, 4.94776e-05, 4.94776e-05, 5.60184e-05], 
              [0.791852, 0.0242686, 4.94776e-05, 0.18383], 
              [0.462016, 0.0460037, 0.0367804, 0.4552], 
              [0.894728, 0.004393, 0.0176827, 0.0831966], 
              [0.999845, 4.94776e-05, 4.94776e-05, 5.60184e-05], 
              [5.60184e-05, 0.0689593, 4.94776e-05, 0.930935], 
              [0.895814, 0.0224017, 0.0558184, 0.0259661], 
              [0.460003, 0.10672, 0.371837, 0.0614407], 
              [0.494989, 0.331204, 0.00658219, 0.167225]
            ]
          }, {
            "db": 0,
            "id": "18-GGRAAGTCCC",
            "alt": "STREME-18",
            "width": 10,
            "initial_width": 10,
            "seed": "GGAAAGTCCC",
            "score_threshold": 11.6864,
            "train_pos_count": 799,
            "train_neg_count": 296,
            "train_log_pvalue": -54.5773,
            "train_pvalue": "2.6e-055",
            "train_dtc": -1.0,
            "train_bernoulli": -1,
            "test_pos_count": 100,
            "test_neg_count": 41,
            "test_log_pvalue": -6.5792,
            "test_pvalue": "2.6e-007",
            "test_dtc": -1.0,
            "test_bernoulli": -1,
            "elapsed_time": 5462.1,
            "len": 10,
            "nsites": 899,
            "evalue": "2.6e-007",
            "pwm": [
              [0.0680024, 0.000131686, 0.91252, 0.0193463], 
              [0.000149094, 0.0239951, 0.975707, 0.000149094], 
              [0.576124, 0.0186851, 0.391508, 0.0136821], 
              [0.954733, 0.000131686, 0.0449862, 0.000149094], 
              [0.989807, 0.00991237, 0.000131686, 0.000149094], 
              [0.130537, 0.103817, 0.528678, 0.236969], 
              [0.000149094, 0.311379, 0.000131686, 0.688341], 
              [0.000149094, 0.99957, 0.000131686, 0.000149094], 
              [0.0374551, 0.962264, 0.000131686, 0.000149094], 
              [0.000149094, 0.99957, 0.000131686, 0.000149094]
            ]
          }, {
            "db": 0,
            "id": "19-AAATTAGCCRGGCGTGG",
            "alt": "STREME-19",
            "width": 17,
            "initial_width": 10,
            "seed": "AAATTAGCCAGGTGTGG",
            "score_threshold": 14.8097,
            "train_pos_count": 215,
            "train_neg_count": 4,
            "train_log_pvalue": -58.1379,
            "train_pvalue": "7.3e-059",
            "train_dtc": -1.0,
            "train_bernoulli": -1,
            "test_pos_count": 24,
            "test_neg_count": 1,
            "test_log_pvalue": -6.13037,
            "test_pvalue": "7.4e-007",
            "test_dtc": -1.0,
            "test_bernoulli": -1,
            "elapsed_time": 4250.3,
            "len": 17,
            "nsites": 239,
            "evalue": "7.4e-007",
            "pwm": [
              [0.975818, 0.00489616, 0.000160223, 0.0191252], 
              [0.952139, 0.0285759, 0.0096321, 0.00965328], 
              [0.942667, 0.019104, 0.0333118, 0.00491734], 
              [0.0143892, 0.0617277, 0.019104, 0.904779], 
              [0.00965328, 0.0854075, 0.014368, 0.890571], 
              [0.98529, 0.000160223, 0.014368, 0.000181403], 
              [0.0238611, 0.014368, 0.952118, 0.00965328], 
              [0.000181403, 0.952118, 0.014368, 0.033333], 
              [0.0285974, 0.757942, 0.0096321, 0.203828], 
              [0.587467, 0.000160223, 0.393247, 0.0191252], 
              [0.104373, 0.0096321, 0.833718, 0.0522769], 
              [0.0854287, 0.0333118, 0.852662, 0.028597], 
              [0.0285972, 0.696372, 0.014368, 0.260663], 
              [0.270136, 0.0475199, 0.639539, 0.042805], 
              [0.00491734, 0.0238399, 0.0096321, 0.961611], 
              [0.033333, 0.014368, 0.923702, 0.028597], 
              [0.071221, 0.0096321, 0.89055, 0.0285972]
            ]
          }, {
            "db": 0,
            "id": "20-ATTTGCATW",
            "alt": "STREME-20",
            "width": 9,
            "initial_width": 9,
            "seed": "ATTTGCATA",
            "score_threshold": 12.2926,
            "train_pos_count": 1053,
            "train_neg_count": 302,
            "train_log_pvalue": -99.6083,
            "train_pvalue": "2.5e-100",
            "train_dtc": -1.0,
            "train_bernoulli": -1,
            "test_pos_count": 108,
            "test_neg_count": 50,
            "test_log_pvalue": -5.77571,
            "test_pvalue": "1.7e-006",
            "test_dtc": -1.0,
            "test_bernoulli": -1,
            "elapsed_time": 3847.8,
            "len": 9,
            "nsites": 1161,
            "evalue": "1.7e-006",
            "pwm": [
              [0.902058, 0.058918, 0.0389273, 9.70522e-05], 
              [0.000211528, 0.00357127, 0.00596141, 0.990256], 
              [0.0067815, 0.0043659, 0.00226233, 0.98659], 
              [0.00782773, 0.00102477, 0.00176248, 0.989385], 
              [0.0714061, 8.57203e-05, 0.928411, 9.70522e-05], 
              [0.0162178, 0.979337, 0.000796777, 0.00364861], 
              [0.907247, 0.0645012, 0.00444327, 0.023809], 
              [9.70522e-05, 8.57203e-05, 8.57203e-05, 0.999732], 
              [0.509833, 0.0540253, 0.0852776, 0.350864]
            ]
          }, {
            "db": 0,
            "id": "21-AAAGRGGAASW",
            "alt": "STREME-21",
            "width": 11,
            "initial_width": 11,
            "seed": "AAAGAGGAACT",
            "score_threshold": 12.6627,
            "train_pos_count": 750,
            "train_neg_count": 261,
            "train_log_pvalue": -55.9766,
            "train_pvalue": "1.1e-056",
            "train_dtc": -1.0,
            "train_bernoulli": -1,
            "test_pos_count": 77,
            "test_neg_count": 30,
            "test_log_pvalue": -5.58997,
            "test_pvalue": "2.6e-006",
            "test_dtc": -1.0,
            "test_bernoulli": -1,
            "elapsed_time": 5645.4,
            "len": 11,
            "nsites": 827,
            "evalue": "2.6e-006",
            "pwm": [
              [0.885393, 0.00604409, 0.033539, 0.075024], 
              [0.924586, 8.66638e-05, 8.66638e-05, 0.0752404], 
              [0.728671, 0.015343, 0.00902686, 0.24696], 
              [0.175995, 0.0988227, 0.725084, 9.81205e-05], 
              [0.659837, 0.00369242, 0.336373, 9.81205e-05], 
              [9.81205e-05, 8.66638e-05, 0.999717, 9.81205e-05], 
              [9.81205e-05, 8.66638e-05, 0.999717, 9.81205e-05], 
              [0.999729, 8.66638e-05, 8.66638e-05, 9.81205e-05], 
              [0.999729, 8.66638e-05, 8.66638e-05, 9.81205e-05], 
              [9.81205e-05, 0.652505, 0.347299, 9.81205e-05], 
              [0.31984, 0.127232, 0.0170133, 0.535915]
            ]
          }, {
            "db": 0,
            "id": "22-CCACCAGRKGGC",
            "alt": "STREME-22",
            "width": 12,
            "initial_width": 12,
            "seed": "CCACCAGGGGGC",
            "score_threshold": 15.5905,
            "train_pos_count": 310,
            "train_neg_count": 37,
            "train_log_pvalue": -54.7331,
            "train_pvalue": "1.8e-055",
            "train_dtc": -1.0,
            "train_bernoulli": -1,
            "test_pos_count": 32,
            "test_neg_count": 5,
            "test_log_pvalue": -5.45767,
            "test_pvalue": "3.5e-006",
            "test_dtc": -1.0,
            "test_bernoulli": -1,
            "elapsed_time": 5035.8,
            "len": 12,
            "nsites": 342,
            "evalue": "3.5e-006",
            "pwm": [
              [0.000160246, 0.953701, 0.0459784, 0.000160246], 
              [0.000160246, 0.999538, 0.000141536, 0.000160246], 
              [0.908888, 0.000141536, 0.0908106, 0.000160246], 
              [0.000160246, 0.747779, 0.2519, 0.000160246], 
              [0.132701, 0.561789, 0.0503848, 0.255124], 
              [0.999557, 0.000141536, 0.000141536, 0.000160246], 
              [0.000160246, 0.00432512, 0.995354, 0.000160246], 
              [0.356899, 0.000141536, 0.642799, 0.000160246], 
              [0.000160246, 0.0191947, 0.615881, 0.364764], 
              [0.000160246, 0.000141536, 0.999538, 0.000160246], 
              [0.000160246, 0.000141536, 0.999538, 0.000160246], 
              [0.000160246, 0.999538, 0.000141536, 0.000160246]
            ]
          }, {
            "db": 0,
            "id": "23-GCAGCTGC",
            "alt": "STREME-23",
            "width": 8,
            "initial_width": 8,
            "seed": "GCAGCTGC",
