>WWWTTTTWAAAA	21-WWWTTTTWAAAA	7.604738	-614.327486	0	T:2087.0(10.80%),B:3197.8(3.97%),P:1e-266
0.309	0.156	0.124	0.412
0.277	0.178	0.142	0.403
0.310	0.167	0.106	0.416
0.229	0.155	0.055	0.561
0.045	0.085	0.002	0.868
0.001	0.043	0.006	0.950
0.158	0.089	0.075	0.678
0.382	0.108	0.110	0.401
0.703	0.043	0.051	0.203
0.914	0.009	0.060	0.017
0.703	0.053	0.113	0.131
0.535	0.060	0.167	0.238
