>NCAGCCTGGGMH	3-NCAGCCTGGGMH	5.181548	-2035.525941	0	T:10036.0(51.95%),B:22131.2(27.46%),P:1e-884
0.248	0.263	0.269	0.220
0.247	0.516	0.183	0.054
0.555	0.013	0.053	0.379
0.066	0.198	0.583	0.153
0.087	0.576	0.233	0.104
0.058	0.877	0.001	0.064
0.364	0.061	0.001	0.574
0.027	0.001	0.746	0.226
0.158	0.002	0.624	0.216
0.145	0.238	0.527	0.090
0.241	0.375	0.209	0.175
0.282	0.286	0.104	0.328
