>ACACACACACAC	22-ACACACACACAC,BestGuess:SeqBias: CA-repeat(0.931)	10.182723	-362.049290	0	T:324.0(1.68%),B:74.7(0.09%),P:1e-157
0.750	0.087	0.082	0.081
0.072	0.798	0.031	0.099
0.844	0.034	0.074	0.048
0.020	0.849	0.044	0.087
0.885	0.022	0.057	0.036
0.024	0.841	0.035	0.100
0.903	0.013	0.056	0.028
0.022	0.870	0.033	0.075
0.875	0.028	0.062	0.035
0.047	0.819	0.048	0.086
0.850	0.047	0.051	0.052
0.070	0.717	0.086	0.127
