>AGGATYRCYTGA	11-TCARGYRATCCT	9.963770	-1350.115644	0	T:1060.0(5.49%),B:148.7(0.18%),P:1e-586
0.565	0.235	0.001	0.199
0.378	0.001	0.596	0.025
0.351	0.048	0.578	0.023
0.789	0.132	0.078	0.001
0.041	0.219	0.039	0.701
0.030	0.446	0.177	0.347
0.529	0.050	0.420	0.001
0.001	0.864	0.027	0.108
0.016	0.439	0.030	0.515
0.001	0.033	0.069	0.897
0.075	0.069	0.855	0.001
0.835	0.014	0.127	0.024
