>TTTTTTTTTTTT	10-AAAAAAAAAAAA	10.062221	-1558.025283	0	T:2355.0(12.19%),B:1712.7(2.12%),P:1e-676
0.052	0.040	0.053	0.855
0.066	0.059	0.048	0.827
0.035	0.028	0.064	0.873
0.031	0.032	0.066	0.871
0.034	0.021	0.153	0.792
0.030	0.021	0.117	0.832
0.123	0.010	0.064	0.803
0.123	0.019	0.075	0.783
0.048	0.022	0.070	0.860
0.033	0.028	0.061	0.878
0.056	0.022	0.111	0.811
0.125	0.010	0.048	0.817
