>GATCGYGCCAYT	17-GATCGYGCCAYT,BestGuess:Srebp1a(bHLH)/HepG2-Srebp1a-ChIP-Seq(GSE31477)/Homer(0.697)	9.974440	-947.168964	0	T:739.0(3.83%),B:98.4(0.12%),P:1e-411
0.094	0.047	0.831	0.028
0.776	0.009	0.038	0.177
0.019	0.063	0.019	0.899
0.056	0.459	0.254	0.231
0.309	0.103	0.510	0.078
0.084	0.454	0.009	0.452
0.306	0.109	0.576	0.009
0.019	0.853	0.056	0.072
0.038	0.934	0.009	0.019
0.906	0.037	0.038	0.019
0.019	0.549	0.009	0.423
0.028	0.056	0.047	0.869
