>ARTGGCRCGATC	17-GATCGYGCCAYT	9.974440	-947.168964	0	T:739.0(3.83%),B:98.4(0.12%),P:1e-411
0.869	0.047	0.056	0.028
0.423	0.009	0.549	0.019
0.019	0.038	0.037	0.906
0.019	0.009	0.934	0.038
0.072	0.056	0.853	0.019
0.009	0.576	0.109	0.306
0.452	0.009	0.454	0.084
0.078	0.510	0.103	0.309
0.231	0.254	0.459	0.056
0.899	0.019	0.063	0.019
0.177	0.038	0.009	0.776
0.028	0.831	0.047	0.094
