>CWSHANBCCCAG	1-CWSHANBCCCAG,BestGuess:ZNF416(Zf)/HEK293-ZNF416.GFP-ChIP-Seq(GSE58341)/Homer(0.743)	5.485124	-2344.451932	0	T:10423.0(53.95%),B:22220.2(27.57%),P:1e-1018
0.068	0.656	0.134	0.142
0.414	0.033	0.001	0.552
0.015	0.422	0.503	0.060
0.282	0.372	0.105	0.241
0.383	0.223	0.195	0.200
0.286	0.217	0.265	0.231
0.150	0.315	0.220	0.315
0.010	0.693	0.121	0.176
0.137	0.609	0.001	0.253
0.079	0.908	0.001	0.012
0.696	0.001	0.001	0.302
0.039	0.068	0.889	0.004
