>CTGGGVNTDSWG	1-CWSHANBCCCAG	5.485124	-2344.451932	0	T:10423.0(53.95%),B:22220.2(27.57%),P:1e-1018
0.004	0.889	0.068	0.039
0.302	0.001	0.001	0.696
0.012	0.001	0.908	0.079
0.253	0.001	0.609	0.137
0.176	0.121	0.693	0.010
0.315	0.220	0.315	0.150
0.231	0.265	0.217	0.286
0.200	0.195	0.223	0.383
0.241	0.105	0.372	0.282
0.060	0.503	0.422	0.015
0.552	0.001	0.033	0.414
0.142	0.134	0.656	0.068
