>GAGAGAGAGAGA	6-GAGAGAGAGAGA	4.944375	-1873.352921	0	T:13416.0(69.44%),B:36446.3(45.22%),P:1e-813
0.226	0.192	0.547	0.035
0.650	0.001	0.274	0.075
0.174	0.145	0.680	0.001
0.719	0.001	0.218	0.062
0.182	0.172	0.645	0.001
0.692	0.001	0.233	0.074
0.222	0.216	0.561	0.001
0.723	0.013	0.171	0.093
0.229	0.088	0.682	0.001
0.751	0.001	0.189	0.059
0.295	0.087	0.609	0.009
0.607	0.068	0.259	0.066
