>CAGSCTGGSNWR	8-CAGSCTGGSNWR	8.135835	-1757.960597	0	T:2055.0(10.64%),B:977.7(1.21%),P:1e-763
0.085	0.758	0.133	0.024
0.824	0.041	0.012	0.123
0.132	0.095	0.631	0.142
0.027	0.533	0.404	0.036
0.105	0.778	0.004	0.113
0.131	0.016	0.001	0.852
0.016	0.009	0.934	0.041
0.116	0.008	0.836	0.040
0.180	0.295	0.349	0.176
0.167	0.306	0.310	0.216
0.380	0.152	0.208	0.259
0.395	0.125	0.367	0.113
