>TCARGYRATCCT	11-TCARGYRATCCT,BestGuess:SREBF1(var.2)/MA0829.2/Jaspar(0.770)	9.963770	-1350.115644	0	T:1060.0(5.49%),B:148.7(0.18%),P:1e-586
0.024	0.127	0.014	0.835
0.001	0.855	0.069	0.075
0.897	0.069	0.033	0.001
0.515	0.030	0.439	0.016
0.108	0.027	0.864	0.001
0.001	0.420	0.050	0.529
0.347	0.177	0.446	0.030
0.701	0.039	0.219	0.041
0.001	0.078	0.132	0.789
0.023	0.578	0.048	0.351
0.025	0.596	0.001	0.378
0.199	0.001	0.235	0.565
