>GGAGTTCRAGAC	16-GGAGTTCRAGAC	10.656718	-1127.765153	0	T:795.0(4.11%),B:56.8(0.07%),P:1e-489
0.135	0.010	0.845	0.010
0.066	0.015	0.894	0.025
0.886	0.013	0.076	0.025
0.041	0.030	0.904	0.025
0.199	0.053	0.020	0.728
0.005	0.019	0.020	0.956
0.051	0.657	0.051	0.241
0.427	0.049	0.506	0.018
0.945	0.020	0.025	0.010
0.071	0.020	0.904	0.005
0.906	0.013	0.071	0.010
0.025	0.875	0.041	0.059
