>ACTTTGGGAGGC	15-ACTTTGGGAGGC	10.579178	-1166.900281	0	T:862.0(4.46%),B:85.2(0.11%),P:1e-506
0.853	0.001	0.116	0.030
0.001	0.913	0.001	0.085
0.001	0.029	0.001	0.969
0.001	0.058	0.058	0.883
0.001	0.058	0.058	0.883
0.028	0.029	0.942	0.001
0.320	0.029	0.622	0.029
0.260	0.001	0.738	0.001
0.789	0.001	0.122	0.088
0.240	0.001	0.758	0.001
0.230	0.173	0.568	0.029
0.001	0.912	0.001	0.086
