<!DOCTYPE HTML>
<html>
  <head>
    <meta charset="UTF-8">
    <title>TOMTOM</title>
    <script>
      // @JSON_VAR data
      var data = {
        "program": "Tomtom",
        "version": "5.3.0",
        "release": "Wed Nov 25 19:19:29 2020 -0800",
        "cmd": [
          "tomtom", "-no-ssc", "-verbosity", "1", "-min-overlap", "5",
          "-dist", "pearson", "-evalue", "-thresh", "10.0", "-oc",
          "CAM.HT-SELEX.WT",
          "/mnt/md1/home/oriol//CAM/results/IRF4/CAM/HT-SELEX/WT/motifs/filters.meme",
          "JASPAR2022_CORE_vertebrates_non-redundant_pfms_meme.txt"
        ],
        "options": {
          "strands": "both",
          "distance_measure": "pearson",
          "threshold_type": "evalue",
          "threshold_value": 10,
          "background_source": "--query--"
        },
        "alphabet": {
          "name": "DNA",
          "like": "dna",
          "ncore": 4,
          "symbols": [
            {
              "symbol": "A",
              "name": "Adenine",
              "colour": "CC0000",
              "complement": "T"
            }, {
              "symbol": "C",
              "name": "Cytosine",
              "colour": "0000CC",
              "complement": "G"
            }, {
              "symbol": "G",
              "name": "Guanine",
              "colour": "FFB300",
              "complement": "C"
            }, {
              "symbol": "T",
              "aliases": "U",
              "name": "Thymine",
              "colour": "008000",
              "complement": "A"
            }, {
              "symbol": "N",
              "aliases": "X.",
              "name": "Any base",
              "equals": "ACGT"
            }, {
              "symbol": "V",
              "name": "Not T",
              "equals": "ACG"
            }, {
              "symbol": "H",
              "name": "Not G",
              "equals": "ACT"
            }, {
              "symbol": "D",
              "name": "Not C",
              "equals": "AGT"
            }, {
              "symbol": "B",
              "name": "Not A",
              "equals": "CGT"
            }, {
              "symbol": "M",
              "name": "Amino",
              "equals": "AC"
            }, {
              "symbol": "R",
              "name": "Purine",
              "equals": "AG"
            }, {
              "symbol": "W",
              "name": "Weak",
              "equals": "AT"
            }, {
              "symbol": "S",
              "name": "Strong",
              "equals": "CG"
            }, {
              "symbol": "Y",
              "name": "Pyrimidine",
              "equals": "CT"
            }, {
              "symbol": "K",
              "name": "Keto",
              "equals": "GT"
            }
          ]
        },
        "background": [0.25, 0.25, 0.25, 0.25],
        "query_dbs": [
          {
            "source": "/mnt/md1/home/oriol//CAM/results/IRF4/CAM/HT-SELEX/WT/motifs/filters.meme",
            "name": "filters",
            "loaded": 16,
            "excluded": 0,
            "last_modified": "Mon Nov  1 13:42:18 2021"
          }
        ],
        "target_dbs": [
          {
            "source": "JASPAR2022_CORE_vertebrates_non-redundant_pfms_meme.txt",
            "name": "JASPAR2022_CORE_vertebrates_non-redundant_pfms_meme.txt",
            "loaded": 841,
            "excluded": 0,
            "last_modified": "Mon Nov  1 17:31:08 2021"
          }
        ],
        "queries": [
          {
            "db": 0,
            "id": "filter0",
            "alt": "HT-SELEX.WT",
            "len": 19,
            "nsites": 10515,
            "pwm": [
              [0.144081, 0.178603, 0.359485, 0.317831], 
              [0.176561, 0.139651, 0.414008, 0.26978], 
              [0.262461, 0.130336, 0.410975, 0.196228], 
              [0.298527, 0.138799, 0.383763, 0.17891], 
              [0.548228, 0.0866411, 0.141356, 0.223774], 
              [0.540311, 0.0564717, 0.171751, 0.231466], 
              [0.225819, 0.249385, 0.17108, 0.353717], 
              [0.0377281, 0.672052, 0.0347012, 0.255519], 
              [0.0139482, 0.000956568, 0.984726, 0.000369374], 
              [0.971587, 0.00139696, 0.0265729, 0.000442773], 
              [0.979147, 2.37753e-06, 0.00477332, 0.0160768], 
              [0.999993, 2.37753e-06, 2.37753e-06, 2.37753e-06], 
              [0.00469992, 0.808788, 0.182106, 0.00440633], 
              [2.37753e-06, 0.69634, 2.37753e-06, 0.303655], 
              [2.37753e-06, 2.37753e-06, 0.999993, 2.37753e-06], 
              [0.999993, 2.37753e-06, 2.37753e-06, 2.37753e-06], 
              [0.924025, 2.37753e-06, 0.0753833, 0.000589572], 
              [0.999993, 2.37753e-06, 2.37753e-06, 2.37753e-06], 
              [0.0834377, 0.77106, 0.145172, 0.000331184]
            ]
          }, {
            "db": 0,
            "id": "filter1",
            "alt": "HT-SELEX.WT",
            "len": 19,
            "nsites": 1228,
            "pwm": [
              [0.0619046, 0.0195627, 0.166131, 0.752402], 
              [0.103405, 0.0912892, 0.0339433, 0.771363], 
              [0.0625654, 0.131525, 0.170015, 0.635895], 
              [0.00935812, 0.581296, 0.00313294, 0.406213], 
              [0.516283, 2.03566e-05, 0.483677, 2.03566e-05], 
              [2.03566e-05, 0.00234936, 0.99761, 2.03566e-05], 
              [2.03566e-05, 2.03566e-05, 2.03566e-05, 0.999939], 
              [2.03566e-05, 2.03566e-05, 2.03566e-05, 0.999939], 
              [2.03566e-05, 2.03566e-05, 2.03566e-05, 0.999939], 
              [2.03566e-05, 0.999939, 2.03566e-05, 2.03566e-05], 
              [0.00624553, 2.03566e-05, 0.993714, 2.03566e-05], 
              [0.344967, 0.0127961, 0.494869, 0.147368], 
              [0.114346, 0.155298, 0.0546234, 0.675733], 
              [0.0583346, 0.0977825, 0.50684, 0.337043], 
              [0.413049, 0.137697, 0.323913, 0.125341], 
              [0.339381, 0.0449498, 0.529614, 0.0860554], 
              [0.349122, 0.275627, 0.135406, 0.239846], 
              [0.312872, 0.193164, 0.350092, 0.143872], 
              [0.128502, 0.239107, 0.357533, 0.274858]
            ]
          }, {
            "db": 0,
            "id": "filter10",
            "alt": "HT-SELEX.WT",
            "len": 19,
            "nsites": 2691,
            "pwm": [
              [0.658476, 0.102941, 0.113346, 0.125237], 
              [0.566311, 0.0851203, 0.183127, 0.165442], 
              [0.123783, 0.188204, 0.314873, 0.373141], 
              [0.0264633, 0.110411, 0.0836041, 0.779522], 
              [0.0620279, 0.0773583, 0.76235, 0.0982635], 
              [0.476149, 0.0784445, 0.311332, 0.134075], 
              [0.730152, 0.0498379, 0.0189916, 0.201019], 
              [0.984041, 9.28988e-06, 0.0159409, 9.28988e-06], 
              [9.28988e-06, 0.0210255, 0.978956, 9.28988e-06], 
              [9.28988e-06, 0.169495, 9.28988e-06, 0.830487], 
              [9.28988e-06, 9.28988e-06, 0.99082, 0.00916149], 
              [0.910484, 9.28988e-06, 9.28988e-06, 0.0894975], 
              [0.954889, 0.0450924, 9.28988e-06, 9.28988e-06], 
              [0.919975, 9.28988e-06, 0.0800063, 9.28988e-06], 
              [9.28988e-06, 0.881292, 0.118689, 9.28988e-06], 
              [9.28988e-06, 0.0488376, 9.28988e-06, 0.951144], 
              [0.265942, 0.00340129, 0.518308, 0.212349], 
              [0.226011, 0.150795, 0.483647, 0.139547], 
              [0.180143, 0.157257, 0.425612, 0.236988]
            ]
          }, {
            "db": 0,
            "id": "filter11",
            "alt": "HT-SELEX.WT",
            "len": 19,
            "nsites": 4108,
            "pwm": [
              [0.427698, 0.140947, 0.232717, 0.198638], 
              [0.20517, 0.237588, 0.280661, 0.276581], 
              [0.159714, 0.366904, 0.258582, 0.2148], 
              [0.115897, 0.109562, 0.689015, 0.0855266], 
              [0.456355, 0.109721, 0.294169, 0.139755], 
              [0.555415, 0.0375244, 0.130035, 0.277025], 
              [0.816191, 0.0523235, 0.0423016, 0.0891835], 
              [0.14627, 0.317752, 0.213014, 0.322964], 
              [0.0265585, 0.333878, 0.00508709, 0.634477], 
              [0.0215425, 0.00163764, 0.908452, 0.0683679], 
              [0.960335, 0.0194215, 6.08554e-06, 0.0202373], 
              [0.943856, 6.08554e-06, 6.08554e-06, 0.0561313], 
              [0.99884, 6.08554e-06, 6.08554e-06, 0.00114817], 
              [0.428451, 6.08554e-06, 6.08554e-06, 0.571537], 
              [0.00163764, 0.106057, 0.00571651, 0.886589], 
              [0.342645, 0.0410182, 0.278267, 0.33807], 
              [0.122483, 0.0804907, 0.454419, 0.342607], 
              [0.2174, 0.114685, 0.350023, 0.317893], 
              [0.380508, 0.107946, 0.187545, 0.324001]
            ]
          }, {
            "db": 0,
            "id": "filter12",
            "alt": "HT-SELEX.WT",
            "len": 19,
            "nsites": 5254,
            "pwm": [
              [0.196423, 0.146367, 0.388654, 0.268557], 
              [0.218202, 0.0966855, 0.347523, 0.337589], 
              [0.176042, 0.234325, 0.197622, 0.392011], 
              [0.122796, 0.180201, 0.380658, 0.316346], 
              [0.372111, 0.156827, 0.271411, 0.19965], 
              [0.600311, 0.0211087, 0.19977, 0.17881], 
              [0.261393, 0.272714, 0.0792523, 0.386641], 
              [4.75819e-06, 0.803806, 4.75819e-06, 0.196184], 
              [4.75819e-06, 4.75819e-06, 0.999986, 4.75819e-06], 
              [0.999986, 4.75819e-06, 4.75819e-06, 4.75819e-06], 
              [0.999986, 4.75819e-06, 4.75819e-06, 4.75819e-06], 
              [0.999986, 4.75819e-06, 4.75819e-06, 4.75819e-06], 
              [0.000142196, 0.894435, 0.105418, 4.75819e-06], 
              [4.75819e-06, 0.257971, 4.75819e-06, 0.742019], 
              [0.251169, 0.00426643, 0.735212, 0.00935294], 
              [0.650916, 0.0454269, 0.277955, 0.0257023], 
              [0.599603, 0.024959, 0.272689, 0.102749], 
              [0.807617, 0.062819, 0.0563694, 0.0731946], 
              [0.207509, 0.361807, 0.291604, 0.13908]
            ]
          }, {
            "db": 0,
            "id": "filter13",
            "alt": "HT-SELEX.WT",
            "len": 19,
            "nsites": 654698,
            "pwm": [
              [0.245367, 0.149272, 0.322362, 0.282999], 
              [0.237825, 0.148499, 0.330382, 0.283294], 
              [0.241642, 0.14719, 0.327111, 0.284057], 
              [0.249009, 0.149885, 0.326557, 0.274549], 
              [0.247601, 0.145695, 0.32831, 0.278393], 
              [0.249817, 0.147651, 0.316666, 0.285866], 
              [0.239818, 0.139501, 0.332689, 0.287991], 
              [0.223959, 0.151931, 0.327283, 0.296826], 
              [0.232971, 0.129867, 0.326434, 0.310728], 
              [0.256843, 0.144094, 0.305518, 0.293546], 
              [0.24539, 0.137339, 0.315047, 0.302224], 
              [0.288358, 0.127128, 0.355017, 0.229498], 
              [0.113932, 0.0934988, 0.480253, 0.312316], 
              [0.350321, 0.23224, 0.22551, 0.191929], 
              [0.22616, 0.16606, 0.272002, 0.335778], 
              [0.264177, 0.150355, 0.288697, 0.296771], 
              [0.245033, 0.163833, 0.293629, 0.297504], 
              [0.272307, 0.153525, 0.295979, 0.27819], 
              [0.256092, 0.150007, 0.33357, 0.260331]
            ]
          }, {
            "db": 0,
            "id": "filter14",
            "alt": "HT-SELEX.WT",
            "len": 19,
            "nsites": 205946,
            "pwm": [
              [0.256902, 0.154244, 0.384008, 0.204845], 
              [0.241312, 0.153644, 0.366131, 0.238913], 
              [0.199118, 0.181096, 0.410874, 0.208911], 
              [0.187619, 0.190257, 0.424982, 0.197142], 
              [0.161242, 0.201954, 0.438738, 0.198066], 
              [0.159029, 0.185118, 0.430355, 0.225497], 
              [0.149085, 0.192108, 0.441785, 0.217023], 
              [0.169336, 0.202946, 0.415607, 0.212111], 
              [0.158248, 0.239395, 0.365186, 0.23717], 
              [0.103883, 0.199192, 0.553273, 0.143652], 
              [0.204726, 0.192382, 0.313301, 0.289592], 
              [0.0984977, 0.145808, 0.546139, 0.209555], 
              [0.0784008, 0.13534, 0.282031, 0.504228], 
              [0.0125797, 0.370416, 0.000608991, 0.616395], 
              [0.602662, 0.0244085, 0.011325, 0.361605], 
              [0.190908, 0.00262087, 0.798383, 0.00808786], 
              [0.304941, 0.398771, 0.233221, 0.0630674], 
              [0.397911, 0.106272, 0.40177, 0.0940465], 
              [0.30109, 0.128819, 0.34819, 0.221901]
            ]
          }, {
            "db": 0,
            "id": "filter15",
            "alt": "HT-SELEX.WT",
            "len": 19,
            "nsites": 1555,
            "pwm": [
              [0.0617484, 0.326683, 0.281027, 0.330541], 
              [0.0534478, 0.212471, 0.339053, 0.395029], 
              [0.586578, 0.00317643, 0.403277, 0.00696885], 
              [0.0145537, 0.0227706, 0.956971, 0.00570471], 
              [0.0264129, 1.60761e-05, 1.60761e-05, 0.973555], 
              [0.114402, 0.000644576, 1.60761e-05, 0.884937], 
              [1.60761e-05, 0.00190156, 1.60761e-05, 0.998066], 
              [1.60761e-05, 0.999952, 1.60761e-05, 1.60761e-05], 
              [0.00190156, 1.60761e-05, 0.998066, 1.60761e-05], 
              [0.412937, 0.000644576, 0.586402, 1.60761e-05], 
              [0.264613, 1.60761e-05, 1.60761e-05, 0.735355], 
              [0.350716, 1.60761e-05, 1.60761e-05, 0.649252], 
              [1.60761e-05, 0.269012, 0.00504403, 0.725928], 
              [1.60761e-05, 0.756096, 1.60761e-05, 0.243872], 
              [0.0484102, 0.00127307, 0.950301, 1.60761e-05], 
              [0.55651, 0.0131616, 0.411033, 0.0192962], 
              [0.618736, 0.019682, 0.245084, 0.116499], 
              [0.928878, 0.00736854, 0.0196227, 0.0441309], 
              [0.188858, 0.362222, 0.396275, 0.0526443]
            ]
          }, {
            "db": 0,
            "id": "filter2",
            "alt": "HT-SELEX.WT",
            "len": 19,
            "nsites": 4572,
            "pwm": [
              [0.122269, 0.00503598, 0.030626, 0.842069], 
              [0.393439, 0.0942111, 0.0190214, 0.493328], 
              [0.279125, 0.000442618, 0.000661194, 0.719771], 
              [0.00525125, 0.858347, 0.0854681, 0.0509333], 
              [0.973146, 0.0253158, 0.00153281, 5.46795e-06], 
              [5.46795e-06, 5.46795e-06, 0.999984, 5.46795e-06], 
              [0.0789913, 5.46795e-06, 5.46795e-06, 0.920998], 
              [0.221035, 5.46795e-06, 5.46795e-06, 0.778954], 
              [0.0984105, 5.46795e-06, 5.46795e-06, 0.901579], 
              [5.46795e-06, 0.999984, 5.46795e-06, 5.46795e-06], 
              [0.0148426, 0.00480571, 0.83023, 0.150122], 
              [0.218689, 0.0267651, 0.712207, 0.0423384], 
              [0.077433, 0.00154085, 0.0342227, 0.886803], 
              [0.150254, 0.0269845, 0.0783104, 0.744451], 
              [0.266345, 0.166083, 0.0162403, 0.551332], 
              [0.10272, 0.407993, 0.209853, 0.279434], 
              [0.185668, 0.200001, 0.378945, 0.235387], 
              [0.256916, 0.0800491, 0.537635, 0.1254], 
              [0.205769, 0.120458, 0.371301, 0.302471]
            ]
          }, {
            "db": 0,
            "id": "filter3",
            "alt": "HT-SELEX.WT",
            "len": 19,
            "nsites": 54245,
            "pwm": [
              [0.288119, 0.123643, 0.278846, 0.309392], 
              [0.26795, 0.16603, 0.23477, 0.33125], 
              [0.263472, 0.215392, 0.247405, 0.273731], 
              [0.259773, 0.18037, 0.288887, 0.27097], 
              [0.302027, 0.109815, 0.356992, 0.231167], 
              [0.1403, 0.0928755, 0.403536, 0.363289], 
              [0.081081, 0.0749809, 0.222995, 0.620943], 
              [0.136082, 0.180364, 0.156959, 0.526596], 
              [0.051665, 0.191054, 0.249502, 0.50778], 
              [0.0481965, 0.401935, 0.0962179, 0.453651], 
              [0.547988, 1.49908e-05, 0.448132, 0.00386454], 
              [4.60871e-07, 0.0241582, 0.967052, 0.00878906], 
              [4.60871e-07, 4.60871e-07, 4.60871e-07, 0.999999], 
              [4.60871e-07, 0.00286637, 4.60871e-07, 0.997133], 
              [4.60871e-07, 4.60871e-07, 4.60871e-07, 0.999999], 
              [4.60871e-07, 0.999999, 4.60871e-07, 4.60871e-07], 
              [0.124448, 4.60871e-07, 0.875537, 1.48608e-05], 
              [0.0681365, 0.0501211, 0.799385, 0.082357], 
              [0.0121483, 0.00323499, 0.00144942, 0.983167]
            ]
          }, {
            "db": 0,
            "id": "filter4",
            "alt": "HT-SELEX.WT",
            "len": 19,
            "nsites": 143935,
            "pwm": [
              [0.229638, 0.188648, 0.415681, 0.166033], 
              [0.684118, 0.0980364, 0.217845, 1.73689e-07], 
              [0.537703, 0.108031, 0.0576142, 0.296653], 
              [0.122074, 0.243279, 0.0843316, 0.550315], 
              [0.0291068, 0.575771, 0.00256524, 0.392557], 
              [0.218846, 0.000451513, 0.767265, 0.0134374], 
              [0.504329, 0.0106082, 0.430126, 0.0549367], 
              [0.325599, 0.0111454, 0.203768, 0.459488], 
              [1.73689e-07, 0.0702666, 0.155404, 0.774329], 
              [0.0962315, 0.202368, 0.341774, 0.359626], 
              [0.143222, 0.396637, 0.139004, 0.321137], 
              [0.177513, 0.133415, 0.596743, 0.0923292], 
              [0.306156, 0.105397, 0.466574, 0.121873], 
              [0.254159, 0.121122, 0.241979, 0.382739], 
              [0.275526, 0.100958, 0.246316, 0.377201], 
              [0.182144, 0.142611, 0.283693, 0.391552], 
              [0.216028, 0.239623, 0.265317, 0.279032], 
              [0.225691, 0.152666, 0.362844, 0.2588], 
              [0.204755, 0.114163, 0.428668, 0.252414]
            ]
          }, {
            "db": 0,
            "id": "filter5",
            "alt": "HT-SELEX.WT",
            "len": 19,
            "nsites": 8314,
            "pwm": [
              [0.20652, 0.162257, 0.34953, 0.281693], 
              [0.220233, 0.14628, 0.409417, 0.22407], 
              [0.257466, 0.161068, 0.407662, 0.173804], 
              [0.273359, 0.134838, 0.437899, 0.153904], 
              [0.479513, 0.0760415, 0.200265, 0.24418], 
              [0.566165, 0.0647783, 0.113932, 0.255124], 
              [0.261118, 0.275402, 0.105039, 0.358441], 
              [0.016746, 0.750827, 0.0270978, 0.20533], 
              [0.00286444, 3.00694e-06, 0.997045, 8.71659e-05], 
              [0.995111, 0.000339593, 0.00437858, 0.000171295], 
              [0.993932, 3.00694e-06, 0.000844467, 0.00522004], 
              [0.999991, 3.00694e-06, 3.00694e-06, 3.00694e-06], 
              [0.0021908, 0.822864, 0.169893, 0.00505176], 
              [3.00694e-06, 0.729967, 3.00694e-06, 0.270027], 
              [3.00694e-06, 3.00694e-06, 0.999991, 3.00694e-06], 
              [0.999991, 3.00694e-06, 3.00694e-06, 3.00694e-06], 
              [0.988715, 3.00694e-06, 0.0101846, 0.0010969], 
              [0.999991, 3.00694e-06, 3.00694e-06, 3.00694e-06], 
              [0.0422831, 0.724351, 0.23317, 0.000195625]
            ]
          }, {
            "db": 0,
            "id": "filter6",
            "alt": "HT-SELEX.WT",
            "len": 19,
            "nsites": 41434,
            "pwm": [
              [0.175001, 0.216465, 0.384515, 0.224019], 
              [0.173596, 0.158301, 0.297182, 0.370921], 
              [0.547802, 0.00126558, 0.365246, 0.0856861], 
              [0.000289033, 0.0825794, 0.845291, 0.071841], 
              [6.03368e-07, 6.03368e-07, 6.03368e-07, 0.999998], 
              [2.14833e-05, 0.0319845, 6.03368e-07, 0.967993], 
              [6.03368e-07, 6.03368e-07, 6.03368e-07, 0.999998], 
              [6.03368e-07, 0.999998, 6.03368e-07, 6.03368e-07], 
              [0.259087, 6.03368e-07, 0.740912, 6.03368e-07], 
              [0.000814811, 0.0666824, 0.931083, 0.00142025], 
              [6.03368e-07, 6.03368e-07, 6.03368e-07, 0.999998], 
              [0.0177671, 0.000731302, 6.03368e-07, 0.981501], 
              [6.03368e-07, 0.00202569, 6.32332e-05, 0.99791], 
              [0.000209373, 0.978662, 0.000522532, 0.0206064], 
              [0.137776, 0.00485753, 0.846825, 0.0105416], 
              [0.286392, 0.0453016, 0.463999, 0.204307], 
              [0.246833, 0.0467222, 0.165723, 0.540722], 
              [0.239592, 0.0829232, 0.189238, 0.488247], 
              [0.185348, 0.196637, 0.320108, 0.297907]
            ]
          }, {
            "db": 0,
            "id": "filter7",
            "alt": "HT-SELEX.WT",
            "len": 19,
            "nsites": 5278,
            "pwm": [
              [0.201782, 0.234369, 0.270746, 0.293103], 
              [0.275406, 0.207777, 0.290415, 0.226402], 
              [0.376573, 0.0602277, 0.416488, 0.146711], 
              [0.0532531, 0.0879582, 0.57553, 0.283259], 
              [0.0629906, 0.0495168, 0.0876654, 0.799827], 
              [0.0716851, 0.0956859, 0.101646, 0.730983], 
              [0.0473478, 0.165144, 0.108011, 0.679498], 
              [0.0672881, 0.628089, 0.152311, 0.152311], 
              [0.366467, 0.000644004, 0.604117, 0.028772], 
              [4.73655e-06, 0.0570324, 0.878582, 0.0643805], 
              [4.73655e-06, 0.000164474, 4.73655e-06, 0.999826], 
              [0.00032422, 0.0575116, 0.0025606, 0.939604], 
              [0.00272034, 0.000483957, 0.00319957, 0.993596], 
              [4.73655e-06, 0.999986, 4.73655e-06, 4.73655e-06], 
              [0.999826, 4.73655e-06, 0.000164474, 4.73655e-06], 
              [4.73655e-06, 0.119717, 0.405311, 0.474967], 
              [0.888266, 4.73655e-06, 0.111724, 4.73655e-06], 
              [0.399723, 0.0373072, 0.000175853, 0.562794], 
              [0.0776784, 0.221076, 0.58989, 0.111355]
            ]
          }, {
            "db": 0,
            "id": "filter8",
            "alt": "HT-SELEX.WT",
            "len": 19,
            "nsites": 1536,
            "pwm": [
              [0.255859, 0.123706, 0.326818, 0.293617], 
              [0.177494, 0.1138, 0.251082, 0.457624], 
              [0.213875, 0.171103, 0.194223, 0.420798], 
              [0.143256, 0.182222, 0.265641, 0.408881], 
              [0.248424, 0.191705, 0.333503, 0.226367], 
              [0.267315, 0.106218, 0.460735, 0.165731], 
              [0.266633, 0.0640831, 0.37801, 0.291274], 
              [0.0242395, 1.6275e-05, 0.011159, 0.964585], 
              [1.6275e-05, 0.0169725, 1.6275e-05, 0.982995], 
              [1.6275e-05, 1.6275e-05, 1.6275e-05, 0.999951], 
              [1.6275e-05, 0.0697792, 0.927766, 0.0024386], 
              [0.999951, 1.6275e-05, 1.6275e-05, 1.6275e-05], 
              [0.799867, 1.6275e-05, 0.2001, 1.6275e-05], 
              [0.998982, 1.6275e-05, 1.6275e-05, 0.000985202], 
              [0.0962125, 0.510363, 0.225318, 0.168107], 
              [0.0941156, 0.250259, 0.0620598, 0.593566], 
              [0.193839, 0.112862, 0.509388, 0.183912], 
              [0.477525, 0.1091, 0.274865, 0.13851], 
              [0.374653, 0.0698547, 0.380609, 0.174883]
            ]
          }, {
            "db": 0,
            "id": "filter9",
            "alt": "HT-SELEX.WT",
            "len": 19,
            "nsites": 27766,
            "pwm": [
              [0.263164, 0.0750565, 0.330692, 0.331088], 
              [0.315697, 0.0821759, 0.198868, 0.403259], 
              [0.203793, 0.209731, 0.249443, 0.337033], 
              [0.0790627, 0.238672, 0.177378, 0.504887], 
              [0.0899777, 0.347618, 0.329661, 0.232743], 
              [0.465494, 0.00991218, 0.515204, 0.00939054], 
              [0.0989053, 0.0175732, 0.878947, 0.00457451], 
              [0.236247, 8.78501e-05, 0.00472524, 0.75894], 
              [0.364084, 0.000493609, 9.00379e-07, 0.635422], 
              [0.0345195, 0.0979051, 0.00588443, 0.861691], 
              [0.000609538, 0.977565, 9.00379e-07, 0.021825], 
              [0.0102898, 9.00379e-07, 0.989708, 9.00379e-07], 
              [0.565863, 0.00391359, 0.413905, 0.0163183], 
              [0.410225, 9.00379e-07, 5.88702e-05, 0.589716], 
              [0.543227, 0.000464629, 2.98803e-05, 0.456278], 
              [0.00394671, 0.540429, 0.0665495, 0.389075], 
              [0.00017838, 0.399917, 0.00136156, 0.598543], 
              [0.318485, 0.112672, 0.498156, 0.0706871], 
              [0.282221, 0.0842946, 0.546048, 0.0874358]
            ]
          }
        ],
        "targets": [
          {
            "db": 0,
            "id": "MA0028.2",
            "alt": "ELK1",
            "len": 10,
            "nsites": 67234,
            "pwm": [
              [0.681306, 0.0409022, 0.192745, 0.0850465], 
              [0.0249706, 0.939861, 0.0303257, 0.00484258], 
              [0.00776319, 0.990506, 0.00127616, 0.000454461], 
              [3.71835e-07, 0.000458351, 0.998974, 0.000567391], 
              [8.62717e-05, 0.000880861, 0.983721, 0.0153123], 
              [0.993062, 0.00505163, 0.00134449, 0.000542351], 
              [0.947109, 0.0068855, 0.00124094, 0.0447641], 
              [0.0585884, 0.0458646, 0.889835, 0.00571154], 
              [0.0169148, 0.116499, 0.0207371, 0.845849], 
              [0.289781, 0.145677, 0.377082, 0.187461]
            ]
          }, {
            "db": 0,
            "id": "MA0030.1",
            "alt": "FOXF2",
            "len": 14,
            "nsites": 27,
            "pwm": [
              [0.0378229, 0.369926, 0.259225, 0.333026], 
              [0.369926, 0.259225, 0.185424, 0.185424], 
              [0.628229, 0.148524, 0.0747232, 0.148524], 
              [0.463495, 0.178835, 0.178835, 0.178835], 
              [0.136783, 0.499077, 0.363217, 0.000922509], 
              [0.259225, 0.000922509, 0.73893, 0.000922509], 
              [0.000922509, 0.000922509, 0.000922509, 0.997232], 
              [0.997232, 0.000922509, 0.000922509, 0.000922509], 
              [0.997232, 0.000922509, 0.000922509, 0.000922509], 
              [0.997232, 0.000922509, 0.000922509, 0.000922509], 
              [0.000922509, 0.923432, 0.000922509, 0.0747232], 
              [0.997232, 0.000922509, 0.000922509, 0.000922509], 
              [0.591328, 0.148524, 0.0747232, 0.185424], 
              [0.259225, 0.148524, 0.222325, 0.369926]
            ]
          }, {
            "db": 0,
            "id": "MA0039.4",
            "alt": "KLF4",
            "len": 12,
            "nsites": 55817,
            "pwm": [
              [0.2252, 0.313883, 0.255173, 0.205744], 
              [0.205798, 0.2515, 0.330956, 0.211746], 
              [0.0441625, 0.881612, 0.0283609, 0.0458645], 
              [0.0377129, 0.857533, 0.0217501, 0.0830037], 
              [0.125786, 0.813461, 0.0254765, 0.0352764], 
              [0.0210155, 0.947291, 0.0142076, 0.0174861], 
              [0.81699, 0.00288487, 0.118208, 0.061917], 
              [0.0152646, 0.938172, 0.0263365, 0.0202272], 
              [0.0289701, 0.915705, 0.0335027, 0.0218217], 
              [0.0215351, 0.914505, 0.0180057, 0.0459541], 
              [0.291381, 0.326943, 0.112726, 0.26895], 
              [0.178422, 0.344286, 0.25838, 0.218912]
            ]
          }, {
            "db": 0,
            "id": "MA0050.3",
            "alt": "Irf1",
            "len": 15,
            "nsites": 15640,
            "pwm": [
              [0.514896, 0.134975, 0.140602, 0.209527], 
              [0.288427, 0.251343, 0.245524, 0.214706], 
              [0.238107, 0.0826098, 0.130116, 0.549167], 
              [0.106203, 0.0407302, 0.810866, 0.0422008], 
              [0.880559, 0.0230833, 0.0654743, 0.0308838], 
              [0.945967, 0.016178, 0.0164977, 0.021357], 
              [0.951274, 0.0112547, 0.0153468, 0.0221242], 
              [0.123978, 0.628003, 0.211957, 0.0360627], 
              [0.121484, 0.0596559, 0.0175207, 0.801339], 
              [0.0650268, 0.0200782, 0.895968, 0.0189273], 
              [0.904408, 0.0190552, 0.0495537, 0.0269835], 
              [0.922246, 0.0225718, 0.0319068, 0.0232751], 
              [0.906134, 0.023339, 0.0388121, 0.0317149], 
              [0.170077, 0.32289, 0.383567, 0.123466], 
              [0.22711, 0.261317, 0.122891, 0.388682]
            ]
          }, {
            "db": 0,
            "id": "MA0051.1",
            "alt": "IRF2",
            "len": 18,
            "nsites": 12,
            "pwm": [
              [0.00206612, 0.332645, 0.580579, 0.0847107], 
              [0.167355, 0.00206612, 0.828512, 0.00206612], 
              [0.993802, 0.00206612, 0.00206612, 0.00206612], 
              [0.911157, 0.00206612, 0.00206612, 0.0847107], 
              [0.993802, 0.00206612, 0.00206612, 0.00206612], 
              [0.167355, 0.00206612, 0.828512, 0.00206612], 
              [0.00206612, 0.497934, 0.00206612, 0.497934], 
              [0.00206612, 0.00206612, 0.993802, 0.00206612], 
              [0.993802, 0.00206612, 0.00206612, 0.00206612], 
              [0.993802, 0.00206612, 0.00206612, 0.00206612], 
              [0.993802, 0.00206612, 0.00206612, 0.00206612], 
              [0.00206612, 0.497934, 0.497934, 0.00206612], 
              [0.00206612, 0.580579, 0.167355, 0.25], 
              [0.415289, 0.167355, 0.25, 0.167355], 
              [0.497934, 0.00206612, 0.167355, 0.332645], 
              [0.497934, 0.0847107, 0.0847107, 0.332645], 
              [0.415289, 0.167355, 0.0847107, 0.332645], 
              [0.25, 0.497934, 0.0847107, 0.167355]
            ]
          }, {
            "db": 0,
            "id": "MA0056.2",
            "alt": "MZF1",
            "len": 13,
            "nsites": 8242,
            "pwm": [
              [0.259767, 0.274205, 0.219365, 0.246663], 
              [0.300533, 0.235865, 0.187213, 0.276389], 
              [0.71038, 0.123273, 0.12121, 0.0451372], 
              [0.867379, 0.0516889, 0.0467144, 0.0342176], 
              [0.0128638, 0.00679742, 0.0118932, 0.968446], 
              [0.0121359, 0.964442, 0.0121359, 0.0112866], 
              [0.0163824, 0.963228, 0.00655476, 0.0138345], 
              [0.0134705, 0.960802, 0.00704008, 0.0186876], 
              [0.0141984, 0.930955, 0.0100733, 0.0447732], 
              [0.732341, 0.0741346, 0.0587259, 0.134799], 
              [0.205412, 0.364837, 0.184786, 0.244965], 
              [0.254307, 0.252123, 0.179812, 0.313758], 
              [0.213783, 0.267653, 0.215118, 0.303445]
            ]
          }, {
            "db": 0,
            "id": "MA0062.3",
            "alt": "GABPA",
            "len": 14,
            "nsites": 65479,
            "pwm": [
              [0.242627, 0.258434, 0.243513, 0.255425], 
              [0.167703, 0.331083, 0.210006, 0.291208], 
              [0.116664, 0.632233, 0.106737, 0.144367], 
              [0.798118, 0.0609053, 0.0744211, 0.066556], 
              [0.0141881, 0.850104, 0.0331255, 0.102583], 
              [0.0593323, 0.0220379, 0.0147379, 0.903892], 
              [0.0131649, 0.018785, 0.0249396, 0.94311], 
              [0.0213507, 0.937292, 0.0175632, 0.0237942], 
              [0.0151655, 0.963774, 0.00794185, 0.0131191], 
              [0.0262989, 0.0235499, 0.0696562, 0.880495], 
              [0.0338891, 0.0966419, 0.792925, 0.0765439], 
              [0.0816142, 0.183357, 0.117901, 0.617129], 
              [0.181784, 0.277249, 0.230318, 0.310649], 
              [0.206509, 0.265459, 0.201393, 0.326639]
            ]
          }, {
            "db": 0,
            "id": "MA0073.1",
            "alt": "RREB1",
            "len": 20,
            "nsites": 11,
            "pwm": [
              [0.272523, 0.722973, 0.00225225, 0.00225225], 
              [0.0923423, 0.903153, 0.00225225, 0.00225225], 
              [0.272523, 0.722973, 0.00225225, 0.00225225], 
              [0.00225225, 0.993243, 0.00225225, 0.00225225], 
              [0.632883, 0.362613, 0.00225225, 0.00225225], 
              [0.813063, 0.182432, 0.00225225, 0.00225225], 
              [0.722973, 0.272523, 0.00225225, 0.00225225], 
              [0.362613, 0.542793, 0.00225225, 0.0923423], 
              [0.00225225, 0.993243, 0.00225225, 0.00225225], 
              [0.993243, 0.00225225, 0.00225225, 0.00225225], 
              [0.362613, 0.632883, 0.00225225, 0.00225225], 
              [0.0923423, 0.903153, 0.00225225, 0.00225225], 
              [0.272523, 0.722973, 0.00225225, 0.00225225], 
              [0.362613, 0.542793, 0.0923423, 0.00225225], 
              [0.182432, 0.813063, 0.00225225, 0.00225225], 
              [0.362613, 0.452703, 0.00225225, 0.182432], 
              [0.362613, 0.452703, 0.0923423, 0.0923423], 
              [0.362613, 0.542793, 0.00225225, 0.0923423], 
              [0.0923423, 0.632883, 0.272523, 0.00225225], 
              [0.362613, 0.362613, 0.182432, 0.0923423]
            ]
          }, {
            "db": 0,
            "id": "MA0076.2",
            "alt": "ELK4",
            "len": 11,
            "nsites": 3427,
            "pwm": [
              [0.0869613, 0.42544, 0.258535, 0.229064], 
              [0.114098, 0.555871, 0.166329, 0.163703], 
              [0.593512, 0.0423171, 0.302887, 0.0612836], 
              [7.2948e-06, 0.784344, 0.00467597, 0.210973], 
              [0.00234163, 7.2948e-06, 7.2948e-06, 0.997644], 
              [7.2948e-06, 7.2948e-06, 7.2948e-06, 0.999978], 
              [7.2948e-06, 0.999978, 7.2948e-06, 7.2948e-06], 
              [7.2948e-06, 0.999978, 7.2948e-06, 7.2948e-06], 
              [7.2948e-06, 7.2948e-06, 0.850581, 0.149405], 
              [7.2948e-06, 0.146195, 0.829572, 0.024226], 
              [0.0846269, 0.365623, 0.194924, 0.354826]
            ]
          }, {
            "db": 0,
            "id": "MA0079.5",
            "alt": "SP1",
            "len": 9,
            "nsites": 999,
            "pwm": [
              [0.00102592, 0.00102592, 0.950881, 0.0470674], 
              [0.00102492, 0.00102492, 0.996925, 0.00102492], 
              [0.00102492, 0.00102492, 0.996925, 0.00102492], 
              [0.00102492, 0.00102492, 0.996925, 0.00102492], 
              [0.266998, 0.730952, 0.00102492, 0.00102492], 
              [0.00102492, 0.00102492, 0.996925, 0.00102492], 
              [0.00102592, 0.0851016, 0.912847, 0.00102592], 
              [0.254, 0.0520198, 0.658959, 0.0350215], 
              [0.16117, 0.00102592, 0.836778, 0.00102592]
            ]
          }, {
            "db": 0,
            "id": "MA0080.6",
            "alt": "Spi1",
            "len": 17,
            "nsites": 105198,
            "pwm": [
              [0.394485, 0.147037, 0.262961, 0.195517], 
              [0.35667, 0.141647, 0.348191, 0.153492], 
              [0.632436, 0.0652391, 0.216801, 0.0855246], 
              [0.782144, 0.0547351, 0.100896, 0.0622257], 
              [0.774358, 0.0221489, 0.0971503, 0.106342], 
              [0.082093, 0.115981, 0.760337, 0.0415884], 
              [0.855073, 0.0246585, 0.0915989, 0.02867], 
              [0.0387557, 0.00522847, 0.944504, 0.0115119], 
              [0.0192781, 0.00789962, 0.963734, 0.00908786], 
              [0.969714, 0.0104092, 0.010105, 0.00977228], 
              [0.94611, 0.00910687, 0.0173199, 0.0274627], 
              [0.072397, 0.0671783, 0.847354, 0.0130708], 
              [0.161572, 0.0353241, 0.0487464, 0.754358], 
              [0.0947928, 0.0577484, 0.792648, 0.0548111], 
              [0.22048, 0.11005, 0.548195, 0.121276], 
              [0.373828, 0.165716, 0.264957, 0.195498], 
              [0.355225, 0.162199, 0.249159, 0.233417]
            ]
          }, {
            "db": 0,
            "id": "MA0081.2",
            "alt": "SPIB",
            "len": 16,
            "nsites": 26930,
            "pwm": [
              [0.198552, 0.215262, 0.149499, 0.436687], 
              [0.173858, 0.307946, 0.168734, 0.349461], 
              [0.0809141, 0.23873, 0.118567, 0.561789], 
              [0.0140744, 0.89012, 0.0639071, 0.0318983], 
              [0.903043, 0.0229864, 0.024843, 0.0491281], 
              [0.00887576, 0.844038, 0.093428, 0.0536584], 
              [0.0167109, 0.00876436, 0.00583084, 0.968694], 
              [0.00705623, 0.00742756, 0.00902428, 0.976492], 
              [0.00765036, 0.970848, 0.00568231, 0.0158197], 
              [0.0102126, 0.9466, 0.00479111, 0.0383966], 
              [0.0321211, 0.167731, 0.0679175, 0.73223], 
              [0.0378768, 0.74686, 0.0860013, 0.129261], 
              [0.184293, 0.145637, 0.0290019, 0.641068], 
              [0.105385, 0.201448, 0.0774979, 0.615669], 
              [0.154438, 0.223877, 0.0894547, 0.532231], 
              [0.149499, 0.318938, 0.154661, 0.376903]
            ]
          }, {
            "db": 0,
            "id": "MA0098.3",
            "alt": "ETS1",
            "len": 10,
            "nsites": 3774,
            "pwm": [
              [0.710905, 0.055649, 0.169583, 0.0638629], 
              [0.0565733, 0.843165, 0.0933417, 0.00692033], 
              [0.13644, 0.8613, 0.00225375, 6.6241e-06], 
              [6.6241e-06, 0.00777269, 0.992214, 6.6241e-06], 
              [6.6241e-06, 6.6241e-06, 0.995528, 0.0044592], 
              [0.99998, 6.6241e-06, 6.6241e-06, 6.6241e-06], 
              [0.738699, 0.00248453, 0.00854164, 0.250275], 
              [0.405889, 0.00774123, 0.581943, 0.0044264], 
              [0.0307485, 0.245941, 0.042838, 0.680472], 
              [0.299291, 0.149462, 0.403649, 0.147599]
            ]
          }, {
            "db": 0,
            "id": "MA0114.4",
            "alt": "HNF4A",
            "len": 13,
            "nsites": 46504,
            "pwm": [
              [0.216025, 0.153449, 0.299006, 0.33152], 
              [0.210477, 0.310403, 0.199854, 0.279266], 
              [0.0315676, 0.891169, 0.0266003, 0.0506627], 
              [0.931553, 0.0270304, 0.0228157, 0.018601], 
              [0.864806, 0.0294603, 0.0777356, 0.0279981], 
              [0.930327, 0.0116984, 0.0407926, 0.0171818], 
              [0.015397, 0.0196977, 0.936004, 0.0289012], 
              [0.0199343, 0.0149455, 0.0469641, 0.918156], 
              [0.0595652, 0.812918, 0.0392659, 0.0882508], 
              [0.0293098, 0.910479, 0.0138273, 0.0463835], 
              [0.788189, 0.0598232, 0.0631348, 0.0888529], 
              [0.291889, 0.212089, 0.279847, 0.216175], 
              [0.328552, 0.195037, 0.251892, 0.224518]
            ]
          }, {
            "db": 0,
            "id": "MA0130.1",
            "alt": "ZNF354C",
            "len": 6,
            "nsites": 16,
            "pwm": [
              [0.436335, 0.374224, 0.187888, 0.0015528], 
              [0.187888, 0.125776, 0.0015528, 0.684783], 
              [0.0015528, 0.995342, 0.0015528, 0.0015528], 
              [0.0015528, 0.995342, 0.0015528, 0.0015528], 
              [0.995342, 0.0015528, 0.0015528, 0.0015528], 
              [0.0015528, 0.93323, 0.0636646, 0.0015528]
            ]
          }, {
            "db": 0,
            "id": "MA0156.3",
            "alt": "FEV",
            "len": 12,
            "nsites": 14122,
            "pwm": [
              [0.361775, 0.185739, 0.32205, 0.130436], 
              [0.841125, 0.0270027, 0.0916308, 0.0402419], 
              [0.0185128, 0.955944, 0.0214825, 0.00406034], 
              [0.0137645, 0.984499, 0.00173486, 1.77027e-06], 
              [1.77027e-06, 1.77027e-06, 0.999995, 1.77027e-06], 
              [0.00728153, 1.77027e-06, 0.990152, 0.00256506], 
              [0.991677, 0.00606047, 0.00154212, 0.000720595], 
              [0.93088, 0.0100268, 0.00135129, 0.0577419], 
              [0.224324, 0.0153566, 0.757674, 0.00264564], 
              [0.0105917, 0.151791, 0.0154328, 0.822185], 
              [0.236396, 0.222693, 0.402819, 0.138092], 
