<!DOCTYPE HTML>
<html>
  <head>
    <meta charset="UTF-8">
    <title>TOMTOM</title>
    <script>
      // @JSON_VAR data
      var data = {
        "program": "Tomtom",
        "version": "5.3.0",
        "release": "Wed Nov 25 19:19:29 2020 -0800",
        "cmd": [
          "tomtom", "-no-ssc", "-verbosity", "1", "-min-overlap", "5",
          "-dist", "pearson", "-evalue", "-thresh", "10.0", "-oc",
          "CAM.ChIP-seq.WT",
          "/mnt/md1/home/oriol//CAM/results/IRF4/CAM/ChIP-seq/WT/motifs/filters.meme",
          "JASPAR2022_CORE_vertebrates_non-redundant_pfms_meme.txt"
        ],
        "options": {
          "strands": "both",
          "distance_measure": "pearson",
          "threshold_type": "evalue",
          "threshold_value": 10,
          "background_source": "--query--"
        },
        "alphabet": {
          "name": "DNA",
          "like": "dna",
          "ncore": 4,
          "symbols": [
            {
              "symbol": "A",
              "name": "Adenine",
              "colour": "CC0000",
              "complement": "T"
            }, {
              "symbol": "C",
              "name": "Cytosine",
              "colour": "0000CC",
              "complement": "G"
            }, {
              "symbol": "G",
              "name": "Guanine",
              "colour": "FFB300",
              "complement": "C"
            }, {
              "symbol": "T",
              "aliases": "U",
              "name": "Thymine",
              "colour": "008000",
              "complement": "A"
            }, {
              "symbol": "N",
              "aliases": "X.",
              "name": "Any base",
              "equals": "ACGT"
            }, {
              "symbol": "V",
              "name": "Not T",
              "equals": "ACG"
            }, {
              "symbol": "H",
              "name": "Not G",
              "equals": "ACT"
            }, {
              "symbol": "D",
              "name": "Not C",
              "equals": "AGT"
            }, {
              "symbol": "B",
              "name": "Not A",
              "equals": "CGT"
            }, {
              "symbol": "M",
              "name": "Amino",
              "equals": "AC"
            }, {
              "symbol": "R",
              "name": "Purine",
              "equals": "AG"
            }, {
              "symbol": "W",
              "name": "Weak",
              "equals": "AT"
            }, {
              "symbol": "S",
              "name": "Strong",
              "equals": "CG"
            }, {
              "symbol": "Y",
              "name": "Pyrimidine",
              "equals": "CT"
            }, {
              "symbol": "K",
              "name": "Keto",
              "equals": "GT"
            }
          ]
        },
        "background": [0.25, 0.25, 0.25, 0.25],
        "query_dbs": [
          {
            "source": "/mnt/md1/home/oriol//CAM/results/IRF4/CAM/ChIP-seq/WT/motifs/filters.meme",
            "name": "filters",
            "loaded": 128,
            "excluded": 0,
            "last_modified": "Mon Nov  1 14:46:01 2021"
          }
        ],
        "target_dbs": [
          {
            "source": "JASPAR2022_CORE_vertebrates_non-redundant_pfms_meme.txt",
            "name": "JASPAR2022_CORE_vertebrates_non-redundant_pfms_meme.txt",
            "loaded": 841,
            "excluded": 0,
            "last_modified": "Mon Nov  1 17:31:08 2021"
          }
        ],
        "queries": [
          {
            "db": 0,
            "id": "filter0",
            "alt": "ChIP-seq.WT",
            "len": 19,
            "nsites": 62,
            "pwm": [
              [0.837762, 0.0648148, 0.0970209, 0.000402576], 
              [0.000402576, 0.0165056, 0.000402576, 0.982689], 
              [0.000402576, 0.000402576, 0.660628, 0.338567], 
              [0.982689, 0.000402576, 0.0165056, 0.000402576], 
              [0.000402576, 0.612319, 0.386876, 0.000402576], 
              [0.000402576, 0.000402576, 0.000402576, 0.998792], 
              [0.467391, 0.531804, 0.000402576, 0.000402576], 
              [0.998792, 0.000402576, 0.000402576, 0.000402576], 
              [0.177536, 0.000402576, 0.241948, 0.580113], 
              [0.998792, 0.000402576, 0.000402576, 0.000402576], 
              [0.757246, 0.0487118, 0.0487118, 0.14533], 
              [0.000402576, 0.451288, 0.000402576, 0.547907], 
              [0.386876, 0.113124, 0.402979, 0.0970209], 
              [0.547907, 0.0326087, 0.290258, 0.129227], 
              [0.0648148, 0.177536, 0.5157, 0.241948], 
              [0.741143, 0.258052, 0.000402576, 0.000402576], 
              [0.402979, 0.0970209, 0.322464, 0.177536], 
              [0.0648148, 0.0648148, 0.000402576, 0.869968], 
              [0.451288, 0.113124, 0.0648148, 0.370773]
            ]
          }, {
            "db": 0,
            "id": "filter1",
            "alt": "ChIP-seq.WT",
            "len": 19,
            "nsites": 278,
            "pwm": [
              [0.607785, 0.0360482, 0.244606, 0.111561], 
              [0.0935814, 0.305735, 0.561039, 0.039644], 
              [8.98957e-05, 8.98957e-05, 8.98957e-05, 0.99973], 
              [0.00728155, 0.320119, 8.98957e-05, 0.67251], 
              [8.98957e-05, 0.0144732, 8.98957e-05, 0.985347], 
              [8.98957e-05, 0.99973, 8.98957e-05, 8.98957e-05], 
              [0.794768, 8.98957e-05, 0.151115, 0.0540273], 
              [0.0144732, 0.107965, 0.877472, 8.98957e-05], 
              [8.98957e-05, 8.98957e-05, 8.98957e-05, 0.99973], 
              [8.98957e-05, 0.00728155, 8.98957e-05, 0.992539], 
              [8.98957e-05, 0.726447, 0.0108774, 0.262585], 
              [8.98957e-05, 0.899047, 0.0108774, 0.0899856], 
              [0.133136, 0.219435, 0.111561, 0.535868], 
              [0.0506132, 0.60637, 0.0975278, 0.245489], 
              [0.281577, 0.220227, 0.0506132, 0.447582], 
              [0.360971, 0.0433956, 0.0253516, 0.570282], 
              [0.259924, 0.0686573, 0.054222, 0.617196], 
              [0.203653, 0.414486, 0.141857, 0.240004], 
              [0.367231, 0.0655209, 0.0836962, 0.483552]
            ]
          }, {
            "db": 0,
            "id": "filter10",
            "alt": "ChIP-seq.WT",
            "len": 19,
            "nsites": 240,
            "pwm": [
              [0.133382, 0.0334236, 0.299979, 0.533215], 
              [0.0706142, 0.0498759, 0.663728, 0.215782], 
              [0.00839943, 0.00425178, 0.315325, 0.672023], 
              [0.0540236, 0.0291377, 0.895996, 0.0208424], 
              [0.132829, 0.0166947, 0.850372, 0.000104123], 
              [0.000104123, 0.000104123, 0.000104123, 0.999688], 
              [0.000104123, 0.000104123, 0.000104123, 0.999688], 
              [0.000104123, 0.000104123, 0.000104123, 0.999688], 
              [0.000104123, 0.999688, 0.000104123, 0.000104123], 
              [0.497822, 0.373393, 0.037433, 0.0913524], 
              [0.0872048, 0.261406, 0.468789, 0.182601], 
              [0.0581712, 0.149419, 0.112091, 0.680319], 
              [0.128681, 0.0498759, 0.0747618, 0.746681], 
              [0.0332853, 0.373393, 0.21993, 0.373393], 
              [0.0500833, 0.287484, 0.0250937, 0.637339], 
              [0.213404, 0.167398, 0.435069, 0.184128], 
              [0.281499, 0.155502, 0.0757029, 0.487296], 
              [0.16881, 0.0422806, 0.320646, 0.468263], 
              [0.203409, 0.0805791, 0.305062, 0.41095]
            ]
          }, {
            "db": 0,
            "id": "filter100",
            "alt": "ChIP-seq.WT",
            "len": 19,
            "nsites": 509,
            "pwm": [
              [0.243616, 0.449863, 0.0530839, 0.253437], 
              [0.670506, 0.0255343, 0.0725839, 0.231376], 
              [0.289875, 0.0953611, 0.198454, 0.41631], 
              [0.0447005, 0.00975594, 0.120414, 0.82513], 
              [0.286814, 0.0271756, 0.00779952, 0.67821], 
              [0.135681, 4.91063e-05, 0.158933, 0.705337], 
              [0.0407388, 0.189934, 0.0136123, 0.755715], 
              [4.91063e-05, 0.38757, 0.333317, 0.279064], 
              [0.496076, 0.0562396, 0.195747, 0.251938], 
              [0.323629, 0.145369, 0.527077, 0.00392431], 
              [0.405008, 0.343005, 0.184121, 0.0678652], 
              [0.406946, 0.0136123, 0.575517, 0.00392431], 
              [0.676273, 0.0736781, 0.120181, 0.129869], 
              [0.947537, 4.91063e-05, 0.00779952, 0.044614], 
              [0.777028, 0.166683, 0.0368636, 0.0194251], 
              [0.588283, 0.215541, 0.0777037, 0.118472], 
              [0.228967, 0.434406, 0.174183, 0.162444], 
              [0.103747, 0.500929, 0.00983192, 0.385492], 
              [0.00792158, 0.135849, 0.358246, 0.497983]
            ]
          }, {
            "db": 0,
            "id": "filter101",
            "alt": "ChIP-seq.WT",
            "len": 19,
            "nsites": 142,
            "pwm": [
              [0.049437, 0.506861, 0.19722, 0.246481], 
              [0.345004, 0.0423997, 0.176108, 0.436488], 
              [0.506861, 0.133885, 0.218332, 0.140922], 
              [0.147959, 0.844652, 0.00721323, 0.000175932], 
              [0.0916608, 0.147959, 0.154996, 0.605384], 
              [0.112773, 0.225369, 0.000175932, 0.661682], 
              [0.0212878, 0.0635116, 0.0353624, 0.879838], 
              [0.668719, 0.154996, 0.0564743, 0.11981], 
              [0.225369, 0.682794, 0.00721323, 0.0846235], 
              [0.957248, 0.0353624, 0.00721323, 0.000175932], 
              [0.506861, 0.112773, 0.38019, 0.000175932], 
              [0.323892, 0.330929, 0.0705489, 0.274631], 
              [0.0353624, 0.443526, 0.0283251, 0.492787], 
              [0.971323, 0.000175932, 0.0283251, 0.000175932], 
              [0.11981, 0.225369, 0.0283251, 0.626495], 
              [0.105735, 0.38019, 0.0283251, 0.485749], 
              [0.549085, 0.049437, 0.0916608, 0.309817], 
              [0.645112, 0.283664, 0.035612, 0.035612], 
              [0.14192, 0.581327, 0.0285248, 0.248228]
            ]
          }, {
            "db": 0,
            "id": "filter102",
            "alt": "ChIP-seq.WT",
            "len": 19,
            "nsites": 1563,
            "pwm": [
              [0.500944, 0.341005, 0.0652709, 0.0927804], 
              [0.286439, 0.157231, 0.518761, 0.0375693], 
              [0.128815, 0.284896, 0.457474, 0.128815], 
              [0.205699, 0.367081, 0.201269, 0.225951], 
              [0.622451, 0.181191, 0.0157978, 0.18056], 
              [0.163516, 0.207705, 0.616138, 0.0126414], 
              [0.53403, 0.0252351, 0.0321703, 0.408565], 
              [0.385237, 0.0510846, 0.193572, 0.370106], 
              [0.551966, 0.101459, 0.095158, 0.251418], 
              [0.548185, 0.071845, 0.148715, 0.231255], 
              [0.015768, 0.00820703, 0.337739, 0.638286], 
              [0.162576, 0.252678, 0.27284, 0.311905], 
              [0.802737, 0.00505663, 0.0938978, 0.0983084], 
              [0.00190623, 0.342149, 0.469425, 0.18652], 
              [0.30958, 0.0101036, 0.628601, 0.0517151], 
              [0.0195608, 0.506919, 0.0239741, 0.449546], 
              [0.0631831, 0.594419, 0.320273, 0.0221245], 
              [0.496501, 0.0202807, 0.270423, 0.212795], 
              [0.242849, 0.0604063, 0.0890122, 0.607733]
            ]
          }, {
            "db": 0,
            "id": "filter103",
            "alt": "ChIP-seq.WT",
            "len": 19,
            "nsites": 209,
            "pwm": [
              [0.770086, 0.11968, 0.0192492, 0.0909852], 
              [0.649098, 0.0474903, 0.0190678, 0.284344], 
              [0.54962, 0.028542, 0.00485663, 0.416982], 
              [0.0519815, 0.0236932, 0.113273, 0.811052], 
              [0.961924, 0.00483428, 0.0189785, 0.0142637], 
              [0.0944141, 0.495166, 0.198138, 0.212282], 
              [0.301862, 0.0331226, 0.0519815, 0.613034], 
              [0.716758, 0.00954901, 0.0472668, 0.226426], 
              [0.0849846, 0.00011956, 0.0566963, 0.8582], 
              [0.25, 0.165135, 0.146276, 0.438589], 
              [0.188709, 0.0425521, 0.00954901, 0.75919], 
              [0.58946, 0.127417, 0.00954901, 0.273574], 
              [0.155705, 0.0331226, 0.316006, 0.495166], 
              [0.787479, 0.0849846, 0.127417, 0.00011956], 
              [0.382012, 0.0284079, 0.0849846, 0.504595], 
              [0.627178, 0.235856, 0.0236932, 0.113273], 
              [0.367868, 0.146276, 0.0755552, 0.410301], 
              [0.487924, 0.028814, 0.282281, 0.20098], 
              [0.0335964, 0.0192492, 0.755739, 0.191416]
            ]
          }, {
            "db": 0,
            "id": "filter104",
            "alt": "ChIP-seq.WT",
            "len": 19,
            "nsites": 411,
            "pwm": [
              [0.291961, 0.0414133, 0.54494, 0.121686], 
              [0.393685, 0.454057, 0.00730543, 0.144953], 
              [0.144953, 0.58446, 0.157027, 0.11356], 
              [0.843229, 0.0771505, 0.0434238, 0.0361966], 
              [0.322874, 0.0747414, 0.51078, 0.0916048], 
              [0.402373, 0.233739, 0.35901, 0.00487892], 
              [0.742049, 0.175922, 0.00728797, 0.0747414], 
              [0.404782, 0.13015, 0.465008, 6.08125e-05], 
              [0.132559, 0.604733, 0.0337875, 0.228921], 
              [0.0651052, 0.0265604, 0.0169242, 0.89141], 
              [0.0217423, 0.127741, 0.05306, 0.797457], 
              [0.151831, 0.462599, 0.0506509, 0.334919], 
              [0.18074, 0.0313785, 0.0916048, 0.696277], 
              [0.224103, 0.479462, 0.149422, 0.147013], 
              [0.125332, 0.00487892, 0.363828, 0.505962], 
              [0.00246987, 0.89141, 0.0482419, 0.0578781], 
              [0.144604, 0.684232, 0.0361966, 0.134968], 
              [0.414418, 0.142195, 0.168694, 0.274693], 
              [0.0121938, 0.667374, 0.240294, 0.0801384]
            ]
          }, {
            "db": 0,
            "id": "filter105",
            "alt": "ChIP-seq.WT",
            "len": 19,
            "nsites": 175,
            "pwm": [
              [0.714021, 0.15434, 0.0229869, 0.108652], 
              [0.800822, 0.153464, 0.0171785, 0.0285356], 
              [0.732679, 0.113714, 0.102357, 0.0512499], 
              [0.931429, 0.0512499, 0.000142776, 0.0171785], 
              [0.76675, 0.113714, 0.0909999, 0.0285356], 
              [0.323821, 0.000142776, 0.664536, 0.0114999], 
              [0.238643, 0.0853214, 0.653179, 0.0228571], 
              [0.471464, 0.193214, 0.0626071, 0.272714], 
              [0.232964, 0.21025, 0.108036, 0.44875], 
              [0.437393, 0.113714, 0.198893, 0.25], 
              [0.323821, 0.13075, 0.25, 0.295429], 
              [0.340857, 0.0512499, 0.471464, 0.136429], 
              [0.295429, 0.000142776, 0.664536, 0.0398928], 
              [0.102357, 0.113714, 0.494179, 0.28975], 
              [0.0342142, 0.0966785, 0.119393, 0.749714], 
              [0.000142776, 0.971179, 0.0228571, 0.00582135], 
              [0.00582135, 0.959822, 0.0228571, 0.0114999], 
              [0.346536, 0.0171785, 0.238643, 0.397643], 
              [0.204571, 0.13075, 0.545286, 0.119393]
            ]
          }, {
            "db": 0,
            "id": "filter106",
            "alt": "ChIP-seq.WT",
            "len": 19,
            "nsites": 206,
            "pwm": [
              [0.184498, 0.664847, 0.0146773, 0.135978], 
              [0.131126, 0.28639, 0.179646, 0.402838], 
              [0.485323, 0.0486414, 0.0583455, 0.40769], 
              [0.20775, 0.202921, 0.313979, 0.27535], 
              [0.463664, 0.0242642, 0.260864, 0.251207], 
              [0.845122, 0.0339213, 0.0290927, 0.0918642], 
              [0.048407, 0.434693, 0.0339213, 0.482979], 
              [0.212579, 0.584379, 0.0435785, 0.159464], 
              [0.531264, 0.251207, 0.0918642, 0.125664], 
              [0.0001213, 0.014607, 0.101521, 0.88375], 
              [0.0001213, 0.0001213, 0.246379, 0.753379], 
              [0.0387499, 0.78235, 0.125664, 0.0532356], 
              [0.54575, 0.328464, 0.0339213, 0.0918642], 
              [0.144979, 0.10635, 0.0918642, 0.656807], 
              [0.0339213, 0.0773785, 0.864436, 0.0242642], 
              [0.777522, 0.0628928, 0.144979, 0.014607], 
              [0.0966928, 0.135321, 0.71475, 0.0532356], 
              [0.0777535, 0.436803, 0.0340854, 0.451359], 
              [0.121422, 0.659995, 0.18935, 0.0292334]
            ]
          }, {
            "db": 0,
            "id": "filter107",
            "alt": "ChIP-seq.WT",
            "len": 19,
            "nsites": 206,
            "pwm": [
              [0.567807, 0.135978, 0.218462, 0.0777535], 
              [0.574722, 0.0001213, 0.217407, 0.20775], 
              [0.458836, 0.116007, 0.116007, 0.30915], 
              [0.875295, 0.0001213, 0.00490367, 0.11968], 
              [0.0431626, 0.0192508, 0.899206, 0.0383802], 
              [0.0622921, 0.0192508, 0.272716, 0.645741], 
              [0.0001213, 0.0144684, 0.970942, 0.0144684], 
              [0.349234, 0.0718568, 0.540529, 0.0383802], 
              [0.660088, 0.0240331, 0.267934, 0.047945], 
              [0.248804, 0.545311, 0.100551, 0.105333], 
              [0.0288155, 0.612264, 0.0001213, 0.358799], 
              [0.0957686, 0.0335979, 0.00490367, 0.86573], 
              [0.0575097, 0.0001213, 0.621829, 0.32054], 
              [0.134028, 0.0383802, 0.688782, 0.13881], 
              [0.22011, 0.00968604, 0.196198, 0.574005], 
              [0.0814215, 0.449664, 0.425752, 0.0431626], 
              [0.516779, 0.347779, 0.0290927, 0.10635], 
              [0.451359, 0.218462, 0.0243814, 0.305798], 
              [0.14083, 0.121422, 0.456211, 0.281538]
            ]
          }, {
            "db": 0,
            "id": "filter108",
            "alt": "ChIP-seq.WT",
            "len": 19,
            "nsites": 131,
            "pwm": [
              [0.122235, 0.106979, 0.229024, 0.541762], 
              [0.229024, 0.389207, 0.267162, 0.114607], 
              [0.29542, 0.23486, 0.28785, 0.18187], 
              [0.0986004, 0.0683205, 0.636069, 0.19701], 
              [0.0834605, 0.00776068, 0.908588, 0.000190694], 
              [0.38626, 0.000190694, 0.575509, 0.0380406], 
              [0.0302429, 0.0152168, 0.886732, 0.0678082], 
              [0.135426, 0.0152168, 0.435948, 0.413409], 
              [0.105374, 0.000190694, 0.871706, 0.0227299], 
              [0.0227299, 0.000190694, 0.95435, 0.0227299], 
              [0.0828344, 0.450974, 0.00770376, 0.458487], 
              [0.1204, 0.481027, 0.203043, 0.19553], 
              [0.112887, 0.466001, 0.240609, 0.180504], 
              [0.713932, 0.037756, 0.218069, 0.0302429], 
              [0.0602952, 0.901758, 0.00770376, 0.0302429], 
              [0.135426, 0.338278, 0.0227299, 0.503566], 
              [0.15916, 0.454389, 0.25, 0.13645], 
              [0.000190694, 0.742049, 0.18187, 0.0758905], 
              [0.0229006, 0.522519, 0.19701, 0.25757]
            ]
          }, {
            "db": 0,
            "id": "filter109",
            "alt": "ChIP-seq.WT",
            "len": 19,
            "nsites": 908,
            "pwm": [
              [0.0209503, 0.115654, 0.0826176, 0.780779], 
              [0.0582629, 0.152758, 0.0187068, 0.770272], 
              [0.25686, 0.312836, 0.0724674, 0.357837], 
              [0.182123, 0.275897, 0.0948917, 0.447088], 
              [0.220177, 0.144263, 0.331878, 0.303682], 
              [0.105847, 0.25054, 0.345562, 0.298051], 
              [2.753e-05, 0.250538, 0.00110268, 0.748332], 
              [0.419336, 0.00647843, 0.418261, 0.155924], 
              [0.0871147, 0.0376578, 0.293544, 0.581684], 
              [0.509649, 0.010779, 0.254838, 0.224734], 
              [0.483845, 0.201081, 0.053785, 0.261289], 
              [0.313971, 0.136572, 0.155924, 0.393533], 
              [0.632216, 0.00432814, 0.363428, 2.753e-05], 
              [0.596736, 0.0118542, 0.387082, 0.00432814], 
              [0.535452, 0.348376, 0.00110268, 0.115069], 
              [0.436539, 0.119369, 0.273116, 0.170976], 
              [0.0624534, 0.571547, 0.0549192, 0.31108], 
              [0.152863, 0.0150958, 0.23251, 0.599531], 
              [2.753e-05, 0.94275, 0.0216001, 0.0356223]
            ]
          }, {
            "db": 0,
            "id": "filter11",
            "alt": "ChIP-seq.WT",
            "len": 19,
            "nsites": 646,
            "pwm": [
              [0.0278982, 0.366855, 0.221367, 0.38388], 
              [0.101718, 0.489947, 0.351294, 0.0570407], 
              [0.307211, 0.405506, 0.218131, 0.0691524], 
              [0.116051, 0.378606, 0.436612, 0.0687304], 
              [0.256838, 0.591133, 0.0593, 0.0927295], 
              [0.0834856, 0.104727, 0.790508, 0.0212797], 
              [0.0167281, 0.414239, 0.188173, 0.38086], 
              [0.0319002, 0.00307312, 0.902782, 0.0622445], 
              [0.0288658, 0.344447, 0.622097, 0.00459034], 
              [0.030383, 0.338378, 0.150243, 0.480996], 
              [0.0425207, 0.304999, 0.578098, 0.0743823], 
              [0.485548, 0.203346, 0.188173, 0.122933], 
              [0.0485896, 0.700992, 0.136588, 0.11383], 
              [0.0288658, 0.743474, 0.16845, 0.0592101], 
              [0.270103, 0.215483, 0.314102, 0.200311], 
              [0.0410035, 0.88761, 0.00762477, 0.0637618], 
              [0.0713478, 0.0197625, 0.194242, 0.714647], 
              [0.0790538, 0.0228315, 0.700538, 0.197577], 
              [0.0244624, 0.523622, 0.450351, 0.00156518]
            ]
          }, {
            "db": 0,
            "id": "filter110",
            "alt": "ChIP-seq.WT",
            "len": 19,
            "nsites": 686,
            "pwm": [
              [0.282794, 0.195343, 0.262389, 0.259474], 
              [0.49487, 0.115012, 0.224167, 0.165951], 
              [0.24128, 0.123565, 0.279066, 0.356089], 
              [0.0843265, 0.0581675, 0.382248, 0.475258], 
              [0.231107, 0.289238, 0.263079, 0.216575], 
              [0.361902, 0.32993, 0.0843265, 0.223841], 
              [0.444739, 0.228201, 0.183149, 0.143911], 
              [0.292145, 0.104672, 0.469445, 0.133738], 
              [0.479618, 0.0843265, 0.220934, 0.215121], 
              [0.361902, 0.0232889, 0.223841, 0.390968], 
              [0.921414, 0.0305552, 0.0363684, 0.0116627], 
              [3.64378e-05, 3.64378e-05, 3.64378e-05, 0.999891], 
              [3.64378e-05, 3.64378e-05, 0.966465, 0.0334618], 
              [0.999891, 3.64378e-05, 3.64378e-05, 3.64378e-05], 
              [0.0174758, 0.452005, 0.530482, 3.64378e-05], 
              [3.64378e-05, 3.64378e-05, 3.64378e-05, 0.999891], 
              [0.0087561, 0.991171, 3.64378e-05, 3.64378e-05], 
              [0.999891, 3.64378e-05, 3.64378e-05, 3.64378e-05], 
              [0.0262717, 0.14433, 0.13267, 0.696728]
            ]
          }, {
            "db": 0,
            "id": "filter111",
            "alt": "ChIP-seq.WT",
            "len": 19,
            "nsites": 208,
            "pwm": [
              [0.110644, 0.74976, 0.0193417, 0.120255], 
              [0.0193417, 0.88431, 0.0625901, 0.0337578], 
              [0.00490253, 0.33967, 0.0240321, 0.631396], 
              [0.0288145, 0.889645, 0.00490253, 0.0766384], 
              [0.177069, 0.425753, 0.392276, 0.00490253], 
              [0.0766384, 0.167504, 0.746173, 0.00968492], 
              [0.0622912, 0.406623, 0.200981, 0.330105], 
              [0.000120135, 0.798779, 0.172286, 0.0288145], 
              [0.000120135, 0.000120135, 0.00968492, 0.990075], 
              [0.000120135, 0.903992, 0.0862031, 0.00968492], 
              [0.0383793, 0.837038, 0.000120135, 0.124462], 
              [0.172286, 0.703131, 0.0144673, 0.110115], 
              [0.655308, 0.148374, 0.181851, 0.0144673], 
              [0.688784, 0.0622912, 0.234457, 0.0144673], 
              [0.545313, 0.454447, 0.000120135, 0.000120135], 
              [0.153157, 0.33967, 0.497489, 0.00968492], 
              [0.143592, 0.0383793, 0.047944, 0.770085], 
              [0.0431616, 0.464012, 0.492706, 0.000120135], 
              [0.086617, 0.8747, 0.0385632, 0.000120135]
            ]
          }, {
            "db": 0,
            "id": "filter112",
            "alt": "ChIP-seq.WT",
            "len": 19,
            "nsites": 385,
            "pwm": [
              [0.257141, 0.181836, 0.475266, 0.085757], 
              [0.151696, 0.688832, 0.156837, 0.00263494], 
              [0.0180551, 0.149126, 0.113146, 0.719672], 
              [0.300758, 0.267348, 0.172257, 0.259638], 
              [0.367579, 0.390709, 0.133706, 0.108006], 
              [0.213377, 0.382999, 0.149126, 0.254498], 
              [0.840464, 0.113146, 0.0360453, 0.010345], 
              [0.840464, 0.0823058, 0.0694556, 0.007775], 
              [0.208237, 0.203097, 0.138846, 0.44982], 
              [6.49182e-05, 0.174827, 0.0566055, 0.768503], 
              [6.49182e-05, 0.0900158, 6.49182e-05, 0.909854], 
              [0.00263494, 6.49182e-05, 0.00263494, 0.994665], 
              [0.0360453, 0.316178, 6.49182e-05, 0.647712], 
              [6.49182e-05, 0.357299, 0.0180551, 0.624581], 
              [0.358219, 0.21908, 0.22681, 0.19589], 
              [0.103665, 0.331585, 0.0259649, 0.538785], 
              [0.109697, 0.0209472, 0.449034, 0.420321], 
              [0.248691, 0.327205, 0.397867, 0.0262361], 
              [0.30788, 0.197382, 0.157919, 0.33682]
            ]
          }, {
            "db": 0,
            "id": "filter113",
            "alt": "ChIP-seq.WT",
            "len": 19,
            "nsites": 172,
            "pwm": [
              [0.00595584, 0.0756827, 0.0466299, 0.871732], 
              [0.104736, 0.836868, 0.0117664, 0.0466299], 
              [0.00595584, 0.924027, 0.0466299, 0.0233876], 
              [0.360401, 0.058251, 0.366212, 0.215137], 
              [0.0350087, 0.935648, 0.017577, 0.0117664], 
              [0.000145264, 0.941458, 0.0233876, 0.0350087], 
              [0.0814933, 0.75552, 0.017577, 0.14541], 
              [0.45337, 0.0291981, 0.499855, 0.017577], 
              [0.0466299, 0.877542, 0.0291981, 0.0466299], 
              [0.000145264, 0.993754, 0.00595584, 0.000145264], 
              [0.000145264, 0.000145264, 0.00595584, 0.993754], 
              [0.00595584, 0.685793, 0.017577, 0.290674], 
              [0.273242, 0.058251, 0.668361, 0.000145264], 
              [0.000145264, 0.000145264, 0.999564, 0.000145264], 
              [0.000145264, 0.982132, 0.000145264, 0.017577], 
              [0.000145264, 0.95308, 0.00595584, 0.0408193], 
              [0.000145264, 0.000145264, 0.000145264, 0.999564], 
              [0.000145264, 0.999564, 0.000145264, 0.000145264], 
              [0.000145264, 0.982132, 0.000145264, 0.017577]
            ]
          }, {
            "db": 0,
            "id": "filter114",
            "alt": "ChIP-seq.WT",
            "len": 19,
            "nsites": 283,
            "pwm": [
              [0.10959, 0.671229, 0.10959, 0.10959], 
              [0.024641, 0.0386712, 0.0597164, 0.876971], 
              [0.21054, 0.00359584, 0.0281486, 0.757715], 
              [0.203525, 0.0807616, 0.501665, 0.214048], 
              [0.431515, 0.0141184, 0.105314, 0.449052], 
              [0.41047, 0.189495, 0.070239, 0.329796], 
              [0.999735, 8.8308e-05, 8.8308e-05, 8.8308e-05], 
              [0.663012, 0.00359584, 0.0281486, 0.305244], 
              [0.214048, 0.0421787, 0.00710337, 0.73667], 
              [0.0737465, 0.0386712, 0.249123, 0.638459], 
              [0.869956, 0.0351636, 0.0351636, 0.0597164], 
              [8.8308e-05, 0.0562088, 0.329796, 0.613907], 
              [0.00359584, 0.143897, 0.164942, 0.687565], 
              [0.0912842, 0.221063, 0.0842691, 0.603384], 
              [0.315766, 0.200018, 0.14039, 0.343826], 
              [0.278159, 0.00360819, 0.038807, 0.679426], 
              [0.411915, 0.190162, 0.126804, 0.271119], 
              [0.193682, 0.0317673, 0.133844, 0.640707], 
              [0.607647, 0.0212822, 0.00362063, 0.36745]
            ]
          }, {
            "db": 0,
            "id": "filter115",
            "alt": "ChIP-seq.WT",
            "len": 19,
            "nsites": 88,
            "pwm": [
              [0.125142, 0.25, 0.284052, 0.340806], 
              [0.146185, 0.0451766, 0.684899, 0.123739], 
              [0.0222368, 0.0771195, 0.702782, 0.197861], 
              [0.0880961, 0.066143, 0.779618, 0.066143], 
              [0.132002, 0.0551665, 0.625946, 0.186885], 
              [0.384463, 0.164932, 0.0222368, 0.428369], 
              [0.0112603, 0.0771195, 0.889383, 0.0222368], 
              [0.000283768, 0.0332134, 0.823524, 0.142979], 
              [0.0112603, 0.000283768, 0.988172, 0.000283768], 
              [0.000283768, 0.000283768, 0.999149, 0.000283768], 
              [0.000283768, 0.000283768, 0.988172, 0.0112603], 
              [0.527158, 0.36251, 0.000283768, 0.110049], 
              [0.0112603, 0.000283768, 0.988172, 0.000283768], 
              [0.000283768, 0.000283768, 0.999149, 0.000283768], 
              [0.0551665, 0.000283768, 0.944266, 0.000283768], 
              [0.132002, 0.0222368, 0.845477, 0.000283768], 
              [0.410928, 0.299943, 0.244451, 0.0446778], 
              [0.133466, 0.17786, 0.499716, 0.188958], 
              [0.155663, 0.0890718, 0.555209, 0.200057]
            ]
          }, {
            "db": 0,
            "id": "filter116",
            "alt": "ChIP-seq.WT",
            "len": 19,
            "nsites": 364,
            "pwm": [
              [0.494438, 0.156619, 0.0934496, 0.255493], 
              [0.304095, 0.112367, 0.301356, 0.282183], 
              [0.224939, 0.0461265, 0.533797, 0.195137], 
              [0.628622, 0.0379986, 0.330601, 0.00277795], 
              [0.40917, 0.0813471, 0.390205, 0.119277], 
              [0.386449, 0.0514059, 0.408065, 0.15408], 
              [0.00817455, 0.556673, 0.178398, 0.256755], 
              [0.0108765, 0.0757236, 0.143273, 0.770127], 
              [0.0649157, 0.799849, 0.0108765, 0.124359], 
              [0.713386, 0.0216843, 0.240543, 0.0243863], 
              [0.0703196, 0.283775, 0.0838294, 0.562076], 
              [0.505335, 0.0892334, 0.394555, 0.0108765], 
              [0.683665, 0.121657, 0.148676, 0.046002], 
              [0.648539, 0.302688, 0.0351942, 0.0135785], 
              [0.5945, 0.0730216, 0.286476, 0.046002], 
              [0.770127, 0.0108765, 6.86625e-05, 0.218927], 
              [0.975476, 6.86625e-05, 0.0108765, 0.0135785], 
              [0.777029, 0.0516849, 0.0163685, 0.154917], 
              [0.321506, 0.207096, 0.201648, 0.269749]
            ]
          }, {
            "db": 0,
            "id": "filter117",
            "alt": "ChIP-seq.WT",
            "len": 19,
            "nsites": 271,
            "pwm": [
              [0.151328, 0.405847, 0.143951, 0.298875], 
              [0.411705, 0.330853, 0.0625692, 0.194873], 
              [0.433756, 0.0846198, 0.187523, 0.294101], 
              [0.205899, 0.496233, 0.2353, 0.0625692], 
              [0.536659, 0.0478687, 0.194873, 0.220599], 
              [0.739746, 0.0184005, 0.212468, 0.0293854], 
              [0.04752, 0.594763, 0.295604, 0.0621131], 
              [0.795419, 0.0912994, 0.0949477, 0.0183337], 
              [0.259121, 0.0694097, 0.1971, 0.47437], 
              [0.0110371, 0.773529, 0.00738879, 0.208045], 
              [0.142375, 9.22169e-05, 9.22169e-05, 0.85744], 
              [9.22169e-05, 9.22169e-05, 0.999723, 9.22169e-05], 
              [0.0110371, 0.868385, 9.22169e-05, 0.120486], 
              [0.820957, 0.131431, 0.0110371, 0.0365751], 
              [0.561929, 0.164265, 0.160617, 0.113189], 
              [0.233583, 0.240879, 0.0657614, 0.459777], 
              [0.0403704, 0.0769869, 0.0623403, 0.820302], 
              [0.346828, 0.520195, 0.0554223, 0.0775544], 
              [0.53495, 0.059111, 0.217724, 0.188215]
            ]
          }, {
            "db": 0,
            "id": "filter118",
            "alt": "ChIP-seq.WT",
            "len": 19,
            "nsites": 129,
            "pwm": [
              [0.836754, 0.0544152, 0.069907, 0.0389233], 
              [0.00793958, 0.604376, 0.38749, 0.000193648], 
              [0.276902, 0.299961, 0.284589, 0.138548], 
              [0.953301, 0.000193648, 0.0155664, 0.030939], 
              [0.000193648, 0.000193648, 0.999419, 0.000193648], 
              [0.361452, 0.000193648, 0.638161, 0.000193648], 
              [0.000193648, 0.169293, 0.246157, 0.584356], 
              [0.000193648, 0.000193648, 0.999419, 0.000193648], 
              [0.000193648, 0.000193648, 0.999419, 0.000193648], 
              [0.153921, 0.72271, 0.00788, 0.115489], 
              [0.192352, 0.00788, 0.799574, 0.000193648], 
              [0.161607, 0.23847, 0.584356, 0.0155664], 
              [0.0232527, 0.607415, 0.000193648, 0.369138], 
              [0.392197, 0.107803, 0.299961, 0.200039], 
              [0.0693708, 0.146234, 0.645847, 0.138548], 
              [0.23847, 0.453688, 0.184666, 0.123175], 
              [0.299961, 0.0693708, 0.57667, 0.0539981], 
              [0.0770571, 0.269216, 0.599729, 0.0539981], 
              [0.100116, 0.530552, 0.030939, 0.338393]
            ]
          }, {
            "db": 0,
            "id": "filter119",
            "alt": "ChIP-seq.WT",
            "len": 19,
            "nsites": 680,
            "pwm": [
              [0.0706146, 0.336752, 0.113255, 0.479378], 
              [0.151041, 0.0836022, 0.67589, 0.0894664], 
              [0.149942, 0.120834, 0.192148, 0.537076], 
              [0.0711439, 0.119032, 0.220614, 0.58921], 
              [0.0334136, 0.864931, 0.0871067, 0.0145484], 
              [0.185786, 0.105972, 0.168372, 0.53987], 
              [0.101471, 0.00583301, 0.831799, 0.0608974], 
              [0.0391614, 0.284053, 0.572416, 0.104369], 
              [0.985399, 3.67593e-05, 0.00438395, 0.0101802], 
              [3.67593e-05, 0.72167, 0.13335, 0.144943], 
              [0.192762, 0.2884, 0.0145274, 0.50431], 
              [0.204355, 0.357955, 0.276808, 0.160883], 
              [0.297095, 0.155086, 0.0101802, 0.537639], 
              [0.335256, 0.210456, 0.259795, 0.194493], 
              [0.0189293, 0.308131, 0.122112, 0.550828], 
              [0.311038, 0.341556, 0.255813, 0.0915931], 
              [0.260931, 0.09186, 0.40231, 0.244899], 
              [0.0643548, 0.22515, 0.701688, 0.0088074], 
              [0.142245, 0.148109, 0.145177, 0.56447]
            ]
          }, {
            "db": 0,
            "id": "filter12",
            "alt": "ChIP-seq.WT",
            "len": 19,
            "nsites": 15,
            "pwm": [
              [0.00165563, 0.0678808, 0.862583, 0.0678808], 
              [0.332781, 0.597682, 0.0678808, 0.00165563], 
              [0.134106, 0.0678808, 0.00165563, 0.796358], 
              [0.00165563, 0.0678808, 0.862583, 0.0678808], 
              [0.995033, 0.00165563, 0.00165563, 0.00165563], 
              [0.00165563, 0.266556, 0.730132, 0.00165563], 
              [0.00165563, 0.00165563, 0.00165563, 0.995033], 
              [0.0678808, 0.928808, 0.00165563, 0.00165563], 
              [0.995033, 0.00165563, 0.00165563, 0.00165563], 
              [0.00165563, 0.00165563, 0.00165563, 0.995033], 
              [0.597682, 0.00165563, 0.00165563, 0.399007], 
              [0.00165563, 0.200331, 0.00165563, 0.796358], 
              [0.00165563, 0.730132, 0.00165563, 0.266556], 
              [0.200331, 0.00165563, 0.531457, 0.266556], 
              [0.730132, 0.00165563, 0.266556, 0.00165563], 
              [0.266556, 0.00165563, 0.730132, 0.00165563], 
              [0.928808, 0.0678808, 0.00165563, 0.00165563], 
              [0.0678808, 0.597682, 0.134106, 0.200331], 
              [0.0678808, 0.200331, 0.00165563, 0.730132]
            ]
          }, {
            "db": 0,
            "id": "filter120",
            "alt": "ChIP-seq.WT",
            "len": 19,
            "nsites": 161,
            "pwm": [
              [0.136716, 0.490534, 0.0932651, 0.279485], 
              [0.0304394, 0.302997, 0.448362, 0.218202], 
              [0.0899198, 0.598586, 0.233543, 0.0779512], 
              [0.142079, 0.0474631, 0.757081, 0.0533766], 
              [0.00606867, 0.727514, 0.000155183, 0.266262], 
              [0.000155183, 0.142079, 0.00606867, 0.851697], 
              [0.000155183, 0.0119822, 0.000155183, 0.987707], 
              [0.000155183, 0.928573, 0.0652035, 0.00606867], 
              [0.000155183, 0.904919, 0.094771, 0.000155183], 
              [0.000155183, 0.130252, 0.29583, 0.573763], 
              [0.000155183, 0.0119822, 0.9404, 0.0474631], 
              [0.0238091, 0.319483, 0.0770305, 0.579677], 
              [0.0119822, 0.697947, 0.201214, 0.0888575], 
              [0.0536934, 0.166718, 0.0477447, 0.731844], 
              [0.0599983, 0.311339, 0.574649, 0.054014], 
              [0.156684, 0.517906, 0.0543384, 0.271071], 
              [0.0964809, 0.433621, 0.337295, 0.132603], 
              [0.168725, 0.0663791, 0.493824, 0.271071], 
              [0.134218, 0.237812, 0.414532, 0.213437]
            ]
          }, {
            "db": 0,
            "id": "filter121",
            "alt": "ChIP-seq.WT",
            "len": 19,
            "nsites": 21,
            "pwm": [
              [0.00118483, 0.0959716, 0.380332, 0.522512], 
              [0.475118, 0.143365, 0.380332, 0.00118483], 
              [0.0959716, 0.0959716, 0.00118483, 0.806872], 
              [0.0485782, 0.949052, 0.00118483, 0.00118483], 
              [0.0959716, 0.00118483, 0.285545, 0.617299], 
              [0.0959716, 0.569905, 0.0485782, 0.285545], 
              [0.00118483, 0.238152, 0.712085, 0.0485782], 
              [0.00118483, 0.0485782, 0.901659, 0.0485782], 
              [0.00118483, 0.664692, 0.143365, 0.190758], 
              [0.238152, 0.190758, 0.285545, 0.285545], 
              [0.0485782, 0.854265, 0.00118483, 0.0959716], 
              [0.759479, 0.0485782, 0.190758, 0.00118483], 
              [0.0485782, 0.00118483, 0.949052, 0.00118483], 
              [0.00118483, 0.522512, 0.190758, 0.285545], 
              [0.238152, 0.00118483, 0.522512, 0.238152], 
              [0.569905, 0.00118483, 0.427725, 0.00118483], 
              [0.00118483, 0.332938, 0.0485782, 0.617299], 
              [0.00118483, 0.380332, 0.380332, 0.238152], 
              [0.427725, 0.380332, 0.0485782, 0.143365]
            ]
          }, {
            "db": 0,
            "id": "filter122",
            "alt": "ChIP-seq.WT",
            "len": 19,
            "nsites": 86,
            "pwm": [
              [0.453252, 0.046748, 0.383566, 0.116434], 
              [0.0351336, 0.0699768, 0.0235192, 0.87137], 
              [0.10482, 0.615854, 0.046748, 0.232578], 
              [0.546167, 0.220964, 0.128049, 0.10482], 
              [0.10482, 0.371951, 0.522938, 0.00029036], 
              [0.569396, 0.151278, 0.162892, 0.116434], 
              [0.313879, 0.569396, 0.00029036, 0.116434], 
              [0.162892, 0.348722, 0.046748, 0.441638], 
              [0.0932056, 0.174506, 0.0119048, 0.720383], 
              [0.755226, 0.0351336, 0.186121, 0.0235192], 
              [0.232578, 0.174506, 0.325494, 0.267422], 
              [0.464866, 0.20935, 0.29065, 0.0351336], 
              [0.0235192, 0.87137, 0.0583624, 0.046748], 
              [0.232578, 0.720383, 0.0235192, 0.0235192], 
              [0.00029036, 0.9759, 0.0235192, 0.00029036], 
              [0.0119048, 0.824913, 0.00029036, 0.162892], 
              [0.10482, 0.708769, 0.00029036, 0.186121], 
