<!DOCTYPE HTML>
<html>
  <head>
    <meta charset="UTF-8">
    <title>TOMTOM</title>
    <script>
      // @JSON_VAR data
      var data = {
        "program": "Tomtom",
        "version": "5.3.0",
        "release": "Wed Nov 25 19:19:29 2020 -0800",
        "cmd": [
          "tomtom", "-no-ssc", "-verbosity", "1", "-min-overlap", "5",
          "-dist", "pearson", "-evalue", "-thresh", "10.0", "-oc",
          "CAM.HT-SELEX.T95R",
          "/mnt/md1/home/oriol//CAM/results/IRF4/CAM/HT-SELEX/T95R/motifs/filters.meme",
          "JASPAR2022_CORE_vertebrates_non-redundant_pfms_meme.txt"
        ],
        "options": {
          "strands": "both",
          "distance_measure": "pearson",
          "threshold_type": "evalue",
          "threshold_value": 10,
          "background_source": "--query--"
        },
        "alphabet": {
          "name": "DNA",
          "like": "dna",
          "ncore": 4,
          "symbols": [
            {
              "symbol": "A",
              "name": "Adenine",
              "colour": "CC0000",
              "complement": "T"
            }, {
              "symbol": "C",
              "name": "Cytosine",
              "colour": "0000CC",
              "complement": "G"
            }, {
              "symbol": "G",
              "name": "Guanine",
              "colour": "FFB300",
              "complement": "C"
            }, {
              "symbol": "T",
              "aliases": "U",
              "name": "Thymine",
              "colour": "008000",
              "complement": "A"
            }, {
              "symbol": "N",
              "aliases": "X.",
              "name": "Any base",
              "equals": "ACGT"
            }, {
              "symbol": "V",
              "name": "Not T",
              "equals": "ACG"
            }, {
              "symbol": "H",
              "name": "Not G",
              "equals": "ACT"
            }, {
              "symbol": "D",
              "name": "Not C",
              "equals": "AGT"
            }, {
              "symbol": "B",
              "name": "Not A",
              "equals": "CGT"
            }, {
              "symbol": "M",
              "name": "Amino",
              "equals": "AC"
            }, {
              "symbol": "R",
              "name": "Purine",
              "equals": "AG"
            }, {
              "symbol": "W",
              "name": "Weak",
              "equals": "AT"
            }, {
              "symbol": "S",
              "name": "Strong",
              "equals": "CG"
            }, {
              "symbol": "Y",
              "name": "Pyrimidine",
              "equals": "CT"
            }, {
              "symbol": "K",
              "name": "Keto",
              "equals": "GT"
            }
          ]
        },
        "background": [0.25, 0.25, 0.25, 0.25],
        "query_dbs": [
          {
            "source": "/mnt/md1/home/oriol//CAM/results/IRF4/CAM/HT-SELEX/T95R/motifs/filters.meme",
            "name": "filters",
            "loaded": 16,
            "excluded": 0,
            "last_modified": "Mon Oct 25 14:20:32 2021"
          }
        ],
        "target_dbs": [
          {
            "source": "JASPAR2022_CORE_vertebrates_non-redundant_pfms_meme.txt",
            "name": "JASPAR2022_CORE_vertebrates_non-redundant_pfms_meme.txt",
            "loaded": 841,
            "excluded": 0,
            "last_modified": "Mon Nov  1 17:31:08 2021"
          }
        ],
        "queries": [
          {
            "db": 0,
            "id": "filter0",
            "alt": "HT-SELEX.T95R",
            "len": 19,
            "nsites": 1819,
            "pwm": [
              [0.187469, 0.34359, 0.228698, 0.240242], 
              [0.229928, 0.363393, 0.271115, 0.135564], 
              [0.202098, 0.459569, 0.151203, 0.187129], 
              [0.126774, 0.31984, 0.399797, 0.153589], 
              [0.0572772, 0.227624, 0.626543, 0.0885556], 
              [0.109003, 0.315084, 0.471192, 0.10472], 
              [0.0579747, 0.16353, 0.738427, 0.0400681], 
              [0.0537742, 0.314629, 0.524997, 0.1066], 
              [0.16566, 0.570678, 0.208122, 0.0555403], 
              [0.1148, 0.190857, 0.68453, 0.00981255], 
              [0.0074795, 0.0322098, 0.957497, 0.0028134], 
              [0.0191448, 0.00607967, 0.817981, 0.156795], 
              [1.37431e-05, 0.989227, 1.37431e-05, 0.0107458], 
              [0.206255, 0.0182115, 0.0186781, 0.756855], 
              [0.315737, 0.391398, 0.255955, 0.0369104], 
              [0.392966, 1.37431e-05, 0.59436, 0.0126594], 
              [0.608037, 0.138869, 0.120386, 0.132708], 
              [0.381837, 0.292985, 0.109518, 0.21566], 
              [0.160083, 0.408971, 0.0854166, 0.345529]
            ]
          }, {
            "db": 0,
            "id": "filter1",
            "alt": "HT-SELEX.T95R",
            "len": 19,
            "nsites": 2354,
            "pwm": [
              [0.312232, 0.0288964, 0.0781721, 0.5807], 
              [0.853673, 0.0212067, 1.06198e-05, 0.125109], 
              [0.0673866, 0.526282, 0.187349, 0.218982], 
              [0.0306096, 0.706924, 1.06198e-05, 0.262455], 
              [1.06198e-05, 1.06198e-05, 0.999968, 1.06198e-05], 
              [1.06198e-05, 0.999968, 1.06198e-05, 1.06198e-05], 
              [1.06198e-05, 0.000782787, 1.06198e-05, 0.999196], 
              [0.999196, 1.06198e-05, 1.06198e-05, 0.000782787], 
              [0.000396703, 0.98993, 0.00116887, 0.00850447], 
              [0.0683475, 0.53242, 0.0139096, 0.385322], 
              [0.253003, 0.138711, 0.442069, 0.166218], 
              [0.395261, 0.254461, 0.221103, 0.129175], 
              [0.269305, 0.182385, 0.180057, 0.368253], 
              [0.401159, 0.145636, 0.194565, 0.25864], 
              [0.243884, 0.380189, 0.22136, 0.154567], 
              [0.23301, 0.314949, 0.281164, 0.170877], 
              [0.224962, 0.253521, 0.260172, 0.261345], 
              [0.325007, 0.185893, 0.280617, 0.208484], 
              [0.252467, 0.197371, 0.289061, 0.261101]
            ]
          }, {
            "db": 0,
            "id": "filter10",
            "alt": "HT-SELEX.T95R",
            "len": 19,
            "nsites": 12915,
            "pwm": [
              [0.225474, 0.342082, 0.296477, 0.135967], 
              [0.202323, 0.218266, 0.361979, 0.217431], 
              [0.292146, 0.19576, 0.225412, 0.286682], 
              [0.300279, 0.368156, 0.0944979, 0.237067], 
              [0.064897, 0.318527, 0.411165, 0.205411], 
              [0.44637, 0.13185, 0.200076, 0.221704], 
              [0.443247, 0.0294635, 0.0918489, 0.435441], 
              [0.283953, 0.381706, 0.165063, 0.169278], 
              [0.000251904, 0.211161, 0.662289, 0.126298], 
              [1.93572e-06, 1.93572e-06, 0.999994, 1.93572e-06], 
              [0.999994, 1.93572e-06, 1.93572e-06, 1.93572e-06], 
              [0.563618, 1.93572e-06, 1.93572e-06, 0.436378], 
              [0.999994, 1.93572e-06, 1.93572e-06, 1.93572e-06], 
              [1.93572e-06, 0.734833, 0.265163, 1.93572e-06], 
              [1.93572e-06, 0.565117, 1.93572e-06, 0.434879], 
              [1.93572e-06, 1.93572e-06, 0.999994, 1.93572e-06], 
              [0.999994, 1.93572e-06, 1.93572e-06, 1.93572e-06], 
              [0.0321711, 0.000876439, 0.017367, 0.949585], 
              [0.999994, 1.93572e-06, 1.93572e-06, 1.93572e-06]
            ]
          }, {
            "db": 0,
            "id": "filter11",
            "alt": "HT-SELEX.T95R",
            "len": 19,
            "nsites": 2033,
            "pwm": [
              [0.496791, 0.112648, 0.314311, 0.0762506], 
              [0.711842, 0.0126025, 0.0256769, 0.249879], 
              [0.840654, 0.0981582, 1.22965e-05, 0.0611757], 
              [0.453478, 0.1121, 0.433014, 0.00140758], 
              [1.22965e-05, 0.00977926, 0.968337, 0.0218717], 
              [1.22965e-05, 1.22965e-05, 0.778579, 0.221397], 
              [0.999963, 1.22965e-05, 1.22965e-05, 1.22965e-05], 
              [1.22965e-05, 1.22965e-05, 1.22965e-05, 0.999963], 
              [0.826483, 0.173492, 1.22965e-05, 1.22965e-05], 
              [0.00233776, 0.997638, 1.22965e-05, 1.22965e-05], 
              [0.00142666, 0.312585, 0.0117986, 0.674189], 
              [0.0437812, 0.000573439, 0.560591, 0.395055], 
              [0.627031, 0.0240158, 0.0199176, 0.329036], 
              [0.0429124, 0.229654, 0.0631007, 0.664333], 
              [0.71399, 0.169431, 0.0458699, 0.0707095], 
              [0.101859, 0.854468, 0.0172072, 0.026466], 
              [0.132749, 0.592903, 0.084079, 0.190268], 
              [0.21338, 0.170199, 0.314984, 0.301437], 
              [0.24587, 0.0758103, 0.447026, 0.231293]
            ]
          }, {
            "db": 0,
            "id": "filter12",
            "alt": "HT-SELEX.T95R",
            "len": 19,
            "nsites": 1330,
            "pwm": [
              [0.281201, 0.230077, 0.113544, 0.375179], 
              [0.320722, 0.341811, 0.1331, 0.204367], 
              [0.147311, 0.354764, 0.186727, 0.311199], 
              [0.221465, 0.0656325, 0.665724, 0.0471786], 
              [0.157082, 0.0264217, 0.791428, 0.0250677], 
              [0.0744885, 0.00814276, 0.0853204, 0.832048], 
              [0.83611, 0.00137279, 0.00340378, 0.159113], 
              [0.153697, 0.00678877, 0.00204978, 0.837464], 
              [0.000695795, 0.974218, 0.0115278, 0.0135587], 
              [0.930213, 0.000695795, 0.0690725, 1.87956e-05], 
              [1.87956e-05, 1.87956e-05, 0.999944, 1.87956e-05], 
              [0.111046, 1.87956e-05, 1.87956e-05, 0.888916], 
              [0.4597, 1.87956e-05, 1.87956e-05, 0.540263], 
              [0.138126, 1.87956e-05, 1.87956e-05, 0.861836], 
              [1.87956e-05, 0.999944, 1.87956e-05, 1.87956e-05], 
              [1.87956e-05, 0.236968, 1.87956e-05, 0.762995], 
              [0.0364422, 0.17114, 0.759412, 0.033006], 
              [0.561733, 0.0156426, 0.00225077, 0.420374], 
              [0.282108, 0.0856393, 0.042829, 0.589424]
            ]
          }, {
            "db": 0,
            "id": "filter13",
            "alt": "HT-SELEX.T95R",
            "len": 19,
            "nsites": 23037,
            "pwm": [
              [0.307114, 0.360593, 0.134219, 0.198073], 
              [0.234838, 0.242377, 0.325255, 0.19753], 
              [0.163282, 0.105582, 0.287998, 0.443138], 
              [0.176143, 0.184195, 0.25897, 0.380692], 
              [0.205616, 0.265439, 0.217218, 0.311727], 
              [0.0499, 0.42065, 0.24321, 0.286241], 
              [0.136653, 0.466387, 0.074787, 0.322173], 
              [0.823393, 7.68949e-05, 0.175202, 0.00132779], 
              [1.08521e-06, 0.00147942, 0.997078, 0.00144151], 
              [1.08521e-06, 1.08521e-06, 1.08521e-06, 0.999997], 
              [0.930667, 0.00485304, 1.08521e-06, 0.064479], 
              [1.08521e-06, 1.08521e-06, 1.08521e-06, 0.999997], 
              [1.08521e-06, 0.999997, 1.08521e-06, 1.08521e-06], 
              [0.667145, 0.0782768, 0.254274, 0.000304334], 
              [0.000531763, 0.375649, 0.591788, 0.0320316], 
              [0.00280612, 1.08521e-06, 1.08521e-06, 0.997192], 
              [0.286115, 0.00223754, 0.000948731, 0.710699], 
              [0.00227613, 0.0732575, 0.0920266, 0.83244], 
              [0.0247196, 0.852332, 0.029359, 0.0935891]
            ]
          }, {
            "db": 0,
            "id": "filter14",
            "alt": "HT-SELEX.T95R",
            "len": 19,
            "nsites": 1134,
            "pwm": [
              [0.258377, 0.150802, 0.291002, 0.299819], 
              [0.115664, 0.336514, 0.299996, 0.247826], 
              [0.297831, 0.205199, 0.309086, 0.187884], 
              [0.195507, 0.203291, 0.478354, 0.122849], 
              [0.318058, 0.0138497, 0.409666, 0.258426], 
              [0.583736, 0.0457866, 0.173582, 0.196896], 
              [0.271543, 0.090258, 0.0496112, 0.588588], 
              [0.0778438, 0.200789, 0.483302, 0.238065], 
              [2.20439e-05, 0.0418762, 0.821624, 0.136478], 
              [0.981608, 0.018348, 2.20439e-05, 2.20439e-05], 
              [0.0555412, 0.147884, 2.20439e-05, 0.796552], 
              [2.20439e-05, 2.20439e-05, 0.00512074, 0.994835], 
              [2.20439e-05, 0.0300477, 0.797685, 0.172245], 
              [0.151092, 0.847154, 0.00173227, 2.20439e-05], 
              [0.121169, 0.506307, 0.372503, 2.20439e-05], 
              [0.418006, 0.0376849, 0.248154, 0.296155], 
              [0.209986, 0.0697233, 0.0516526, 0.668638], 
              [0.194401, 0.147119, 0.0648149, 0.593665], 
              [0.109844, 0.503963, 0.201953, 0.18424]
            ]
          }, {
            "db": 0,
            "id": "filter15",
            "alt": "HT-SELEX.T95R",
            "len": 19,
            "nsites": 10549,
            "pwm": [
              [2.36987e-06, 2.36987e-06, 0.999898, 9.7169e-05], 
              [2.36987e-06, 2.36987e-06, 2.36987e-06, 0.999993], 
              [0.977361, 9.7069e-05, 0.000665244, 0.0218772], 
              [2.36987e-06, 2.36987e-06, 0.000286457, 0.999709], 
              [2.36987e-06, 0.999993, 2.36987e-06, 2.36987e-06], 
              [0.306249, 2.36987e-06, 0.693746, 2.36987e-06], 
              [2.36987e-06, 0.0996226, 0.900373, 2.36987e-06], 
              [2.36987e-06, 2.36987e-06, 2.36987e-06, 0.999993], 
              [0.267613, 2.36987e-06, 2.36987e-06, 0.732382], 
              [2.36987e-06, 2.36987e-06, 9.7069e-05, 0.999898], 
              [2.36987e-06, 0.999993, 2.36987e-06, 2.36987e-06], 
              [0.0771797, 0.855487, 0.0651533, 0.00218038], 
              [0.150318, 0.163205, 0.402576, 0.2839], 
              [0.407638, 0.0634999, 0.0369464, 0.491916], 
              [0.234688, 0.11643, 0.203198, 0.445684], 
              [0.151804, 0.26551, 0.419347, 0.163339], 
              [0.181107, 0.177876, 0.343611, 0.297405], 
              [0.288895, 0.161298, 0.274608, 0.275199], 
              [0.271219, 0.291532, 0.269911, 0.167338]
            ]
          }, {
            "db": 0,
            "id": "filter2",
            "alt": "HT-SELEX.T95R",
            "len": 19,
            "nsites": 1033,
            "pwm": [
              [0.461741, 0.151026, 0.299124, 0.0881086], 
              [0.552771, 0.09827, 0.105615, 0.243343], 
              [0.786833, 0.0628596, 0.0209694, 0.129338], 
              [0.128077, 0.476817, 0.297906, 0.0971992], 
              [0.0606518, 0.191861, 0.437991, 0.309497], 
              [0.0135121, 0.00541936, 0.972052, 0.00901614], 
              [0.841669, 0.0836492, 0.0737581, 0.000923392], 
              [0.207738, 0.00182258, 0.784121, 0.00631855], 
              [0.993633, 2.4199e-05, 2.4199e-05, 0.00631855], 
              [0.994532, 2.4199e-05, 2.4199e-05, 0.00541936], 
              [0.735565, 0.0692621, 0.180762, 0.0144113], 
              [0.00272178, 2.4199e-05, 0.993633, 0.00362097], 
              [2.4199e-05, 2.4199e-05, 0.999927, 2.4199e-05], 
              [0.943278, 0.0566734, 2.4199e-05, 2.4199e-05], 
              [0.803903, 2.4199e-05, 0.0800524, 0.11602], 
              [0.999927, 2.4199e-05, 2.4199e-05, 2.4199e-05], 
              [0.0423624, 0.879218, 0.078395, 2.4199e-05], 
              [0.025247, 0.256756, 2.4199e-05, 0.717973], 
              [0.223941, 0.0212577, 0.725823, 0.0289789]
            ]
          }, {
            "db": 0,
            "id": "filter3",
            "alt": "HT-SELEX.T95R",
            "len": 19,
            "nsites": 88543,
            "pwm": [
              [0.246118, 0.228804, 0.267136, 0.257942], 
              [0.290069, 0.283946, 0.245397, 0.180587], 
              [0.258248, 0.266682, 0.254576, 0.220494], 
              [0.394526, 0.222204, 0.150801, 0.232469], 
              [0.379304, 0.204603, 0.151185, 0.264907], 
              [0.210788, 0.316639, 0.254375, 0.218198], 
              [0.116604, 0.174101, 0.521908, 0.187387], 
              [0.120346, 0.0553351, 0.780723, 0.0435959], 
              [0.721863, 0.14711, 0.112596, 0.018431], 
              [0.618304, 0.00470587, 0.0180453, 0.358945], 
              [0.984592, 0.000516902, 2.82348e-07, 0.0148906], 
              [0.035797, 0.759438, 0.200407, 0.00435821], 
              [0.0122158, 0.512086, 0.0394216, 0.436276], 
              [8.61234e-06, 2.82348e-07, 0.999991, 2.82348e-07], 
              [0.998108, 0.00189177, 2.82348e-07, 2.82348e-07], 
              [0.0693772, 0.00509148, 0.00384993, 0.921681], 
              [0.999999, 2.82348e-07, 2.82348e-07, 2.82348e-07], 
              [0.00191677, 0.991225, 0.00685797, 2.82348e-07], 
              [0.00790788, 0.383115, 0.00130016, 0.607677]
            ]
          }, {
            "db": 0,
            "id": "filter4",
            "alt": "HT-SELEX.T95R",
            "len": 19,
            "nsites": 19110,
            "pwm": [
              [0.533018, 0.146835, 0.0389859, 0.281162], 
              [0.172937, 0.512087, 0.144384, 0.170592], 
              [0.109855, 0.243787, 0.47238, 0.173979], 
              [0.0338811, 0.0069629, 0.950285, 0.0088709], 
              [0.835556, 0.149384, 0.00917983, 0.00587969], 
              [0.686586, 0.000568515, 0.000723214, 0.312123], 
              [0.999429, 5.28679e-05, 1.30821e-06, 0.000516956], 
              [0.000155997, 0.957816, 0.0420266, 1.30821e-06], 
              [5.28679e-05, 0.768367, 1.30821e-06, 0.231578], 
              [1.30821e-06, 1.30821e-06, 0.999996, 1.30821e-06], 
              [0.999996, 1.30821e-06, 1.30821e-06, 1.30821e-06], 
              [0.000826344, 1.30821e-06, 1.30821e-06, 0.999171], 
              [0.999996, 1.30821e-06, 1.30821e-06, 1.30821e-06], 
              [1.30821e-06, 0.999996, 1.30821e-06, 1.30821e-06], 
              [1.30821e-06, 0.444953, 1.30821e-06, 0.555044], 
              [0.434752, 0.150187, 0.104427, 0.310634], 
              [0.188901, 0.278953, 0.3889, 0.143247], 
              [0.218275, 0.348215, 0.269536, 0.163973], 
              [0.206771, 0.344637, 0.20626, 0.242331]
            ]
          }, {
            "db": 0,
            "id": "filter5",
            "alt": "HT-SELEX.T95R",
            "len": 19,
            "nsites": 998,
            "pwm": [
              [0.173354, 0.313621, 0.206417, 0.306608], 
              [0.190889, 0.323829, 0.202284, 0.282998], 
              [0.297169, 0.153155, 0.340009, 0.209667], 
              [0.147992, 0.145302, 0.452894, 0.253811], 
              [0.138608, 0.151764, 0.109663, 0.599965], 
              [0.40275, 0.180647, 0.144349, 0.272254], 
              [0.0314044, 0.162859, 0.251908, 0.553829], 
              [0.0855428, 0.502442, 0.223687, 0.188329], 
              [0.410365, 0.0138112, 0.54255, 0.0332739], 
              [2.50476e-05, 0.000834686, 0.998306, 0.000834686], 
              [2.50476e-05, 2.50476e-05, 2.50476e-05, 0.999925], 
              [0.999925, 2.50476e-05, 2.50476e-05, 2.50476e-05], 
              [2.50476e-05, 0.00407322, 0.995877, 2.50476e-05], 
              [2.50476e-05, 0.999925, 2.50476e-05, 2.50476e-05], 
              [0.272063, 0.124709, 0.593488, 0.00974067], 
              [0.102039, 0.136853, 0.725458, 0.035649], 
              [0.0518417, 0.00164432, 0.00731177, 0.939202], 
              [0.434341, 0.0243338, 0.00893825, 0.532387], 
              [0.041518, 0.152166, 0.0789431, 0.727373]
            ]
          }, {
            "db": 0,
            "id": "filter6",
            "alt": "HT-SELEX.T95R",
            "len": 19,
            "nsites": 1734,
            "pwm": [
              [0.238755, 0.301612, 0.256055, 0.203578], 
              [0.124227, 0.154288, 0.351667, 0.369817], 
              [0.178434, 0.101081, 0.505349, 0.215135], 
              [0.743936, 0.0662655, 0.110059, 0.0797403], 
              [0.655843, 0.00448343, 0.0078352, 0.331839], 
              [0.944684, 0.0111807, 0.00113104, 0.0430047], 
              [0.126194, 0.632027, 0.0156472, 0.226132], 
              [0.0552876, 0.512548, 1.44167e-05, 0.43215], 
              [0.0033643, 1.44167e-05, 0.996607, 1.44167e-05], 
              [0.999957, 1.44167e-05, 1.44167e-05, 1.44167e-05], 
              [0.999957, 1.44167e-05, 1.44167e-05, 1.44167e-05], 
              [0.999398, 1.44167e-05, 1.44167e-05, 0.000572735], 
              [1.44167e-05, 0.983207, 1.44167e-05, 0.0167639], 
              [0.000572735, 0.250698, 1.44167e-05, 0.748715], 
              [0.124121, 0.0254267, 0.761791, 0.0886618], 
              [0.800693, 0.100854, 0.0658319, 0.0326212], 
              [0.207561, 0.174106, 0.0755987, 0.542734], 
              [0.892618, 0.0533698, 0.0257505, 0.0282614], 
              [0.165513, 0.578629, 0.154143, 0.101714]
            ]
          }, {
            "db": 0,
            "id": "filter7",
            "alt": "HT-SELEX.T95R",
            "len": 19,
            "nsites": 4215,
            "pwm": [
              [0.0116308, 5.93106e-06, 0.988357, 5.93106e-06], 
              [0.342584, 5.93106e-06, 0.657404, 5.93106e-06], 
              [5.93106e-06, 5.93106e-06, 5.93106e-06, 0.999982], 
              [0.999982, 5.93106e-06, 5.93106e-06, 5.93106e-06], 
              [5.93106e-06, 0.208542, 0.0325081, 0.758944], 
              [5.93106e-06, 0.983375, 5.93106e-06, 0.0166129], 
              [0.16228, 5.93106e-06, 0.837708, 5.93106e-06], 
              [0.311742, 0.128354, 0.559898, 5.93106e-06], 
              [0.00119214, 5.93106e-06, 5.93106e-06, 0.998796], 
              [0.657167, 0.000717654, 5.93106e-06, 0.342109], 
              [0.00119214, 0.328824, 0.00214111, 0.667843], 
              [0.000243175, 0.555153, 0.000717654, 0.443886], 
              [0.120288, 0.682552, 0.117441, 0.0797193], 
              [0.250771, 0.254567, 0.333569, 0.161093], 
              [0.0844642, 0.183157, 0.213998, 0.51838], 
              [0.131201, 0.0125798, 0.00783493, 0.848384], 
              [0.242288, 0.159708, 0.038211, 0.559793], 
              [0.0382382, 0.326761, 0.241036, 0.393965], 
              [0.0830742, 0.418748, 0.184359, 0.313819]
            ]
          }, {
            "db": 0,
            "id": "filter8",
            "alt": "HT-SELEX.T95R",
            "len": 19,
            "nsites": 3766,
            "pwm": [
              [0.205259, 0.167023, 0.158526, 0.469192], 
              [0.352908, 0.168178, 0.257438, 0.221476], 
              [0.105681, 0.295895, 0.143281, 0.455143], 
              [0.0792581, 0.578257, 0.071794, 0.270691], 
              [0.729001, 6.63817e-06, 0.248263, 0.022729], 
              [6.63817e-06, 0.0977526, 0.843699, 0.0585417], 
              [6.63817e-06, 6.63817e-06, 6.63817e-06, 0.99998], 
              [0.148783, 0.0731754, 6.63817e-06, 0.778035], 
              [6.63817e-06, 6.63817e-06, 0.0272104, 0.972776], 
              [0.00394649, 0.99604, 6.63817e-06, 6.63817e-06], 
              [0.0305874, 0.964897, 0.00357127, 0.000944703], 
              [0.0183926, 0.37767, 0.0921243, 0.511813], 
              [0.0127643, 6.63817e-06, 6.63817e-06, 0.987222], 
              [0.0572284, 0.000944703, 6.63817e-06, 0.94182], 
              [0.0287113, 0.575601, 0.00826158, 0.387426], 
              [0.013916, 0.303382, 0.128011, 0.554691], 
              [0.0606339, 0.846717, 0.044065, 0.0485838], 
              [0.312666, 0.442989, 0.15317, 0.091175], 
              [0.178784, 0.279371, 0.274066, 0.267779]
            ]
          }, {
            "db": 0,
            "id": "filter9",
            "alt": "HT-SELEX.T95R",
            "len": 19,
            "nsites": 52508,
            "pwm": [
              [0.150949, 0.282357, 0.296431, 0.270264], 
              [0.23319, 0.240661, 0.150023, 0.376125], 
              [0.412958, 4.76117e-07, 0.587042, 4.76117e-07], 
              [1.80661e-05, 4.76117e-07, 0.999981, 4.76117e-07], 
              [4.76117e-07, 4.76117e-07, 4.76117e-07, 0.999999], 
              [0.999999, 4.76117e-07, 4.76117e-07, 4.76117e-07], 
              [4.76117e-07, 7.0846e-05, 4.76117e-07, 0.999928], 
              [4.76117e-07, 0.999999, 4.76117e-07, 4.76117e-07], 
              [0.381152, 4.76117e-07, 0.618847, 4.76117e-07], 
              [0.00540103, 0.132252, 0.847657, 0.0146893], 
              [0.0199139, 4.76117e-07, 0.00149574, 0.97859], 
              [0.491668, 0.0079184, 0.00520871, 0.495205], 
              [0.0123068, 0.0760039, 0.122042, 0.789647], 
              [0.0259266, 0.816559, 0.0444151, 0.113099], 
              [0.221669, 0.382832, 0.29325, 0.102249], 
              [0.202116, 0.165455, 0.425805, 0.206623], 
              [0.225496, 0.0779287, 0.223473, 0.473101], 
              [0.223477, 0.100674, 0.267331, 0.408517], 
              [0.201992, 0.216317, 0.292496, 0.289195]
            ]
          }
        ],
        "targets": [
          {
            "db": 0,
            "id": "MA0028.2",
            "alt": "ELK1",
            "len": 10,
            "nsites": 67234,
            "pwm": [
              [0.681306, 0.0409022, 0.192745, 0.0850465], 
              [0.0249706, 0.939861, 0.0303257, 0.00484258], 
              [0.00776319, 0.990506, 0.00127616, 0.000454461], 
              [3.71835e-07, 0.000458351, 0.998974, 0.000567391], 
              [8.62717e-05, 0.000880861, 0.983721, 0.0153123], 
              [0.993062, 0.00505163, 0.00134449, 0.000542351], 
              [0.947109, 0.0068855, 0.00124094, 0.0447641], 
              [0.0585884, 0.0458646, 0.889835, 0.00571154], 
              [0.0169148, 0.116499, 0.0207371, 0.845849], 
              [0.289781, 0.145677, 0.377082, 0.187461]
            ]
          }, {
            "db": 0,
            "id": "MA0030.1",
            "alt": "FOXF2",
            "len": 14,
            "nsites": 27,
            "pwm": [
              [0.0378229, 0.369926, 0.259225, 0.333026], 
              [0.369926, 0.259225, 0.185424, 0.185424], 
              [0.628229, 0.148524, 0.0747232, 0.148524], 
              [0.463495, 0.178835, 0.178835, 0.178835], 
              [0.136783, 0.499077, 0.363217, 0.000922509], 
              [0.259225, 0.000922509, 0.73893, 0.000922509], 
              [0.000922509, 0.000922509, 0.000922509, 0.997232], 
              [0.997232, 0.000922509, 0.000922509, 0.000922509], 
              [0.997232, 0.000922509, 0.000922509, 0.000922509], 
              [0.997232, 0.000922509, 0.000922509, 0.000922509], 
              [0.000922509, 0.923432, 0.000922509, 0.0747232], 
              [0.997232, 0.000922509, 0.000922509, 0.000922509], 
              [0.591328, 0.148524, 0.0747232, 0.185424], 
              [0.259225, 0.148524, 0.222325, 0.369926]
            ]
          }, {
            "db": 0,
            "id": "MA0037.4",
            "alt": "Gata3",
            "len": 12,
            "nsites": 24868,
            "pwm": [
              [0.253338, 0.1894, 0.255107, 0.302155], 
              [0.293228, 0.224626, 0.146011, 0.336134], 
              [0.0810687, 0.15518, 0.102582, 0.661169], 
              [0.0380417, 0.792261, 0.0870603, 0.082637], 
              [0.0319295, 0.0373179, 0.0112604, 0.919492], 
              [0.0395698, 0.0304818, 0.0386047, 0.891344], 
              [0.923835, 0.0227611, 0.021233, 0.0321707], 
              [0.0171716, 0.0113408, 0.0117027, 0.959785], 
              [0.0118234, 0.958619, 0.0102551, 0.0193028], 
              [0.124659, 0.0363126, 0.02445, 0.814579], 
              [0.209144, 0.263029, 0.269905, 0.257922], 
              [0.250764, 0.257158, 0.15896, 0.333119]
            ]
          }, {
            "db": 0,
            "id": "MA0050.3",
            "alt": "Irf1",
            "len": 15,
            "nsites": 15640,
            "pwm": [
              [0.514896, 0.134975, 0.140602, 0.209527], 
              [0.288427, 0.251343, 0.245524, 0.214706], 
              [0.238107, 0.0826098, 0.130116, 0.549167], 
              [0.106203, 0.0407302, 0.810866, 0.0422008], 
              [0.880559, 0.0230833, 0.0654743, 0.0308838], 
              [0.945967, 0.016178, 0.0164977, 0.021357], 
              [0.951274, 0.0112547, 0.0153468, 0.0221242], 
              [0.123978, 0.628003, 0.211957, 0.0360627], 
              [0.121484, 0.0596559, 0.0175207, 0.801339], 
              [0.0650268, 0.0200782, 0.895968, 0.0189273], 
              [0.904408, 0.0190552, 0.0495537, 0.0269835], 
              [0.922246, 0.0225718, 0.0319068, 0.0232751], 
              [0.906134, 0.023339, 0.0388121, 0.0317149], 
              [0.170077, 0.32289, 0.383567, 0.123466], 
              [0.22711, 0.261317, 0.122891, 0.388682]
            ]
          }, {
            "db": 0,
            "id": "MA0051.1",
            "alt": "IRF2",
            "len": 18,
            "nsites": 12,
            "pwm": [
              [0.00206612, 0.332645, 0.580579, 0.0847107], 
              [0.167355, 0.00206612, 0.828512, 0.00206612], 
              [0.993802, 0.00206612, 0.00206612, 0.00206612], 
              [0.911157, 0.00206612, 0.00206612, 0.0847107], 
              [0.993802, 0.00206612, 0.00206612, 0.00206612], 
              [0.167355, 0.00206612, 0.828512, 0.00206612], 
              [0.00206612, 0.497934, 0.00206612, 0.497934], 
              [0.00206612, 0.00206612, 0.993802, 0.00206612], 
              [0.993802, 0.00206612, 0.00206612, 0.00206612], 
              [0.993802, 0.00206612, 0.00206612, 0.00206612], 
              [0.993802, 0.00206612, 0.00206612, 0.00206612], 
              [0.00206612, 0.497934, 0.497934, 0.00206612], 
              [0.00206612, 0.580579, 0.167355, 0.25], 
              [0.415289, 0.167355, 0.25, 0.167355], 
              [0.497934, 0.00206612, 0.167355, 0.332645], 
              [0.497934, 0.0847107, 0.0847107, 0.332645], 
              [0.415289, 0.167355, 0.0847107, 0.332645], 
              [0.25, 0.497934, 0.0847107, 0.167355]
            ]
          }, {
            "db": 0,
            "id": "MA0062.3",
            "alt": "GABPA",
            "len": 14,
            "nsites": 65479,
            "pwm": [
              [0.242627, 0.258434, 0.243513, 0.255425], 
              [0.167703, 0.331083, 0.210006, 0.291208], 
              [0.116664, 0.632233, 0.106737, 0.144367], 
              [0.798118, 0.0609053, 0.0744211, 0.066556], 
              [0.0141881, 0.850104, 0.0331255, 0.102583], 
              [0.0593323, 0.0220379, 0.0147379, 0.903892], 
              [0.0131649, 0.018785, 0.0249396, 0.94311], 
              [0.0213507, 0.937292, 0.0175632, 0.0237942], 
              [0.0151655, 0.963774, 0.00794185, 0.0131191], 
              [0.0262989, 0.0235499, 0.0696562, 0.880495], 
              [0.0338891, 0.0966419, 0.792925, 0.0765439], 
              [0.0816142, 0.183357, 0.117901, 0.617129], 
              [0.181784, 0.277249, 0.230318, 0.310649], 
              [0.206509, 0.265459, 0.201393, 0.326639]
            ]
          }, {
            "db": 0,
            "id": "MA0069.1",
            "alt": "PAX6",
            "len": 14,
            "nsites": 43,
            "pwm": [
              [0.0469838, 0.0933875, 0.0933875, 0.766241], 
              [0.0469838, 0.0469838, 0.000580046, 0.905452], 
              [0.0933875, 0.603828, 0.0237819, 0.279002], 
              [0.905452, 0.0469838, 0.0237819, 0.0237819], 
              [0.0701856, 0.789443, 0.0237819, 0.116589], 
              [0.0237819, 0.000580046, 0.951856, 0.0237819], 
              [0.0237819, 0.859049, 0.0933875, 0.0237819], 
              [0.487819, 0.0469838, 0.0469838, 0.418213], 
              [0.0237819, 0.0933875, 0.0237819, 0.859049], 
              [0.0469838, 0.325406, 0.580626, 0.0469838], 
              [0.835847, 0.000580046, 0.139791, 0.0237819], 
              [0.2558, 0.2558, 0.302204, 0.186195], 
              [0.0237819, 0.116589, 0.0701856, 0.789443], 
              [0.0237819, 0.000580046, 0.395012, 0.580626]
            ]
          }, {
            "db": 0,
            "id": "MA0076.2",
            "alt": "ELK4",
            "len": 11,
            "nsites": 3427,
            "pwm": [
              [0.0869613, 0.42544, 0.258535, 0.229064], 
              [0.114098, 0.555871, 0.166329, 0.163703], 
              [0.593512, 0.0423171, 0.302887, 0.0612836], 
              [7.2948e-06, 0.784344, 0.00467597, 0.210973], 
              [0.00234163, 7.2948e-06, 7.2948e-06, 0.997644], 
              [7.2948e-06, 7.2948e-06, 7.2948e-06, 0.999978], 
              [7.2948e-06, 0.999978, 7.2948e-06, 7.2948e-06], 
              [7.2948e-06, 0.999978, 7.2948e-06, 7.2948e-06], 
              [7.2948e-06, 7.2948e-06, 0.850581, 0.149405], 
              [7.2948e-06, 0.146195, 0.829572, 0.024226], 
              [0.0846269, 0.365623, 0.194924, 0.354826]
            ]
          }, {
            "db": 0,
            "id": "MA0079.5",
            "alt": "SP1",
            "len": 9,
            "nsites": 999,
            "pwm": [
              [0.00102592, 0.00102592, 0.950881, 0.0470674], 
              [0.00102492, 0.00102492, 0.996925, 0.00102492], 
              [0.00102492, 0.00102492, 0.996925, 0.00102492], 
              [0.00102492, 0.00102492, 0.996925, 0.00102492], 
              [0.266998, 0.730952, 0.00102492, 0.00102492], 
              [0.00102492, 0.00102492, 0.996925, 0.00102492], 
              [0.00102592, 0.0851016, 0.912847, 0.00102592], 
              [0.254, 0.0520198, 0.658959, 0.0350215], 
              [0.16117, 0.00102592, 0.836778, 0.00102592]
            ]
          }, {
            "db": 0,
            "id": "MA0080.6",
            "alt": "Spi1",
            "len": 17,
            "nsites": 105198,
            "pwm": [
              [0.394485, 0.147037, 0.262961, 0.195517], 
              [0.35667, 0.141647, 0.348191, 0.153492], 
              [0.632436, 0.0652391, 0.216801, 0.0855246], 
              [0.782144, 0.0547351, 0.100896, 0.0622257], 
              [0.774358, 0.0221489, 0.0971503, 0.106342], 
              [0.082093, 0.115981, 0.760337, 0.0415884], 
              [0.855073, 0.0246585, 0.0915989, 0.02867], 
              [0.0387557, 0.00522847, 0.944504, 0.0115119], 
              [0.0192781, 0.00789962, 0.963734, 0.00908786], 
              [0.969714, 0.0104092, 0.010105, 0.00977228], 
              [0.94611, 0.00910687, 0.0173199, 0.0274627], 
              [0.072397, 0.0671783, 0.847354, 0.0130708], 
              [0.161572, 0.0353241, 0.0487464, 0.754358], 
              [0.0947928, 0.0577484, 0.792648, 0.0548111], 
              [0.22048, 0.11005, 0.548195, 0.121276], 
              [0.373828, 0.165716, 0.264957, 0.195498], 
              [0.355225, 0.162199, 0.249159, 0.233417]
            ]
          }, {
            "db": 0,
            "id": "MA0081.2",
            "alt": "SPIB",
            "len": 16,
            "nsites": 26930,
            "pwm": [
              [0.198552, 0.215262, 0.149499, 0.436687], 
              [0.173858, 0.307946, 0.168734, 0.349461], 
              [0.0809141, 0.23873, 0.118567, 0.561789], 
              [0.0140744, 0.89012, 0.0639071, 0.0318983], 
              [0.903043, 0.0229864, 0.024843, 0.0491281], 
              [0.00887576, 0.844038, 0.093428, 0.0536584], 
              [0.0167109, 0.00876436, 0.00583084, 0.968694], 
              [0.00705623, 0.00742756, 0.00902428, 0.976492], 
              [0.00765036, 0.970848, 0.00568231, 0.0158197], 
              [0.0102126, 0.9466, 0.00479111, 0.0383966], 
              [0.0321211, 0.167731, 0.0679175, 0.73223], 
              [0.0378768, 0.74686, 0.0860013, 0.129261], 
              [0.184293, 0.145637, 0.0290019, 0.641068], 
              [0.105385, 0.201448, 0.0774979, 0.615669], 
              [0.154438, 0.223877, 0.0894547, 0.532231], 
              [0.149499, 0.318938, 0.154661, 0.376903]
            ]
          }, {
            "db": 0,
            "id": "MA0098.3",
            "alt": "ETS1",
            "len": 10,
            "nsites": 3774,
            "pwm": [
              [0.710905, 0.055649, 0.169583, 0.0638629], 
              [0.0565733, 0.843165, 0.0933417, 0.00692033], 
              [0.13644, 0.8613, 0.00225375, 6.6241e-06], 
              [6.6241e-06, 0.00777269, 0.992214, 6.6241e-06], 
              [6.6241e-06, 6.6241e-06, 0.995528, 0.0044592], 
              [0.99998, 6.6241e-06, 6.6241e-06, 6.6241e-06], 
              [0.738699, 0.00248453, 0.00854164, 0.250275], 
              [0.405889, 0.00774123, 0.581943, 0.0044264], 
              [0.0307485, 0.245941, 0.042838, 0.680472], 
              [0.299291, 0.149462, 0.403649, 0.147599]
            ]
          }, {
            "db": 0,
            "id": "MA0111.1",
            "alt": "Spz1",
            "len": 11,
            "nsites": 12,
            "pwm": [
              [0.745868, 0.00206612, 0.25, 0.00206612], 
              [0.00206612, 0.167355, 0.745868, 0.0847107], 
              [0.167355, 0.00206612, 0.828512, 0.00206612], 
              [0.00206612, 0.00206612, 0.911157, 0.0847107], 
              [0.0847107, 0.00206612, 0.0847107, 0.828512], 
              [0.663223, 0.00206612, 0.00206612, 0.332645], 
              [0.497934, 0.00206612, 0.167355, 0.332645], 
              [0.0847107, 0.745868, 0.167355, 0.00206612], 
              [0.828512, 0.00206612, 0.167355, 0.00206612], 
              [0.00206612, 0.0847107, 0.745868, 0.167355], 
              [0.167355, 0.663223, 0.167355, 0.00206612]
            ]
          }, {
            "db": 0,
            "id": "MA0112.3",
            "alt": "ESR1",
            "len": 17,
            "nsites": 486,
            "pwm": [
              [0.477319, 0.133769, 0.207828, 0.181084], 
              [0.65464, 0.00982141, 0.335487, 5.14297e-05], 
              [5.14297e-05, 5.14297e-05, 0.948106, 0.0517912], 
              [0.00317579, 5.14297e-05, 0.996721, 5.14297e-05], 
              [5.14297e-05, 5.14297e-05, 0.00548509, 0.994412], 
              [0.00224878, 0.993254, 5.14297e-05, 0.00444613], 
              [0.939978, 5.14297e-05, 0.0599194, 5.14297e-05], 
              [0.206905, 0.647428, 0.101563, 0.0441037], 
              [0.168229, 0.295355, 0.45029, 0.0861264], 
              [0.379006, 0.141958, 0.458022, 0.0210149], 
              [5.14297e-05, 0.0431137, 0.0019237, 0.954911], 
              [0.00320535, 5.14297e-05, 0.996692, 5.14297e-05], 
              [0.99579, 0.00207941, 0.00207941, 5.14297e-05], 
              [5.14297e-05, 0.995518, 0.00437954, 5.14297e-05], 
              [0.0319598, 0.967937, 5.14297e-05, 5.14297e-05], 
              [5.14297e-05, 0.219331, 0.0107854, 0.769832], 
              [0.0678669, 0.131807, 0.405007, 0.395319]
            ]
          }, {
            "db": 0,
            "id": "MA0115.1",
            "alt": "NR1H2::RXRA",
            "len": 17,
            "nsites": 25,
            "pwm": [
              [0.678287, 0.200199, 0.000996016, 0.120518], 
              [0.678287, 0.0408367, 0.200199, 0.0806773], 
              [0.797809, 0.000996016, 0.200199, 0.000996016], 
              [0.000996016, 0.000996016, 0.997012, 0.000996016], 
              [0.000996016, 0.000996016, 0.957171, 0.0408367], 
              [0.000996016, 0.000996016, 0.000996016, 0.997012], 
              [0.000996016, 0.997012, 0.000996016, 0.000996016], 
              [0.997012, 0.000996016, 0.000996016, 0.000996016], 
              [0.957171, 0.000996016, 0.000996016, 0.0408367], 
              [0.997012, 0.000996016, 0.000996016, 0.000996016], 
              [0.000996016, 0.000996016, 0.997012, 0.000996016], 
              [0.000996016, 0.000996016, 0.997012, 0.000996016], 
              [0.000996016, 0.000996016, 0.000996016, 0.997012], 
              [0.000996016, 0.997012, 0.000996016, 0.000996016], 
              [0.997012, 0.000996016, 0.000996016, 0.000996016], 
              [0.797809, 0.0408367, 0.0806773, 0.0806773], 
              [0.000996016, 0.598606, 0.24004, 0.160359]
            ]
          }, {
            "db": 0,
            "id": "MA0146.2",
            "alt": "Zfx",
            "len": 14,
            "nsites": 477,
